GhofraniAtkinson2014Cascadia_CanadaSHM6-trial modified from OpenQuake implementation, distance is rrup. Log10 ground motion values in cgs units, PGV and Sa(T<0.1s) not valid
          10 31 26 : nmag, ndist, nperiod
          10.000 9.090 7.140 5.880 4.550 3.700 3.030 2.440 1.920 1.560 1.250 1.010 0.810 0.650 0.530 0.420 0.340 0.270 0.220 0.180 0.140 0.110 0.090 0.070 PGA PGV 
          0.538 0.538 0.575 0.611 0.642 0.662 0.685 0.702 0.713 0.682 0.652 0.632 0.648 0.682 0.729 0.785 0.833 0.852 0.852 0.861 0.892 0.909 0.906 0.874 0.795 0.550
7.000 1.000 0.435 0.511 0.754 0.919 1.122 1.314 1.515 1.743 1.971 2.088 2.183 2.243 2.360 2.477 2.588 2.694 2.732 2.719 2.682 2.642 2.597 2.514 2.403 2.289 2.145 1.139 
7.000 1.260 0.435 0.511 0.754 0.919 1.122 1.314 1.514 1.742 1.971 2.088 2.182 2.243 2.360 2.476 2.588 2.693 2.731 2.718 2.681 2.642 2.597 2.513 2.402 2.289 2.144 1.139 
7.000 1.580 0.435 0.511 0.754 0.919 1.122 1.314 1.514 1.742 1.971 2.088 2.182 2.242 2.359 2.475 2.587 2.692 2.730 2.717 2.681 2.641 2.596 2.512 2.401 2.288 2.143 1.139 
7.000 2.000 0.436 0.511 0.754 0.919 1.122 1.313 1.514 1.742 1.970 2.087 2.181 2.241 2.358 2.475 2.586 2.691 2.729 2.716 2.680 2.640 2.595 2.511 2.400 2.287 2.142 1.138 
7.000 2.510 0.436 0.511 0.753 0.918 1.122 1.313 1.514 1.741 1.970 2.086 2.180 2.240 2.357 2.473 2.585 2.690 2.728 2.715 2.678 2.638 2.593 2.510 2.399 2.285 2.141 1.138 
7.000 3.160 0.436 0.511 0.753 0.918 1.122 1.313 1.513 1.741 1.969 2.085 2.179 2.239 2.356 2.472 2.583 2.689 2.726 2.713 2.676 2.637 2.592 2.508 2.397 2.284 2.139 1.137 
7.000 3.980 0.436 0.510 0.753 0.918 1.121 1.312 1.513 1.740 1.968 2.084 2.178 2.237 2.354 2.470 2.581 2.686 2.724 2.711 2.674 2.634 2.589 2.505 2.395 2.281 2.137 1.136 
7.000 5.010 0.436 0.510 0.752 0.917 1.121 1.311 1.512 1.739 1.966 2.082 2.176 2.235 2.351 2.467 2.578 2.683 2.721 2.708 2.671 2.631 2.586 2.502 2.392 2.278 2.134 1.135 
7.000 6.310 0.435 0.509 0.751 0.916 1.120 1.310 1.510 1.737 1.964 2.080 2.173 2.232 2.348 2.464 2.575 2.680 2.717 2.704 2.667 2.627 2.582 2.498 2.388 2.274 2.131 1.133 
7.000 7.940 0.435 0.508 0.750 0.915 1.118 1.309 1.508 1.735 1.961 2.077 2.170 2.228 2.344 2.459 2.570 2.675 2.712 2.699 2.662 2.622 2.577 2.493 2.382 2.269 2.126 1.130 
7.000 10.000 0.433 0.505 0.748 0.913 1.116 1.306 1.505 1.731 1.957 2.072 2.165 2.223 2.338 2.453 2.563 2.668 2.705 2.692 2.655 2.615 2.570 2.486 2.375 2.262 2.119 1.127 
7.000 12.590 0.431 0.502 0.745 0.909 1.113 1.302 1.501 1.726 1.952 2.066 2.158 2.215 2.330 2.444 2.554 2.659 2.696 2.683 2.646 2.606 2.560 2.476 2.365 2.253 2.110 1.122 
7.000 15.850 0.426 0.497 0.739 0.904 1.107 1.296 1.494 1.719 1.944 2.057 2.148 2.205 2.318 2.432 2.542 2.646 2.683 2.670 2.633 2.593 2.547 2.463 2.352 2.240 2.097 1.114 
7.000 19.950 0.419 0.489 0.731 0.896 1.099 1.287 1.484 1.709 1.932 2.044 2.135 2.190 2.303 2.416 2.525 2.629 2.665 2.652 2.615 2.575 2.529 2.445 2.334 2.222 2.080 1.103 
7.000 25.120 0.408 0.476 0.719 0.884 1.086 1.273 1.470 1.693 1.915 2.026 2.116 2.170 2.281 2.394 2.502 2.605 2.641 2.628 2.590 2.550 2.504 2.420 2.309 2.197 2.057 1.087 
7.000 31.620 0.391 0.458 0.701 0.866 1.068 1.254 1.449 1.671 1.892 2.001 2.089 2.141 2.251 2.362 2.470 2.572 2.608 2.594 2.557 2.517 2.471 2.386 2.275 2.164 2.024 1.064 
7.000 39.810 0.367 0.432 0.675 0.840 1.041 1.226 1.420 1.641 1.859 1.966 2.052 2.103 2.210 2.320 2.426 2.528 2.563 2.549 2.512 2.472 2.425 2.339 2.229 2.119 1.980 1.033 
7.000 50.120 0.332 0.396 0.639 0.804 1.005 1.188 1.381 1.599 1.814 1.918 2.002 2.051 2.155 2.264 2.369 2.469 2.503 2.489 2.452 2.412 2.365 2.278 2.168 2.059 1.922 0.990 
7.000 63.100 0.287 0.350 0.592 0.757 0.958 1.138 1.329 1.544 1.756 1.857 1.938 1.983 2.085 2.191 2.294 2.393 2.427 2.412 2.375 2.335 2.287 2.200 2.090 1.981 1.847 0.934 
7.000 79.430 0.231 0.291 0.534 0.699 0.899 1.076 1.264 1.476 1.684 1.781 1.858 1.899 1.997 2.100 2.201 2.298 2.331 2.316 2.278 2.238 2.189 2.102 1.992 1.884 1.753 0.864 
7.000 100.000 0.164 0.223 0.465 0.630 0.829 1.002 1.187 1.396 1.597 1.689 1.762 1.798 1.891 1.990 2.089 2.184 2.214 2.200 2.161 2.121 2.071 1.983 1.873 1.767 1.639 0.781 
7.000 125.890 0.088 0.145 0.388 0.552 0.750 0.919 1.100 1.303 1.497 1.582 1.650 1.679 1.765 1.861 1.956 2.048 2.077 2.062 2.022 1.982 1.931 1.841 1.732 1.628 1.505 0.685 
7.000 158.490 0.005 0.060 0.303 0.468 0.664 0.827 1.002 1.199 1.385 1.461 1.522 1.543 1.621 1.711 1.802 1.890 1.917 1.901 1.861 1.821 1.768 1.677 1.568 1.467 1.349 0.578 
7.000 199.530 -0.083 -0.029 0.213 0.378 0.572 0.728 0.897 1.085 1.260 1.325 1.378 1.389 1.456 1.539 1.625 1.709 1.733 1.716 1.675 1.635 1.580 1.487 1.378 1.280 1.169 0.459 
7.000 251.190 -0.174 -0.123 0.120 0.285 0.476 0.622 0.783 0.961 1.122 1.174 1.216 1.214 1.269 1.343 1.421 1.500 1.520 1.502 1.460 1.420 1.363 1.267 1.158 1.065 0.963 0.330 
7.000 316.230 -0.268 -0.218 0.024 0.189 0.377 0.512 0.662 0.827 0.971 1.006 1.034 1.015 1.054 1.117 1.187 1.258 1.274 1.255 1.212 1.172 1.111 1.012 0.904 0.816 0.725 0.189 
7.000 398.110 -0.363 -0.315 -0.073 0.092 0.276 0.396 0.533 0.682 0.803 0.817 0.828 0.789 0.807 0.856 0.916 0.978 0.988 0.967 0.922 0.882 0.818 0.714 0.607 0.526 0.448 0.034 
7.000 501.190 -0.460 -0.414 -0.171 -0.006 0.173 0.274 0.395 0.523 0.616 0.603 0.592 0.528 0.520 0.552 0.598 0.649 0.651 0.629 0.582 0.542 0.472 0.363 0.257 0.184 0.124 -0.136 
7.000 630.960 -0.557 -0.512 -0.270 -0.105 0.067 0.145 0.245 0.347 0.406 0.359 0.321 0.224 0.184 0.193 0.223 0.259 0.253 0.227 0.178 0.138 0.062 -0.053 -0.158 -0.221 -0.259 -0.326 
7.000 794.330 -0.654 -0.612 -0.369 -0.204 -0.040 0.008 0.082 0.151 0.166 0.077 0.004 -0.133 -0.215 -0.233 -0.225 -0.206 -0.224 -0.253 -0.305 -0.345 -0.430 -0.553 -0.656 -0.706 -0.716 -0.539 
7.000 1000.000 -0.751 -0.711 -0.469 -0.304 -0.150 -0.139 -0.098 -0.069 -0.111 -0.253 -0.369 -0.558 -0.691 -0.744 -0.762 -0.766 -0.799 -0.831 -0.888 -0.928 -1.023 -1.156 -1.257 -1.291 -1.266 -0.783 
7.250 1.000 0.552 0.627 0.857 1.015 1.210 1.398 1.595 1.818 2.042 2.157 2.248 2.307 2.423 2.538 2.646 2.748 2.781 2.765 2.726 2.683 2.637 2.555 2.445 2.333 2.192 1.209 
7.250 1.260 0.552 0.627 0.857 1.015 1.210 1.398 1.594 1.818 2.042 2.156 2.247 2.307 2.423 2.537 2.646 2.747 2.780 2.764 2.726 2.683 2.637 2.555 2.445 2.333 2.192 1.209 
7.250 1.580 0.552 0.627 0.857 1.015 1.210 1.398 1.594 1.818 2.042 2.156 2.247 2.306 2.422 2.536 2.645 2.746 2.780 2.763 2.725 2.682 2.636 2.554 2.444 2.332 2.191 1.208 
7.250 2.000 0.552 0.627 0.857 1.014 1.210 1.397 1.594 1.817 2.041 2.155 2.246 2.305 2.421 2.535 2.644 2.745 2.778 2.762 2.724 2.681 2.635 2.553 2.443 2.331 2.190 1.208 
7.250 2.510 0.552 0.627 0.856 1.014 1.210 1.397 1.594 1.817 2.041 2.155 2.245 2.304 2.420 2.534 2.643 2.744 2.777 2.761 2.722 2.680 2.633 2.551 2.441 2.329 2.189 1.207 
7.250 3.160 0.552 0.627 0.856 1.014 1.209 1.397 1.593 1.816 2.040 2.154 2.244 2.303 2.419 2.533 2.641 2.742 2.775 2.759 2.721 2.678 2.632 2.550 2.439 2.328 2.187 1.207 
7.250 3.980 0.552 0.626 0.856 1.014 1.209 1.396 1.592 1.815 2.039 2.152 2.243 2.301 2.417 2.531 2.639 2.740 2.773 2.757 2.718 2.676 2.629 2.547 2.437 2.325 2.185 1.206 
7.250 5.010 0.552 0.626 0.855 1.013 1.208 1.395 1.591 1.814 2.038 2.151 2.241 2.299 2.414 2.528 2.636 2.737 2.770 2.754 2.715 2.673 2.626 2.544 2.434 2.322 2.182 1.205 
7.250 6.310 0.552 0.625 0.854 1.012 1.207 1.394 1.590 1.812 2.036 2.148 2.238 2.296 2.411 2.525 2.633 2.734 2.766 2.750 2.711 2.669 2.622 2.540 2.430 2.318 2.178 1.203 
7.250 7.940 0.551 0.624 0.853 1.011 1.206 1.393 1.588 1.810 2.033 2.145 2.235 2.292 2.407 2.520 2.628 2.728 2.761 2.745 2.706 2.663 2.617 2.535 2.425 2.313 2.173 1.200 
7.250 10.000 0.550 0.621 0.851 1.009 1.204 1.390 1.585 1.807 2.029 2.141 2.230 2.287 2.401 2.514 2.621 2.722 2.754 2.738 2.699 2.656 2.610 2.527 2.417 2.306 2.167 1.197 
7.250 12.590 0.547 0.618 0.847 1.005 1.200 1.386 1.581 1.802 2.023 2.134 2.223 2.279 2.393 2.505 2.613 2.712 2.745 2.728 2.690 2.647 2.600 2.518 2.408 2.297 2.158 1.191 
7.250 15.850 0.543 0.613 0.842 1.000 1.195 1.380 1.574 1.795 2.015 2.125 2.213 2.269 2.382 2.493 2.600 2.700 2.732 2.716 2.677 2.634 2.587 2.504 2.394 2.284 2.145 1.184 
7.250 19.950 0.536 0.605 0.834 0.992 1.186 1.371 1.564 1.784 2.003 2.113 2.200 2.254 2.366 2.477 2.583 2.683 2.714 2.698 2.659 2.616 2.569 2.486 2.376 2.266 2.128 1.173 
7.250 25.120 0.525 0.592 0.822 0.980 1.174 1.357 1.550 1.769 1.987 2.095 2.180 2.234 2.344 2.454 2.560 2.659 2.690 2.674 2.635 2.592 2.545 2.461 2.351 2.241 2.104 1.157 
7.250 31.620 0.508 0.574 0.804 0.961 1.155 1.338 1.529 1.747 1.963 2.069 2.154 2.205 2.314 2.423 2.528 2.626 2.657 2.640 2.601 2.558 2.511 2.427 2.317 2.208 2.072 1.134 
7.250 39.810 0.483 0.548 0.778 0.935 1.129 1.310 1.500 1.716 1.930 2.034 2.117 2.167 2.273 2.381 2.485 2.582 2.612 2.595 2.556 2.513 2.465 2.381 2.271 2.163 2.028 1.103 
7.250 50.120 0.449 0.512 0.742 0.900 1.093 1.272 1.460 1.674 1.885 1.987 2.067 2.115 2.219 2.325 2.427 2.523 2.553 2.535 2.496 2.453 2.405 2.320 2.211 2.103 1.970 1.060 
7.250 63.100 0.403 0.466 0.695 0.853 1.045 1.222 1.409 1.620 1.827 1.925 2.003 2.047 2.148 2.252 2.353 2.447 2.476 2.458 2.419 2.376 2.327 2.242 2.132 2.025 1.895 1.004 
7.250 79.430 0.347 0.408 0.637 0.795 0.986 1.160 1.344 1.552 1.755 1.849 1.923 1.963 2.060 2.161 2.260 2.352 2.380 2.362 2.322 2.279 2.229 2.143 2.034 1.928 1.801 0.934 
7.250 100.000 0.280 0.339 0.568 0.726 0.916 1.087 1.267 1.471 1.669 1.757 1.827 1.862 1.954 2.051 2.147 2.237 2.264 2.246 2.205 2.162 2.111 2.024 1.915 1.811 1.687 0.851 
7.250 125.890 0.204 0.261 0.491 0.648 0.837 1.003 1.180 1.378 1.569 1.650 1.715 1.743 1.828 1.922 2.014 2.102 2.126 2.108 2.066 2.024 1.971 1.883 1.774 1.672 1.553 0.755 
7.250 158.490 0.121 0.176 0.406 0.564 0.751 0.911 1.082 1.274 1.456 1.529 1.587 1.607 1.684 1.772 1.860 1.944 1.966 1.947 1.905 1.862 1.809 1.719 1.610 1.511 1.396 0.648 
7.250 199.530 0.033 0.087 0.316 0.474 0.659 0.812 0.976 1.160 1.331 1.394 1.443 1.453 1.519 1.600 1.683 1.762 1.782 1.762 1.719 1.676 1.620 1.528 1.420 1.324 1.217 0.529 
7.250 251.190 -0.058 -0.007 0.223 0.381 0.564 0.706 0.863 1.036 1.193 1.243 1.281 1.278 1.332 1.403 1.480 1.553 1.569 1.548 1.504 1.462 1.403 1.309 1.201 1.109 1.011 0.400 
7.250 316.230 -0.152 -0.102 0.127 0.285 0.465 0.596 0.742 0.902 1.042 1.074 1.099 1.080 1.117 1.178 1.246 1.312 1.323 1.301 1.256 1.213 1.151 1.054 0.947 0.860 0.772 0.259 
7.250 398.110 -0.247 -0.199 0.030 0.188 0.363 0.480 0.613 0.757 0.874 0.885 0.893 0.853 0.870 0.917 0.974 1.032 1.037 1.013 0.966 0.924 0.858 0.756 0.650 0.569 0.496 0.104 
7.250 501.190 -0.344 -0.298 -0.068 0.090 0.260 0.358 0.475 0.598 0.687 0.671 0.657 0.592 0.583 0.612 0.656 0.702 0.701 0.674 0.626 0.583 0.512 0.405 0.300 0.228 0.172 -0.066 
7.250 630.960 -0.441 -0.396 -0.167 -0.009 0.155 0.229 0.325 0.423 0.477 0.427 0.386 0.288 0.247 0.254 0.281 0.313 0.302 0.273 0.222 0.179 0.102 -0.012 -0.116 -0.177 -0.211 -0.256 
7.250 794.330 -0.538 -0.496 -0.266 -0.108 0.047 0.092 0.162 0.227 0.237 0.145 0.069 -0.069 -0.152 -0.172 -0.166 -0.152 -0.175 -0.207 -0.261 -0.304 -0.390 -0.511 -0.613 -0.662 -0.668 -0.469 
7.250 1000.000 -0.635 -0.595 -0.366 -0.208 -0.063 -0.054 -0.018 0.006 -0.039 -0.185 -0.304 -0.494 -0.627 -0.683 -0.704 -0.713 -0.749 -0.785 -0.844 -0.887 -0.983 -1.115 -1.215 -1.247 -1.218 -0.713 
7.500 1.000 0.669 0.743 0.960 1.110 1.297 1.482 1.674 1.893 2.114 2.225 2.313 2.371 2.486 2.599 2.705 2.802 2.830 2.811 2.770 2.725 2.677 2.597 2.488 2.377 2.240 1.279 
7.500 1.260 0.669 0.743 0.960 1.110 1.297 1.482 1.674 1.893 2.113 2.225 2.312 2.371 2.486 2.598 2.704 2.801 2.830 2.810 2.770 2.724 2.677 2.596 2.487 2.377 2.239 1.279 
7.500 1.580 0.669 0.743 0.960 1.110 1.297 1.482 1.674 1.893 2.113 2.224 2.312 2.370 2.485 2.597 2.703 2.800 2.829 2.809 2.769 2.723 2.676 2.596 2.486 2.376 2.239 1.278 
7.500 2.000 0.669 0.743 0.960 1.110 1.297 1.481 1.674 1.893 2.113 2.224 2.311 2.369 2.484 2.596 2.702 2.799 2.828 2.808 2.768 2.722 2.675 2.595 2.485 2.375 2.238 1.278 
7.500 2.510 0.669 0.743 0.959 1.110 1.297 1.481 1.674 1.892 2.112 2.223 2.310 2.368 2.483 2.595 2.701 2.798 2.826 2.807 2.766 2.721 2.674 2.593 2.484 2.373 2.236 1.277 
7.500 3.160 0.669 0.743 0.959 1.110 1.297 1.481 1.673 1.892 2.111 2.222 2.309 2.367 2.482 2.594 2.700 2.796 2.825 2.805 2.765 2.719 2.672 2.591 2.482 2.372 2.235 1.277 
7.500 3.980 0.669 0.742 0.959 1.110 1.296 1.480 1.672 1.891 2.110 2.221 2.308 2.365 2.480 2.592 2.698 2.794 2.822 2.803 2.762 2.717 2.669 2.589 2.480 2.369 2.233 1.276 
7.500 5.010 0.669 0.742 0.958 1.109 1.296 1.480 1.671 1.890 2.109 2.219 2.306 2.363 2.478 2.589 2.695 2.791 2.819 2.800 2.759 2.714 2.666 2.586 2.477 2.366 2.230 1.274 
7.500 6.310 0.669 0.741 0.957 1.108 1.295 1.478 1.670 1.888 2.107 2.217 2.303 2.360 2.474 2.586 2.691 2.787 2.816 2.796 2.755 2.710 2.662 2.582 2.473 2.362 2.226 1.273 
7.500 7.940 0.668 0.740 0.956 1.107 1.293 1.477 1.668 1.886 2.104 2.213 2.300 2.356 2.470 2.581 2.686 2.782 2.810 2.791 2.750 2.705 2.657 2.576 2.467 2.357 2.221 1.270 
7.500 10.000 0.666 0.737 0.954 1.105 1.291 1.474 1.665 1.882 2.100 2.209 2.295 2.351 2.464 2.575 2.680 2.776 2.804 2.784 2.743 2.698 2.650 2.569 2.460 2.350 2.214 1.267 
7.500 12.590 0.664 0.734 0.950 1.101 1.287 1.470 1.661 1.877 2.094 2.203 2.288 2.343 2.456 2.566 2.671 2.766 2.794 2.774 2.734 2.688 2.640 2.559 2.450 2.341 2.205 1.261 
7.500 15.850 0.659 0.729 0.945 1.096 1.282 1.464 1.654 1.870 2.086 2.194 2.278 2.333 2.445 2.554 2.659 2.754 2.781 2.762 2.721 2.675 2.627 2.546 2.437 2.328 2.193 1.254 
7.500 19.950 0.652 0.721 0.937 1.088 1.274 1.455 1.644 1.859 2.075 2.181 2.265 2.318 2.429 2.538 2.642 2.736 2.764 2.744 2.703 2.657 2.609 2.528 2.419 2.310 2.176 1.243 
7.500 25.120 0.641 0.708 0.925 1.075 1.261 1.441 1.630 1.844 2.058 2.163 2.245 2.298 2.407 2.515 2.618 2.713 2.739 2.720 2.679 2.633 2.585 2.503 2.394 2.285 2.152 1.227 
7.500 31.620 0.624 0.690 0.907 1.057 1.243 1.422 1.609 1.822 2.034 2.137 2.219 2.270 2.377 2.484 2.586 2.680 2.706 2.686 2.645 2.600 2.551 2.469 2.360 2.252 2.120 1.204 
7.500 39.810 0.599 0.664 0.881 1.031 1.216 1.394 1.580 1.791 2.001 2.102 2.182 2.231 2.336 2.442 2.543 2.635 2.661 2.641 2.600 2.554 2.505 2.423 2.314 2.207 2.076 1.172 
7.500 50.120 0.565 0.628 0.845 0.996 1.180 1.356 1.540 1.749 1.957 2.055 2.132 2.179 2.282 2.385 2.485 2.577 2.602 2.581 2.540 2.494 2.445 2.362 2.253 2.147 2.018 1.129 
7.500 63.100 0.520 0.582 0.798 0.949 1.133 1.306 1.489 1.695 1.899 1.994 2.068 2.111 2.211 2.313 2.411 2.501 2.525 2.504 2.463 2.417 2.367 2.283 2.175 2.069 1.942 1.074 
7.500 79.430 0.463 0.524 0.740 0.891 1.074 1.244 1.424 1.627 1.826 1.917 1.988 2.027 2.123 2.222 2.318 2.406 2.429 2.408 2.366 2.321 2.269 2.185 2.077 1.972 1.848 1.004 
7.500 100.000 0.396 0.455 0.671 0.822 1.004 1.171 1.347 1.546 1.740 1.825 1.892 1.926 2.017 2.112 2.205 2.291 2.313 2.292 2.249 2.203 2.151 2.066 1.958 1.855 1.735 0.921 
7.500 125.890 0.320 0.377 0.594 0.744 0.925 1.087 1.259 1.453 1.640 1.719 1.780 1.808 1.892 1.982 2.073 2.156 2.175 2.154 2.111 2.065 2.012 1.925 1.817 1.716 1.600 0.825 
7.500 158.490 0.237 0.292 0.509 0.660 0.839 0.995 1.162 1.350 1.527 1.598 1.652 1.671 1.747 1.833 1.918 1.998 2.016 1.993 1.949 1.904 1.849 1.760 1.653 1.555 1.444 0.718 
7.500 199.530 0.149 0.203 0.419 0.570 0.747 0.896 1.056 1.236 1.402 1.462 1.508 1.517 1.582 1.661 1.741 1.816 1.831 1.808 1.763 1.718 1.660 1.570 1.463 1.368 1.265 0.599 
7.500 251.190 0.058 0.110 0.326 0.477 0.651 0.790 0.943 1.112 1.265 1.311 1.346 1.342 1.395 1.464 1.538 1.607 1.618 1.594 1.548 1.503 1.443 1.350 1.243 1.153 1.058 0.470 
7.500 316.230 -0.036 0.014 0.230 0.381 0.552 0.680 0.822 0.978 1.113 1.142 1.164 1.144 1.180 1.239 1.304 1.366 1.373 1.347 1.300 1.254 1.191 1.095 0.989 0.904 0.820 0.329 
7.500 398.110 -0.131 -0.083 0.133 0.284 0.451 0.564 0.693 0.832 0.945 0.953 0.958 0.917 0.933 0.978 1.032 1.085 1.086 1.059 1.010 0.965 0.898 0.798 0.692 0.613 0.544 0.174 
7.500 501.190 -0.228 -0.182 0.035 0.186 0.347 0.442 0.554 0.673 0.759 0.740 0.722 0.656 0.646 0.673 0.714 0.756 0.750 0.720 0.670 0.624 0.552 0.447 0.342 0.272 0.220 0.004 
7.500 630.960 -0.324 -0.280 -0.064 0.087 0.242 0.313 0.405 0.498 0.548 0.496 0.451 0.352 0.310 0.315 0.339 0.367 0.351 0.319 0.266 0.221 0.142 0.030 -0.073 -0.133 -0.163 -0.186 
7.500 794.330 -0.422 -0.380 -0.163 -0.013 0.135 0.176 0.242 0.302 0.308 0.213 0.134 -0.005 -0.088 -0.111 -0.108 -0.098 -0.125 -0.161 -0.217 -0.263 -0.350 -0.470 -0.571 -0.618 -0.620 -0.400 
7.500 1000.000 -0.519 -0.479 -0.263 -0.112 0.025 0.030 0.062 0.081 0.032 -0.117 -0.239 -0.430 -0.564 -0.622 -0.646 -0.659 -0.700 -0.739 -0.800 -0.846 -0.943 -1.073 -1.172 -1.203 -1.170 -0.643 
7.750 1.000 0.786 0.859 1.063 1.206 1.385 1.566 1.754 1.969 2.185 2.293 2.378 2.435 2.549 2.659 2.763 2.855 2.879 2.857 2.814 2.766 2.718 2.639 2.530 2.421 2.288 1.349 
7.750 1.260 0.786 0.859 1.063 1.206 1.385 1.566 1.754 1.969 2.185 2.293 2.377 2.435 2.549 2.659 2.762 2.855 2.879 2.856 2.814 2.765 2.717 2.638 2.530 2.421 2.287 1.348 
7.750 1.580 0.786 0.859 1.063 1.206 1.385 1.566 1.754 1.968 2.184 2.292 2.377 2.434 2.548 2.658 2.762 2.854 2.878 2.855 2.813 2.764 2.716 2.637 2.529 2.420 2.286 1.348 
7.750 2.000 0.786 0.859 1.063 1.206 1.385 1.565 1.754 1.968 2.184 2.292 2.376 2.433 2.547 2.657 2.761 2.853 2.877 2.854 2.812 2.763 2.715 2.636 2.528 2.419 2.285 1.348 
7.750 2.510 0.786 0.859 1.062 1.206 1.384 1.565 1.753 1.967 2.183 2.291 2.375 2.432 2.546 2.656 2.759 2.852 2.876 2.853 2.810 2.762 2.714 2.635 2.526 2.417 2.284 1.347 
7.750 3.160 0.786 0.859 1.062 1.206 1.384 1.565 1.753 1.967 2.183 2.290 2.374 2.431 2.545 2.655 2.758 2.850 2.874 2.851 2.809 2.760 2.712 2.633 2.524 2.416 2.282 1.347 
7.750 3.980 0.786 0.858 1.062 1.205 1.384 1.564 1.752 1.966 2.181 2.289 2.373 2.429 2.543 2.653 2.756 2.848 2.872 2.849 2.806 2.758 2.710 2.631 2.522 2.413 2.280 1.346 
7.750 5.010 0.786 0.858 1.061 1.205 1.383 1.564 1.751 1.965 2.180 2.287 2.371 2.427 2.541 2.650 2.753 2.845 2.869 2.846 2.803 2.755 2.707 2.628 2.519 2.410 2.277 1.344 
7.750 6.310 0.785 0.857 1.060 1.204 1.382 1.562 1.750 1.963 2.178 2.285 2.368 2.424 2.537 2.646 2.749 2.841 2.865 2.842 2.800 2.751 2.703 2.624 2.515 2.406 2.274 1.343 
7.750 7.940 0.784 0.856 1.059 1.203 1.381 1.561 1.748 1.961 2.175 2.282 2.365 2.420 2.533 2.642 2.745 2.836 2.860 2.837 2.794 2.746 2.697 2.618 2.510 2.401 2.269 1.340 
7.750 10.000 0.783 0.853 1.057 1.200 1.378 1.558 1.745 1.957 2.171 2.277 2.360 2.415 2.527 2.635 2.738 2.829 2.853 2.830 2.787 2.739 2.690 2.611 2.502 2.394 2.262 1.336 
7.750 12.590 0.780 0.850 1.053 1.197 1.375 1.554 1.741 1.953 2.166 2.271 2.353 2.407 2.519 2.627 2.729 2.820 2.843 2.820 2.778 2.729 2.680 2.601 2.493 2.385 2.253 1.331 
7.750 15.850 0.776 0.845 1.048 1.192 1.369 1.548 1.734 1.945 2.158 2.262 2.343 2.397 2.508 2.615 2.717 2.808 2.831 2.808 2.765 2.716 2.667 2.588 2.479 2.372 2.241 1.324 
7.750 19.950 0.769 0.837 1.040 1.184 1.361 1.539 1.724 1.935 2.146 2.249 2.330 2.382 2.492 2.599 2.700 2.790 2.813 2.790 2.747 2.699 2.649 2.570 2.461 2.354 2.223 1.313 
7.750 25.120 0.757 0.824 1.028 1.171 1.349 1.525 1.710 1.919 2.129 2.231 2.310 2.362 2.470 2.576 2.677 2.766 2.789 2.766 2.723 2.674 2.625 2.545 2.436 2.329 2.200 1.297 
7.750 31.620 0.740 0.806 1.010 1.153 1.330 1.506 1.689 1.897 2.105 2.206 2.284 2.334 2.440 2.545 2.645 2.734 2.756 2.732 2.689 2.641 2.591 2.511 2.402 2.296 2.167 1.274 
7.750 39.810 0.716 0.780 0.984 1.127 1.304 1.478 1.660 1.867 2.072 2.170 2.247 2.295 2.399 2.503 2.601 2.689 2.711 2.687 2.644 2.596 2.545 2.465 2.356 2.251 2.124 1.242 
7.750 50.120 0.681 0.745 0.948 1.091 1.267 1.440 1.620 1.825 2.028 2.123 2.197 2.243 2.345 2.446 2.544 2.631 2.651 2.627 2.584 2.536 2.485 2.404 2.296 2.190 2.065 1.199 
7.750 63.100 0.636 0.698 0.901 1.045 1.220 1.390 1.568 1.770 1.970 2.062 2.133 2.175 2.274 2.374 2.469 2.555 2.574 2.550 2.507 2.458 2.407 2.325 2.217 2.113 1.990 1.144 
7.750 79.430 0.579 0.640 0.843 0.987 1.161 1.328 1.504 1.703 1.898 1.985 2.053 2.091 2.186 2.283 2.376 2.460 2.478 2.454 2.410 2.362 2.310 2.227 2.119 2.016 1.896 1.074 
7.750 100.000 0.512 0.571 0.774 0.918 1.091 1.255 1.427 1.622 1.811 1.894 1.957 1.990 2.080 2.173 2.264 2.345 2.362 2.338 2.293 2.245 2.191 2.108 2.000 1.899 1.782 0.991 
7.750 125.890 0.436 0.493 0.697 0.840 1.012 1.171 1.339 1.529 1.711 1.787 1.845 1.872 1.955 2.043 2.131 2.209 2.225 2.200 2.155 2.106 2.052 1.967 1.859 1.760 1.648 0.895 
7.750 158.490 0.353 0.409 0.612 0.755 0.926 1.079 1.242 1.425 1.599 1.666 1.717 1.735 1.810 1.894 1.977 2.052 2.065 2.039 1.993 1.945 1.889 1.802 1.695 1.599 1.492 0.788 
7.750 199.530 0.265 0.319 0.522 0.666 0.834 0.980 1.136 1.311 1.474 1.530 1.573 1.581 1.645 1.722 1.800 1.870 1.880 1.854 1.807 1.759 1.701 1.612 1.505 1.412 1.312 0.669 
7.750 251.190 0.174 0.226 0.429 0.573 0.738 0.875 1.023 1.187 1.336 1.379 1.411 1.406 1.458 1.525 1.596 1.661 1.668 1.640 1.593 1.544 1.483 1.392 1.286 1.197 1.106 0.540 
7.750 316.230 0.080 0.130 0.333 0.477 0.640 0.764 0.902 1.053 1.184 1.211 1.229 1.208 1.243 1.299 1.362 1.420 1.422 1.393 1.344 1.296 1.232 1.137 1.032 0.948 0.868 0.398 
7.750 398.110 -0.015 0.033 0.236 0.380 0.538 0.648 0.773 0.908 1.017 1.022 1.023 0.981 0.996 1.039 1.091 1.139 1.135 1.105 1.054 1.006 0.938 0.839 0.735 0.657 0.591 0.244 
7.750 501.190 -0.111 -0.065 0.138 0.281 0.435 0.526 0.634 0.749 0.830 0.808 0.787 0.720 0.709 0.734 0.773 0.810 0.799 0.766 0.714 0.666 0.592 0.489 0.385 0.316 0.267 0.074 
7.750 630.960 -0.208 -0.164 0.039 0.183 0.330 0.397 0.485 0.573 0.619 0.564 0.516 0.416 0.373 0.376 0.397 0.421 0.401 0.365 0.310 0.262 0.182 0.072 -0.031 -0.089 -0.116 -0.116 
7.750 794.330 -0.306 -0.264 -0.060 0.083 0.222 0.260 0.322 0.378 0.380 0.282 0.199 0.059 -0.025 -0.050 -0.050 -0.045 -0.076 -0.115 -0.173 -0.221 -0.309 -0.428 -0.528 -0.574 -0.573 -0.330 
7.750 1000.000 -0.403 -0.363 -0.160 -0.016 0.112 0.114 0.142 0.157 0.103 -0.048 -0.174 -0.366 -0.501 -0.561 -0.587 -0.605 -0.651 -0.693 -0.756 -0.804 -0.903 -1.031 -1.130 -1.159 -1.123 -0.573 
8.000 1.000 0.903 0.975 1.166 1.302 1.472 1.650 1.834 2.044 2.256 2.361 2.442 2.499 2.612 2.720 2.821 2.909 2.929 2.903 2.858 2.807 2.758 2.681 2.573 2.465 2.335 1.419 
8.000 1.260 0.903 0.975 1.166 1.302 1.472 1.650 1.834 2.044 2.256 2.361 2.442 2.499 2.612 2.720 2.821 2.909 2.928 2.902 2.858 2.807 2.757 2.680 2.572 2.465 2.335 1.418 
8.000 1.580 0.903 0.975 1.166 1.302 1.472 1.650 1.834 2.044 2.256 2.361 2.442 2.498 2.611 2.719 2.820 2.908 2.927 2.901 2.857 2.806 2.756 2.679 2.571 2.464 2.334 1.418 
8.000 2.000 0.903 0.975 1.166 1.302 1.472 1.650 1.834 2.043 2.255 2.360 2.441 2.497 2.610 2.718 2.819 2.907 2.926 2.900 2.856 2.805 2.755 2.678 2.570 2.463 2.333 1.418 
8.000 2.510 0.903 0.975 1.165 1.302 1.472 1.649 1.833 2.043 2.255 2.359 2.440 2.496 2.609 2.717 2.818 2.906 2.925 2.899 2.855 2.803 2.754 2.677 2.569 2.461 2.332 1.417 
8.000 3.160 0.903 0.975 1.165 1.302 1.472 1.649 1.833 2.042 2.254 2.358 2.439 2.495 2.608 2.715 2.816 2.904 2.923 2.897 2.853 2.802 2.752 2.675 2.567 2.460 2.330 1.416 
8.000 3.980 0.903 0.975 1.165 1.301 1.471 1.648 1.832 2.041 2.253 2.357 2.438 2.494 2.606 2.713 2.814 2.902 2.921 2.895 2.851 2.799 2.750 2.672 2.565 2.457 2.328 1.416 
8.000 5.010 0.902 0.974 1.164 1.301 1.471 1.648 1.831 2.040 2.251 2.355 2.436 2.491 2.604 2.711 2.811 2.899 2.918 2.892 2.848 2.796 2.747 2.669 2.562 2.454 2.325 1.414 
8.000 6.310 0.902 0.973 1.163 1.300 1.470 1.646 1.830 2.039 2.249 2.353 2.433 2.488 2.600 2.707 2.808 2.895 2.914 2.888 2.844 2.792 2.743 2.665 2.558 2.450 2.321 1.412 
8.000 7.940 0.901 0.972 1.162 1.299 1.468 1.645 1.828 2.036 2.247 2.350 2.430 2.484 2.596 2.703 2.803 2.890 2.909 2.883 2.838 2.787 2.737 2.660 2.552 2.445 2.316 1.410 
8.000 10.000 0.900 0.970 1.160 1.296 1.466 1.642 1.825 2.033 2.243 2.345 2.425 2.479 2.590 2.696 2.796 2.883 2.902 2.876 2.831 2.780 2.730 2.653 2.545 2.438 2.310 1.406 
8.000 12.590 0.897 0.966 1.156 1.293 1.462 1.638 1.820 2.028 2.237 2.339 2.418 2.472 2.582 2.688 2.787 2.874 2.893 2.866 2.822 2.771 2.721 2.643 2.535 2.429 2.301 1.401 
8.000 15.850 0.892 0.961 1.151 1.288 1.457 1.632 1.814 2.021 2.229 2.330 2.408 2.461 2.571 2.676 2.775 2.861 2.880 2.854 2.809 2.758 2.707 2.630 2.522 2.416 2.288 1.394 
8.000 19.950 0.885 0.953 1.143 1.280 1.449 1.623 1.804 2.010 2.217 2.317 2.395 2.446 2.555 2.660 2.758 2.844 2.862 2.836 2.791 2.740 2.689 2.611 2.504 2.398 2.271 1.383 
8.000 25.120 0.874 0.940 1.131 1.267 1.436 1.609 1.790 1.995 2.200 2.299 2.375 2.426 2.533 2.637 2.735 2.820 2.838 2.812 2.767 2.715 2.665 2.586 2.479 2.373 2.248 1.367 
8.000 31.620 0.857 0.922 1.113 1.249 1.417 1.590 1.769 1.973 2.177 2.274 2.349 2.398 2.503 2.606 2.703 2.788 2.805 2.778 2.733 2.682 2.631 2.552 2.445 2.340 2.215 1.344 
8.000 39.810 0.832 0.896 1.087 1.223 1.391 1.562 1.740 1.942 2.144 2.239 2.312 2.359 2.462 2.563 2.659 2.743 2.760 2.733 2.688 2.637 2.585 2.506 2.399 2.295 2.171 1.312 
8.000 50.120 0.798 0.861 1.051 1.187 1.355 1.524 1.700 1.900 2.099 2.191 2.262 2.307 2.408 2.507 2.602 2.684 2.700 2.673 2.628 2.577 2.525 2.445 2.338 2.234 2.113 1.269 
8.000 63.100 0.752 0.814 1.004 1.141 1.307 1.474 1.648 1.846 2.041 2.130 2.198 2.239 2.337 2.434 2.527 2.609 2.624 2.596 2.551 2.500 2.447 2.367 2.260 2.157 2.038 1.213 
8.000 79.430 0.696 0.756 0.946 1.082 1.248 1.412 1.584 1.778 1.969 2.054 2.118 2.155 2.249 2.344 2.434 2.514 2.528 2.500 2.454 2.403 2.350 2.269 2.162 2.060 1.944 1.144 
8.000 100.000 0.628 0.687 0.877 1.014 1.179 1.339 1.507 1.697 1.883 1.962 2.022 2.054 2.143 2.234 2.322 2.399 2.411 2.383 2.337 2.286 2.232 2.149 2.043 1.943 1.830 1.061 
8.000 125.890 0.552 0.609 0.799 0.936 1.100 1.255 1.419 1.604 1.783 1.855 1.910 1.936 2.018 2.104 2.189 2.263 2.274 2.245 2.199 2.147 2.092 2.008 1.902 1.804 1.696 0.965 
8.000 158.490 0.469 0.525 0.715 0.851 1.013 1.163 1.322 1.500 1.670 1.734 1.782 1.799 1.873 1.954 2.035 2.106 2.114 2.085 2.037 1.986 1.929 1.844 1.738 1.643 1.540 0.857 
8.000 199.530 0.381 0.435 0.625 0.762 0.922 1.064 1.216 1.386 1.545 1.598 1.638 1.645 1.709 1.783 1.858 1.924 1.930 1.900 1.851 1.800 1.741 1.654 1.548 1.456 1.360 0.739 
8.000 251.190 0.290 0.342 0.532 0.668 0.826 0.959 1.103 1.263 1.407 1.447 1.476 1.470 1.521 1.586 1.655 1.715 1.717 1.686 1.637 1.585 1.523 1.434 1.328 1.241 1.154 0.610 
8.000 316.230 0.196 0.246 0.436 0.573 0.727 0.848 0.982 1.129 1.256 1.279 1.294 1.272 1.306 1.360 1.420 1.474 1.471 1.439 1.388 1.337 1.272 1.179 1.074 0.992 0.916 0.468 
8.000 398.110 0.101 0.149 0.339 0.476 0.626 0.732 0.853 0.983 1.088 1.090 1.088 1.045 1.059 1.099 1.149 1.193 1.185 1.151 1.099 1.047 0.978 0.881 0.777 0.701 0.639 0.314 
8.000 501.190 0.005 0.051 0.241 0.377 0.522 0.610 0.714 0.824 0.901 0.876 0.852 0.784 0.772 0.795 0.831 0.864 0.848 0.812 0.758 0.707 0.632 0.530 0.427 0.360 0.315 0.143 
8.000 630.960 -0.092 -0.048 0.142 0.278 0.417 0.481 0.565 0.649 0.691 0.632 0.581 0.480 0.436 0.437 0.456 0.474 0.450 0.411 0.354 0.303 0.222 0.113 0.012 -0.045 -0.068 -0.046 
8.000 794.330 -0.190 -0.148 0.043 0.179 0.309 0.344 0.402 0.453 0.451 0.350 0.264 0.123 0.038 0.011 0.008 0.009 -0.027 -0.069 -0.129 -0.180 -0.269 -0.386 -0.486 -0.530 -0.525 -0.260 
8.000 1000.000 -0.287 -0.247 -0.057 0.080 0.200 0.198 0.222 0.232 0.175 0.020 -0.109 -0.302 -0.438 -0.500 -0.529 -0.551 -0.602 -0.648 -0.712 -0.763 -0.862 -0.990 -1.087 -1.115 -1.075 -0.503 
8.250 1.000 1.019 1.091 1.269 1.398 1.560 1.734 1.914 2.119 2.328 2.430 2.507 2.563 2.675 2.781 2.880 2.963 2.978 2.949 2.902 2.848 2.798 2.722 2.615 2.509 2.383 1.488 
8.250 1.260 1.019 1.091 1.269 1.398 1.560 1.734 1.914 2.119 2.327 2.429 2.507 2.563 2.675 2.781 2.879 2.963 2.977 2.948 2.902 2.848 2.797 2.722 2.615 2.509 2.382 1.488 
8.250 1.580 1.020 1.091 1.269 1.398 1.559 1.734 1.914 2.119 2.327 2.429 2.507 2.562 2.674 2.780 2.878 2.962 2.977 2.947 2.901 2.847 2.796 2.721 2.614 2.508 2.382 1.488 
8.250 2.000 1.020 1.091 1.269 1.398 1.559 1.734 1.914 2.119 2.326 2.428 2.506 2.561 2.673 2.779 2.877 2.961 2.975 2.946 2.900 2.846 2.795 2.720 2.613 2.507 2.381 1.488 
8.250 2.510 1.020 1.091 1.268 1.398 1.559 1.733 1.913 2.118 2.326 2.428 2.505 2.560 2.672 2.778 2.876 2.959 2.974 2.945 2.899 2.845 2.794 2.718 2.611 2.505 2.379 1.487 
8.250 3.160 1.020 1.091 1.268 1.398 1.559 1.733 1.913 2.118 2.325 2.427 2.504 2.559 2.671 2.776 2.874 2.958 2.972 2.943 2.897 2.843 2.792 2.716 2.609 2.504 2.378 1.486 
8.250 3.980 1.019 1.091 1.268 1.397 1.559 1.732 1.912 2.117 2.324 2.425 2.503 2.558 2.669 2.774 2.872 2.956 2.970 2.941 2.895 2.841 2.790 2.714 2.607 2.501 2.376 1.485 
8.250 5.010 1.019 1.090 1.267 1.397 1.558 1.732 1.911 2.116 2.323 2.424 2.501 2.555 2.667 2.772 2.870 2.953 2.967 2.938 2.892 2.838 2.787 2.711 2.604 2.498 2.373 1.484 
8.250 6.310 1.019 1.089 1.266 1.396 1.557 1.730 1.910 2.114 2.321 2.421 2.498 2.552 2.663 2.768 2.866 2.949 2.963 2.934 2.888 2.834 2.783 2.707 2.600 2.494 2.369 1.482 
8.250 7.940 1.018 1.088 1.265 1.394 1.556 1.729 1.908 2.112 2.318 2.418 2.495 2.548 2.659 2.764 2.861 2.944 2.958 2.929 2.882 2.828 2.777 2.702 2.595 2.489 2.364 1.480 
8.250 10.000 1.016 1.086 1.263 1.392 1.553 1.726 1.905 2.108 2.314 2.414 2.490 2.543 2.653 2.757 2.855 2.937 2.951 2.922 2.875 2.821 2.770 2.694 2.587 2.482 2.357 1.476 
8.250 12.590 1.013 1.082 1.259 1.389 1.550 1.722 1.900 2.103 2.308 2.407 2.483 2.536 2.645 2.749 2.846 2.928 2.942 2.912 2.866 2.812 2.761 2.685 2.578 2.473 2.348 1.471 
8.250 15.850 1.009 1.077 1.254 1.384 1.544 1.716 1.894 2.096 2.300 2.398 2.473 2.525 2.634 2.737 2.833 2.915 2.929 2.900 2.853 2.799 2.748 2.671 2.564 2.460 2.336 1.463 
8.250 19.950 1.001 1.069 1.246 1.375 1.536 1.707 1.884 2.086 2.288 2.386 2.460 2.510 2.618 2.721 2.817 2.898 2.911 2.882 2.835 2.781 2.730 2.653 2.546 2.442 2.319 1.452 
8.250 25.120 0.990 1.056 1.234 1.363 1.523 1.693 1.870 2.070 2.272 2.368 2.440 2.490 2.596 2.698 2.793 2.874 2.887 2.857 2.811 2.757 2.705 2.628 2.521 2.417 2.295 1.436 
8.250 31.620 0.973 1.038 1.216 1.345 1.505 1.674 1.849 2.048 2.248 2.342 2.414 2.462 2.566 2.667 2.761 2.841 2.854 2.824 2.777 2.723 2.671 2.594 2.487 2.384 2.263 1.414 
8.250 39.810 0.948 1.012 1.190 1.319 1.479 1.646 1.820 2.017 2.215 2.307 2.377 2.423 2.525 2.624 2.718 2.797 2.809 2.779 2.732 2.678 2.625 2.548 2.441 2.338 2.219 1.382 
8.250 50.120 0.914 0.977 1.154 1.283 1.442 1.608 1.780 1.976 2.170 2.260 2.327 2.371 2.471 2.568 2.660 2.738 2.750 2.719 2.672 2.618 2.565 2.487 2.381 2.278 2.161 1.339 
8.250 63.100 0.868 0.930 1.107 1.236 1.395 1.558 1.728 1.921 2.112 2.198 2.263 2.303 2.400 2.495 2.586 2.662 2.673 2.642 2.595 2.541 2.487 2.409 2.302 2.201 2.085 1.283 
8.250 79.430 0.812 0.872 1.049 1.178 1.336 1.496 1.664 1.853 2.040 2.122 2.183 2.219 2.312 2.404 2.493 2.568 2.577 2.546 2.498 2.444 2.390 2.310 2.204 2.104 1.991 1.214 
8.250 100.000 0.745 0.803 0.980 1.110 1.266 1.423 1.587 1.772 1.954 2.030 2.087 2.118 2.206 2.295 2.380 2.453 2.461 2.429 2.381 2.327 2.272 2.191 2.085 1.987 1.878 1.131 
8.250 125.890 0.668 0.725 0.902 1.032 1.187 1.339 1.499 1.680 1.854 1.923 1.975 2.000 2.081 2.165 2.247 2.317 2.323 2.291 2.243 2.189 2.132 2.050 1.944 1.848 1.743 1.035 
8.250 158.490 0.586 0.641 0.818 0.947 1.101 1.247 1.402 1.576 1.741 1.802 1.847 1.863 1.936 2.015 2.093 2.159 2.163 2.131 2.082 2.027 1.969 1.886 1.780 1.687 1.587 0.927 
8.250 199.530 0.498 0.551 0.728 0.858 1.009 1.148 1.296 1.462 1.616 1.667 1.703 1.709 1.772 1.843 1.916 1.978 1.979 1.946 1.895 1.841 1.781 1.695 1.590 1.500 1.408 0.809 
8.250 251.190 0.406 0.458 0.635 0.764 0.913 1.043 1.183 1.338 1.479 1.516 1.541 1.534 1.584 1.647 1.713 1.769 1.766 1.732 1.681 1.627 1.564 1.476 1.371 1.285 1.201 0.679 
8.250 316.230 0.312 0.362 0.539 0.669 0.814 0.932 1.062 1.204 1.327 1.347 1.359 1.336 1.369 1.421 1.479 1.528 1.520 1.485 1.432 1.378 1.312 1.221 1.117 1.036 0.963 0.538 
8.250 398.110 0.217 0.265 0.442 0.571 0.713 0.816 0.933 1.058 1.159 1.158 1.153 1.109 1.122 1.160 1.207 1.247 1.234 1.197 1.143 1.089 1.018 0.923 0.820 0.745 0.687 0.384 
8.250 501.190 0.121 0.167 0.344 0.473 0.610 0.694 0.794 0.899 0.972 0.944 0.917 0.848 0.835 0.856 0.889 0.918 0.898 0.858 0.802 0.748 0.672 0.572 0.470 0.404 0.363 0.213 
8.250 630.960 0.024 0.068 0.245 0.374 0.504 0.565 0.645 0.724 0.762 0.700 0.646 0.544 0.499 0.497 0.514 0.528 0.499 0.457 0.398 0.344 0.262 0.155 0.054 -0.001 -0.020 0.024 
8.250 794.330 -0.074 -0.032 0.146 0.275 0.397 0.428 0.482 0.528 0.522 0.418 0.329 0.187 0.101 0.071 0.067 0.063 0.022 -0.023 -0.085 -0.139 -0.229 -0.344 -0.443 -0.486 -0.477 -0.190 
8.250 1000.000 -0.171 -0.131 0.046 0.176 0.287 0.282 0.302 0.307 0.246 0.088 -0.044 -0.238 -0.375 -0.439 -0.471 -0.497 -0.552 -0.602 -0.668 -0.722 -0.822 -0.948 -1.045 -1.071 -1.027 -0.433 
8.500 1.000 1.136 1.207 1.372 1.494 1.647 1.818 1.994 2.195 2.399 2.498 2.572 2.627 2.739 2.842 2.938 3.017 3.027 2.995 2.947 2.890 2.838 2.764 2.658 2.553 2.431 1.558 
8.500 1.260 1.136 1.207 1.372 1.494 1.647 1.818 1.994 2.195 2.399 2.498 2.572 2.627 2.738 2.841 2.937 3.016 3.027 2.994 2.946 2.889 2.837 2.763 2.657 2.553 2.430 1.558 
8.500 1.580 1.136 1.207 1.372 1.494 1.647 1.818 1.994 2.194 2.398 2.497 2.572 2.626 2.737 2.841 2.937 3.016 3.026 2.993 2.945 2.888 2.836 2.763 2.656 2.552 2.429 1.558 
8.500 2.000 1.136 1.207 1.371 1.494 1.647 1.818 1.994 2.194 2.398 2.497 2.571 2.625 2.737 2.840 2.936 3.015 3.025 2.992 2.944 2.887 2.835 2.761 2.655 2.551 2.428 1.557 
8.500 2.510 1.136 1.207 1.371 1.494 1.647 1.817 1.993 2.194 2.397 2.496 2.570 2.624 2.735 2.839 2.934 3.013 3.023 2.991 2.943 2.886 2.834 2.760 2.654 2.549 2.427 1.557 
8.500 3.160 1.136 1.207 1.371 1.493 1.646 1.817 1.993 2.193 2.396 2.495 2.569 2.623 2.734 2.837 2.933 3.012 3.022 2.989 2.941 2.884 2.832 2.758 2.652 2.548 2.425 1.556 
8.500 3.980 1.136 1.207 1.371 1.493 1.646 1.816 1.992 2.192 2.395 2.494 2.568 2.622 2.732 2.835 2.931 3.009 3.019 2.987 2.939 2.882 2.830 2.756 2.650 2.545 2.423 1.555 
8.500 5.010 1.136 1.206 1.370 1.493 1.645 1.816 1.991 2.191 2.394 2.492 2.566 2.619 2.730 2.833 2.928 3.007 3.016 2.984 2.936 2.879 2.827 2.753 2.647 2.542 2.421 1.554 
8.500 6.310 1.135 1.205 1.369 1.492 1.644 1.814 1.990 2.189 2.392 2.490 2.563 2.616 2.726 2.829 2.924 3.003 3.013 2.980 2.932 2.875 2.823 2.749 2.643 2.538 2.417 1.552 
8.500 7.940 1.134 1.204 1.368 1.490 1.643 1.813 1.988 2.187 2.389 2.486 2.559 2.612 2.722 2.824 2.919 2.998 3.007 2.975 2.927 2.870 2.818 2.743 2.637 2.533 2.412 1.550 
8.500 10.000 1.133 1.202 1.366 1.488 1.641 1.810 1.985 2.184 2.385 2.482 2.555 2.607 2.716 2.818 2.913 2.991 3.001 2.968 2.920 2.863 2.810 2.736 2.630 2.526 2.405 1.546 
8.500 12.590 1.130 1.198 1.362 1.485 1.637 1.806 1.980 2.179 2.380 2.476 2.548 2.600 2.708 2.810 2.904 2.982 2.991 2.958 2.910 2.853 2.801 2.726 2.620 2.517 2.396 1.541 
8.500 15.850 1.125 1.193 1.357 1.479 1.632 1.800 1.974 2.171 2.371 2.467 2.538 2.589 2.697 2.798 2.892 2.969 2.978 2.945 2.897 2.840 2.788 2.713 2.607 2.504 2.384 1.533 
8.500 19.950 1.118 1.185 1.349 1.471 1.623 1.791 1.964 2.161 2.360 2.454 2.525 2.575 2.681 2.781 2.875 2.952 2.961 2.928 2.879 2.822 2.770 2.695 2.589 2.486 2.367 1.522 
8.500 25.120 1.107 1.172 1.337 1.459 1.611 1.777 1.950 2.146 2.343 2.436 2.505 2.554 2.659 2.759 2.851 2.928 2.936 2.903 2.855 2.798 2.745 2.670 2.564 2.461 2.343 1.506 
8.500 31.620 1.089 1.154 1.318 1.441 1.592 1.758 1.929 2.124 2.319 2.410 2.479 2.526 2.629 2.728 2.819 2.895 2.903 2.870 2.821 2.765 2.711 2.636 2.530 2.428 2.311 1.484 
8.500 39.810 1.065 1.128 1.293 1.415 1.566 1.730 1.900 2.093 2.286 2.375 2.442 2.487 2.588 2.685 2.776 2.851 2.858 2.825 2.776 2.719 2.666 2.590 2.484 2.382 2.267 1.452 
8.500 50.120 1.030 1.093 1.257 1.379 1.530 1.692 1.860 2.051 2.242 2.328 2.392 2.435 2.534 2.629 2.718 2.792 2.799 2.765 2.716 2.659 2.605 2.529 2.423 2.322 2.208 1.409 
8.500 63.100 0.985 1.046 1.210 1.332 1.482 1.642 1.808 1.997 2.184 2.267 2.328 2.367 2.463 2.556 2.644 2.716 2.722 2.688 2.639 2.582 2.527 2.450 2.345 2.245 2.133 1.353 
8.500 79.430 0.928 0.988 1.152 1.274 1.423 1.580 1.744 1.929 2.112 2.190 2.248 2.283 2.375 2.465 2.551 2.621 2.626 2.592 2.542 2.486 2.430 2.352 2.247 2.148 2.039 1.284 
8.500 100.000 0.861 0.919 1.083 1.205 1.354 1.507 1.667 1.848 2.025 2.098 2.152 2.182 2.269 2.355 2.438 2.507 2.510 2.475 2.425 2.368 2.312 2.233 2.128 2.031 1.925 1.200 
8.500 125.890 0.785 0.841 1.005 1.128 1.275 1.423 1.579 1.755 1.925 1.992 2.040 2.064 2.144 2.226 2.306 2.371 2.372 2.337 2.287 2.230 2.172 2.092 1.987 1.892 1.791 1.105 
8.500 158.490 0.702 0.757 0.921 1.043 1.188 1.331 1.482 1.651 1.812 1.871 1.912 1.927 1.999 2.076 2.152 2.213 2.213 2.177 2.126 2.069 2.009 1.927 1.823 1.731 1.635 0.997 
8.500 199.530 0.614 0.667 0.831 0.953 1.097 1.232 1.376 1.537 1.687 1.735 1.768 1.773 1.835 1.904 1.974 2.032 2.028 1.992 1.939 1.883 1.821 1.737 1.633 1.544 1.455 0.879 
8.500 251.190 0.522 0.574 0.738 0.860 1.001 1.127 1.263 1.413 1.550 1.584 1.606 1.598 1.647 1.708 1.771 1.823 1.815 1.778 1.725 1.668 1.604 1.517 1.413 1.329 1.249 0.749 
8.500 316.230 0.428 0.478 0.642 0.765 0.902 1.016 1.142 1.279 1.398 1.415 1.424 1.400 1.432 1.482 1.537 1.581 1.570 1.531 1.476 1.419 1.352 1.262 1.159 1.080 1.011 0.608 
8.500 398.110 0.333 0.381 0.545 0.667 0.801 0.900 1.013 1.134 1.231 1.226 1.218 1.173 1.185 1.221 1.265 1.301 1.283 1.243 1.187 1.130 1.058 0.964 0.862 0.789 0.734 0.454 
8.500 501.190 0.237 0.283 0.447 0.569 0.697 0.778 0.874 0.975 1.044 1.013 0.982 0.912 0.898 0.917 0.948 0.972 0.947 0.904 0.846 0.789 0.713 0.614 0.512 0.448 0.410 0.283 
8.500 630.960 0.140 0.184 0.348 0.470 0.592 0.649 0.725 0.799 0.833 0.769 0.711 0.608 0.562 0.558 0.572 0.582 0.548 0.503 0.442 0.386 0.302 0.197 0.097 0.043 0.027 0.094 
8.500 794.330 0.042 0.084 0.249 0.371 0.484 0.512 0.562 0.604 0.593 0.486 0.394 0.251 0.164 0.132 0.125 0.117 0.072 0.023 -0.041 -0.098 -0.189 -0.303 -0.401 -0.442 -0.430 -0.120 
8.500 1000.000 -0.055 -0.015 0.149 0.271 0.375 0.366 0.382 0.383 0.317 0.156 0.021 -0.174 -0.312 -0.379 -0.413 -0.443 -0.503 -0.556 -0.624 -0.681 -0.782 -0.906 -1.002 -1.027 -0.980 -0.364 
8.750 1.000 1.253 1.323 1.475 1.590 1.734 1.902 2.074 2.270 2.470 2.566 2.637 2.691 2.802 2.903 2.996 3.071 3.076 3.041 2.991 2.931 2.878 2.806 2.700 2.597 2.478 1.628 
8.750 1.260 1.253 1.323 1.475 1.590 1.734 1.902 2.074 2.270 2.470 2.566 2.637 2.691 2.801 2.902 2.996 3.070 3.076 3.040 2.990 2.930 2.877 2.805 2.700 2.597 2.478 1.628 
8.750 1.580 1.253 1.323 1.475 1.590 1.734 1.902 2.074 2.270 2.469 2.565 2.637 2.690 2.800 2.902 2.995 3.069 3.075 3.039 2.989 2.929 2.877 2.804 2.699 2.596 2.477 1.628 
8.750 2.000 1.253 1.323 1.474 1.590 1.734 1.902 2.073 2.269 2.469 2.565 2.636 2.689 2.800 2.901 2.994 3.068 3.074 3.038 2.988 2.928 2.875 2.803 2.698 2.595 2.476 1.627 
8.750 2.510 1.253 1.323 1.474 1.590 1.734 1.901 2.073 2.269 2.468 2.564 2.635 2.688 2.799 2.900 2.993 3.067 3.073 3.037 2.987 2.927 2.874 2.802 2.696 2.593 2.475 1.627 
8.750 3.160 1.253 1.323 1.474 1.589 1.734 1.901 2.073 2.268 2.468 2.563 2.634 2.687 2.797 2.898 2.991 3.065 3.071 3.035 2.985 2.925 2.872 2.800 2.694 2.592 2.473 1.626 
8.750 3.980 1.253 1.323 1.474 1.589 1.733 1.900 2.072 2.268 2.467 2.562 2.633 2.686 2.795 2.896 2.989 3.063 3.069 3.033 2.983 2.923 2.870 2.798 2.692 2.589 2.471 1.625 
8.750 5.010 1.253 1.322 1.473 1.588 1.733 1.900 2.071 2.266 2.465 2.560 2.631 2.683 2.793 2.893 2.986 3.060 3.066 3.030 2.980 2.920 2.867 2.794 2.689 2.586 2.468 1.624 
8.750 6.310 1.252 1.321 1.472 1.588 1.732 1.898 2.070 2.265 2.463 2.558 2.628 2.680 2.790 2.890 2.982 3.057 3.062 3.026 2.976 2.916 2.863 2.790 2.685 2.582 2.465 1.622 
8.750 7.940 1.251 1.320 1.471 1.586 1.730 1.897 2.068 2.262 2.460 2.555 2.624 2.677 2.785 2.885 2.978 3.052 3.057 3.021 2.971 2.911 2.858 2.785 2.680 2.577 2.460 1.620 
8.750 10.000 1.249 1.318 1.469 1.584 1.728 1.894 2.065 2.259 2.456 2.550 2.620 2.671 2.779 2.879 2.971 3.045 3.050 3.014 2.964 2.904 2.851 2.778 2.672 2.570 2.453 1.616 
8.750 12.590 1.247 1.314 1.465 1.581 1.725 1.890 2.060 2.254 2.451 2.544 2.613 2.664 2.771 2.870 2.962 3.036 3.040 3.004 2.954 2.894 2.841 2.768 2.663 2.561 2.444 1.611 
8.750 15.850 1.242 1.309 1.460 1.575 1.719 1.884 2.054 2.247 2.443 2.535 2.603 2.653 2.760 2.859 2.950 3.023 3.028 2.991 2.941 2.881 2.828 2.755 2.649 2.548 2.431 1.603 
8.750 19.950 1.235 1.301 1.452 1.567 1.711 1.875 2.044 2.236 2.431 2.522 2.589 2.639 2.744 2.842 2.933 3.006 3.010 2.974 2.923 2.864 2.810 2.737 2.631 2.530 2.414 1.592 
8.750 25.120 1.223 1.288 1.440 1.555 1.698 1.861 2.030 2.221 2.414 2.504 2.570 2.618 2.722 2.820 2.910 2.982 2.986 2.949 2.899 2.839 2.785 2.712 2.606 2.505 2.391 1.576 
8.750 31.620 1.206 1.270 1.421 1.537 1.680 1.842 2.009 2.199 2.391 2.479 2.544 2.590 2.692 2.788 2.878 2.949 2.953 2.916 2.866 2.806 2.751 2.678 2.572 2.472 2.358 1.554 
8.750 39.810 1.181 1.244 1.395 1.511 1.653 1.814 1.980 2.168 2.358 2.443 2.507 2.551 2.651 2.746 2.834 2.905 2.908 2.871 2.820 2.761 2.706 2.632 2.526 2.426 2.314 1.522 
8.750 50.120 1.146 1.209 1.360 1.475 1.617 1.776 1.940 2.126 2.313 2.396 2.457 2.499 2.597 2.690 2.777 2.846 2.848 2.811 2.760 2.701 2.645 2.571 2.466 2.366 2.256 1.479 
8.750 63.100 1.101 1.162 1.313 1.428 1.570 1.726 1.888 2.072 2.255 2.335 2.393 2.431 2.526 2.617 2.702 2.770 2.771 2.734 2.683 2.623 2.567 2.492 2.387 2.289 2.181 1.423 
8.750 79.430 1.044 1.104 1.255 1.370 1.511 1.664 1.824 2.004 2.183 2.258 2.313 2.347 2.438 2.526 2.609 2.675 2.675 2.638 2.587 2.527 2.470 2.394 2.289 2.192 2.087 1.353 
8.750 100.000 0.977 1.035 1.186 1.301 1.441 1.591 1.747 1.923 2.096 2.167 2.217 2.246 2.332 2.416 2.497 2.561 2.559 2.521 2.469 2.410 2.352 2.275 2.170 2.075 1.973 1.270 
8.750 125.890 0.901 0.957 1.108 1.224 1.362 1.507 1.659 1.830 1.996 2.060 2.105 2.128 2.207 2.287 2.364 2.425 2.422 2.383 2.331 2.271 2.212 2.134 2.029 1.936 1.839 1.174 
8.750 158.490 0.818 0.873 1.024 1.139 1.276 1.415 1.562 1.726 1.884 1.939 1.977 1.991 2.063 2.137 2.210 2.267 2.262 2.223 2.170 2.110 2.049 1.969 1.865 1.775 1.683 1.067 
8.750 199.530 0.730 0.783 0.934 1.049 1.184 1.316 1.456 1.612 1.759 1.803 1.833 1.837 1.898 1.965 2.033 2.086 2.077 2.037 1.984 1.924 1.861 1.779 1.675 1.588 1.503 0.949 
8.750 251.190 0.638 0.690 0.841 0.956 1.088 1.211 1.343 1.489 1.621 1.652 1.671 1.662 1.710 1.769 1.829 1.877 1.865 1.824 1.769 1.709 1.644 1.559 1.456 1.373 1.297 0.819 
8.750 316.230 0.545 0.594 0.745 0.860 0.989 1.100 1.222 1.355 1.469 1.484 1.489 1.464 1.495 1.543 1.595 1.635 1.619 1.577 1.520 1.461 1.392 1.304 1.202 1.124 1.059 0.678 
8.750 398.110 0.449 0.497 0.648 0.763 0.888 0.984 1.093 1.209 1.302 1.295 1.283 1.237 1.248 1.282 1.324 1.355 1.332 1.289 1.231 1.171 1.098 1.006 0.905 0.833 0.782 0.523 
8.750 501.190 0.353 0.399 0.550 0.665 0.785 0.862 0.954 1.050 1.115 1.081 1.047 0.976 0.961 0.978 1.006 1.026 0.996 0.950 0.890 0.831 0.753 0.655 0.555 0.492 0.458 0.353 
8.750 630.960 0.256 0.300 0.451 0.566 0.679 0.733 0.805 0.875 0.905 0.837 0.776 0.672 0.625 0.619 0.631 0.636 0.598 0.549 0.487 0.427 0.342 0.239 0.139 0.087 0.075 0.163 
8.750 794.330 0.158 0.200 0.352 0.467 0.572 0.597 0.642 0.679 0.665 0.555 0.459 0.315 0.227 0.193 0.183 0.171 0.121 0.069 0.003 -0.056 -0.149 -0.261 -0.358 -0.398 -0.382 -0.050 
8.750 1000.000 0.061 0.101 0.252 0.367 0.462 0.450 0.462 0.458 0.388 0.225 0.086 -0.110 -0.249 -0.318 -0.354 -0.389 -0.454 -0.510 -0.580 -0.639 -0.742 -0.864 -0.960 -0.983 -0.932 -0.294 
9.000 1.000 1.370 1.440 1.578 1.686 1.822 1.986 2.154 2.346 2.541 2.634 2.702 2.755 2.865 2.964 3.054 3.125 3.126 3.087 3.035 2.972 2.918 2.847 2.743 2.641 2.526 1.698 
9.000 1.260 1.370 1.439 1.578 1.686 1.822 1.986 2.154 2.345 2.541 2.634 2.702 2.755 2.864 2.963 3.054 3.124 3.125 3.086 3.034 2.972 2.917 2.847 2.742 2.641 2.526 1.698 
9.000 1.580 1.370 1.439 1.578 1.686 1.822 1.986 2.154 2.345 2.541 2.634 2.702 2.754 2.863 2.962 3.053 3.123 3.124 3.085 3.033 2.971 2.917 2.846 2.741 2.640 2.525 1.698 
9.000 2.000 1.370 1.439 1.577 1.686 1.822 1.986 2.153 2.345 2.540 2.633 2.701 2.753 2.863 2.962 3.052 3.122 3.123 3.084 3.032 2.970 2.916 2.845 2.740 2.639 2.524 1.697 
9.000 2.510 1.370 1.439 1.577 1.685 1.821 1.985 2.153 2.344 2.540 2.632 2.700 2.753 2.862 2.960 3.051 3.121 3.122 3.083 3.031 2.968 2.914 2.843 2.739 2.637 2.523 1.697 
9.000 3.160 1.370 1.439 1.577 1.685 1.821 1.985 2.153 2.344 2.539 2.631 2.699 2.751 2.860 2.959 3.049 3.119 3.120 3.081 3.029 2.967 2.912 2.842 2.737 2.636 2.521 1.696 
9.000 3.980 1.370 1.439 1.577 1.685 1.821 1.984 2.152 2.343 2.538 2.630 2.698 2.750 2.858 2.957 3.047 3.117 3.118 3.079 3.027 2.964 2.910 2.839 2.735 2.633 2.519 1.695 
9.000 5.010 1.370 1.438 1.576 1.684 1.820 1.984 2.151 2.342 2.536 2.628 2.696 2.747 2.856 2.954 3.044 3.114 3.115 3.076 3.024 2.961 2.907 2.836 2.732 2.630 2.516 1.694 
9.000 6.310 1.369 1.437 1.575 1.683 1.819 1.982 2.150 2.340 2.534 2.626 2.693 2.745 2.853 2.951 3.041 3.110 3.111 3.072 3.020 2.957 2.903 2.832 2.728 2.626 2.512 1.692 
9.000 7.940 1.368 1.436 1.574 1.682 1.818 1.981 2.148 2.338 2.532 2.623 2.689 2.741 2.848 2.946 3.036 3.105 3.106 3.067 3.015 2.952 2.898 2.827 2.722 2.621 2.507 1.689 
9.000 10.000 1.366 1.434 1.572 1.680 1.816 1.978 2.145 2.334 2.528 2.618 2.685 2.735 2.842 2.940 3.029 3.099 3.099 3.060 3.008 2.945 2.891 2.820 2.715 2.614 2.501 1.686 
9.000 12.590 1.363 1.430 1.568 1.676 1.812 1.974 2.140 2.329 2.522 2.612 2.678 2.728 2.834 2.931 3.020 3.089 3.090 3.050 2.998 2.936 2.881 2.810 2.705 2.605 2.491 1.681 
9.000 15.850 1.359 1.425 1.563 1.671 1.807 1.968 2.134 2.322 2.514 2.603 2.668 2.717 2.823 2.919 3.008 3.077 3.077 3.037 2.985 2.923 2.868 2.797 2.692 2.592 2.479 1.673 
9.000 19.950 1.351 1.417 1.555 1.663 1.798 1.959 2.124 2.312 2.502 2.590 2.654 2.703 2.807 2.903 2.991 3.060 3.059 3.020 2.967 2.905 2.850 2.778 2.674 2.574 2.462 1.662 
9.000 25.120 1.340 1.405 1.543 1.651 1.786 1.945 2.110 2.296 2.486 2.572 2.635 2.682 2.785 2.881 2.968 3.036 3.035 2.995 2.943 2.880 2.825 2.753 2.649 2.549 2.438 1.646 
9.000 31.620 1.322 1.386 1.524 1.633 1.767 1.926 2.089 2.274 2.462 2.547 2.608 2.654 2.755 2.849 2.936 3.003 3.002 2.962 2.910 2.847 2.791 2.719 2.615 2.516 2.406 1.623 
9.000 39.810 1.297 1.360 1.498 1.607 1.741 1.898 2.060 2.244 2.429 2.512 2.572 2.615 2.714 2.807 2.893 2.959 2.957 2.917 2.864 2.802 2.746 2.673 2.569 2.470 2.362 1.592 
9.000 50.120 1.263 1.325 1.463 1.571 1.705 1.860 2.020 2.202 2.384 2.464 2.522 2.563 2.660 2.751 2.835 2.900 2.897 2.857 2.804 2.742 2.685 2.612 2.508 2.410 2.304 1.549 
9.000 63.100 1.217 1.278 1.416 1.524 1.657 1.810 1.968 2.147 2.326 2.403 2.458 2.495 2.589 2.678 2.760 2.824 2.821 2.780 2.727 2.665 2.607 2.534 2.430 2.333 2.229 1.493 
9.000 79.430 1.160 1.220 1.358 1.466 1.598 1.748 1.904 2.079 2.254 2.327 2.378 2.411 2.501 2.587 2.668 2.729 2.725 2.684 2.631 2.568 2.510 2.436 2.332 2.236 2.135 1.423 
9.000 100.000 1.093 1.151 1.289 1.397 1.528 1.675 1.827 1.999 2.168 2.235 2.282 2.310 2.395 2.477 2.555 2.614 2.608 2.567 2.514 2.451 2.392 2.316 2.213 2.119 2.021 1.340 
9.000 125.890 1.017 1.073 1.211 1.319 1.449 1.591 1.739 1.906 2.068 2.128 2.170 2.192 2.270 2.348 2.422 2.479 2.471 2.429 2.375 2.312 2.252 2.175 2.072 1.980 1.886 1.244 
9.000 158.490 0.934 0.989 1.127 1.235 1.363 1.499 1.642 1.802 1.955 2.007 2.042 2.056 2.126 2.198 2.268 2.321 2.311 2.269 2.214 2.151 2.089 2.011 1.908 1.819 1.730 1.137 
9.000 199.530 0.846 0.899 1.037 1.145 1.271 1.400 1.536 1.688 1.830 1.871 1.898 1.901 1.961 2.026 2.091 2.139 2.127 2.083 2.028 1.965 1.901 1.821 1.718 1.632 1.551 1.018 
9.000 251.190 0.754 0.806 0.944 1.052 1.176 1.295 1.423 1.564 1.692 1.720 1.736 1.726 1.773 1.830 1.888 1.930 1.914 1.870 1.813 1.750 1.684 1.601 1.498 1.417 1.344 0.889 
9.000 316.230 0.661 0.710 0.848 0.956 1.077 1.184 1.302 1.430 1.541 1.552 1.554 1.528 1.558 1.604 1.654 1.689 1.668 1.623 1.564 1.502 1.432 1.346 1.244 1.168 1.106 0.748 
9.000 398.110 0.565 0.613 0.751 0.859 0.975 1.068 1.172 1.285 1.373 1.363 1.348 1.301 1.311 1.343 1.382 1.409 1.382 1.335 1.275 1.212 1.138 1.048 0.947 0.877 0.830 0.593 
9.000 501.190 0.469 0.515 0.653 0.761 0.872 0.946 1.034 1.126 1.186 1.149 1.112 1.040 1.024 1.039 1.064 1.079 1.045 0.996 0.934 0.872 0.793 0.697 0.597 0.536 0.506 0.423 
9.000 630.960 0.372 0.416 0.554 0.662 0.767 0.817 0.885 0.950 0.976 0.905 0.841 0.736 0.688 0.680 0.689 0.690 0.647 0.595 0.531 0.468 0.382 0.280 0.182 0.131 0.123 0.233 
9.000 794.330 0.275 0.316 0.455 0.563 0.659 0.681 0.722 0.754 0.736 0.623 0.524 0.379 0.290 0.254 0.242 0.225 0.170 0.115 0.047 -0.015 -0.109 -0.219 -0.316 -0.354 -0.334 0.020 
9.000 1000.000 0.177 0.217 0.355 0.463 0.549 0.534 0.542 0.534 0.460 0.293 0.151 -0.046 -0.186 -0.257 -0.296 -0.336 -0.405 -0.464 -0.535 -0.598 -0.702 -0.823 -0.917 -0.939 -0.884 -0.224 
9.250 1.000 1.487 1.556 1.681 1.782 1.909 2.070 2.234 2.421 2.613 2.703 2.767 2.819 2.928 3.025 3.113 3.179 3.175 3.133 3.079 3.013 2.958 2.889 2.785 2.685 2.574 1.768 
9.250 1.260 1.487 1.556 1.681 1.782 1.909 2.070 2.234 2.421 2.612 2.702 2.767 2.819 2.927 3.024 3.112 3.178 3.174 3.132 3.078 3.013 2.958 2.889 2.785 2.684 2.573 1.768 
9.250 1.580 1.487 1.555 1.680 1.782 1.909 2.070 2.234 2.421 2.612 2.702 2.766 2.818 2.927 3.023 3.111 3.177 3.174 3.131 3.077 3.012 2.957 2.888 2.784 2.684 2.572 1.767 
9.250 2.000 1.487 1.555 1.680 1.781 1.909 2.070 2.233 2.420 2.612 2.701 2.766 2.817 2.926 3.022 3.110 3.176 3.172 3.130 3.076 3.011 2.956 2.887 2.783 2.683 2.572 1.767 
9.250 2.510 1.487 1.555 1.680 1.781 1.909 2.069 2.233 2.420 2.611 2.701 2.765 2.817 2.925 3.021 3.109 3.175 3.171 3.129 3.075 3.010 2.954 2.885 2.781 2.681 2.570 1.766 
9.250 3.160 1.487 1.555 1.680 1.781 1.909 2.069 2.233 2.419 2.610 2.700 2.764 2.815 2.923 3.020 3.108 3.173 3.169 3.127 3.073 3.008 2.952 2.883 2.779 2.679 2.569 1.766 
9.250 3.980 1.487 1.555 1.680 1.781 1.908 2.068 2.232 2.418 2.609 2.698 2.763 2.814 2.921 3.018 3.105 3.171 3.167 3.125 3.071 3.006 2.950 2.881 2.777 2.677 2.566 1.765 
9.250 5.010 1.486 1.554 1.679 1.780 1.908 2.068 2.231 2.417 2.608 2.697 2.761 2.811 2.919 3.015 3.103 3.168 3.164 3.122 3.068 3.003 2.947 2.878 2.774 2.674 2.564 1.764 
9.250 6.310 1.486 1.553 1.678 1.779 1.907 2.067 2.230 2.415 2.606 2.694 2.758 2.809 2.916 3.012 3.099 3.164 3.160 3.118 3.064 2.999 2.943 2.874 2.770 2.670 2.560 1.762 
9.250 7.940 1.485 1.552 1.677 1.778 1.905 2.065 2.227 2.413 2.603 2.691 2.754 2.805 2.911 3.007 3.094 3.159 3.155 3.113 3.059 2.993 2.938 2.868 2.765 2.665 2.555 1.759 
9.250 10.000 1.483 1.550 1.675 1.776 1.903 2.062 2.225 2.410 2.599 2.687 2.750 2.799 2.905 3.001 3.088 3.152 3.148 3.106 3.052 2.986 2.931 2.861 2.757 2.658 2.548 1.756 
9.250 12.590 1.480 1.546 1.671 1.772 1.899 2.058 2.220 2.405 2.593 2.680 2.743 2.792 2.897 2.992 3.079 3.143 3.139 3.096 3.042 2.977 2.921 2.852 2.748 2.648 2.539 1.750 
9.250 15.850 1.475 1.541 1.666 1.767 1.894 2.052 2.214 2.398 2.585 2.671 2.733 2.781 2.886 2.980 3.066 3.131 3.126 3.083 3.029 2.964 2.908 2.838 2.734 2.636 2.527 1.743 
9.250 19.950 1.468 1.533 1.658 1.759 1.886 2.043 2.204 2.387 2.574 2.659 2.719 2.767 2.870 2.964 3.050 3.113 3.108 3.066 3.012 2.946 2.890 2.820 2.716 2.618 2.510 1.732 
9.250 25.120 1.456 1.521 1.646 1.747 1.873 2.029 2.189 2.372 2.557 2.641 2.700 2.746 2.849 2.941 3.026 3.090 3.084 3.041 2.987 2.922 2.865 2.795 2.691 2.593 2.486 1.716 
9.250 31.620 1.439 1.502 1.627 1.728 1.855 2.010 2.169 2.350 2.533 2.615 2.673 2.718 2.818 2.910 2.994 3.057 3.051 3.008 2.954 2.888 2.832 2.761 2.657 2.560 2.454 1.693 
9.250 39.810 1.414 1.476 1.601 1.702 1.828 1.982 2.140 2.319 2.500 2.580 2.637 2.679 2.778 2.868 2.951 3.012 3.006 2.963 2.908 2.843 2.786 2.715 2.611 2.514 2.410 1.662 
9.250 50.120 1.379 1.441 1.566 1.667 1.792 1.944 2.100 2.277 2.455 2.533 2.587 2.627 2.723 2.812 2.893 2.954 2.947 2.903 2.848 2.783 2.725 2.654 2.551 2.454 2.351 1.619 
9.250 63.100 1.334 1.394 1.519 1.620 1.745 1.894 2.048 2.223 2.398 2.471 2.523 2.559 2.652 2.739 2.819 2.878 2.870 2.826 2.771 2.706 2.648 2.575 2.472 2.377 2.276 1.563 
9.250 79.430 1.277 1.336 1.461 1.562 1.686 1.832 1.983 2.155 2.325 2.395 2.443 2.476 2.564 2.648 2.726 2.783 2.774 2.730 2.675 2.609 2.550 2.477 2.374 2.280 2.182 1.493 
9.250 100.000 1.209 1.267 1.392 1.493 1.616 1.759 1.907 2.074 2.239 2.303 2.347 2.374 2.458 2.538 2.613 2.668 2.658 2.613 2.558 2.492 2.432 2.358 2.255 2.163 2.068 1.410 
9.250 125.890 1.133 1.189 1.314 1.415 1.537 1.675 1.819 1.981 2.139 2.196 2.235 2.256 2.333 2.409 2.480 2.533 2.520 2.475 2.419 2.354 2.292 2.217 2.114 2.024 1.934 1.314 
9.250 158.490 1.050 1.105 1.230 1.331 1.451 1.583 1.722 1.877 2.026 2.075 2.107 2.120 2.189 2.259 2.326 2.375 2.360 2.315 2.258 2.192 2.129 2.052 1.950 1.863 1.778 1.207 
9.250 199.530 0.962 1.015 1.140 1.241 1.359 1.484 1.616 1.763 1.901 1.940 1.963 1.965 2.024 2.087 2.149 2.193 2.176 2.129 2.072 2.006 1.941 1.862 1.760 1.676 1.599 1.088 
9.250 251.190 0.871 0.922 1.047 1.148 1.263 1.379 1.502 1.639 1.764 1.789 1.801 1.790 1.836 1.890 1.946 1.984 1.963 1.916 1.857 1.792 1.724 1.642 1.541 1.461 1.392 0.959 
9.250 316.230 0.777 0.826 0.951 1.052 1.164 1.268 1.381 1.505 1.612 1.620 1.619 1.592 1.621 1.665 1.712 1.743 1.717 1.669 1.609 1.543 1.472 1.387 1.287 1.212 1.154 0.818 
9.250 398.110 0.681 0.729 0.854 0.955 1.063 1.152 1.252 1.360 1.444 1.431 1.413 1.365 1.374 1.404 1.440 1.462 1.431 1.381 1.319 1.254 1.178 1.090 0.990 0.921 0.878 0.663 
9.250 501.190 0.585 0.631 0.756 0.857 0.959 1.030 1.114 1.201 1.258 1.217 1.177 1.104 1.087 1.099 1.122 1.133 1.095 1.042 0.978 0.913 0.833 0.739 0.640 0.580 0.554 0.493 
9.250 630.960 0.488 0.532 0.657 0.758 0.854 0.901 0.964 1.026 1.047 0.973 0.906 0.800 0.751 0.741 0.747 0.744 0.696 0.641 0.575 0.509 0.423 0.322 0.224 0.175 0.171 0.303 
9.250 794.330 0.391 0.433 0.558 0.659 0.747 0.765 0.801 0.830 0.807 0.691 0.589 0.443 0.353 0.315 0.300 0.278 0.219 0.161 0.091 0.026 -0.069 -0.177 -0.273 -0.310 -0.287 0.090 
9.250 1000.000 0.293 0.333 0.458 0.559 0.637 0.618 0.622 0.609 0.531 0.361 0.216 0.018 -0.123 -0.196 -0.238 -0.282 -0.355 -0.418 -0.491 -0.557 -0.662 -0.781 -0.875 -0.895 -0.837 -0.154 
