ZhaoEtAl2006SInterCascadia_CanadaSHM6-trial modified from OpenQuake implementation, distance is rrup. Log10 ground motion values in cgs units, PGV and Sa(T<0.1s) not valid
          10 31 23 : nmag, ndist, nperiod
          10.000 5.000 4.000 3.000 2.500 2.000 1.500 1.250 1.000 0.900 0.800 0.700 0.600 0.500 0.400 0.300 0.250 0.200 0.150 0.100 0.050 PGA PGV 
          0.698 0.698 0.716 0.748 0.760 0.760 0.752 0.742 0.734 0.729 0.726 0.723 0.717 0.709 0.713 0.726 0.741 0.766 0.792 0.803 0.726 0.678 0.000 
7.000 1.000 1.091 1.703 2.010 2.345 2.509 2.722 2.817 2.880 2.864 2.935 3.003 3.025 3.029 3.093 3.146 3.115 3.079 2.995 2.937 2.773 2.632 2.607 0.000 
7.000 1.260 1.080 1.692 1.994 2.323 2.489 2.700 2.795 2.857 2.845 2.916 2.982 3.006 3.014 3.079 3.133 3.105 3.070 2.987 2.930 2.766 2.623 2.597 0.000 
7.000 1.580 1.067 1.677 1.974 2.298 2.464 2.674 2.769 2.831 2.823 2.892 2.958 2.983 2.994 3.061 3.118 3.092 3.059 2.977 2.921 2.757 2.612 2.585 0.000 
7.000 2.000 1.051 1.660 1.951 2.268 2.435 2.643 2.739 2.799 2.796 2.865 2.929 2.956 2.971 3.040 3.100 3.076 3.045 2.965 2.909 2.747 2.598 2.569 0.000 
7.000 2.510 1.032 1.639 1.923 2.232 2.401 2.606 2.703 2.762 2.764 2.832 2.895 2.924 2.944 3.015 3.077 3.057 3.028 2.950 2.895 2.734 2.581 2.550 0.000 
7.000 3.160 1.009 1.613 1.890 2.192 2.362 2.565 2.662 2.720 2.727 2.794 2.856 2.887 2.911 2.985 3.051 3.035 3.007 2.932 2.878 2.718 2.561 2.528 0.000 
7.000 3.980 0.982 1.583 1.853 2.145 2.317 2.517 2.615 2.671 2.684 2.750 2.811 2.844 2.873 2.950 3.019 3.007 2.983 2.910 2.857 2.698 2.537 2.500 0.000 
7.000 5.010 0.950 1.548 1.809 2.093 2.265 2.464 2.562 2.617 2.635 2.700 2.760 2.796 2.830 2.910 2.982 2.975 2.953 2.883 2.832 2.674 2.507 2.468 0.000 
7.000 6.310 0.913 1.507 1.759 2.035 2.208 2.404 2.504 2.557 2.581 2.644 2.703 2.741 2.780 2.863 2.939 2.937 2.918 2.852 2.802 2.646 2.472 2.430 0.000 
7.000 7.940 0.871 1.461 1.704 1.971 2.146 2.339 2.439 2.491 2.520 2.583 2.640 2.680 2.724 2.810 2.890 2.892 2.877 2.814 2.766 2.611 2.432 2.386 0.000 
7.000 10.000 0.823 1.408 1.642 1.901 2.077 2.268 2.369 2.420 2.453 2.515 2.571 2.614 2.663 2.751 2.834 2.841 2.829 2.770 2.724 2.571 2.384 2.335 0.000 
7.000 12.590 0.770 1.349 1.575 1.827 2.003 2.193 2.293 2.344 2.381 2.442 2.497 2.541 2.595 2.686 2.771 2.784 2.774 2.719 2.674 2.523 2.329 2.277 0.000 
7.000 15.850 0.711 1.283 1.501 1.748 1.924 2.112 2.213 2.263 2.304 2.364 2.417 2.464 2.521 2.614 2.702 2.719 2.712 2.660 2.617 2.467 2.267 2.212 0.000 
7.000 19.950 0.647 1.212 1.423 1.664 1.841 2.027 2.128 2.177 2.222 2.281 2.333 2.381 2.441 2.536 2.626 2.646 2.642 2.594 2.551 2.403 2.196 2.139 0.000 
7.000 25.120 0.578 1.134 1.340 1.577 1.753 1.938 2.038 2.087 2.135 2.193 2.244 2.293 2.356 2.452 2.544 2.566 2.564 2.518 2.476 2.330 2.117 2.059 0.000 
7.000 31.620 0.504 1.051 1.252 1.485 1.662 1.845 1.945 1.994 2.044 2.100 2.151 2.201 2.266 2.362 2.455 2.478 2.477 2.434 2.392 2.246 2.029 1.970 0.000 
7.000 39.810 0.425 0.962 1.159 1.391 1.566 1.748 1.847 1.896 1.948 2.004 2.054 2.104 2.171 2.267 2.358 2.382 2.382 2.339 2.297 2.151 1.931 1.873 0.000 
7.000 50.120 0.341 0.868 1.062 1.293 1.467 1.647 1.746 1.795 1.848 1.903 1.952 2.002 2.070 2.165 2.255 2.278 2.277 2.234 2.191 2.044 1.823 1.767 0.000 
7.000 63.100 0.252 0.768 0.961 1.191 1.363 1.542 1.640 1.690 1.744 1.798 1.846 1.896 1.964 2.057 2.144 2.164 2.161 2.118 2.073 1.924 1.703 1.651 0.000 
7.000 79.430 0.158 0.662 0.855 1.087 1.256 1.433 1.530 1.580 1.634 1.688 1.734 1.784 1.852 1.942 2.025 2.040 2.034 1.988 1.940 1.788 1.571 1.524 0.000 
7.000 100.000 0.058 0.550 0.744 0.978 1.144 1.320 1.414 1.466 1.520 1.572 1.618 1.666 1.733 1.819 1.895 1.904 1.893 1.843 1.790 1.634 1.423 1.384 0.000 
7.000 125.890 -0.049 0.430 0.627 0.865 1.027 1.201 1.293 1.346 1.399 1.450 1.494 1.541 1.607 1.687 1.755 1.754 1.737 1.681 1.622 1.459 1.258 1.229 0.000 
7.000 158.490 -0.165 0.302 0.503 0.747 0.903 1.075 1.164 1.220 1.272 1.320 1.363 1.408 1.471 1.544 1.601 1.587 1.561 1.497 1.430 1.259 1.071 1.057 0.000 
7.000 199.530 -0.289 0.165 0.372 0.623 0.773 0.941 1.026 1.085 1.135 1.181 1.222 1.265 1.324 1.387 1.430 1.400 1.362 1.287 1.209 1.028 0.858 0.862 0.000 
7.000 251.190 -0.426 0.015 0.231 0.492 0.633 0.798 0.878 0.940 0.988 1.031 1.070 1.109 1.163 1.215 1.239 1.188 1.135 1.045 0.954 0.759 0.613 0.640 0.000 
7.000 316.230 -0.576 -0.149 0.078 0.352 0.481 0.643 0.716 0.783 0.828 0.868 0.903 0.938 0.986 1.022 1.022 0.945 0.873 0.764 0.655 0.442 0.327 0.384 0.000 
7.000 398.110 -0.745 -0.330 -0.090 0.201 0.316 0.472 0.537 0.611 0.651 0.686 0.718 0.748 0.787 0.803 0.775 0.663 0.566 0.433 0.303 0.067 -0.008 0.086 0.000 
7.000 501.190 -0.935 -0.535 -0.276 0.036 0.133 0.283 0.338 0.419 0.453 0.484 0.511 0.533 0.562 0.554 0.487 0.332 0.205 0.041 -0.117 -0.381 -0.406 -0.264 0.000 
7.000 630.960 -1.154 -0.767 -0.485 -0.146 -0.071 0.071 0.112 0.203 0.230 0.254 0.275 0.289 0.304 0.264 0.151 -0.059 -0.226 -0.427 -0.621 -0.922 -0.882 -0.680 0.000 
7.000 794.330 -1.407 -1.034 -0.722 -0.350 -0.303 -0.171 -0.146 -0.043 -0.025 -0.010 0.004 0.006 0.005 -0.075 -0.247 -0.527 -0.743 -0.993 -1.231 -1.578 -1.456 -1.179 0.000 
7.000 1000.000 -1.704 -1.344 -0.996 -0.581 -0.570 -0.450 -0.446 -0.328 -0.321 -0.317 -0.311 -0.323 -0.346 -0.476 -0.723 -1.090 -1.368 -1.680 -1.974 -2.379 -2.154 -1.781 0.000 
7.250 1.000 1.162 1.768 2.083 2.419 2.581 2.790 2.875 2.934 2.906 2.974 3.040 3.056 3.054 3.120 3.173 3.140 3.100 3.011 2.950 2.782 2.641 2.619 0.000 
7.250 1.260 1.153 1.759 2.070 2.402 2.564 2.772 2.858 2.916 2.890 2.958 3.023 3.041 3.041 3.109 3.162 3.132 3.093 3.004 2.944 2.776 2.634 2.610 0.000 
7.250 1.580 1.143 1.748 2.054 2.381 2.544 2.751 2.837 2.894 2.872 2.939 3.004 3.022 3.026 3.095 3.150 3.121 3.083 2.996 2.936 2.770 2.625 2.600 0.000 
7.250 2.000 1.130 1.733 2.035 2.356 2.520 2.725 2.812 2.868 2.850 2.917 2.980 3.000 3.007 3.077 3.135 3.108 3.072 2.987 2.927 2.761 2.614 2.588 0.000 
7.250 2.510 1.115 1.716 2.012 2.326 2.492 2.695 2.782 2.837 2.824 2.890 2.952 2.974 2.984 3.057 3.116 3.093 3.058 2.974 2.916 2.750 2.600 2.573 0.000 
7.250 3.160 1.096 1.696 1.985 2.291 2.458 2.659 2.748 2.801 2.793 2.858 2.919 2.943 2.958 3.032 3.094 3.073 3.041 2.959 2.901 2.737 2.584 2.554 0.000 
7.250 3.980 1.074 1.671 1.953 2.251 2.419 2.618 2.707 2.759 2.757 2.820 2.880 2.907 2.926 3.002 3.067 3.050 3.020 2.941 2.884 2.721 2.563 2.532 0.000 
7.250 5.010 1.047 1.641 1.915 2.205 2.375 2.571 2.661 2.712 2.715 2.777 2.836 2.865 2.889 2.967 3.035 3.023 2.995 2.919 2.863 2.701 2.539 2.505 0.000 
7.250 6.310 1.016 1.607 1.872 2.153 2.324 2.518 2.609 2.659 2.668 2.729 2.785 2.817 2.846 2.927 2.998 2.989 2.965 2.892 2.838 2.677 2.509 2.473 0.000 
7.250 7.940 0.980 1.567 1.823 2.096 2.268 2.459 2.551 2.599 2.614 2.674 2.729 2.763 2.797 2.880 2.954 2.951 2.929 2.860 2.807 2.648 2.474 2.435 0.000 
7.250 10.000 0.939 1.520 1.768 2.032 2.205 2.395 2.487 2.534 2.554 2.613 2.666 2.702 2.742 2.827 2.904 2.906 2.887 2.822 2.771 2.614 2.433 2.391 0.000 
7.250 12.590 0.892 1.468 1.706 1.963 2.137 2.324 2.417 2.463 2.488 2.546 2.598 2.636 2.680 2.768 2.848 2.854 2.838 2.777 2.727 2.572 2.385 2.339 0.000 
7.250 15.850 0.840 1.409 1.639 1.888 2.063 2.249 2.342 2.387 2.416 2.473 2.524 2.564 2.612 2.702 2.784 2.794 2.782 2.724 2.676 2.523 2.329 2.281 0.000 
7.250 19.950 0.782 1.343 1.566 1.809 1.985 2.168 2.261 2.306 2.339 2.395 2.445 2.486 2.538 2.629 2.714 2.727 2.718 2.664 2.617 2.465 2.265 2.215 0.000 
7.250 25.120 0.718 1.272 1.487 1.725 1.901 2.082 2.176 2.220 2.257 2.311 2.360 2.403 2.458 2.550 2.636 2.653 2.646 2.595 2.549 2.399 2.192 2.140 0.000 
7.250 31.620 0.649 1.194 1.403 1.637 1.813 1.992 2.086 2.129 2.169 2.223 2.270 2.314 2.372 2.465 2.552 2.570 2.564 2.516 2.471 2.321 2.110 2.057 0.000 
7.250 39.810 0.574 1.109 1.314 1.545 1.720 1.898 1.991 2.035 2.077 2.129 2.176 2.220 2.281 2.373 2.459 2.478 2.474 2.427 2.382 2.233 2.017 1.965 0.000 
7.250 50.120 0.494 1.019 1.220 1.450 1.623 1.800 1.892 1.936 1.980 2.031 2.077 2.121 2.183 2.275 2.359 2.378 2.373 2.327 2.282 2.132 1.914 1.864 0.000 
7.250 63.100 0.408 0.922 1.122 1.350 1.522 1.697 1.788 1.832 1.878 1.928 1.972 2.017 2.080 2.169 2.251 2.267 2.261 2.215 2.168 2.017 1.799 1.752 0.000 
7.250 79.430 0.316 0.819 1.018 1.247 1.416 1.589 1.680 1.724 1.771 1.820 1.863 1.907 1.970 2.057 2.134 2.146 2.137 2.089 2.039 1.885 1.670 1.628 0.000 
7.250 100.000 0.218 0.709 0.908 1.139 1.305 1.477 1.565 1.611 1.658 1.706 1.748 1.791 1.853 1.936 2.007 2.012 1.999 1.947 1.894 1.736 1.525 1.491 0.000 
7.250 125.890 0.113 0.592 0.793 1.027 1.189 1.359 1.445 1.493 1.538 1.585 1.625 1.668 1.728 1.805 1.868 1.864 1.845 1.788 1.728 1.564 1.363 1.339 0.000 
7.250 158.490 -0.001 0.466 0.670 0.910 1.067 1.234 1.317 1.367 1.412 1.456 1.495 1.535 1.594 1.663 1.715 1.699 1.671 1.606 1.538 1.367 1.178 1.168 0.000 
7.250 199.530 -0.124 0.329 0.540 0.787 0.936 1.101 1.180 1.233 1.276 1.318 1.355 1.393 1.448 1.508 1.546 1.513 1.474 1.398 1.320 1.138 0.967 0.974 0.000 
7.250 251.190 -0.260 0.181 0.399 0.656 0.797 0.958 1.032 1.089 1.129 1.169 1.203 1.238 1.288 1.336 1.356 1.302 1.248 1.158 1.067 0.871 0.723 0.754 0.000 
7.250 316.230 -0.410 0.018 0.247 0.517 0.646 0.803 0.871 0.932 0.970 1.005 1.037 1.067 1.111 1.143 1.140 1.060 0.987 0.878 0.770 0.556 0.439 0.499 0.000 
7.250 398.110 -0.577 -0.163 0.080 0.366 0.481 0.633 0.692 0.760 0.793 0.825 0.853 0.877 0.913 0.926 0.893 0.778 0.681 0.549 0.418 0.183 0.105 0.202 0.000 
7.250 501.190 -0.768 -0.367 -0.106 0.201 0.299 0.445 0.493 0.568 0.596 0.622 0.646 0.663 0.688 0.676 0.606 0.448 0.320 0.158 -0.000 -0.265 -0.292 -0.147 0.000 
7.250 630.960 -0.986 -0.599 -0.314 0.019 0.094 0.232 0.268 0.352 0.373 0.393 0.410 0.419 0.431 0.387 0.270 0.058 -0.109 -0.310 -0.504 -0.804 -0.767 -0.563 0.000 
7.250 794.330 -1.238 -0.865 -0.552 -0.184 -0.137 -0.010 0.010 0.106 0.118 0.129 0.139 0.137 0.132 0.049 -0.128 -0.409 -0.626 -0.875 -1.113 -1.459 -1.341 -1.061 0.000 
7.250 1000.000 -1.535 -1.176 -0.825 -0.415 -0.404 -0.289 -0.289 -0.178 -0.178 -0.178 -0.176 -0.193 -0.219 -0.352 -0.604 -0.972 -1.251 -1.562 -1.856 -2.260 -2.039 -1.663 0.000 
7.500 1.000 1.222 1.822 2.144 2.482 2.641 2.848 2.924 2.978 2.938 3.003 3.068 3.079 3.071 3.142 3.194 3.162 3.118 3.024 2.960 2.790 2.649 2.628 0.000 
7.500 1.260 1.215 1.815 2.134 2.468 2.628 2.834 2.910 2.964 2.926 2.991 3.055 3.067 3.061 3.132 3.186 3.155 3.112 3.019 2.955 2.786 2.643 2.621 0.000 
7.500 1.580 1.207 1.806 2.121 2.451 2.612 2.816 2.893 2.946 2.912 2.976 3.039 3.053 3.049 3.121 3.176 3.146 3.104 3.013 2.949 2.780 2.636 2.613 0.000 
7.500 2.000 1.197 1.795 2.106 2.431 2.592 2.795 2.873 2.925 2.894 2.958 3.020 3.035 3.034 3.107 3.163 3.136 3.095 3.004 2.941 2.773 2.627 2.603 0.000 
7.500 2.510 1.185 1.781 2.087 2.406 2.569 2.770 2.849 2.900 2.873 2.936 2.997 3.013 3.016 3.090 3.148 3.122 3.083 2.994 2.932 2.764 2.616 2.591 0.000 
7.500 3.160 1.170 1.764 2.065 2.377 2.541 2.740 2.820 2.869 2.847 2.909 2.970 2.988 2.994 3.069 3.129 3.106 3.069 2.982 2.921 2.754 2.602 2.576 0.000 
7.500 3.980 1.152 1.744 2.038 2.343 2.508 2.705 2.786 2.834 2.817 2.878 2.937 2.957 2.967 3.044 3.107 3.087 3.051 2.967 2.906 2.740 2.585 2.558 0.000 
7.500 5.010 1.130 1.720 2.006 2.303 2.470 2.665 2.746 2.793 2.782 2.842 2.899 2.922 2.936 3.015 3.079 3.063 3.030 2.948 2.889 2.724 2.565 2.535 0.000 
7.500 6.310 1.105 1.691 1.970 2.258 2.426 2.618 2.701 2.747 2.741 2.800 2.856 2.880 2.900 2.980 3.047 3.035 3.004 2.926 2.867 2.704 2.540 2.508 0.000 
7.500 7.940 1.074 1.656 1.927 2.206 2.376 2.566 2.650 2.694 2.694 2.752 2.806 2.833 2.858 2.940 3.010 3.001 2.974 2.898 2.842 2.679 2.511 2.476 0.000 
7.500 10.000 1.039 1.617 1.878 2.149 2.320 2.508 2.592 2.635 2.641 2.698 2.750 2.779 2.809 2.893 2.966 2.962 2.937 2.865 2.810 2.650 2.475 2.438 0.000 
7.500 12.590 0.999 1.571 1.823 2.085 2.258 2.443 2.529 2.570 2.582 2.637 2.688 2.720 2.754 2.840 2.915 2.915 2.894 2.826 2.773 2.614 2.433 2.394 0.000 
7.500 15.850 0.952 1.518 1.762 2.016 2.190 2.373 2.459 2.500 2.517 2.571 2.620 2.653 2.693 2.780 2.858 2.862 2.844 2.780 2.728 2.571 2.384 2.342 0.000 
7.500 19.950 0.900 1.459 1.695 1.942 2.116 2.297 2.384 2.424 2.445 2.498 2.546 2.581 2.625 2.713 2.793 2.801 2.786 2.726 2.675 2.520 2.326 2.282 0.000 
7.500 25.120 0.842 1.394 1.621 1.863 2.037 2.216 2.303 2.342 2.368 2.420 2.466 2.503 2.551 2.640 2.721 2.732 2.719 2.663 2.614 2.460 2.260 2.214 0.000 
7.500 31.620 0.778 1.321 1.542 1.778 1.952 2.130 2.217 2.256 2.285 2.336 2.381 2.419 2.470 2.559 2.641 2.654 2.644 2.590 2.542 2.389 2.184 2.138 0.000 
7.500 39.810 0.709 1.242 1.457 1.689 1.863 2.039 2.126 2.164 2.197 2.246 2.290 2.329 2.383 2.472 2.553 2.567 2.558 2.507 2.460 2.307 2.097 2.051 0.000 
7.500 50.120 0.633 1.156 1.367 1.596 1.769 1.943 2.030 2.068 2.103 2.151 2.194 2.233 2.289 2.377 2.457 2.471 2.462 2.413 2.365 2.213 2.000 1.955 0.000 
7.500 63.100 0.551 1.064 1.271 1.499 1.670 1.843 1.928 1.967 2.004 2.051 2.092 2.132 2.189 2.275 2.353 2.364 2.355 2.306 2.257 2.103 1.889 1.848 0.000 
7.500 79.430 0.462 0.964 1.170 1.398 1.567 1.737 1.822 1.861 1.899 1.945 1.985 2.024 2.082 2.165 2.238 2.246 2.235 2.184 2.133 1.977 1.765 1.728 0.000 
7.500 100.000 0.367 0.857 1.063 1.292 1.458 1.626 1.709 1.750 1.788 1.833 1.871 1.910 1.967 2.046 2.114 2.116 2.100 2.047 1.992 1.833 1.624 1.595 0.000 
7.500 125.890 0.264 0.742 0.949 1.181 1.343 1.510 1.590 1.632 1.671 1.713 1.751 1.788 1.844 1.918 1.977 1.970 1.949 1.890 1.830 1.665 1.465 1.445 0.000 
7.500 158.490 0.152 0.618 0.828 1.065 1.222 1.386 1.463 1.507 1.545 1.586 1.621 1.657 1.711 1.777 1.826 1.807 1.778 1.712 1.644 1.472 1.283 1.277 0.000 
7.500 199.530 0.030 0.484 0.699 0.943 1.092 1.254 1.327 1.374 1.411 1.449 1.482 1.516 1.566 1.623 1.658 1.623 1.582 1.506 1.428 1.246 1.074 1.085 0.000 
7.500 251.190 -0.104 0.337 0.559 0.813 0.954 1.112 1.180 1.231 1.265 1.301 1.331 1.362 1.408 1.452 1.469 1.413 1.358 1.268 1.177 0.981 0.832 0.866 0.000 
7.500 316.230 -0.252 0.175 0.407 0.674 0.803 0.957 1.019 1.075 1.106 1.138 1.166 1.192 1.231 1.261 1.254 1.172 1.098 0.990 0.882 0.669 0.549 0.613 0.000 
7.500 398.110 -0.419 -0.006 0.241 0.523 0.639 0.788 0.841 0.903 0.930 0.958 0.982 1.002 1.034 1.044 1.007 0.891 0.793 0.662 0.532 0.297 0.217 0.317 0.000 
7.500 501.190 -0.609 -0.209 0.056 0.359 0.457 0.599 0.643 0.712 0.733 0.756 0.775 0.789 0.810 0.795 0.721 0.562 0.433 0.272 0.114 -0.149 -0.179 -0.031 0.000 
7.500 630.960 -0.826 -0.440 -0.152 0.177 0.253 0.387 0.418 0.496 0.511 0.526 0.540 0.545 0.553 0.507 0.386 0.172 0.004 -0.195 -0.388 -0.688 -0.654 -0.446 0.000 
7.500 794.330 -1.079 -0.706 -0.389 -0.026 0.021 0.145 0.160 0.250 0.256 0.263 0.270 0.263 0.254 0.168 -0.012 -0.295 -0.512 -0.760 -0.997 -1.342 -1.227 -0.944 0.000 
7.500 1000.000 -1.375 -1.016 -0.662 -0.256 -0.245 -0.133 -0.140 -0.034 -0.039 -0.043 -0.046 -0.067 -0.096 -0.232 -0.487 -0.858 -1.136 -1.446 -1.739 -2.142 -1.924 -1.545 0.000 
7.750 1.000 1.271 1.866 2.196 2.535 2.692 2.896 2.963 3.014 2.962 3.025 3.089 3.095 3.082 3.157 3.211 3.180 3.132 3.035 2.968 2.797 2.655 2.636 0.000 
7.750 1.260 1.266 1.860 2.187 2.524 2.681 2.884 2.952 3.002 2.953 3.015 3.079 3.086 3.074 3.150 3.205 3.174 3.127 3.031 2.964 2.794 2.650 2.630 0.000 
7.750 1.580 1.260 1.853 2.177 2.510 2.668 2.870 2.939 2.988 2.942 3.003 3.066 3.074 3.065 3.141 3.196 3.167 3.121 3.026 2.959 2.789 2.645 2.624 0.000 
7.750 2.000 1.252 1.844 2.165 2.493 2.652 2.853 2.923 2.971 2.928 2.989 3.051 3.060 3.053 3.129 3.186 3.158 3.113 3.019 2.953 2.783 2.637 2.616 0.000 
7.750 2.510 1.242 1.833 2.150 2.473 2.633 2.833 2.903 2.950 2.911 2.971 3.032 3.043 3.038 3.116 3.173 3.147 3.104 3.011 2.946 2.776 2.628 2.606 0.000 
7.750 3.160 1.231 1.820 2.132 2.449 2.610 2.808 2.879 2.925 2.890 2.950 3.009 3.022 3.020 3.099 3.158 3.134 3.092 3.001 2.936 2.767 2.617 2.594 0.000 
7.750 3.980 1.216 1.803 2.110 2.420 2.583 2.779 2.851 2.896 2.865 2.924 2.982 2.997 2.999 3.078 3.139 3.118 3.077 2.988 2.924 2.756 2.603 2.579 0.000 
7.750 5.010 1.199 1.783 2.083 2.386 2.550 2.744 2.818 2.861 2.836 2.894 2.951 2.967 2.973 3.053 3.116 3.098 3.059 2.972 2.910 2.743 2.587 2.560 0.000 
7.750 6.310 1.178 1.759 2.052 2.347 2.513 2.704 2.779 2.821 2.802 2.858 2.914 2.932 2.942 3.024 3.089 3.073 3.038 2.953 2.892 2.726 2.566 2.538 0.000 
7.750 7.940 1.153 1.731 2.015 2.302 2.469 2.659 2.734 2.775 2.762 2.817 2.871 2.891 2.906 2.989 3.056 3.044 3.011 2.930 2.870 2.705 2.541 2.511 0.000 
7.750 10.000 1.123 1.697 1.973 2.251 2.420 2.607 2.684 2.723 2.716 2.770 2.822 2.844 2.865 2.949 3.018 3.010 2.980 2.902 2.843 2.680 2.510 2.479 0.000 
7.750 12.590 1.089 1.657 1.925 2.194 2.364 2.549 2.627 2.665 2.663 2.716 2.766 2.791 2.817 2.902 2.973 2.969 2.942 2.868 2.811 2.649 2.474 2.440 0.000 
7.750 15.850 1.049 1.611 1.870 2.131 2.302 2.485 2.564 2.601 2.605 2.656 2.705 2.732 2.762 2.848 2.922 2.921 2.898 2.827 2.772 2.611 2.431 2.395 0.000 
7.750 19.950 1.003 1.559 1.809 2.062 2.234 2.414 2.494 2.530 2.540 2.590 2.636 2.665 2.701 2.788 2.863 2.866 2.845 2.779 2.725 2.567 2.380 2.342 0.000 
7.750 25.120 0.951 1.500 1.741 1.987 2.160 2.338 2.419 2.454 2.468 2.517 2.562 2.593 2.632 2.720 2.797 2.803 2.785 2.722 2.670 2.513 2.320 2.281 0.000 
7.750 31.620 0.893 1.434 1.667 1.908 2.081 2.257 2.337 2.372 2.391 2.439 2.482 2.514 2.557 2.645 2.722 2.730 2.715 2.656 2.605 2.449 2.251 2.211 0.000 
7.750 39.810 0.829 1.361 1.587 1.823 1.996 2.170 2.250 2.284 2.307 2.354 2.395 2.429 2.475 2.562 2.639 2.649 2.636 2.580 2.529 2.374 2.171 2.131 0.000 
7.750 50.120 0.758 1.280 1.501 1.733 1.905 2.077 2.158 2.192 2.218 2.263 2.303 2.337 2.386 2.472 2.548 2.558 2.545 2.491 2.441 2.286 2.079 2.040 0.000 
7.750 63.100 0.681 1.192 1.409 1.638 1.809 1.979 2.060 2.094 2.122 2.166 2.205 2.239 2.290 2.374 2.447 2.455 2.443 2.389 2.338 2.183 1.974 1.938 0.000 
7.750 79.430 0.596 1.097 1.311 1.539 1.708 1.876 1.955 1.990 2.020 2.063 2.100 2.134 2.186 2.267 2.337 2.341 2.327 2.273 2.220 2.063 1.855 1.823 0.000 
7.750 100.000 0.504 0.993 1.206 1.435 1.601 1.768 1.845 1.881 1.912 1.953 1.988 2.022 2.074 2.151 2.215 2.214 2.196 2.140 2.084 1.924 1.718 1.694 0.000 
7.750 125.890 0.404 0.881 1.095 1.326 1.488 1.652 1.727 1.765 1.796 1.835 1.870 1.902 1.954 2.025 2.081 2.071 2.048 1.988 1.926 1.761 1.563 1.548 0.000 
7.750 158.490 0.295 0.760 0.976 1.211 1.368 1.530 1.602 1.641 1.673 1.710 1.742 1.773 1.823 1.887 1.932 1.910 1.879 1.813 1.744 1.572 1.384 1.383 0.000 
7.750 199.530 0.175 0.627 0.848 1.090 1.240 1.399 1.467 1.509 1.539 1.574 1.604 1.633 1.680 1.734 1.765 1.728 1.687 1.610 1.532 1.350 1.178 1.194 0.000 
7.750 251.190 0.042 0.482 0.710 0.961 1.102 1.257 1.321 1.366 1.395 1.427 1.454 1.480 1.522 1.564 1.577 1.520 1.464 1.374 1.283 1.088 0.939 0.977 0.000 
7.750 316.230 -0.105 0.321 0.559 0.823 0.953 1.104 1.161 1.211 1.236 1.265 1.289 1.311 1.347 1.374 1.364 1.280 1.206 1.098 0.991 0.778 0.658 0.725 0.000 
7.750 398.110 -0.271 0.142 0.393 0.673 0.789 0.935 0.984 1.040 1.061 1.085 1.106 1.122 1.151 1.158 1.118 1.001 0.903 0.772 0.643 0.409 0.327 0.431 0.000 
7.750 501.190 -0.460 -0.060 0.209 0.509 0.608 0.747 0.786 0.849 0.865 0.884 0.900 0.909 0.927 0.910 0.833 0.672 0.544 0.383 0.227 -0.035 -0.068 0.084 0.000 
7.750 630.960 -0.676 -0.290 0.001 0.328 0.404 0.535 0.561 0.634 0.643 0.655 0.665 0.666 0.671 0.622 0.498 0.283 0.116 -0.083 -0.274 -0.572 -0.541 -0.330 0.000 
7.750 794.330 -0.928 -0.555 -0.235 0.125 0.173 0.294 0.303 0.388 0.389 0.392 0.395 0.384 0.373 0.284 0.101 -0.183 -0.400 -0.646 -0.882 -1.225 -1.114 -0.827 0.000 
7.750 1000.000 -1.224 -0.865 -0.508 -0.106 -0.093 0.015 0.004 0.105 0.094 0.086 0.080 0.055 0.022 -0.116 -0.374 -0.745 -1.024 -1.331 -1.623 -2.024 -1.810 -1.428 0.000 
8.000 1.000 1.310 1.900 2.237 2.578 2.732 2.934 2.994 3.041 2.979 3.039 3.102 3.105 3.087 3.168 3.224 3.194 3.144 3.044 2.975 2.803 2.660 2.642 0.000 
8.000 1.260 1.307 1.895 2.230 2.569 2.724 2.925 2.985 3.032 2.972 3.032 3.094 3.098 3.081 3.162 3.219 3.190 3.140 3.040 2.972 2.800 2.657 2.638 0.000 
8.000 1.580 1.302 1.889 2.222 2.558 2.714 2.914 2.975 3.020 2.963 3.022 3.084 3.088 3.074 3.155 3.212 3.184 3.134 3.036 2.968 2.797 2.652 2.633 0.000 
8.000 2.000 1.296 1.882 2.213 2.545 2.701 2.900 2.962 3.007 2.952 3.011 3.072 3.077 3.064 3.146 3.204 3.177 3.128 3.031 2.963 2.792 2.646 2.626 0.000 
8.000 2.510 1.288 1.874 2.200 2.528 2.686 2.884 2.946 2.990 2.938 2.997 3.057 3.063 3.052 3.134 3.193 3.168 3.120 3.024 2.956 2.786 2.639 2.618 0.000 
8.000 3.160 1.279 1.863 2.186 2.508 2.667 2.864 2.927 2.970 2.922 2.980 3.039 3.046 3.038 3.121 3.180 3.156 3.110 3.015 2.949 2.779 2.629 2.608 0.000 
8.000 3.980 1.268 1.849 2.168 2.484 2.644 2.839 2.903 2.946 2.902 2.959 3.017 3.026 3.021 3.104 3.165 3.143 3.098 3.005 2.939 2.770 2.618 2.596 0.000 
8.000 5.010 1.254 1.833 2.146 2.456 2.617 2.811 2.876 2.917 2.878 2.934 2.991 3.001 3.000 3.083 3.146 3.126 3.083 2.992 2.927 2.758 2.604 2.581 0.000 
8.000 6.310 1.237 1.814 2.120 2.422 2.585 2.777 2.843 2.883 2.849 2.904 2.959 2.972 2.974 3.058 3.122 3.105 3.065 2.976 2.912 2.744 2.587 2.563 0.000 
8.000 7.940 1.217 1.790 2.089 2.384 2.548 2.737 2.805 2.843 2.816 2.869 2.923 2.937 2.944 3.029 3.095 3.080 3.042 2.956 2.893 2.726 2.566 2.540 0.000 
8.000 10.000 1.192 1.762 2.053 2.339 2.505 2.692 2.761 2.798 2.776 2.829 2.880 2.897 2.909 2.994 3.062 3.050 3.015 2.932 2.870 2.705 2.540 2.513 0.000 
8.000 12.590 1.163 1.728 2.011 2.288 2.456 2.641 2.711 2.747 2.731 2.782 2.832 2.851 2.867 2.953 3.022 3.015 2.982 2.903 2.842 2.678 2.509 2.480 0.000 
8.000 15.850 1.129 1.689 1.962 2.231 2.401 2.583 2.655 2.689 2.679 2.729 2.777 2.798 2.819 2.906 2.977 2.973 2.943 2.867 2.808 2.646 2.471 2.441 0.000 
8.000 19.950 1.090 1.643 1.908 2.168 2.339 2.519 2.592 2.625 2.621 2.670 2.715 2.738 2.765 2.852 2.924 2.923 2.897 2.825 2.767 2.606 2.426 2.394 0.000 
8.000 25.120 1.044 1.590 1.847 2.099 2.271 2.448 2.522 2.554 2.556 2.603 2.647 2.672 2.703 2.790 2.863 2.865 2.842 2.774 2.718 2.558 2.373 2.340 0.000 
8.000 31.620 0.993 1.531 1.779 2.024 2.197 2.372 2.446 2.477 2.485 2.530 2.572 2.599 2.634 2.721 2.795 2.799 2.779 2.714 2.660 2.501 2.310 2.276 0.000 
8.000 39.810 0.934 1.464 1.704 1.944 2.116 2.289 2.364 2.395 2.407 2.451 2.491 2.519 2.558 2.644 2.717 2.723 2.705 2.644 2.590 2.433 2.236 2.203 0.000 
8.000 50.120 0.869 1.389 1.623 1.858 2.030 2.201 2.276 2.306 2.322 2.365 2.403 2.432 2.474 2.559 2.631 2.637 2.620 2.561 2.508 2.351 2.151 2.119 0.000 
8.000 63.100 0.796 1.307 1.535 1.767 1.938 2.106 2.181 2.211 2.230 2.272 2.308 2.338 2.382 2.465 2.535 2.540 2.523 2.466 2.412 2.255 2.052 2.022 0.000 
8.000 79.430 0.716 1.216 1.441 1.671 1.840 2.006 2.080 2.111 2.132 2.172 2.207 2.237 2.283 2.362 2.428 2.430 2.412 2.355 2.300 2.142 1.939 1.913 0.000 
8.000 100.000 0.628 1.117 1.339 1.569 1.736 1.900 1.972 2.004 2.027 2.065 2.098 2.128 2.175 2.250 2.310 2.306 2.286 2.227 2.170 2.008 1.808 1.788 0.000 
8.000 125.890 0.532 1.008 1.230 1.462 1.625 1.787 1.857 1.890 1.914 1.950 1.982 2.010 2.057 2.126 2.179 2.167 2.142 2.079 2.017 1.851 1.656 1.647 0.000 
8.000 158.490 0.425 0.890 1.113 1.349 1.506 1.666 1.733 1.768 1.793 1.827 1.856 1.883 1.928 1.990 2.032 2.009 1.976 1.908 1.839 1.667 1.482 1.485 0.000 
8.000 199.530 0.308 0.760 0.987 1.229 1.380 1.536 1.600 1.637 1.661 1.693 1.720 1.745 1.787 1.840 1.868 1.829 1.786 1.709 1.631 1.449 1.279 1.299 0.000 
8.000 251.190 0.178 0.617 0.851 1.101 1.243 1.396 1.455 1.496 1.518 1.547 1.571 1.593 1.631 1.672 1.682 1.623 1.567 1.477 1.386 1.192 1.043 1.085 0.000 
8.000 316.230 0.032 0.458 0.701 0.963 1.095 1.243 1.296 1.341 1.361 1.386 1.407 1.425 1.458 1.483 1.470 1.385 1.310 1.203 1.096 0.885 0.764 0.836 0.000 
8.000 398.110 -0.133 0.280 0.537 0.814 0.932 1.075 1.120 1.171 1.187 1.207 1.225 1.237 1.262 1.267 1.225 1.107 1.008 0.879 0.751 0.518 0.435 0.543 0.000 
8.000 501.190 -0.320 0.080 0.353 0.651 0.751 0.887 0.922 0.981 0.991 1.007 1.020 1.025 1.040 1.020 0.941 0.780 0.651 0.492 0.337 0.076 0.042 0.197 0.000 
8.000 630.960 -0.536 -0.150 0.146 0.470 0.547 0.676 0.698 0.766 0.770 0.778 0.785 0.782 0.784 0.733 0.607 0.391 0.224 0.027 -0.163 -0.459 -0.430 -0.215 0.000 
8.000 794.330 -0.787 -0.414 -0.090 0.267 0.317 0.435 0.441 0.521 0.516 0.516 0.516 0.501 0.487 0.396 0.210 -0.074 -0.290 -0.535 -0.769 -1.110 -1.001 -0.711 0.000 
8.000 1000.000 -1.082 -0.723 -0.362 0.037 0.051 0.157 0.142 0.237 0.221 0.210 0.201 0.172 0.137 -0.004 -0.264 -0.636 -0.914 -1.219 -1.509 -1.908 -1.697 -1.312 0.000 
8.250 1.000 1.340 1.923 2.268 2.611 2.764 2.964 3.016 3.060 2.989 3.047 3.109 3.108 3.087 3.174 3.233 3.206 3.153 3.051 2.981 2.809 2.665 2.648 0.000 
8.250 1.260 1.337 1.920 2.263 2.604 2.758 2.957 3.010 3.053 2.983 3.041 3.103 3.103 3.082 3.170 3.229 3.202 3.149 3.048 2.978 2.807 2.662 2.644 0.000 
8.250 1.580 1.333 1.915 2.257 2.595 2.749 2.948 3.001 3.044 2.976 3.034 3.095 3.095 3.076 3.164 3.223 3.197 3.145 3.044 2.975 2.804 2.658 2.640 0.000 
8.250 2.000 1.329 1.910 2.249 2.585 2.739 2.937 2.991 3.033 2.968 3.024 3.086 3.086 3.069 3.156 3.216 3.191 3.140 3.040 2.970 2.800 2.653 2.635 0.000 
8.250 2.510 1.323 1.903 2.239 2.571 2.727 2.924 2.978 3.020 2.957 3.013 3.074 3.075 3.059 3.147 3.208 3.184 3.133 3.034 2.965 2.795 2.647 2.628 0.000 
8.250 3.160 1.316 1.894 2.228 2.555 2.712 2.907 2.963 3.003 2.944 3.000 3.059 3.062 3.048 3.136 3.197 3.174 3.125 3.027 2.958 2.789 2.639 2.620 0.000 
8.250 3.980 1.307 1.884 2.213 2.536 2.693 2.888 2.944 2.984 2.928 2.983 3.041 3.045 3.034 3.122 3.184 3.163 3.115 3.018 2.950 2.781 2.630 2.610 0.000 
8.250 5.010 1.296 1.871 2.195 2.512 2.671 2.864 2.921 2.960 2.908 2.963 3.020 3.025 3.017 3.105 3.168 3.149 3.102 3.007 2.940 2.771 2.618 2.598 0.000 
8.250 6.310 1.283 1.855 2.174 2.484 2.645 2.836 2.894 2.932 2.885 2.938 2.994 3.001 2.996 3.084 3.149 3.131 3.087 2.994 2.927 2.759 2.604 2.583 0.000 
8.250 7.940 1.266 1.835 2.148 2.451 2.613 2.802 2.862 2.898 2.857 2.909 2.963 2.972 2.971 3.060 3.125 3.110 3.068 2.977 2.911 2.744 2.586 2.564 0.000 
8.250 10.000 1.246 1.811 2.117 2.412 2.576 2.763 2.825 2.860 2.824 2.875 2.927 2.938 2.941 3.030 3.097 3.084 3.044 2.956 2.892 2.725 2.564 2.541 0.000 
8.250 12.590 1.223 1.783 2.081 2.368 2.534 2.718 2.782 2.815 2.785 2.835 2.885 2.898 2.906 2.995 3.063 3.053 3.016 2.931 2.868 2.702 2.537 2.513 0.000 
8.250 15.850 1.194 1.750 2.040 2.317 2.485 2.667 2.732 2.764 2.741 2.789 2.837 2.852 2.865 2.953 3.023 3.016 2.982 2.900 2.838 2.674 2.505 2.479 0.000 
8.250 19.950 1.161 1.710 1.991 2.261 2.430 2.609 2.676 2.706 2.689 2.736 2.782 2.799 2.817 2.905 2.976 2.972 2.941 2.863 2.802 2.639 2.465 2.439 0.000 
8.250 25.120 1.121 1.664 1.937 2.198 2.368 2.545 2.613 2.642 2.631 2.677 2.720 2.739 2.762 2.850 2.921 2.920 2.892 2.818 2.759 2.597 2.418 2.390 0.000 
8.250 31.620 1.076 1.611 1.875 2.128 2.299 2.474 2.543 2.571 2.566 2.610 2.652 2.673 2.700 2.787 2.858 2.859 2.834 2.764 2.706 2.546 2.362 2.334 0.000 
8.250 39.810 1.024 1.551 1.806 2.053 2.224 2.397 2.466 2.494 2.494 2.537 2.576 2.598 2.630 2.716 2.787 2.789 2.766 2.699 2.643 2.484 2.295 2.267 0.000 
8.250 50.120 0.964 1.483 1.731 1.972 2.143 2.313 2.383 2.410 2.415 2.456 2.493 2.517 2.552 2.636 2.706 2.709 2.687 2.623 2.568 2.409 2.216 2.189 0.000 
8.250 63.100 0.898 1.406 1.648 1.884 2.055 2.223 2.293 2.319 2.329 2.368 2.403 2.428 2.466 2.548 2.615 2.617 2.596 2.534 2.478 2.319 2.124 2.100 0.000 
8.250 79.430 0.823 1.321 1.558 1.792 1.961 2.126 2.195 2.222 2.235 2.272 2.306 2.331 2.371 2.449 2.513 2.512 2.491 2.429 2.373 2.212 2.016 1.996 0.000 
8.250 100.000 0.739 1.227 1.460 1.693 1.860 2.023 2.091 2.118 2.133 2.169 2.201 2.225 2.267 2.341 2.399 2.393 2.369 2.307 2.248 2.086 1.891 1.877 0.000 
8.250 125.890 0.647 1.122 1.355 1.588 1.751 1.912 1.978 2.007 2.024 2.057 2.087 2.111 2.152 2.221 2.271 2.257 2.229 2.165 2.102 1.935 1.745 1.740 0.000 
8.250 158.490 0.544 1.008 1.240 1.477 1.635 1.793 1.857 1.887 1.905 1.936 1.964 1.986 2.027 2.088 2.127 2.103 2.068 1.998 1.929 1.756 1.575 1.583 0.000 
8.250 199.530 0.430 0.881 1.117 1.359 1.511 1.665 1.725 1.758 1.776 1.805 1.829 1.850 1.888 1.940 1.965 1.926 1.881 1.803 1.725 1.544 1.376 1.401 0.000 
8.250 251.190 0.302 0.741 0.982 1.232 1.375 1.526 1.582 1.618 1.634 1.660 1.682 1.700 1.735 1.774 1.781 1.722 1.664 1.574 1.484 1.291 1.143 1.190 0.000 
8.250 316.230 0.158 0.584 0.834 1.096 1.228 1.375 1.424 1.465 1.479 1.501 1.520 1.534 1.563 1.586 1.571 1.486 1.410 1.303 1.198 0.988 0.868 0.943 0.000 
8.250 398.110 -0.005 0.408 0.671 0.947 1.066 1.207 1.249 1.295 1.306 1.324 1.338 1.347 1.369 1.373 1.328 1.209 1.111 0.982 0.855 0.624 0.541 0.653 0.000 
8.250 501.190 -0.191 0.209 0.488 0.785 0.886 1.021 1.052 1.106 1.112 1.124 1.134 1.136 1.148 1.126 1.045 0.884 0.755 0.597 0.444 0.185 0.150 0.309 0.000 
8.250 630.960 -0.405 -0.019 0.282 0.605 0.683 0.810 0.828 0.892 0.891 0.896 0.900 0.894 0.893 0.840 0.712 0.496 0.329 0.134 -0.054 -0.348 -0.320 -0.102 0.000 
8.250 794.330 -0.655 -0.283 0.047 0.402 0.453 0.569 0.572 0.647 0.638 0.634 0.631 0.613 0.596 0.504 0.316 0.032 -0.184 -0.427 -0.658 -0.997 -0.890 -0.597 0.000 
8.250 1000.000 -0.950 -0.591 -0.225 0.173 0.188 0.291 0.273 0.364 0.343 0.329 0.317 0.285 0.247 0.104 -0.158 -0.529 -0.807 -1.110 -1.397 -1.793 -1.584 -1.196 0.000 
8.500 1.000 1.360 1.938 2.291 2.636 2.787 2.986 3.031 3.071 2.992 3.048 3.110 3.106 3.082 3.176 3.238 3.214 3.159 3.055 2.985 2.815 2.669 2.652 0.000 
8.500 1.260 1.358 1.935 2.287 2.630 2.782 2.980 3.026 3.066 2.988 3.043 3.105 3.102 3.078 3.172 3.235 3.211 3.156 3.053 2.983 2.812 2.666 2.650 0.000 
8.500 1.580 1.355 1.932 2.282 2.623 2.776 2.973 3.019 3.059 2.982 3.038 3.099 3.096 3.073 3.167 3.230 3.207 3.153 3.050 2.980 2.810 2.663 2.646 0.000 
8.500 2.000 1.352 1.927 2.276 2.614 2.768 2.964 3.011 3.050 2.976 3.030 3.091 3.089 3.067 3.161 3.224 3.202 3.148 3.046 2.976 2.806 2.659 2.642 0.000 
8.500 2.510 1.347 1.922 2.268 2.604 2.758 2.954 3.001 3.040 2.967 3.022 3.082 3.080 3.060 3.154 3.217 3.196 3.143 3.041 2.972 2.802 2.654 2.637 0.000 
8.500 3.160 1.342 1.915 2.258 2.591 2.746 2.940 2.989 3.027 2.957 3.011 3.070 3.069 3.051 3.145 3.209 3.188 3.136 3.035 2.966 2.797 2.647 2.630 0.000 
8.500 3.980 1.335 1.906 2.246 2.575 2.731 2.924 2.974 3.011 2.944 2.997 3.056 3.056 3.040 3.133 3.198 3.178 3.127 3.028 2.959 2.790 2.640 2.622 0.000 
8.500 5.010 1.326 1.896 2.232 2.555 2.713 2.905 2.955 2.992 2.929 2.981 3.039 3.040 3.026 3.120 3.185 3.166 3.117 3.019 2.950 2.782 2.630 2.612 0.000 
8.500 6.310 1.316 1.883 2.215 2.532 2.691 2.882 2.933 2.968 2.910 2.961 3.017 3.020 3.009 3.103 3.168 3.152 3.104 3.007 2.940 2.772 2.618 2.599 0.000 
8.500 7.940 1.303 1.867 2.193 2.504 2.664 2.854 2.907 2.941 2.887 2.937 2.992 2.996 2.988 3.082 3.148 3.134 3.087 2.993 2.926 2.759 2.603 2.583 0.000 
8.500 10.000 1.287 1.847 2.168 2.471 2.633 2.820 2.875 2.908 2.859 2.909 2.962 2.967 2.963 3.057 3.124 3.111 3.067 2.975 2.909 2.743 2.584 2.564 0.000 
8.500 12.590 1.267 1.824 2.137 2.433 2.597 2.782 2.838 2.869 2.827 2.875 2.926 2.934 2.934 3.027 3.095 3.084 3.043 2.953 2.888 2.723 2.561 2.540 0.000 
8.500 15.850 1.244 1.796 2.101 2.389 2.554 2.737 2.795 2.825 2.788 2.836 2.884 2.894 2.899 2.991 3.060 3.052 3.013 2.926 2.863 2.698 2.533 2.511 0.000 
8.500 19.950 1.216 1.762 2.060 2.339 2.506 2.686 2.746 2.774 2.744 2.790 2.836 2.848 2.857 2.949 3.018 3.013 2.977 2.894 2.831 2.667 2.498 2.476 0.000 
8.500 25.120 1.182 1.722 2.011 2.282 2.450 2.628 2.689 2.717 2.693 2.737 2.781 2.795 2.809 2.900 2.970 2.967 2.933 2.853 2.792 2.630 2.456 2.434 0.000 
8.500 31.620 1.143 1.676 1.956 2.219 2.388 2.564 2.626 2.652 2.635 2.677 2.719 2.735 2.754 2.843 2.913 2.912 2.881 2.805 2.745 2.583 2.406 2.383 0.000 
8.500 39.810 1.097 1.622 1.894 2.149 2.319 2.492 2.556 2.581 2.569 2.610 2.650 2.667 2.690 2.778 2.847 2.847 2.819 2.747 2.688 2.527 2.345 2.323 0.000 
8.500 50.120 1.044 1.560 1.824 2.073 2.243 2.413 2.478 2.502 2.497 2.536 2.573 2.591 2.619 2.704 2.772 2.773 2.746 2.677 2.619 2.458 2.273 2.252 0.000 
8.500 63.100 0.983 1.490 1.747 1.990 2.160 2.328 2.393 2.417 2.416 2.453 2.488 2.508 2.539 2.621 2.687 2.686 2.661 2.594 2.536 2.376 2.188 2.169 0.000 
8.500 79.430 0.914 1.411 1.662 1.901 2.070 2.235 2.300 2.324 2.327 2.363 2.395 2.416 2.449 2.528 2.590 2.587 2.561 2.496 2.437 2.276 2.086 2.072 0.000 
8.500 100.000 0.836 1.322 1.569 1.806 1.973 2.136 2.199 2.224 2.230 2.264 2.294 2.315 2.350 2.424 2.480 2.472 2.445 2.380 2.319 2.155 1.967 1.959 0.000 
8.500 125.890 0.748 1.223 1.467 1.704 1.868 2.028 2.090 2.116 2.124 2.156 2.184 2.204 2.240 2.308 2.356 2.341 2.310 2.243 2.178 2.011 1.827 1.828 0.000 
8.500 158.490 0.650 1.113 1.356 1.595 1.755 1.912 1.972 1.999 2.009 2.038 2.064 2.082 2.118 2.179 2.216 2.190 2.154 2.081 2.012 1.839 1.663 1.676 0.000 
8.500 199.530 0.539 0.990 1.235 1.479 1.632 1.786 1.842 1.872 1.883 1.909 1.932 1.949 1.983 2.033 2.057 2.017 1.971 1.891 1.813 1.632 1.469 1.498 0.000 
8.500 251.190 0.414 0.853 1.103 1.354 1.499 1.649 1.701 1.734 1.744 1.767 1.787 1.801 1.832 1.870 1.876 1.816 1.757 1.666 1.577 1.384 1.240 1.291 0.000 
8.500 316.230 0.273 0.699 0.957 1.219 1.353 1.498 1.545 1.582 1.590 1.610 1.626 1.636 1.662 1.685 1.668 1.582 1.506 1.399 1.294 1.086 0.968 1.048 0.000 
8.500 398.110 0.113 0.525 0.795 1.072 1.192 1.332 1.371 1.413 1.419 1.434 1.446 1.451 1.470 1.473 1.427 1.308 1.209 1.081 0.956 0.726 0.644 0.760 0.000 
8.500 501.190 -0.071 0.328 0.614 0.910 1.013 1.146 1.175 1.225 1.226 1.235 1.243 1.241 1.250 1.228 1.145 0.984 0.855 0.699 0.547 0.290 0.256 0.418 0.000 
8.500 630.960 -0.284 0.102 0.409 0.731 0.812 0.937 0.952 1.012 1.006 1.008 1.010 1.000 0.996 0.943 0.813 0.598 0.431 0.238 0.052 -0.239 -0.212 0.009 0.000 
8.500 794.330 -0.533 -0.161 0.174 0.529 0.582 0.697 0.696 0.768 0.754 0.747 0.742 0.720 0.701 0.607 0.418 0.134 -0.081 -0.321 -0.550 -0.886 -0.781 -0.484 0.000 
8.500 1000.000 -0.827 -0.468 -0.097 0.300 0.317 0.419 0.399 0.485 0.460 0.443 0.428 0.393 0.352 0.209 -0.055 -0.426 -0.702 -1.003 -1.287 -1.680 -1.473 -1.082 0.000 
8.750 1.000 1.371 1.943 2.304 2.651 2.802 2.999 3.039 3.076 2.989 3.043 3.105 3.099 3.071 3.173 3.240 3.220 3.163 3.058 2.988 2.819 2.672 2.656 0.000 
8.750 1.260 1.370 1.941 2.301 2.647 2.798 2.995 3.035 3.072 2.986 3.039 3.101 3.095 3.068 3.170 3.237 3.217 3.161 3.056 2.986 2.818 2.670 2.654 0.000 
8.750 1.580 1.368 1.938 2.297 2.641 2.793 2.989 3.029 3.066 2.982 3.035 3.097 3.091 3.065 3.166 3.233 3.214 3.158 3.054 2.984 2.815 2.667 2.651 0.000 
8.750 2.000 1.365 1.935 2.292 2.634 2.787 2.982 3.023 3.060 2.976 3.029 3.091 3.085 3.060 3.162 3.228 3.210 3.154 3.050 2.981 2.812 2.664 2.648 0.000 
8.750 2.510 1.361 1.930 2.286 2.626 2.779 2.974 3.015 3.051 2.970 3.022 3.083 3.078 3.054 3.156 3.223 3.204 3.149 3.046 2.977 2.809 2.660 2.644 0.000 
8.750 3.160 1.357 1.925 2.278 2.615 2.769 2.963 3.005 3.041 2.962 3.014 3.074 3.069 3.047 3.148 3.215 3.198 3.144 3.041 2.972 2.804 2.654 2.638 0.000 
8.750 3.980 1.352 1.918 2.269 2.602 2.757 2.950 2.993 3.028 2.952 3.003 3.062 3.059 3.038 3.139 3.206 3.190 3.136 3.035 2.966 2.798 2.648 2.631 0.000 
8.750 5.010 1.345 1.909 2.257 2.586 2.742 2.935 2.978 3.013 2.939 2.990 3.048 3.046 3.027 3.127 3.195 3.180 3.127 3.027 2.959 2.791 2.639 2.623 0.000 
8.750 6.310 1.337 1.899 2.243 2.567 2.724 2.915 2.960 2.994 2.924 2.974 3.031 3.029 3.013 3.113 3.182 3.167 3.116 3.017 2.949 2.782 2.629 2.612 0.000 
8.750 7.940 1.326 1.886 2.225 2.544 2.703 2.892 2.939 2.971 2.905 2.955 3.010 3.010 2.996 3.096 3.165 3.152 3.102 3.005 2.937 2.771 2.616 2.599 0.000 
8.750 10.000 1.314 1.870 2.204 2.517 2.677 2.865 2.912 2.944 2.883 2.931 2.985 2.986 2.976 3.075 3.144 3.133 3.085 2.990 2.923 2.757 2.600 2.583 0.000 
8.750 12.590 1.298 1.850 2.179 2.484 2.646 2.832 2.881 2.911 2.856 2.903 2.955 2.958 2.951 3.050 3.119 3.109 3.064 2.971 2.905 2.739 2.580 2.562 0.000 
8.750 15.850 1.279 1.827 2.148 2.446 2.610 2.793 2.845 2.873 2.824 2.870 2.920 2.924 2.921 3.019 3.089 3.081 3.038 2.947 2.882 2.717 2.556 2.538 0.000 
8.750 19.950 1.256 1.798 2.113 2.402 2.567 2.749 2.802 2.829 2.786 2.830 2.878 2.884 2.886 2.982 3.053 3.047 3.006 2.918 2.854 2.690 2.525 2.507 0.000 
8.750 25.120 1.228 1.764 2.071 2.352 2.519 2.697 2.752 2.778 2.741 2.785 2.830 2.838 2.844 2.939 3.009 3.005 2.967 2.883 2.820 2.657 2.488 2.470 0.000 
8.750 31.620 1.194 1.724 2.022 2.295 2.463 2.639 2.696 2.720 2.690 2.732 2.775 2.785 2.796 2.889 2.958 2.956 2.920 2.839 2.777 2.615 2.443 2.426 0.000 
8.750 39.810 1.154 1.677 1.966 2.231 2.400 2.574 2.632 2.655 2.632 2.672 2.712 2.724 2.739 2.830 2.899 2.897 2.864 2.786 2.725 2.564 2.389 2.372 0.000 
8.750 50.120 1.108 1.622 1.903 2.160 2.330 2.501 2.560 2.583 2.565 2.603 2.641 2.655 2.674 2.763 2.830 2.828 2.797 2.723 2.662 2.501 2.323 2.308 0.000 
8.750 63.100 1.053 1.558 1.831 2.083 2.253 2.421 2.481 2.503 2.491 2.527 2.562 2.577 2.601 2.685 2.750 2.748 2.718 2.646 2.586 2.424 2.244 2.231 0.000 
8.750 79.430 0.990 1.485 1.752 1.999 2.168 2.334 2.393 2.415 2.408 2.442 2.475 2.490 2.517 2.598 2.658 2.654 2.624 2.554 2.493 2.331 2.149 2.141 0.000 
8.750 100.000 0.918 1.403 1.664 1.908 2.075 2.238 2.297 2.319 2.317 2.349 2.379 2.394 2.423 2.499 2.554 2.545 2.514 2.444 2.382 2.217 2.037 2.034 0.000 
8.750 125.890 0.836 1.309 1.567 1.809 1.974 2.134 2.192 2.215 2.215 2.245 2.272 2.288 2.318 2.388 2.434 2.418 2.384 2.313 2.248 2.080 1.903 1.909 0.000 
8.750 158.490 0.742 1.204 1.460 1.704 1.864 2.021 2.077 2.101 2.104 2.131 2.156 2.170 2.201 2.262 2.298 2.272 2.233 2.158 2.087 1.914 1.744 1.763 0.000 
8.750 199.530 0.636 1.086 1.343 1.590 1.744 1.897 1.951 1.977 1.981 2.005 2.027 2.040 2.069 2.121 2.143 2.102 2.054 1.973 1.894 1.713 1.556 1.590 0.000 
8.750 251.190 0.515 0.952 1.213 1.467 1.613 1.763 1.812 1.841 1.845 1.866 1.885 1.895 1.922 1.960 1.965 1.905 1.845 1.752 1.663 1.471 1.331 1.388 0.000 
8.750 316.230 0.377 0.802 1.070 1.334 1.470 1.614 1.657 1.691 1.694 1.711 1.726 1.733 1.755 1.777 1.759 1.674 1.597 1.490 1.386 1.178 1.064 1.148 0.000 
8.750 398.110 0.219 0.631 0.910 1.188 1.310 1.449 1.485 1.525 1.524 1.537 1.548 1.549 1.565 1.567 1.520 1.402 1.303 1.175 1.051 0.823 0.744 0.864 0.000 
8.750 501.190 0.037 0.436 0.730 1.028 1.133 1.265 1.291 1.337 1.333 1.340 1.346 1.341 1.347 1.324 1.240 1.080 0.952 0.796 0.646 0.392 0.359 0.525 0.000 
8.750 630.960 -0.174 0.212 0.527 0.849 0.932 1.056 1.069 1.125 1.115 1.115 1.114 1.101 1.095 1.041 0.910 0.695 0.529 0.338 0.154 -0.134 -0.107 0.118 0.000 
8.750 794.330 -0.421 -0.049 0.293 0.648 0.703 0.817 0.814 0.882 0.863 0.855 0.847 0.822 0.800 0.706 0.516 0.233 0.019 -0.219 -0.445 -0.779 -0.673 -0.373 0.000 
8.750 1000.000 -0.714 -0.355 0.023 0.420 0.439 0.540 0.517 0.600 0.571 0.551 0.534 0.495 0.453 0.309 0.044 -0.325 -0.601 -0.899 -1.180 -1.570 -1.364 -0.969 0.000 
9.000 1.000 1.373 1.939 2.308 2.658 2.809 3.005 3.039 3.074 2.981 3.032 3.095 3.086 3.057 3.167 3.238 3.223 3.165 3.060 2.990 2.824 2.675 2.660 0.000 
9.000 1.260 1.372 1.937 2.306 2.655 2.806 3.002 3.036 3.071 2.978 3.030 3.092 3.083 3.054 3.164 3.235 3.220 3.163 3.058 2.988 2.823 2.673 2.658 0.000 
9.000 1.580 1.370 1.935 2.303 2.650 2.802 2.997 3.032 3.067 2.975 3.026 3.088 3.080 3.051 3.161 3.232 3.218 3.160 3.056 2.986 2.821 2.671 2.656 0.000 
9.000 2.000 1.368 1.932 2.299 2.645 2.797 2.992 3.027 3.061 2.971 3.022 3.083 3.075 3.048 3.157 3.228 3.214 3.157 3.053 2.984 2.818 2.668 2.653 0.000 
9.000 2.510 1.366 1.929 2.294 2.638 2.790 2.985 3.021 3.055 2.965 3.016 3.077 3.070 3.043 3.152 3.224 3.210 3.153 3.049 2.980 2.815 2.664 2.649 0.000 
9.000 3.160 1.362 1.924 2.288 2.629 2.783 2.977 3.013 3.047 2.959 3.010 3.070 3.063 3.037 3.146 3.218 3.204 3.148 3.045 2.976 2.811 2.660 2.645 0.000 
9.000 3.980 1.358 1.919 2.280 2.619 2.773 2.966 3.003 3.037 2.951 3.001 3.061 3.054 3.030 3.138 3.210 3.197 3.142 3.040 2.971 2.806 2.654 2.639 0.000 
9.000 5.010 1.353 1.912 2.271 2.606 2.761 2.954 2.991 3.024 2.941 2.991 3.050 3.044 3.021 3.129 3.201 3.189 3.134 3.033 2.964 2.799 2.647 2.632 0.000 
9.000 6.310 1.347 1.903 2.259 2.591 2.747 2.938 2.977 3.009 2.929 2.978 3.036 3.031 3.010 3.117 3.189 3.178 3.125 3.024 2.956 2.791 2.638 2.623 0.000 
9.000 7.940 1.338 1.893 2.245 2.572 2.729 2.919 2.959 2.990 2.914 2.962 3.019 3.015 2.996 3.103 3.175 3.165 3.113 3.013 2.946 2.781 2.627 2.612 0.000 
9.000 10.000 1.328 1.880 2.228 2.549 2.708 2.896 2.938 2.968 2.895 2.943 2.998 2.995 2.979 3.085 3.158 3.148 3.098 3.000 2.933 2.769 2.613 2.598 0.000 
9.000 12.590 1.316 1.864 2.207 2.522 2.682 2.869 2.912 2.940 2.873 2.920 2.973 2.972 2.959 3.064 3.136 3.128 3.079 2.983 2.917 2.753 2.596 2.581 0.000 
9.000 15.850 1.300 1.844 2.181 2.489 2.651 2.836 2.881 2.908 2.846 2.892 2.943 2.943 2.934 3.038 3.110 3.103 3.057 2.963 2.897 2.734 2.574 2.559 0.000 
9.000 19.950 1.281 1.820 2.151 2.451 2.615 2.797 2.844 2.870 2.814 2.858 2.908 2.910 2.904 3.006 3.078 3.073 3.028 2.937 2.872 2.709 2.548 2.533 0.000 
9.000 25.120 1.258 1.791 2.115 2.407 2.572 2.753 2.801 2.826 2.777 2.819 2.866 2.870 2.868 2.969 3.040 3.036 2.994 2.905 2.841 2.679 2.515 2.501 0.000 
9.000 31.620 1.230 1.757 2.072 2.356 2.523 2.701 2.752 2.775 2.732 2.773 2.818 2.823 2.826 2.924 2.995 2.992 2.952 2.866 2.803 2.641 2.475 2.461 0.000 
9.000 39.810 1.196 1.716 2.023 2.299 2.467 2.642 2.694 2.717 2.681 2.720 2.761 2.768 2.776 2.872 2.941 2.939 2.901 2.819 2.756 2.594 2.426 2.413 0.000 
9.000 50.120 1.155 1.667 1.966 2.234 2.404 2.576 2.630 2.651 2.621 2.659 2.697 2.706 2.718 2.811 2.878 2.876 2.840 2.760 2.698 2.537 2.366 2.355 0.000 
9.000 63.100 1.107 1.610 1.901 2.163 2.332 2.502 2.556 2.577 2.554 2.589 2.625 2.635 2.651 2.740 2.804 2.801 2.767 2.689 2.627 2.466 2.293 2.285 0.000 
9.000 79.430 1.051 1.544 1.828 2.084 2.253 2.419 2.475 2.495 2.477 2.510 2.544 2.554 2.574 2.658 2.718 2.713 2.679 2.603 2.541 2.378 2.205 2.202 0.000 
9.000 100.000 0.984 1.468 1.745 1.997 2.165 2.329 2.384 2.404 2.391 2.422 2.453 2.464 2.487 2.565 2.619 2.609 2.574 2.500 2.436 2.271 2.099 2.102 0.000 
9.000 125.890 0.908 1.380 1.654 1.903 2.068 2.229 2.284 2.304 2.296 2.324 2.351 2.363 2.387 2.459 2.505 2.488 2.451 2.375 2.309 2.141 1.971 1.983 0.000 
9.000 158.490 0.820 1.281 1.551 1.801 1.962 2.120 2.172 2.195 2.189 2.215 2.239 2.250 2.275 2.338 2.374 2.347 2.304 2.226 2.154 1.981 1.819 1.843 0.000 
9.000 199.530 0.718 1.167 1.438 1.690 1.846 2.000 2.050 2.074 2.070 2.093 2.114 2.123 2.148 2.200 2.222 2.182 2.131 2.047 1.968 1.787 1.636 1.676 0.000 
9.000 251.190 0.602 1.039 1.312 1.570 1.718 1.867 1.914 1.941 1.938 1.957 1.975 1.982 2.004 2.043 2.048 1.988 1.926 1.832 1.743 1.552 1.417 1.479 0.000 
9.000 316.230 0.468 0.892 1.172 1.439 1.577 1.721 1.762 1.793 1.790 1.805 1.819 1.822 1.840 1.864 1.845 1.760 1.682 1.574 1.471 1.265 1.155 1.244 0.000 
9.000 398.110 0.314 0.725 1.014 1.295 1.419 1.558 1.592 1.628 1.623 1.633 1.643 1.641 1.653 1.656 1.609 1.491 1.392 1.263 1.141 0.915 0.839 0.964 0.000 
9.000 501.190 0.135 0.533 0.837 1.136 1.243 1.375 1.399 1.443 1.434 1.438 1.442 1.434 1.438 1.416 1.331 1.172 1.043 0.888 0.740 0.488 0.458 0.629 0.000 
9.000 630.960 -0.074 0.311 0.635 0.959 1.044 1.168 1.179 1.232 1.217 1.215 1.212 1.196 1.187 1.134 1.002 0.789 0.624 0.433 0.252 -0.034 -0.005 0.225 0.000 
9.000 794.330 -0.320 0.052 0.403 0.759 0.816 0.929 0.925 0.990 0.967 0.956 0.946 0.919 0.894 0.801 0.610 0.329 0.116 -0.121 -0.345 -0.674 -0.568 -0.264 0.000 
9.000 1000.000 -0.610 -0.252 0.134 0.531 0.553 0.653 0.629 0.708 0.675 0.653 0.634 0.593 0.548 0.404 0.139 -0.228 -0.503 -0.799 -1.077 -1.462 -1.257 -0.858 0.000 
9.250 1.000 1.366 1.926 2.304 2.657 2.808 3.004 3.033 3.066 2.966 3.016 3.079 3.068 3.037 3.156 3.232 3.223 3.164 3.059 2.991 2.829 2.678 2.664 0.000 
9.250 1.260 1.365 1.925 2.302 2.654 2.805 3.001 3.031 3.064 2.964 3.014 3.077 3.066 3.036 3.154 3.230 3.221 3.163 3.058 2.990 2.827 2.676 2.662 0.000 
9.250 1.580 1.364 1.923 2.300 2.651 2.802 2.998 3.027 3.060 2.962 3.011 3.074 3.063 3.033 3.151 3.228 3.219 3.161 3.056 2.988 2.825 2.674 2.660 0.000 
9.250 2.000 1.363 1.921 2.297 2.646 2.798 2.993 3.023 3.056 2.958 3.008 3.070 3.060 3.030 3.148 3.224 3.216 3.158 3.053 2.985 2.823 2.672 2.658 0.000 
9.250 2.510 1.360 1.918 2.293 2.641 2.793 2.988 3.019 3.051 2.954 3.004 3.065 3.055 3.026 3.144 3.220 3.212 3.155 3.050 2.983 2.820 2.668 2.654 0.000 
9.250 3.160 1.358 1.914 2.288 2.634 2.787 2.981 3.012 3.044 2.949 2.998 3.059 3.050 3.022 3.139 3.215 3.207 3.150 3.046 2.979 2.817 2.665 2.651 0.000 
9.250 3.980 1.355 1.910 2.282 2.626 2.779 2.973 3.005 3.036 2.943 2.992 3.052 3.043 3.016 3.133 3.209 3.201 3.145 3.042 2.974 2.812 2.660 2.646 0.000 
9.250 5.010 1.351 1.904 2.274 2.615 2.770 2.963 2.995 3.026 2.935 2.983 3.043 3.035 3.009 3.125 3.201 3.194 3.138 3.036 2.968 2.806 2.653 2.640 0.000 
9.250 6.310 1.346 1.897 2.265 2.603 2.758 2.950 2.984 3.014 2.925 2.973 3.032 3.024 3.000 3.115 3.192 3.185 3.130 3.028 2.961 2.799 2.646 2.632 0.000 
9.250 7.940 1.339 1.889 2.253 2.587 2.744 2.935 2.969 2.999 2.913 2.960 3.018 3.011 2.989 3.104 3.180 3.173 3.119 3.019 2.952 2.790 2.636 2.622 0.000 
9.250 10.000 1.331 1.878 2.239 2.568 2.726 2.916 2.952 2.980 2.898 2.945 3.001 2.995 2.975 3.089 3.165 3.159 3.106 3.007 2.941 2.779 2.624 2.610 0.000 
9.250 12.590 1.321 1.865 2.222 2.546 2.705 2.893 2.930 2.958 2.880 2.926 2.981 2.976 2.958 3.071 3.146 3.142 3.090 2.992 2.926 2.765 2.609 2.595 0.000 
9.250 15.850 1.309 1.848 2.200 2.518 2.679 2.865 2.904 2.931 2.858 2.903 2.956 2.952 2.937 3.049 3.124 3.120 3.070 2.974 2.908 2.747 2.590 2.577 0.000 
9.250 19.950 1.293 1.828 2.175 2.486 2.648 2.833 2.873 2.899 2.831 2.875 2.926 2.923 2.912 3.022 3.096 3.093 3.045 2.951 2.886 2.725 2.566 2.554 0.000 
9.250 25.120 1.274 1.804 2.144 2.448 2.612 2.794 2.837 2.861 2.799 2.841 2.890 2.889 2.882 2.989 3.063 3.061 3.015 2.922 2.858 2.697 2.537 2.526 0.000 
9.250 31.620 1.251 1.774 2.107 2.403 2.569 2.749 2.793 2.817 2.761 2.802 2.848 2.849 2.845 2.950 3.023 3.021 2.977 2.887 2.823 2.663 2.501 2.491 0.000 
9.250 39.810 1.222 1.739 2.064 2.352 2.519 2.697 2.743 2.765 2.716 2.755 2.799 2.801 2.801 2.903 2.974 2.973 2.931 2.844 2.781 2.620 2.456 2.448 0.000 
9.250 50.120 1.187 1.696 2.014 2.294 2.462 2.637 2.685 2.706 2.664 2.701 2.741 2.745 2.750 2.848 2.917 2.915 2.875 2.790 2.727 2.567 2.401 2.395 0.000 
9.250 63.100 1.145 1.646 1.956 2.229 2.398 2.569 2.619 2.639 2.603 2.638 2.676 2.681 2.690 2.784 2.849 2.846 2.807 2.725 2.662 2.500 2.334 2.332 0.000 
9.250 79.430 1.095 1.586 1.889 2.156 2.324 2.493 2.543 2.563 2.533 2.566 2.601 2.607 2.620 2.708 2.769 2.764 2.725 2.645 2.581 2.419 2.252 2.254 0.000 
9.250 100.000 1.035 1.516 1.812 2.074 2.242 2.407 2.458 2.478 2.454 2.484 2.516 2.523 2.539 2.621 2.676 2.666 2.627 2.547 2.482 2.318 2.153 2.161 0.000 
9.250 125.890 0.965 1.436 1.726 1.985 2.151 2.313 2.363 2.383 2.364 2.392 2.420 2.427 2.445 2.521 2.567 2.551 2.509 2.429 2.361 2.193 2.032 2.050 0.000 
9.250 158.490 0.882 1.342 1.629 1.887 2.049 2.208 2.257 2.278 2.263 2.288 2.313 2.319 2.339 2.405 2.441 2.414 2.369 2.286 2.214 2.041 1.886 1.916 0.000 
9.250 199.530 0.787 1.235 1.521 1.780 1.937 2.091 2.139 2.161 2.149 2.171 2.192 2.198 2.217 2.272 2.294 2.254 2.201 2.113 2.034 1.854 1.710 1.755 0.000 
9.250 251.190 0.675 1.111 1.399 1.663 1.812 1.963 2.006 2.031 2.021 2.039 2.057 2.060 2.078 2.120 2.124 2.065 2.001 1.904 1.815 1.624 1.497 1.564 0.000 
9.250 316.230 0.546 0.970 1.262 1.534 1.674 1.819 1.857 1.887 1.877 1.890 1.904 1.904 1.918 1.943 1.925 1.841 1.762 1.651 1.549 1.344 1.240 1.334 0.000 
9.250 398.110 0.395 0.807 1.107 1.393 1.519 1.658 1.690 1.724 1.713 1.722 1.730 1.726 1.734 1.739 1.692 1.576 1.475 1.346 1.224 1.000 0.929 1.059 0.000 
9.250 501.190 0.220 0.618 0.932 1.236 1.345 1.477 1.499 1.541 1.526 1.529 1.532 1.522 1.522 1.501 1.416 1.259 1.130 0.975 0.829 0.579 0.552 0.728 0.000 
9.250 630.960 0.014 0.399 0.733 1.060 1.147 1.271 1.281 1.331 1.312 1.308 1.304 1.285 1.274 1.221 1.090 0.879 0.713 0.524 0.345 0.062 0.094 0.328 0.000 
9.250 794.330 -0.229 0.143 0.502 0.861 0.921 1.034 1.028 1.091 1.064 1.051 1.040 1.010 0.983 0.890 0.700 0.421 0.208 -0.027 -0.248 -0.574 -0.466 -0.158 0.000 
9.250 1000.000 -0.518 -0.160 0.235 0.634 0.659 0.759 0.734 0.810 0.774 0.749 0.729 0.685 0.638 0.495 0.230 -0.135 -0.408 -0.702 -0.977 -1.359 -1.152 -0.750 0.000 
