AbrahamsonEtAl2015SInter as implemented in OpenQuake, distance is rrup. Log10 ground motion values in cgs units, PGV and Sa(T<0.1s) not valid
          10 31 24 : nmag, ndist, nperiod
          10.000 7.500 6.000 5.000 4.000 3.000 2.500 2.000 1.500 1.000 0.750 0.600 0.500 0.400 0.300 0.250 0.200 0.150 0.100 0.075 0.050 0.020 PGA PGV 
          0.740 0.740 0.740 0.740 0.740 0.740 0.740 0.740 0.740 0.740 0.740 0.740 0.740 0.740 0.740 0.740 0.740 0.740 0.740 0.740 0.740 0.740 0.740 0.000 
7.000 1.000 0.743 0.973 1.196 1.374 1.575 1.809 1.963 2.132 2.360 2.646 2.778 2.861 2.936 3.008 3.014 3.026 3.035 3.016 2.914 2.814 2.697 2.727 2.727 0.000 
7.000 1.260 0.739 0.968 1.191 1.369 1.569 1.804 1.957 2.126 2.353 2.639 2.771 2.854 2.928 3.001 3.007 3.019 3.029 3.009 2.908 2.807 2.690 2.720 2.720 0.000 
7.000 1.580 0.734 0.962 1.185 1.363 1.563 1.796 1.950 2.119 2.345 2.631 2.763 2.846 2.919 2.992 2.998 3.010 3.020 3.001 2.900 2.799 2.682 2.710 2.710 0.000 
7.000 2.000 0.728 0.956 1.178 1.355 1.554 1.788 1.941 2.109 2.335 2.620 2.752 2.835 2.908 2.981 2.987 3.000 3.010 2.991 2.890 2.789 2.671 2.699 2.699 0.000 
7.000 2.510 0.720 0.947 1.169 1.346 1.544 1.777 1.929 2.098 2.323 2.607 2.739 2.821 2.895 2.967 2.974 2.987 2.998 2.979 2.878 2.776 2.659 2.685 2.685 0.000 
7.000 3.160 0.710 0.937 1.158 1.334 1.532 1.764 1.916 2.083 2.308 2.592 2.723 2.805 2.878 2.950 2.958 2.971 2.982 2.964 2.863 2.761 2.643 2.667 2.667 0.000 
7.000 3.980 0.699 0.924 1.144 1.320 1.517 1.747 1.899 2.066 2.290 2.573 2.704 2.785 2.857 2.930 2.938 2.951 2.963 2.945 2.845 2.742 2.624 2.646 2.646 0.000 
7.000 5.010 0.685 0.909 1.128 1.303 1.499 1.728 1.879 2.045 2.268 2.550 2.680 2.761 2.833 2.905 2.914 2.927 2.940 2.922 2.822 2.719 2.601 2.621 2.621 0.000 
7.000 6.310 0.668 0.890 1.109 1.282 1.477 1.705 1.855 2.020 2.242 2.522 2.652 2.732 2.803 2.875 2.884 2.898 2.912 2.895 2.795 2.692 2.573 2.590 2.590 0.000 
7.000 7.940 0.648 0.868 1.085 1.258 1.452 1.677 1.826 1.990 2.211 2.489 2.618 2.698 2.767 2.839 2.849 2.863 2.877 2.861 2.762 2.658 2.539 2.553 2.553 0.000 
7.000 10.000 0.625 0.842 1.058 1.229 1.421 1.644 1.792 1.955 2.174 2.451 2.579 2.657 2.725 2.796 2.807 2.821 2.837 2.821 2.723 2.618 2.499 2.509 2.509 0.000 
7.000 12.590 0.597 0.812 1.026 1.195 1.386 1.606 1.753 1.914 2.132 2.405 2.532 2.609 2.676 2.746 2.758 2.771 2.788 2.773 2.677 2.571 2.451 2.458 2.458 0.000 
7.000 15.850 0.564 0.777 0.989 1.156 1.344 1.562 1.707 1.867 2.082 2.353 2.478 2.554 2.619 2.688 2.700 2.713 2.731 2.717 2.622 2.515 2.396 2.399 2.399 0.000 
7.000 19.950 0.527 0.736 0.946 1.110 1.297 1.511 1.655 1.813 2.025 2.293 2.417 2.491 2.553 2.621 2.633 2.646 2.665 2.651 2.558 2.451 2.331 2.331 2.331 0.000 
7.000 25.120 0.484 0.689 0.896 1.059 1.243 1.454 1.596 1.752 1.961 2.225 2.347 2.419 2.479 2.545 2.557 2.569 2.588 2.575 2.484 2.376 2.257 2.254 2.254 0.000 
7.000 31.620 0.434 0.636 0.840 1.000 1.182 1.389 1.528 1.682 1.888 2.148 2.268 2.338 2.395 2.460 2.471 2.481 2.502 2.489 2.400 2.292 2.174 2.168 2.168 0.000 
7.000 39.810 0.378 0.575 0.777 0.934 1.113 1.315 1.453 1.604 1.806 2.062 2.180 2.248 2.302 2.365 2.375 2.384 2.405 2.393 2.306 2.197 2.080 2.073 2.073 0.000 
7.000 50.120 0.313 0.506 0.705 0.859 1.035 1.233 1.368 1.516 1.714 1.965 2.081 2.148 2.199 2.260 2.268 2.276 2.298 2.286 2.201 2.092 1.977 1.969 1.969 0.000 
7.000 63.100 0.239 0.427 0.623 0.774 0.946 1.140 1.273 1.418 1.611 1.858 1.972 2.038 2.086 2.146 2.153 2.158 2.181 2.169 2.086 1.977 1.864 1.856 1.856 0.000 
7.000 79.430 0.154 0.337 0.530 0.677 0.846 1.035 1.165 1.307 1.496 1.738 1.850 1.915 1.961 2.020 2.026 2.031 2.054 2.042 1.962 1.852 1.743 1.735 1.735 0.000 
7.000 100.000 0.056 0.234 0.423 0.567 0.733 0.916 1.044 1.183 1.367 1.603 1.714 1.781 1.824 1.884 1.890 1.893 1.918 1.907 1.829 1.719 1.613 1.607 1.607 0.000 
7.000 125.890 -0.059 0.114 0.300 0.440 0.603 0.781 0.906 1.041 1.220 1.452 1.562 1.631 1.674 1.736 1.743 1.745 1.772 1.762 1.687 1.577 1.474 1.471 1.471 0.000 
7.000 158.490 -0.193 -0.025 0.157 0.293 0.452 0.625 0.747 0.879 1.053 1.281 1.391 1.464 1.508 1.574 1.584 1.586 1.617 1.608 1.537 1.427 1.328 1.327 1.327 0.000 
7.000 199.530 -0.351 -0.189 -0.011 0.122 0.277 0.444 0.564 0.692 0.860 1.084 1.197 1.277 1.323 1.396 1.413 1.416 1.451 1.446 1.378 1.268 1.173 1.176 1.176 0.000 
7.000 251.190 -0.540 -0.383 -0.209 -0.079 0.072 0.233 0.350 0.474 0.637 0.858 0.974 1.065 1.117 1.201 1.226 1.232 1.274 1.273 1.210 1.100 1.010 1.016 1.016 0.000 
7.000 316.230 -0.766 -0.615 -0.445 -0.319 -0.172 -0.016 0.098 0.219 0.376 0.595 0.717 0.822 0.883 0.983 1.022 1.032 1.084 1.090 1.033 0.923 0.837 0.848 0.848 0.000 
7.000 398.110 -1.040 -0.895 -0.728 -0.606 -0.462 -0.313 -0.201 -0.085 0.067 0.285 0.415 0.542 0.615 0.738 0.796 0.814 0.879 0.895 0.845 0.735 0.654 0.669 0.669 0.000 
7.000 501.190 -1.372 -1.234 -1.071 -0.953 -0.813 -0.669 -0.560 -0.448 -0.302 -0.082 0.060 0.215 0.306 0.460 0.544 0.574 0.656 0.685 0.644 0.534 0.458 0.477 0.477 0.000 
7.000 630.960 -1.780 -1.647 -1.488 -1.374 -1.238 -1.100 -0.994 -0.885 -0.746 -0.522 -0.363 -0.171 -0.055 0.140 0.260 0.305 0.411 0.458 0.429 0.318 0.247 0.271 0.271 0.000 
7.000 794.330 -2.281 -2.154 -1.999 -1.889 -1.757 -1.624 -1.522 -1.417 -1.283 -1.053 -0.872 -0.630 -0.480 -0.232 -0.065 0.002 0.139 0.209 0.194 0.084 0.017 0.046 0.046 0.000 
7.000 1000.000 -2.900 -2.779 -2.628 -2.521 -2.393 -2.267 -2.167 -2.066 -1.938 -1.698 -1.487 -1.182 -0.987 -0.668 -0.440 -0.344 -0.167 -0.066 -0.063 -0.174 -0.236 -0.202 -0.202 0.000 
7.250 1.000 0.913 1.140 1.362 1.539 1.735 1.959 2.106 2.267 2.483 2.756 2.880 2.954 3.020 3.082 3.075 3.079 3.082 3.056 2.953 2.855 2.743 2.785 2.785 0.000 
7.250 1.260 0.910 1.136 1.358 1.534 1.730 1.953 2.100 2.261 2.477 2.750 2.874 2.948 3.014 3.075 3.069 3.073 3.076 3.051 2.948 2.849 2.737 2.778 2.778 0.000 
7.250 1.580 0.905 1.131 1.353 1.529 1.724 1.947 2.094 2.254 2.470 2.742 2.866 2.940 3.006 3.068 3.061 3.066 3.069 3.044 2.941 2.842 2.730 2.770 2.770 0.000 
7.250 2.000 0.900 1.125 1.346 1.522 1.717 1.939 2.085 2.246 2.461 2.733 2.856 2.931 2.996 3.058 3.052 3.057 3.060 3.035 2.933 2.833 2.721 2.760 2.760 0.000 
7.250 2.510 0.893 1.118 1.338 1.513 1.708 1.929 2.075 2.235 2.450 2.721 2.845 2.919 2.984 3.046 3.040 3.045 3.049 3.025 2.922 2.822 2.710 2.747 2.747 0.000 
7.250 3.160 0.884 1.108 1.328 1.503 1.697 1.917 2.063 2.222 2.437 2.707 2.830 2.904 2.969 3.031 3.026 3.031 3.036 3.011 2.909 2.809 2.696 2.732 2.732 0.000 
7.250 3.980 0.874 1.097 1.316 1.490 1.683 1.903 2.048 2.207 2.420 2.690 2.813 2.886 2.951 3.013 3.009 3.014 3.019 2.995 2.893 2.792 2.680 2.713 2.713 0.000 
7.250 5.010 0.861 1.083 1.301 1.474 1.667 1.885 2.029 2.188 2.400 2.669 2.792 2.865 2.929 2.991 2.988 2.993 2.999 2.975 2.874 2.772 2.659 2.691 2.691 0.000 
7.250 6.310 0.846 1.066 1.283 1.456 1.647 1.864 2.007 2.165 2.377 2.644 2.766 2.839 2.902 2.964 2.962 2.968 2.975 2.951 2.850 2.748 2.635 2.663 2.663 0.000 
7.250 7.940 0.828 1.046 1.262 1.433 1.623 1.838 1.981 2.137 2.348 2.614 2.735 2.807 2.870 2.932 2.931 2.937 2.945 2.922 2.822 2.719 2.605 2.630 2.630 0.000 
7.250 10.000 0.806 1.023 1.237 1.407 1.595 1.808 1.950 2.105 2.314 2.579 2.699 2.770 2.832 2.894 2.893 2.900 2.909 2.887 2.788 2.684 2.570 2.592 2.592 0.000 
7.250 12.590 0.781 0.995 1.207 1.375 1.562 1.773 1.913 2.067 2.275 2.537 2.656 2.727 2.787 2.849 2.849 2.856 2.866 2.845 2.747 2.642 2.528 2.546 2.546 0.000 
7.250 15.850 0.751 0.962 1.173 1.339 1.524 1.732 1.871 2.023 2.229 2.488 2.607 2.676 2.734 2.796 2.797 2.804 2.816 2.796 2.699 2.593 2.478 2.492 2.492 0.000 
7.250 19.950 0.716 0.924 1.132 1.297 1.480 1.684 1.822 1.972 2.175 2.432 2.549 2.617 2.674 2.735 2.737 2.744 2.757 2.738 2.642 2.536 2.421 2.431 2.431 0.000 
7.250 25.120 0.675 0.880 1.086 1.248 1.429 1.630 1.766 1.914 2.114 2.368 2.483 2.550 2.605 2.665 2.667 2.674 2.688 2.670 2.576 2.469 2.354 2.360 2.360 0.000 
7.250 31.620 0.628 0.829 1.033 1.192 1.371 1.568 1.702 1.848 2.045 2.295 2.409 2.474 2.527 2.585 2.588 2.594 2.610 2.592 2.501 2.393 2.278 2.281 2.281 0.000 
7.250 39.810 0.574 0.771 0.972 1.129 1.304 1.498 1.630 1.773 1.967 2.213 2.325 2.389 2.439 2.496 2.499 2.504 2.521 2.504 2.415 2.306 2.193 2.193 2.193 0.000 
7.250 50.120 0.513 0.705 0.903 1.057 1.229 1.418 1.548 1.689 1.879 2.120 2.231 2.293 2.341 2.397 2.399 2.403 2.421 2.405 2.318 2.209 2.097 2.095 2.095 0.000 
7.250 63.100 0.441 0.629 0.824 0.975 1.144 1.329 1.456 1.594 1.780 2.017 2.125 2.187 2.232 2.287 2.289 2.292 2.312 2.296 2.212 2.102 1.992 1.989 1.989 0.000 
7.250 79.430 0.359 0.542 0.734 0.881 1.047 1.227 1.352 1.487 1.668 1.900 2.007 2.069 2.112 2.167 2.169 2.171 2.191 2.177 2.095 1.985 1.877 1.874 1.874 0.000 
7.250 100.000 0.263 0.441 0.630 0.774 0.937 1.111 1.233 1.365 1.541 1.769 1.875 1.938 1.979 2.035 2.038 2.039 2.061 2.048 1.968 1.859 1.754 1.751 1.751 0.000 
7.250 125.890 0.152 0.324 0.509 0.650 0.809 0.979 1.098 1.227 1.398 1.621 1.727 1.792 1.833 1.891 1.896 1.896 1.921 1.909 1.833 1.723 1.621 1.620 1.620 0.000 
7.250 158.490 0.021 0.188 0.369 0.506 0.662 0.826 0.943 1.068 1.234 1.453 1.559 1.629 1.670 1.734 1.742 1.742 1.771 1.761 1.688 1.578 1.480 1.481 1.481 0.000 
7.250 199.530 -0.135 0.026 0.204 0.338 0.490 0.648 0.762 0.884 1.044 1.260 1.368 1.445 1.489 1.560 1.574 1.576 1.609 1.603 1.534 1.424 1.330 1.334 1.334 0.000 
7.250 251.190 -0.321 -0.165 0.009 0.139 0.287 0.440 0.551 0.669 0.824 1.037 1.148 1.236 1.286 1.368 1.391 1.396 1.437 1.435 1.371 1.261 1.171 1.178 1.178 0.000 
7.250 316.230 -0.545 -0.395 -0.224 -0.098 0.046 0.193 0.302 0.416 0.565 0.776 0.894 0.997 1.055 1.153 1.190 1.200 1.251 1.256 1.198 1.088 1.002 1.013 1.013 0.000 
7.250 398.110 -0.816 -0.671 -0.505 -0.383 -0.242 -0.101 0.005 0.115 0.259 0.470 0.595 0.719 0.791 0.911 0.968 0.985 1.049 1.064 1.014 0.903 0.822 0.837 0.837 0.000 
7.250 501.190 -1.146 -1.008 -0.845 -0.727 -0.590 -0.454 -0.351 -0.245 -0.107 0.105 0.243 0.395 0.484 0.636 0.719 0.747 0.829 0.858 0.816 0.706 0.629 0.649 0.649 0.000 
7.250 630.960 -1.551 -1.418 -1.259 -1.145 -1.012 -0.882 -0.782 -0.680 -0.548 -0.332 -0.178 0.012 0.126 0.319 0.437 0.482 0.587 0.633 0.603 0.493 0.421 0.445 0.445 0.000 
7.250 794.330 -2.050 -1.923 -1.768 -1.657 -1.528 -1.404 -1.307 -1.209 -1.082 -0.861 -0.684 -0.445 -0.297 -0.050 0.116 0.182 0.318 0.388 0.372 0.261 0.194 0.223 0.223 0.000 
7.250 1000.000 -2.666 -2.545 -2.394 -2.288 -2.162 -2.044 -1.950 -1.856 -1.735 -1.503 -1.296 -0.994 -0.801 -0.483 -0.256 -0.161 0.015 0.115 0.117 0.007 -0.055 -0.022 -0.022 0.000 
7.500 1.000 1.080 1.305 1.525 1.700 1.892 2.105 2.246 2.399 2.605 2.865 2.981 3.047 3.104 3.155 3.135 3.131 3.127 3.096 2.992 2.895 2.789 2.842 2.842 0.000 
7.500 1.260 1.077 1.301 1.521 1.696 1.888 2.101 2.241 2.394 2.599 2.860 2.975 3.041 3.098 3.149 3.129 3.126 3.122 3.091 2.987 2.890 2.784 2.836 2.836 0.000 
7.500 1.580 1.073 1.297 1.516 1.691 1.882 2.095 2.235 2.388 2.593 2.853 2.968 3.034 3.091 3.142 3.123 3.119 3.115 3.085 2.981 2.883 2.778 2.829 2.829 0.000 
7.500 2.000 1.068 1.291 1.511 1.685 1.876 2.088 2.228 2.380 2.585 2.845 2.960 3.026 3.083 3.134 3.115 3.111 3.108 3.077 2.974 2.876 2.770 2.820 2.820 0.000 
7.500 2.510 1.062 1.285 1.503 1.677 1.868 2.079 2.219 2.371 2.575 2.834 2.950 3.015 3.072 3.123 3.105 3.102 3.098 3.068 2.965 2.866 2.760 2.809 2.809 0.000 
7.500 3.160 1.054 1.276 1.494 1.668 1.858 2.068 2.208 2.359 2.563 2.822 2.937 3.002 3.059 3.110 3.092 3.089 3.087 3.056 2.953 2.854 2.748 2.795 2.795 0.000 
7.500 3.980 1.045 1.266 1.483 1.656 1.845 2.055 2.194 2.345 2.548 2.806 2.921 2.986 3.042 3.094 3.077 3.075 3.072 3.042 2.939 2.840 2.733 2.779 2.779 0.000 
7.500 5.010 1.034 1.253 1.470 1.642 1.830 2.039 2.177 2.328 2.531 2.787 2.902 2.967 3.023 3.075 3.059 3.056 3.055 3.025 2.922 2.822 2.715 2.759 2.759 0.000 
7.500 6.310 1.020 1.238 1.454 1.625 1.812 2.020 2.157 2.307 2.509 2.765 2.879 2.943 2.999 3.051 3.036 3.034 3.034 3.004 2.902 2.801 2.694 2.734 2.734 0.000 
7.500 7.940 1.003 1.220 1.435 1.605 1.791 1.996 2.133 2.282 2.483 2.737 2.851 2.915 2.970 3.022 3.009 3.007 3.008 2.979 2.877 2.776 2.668 2.705 2.705 0.000 
7.500 10.000 0.984 1.198 1.412 1.580 1.765 1.969 2.104 2.252 2.452 2.705 2.818 2.882 2.935 2.988 2.976 2.975 2.977 2.948 2.847 2.745 2.636 2.670 2.670 0.000 
7.500 12.590 0.960 1.172 1.384 1.551 1.735 1.936 2.071 2.217 2.415 2.666 2.778 2.842 2.895 2.947 2.936 2.936 2.939 2.912 2.812 2.708 2.599 2.629 2.629 0.000 
7.500 15.850 0.932 1.142 1.352 1.517 1.699 1.898 2.031 2.176 2.372 2.621 2.732 2.795 2.847 2.900 2.890 2.890 2.895 2.869 2.769 2.665 2.556 2.581 2.581 0.000 
7.500 19.950 0.900 1.106 1.314 1.478 1.657 1.853 1.985 2.129 2.322 2.569 2.679 2.741 2.791 2.844 2.836 2.836 2.843 2.817 2.719 2.614 2.504 2.526 2.526 0.000 
7.500 25.120 0.861 1.065 1.271 1.432 1.609 1.802 1.932 2.074 2.265 2.508 2.618 2.678 2.727 2.780 2.773 2.773 2.781 2.757 2.661 2.555 2.445 2.462 2.462 0.000 
7.500 31.620 0.817 1.017 1.221 1.379 1.554 1.743 1.871 2.011 2.200 2.440 2.547 2.607 2.654 2.706 2.700 2.701 2.711 2.688 2.594 2.487 2.377 2.389 2.389 0.000 
7.500 39.810 0.766 0.962 1.163 1.319 1.491 1.676 1.802 1.940 2.125 2.361 2.468 2.526 2.572 2.623 2.618 2.618 2.630 2.609 2.517 2.409 2.299 2.308 2.308 0.000 
7.500 50.120 0.707 0.899 1.096 1.250 1.419 1.600 1.724 1.859 2.040 2.273 2.377 2.436 2.479 2.530 2.525 2.525 2.539 2.518 2.429 2.321 2.212 2.217 2.217 0.000 
7.500 63.100 0.638 0.825 1.020 1.171 1.337 1.513 1.635 1.767 1.945 2.173 2.276 2.334 2.375 2.426 2.422 2.421 2.437 2.418 2.331 2.222 2.114 2.118 2.118 0.000 
7.500 79.430 0.559 0.741 0.933 1.080 1.243 1.414 1.534 1.663 1.836 2.060 2.162 2.220 2.260 2.311 2.308 2.306 2.324 2.306 2.222 2.113 2.007 2.009 2.009 0.000 
7.500 100.000 0.466 0.643 0.832 0.975 1.135 1.302 1.419 1.545 1.713 1.933 2.034 2.093 2.132 2.184 2.183 2.181 2.201 2.184 2.103 1.994 1.890 1.892 1.892 0.000 
7.500 125.890 0.357 0.529 0.714 0.854 1.011 1.172 1.287 1.409 1.573 1.788 1.889 1.951 1.989 2.045 2.046 2.044 2.067 2.052 1.974 1.865 1.764 1.766 1.766 0.000 
7.500 158.490 0.228 0.395 0.577 0.713 0.866 1.022 1.134 1.253 1.412 1.623 1.725 1.792 1.831 1.891 1.896 1.895 1.922 1.910 1.836 1.726 1.629 1.632 1.632 0.000 
7.500 199.530 0.075 0.237 0.414 0.547 0.697 0.847 0.956 1.072 1.225 1.433 1.537 1.611 1.654 1.722 1.733 1.733 1.766 1.757 1.688 1.577 1.484 1.490 1.490 0.000 
7.500 251.190 -0.108 0.048 0.222 0.351 0.497 0.642 0.748 0.860 1.008 1.213 1.320 1.406 1.453 1.533 1.554 1.557 1.597 1.594 1.529 1.419 1.329 1.338 1.338 0.000 
7.500 316.230 -0.329 -0.179 -0.009 0.117 0.259 0.398 0.502 0.610 0.752 0.956 1.069 1.169 1.226 1.322 1.357 1.365 1.415 1.419 1.361 1.250 1.165 1.177 1.177 0.000 
7.500 398.110 -0.598 -0.453 -0.287 -0.165 -0.027 0.107 0.207 0.312 0.449 0.652 0.773 0.895 0.964 1.083 1.138 1.154 1.217 1.231 1.180 1.070 0.989 1.005 1.005 0.000 
7.500 501.190 -0.926 -0.787 -0.624 -0.506 -0.372 -0.244 -0.146 -0.046 0.085 0.290 0.424 0.573 0.661 0.811 0.892 0.920 1.001 1.029 0.987 0.876 0.799 0.819 0.819 0.000 
7.500 630.960 -1.328 -1.195 -1.036 -0.922 -0.792 -0.670 -0.575 -0.478 -0.353 -0.145 0.006 0.193 0.306 0.497 0.614 0.658 0.762 0.808 0.777 0.667 0.595 0.619 0.619 0.000 
7.500 794.330 -1.824 -1.697 -1.542 -1.432 -1.305 -1.189 -1.097 -1.004 -0.885 -0.670 -0.497 -0.261 -0.114 0.131 0.295 0.361 0.496 0.565 0.549 0.438 0.371 0.400 0.400 0.000 
7.500 1000.000 -2.438 -2.317 -2.165 -2.059 -1.937 -1.826 -1.737 -1.649 -1.535 -1.310 -1.107 -0.807 -0.616 -0.300 -0.074 0.020 0.195 0.295 0.297 0.187 0.124 0.158 0.158 0.000 
7.750 1.000 1.185 1.408 1.626 1.799 1.987 2.191 2.344 2.511 2.722 2.974 3.081 3.139 3.187 3.227 3.194 3.182 3.170 3.134 3.030 2.935 2.835 2.899 2.899 0.000 
7.750 1.260 1.183 1.404 1.622 1.796 1.983 2.187 2.339 2.506 2.718 2.969 3.077 3.134 3.182 3.222 3.189 3.177 3.166 3.130 3.026 2.930 2.831 2.894 2.894 0.000 
7.750 1.580 1.179 1.400 1.618 1.791 1.979 2.182 2.334 2.501 2.712 2.963 3.071 3.128 3.176 3.216 3.183 3.172 3.161 3.124 3.020 2.925 2.825 2.887 2.887 0.000 
7.750 2.000 1.175 1.395 1.613 1.786 1.973 2.175 2.327 2.494 2.705 2.956 3.063 3.120 3.168 3.209 3.176 3.165 3.154 3.118 3.014 2.918 2.818 2.879 2.879 0.000 
7.750 2.510 1.169 1.389 1.606 1.779 1.965 2.168 2.319 2.485 2.696 2.947 3.054 3.111 3.159 3.199 3.167 3.156 3.146 3.110 3.006 2.909 2.809 2.870 2.870 0.000 
7.750 3.160 1.162 1.382 1.598 1.770 1.956 2.158 2.309 2.475 2.685 2.935 3.042 3.099 3.147 3.188 3.157 3.146 3.136 3.100 2.996 2.899 2.799 2.858 2.858 0.000 
7.750 3.980 1.154 1.373 1.589 1.760 1.945 2.146 2.297 2.462 2.672 2.921 3.028 3.085 3.133 3.174 3.143 3.132 3.123 3.087 2.983 2.886 2.785 2.843 2.843 0.000 
7.750 5.010 1.144 1.361 1.577 1.747 1.932 2.131 2.282 2.446 2.656 2.904 3.011 3.068 3.115 3.156 3.127 3.116 3.108 3.072 2.969 2.871 2.770 2.825 2.825 0.000 
7.750 6.310 1.131 1.347 1.562 1.732 1.915 2.114 2.263 2.427 2.636 2.883 2.990 3.047 3.094 3.135 3.107 3.097 3.089 3.054 2.950 2.852 2.750 2.803 2.803 0.000 
7.750 7.940 1.116 1.331 1.544 1.713 1.896 2.092 2.241 2.405 2.612 2.859 2.964 3.021 3.068 3.110 3.083 3.073 3.067 3.032 2.929 2.829 2.727 2.777 2.777 0.000 
7.750 10.000 1.098 1.311 1.523 1.690 1.872 2.067 2.215 2.377 2.583 2.829 2.934 2.991 3.037 3.079 3.054 3.045 3.039 3.005 2.902 2.802 2.700 2.746 2.746 0.000 
7.750 12.590 1.076 1.287 1.498 1.664 1.844 2.036 2.183 2.345 2.550 2.793 2.898 2.954 3.000 3.043 3.019 3.011 3.007 2.973 2.871 2.770 2.667 2.710 2.710 0.000 
7.750 15.850 1.051 1.259 1.468 1.632 1.811 2.001 2.146 2.306 2.510 2.752 2.856 2.911 2.956 3.000 2.978 2.970 2.968 2.935 2.834 2.732 2.628 2.667 2.667 0.000 
7.750 19.950 1.020 1.226 1.433 1.595 1.772 1.959 2.103 2.262 2.463 2.703 2.806 2.861 2.905 2.949 2.929 2.922 2.922 2.890 2.790 2.687 2.583 2.616 2.616 0.000 
7.750 25.120 0.984 1.187 1.392 1.552 1.727 1.911 2.054 2.210 2.409 2.646 2.749 2.804 2.846 2.890 2.873 2.866 2.868 2.838 2.739 2.635 2.530 2.559 2.559 0.000 
7.750 31.620 0.943 1.142 1.344 1.502 1.674 1.855 1.996 2.151 2.347 2.581 2.683 2.737 2.779 2.823 2.807 2.801 2.805 2.776 2.680 2.574 2.469 2.493 2.493 0.000 
7.750 39.810 0.894 1.089 1.289 1.445 1.614 1.791 1.930 2.083 2.276 2.507 2.608 2.661 2.701 2.746 2.732 2.726 2.732 2.705 2.611 2.504 2.399 2.418 2.418 0.000 
7.750 50.120 0.838 1.028 1.226 1.379 1.545 1.718 1.855 2.005 2.196 2.423 2.522 2.575 2.614 2.659 2.646 2.641 2.649 2.624 2.532 2.424 2.320 2.335 2.335 0.000 
7.750 63.100 0.772 0.958 1.153 1.302 1.466 1.635 1.769 1.917 2.103 2.327 2.425 2.478 2.515 2.561 2.550 2.545 2.556 2.532 2.443 2.335 2.230 2.242 2.242 0.000 
7.750 79.430 0.695 0.877 1.068 1.215 1.375 1.539 1.671 1.816 1.999 2.218 2.315 2.369 2.405 2.452 2.443 2.437 2.451 2.429 2.343 2.234 2.131 2.140 2.140 0.000 
7.750 100.000 0.605 0.781 0.970 1.113 1.270 1.429 1.559 1.701 1.879 2.094 2.190 2.246 2.281 2.330 2.324 2.318 2.335 2.315 2.232 2.123 2.022 2.029 2.029 0.000 
7.750 125.890 0.498 0.670 0.855 0.995 1.149 1.303 1.430 1.568 1.742 1.953 2.049 2.108 2.144 2.196 2.192 2.188 2.208 2.191 2.111 2.002 1.903 1.909 1.909 0.000 
7.750 158.490 0.372 0.539 0.720 0.857 1.007 1.155 1.280 1.415 1.584 1.791 1.889 1.952 1.989 2.047 2.048 2.045 2.069 2.055 1.980 1.870 1.774 1.781 1.781 0.000 
7.750 199.530 0.222 0.383 0.561 0.693 0.840 0.983 1.106 1.237 1.400 1.604 1.704 1.776 1.816 1.881 1.890 1.888 1.919 1.909 1.838 1.727 1.635 1.643 1.643 0.000 
7.750 251.190 0.041 0.197 0.371 0.500 0.643 0.781 0.900 1.028 1.186 1.387 1.491 1.573 1.619 1.697 1.715 1.717 1.755 1.751 1.685 1.575 1.486 1.496 1.496 0.000 
7.750 316.230 -0.178 -0.027 0.143 0.268 0.408 0.540 0.656 0.781 0.933 1.133 1.242 1.340 1.395 1.489 1.522 1.529 1.578 1.581 1.521 1.411 1.326 1.339 1.339 0.000 
7.750 398.110 -0.443 -0.299 -0.133 -0.011 0.125 0.251 0.365 0.485 0.632 0.832 0.950 1.069 1.137 1.254 1.307 1.322 1.384 1.397 1.345 1.235 1.154 1.170 1.170 0.000 
7.750 501.190 -0.769 -0.630 -0.467 -0.350 -0.218 -0.097 0.014 0.131 0.272 0.473 0.603 0.750 0.837 0.985 1.064 1.091 1.171 1.198 1.155 1.045 0.968 0.989 0.989 0.000 
7.750 630.960 -1.168 -1.036 -0.877 -0.763 -0.635 -0.520 -0.412 -0.299 -0.164 0.041 0.188 0.373 0.484 0.674 0.789 0.832 0.936 0.981 0.949 0.839 0.767 0.792 0.792 0.000 
7.750 794.330 -1.662 -1.535 -1.380 -1.270 -1.146 -1.037 -0.932 -0.823 -0.693 -0.482 -0.312 -0.078 0.067 0.311 0.473 0.538 0.673 0.741 0.724 0.614 0.546 0.575 0.575 0.000 
7.750 1000.000 -2.273 -2.152 -2.001 -1.895 -1.775 -1.672 -1.569 -1.464 -1.340 -1.119 -0.920 -0.622 -0.432 -0.117 0.107 0.201 0.375 0.475 0.476 0.365 0.303 0.336 0.336 0.000 
8.000 1.000 1.248 1.468 1.684 1.856 2.040 2.235 2.383 2.543 2.745 3.004 3.120 3.182 3.231 3.277 3.252 3.232 3.214 3.172 3.068 2.975 2.881 2.956 2.956 0.000 
8.000 1.260 1.245 1.465 1.681 1.853 2.037 2.232 2.379 2.539 2.741 3.000 3.116 3.177 3.227 3.273 3.248 3.228 3.210 3.168 3.064 2.971 2.877 2.952 2.952 0.000 
8.000 1.580 1.242 1.461 1.677 1.849 2.032 2.227 2.374 2.534 2.735 2.995 3.110 3.172 3.221 3.267 3.243 3.223 3.205 3.163 3.060 2.966 2.872 2.946 2.946 0.000 
8.000 2.000 1.238 1.457 1.673 1.844 2.027 2.221 2.368 2.528 2.729 2.988 3.104 3.165 3.215 3.260 3.237 3.217 3.199 3.158 3.054 2.960 2.866 2.939 2.939 0.000 
8.000 2.510 1.233 1.451 1.667 1.838 2.021 2.214 2.361 2.520 2.721 2.980 3.095 3.157 3.206 3.252 3.229 3.209 3.192 3.150 3.046 2.952 2.858 2.930 2.930 0.000 
8.000 3.160 1.227 1.445 1.660 1.830 2.012 2.205 2.352 2.510 2.711 2.970 3.085 3.146 3.196 3.242 3.219 3.200 3.183 3.141 3.038 2.943 2.849 2.920 2.920 0.000 
8.000 3.980 1.220 1.436 1.651 1.821 2.002 2.195 2.340 2.499 2.699 2.957 3.072 3.133 3.183 3.229 3.207 3.189 3.172 3.130 3.027 2.931 2.837 2.906 2.906 0.000 
8.000 5.010 1.211 1.426 1.640 1.809 1.990 2.181 2.327 2.485 2.684 2.942 3.057 3.118 3.167 3.214 3.193 3.174 3.159 3.117 3.013 2.917 2.823 2.890 2.890 0.000 
8.000 6.310 1.199 1.414 1.627 1.795 1.975 2.165 2.310 2.467 2.666 2.923 3.038 3.099 3.148 3.195 3.175 3.157 3.142 3.101 2.997 2.900 2.805 2.871 2.871 0.000 
8.000 7.940 1.186 1.398 1.611 1.778 1.957 2.146 2.290 2.446 2.645 2.900 3.015 3.076 3.124 3.172 3.154 3.136 3.122 3.081 2.978 2.880 2.785 2.848 2.848 0.000 
8.000 10.000 1.169 1.380 1.591 1.757 1.936 2.122 2.265 2.421 2.619 2.873 2.987 3.048 3.096 3.145 3.128 3.111 3.098 3.058 2.954 2.856 2.760 2.820 2.820 0.000 
8.000 12.590 1.149 1.358 1.568 1.733 1.910 2.094 2.236 2.391 2.587 2.840 2.954 3.015 3.063 3.112 3.098 3.081 3.070 3.030 2.927 2.827 2.731 2.787 2.787 0.000 
8.000 15.850 1.125 1.332 1.540 1.703 1.879 2.061 2.202 2.356 2.550 2.802 2.915 2.976 3.023 3.074 3.061 3.045 3.035 2.997 2.894 2.793 2.696 2.748 2.748 0.000 
8.000 19.950 1.097 1.301 1.507 1.669 1.842 2.022 2.162 2.314 2.507 2.756 2.869 2.930 2.977 3.028 3.018 3.003 2.995 2.957 2.855 2.754 2.656 2.703 2.703 0.000 
8.000 25.120 1.064 1.265 1.469 1.628 1.800 1.977 2.115 2.266 2.457 2.703 2.816 2.876 2.923 2.975 2.967 2.953 2.947 2.911 2.810 2.707 2.609 2.651 2.651 0.000 
8.000 31.620 1.024 1.222 1.424 1.581 1.751 1.924 2.060 2.209 2.398 2.642 2.754 2.814 2.860 2.913 2.908 2.895 2.892 2.857 2.758 2.654 2.554 2.591 2.591 0.000 
8.000 39.810 0.978 1.172 1.372 1.527 1.693 1.863 1.998 2.145 2.331 2.572 2.683 2.743 2.788 2.842 2.840 2.828 2.827 2.794 2.697 2.592 2.492 2.523 2.523 0.000 
8.000 50.120 0.924 1.114 1.311 1.463 1.627 1.793 1.926 2.070 2.253 2.491 2.601 2.662 2.706 2.761 2.761 2.750 2.753 2.722 2.627 2.521 2.420 2.447 2.447 0.000 
8.000 63.100 0.861 1.047 1.241 1.390 1.551 1.713 1.843 1.985 2.165 2.399 2.509 2.570 2.613 2.669 2.672 2.662 2.667 2.639 2.547 2.439 2.340 2.361 2.361 0.000 
8.000 79.430 0.786 0.968 1.159 1.305 1.463 1.620 1.748 1.888 2.063 2.294 2.403 2.465 2.508 2.566 2.572 2.562 2.571 2.545 2.456 2.348 2.249 2.266 2.266 0.000 
8.000 100.000 0.699 0.875 1.063 1.206 1.361 1.513 1.639 1.775 1.947 2.174 2.283 2.347 2.389 2.450 2.460 2.451 2.464 2.440 2.355 2.246 2.148 2.162 2.162 0.000 
8.000 125.890 0.595 0.767 0.951 1.091 1.243 1.390 1.513 1.646 1.813 2.037 2.145 2.213 2.256 2.321 2.335 2.327 2.344 2.323 2.242 2.133 2.036 2.049 2.049 0.000 
8.000 158.490 0.472 0.638 0.819 0.955 1.104 1.245 1.366 1.496 1.658 1.878 1.988 2.062 2.106 2.177 2.197 2.190 2.212 2.195 2.118 2.009 1.915 1.926 1.926 0.000 
8.000 199.530 0.324 0.485 0.662 0.795 0.940 1.076 1.194 1.321 1.478 1.695 1.807 1.888 1.937 2.017 2.044 2.040 2.068 2.056 1.984 1.873 1.782 1.794 1.794 0.000 
8.000 251.190 0.146 0.301 0.475 0.604 0.745 0.876 0.992 1.115 1.267 1.481 1.597 1.690 1.744 1.836 1.874 1.874 1.910 1.904 1.837 1.727 1.639 1.652 1.652 0.000 
8.000 316.230 -0.070 0.080 0.250 0.375 0.513 0.638 0.751 0.870 1.017 1.230 1.352 1.460 1.523 1.632 1.685 1.691 1.738 1.739 1.679 1.568 1.484 1.499 1.499 0.000 
8.000 398.110 -0.333 -0.189 -0.023 0.099 0.232 0.352 0.462 0.578 0.719 0.932 1.062 1.192 1.268 1.401 1.473 1.488 1.549 1.560 1.508 1.397 1.317 1.335 1.335 0.000 
8.000 501.190 -0.656 -0.518 -0.355 -0.237 -0.107 0.007 0.113 0.225 0.361 0.575 0.718 0.876 0.971 1.135 1.235 1.261 1.340 1.366 1.322 1.212 1.135 1.157 1.157 0.000 
8.000 630.960 -1.053 -0.921 -0.762 -0.648 -0.522 -0.414 -0.310 -0.202 -0.072 0.146 0.306 0.502 0.622 0.827 0.963 1.005 1.108 1.152 1.120 1.010 0.938 0.963 0.963 0.000 
8.000 794.330 -1.544 -1.417 -1.263 -1.153 -1.030 -0.928 -0.827 -0.723 -0.598 -0.374 -0.191 0.053 0.208 0.467 0.650 0.714 0.848 0.916 0.899 0.788 0.721 0.750 0.750 0.000 
8.000 1000.000 -2.153 -2.032 -1.881 -1.775 -1.657 -1.560 -1.462 -1.362 -1.243 -1.009 -0.796 -0.488 -0.288 0.042 0.287 0.380 0.554 0.653 0.654 0.543 0.480 0.514 0.514 0.000 
8.250 1.000 1.307 1.524 1.739 1.910 2.090 2.277 2.420 2.574 2.769 3.021 3.132 3.189 3.234 3.276 3.247 3.225 3.205 3.161 3.057 2.963 2.871 2.946 2.946 0.000 
8.250 1.260 1.305 1.522 1.737 1.907 2.087 2.274 2.416 2.570 2.765 3.017 3.128 3.185 3.230 3.272 3.244 3.221 3.202 3.158 3.054 2.959 2.867 2.942 2.942 0.000 
8.250 1.580 1.302 1.519 1.733 1.903 2.083 2.270 2.412 2.566 2.761 3.012 3.123 3.180 3.226 3.267 3.239 3.217 3.197 3.153 3.049 2.955 2.863 2.937 2.937 0.000 
8.250 2.000 1.299 1.515 1.729 1.899 2.078 2.265 2.407 2.560 2.755 3.006 3.117 3.174 3.219 3.261 3.233 3.211 3.192 3.148 3.044 2.949 2.857 2.930 2.930 0.000 
8.250 2.510 1.294 1.510 1.724 1.893 2.073 2.258 2.400 2.554 2.748 2.998 3.109 3.166 3.212 3.254 3.226 3.205 3.185 3.142 3.037 2.943 2.850 2.923 2.923 0.000 
8.250 3.160 1.289 1.504 1.717 1.886 2.065 2.250 2.392 2.545 2.739 2.989 3.100 3.157 3.202 3.244 3.218 3.196 3.177 3.134 3.029 2.934 2.841 2.913 2.913 0.000 
8.250 3.980 1.282 1.496 1.709 1.878 2.056 2.240 2.382 2.535 2.728 2.978 3.088 3.145 3.190 3.233 3.207 3.186 3.167 3.124 3.019 2.924 2.831 2.901 2.901 0.000 
8.250 5.010 1.274 1.487 1.699 1.867 2.045 2.228 2.369 2.522 2.715 2.964 3.074 3.131 3.176 3.219 3.194 3.173 3.155 3.112 3.007 2.911 2.818 2.887 2.887 0.000 
8.250 6.310 1.263 1.476 1.687 1.854 2.032 2.214 2.354 2.506 2.698 2.947 3.057 3.114 3.159 3.202 3.178 3.157 3.140 3.097 2.993 2.896 2.802 2.869 2.869 0.000 
8.250 7.940 1.251 1.462 1.673 1.839 2.015 2.196 2.335 2.487 2.678 2.926 3.036 3.093 3.137 3.181 3.158 3.138 3.122 3.079 2.975 2.877 2.783 2.848 2.848 0.000 
8.250 10.000 1.236 1.445 1.655 1.820 1.995 2.174 2.313 2.463 2.654 2.901 3.010 3.067 3.112 3.156 3.135 3.115 3.100 3.057 2.954 2.855 2.761 2.822 2.822 0.000 
8.250 12.590 1.217 1.425 1.633 1.797 1.971 2.148 2.286 2.436 2.625 2.870 2.980 3.037 3.081 3.126 3.107 3.087 3.073 3.032 2.928 2.829 2.734 2.792 2.792 0.000 
8.250 15.850 1.195 1.401 1.608 1.770 1.942 2.118 2.254 2.403 2.591 2.835 2.943 3.000 3.044 3.090 3.073 3.054 3.042 3.001 2.898 2.798 2.702 2.756 2.756 0.000 
8.250 19.950 1.169 1.372 1.577 1.738 1.909 2.081 2.217 2.364 2.550 2.792 2.901 2.957 3.001 3.047 3.033 3.015 3.004 2.964 2.862 2.761 2.664 2.714 2.714 0.000 
8.250 25.120 1.138 1.338 1.541 1.700 1.869 2.039 2.173 2.318 2.503 2.743 2.850 2.907 2.950 2.998 2.985 2.968 2.960 2.922 2.821 2.718 2.621 2.666 2.666 0.000 
8.250 31.620 1.101 1.297 1.499 1.655 1.822 1.989 2.121 2.265 2.448 2.685 2.792 2.849 2.891 2.940 2.930 2.914 2.908 2.871 2.772 2.668 2.570 2.610 2.610 0.000 
8.250 39.810 1.057 1.250 1.449 1.603 1.768 1.931 2.061 2.203 2.383 2.618 2.724 2.781 2.823 2.873 2.866 2.851 2.848 2.813 2.715 2.610 2.512 2.546 2.546 0.000 
8.250 50.120 1.006 1.195 1.391 1.543 1.705 1.864 1.993 2.132 2.309 2.541 2.647 2.704 2.745 2.796 2.792 2.778 2.778 2.745 2.649 2.543 2.445 2.474 2.474 0.000 
8.250 63.100 0.945 1.130 1.323 1.472 1.631 1.786 1.913 2.050 2.224 2.452 2.557 2.616 2.656 2.709 2.708 2.695 2.698 2.667 2.574 2.467 2.369 2.394 2.394 0.000 
8.250 79.430 0.873 1.054 1.244 1.390 1.546 1.697 1.821 1.956 2.126 2.350 2.455 2.515 2.554 2.610 2.612 2.600 2.607 2.578 2.489 2.381 2.283 2.304 2.304 0.000 
8.250 100.000 0.788 0.964 1.152 1.294 1.447 1.593 1.715 1.847 2.013 2.234 2.339 2.400 2.440 2.499 2.505 2.494 2.504 2.479 2.392 2.284 2.187 2.204 2.204 0.000 
8.250 125.890 0.687 0.858 1.042 1.182 1.331 1.472 1.592 1.721 1.882 2.100 2.205 2.270 2.311 2.374 2.384 2.375 2.390 2.367 2.285 2.176 2.081 2.096 2.096 0.000 
8.250 158.490 0.566 0.732 0.913 1.049 1.195 1.331 1.448 1.574 1.731 1.945 2.051 2.122 2.165 2.234 2.250 2.243 2.263 2.244 2.167 2.057 1.964 1.977 1.977 0.000 
8.250 199.530 0.421 0.582 0.759 0.891 1.034 1.165 1.279 1.401 1.553 1.764 1.873 1.952 1.999 2.077 2.101 2.096 2.123 2.110 2.037 1.926 1.836 1.849 1.849 0.000 
8.250 251.190 0.245 0.401 0.574 0.703 0.842 0.968 1.079 1.198 1.345 1.554 1.667 1.757 1.809 1.900 1.936 1.934 1.970 1.962 1.895 1.784 1.697 1.711 1.711 0.000 
8.250 316.230 0.032 0.182 0.352 0.477 0.612 0.732 0.841 0.956 1.098 1.305 1.424 1.530 1.592 1.700 1.750 1.755 1.801 1.802 1.741 1.630 1.546 1.562 1.562 0.000 
8.250 398.110 -0.229 -0.085 0.082 0.203 0.335 0.449 0.555 0.666 0.803 1.010 1.138 1.265 1.340 1.471 1.542 1.556 1.616 1.627 1.574 1.463 1.383 1.402 1.402 0.000 
8.250 501.190 -0.549 -0.411 -0.248 -0.130 -0.002 0.106 0.209 0.317 0.448 0.656 0.797 0.953 1.046 1.209 1.307 1.332 1.411 1.436 1.392 1.281 1.205 1.227 1.227 0.000 
8.250 630.960 -0.944 -0.811 -0.652 -0.538 -0.414 -0.312 -0.211 -0.107 0.018 0.230 0.387 0.581 0.700 0.904 1.038 1.080 1.182 1.225 1.193 1.083 1.011 1.036 1.036 0.000 
8.250 794.330 -1.432 -1.305 -1.150 -1.040 -0.920 -0.823 -0.726 -0.626 -0.506 -0.288 -0.108 0.135 0.288 0.547 0.729 0.792 0.925 0.993 0.975 0.864 0.797 0.826 0.826 0.000 
8.250 1000.000 -2.038 -1.917 -1.766 -1.660 -1.544 -1.453 -1.358 -1.262 -1.149 -0.920 -0.710 -0.403 -0.205 0.124 0.368 0.461 0.634 0.732 0.733 0.622 0.559 0.593 0.593 0.000 
8.500 1.000 1.363 1.578 1.791 1.960 2.137 2.317 2.455 2.604 2.793 3.037 3.143 3.196 3.238 3.275 3.243 3.218 3.197 3.151 3.046 2.952 2.861 2.937 2.937 0.000 
8.500 1.260 1.361 1.576 1.789 1.957 2.134 2.314 2.452 2.601 2.790 3.033 3.140 3.193 3.234 3.272 3.240 3.215 3.193 3.148 3.043 2.949 2.858 2.933 2.933 0.000 
8.500 1.580 1.359 1.573 1.786 1.954 2.131 2.310 2.448 2.597 2.785 3.029 3.135 3.188 3.230 3.267 3.236 3.211 3.190 3.144 3.039 2.945 2.853 2.928 2.928 0.000 
8.500 2.000 1.355 1.569 1.782 1.950 2.126 2.305 2.443 2.592 2.780 3.024 3.130 3.183 3.224 3.262 3.231 3.206 3.185 3.139 3.035 2.940 2.848 2.923 2.923 0.000 
8.500 2.510 1.352 1.565 1.777 1.945 2.121 2.300 2.437 2.586 2.774 3.017 3.123 3.176 3.217 3.255 3.224 3.200 3.179 3.133 3.029 2.934 2.842 2.916 2.916 0.000 
8.500 3.160 1.347 1.559 1.771 1.939 2.115 2.292 2.430 2.578 2.766 3.008 3.114 3.167 3.209 3.247 3.217 3.192 3.172 3.126 3.021 2.926 2.834 2.907 2.907 0.000 
8.500 3.980 1.341 1.553 1.764 1.931 2.106 2.284 2.421 2.568 2.756 2.998 3.104 3.157 3.198 3.237 3.207 3.183 3.162 3.117 3.012 2.917 2.825 2.896 2.896 0.000 
8.500 5.010 1.333 1.544 1.755 1.921 2.096 2.273 2.409 2.557 2.743 2.985 3.091 3.144 3.185 3.224 3.195 3.171 3.151 3.106 3.001 2.905 2.813 2.883 2.883 0.000 
8.500 6.310 1.324 1.534 1.744 1.910 2.084 2.259 2.395 2.542 2.728 2.970 3.075 3.128 3.169 3.208 3.180 3.157 3.138 3.093 2.988 2.891 2.799 2.867 2.867 0.000 
8.500 7.940 1.312 1.521 1.731 1.896 2.069 2.243 2.378 2.525 2.710 2.950 3.056 3.109 3.150 3.189 3.162 3.139 3.121 3.076 2.972 2.874 2.782 2.848 2.848 0.000 
8.500 10.000 1.298 1.506 1.714 1.878 2.051 2.223 2.358 2.503 2.688 2.927 3.033 3.085 3.126 3.166 3.141 3.118 3.101 3.057 2.952 2.854 2.761 2.825 2.825 0.000 
8.500 12.590 1.282 1.487 1.695 1.857 2.028 2.199 2.333 2.478 2.661 2.899 3.004 3.057 3.098 3.138 3.115 3.093 3.077 3.033 2.929 2.830 2.736 2.797 2.797 0.000 
8.500 15.850 1.261 1.465 1.671 1.832 2.002 2.171 2.303 2.447 2.629 2.866 2.971 3.024 3.064 3.105 3.084 3.062 3.048 3.005 2.901 2.801 2.707 2.764 2.764 0.000 
8.500 19.950 1.237 1.438 1.642 1.802 1.970 2.137 2.268 2.411 2.592 2.826 2.931 2.984 3.023 3.066 3.046 3.026 3.013 2.971 2.868 2.767 2.672 2.725 2.725 0.000 
8.500 25.120 1.208 1.406 1.609 1.767 1.933 2.097 2.227 2.368 2.547 2.780 2.884 2.937 2.976 3.019 3.002 2.983 2.972 2.931 2.830 2.727 2.632 2.680 2.680 0.000 
8.500 31.620 1.173 1.368 1.569 1.725 1.889 2.050 2.178 2.318 2.495 2.725 2.829 2.882 2.920 2.965 2.951 2.932 2.924 2.884 2.784 2.681 2.585 2.628 2.628 0.000 
8.500 39.810 1.131 1.323 1.522 1.675 1.837 1.994 2.122 2.259 2.434 2.662 2.764 2.818 2.856 2.902 2.891 2.873 2.868 2.830 2.731 2.627 2.530 2.569 2.569 0.000 
8.500 50.120 1.082 1.270 1.466 1.617 1.777 1.930 2.056 2.191 2.363 2.588 2.690 2.744 2.782 2.830 2.821 2.805 2.802 2.766 2.670 2.564 2.468 2.501 2.501 0.000 
8.500 63.100 1.024 1.208 1.401 1.550 1.706 1.856 1.979 2.112 2.281 2.503 2.605 2.660 2.697 2.746 2.741 2.726 2.727 2.693 2.600 2.493 2.396 2.425 2.425 0.000 
8.500 79.430 0.955 1.135 1.325 1.470 1.624 1.769 1.890 2.021 2.186 2.405 2.506 2.563 2.600 2.652 2.650 2.636 2.640 2.610 2.519 2.411 2.315 2.339 2.339 0.000 
8.500 100.000 0.872 1.047 1.235 1.377 1.528 1.669 1.787 1.915 2.076 2.291 2.393 2.452 2.489 2.545 2.548 2.534 2.543 2.515 2.428 2.320 2.224 2.245 2.245 0.000 
8.500 125.890 0.774 0.944 1.128 1.267 1.415 1.551 1.667 1.792 1.949 2.161 2.263 2.326 2.364 2.424 2.432 2.420 2.433 2.409 2.326 2.217 2.123 2.141 2.141 0.000 
8.500 158.490 0.655 0.821 1.001 1.137 1.282 1.412 1.526 1.648 1.800 2.009 2.112 2.181 2.222 2.288 2.302 2.293 2.312 2.292 2.213 2.103 2.011 2.027 2.027 0.000 
8.500 199.530 0.513 0.673 0.850 0.982 1.123 1.249 1.360 1.478 1.626 1.832 1.938 2.015 2.059 2.135 2.158 2.151 2.177 2.162 2.088 1.978 1.888 1.904 1.904 0.000 
8.500 251.190 0.340 0.495 0.668 0.797 0.934 1.054 1.163 1.278 1.420 1.624 1.734 1.823 1.874 1.962 1.996 1.994 2.028 2.019 1.951 1.840 1.754 1.770 1.770 0.000 
8.500 316.230 0.129 0.278 0.448 0.573 0.707 0.822 0.927 1.039 1.176 1.378 1.495 1.599 1.659 1.765 1.814 1.818 1.863 1.863 1.801 1.691 1.607 1.624 1.624 0.000 
8.500 398.110 -0.129 0.014 0.181 0.302 0.432 0.541 0.644 0.752 0.884 1.086 1.211 1.337 1.411 1.540 1.610 1.622 1.682 1.692 1.638 1.528 1.448 1.467 1.467 0.000 
8.500 501.190 -0.447 -0.309 -0.146 -0.029 0.097 0.201 0.301 0.405 0.532 0.735 0.873 1.027 1.120 1.281 1.378 1.402 1.480 1.505 1.460 1.350 1.274 1.296 1.296 0.000 
8.500 630.960 -0.839 -0.707 -0.548 -0.434 -0.312 -0.214 -0.117 -0.017 0.104 0.312 0.467 0.658 0.777 0.979 1.113 1.153 1.255 1.298 1.265 1.154 1.083 1.109 1.109 0.000 
8.500 794.330 -1.325 -1.198 -1.044 -0.934 -0.815 -0.723 -0.629 -0.532 -0.417 -0.203 -0.026 0.216 0.368 0.625 0.806 0.869 1.002 1.068 1.050 0.939 0.872 0.902 0.902 0.000 
8.500 1000.000 -1.929 -1.808 -1.657 -1.551 -1.436 -1.350 -1.259 -1.166 -1.057 -0.832 -0.625 -0.320 -0.123 0.205 0.448 0.540 0.713 0.811 0.811 0.700 0.638 0.671 0.671 0.000 
8.750 1.000 1.416 1.628 1.840 2.007 2.181 2.354 2.488 2.633 2.816 3.053 3.155 3.204 3.242 3.275 3.239 3.212 3.189 3.141 3.036 2.941 2.851 2.928 2.928 0.000 
8.750 1.260 1.414 1.626 1.838 2.004 2.178 2.351 2.486 2.630 2.813 3.050 3.152 3.201 3.239 3.272 3.237 3.209 3.186 3.138 3.033 2.938 2.849 2.925 2.925 0.000 
8.750 1.580 1.412 1.623 1.835 2.001 2.175 2.348 2.482 2.626 2.809 3.046 3.148 3.197 3.235 3.268 3.233 3.206 3.182 3.135 3.030 2.935 2.845 2.920 2.920 0.000 
8.750 2.000 1.409 1.620 1.831 1.998 2.171 2.344 2.478 2.622 2.804 3.041 3.143 3.192 3.230 3.263 3.228 3.201 3.178 3.130 3.026 2.930 2.840 2.915 2.915 0.000 
8.750 2.510 1.405 1.616 1.827 1.993 2.167 2.338 2.472 2.616 2.799 3.035 3.137 3.186 3.223 3.257 3.223 3.195 3.173 3.125 3.020 2.925 2.835 2.909 2.909 0.000 
8.750 3.160 1.401 1.611 1.822 1.988 2.161 2.332 2.466 2.609 2.791 3.027 3.129 3.178 3.216 3.250 3.215 3.189 3.166 3.119 3.014 2.918 2.828 2.901 2.901 0.000 
8.750 3.980 1.396 1.605 1.815 1.981 2.153 2.324 2.457 2.601 2.782 3.018 3.120 3.169 3.206 3.240 3.207 3.180 3.158 3.110 3.006 2.909 2.819 2.892 2.892 0.000 
8.750 5.010 1.389 1.598 1.807 1.972 2.144 2.314 2.447 2.590 2.771 3.006 3.108 3.157 3.194 3.229 3.196 3.169 3.148 3.100 2.996 2.899 2.809 2.880 2.880 0.000 
8.750 6.310 1.380 1.588 1.797 1.961 2.133 2.302 2.434 2.577 2.757 2.992 3.093 3.142 3.180 3.214 3.183 3.156 3.135 3.088 2.984 2.887 2.796 2.865 2.865 0.000 
8.750 7.940 1.370 1.577 1.785 1.948 2.119 2.287 2.419 2.561 2.741 2.974 3.076 3.125 3.162 3.197 3.166 3.140 3.120 3.073 2.969 2.871 2.780 2.848 2.848 0.000 
8.750 10.000 1.357 1.563 1.770 1.932 2.102 2.269 2.400 2.541 2.720 2.953 3.054 3.103 3.140 3.176 3.147 3.121 3.102 3.055 2.951 2.853 2.761 2.827 2.827 0.000 
8.750 12.590 1.342 1.546 1.752 1.913 2.082 2.247 2.377 2.517 2.696 2.927 3.028 3.077 3.114 3.150 3.123 3.098 3.080 3.034 2.930 2.830 2.739 2.801 2.801 0.000 
8.750 15.850 1.323 1.525 1.730 1.890 2.057 2.220 2.349 2.489 2.666 2.896 2.997 3.046 3.082 3.120 3.094 3.070 3.053 3.008 2.904 2.804 2.712 2.771 2.771 0.000 
8.750 19.950 1.300 1.500 1.703 1.862 2.028 2.188 2.317 2.455 2.631 2.859 2.960 3.009 3.045 3.083 3.059 3.036 3.021 2.977 2.874 2.773 2.680 2.735 2.735 0.000 
8.750 25.120 1.273 1.470 1.672 1.828 1.993 2.151 2.278 2.415 2.589 2.815 2.916 2.965 3.001 3.040 3.019 2.996 2.983 2.940 2.838 2.736 2.642 2.694 2.694 0.000 
8.750 31.620 1.240 1.434 1.634 1.789 1.951 2.106 2.232 2.367 2.539 2.764 2.864 2.913 2.949 2.989 2.971 2.949 2.938 2.897 2.796 2.692 2.599 2.645 2.645 0.000 
8.750 39.810 1.201 1.392 1.589 1.742 1.902 2.054 2.178 2.312 2.481 2.703 2.803 2.853 2.888 2.930 2.914 2.894 2.886 2.846 2.747 2.642 2.548 2.590 2.590 0.000 
8.750 50.120 1.154 1.341 1.536 1.687 1.844 1.993 2.115 2.247 2.414 2.633 2.732 2.783 2.817 2.862 2.849 2.829 2.824 2.787 2.690 2.584 2.489 2.526 2.526 0.000 
8.750 63.100 1.098 1.281 1.474 1.622 1.777 1.921 2.041 2.171 2.335 2.551 2.650 2.702 2.736 2.783 2.773 2.755 2.754 2.718 2.624 2.517 2.422 2.454 2.454 0.000 
8.750 79.430 1.031 1.210 1.400 1.545 1.697 1.838 1.956 2.083 2.243 2.457 2.555 2.609 2.643 2.692 2.687 2.670 2.672 2.640 2.548 2.440 2.346 2.374 2.374 0.000 
8.750 100.000 0.951 1.126 1.313 1.455 1.604 1.740 1.855 1.980 2.137 2.347 2.445 2.502 2.537 2.590 2.589 2.573 2.580 2.550 2.462 2.354 2.260 2.284 2.284 0.000 
8.750 125.890 0.855 1.025 1.209 1.348 1.494 1.625 1.738 1.860 2.012 2.219 2.319 2.379 2.416 2.473 2.478 2.464 2.475 2.449 2.365 2.256 2.164 2.184 2.184 0.000 
8.750 158.490 0.739 0.904 1.085 1.220 1.363 1.489 1.600 1.718 1.867 2.071 2.172 2.238 2.277 2.341 2.353 2.342 2.359 2.337 2.257 2.148 2.057 2.075 2.075 0.000 
8.750 199.530 0.599 0.759 0.936 1.068 1.208 1.329 1.437 1.552 1.696 1.897 2.000 2.075 2.118 2.192 2.212 2.204 2.228 2.212 2.137 2.027 1.938 1.956 1.956 0.000 
8.750 251.190 0.429 0.583 0.757 0.885 1.021 1.137 1.243 1.354 1.493 1.692 1.800 1.887 1.936 2.023 2.055 2.051 2.084 2.074 2.005 1.895 1.809 1.826 1.826 0.000 
8.750 316.230 0.220 0.370 0.539 0.664 0.797 0.907 1.010 1.118 1.252 1.450 1.564 1.666 1.725 1.830 1.877 1.880 1.924 1.922 1.860 1.750 1.667 1.685 1.685 0.000 
8.750 398.110 -0.035 0.108 0.274 0.396 0.524 0.629 0.729 0.834 0.962 1.160 1.283 1.407 1.480 1.608 1.676 1.688 1.746 1.756 1.702 1.591 1.511 1.532 1.532 0.000 
8.750 501.190 -0.350 -0.212 -0.050 0.068 0.192 0.291 0.389 0.490 0.613 0.812 0.948 1.101 1.192 1.352 1.448 1.471 1.548 1.572 1.528 1.417 1.341 1.364 1.364 0.000 
8.750 630.960 -0.740 -0.608 -0.449 -0.335 -0.214 -0.121 -0.026 0.071 0.188 0.392 0.544 0.735 0.852 1.053 1.186 1.226 1.327 1.369 1.336 1.225 1.154 1.180 1.180 0.000 
8.750 794.330 -1.223 -1.097 -0.942 -0.832 -0.715 -0.627 -0.536 -0.442 -0.331 -0.120 0.055 0.295 0.446 0.702 0.882 0.944 1.077 1.143 1.125 1.014 0.946 0.976 0.976 0.000 
8.750 1000.000 -1.825 -1.704 -1.553 -1.447 -1.334 -1.252 -1.163 -1.073 -0.967 -0.747 -0.542 -0.238 -0.042 0.285 0.527 0.619 0.791 0.889 0.889 0.778 0.715 0.749 0.749 0.000 
9.000 1.000 1.465 1.675 1.885 2.050 2.222 2.389 2.520 2.660 2.838 3.069 3.167 3.213 3.247 3.276 3.236 3.206 3.181 3.131 3.026 2.931 2.843 2.920 2.920 0.000 
9.000 1.260 1.464 1.673 1.883 2.048 2.219 2.386 2.517 2.658 2.835 3.066 3.165 3.210 3.244 3.273 3.234 3.204 3.179 3.129 3.024 2.929 2.840 2.917 2.917 0.000 
9.000 1.580 1.462 1.671 1.881 2.045 2.217 2.383 2.514 2.654 2.832 3.063 3.161 3.206 3.240 3.269 3.230 3.200 3.175 3.126 3.021 2.925 2.837 2.913 2.913 0.000 
9.000 2.000 1.459 1.668 1.877 2.042 2.213 2.380 2.510 2.650 2.828 3.058 3.156 3.202 3.235 3.265 3.226 3.196 3.172 3.122 3.017 2.921 2.833 2.909 2.909 0.000 
9.000 2.510 1.456 1.664 1.874 2.038 2.209 2.375 2.505 2.645 2.822 3.053 3.151 3.196 3.230 3.259 3.221 3.191 3.167 3.117 3.012 2.916 2.828 2.903 2.903 0.000 
9.000 3.160 1.452 1.660 1.869 2.033 2.203 2.369 2.499 2.639 2.816 3.046 3.144 3.189 3.223 3.253 3.215 3.185 3.161 3.111 3.006 2.910 2.822 2.896 2.896 0.000 
9.000 3.980 1.447 1.654 1.863 2.027 2.197 2.362 2.492 2.631 2.808 3.037 3.135 3.180 3.214 3.244 3.207 3.177 3.153 3.104 2.999 2.903 2.814 2.888 2.888 0.000 
9.000 5.010 1.441 1.647 1.856 2.019 2.188 2.353 2.482 2.621 2.797 3.026 3.124 3.170 3.203 3.234 3.197 3.168 3.144 3.095 2.990 2.893 2.804 2.877 2.877 0.000 
9.000 6.310 1.433 1.639 1.846 2.009 2.178 2.341 2.471 2.609 2.785 3.013 3.111 3.156 3.190 3.221 3.185 3.156 3.133 3.084 2.979 2.882 2.793 2.864 2.864 0.000 
9.000 7.940 1.424 1.628 1.835 1.997 2.165 2.328 2.456 2.595 2.770 2.997 3.095 3.140 3.174 3.205 3.170 3.141 3.119 3.070 2.966 2.868 2.779 2.848 2.848 0.000 
9.000 10.000 1.412 1.615 1.821 1.983 2.150 2.311 2.439 2.577 2.751 2.978 3.075 3.120 3.154 3.186 3.152 3.124 3.102 3.054 2.949 2.851 2.761 2.829 2.829 0.000 
9.000 12.590 1.398 1.600 1.805 1.965 2.131 2.291 2.418 2.555 2.728 2.954 3.051 3.097 3.130 3.162 3.130 3.102 3.082 3.034 2.930 2.831 2.741 2.805 2.805 0.000 
9.000 15.850 1.380 1.580 1.784 1.943 2.108 2.266 2.392 2.528 2.701 2.925 3.022 3.068 3.100 3.134 3.103 3.076 3.057 3.010 2.906 2.806 2.716 2.778 2.778 0.000 
9.000 19.950 1.359 1.557 1.760 1.917 2.081 2.237 2.362 2.497 2.668 2.891 2.987 3.033 3.066 3.100 3.072 3.045 3.028 2.982 2.878 2.777 2.687 2.745 2.745 0.000 
9.000 25.120 1.333 1.529 1.730 1.886 2.048 2.201 2.325 2.459 2.628 2.849 2.946 2.992 3.024 3.060 3.034 3.008 2.993 2.948 2.845 2.743 2.652 2.706 2.706 0.000 
9.000 31.620 1.303 1.495 1.694 1.848 2.009 2.159 2.282 2.414 2.581 2.801 2.897 2.943 2.976 3.012 2.989 2.965 2.952 2.908 2.806 2.703 2.611 2.662 2.662 0.000 
9.000 39.810 1.265 1.455 1.652 1.804 1.962 2.110 2.231 2.361 2.526 2.744 2.840 2.886 2.918 2.957 2.937 2.913 2.903 2.860 2.761 2.657 2.564 2.610 2.610 0.000 
9.000 50.120 1.221 1.407 1.601 1.751 1.907 2.051 2.171 2.299 2.462 2.676 2.772 2.820 2.852 2.892 2.875 2.853 2.846 2.805 2.708 2.602 2.510 2.550 2.550 0.000 
9.000 63.100 1.167 1.350 1.542 1.689 1.842 1.982 2.100 2.226 2.386 2.598 2.693 2.743 2.774 2.817 2.804 2.783 2.779 2.741 2.646 2.540 2.447 2.483 2.483 0.000 
9.000 79.430 1.102 1.281 1.470 1.615 1.765 1.902 2.017 2.141 2.298 2.507 2.602 2.653 2.685 2.731 2.722 2.703 2.703 2.668 2.575 2.468 2.375 2.407 2.407 0.000 
9.000 100.000 1.025 1.199 1.385 1.527 1.675 1.807 1.920 2.041 2.194 2.400 2.496 2.550 2.583 2.633 2.628 2.611 2.615 2.583 2.495 2.386 2.294 2.321 2.321 0.000 
9.000 125.890 0.931 1.101 1.284 1.423 1.567 1.695 1.806 1.924 2.073 2.276 2.373 2.431 2.465 2.520 2.522 2.506 2.516 2.488 2.403 2.294 2.203 2.227 2.227 0.000 
9.000 158.490 0.818 0.983 1.163 1.298 1.439 1.562 1.670 1.786 1.931 2.131 2.229 2.294 2.331 2.393 2.401 2.388 2.404 2.380 2.300 2.190 2.101 2.122 2.122 0.000 
9.000 199.530 0.680 0.840 1.017 1.149 1.287 1.404 1.510 1.622 1.763 1.960 2.061 2.134 2.176 2.248 2.265 2.256 2.278 2.260 2.185 2.075 1.987 2.007 2.007 0.000 
9.000 251.190 0.512 0.667 0.840 0.968 1.103 1.215 1.319 1.428 1.563 1.758 1.864 1.949 1.997 2.082 2.112 2.107 2.139 2.127 2.058 1.948 1.862 1.882 1.882 0.000 
9.000 316.230 0.307 0.456 0.625 0.750 0.881 0.988 1.089 1.194 1.325 1.519 1.631 1.732 1.790 1.893 1.938 1.940 1.983 1.980 1.918 1.807 1.725 1.745 1.745 0.000 
9.000 398.110 0.053 0.197 0.363 0.484 0.611 0.713 0.811 0.913 1.038 1.232 1.353 1.476 1.548 1.675 1.741 1.752 1.809 1.818 1.763 1.653 1.573 1.595 1.595 0.000 
9.000 501.190 -0.259 -0.121 0.041 0.158 0.282 0.378 0.473 0.571 0.691 0.887 1.021 1.172 1.263 1.422 1.516 1.539 1.615 1.638 1.593 1.482 1.407 1.431 1.431 0.000 
9.000 630.960 -0.646 -0.514 -0.356 -0.242 -0.122 -0.032 0.060 0.155 0.269 0.469 0.620 0.809 0.926 1.126 1.257 1.297 1.397 1.439 1.406 1.295 1.223 1.250 1.250 0.000 
9.000 794.330 -1.127 -1.001 -0.846 -0.736 -0.620 -0.536 -0.446 -0.355 -0.247 -0.040 0.134 0.372 0.523 0.778 0.957 1.019 1.151 1.216 1.198 1.087 1.020 1.050 1.050 0.000 
9.000 1000.000 -1.726 -1.605 -1.454 -1.348 -1.236 -1.158 -1.071 -0.984 -0.881 -0.664 -0.460 -0.158 0.038 0.364 0.605 0.696 0.868 0.966 0.965 0.854 0.791 0.826 0.826 0.000 
9.250 1.000 1.512 1.719 1.927 2.090 2.259 2.421 2.550 2.687 2.860 3.085 3.180 3.221 3.252 3.277 3.234 3.201 3.174 3.122 3.017 2.922 2.835 2.913 2.913 0.000 
9.250 1.260 1.510 1.717 1.925 2.089 2.257 2.419 2.547 2.684 2.857 3.082 3.177 3.219 3.249 3.274 3.231 3.199 3.172 3.120 3.015 2.919 2.833 2.910 2.910 0.000 
9.250 1.580 1.508 1.715 1.923 2.086 2.255 2.416 2.544 2.681 2.854 3.079 3.174 3.216 3.246 3.271 3.228 3.196 3.169 3.117 3.012 2.917 2.830 2.907 2.907 0.000 
9.250 2.000 1.506 1.712 1.920 2.083 2.252 2.413 2.541 2.678 2.850 3.075 3.170 3.211 3.241 3.267 3.225 3.192 3.166 3.114 3.009 2.913 2.826 2.903 2.903 0.000 
9.250 2.510 1.503 1.709 1.917 2.080 2.248 2.409 2.536 2.673 2.846 3.070 3.165 3.206 3.236 3.262 3.220 3.188 3.161 3.110 3.005 2.908 2.822 2.898 2.898 0.000 
9.250 3.160 1.499 1.705 1.912 2.075 2.243 2.403 2.531 2.667 2.840 3.064 3.159 3.200 3.230 3.256 3.214 3.182 3.156 3.104 2.999 2.903 2.816 2.892 2.892 0.000 
9.250 3.980 1.495 1.700 1.907 2.069 2.237 2.397 2.524 2.660 2.832 3.056 3.151 3.192 3.222 3.248 3.207 3.175 3.149 3.098 2.993 2.896 2.809 2.884 2.884 0.000 
9.250 5.010 1.489 1.694 1.900 2.062 2.229 2.389 2.515 2.651 2.823 3.046 3.141 3.182 3.212 3.239 3.198 3.166 3.141 3.090 2.985 2.888 2.800 2.874 2.874 0.000 
9.250 6.310 1.482 1.686 1.892 2.053 2.220 2.378 2.505 2.640 2.811 3.034 3.129 3.170 3.200 3.227 3.187 3.155 3.131 3.080 2.975 2.877 2.790 2.863 2.863 0.000 
9.250 7.940 1.474 1.676 1.882 2.042 2.208 2.366 2.492 2.627 2.797 3.020 3.114 3.156 3.185 3.212 3.174 3.142 3.118 3.067 2.962 2.865 2.777 2.848 2.848 0.000 
9.250 10.000 1.463 1.664 1.869 2.029 2.194 2.350 2.476 2.610 2.780 3.001 3.096 3.137 3.167 3.195 3.157 3.126 3.103 3.052 2.948 2.849 2.761 2.831 2.831 0.000 
9.250 12.590 1.450 1.650 1.853 2.012 2.176 2.332 2.456 2.590 2.759 2.979 3.073 3.115 3.145 3.173 3.137 3.106 3.084 3.034 2.930 2.831 2.743 2.809 2.809 0.000 
9.250 15.850 1.434 1.632 1.834 1.992 2.155 2.309 2.433 2.565 2.733 2.953 3.047 3.089 3.118 3.147 3.113 3.083 3.062 3.012 2.908 2.808 2.720 2.784 2.784 0.000 
9.250 19.950 1.414 1.610 1.811 1.968 2.130 2.281 2.404 2.536 2.702 2.921 3.014 3.057 3.086 3.116 3.083 3.054 3.035 2.986 2.883 2.782 2.693 2.754 2.754 0.000 
9.250 25.120 1.390 1.584 1.784 1.939 2.099 2.248 2.370 2.500 2.666 2.882 2.975 3.018 3.047 3.079 3.048 3.020 3.002 2.955 2.852 2.750 2.661 2.718 2.718 0.000 
9.250 31.620 1.361 1.552 1.750 1.903 2.062 2.208 2.329 2.458 2.621 2.836 2.929 2.973 3.001 3.034 3.007 2.979 2.964 2.918 2.816 2.713 2.624 2.677 2.677 0.000 
9.250 39.810 1.325 1.514 1.710 1.861 2.018 2.161 2.280 2.408 2.569 2.782 2.875 2.919 2.947 2.982 2.958 2.931 2.918 2.874 2.774 2.670 2.580 2.629 2.629 0.000 
9.250 50.120 1.283 1.468 1.662 1.811 1.965 2.106 2.223 2.348 2.508 2.718 2.811 2.856 2.884 2.921 2.900 2.875 2.865 2.823 2.725 2.620 2.529 2.573 2.573 0.000 
9.250 63.100 1.231 1.413 1.604 1.751 1.903 2.040 2.155 2.279 2.435 2.643 2.735 2.782 2.811 2.850 2.833 2.810 2.803 2.763 2.667 2.561 2.470 2.510 2.510 0.000 
9.250 79.430 1.169 1.347 1.535 1.679 1.829 1.962 2.075 2.196 2.350 2.555 2.647 2.696 2.726 2.768 2.755 2.734 2.731 2.694 2.601 2.494 2.403 2.438 2.438 0.000 
9.250 100.000 1.094 1.267 1.453 1.594 1.741 1.869 1.981 2.099 2.249 2.451 2.545 2.597 2.627 2.674 2.666 2.646 2.648 2.615 2.525 2.417 2.327 2.357 2.357 0.000 
9.250 125.890 1.003 1.172 1.354 1.493 1.636 1.760 1.869 1.985 2.131 2.331 2.425 2.481 2.514 2.566 2.564 2.547 2.554 2.524 2.438 2.330 2.240 2.267 2.267 0.000 
9.250 158.490 0.892 1.056 1.236 1.371 1.511 1.630 1.737 1.850 1.992 2.188 2.285 2.347 2.383 2.443 2.448 2.434 2.447 2.422 2.341 2.231 2.143 2.167 2.167 0.000 
9.250 199.530 0.757 0.916 1.092 1.224 1.361 1.475 1.579 1.689 1.827 2.021 2.120 2.192 2.231 2.301 2.317 2.306 2.327 2.307 2.231 2.121 2.035 2.057 2.057 0.000 
9.250 251.190 0.591 0.745 0.918 1.046 1.180 1.289 1.391 1.497 1.630 1.823 1.926 2.010 2.056 2.140 2.167 2.161 2.192 2.179 2.109 1.999 1.914 1.936 1.936 0.000 
9.250 316.230 0.388 0.536 0.706 0.831 0.961 1.064 1.163 1.267 1.395 1.586 1.696 1.796 1.853 1.954 1.998 1.999 2.040 2.037 1.974 1.863 1.781 1.803 1.803 0.000 
9.250 398.110 0.137 0.280 0.446 0.567 0.694 0.792 0.888 0.988 1.111 1.302 1.422 1.543 1.614 1.740 1.805 1.815 1.871 1.879 1.824 1.713 1.634 1.657 1.657 0.000 
9.250 501.190 -0.173 -0.035 0.127 0.244 0.367 0.460 0.553 0.650 0.767 0.960 1.092 1.243 1.332 1.490 1.583 1.606 1.681 1.703 1.658 1.547 1.472 1.497 1.497 0.000 
9.250 630.960 -0.558 -0.426 -0.267 -0.154 -0.035 0.053 0.143 0.236 0.348 0.545 0.694 0.883 0.998 1.198 1.328 1.367 1.467 1.508 1.474 1.363 1.292 1.320 1.320 0.000 
9.250 794.330 -1.036 -0.910 -0.755 -0.645 -0.530 -0.449 -0.361 -0.272 -0.166 0.038 0.211 0.448 0.598 0.853 1.031 1.092 1.223 1.289 1.270 1.159 1.092 1.122 1.122 0.000 
9.250 1000.000 -1.632 -1.511 -1.361 -1.255 -1.144 -1.068 -0.983 -0.898 -0.797 -0.583 -0.381 -0.079 0.116 0.442 0.682 0.773 0.944 1.041 1.041 0.929 0.867 0.901 0.901 0.000 
