GhofraniAtkinson2014Cascadia_CanadaSHM6-trial modified from OpenQuake implementation, distance is rrup. Log10 ground motion values in cgs units, PGV and Sa(T<0.1s) not valid
          10 31 26 : nmag, ndist, nperiod
          10.000 9.090 7.140 5.880 4.550 3.700 3.030 2.440 1.920 1.560 1.250 1.010 0.810 0.650 0.530 0.420 0.340 0.270 0.220 0.180 0.140 0.110 0.090 0.070 PGA PGV 
          0.538 0.538 0.575 0.611 0.642 0.662 0.685 0.702 0.713 0.682 0.652 0.632 0.648 0.682 0.729 0.785 0.833 0.852 0.852 0.861 0.892 0.909 0.906 0.874 0.795 0.550
7.000 1.000 0.272 0.345 0.568 0.721 0.897 1.083 1.291 1.536 1.763 1.856 1.922 1.965 2.076 2.206 2.344 2.484 2.555 2.563 2.566 2.570 2.564 2.518 2.414 2.271 2.056 1.006 
7.000 1.260 0.272 0.345 0.568 0.721 0.897 1.083 1.291 1.536 1.762 1.855 1.922 1.965 2.076 2.206 2.344 2.484 2.555 2.563 2.565 2.569 2.564 2.517 2.413 2.270 2.056 1.005 
7.000 1.580 0.272 0.345 0.568 0.721 0.896 1.082 1.291 1.536 1.762 1.855 1.922 1.964 2.075 2.205 2.343 2.483 2.554 2.562 2.564 2.568 2.563 2.516 2.412 2.269 2.055 1.005 
7.000 2.000 0.272 0.345 0.568 0.721 0.896 1.082 1.291 1.535 1.761 1.854 1.921 1.963 2.074 2.204 2.342 2.482 2.553 2.561 2.563 2.567 2.562 2.515 2.411 2.268 2.054 1.005 
7.000 2.510 0.273 0.345 0.567 0.721 0.896 1.082 1.291 1.535 1.761 1.854 1.920 1.962 2.073 2.203 2.341 2.481 2.552 2.560 2.562 2.566 2.560 2.514 2.410 2.267 2.053 1.004 
7.000 3.160 0.273 0.344 0.567 0.720 0.896 1.082 1.290 1.534 1.760 1.853 1.919 1.961 2.072 2.201 2.339 2.479 2.550 2.558 2.560 2.564 2.559 2.512 2.408 2.265 2.051 1.004 
7.000 3.980 0.273 0.344 0.567 0.720 0.896 1.081 1.289 1.533 1.759 1.851 1.918 1.960 2.070 2.199 2.337 2.477 2.548 2.556 2.558 2.562 2.556 2.510 2.405 2.263 2.049 1.003 
7.000 5.010 0.273 0.344 0.566 0.720 0.895 1.080 1.288 1.532 1.758 1.850 1.916 1.957 2.068 2.197 2.334 2.474 2.545 2.553 2.555 2.559 2.553 2.506 2.402 2.260 2.046 1.001 
7.000 6.310 0.272 0.343 0.565 0.719 0.894 1.079 1.287 1.531 1.756 1.847 1.913 1.954 2.064 2.193 2.331 2.470 2.541 2.549 2.551 2.555 2.549 2.502 2.398 2.256 2.042 1.000 
7.000 7.940 0.271 0.341 0.564 0.717 0.892 1.077 1.285 1.528 1.753 1.844 1.909 1.950 2.060 2.189 2.326 2.465 2.536 2.543 2.546 2.550 2.544 2.497 2.393 2.251 2.037 0.997 
7.000 10.000 0.270 0.339 0.562 0.715 0.890 1.075 1.282 1.525 1.749 1.840 1.905 1.945 2.054 2.182 2.319 2.458 2.529 2.537 2.539 2.543 2.537 2.490 2.386 2.244 2.031 0.994 
7.000 12.590 0.267 0.336 0.558 0.712 0.887 1.071 1.278 1.520 1.743 1.833 1.898 1.938 2.046 2.174 2.310 2.449 2.519 2.527 2.529 2.533 2.527 2.480 2.376 2.234 2.022 0.988 
7.000 15.850 0.263 0.330 0.553 0.706 0.881 1.065 1.271 1.513 1.735 1.824 1.888 1.927 2.035 2.162 2.298 2.437 2.506 2.514 2.516 2.520 2.514 2.467 2.363 2.221 2.009 0.981 
7.000 19.950 0.256 0.322 0.545 0.698 0.873 1.056 1.261 1.502 1.723 1.812 1.875 1.912 2.019 2.145 2.281 2.419 2.489 2.496 2.498 2.502 2.496 2.449 2.345 2.203 1.992 0.970 
7.000 25.120 0.245 0.310 0.533 0.686 0.860 1.042 1.247 1.487 1.707 1.794 1.855 1.892 1.997 2.123 2.258 2.395 2.465 2.472 2.474 2.478 2.471 2.424 2.320 2.179 1.969 0.954 
7.000 31.620 0.228 0.292 0.515 0.668 0.842 1.022 1.226 1.465 1.683 1.768 1.829 1.864 1.967 2.092 2.226 2.363 2.431 2.439 2.441 2.445 2.438 2.390 2.286 2.145 1.936 0.931 
7.000 39.810 0.204 0.266 0.489 0.642 0.815 0.995 1.197 1.434 1.650 1.733 1.792 1.825 1.926 2.049 2.182 2.318 2.387 2.394 2.395 2.399 2.392 2.343 2.240 2.100 1.892 0.899 
7.000 50.120 0.169 0.230 0.453 0.606 0.779 0.956 1.157 1.392 1.605 1.686 1.742 1.773 1.872 1.993 2.125 2.260 2.327 2.334 2.335 2.339 2.332 2.283 2.179 2.040 1.834 0.856 
7.000 63.100 0.124 0.183 0.406 0.559 0.732 0.907 1.106 1.338 1.547 1.624 1.678 1.705 1.801 1.920 2.050 2.184 2.250 2.257 2.258 2.262 2.254 2.204 2.100 1.963 1.759 0.801 
7.000 79.430 0.068 0.125 0.348 0.501 0.673 0.845 1.041 1.270 1.475 1.548 1.598 1.621 1.713 1.829 1.957 2.089 2.154 2.161 2.162 2.166 2.156 2.106 2.002 1.866 1.665 0.731 
7.000 100.000 0.001 0.056 0.279 0.432 0.603 0.771 0.964 1.189 1.389 1.456 1.502 1.520 1.607 1.720 1.845 1.974 2.038 2.044 2.045 2.048 2.038 1.987 1.884 1.749 1.551 0.648 
7.000 125.890 -0.075 -0.021 0.202 0.355 0.524 0.688 0.877 1.096 1.289 1.349 1.390 1.402 1.482 1.590 1.712 1.838 1.901 1.906 1.906 1.910 1.898 1.845 1.743 1.610 1.417 0.552 
7.000 158.490 -0.158 -0.106 0.117 0.270 0.438 0.596 0.779 0.992 1.176 1.228 1.262 1.265 1.337 1.440 1.558 1.681 1.741 1.746 1.745 1.749 1.735 1.681 1.579 1.448 1.261 0.445 
7.000 199.530 -0.246 -0.196 0.027 0.180 0.346 0.496 0.673 0.878 1.051 1.093 1.118 1.111 1.172 1.268 1.381 1.499 1.556 1.560 1.559 1.563 1.547 1.491 1.389 1.262 1.081 0.326 
7.000 251.190 -0.337 -0.289 -0.066 0.087 0.250 0.391 0.560 0.755 0.914 0.942 0.956 0.936 0.985 1.072 1.177 1.290 1.344 1.347 1.344 1.348 1.330 1.271 1.169 1.047 0.875 0.197 
7.000 316.230 -0.431 -0.384 -0.162 -0.008 0.151 0.281 0.439 0.621 0.762 0.773 0.774 0.738 0.770 0.846 0.943 1.049 1.098 1.099 1.095 1.099 1.078 1.016 0.915 0.797 0.637 0.056 
7.000 398.110 -0.526 -0.482 -0.259 -0.106 0.050 0.165 0.310 0.475 0.594 0.584 0.568 0.511 0.523 0.585 0.672 0.768 0.811 0.811 0.806 0.810 0.785 0.718 0.618 0.507 0.360 -0.099 
7.000 501.190 -0.623 -0.580 -0.357 -0.204 -0.053 0.043 0.172 0.316 0.407 0.370 0.332 0.250 0.236 0.281 0.354 0.439 0.475 0.473 0.465 0.469 0.439 0.367 0.268 0.166 0.036 -0.269 
7.000 630.960 -0.720 -0.679 -0.456 -0.303 -0.159 -0.086 0.022 0.141 0.197 0.126 0.061 -0.054 -0.100 -0.078 -0.021 0.050 0.076 0.072 0.062 0.066 0.029 -0.049 -0.147 -0.240 -0.347 -0.459 
7.000 794.330 -0.817 -0.778 -0.555 -0.402 -0.266 -0.223 -0.141 -0.055 -0.043 -0.156 -0.256 -0.411 -0.499 -0.504 -0.469 -0.416 -0.400 -0.408 -0.422 -0.418 -0.463 -0.549 -0.645 -0.724 -0.804 -0.673 
7.000 1000.000 -0.915 -0.878 -0.655 -0.502 -0.376 -0.370 -0.321 -0.276 -0.319 -0.486 -0.629 -0.836 -0.974 -1.014 -1.006 -0.976 -0.975 -0.987 -1.004 -1.001 -1.056 -1.152 -1.246 -1.309 -1.354 -0.916 
7.250 1.000 0.389 0.461 0.671 0.817 0.984 1.167 1.371 1.611 1.834 1.924 1.987 2.029 2.139 2.267 2.402 2.538 2.605 2.609 2.610 2.611 2.604 2.559 2.456 2.315 2.104 1.076 
7.250 1.260 0.389 0.461 0.671 0.817 0.984 1.167 1.371 1.611 1.834 1.923 1.987 2.029 2.139 2.266 2.402 2.538 2.604 2.609 2.609 2.610 2.604 2.559 2.455 2.314 2.103 1.075 
7.250 1.580 0.389 0.461 0.671 0.817 0.984 1.166 1.371 1.611 1.833 1.923 1.987 2.028 2.138 2.266 2.401 2.537 2.603 2.608 2.608 2.609 2.603 2.558 2.455 2.313 2.103 1.075 
7.250 2.000 0.389 0.461 0.671 0.817 0.984 1.166 1.371 1.611 1.833 1.923 1.986 2.027 2.137 2.265 2.400 2.536 2.602 2.607 2.607 2.608 2.602 2.557 2.454 2.312 2.102 1.075 
7.250 2.510 0.389 0.461 0.670 0.817 0.984 1.166 1.370 1.610 1.832 1.922 1.985 2.026 2.136 2.264 2.399 2.535 2.601 2.605 2.606 2.607 2.600 2.555 2.452 2.311 2.100 1.074 
7.250 3.160 0.389 0.460 0.670 0.816 0.983 1.166 1.370 1.610 1.831 1.921 1.984 2.025 2.135 2.262 2.397 2.533 2.599 2.604 2.604 2.605 2.599 2.554 2.450 2.309 2.099 1.074 
7.250 3.980 0.389 0.460 0.670 0.816 0.983 1.165 1.369 1.609 1.830 1.920 1.983 2.024 2.133 2.260 2.395 2.531 2.597 2.601 2.602 2.603 2.596 2.551 2.448 2.307 2.097 1.073 
7.250 5.010 0.389 0.460 0.669 0.815 0.982 1.164 1.368 1.608 1.829 1.918 1.981 2.021 2.131 2.258 2.392 2.528 2.594 2.599 2.599 2.600 2.593 2.548 2.445 2.304 2.094 1.071 
7.250 6.310 0.389 0.459 0.668 0.815 0.981 1.163 1.367 1.606 1.827 1.916 1.978 2.018 2.127 2.254 2.389 2.524 2.590 2.595 2.595 2.596 2.589 2.544 2.441 2.300 2.090 1.070 
7.250 7.940 0.388 0.457 0.667 0.813 0.980 1.161 1.365 1.604 1.824 1.912 1.974 2.014 2.123 2.249 2.384 2.519 2.585 2.589 2.590 2.591 2.584 2.539 2.436 2.295 2.085 1.067 
7.250 10.000 0.387 0.455 0.665 0.811 0.978 1.159 1.362 1.600 1.820 1.908 1.970 2.009 2.117 2.243 2.377 2.512 2.578 2.582 2.583 2.584 2.577 2.532 2.428 2.288 2.078 1.063 
7.250 12.590 0.384 0.452 0.661 0.808 0.974 1.155 1.358 1.595 1.815 1.902 1.963 2.002 2.109 2.235 2.368 2.503 2.568 2.573 2.573 2.574 2.567 2.522 2.419 2.278 2.069 1.058 
7.250 15.850 0.380 0.446 0.656 0.802 0.969 1.149 1.351 1.588 1.806 1.893 1.953 1.991 2.098 2.223 2.356 2.490 2.556 2.560 2.560 2.561 2.554 2.508 2.405 2.265 2.057 1.051 
7.250 19.950 0.373 0.438 0.648 0.794 0.960 1.140 1.341 1.577 1.795 1.880 1.939 1.976 2.082 2.206 2.339 2.473 2.538 2.542 2.543 2.544 2.536 2.490 2.387 2.247 2.040 1.040 
7.250 25.120 0.361 0.426 0.636 0.782 0.948 1.126 1.327 1.562 1.778 1.862 1.920 1.956 2.060 2.184 2.316 2.449 2.514 2.518 2.518 2.519 2.511 2.465 2.362 2.223 2.016 1.024 
7.250 31.620 0.344 0.408 0.618 0.764 0.929 1.106 1.306 1.540 1.754 1.836 1.894 1.928 2.030 2.153 2.284 2.417 2.481 2.485 2.485 2.486 2.478 2.431 2.328 2.189 1.984 1.001 
7.250 39.810 0.320 0.382 0.592 0.738 0.903 1.079 1.277 1.509 1.721 1.801 1.857 1.889 1.989 2.110 2.241 2.372 2.436 2.440 2.439 2.441 2.432 2.385 2.282 2.144 1.940 0.969 
7.250 50.120 0.286 0.346 0.556 0.702 0.867 1.041 1.237 1.467 1.677 1.754 1.807 1.837 1.935 2.054 2.183 2.313 2.376 2.380 2.380 2.381 2.372 2.324 2.221 2.084 1.882 0.926 
7.250 63.100 0.240 0.299 0.509 0.655 0.819 0.991 1.186 1.413 1.619 1.693 1.743 1.769 1.864 1.981 2.109 2.238 2.299 2.303 2.302 2.303 2.294 2.246 2.143 2.007 1.806 0.870 
7.250 79.430 0.184 0.241 0.451 0.597 0.760 0.929 1.121 1.345 1.547 1.616 1.663 1.685 1.776 1.890 2.016 2.143 2.204 2.207 2.206 2.207 2.196 2.147 2.045 1.910 1.712 0.801 
7.250 100.000 0.117 0.172 0.382 0.528 0.690 0.855 1.044 1.264 1.460 1.524 1.567 1.584 1.670 1.780 1.903 2.028 2.087 2.090 2.089 2.090 2.078 2.028 1.926 1.793 1.599 0.718 
7.250 125.890 0.041 0.095 0.304 0.451 0.611 0.772 0.956 1.171 1.360 1.418 1.455 1.466 1.545 1.651 1.770 1.892 1.950 1.952 1.950 1.951 1.938 1.887 1.785 1.654 1.464 0.622 
7.250 158.490 -0.042 0.010 0.220 0.366 0.525 0.680 0.859 1.068 1.247 1.297 1.327 1.329 1.400 1.501 1.616 1.735 1.790 1.792 1.789 1.790 1.776 1.723 1.621 1.492 1.308 0.514 
7.250 199.530 -0.130 -0.080 0.130 0.276 0.433 0.580 0.753 0.954 1.122 1.161 1.183 1.175 1.235 1.329 1.439 1.553 1.605 1.606 1.603 1.604 1.587 1.532 1.431 1.306 1.129 0.396 
7.250 251.190 -0.221 -0.173 0.037 0.183 0.338 0.475 0.640 0.830 0.985 1.010 1.021 1.000 1.048 1.133 1.236 1.344 1.393 1.393 1.388 1.389 1.370 1.313 1.212 1.091 0.922 0.267 
7.250 316.230 -0.315 -0.268 -0.059 0.087 0.239 0.365 0.519 0.696 0.833 0.841 0.839 0.802 0.833 0.907 1.002 1.103 1.147 1.145 1.140 1.141 1.118 1.058 0.958 0.841 0.684 0.125 
7.250 398.110 -0.410 -0.366 -0.156 -0.010 0.137 0.249 0.390 0.550 0.666 0.652 0.633 0.575 0.586 0.646 0.730 0.822 0.861 0.857 0.850 0.851 0.825 0.760 0.661 0.551 0.408 -0.029 
7.250 501.190 -0.507 -0.464 -0.254 -0.108 0.034 0.127 0.251 0.391 0.479 0.439 0.397 0.314 0.299 0.342 0.412 0.493 0.524 0.519 0.509 0.511 0.479 0.409 0.311 0.209 0.084 -0.199 
7.250 630.960 -0.604 -0.563 -0.353 -0.207 -0.071 -0.002 0.102 0.216 0.268 0.195 0.126 0.010 -0.037 -0.017 0.037 0.103 0.126 0.118 0.106 0.107 0.069 -0.008 -0.105 -0.196 -0.299 -0.389 
7.250 794.330 -0.701 -0.662 -0.452 -0.306 -0.179 -0.139 -0.061 0.020 0.028 -0.088 -0.191 -0.347 -0.435 -0.443 -0.410 -0.362 -0.351 -0.362 -0.378 -0.376 -0.423 -0.507 -0.603 -0.680 -0.756 -0.603 
7.250 1000.000 -0.799 -0.762 -0.552 -0.406 -0.289 -0.286 -0.241 -0.201 -0.248 -0.418 -0.564 -0.772 -0.911 -0.954 -0.948 -0.922 -0.926 -0.941 -0.960 -0.959 -1.016 -1.111 -1.204 -1.265 -1.306 -0.846 
7.500 1.000 0.506 0.577 0.774 0.913 1.071 1.251 1.451 1.687 1.905 1.992 2.052 2.093 2.202 2.328 2.461 2.592 2.654 2.655 2.654 2.652 2.644 2.601 2.499 2.359 2.152 1.145 
7.500 1.260 0.506 0.577 0.774 0.913 1.071 1.251 1.451 1.687 1.905 1.992 2.052 2.093 2.202 2.327 2.460 2.592 2.653 2.655 2.653 2.652 2.644 2.601 2.498 2.358 2.151 1.145 
7.500 1.580 0.506 0.577 0.774 0.913 1.071 1.250 1.451 1.686 1.904 1.991 2.052 2.092 2.201 2.327 2.459 2.591 2.652 2.654 2.652 2.651 2.643 2.600 2.497 2.357 2.150 1.145 
7.500 2.000 0.506 0.577 0.774 0.913 1.071 1.250 1.451 1.686 1.904 1.991 2.051 2.091 2.200 2.326 2.458 2.590 2.651 2.653 2.651 2.650 2.642 2.599 2.496 2.356 2.149 1.145 
7.500 2.510 0.506 0.577 0.773 0.912 1.071 1.250 1.450 1.686 1.903 1.990 2.050 2.090 2.199 2.325 2.457 2.588 2.650 2.651 2.650 2.648 2.641 2.597 2.495 2.355 2.148 1.144 
7.500 3.160 0.506 0.576 0.773 0.912 1.071 1.250 1.450 1.685 1.903 1.989 2.049 2.089 2.198 2.323 2.456 2.587 2.648 2.650 2.648 2.647 2.639 2.595 2.493 2.353 2.146 1.143 
7.500 3.980 0.506 0.576 0.773 0.912 1.070 1.249 1.449 1.684 1.902 1.988 2.048 2.088 2.196 2.321 2.453 2.585 2.646 2.647 2.646 2.644 2.636 2.593 2.490 2.351 2.144 1.142 
7.500 5.010 0.506 0.576 0.772 0.911 1.070 1.248 1.448 1.683 1.900 1.986 2.046 2.085 2.194 2.318 2.451 2.582 2.643 2.645 2.643 2.641 2.633 2.590 2.487 2.348 2.142 1.141 
7.500 6.310 0.506 0.575 0.771 0.910 1.069 1.247 1.447 1.681 1.898 1.984 2.043 2.082 2.190 2.315 2.447 2.578 2.639 2.641 2.639 2.637 2.629 2.586 2.483 2.344 2.138 1.139 
7.500 7.940 0.505 0.573 0.770 0.909 1.067 1.245 1.445 1.679 1.895 1.981 2.039 2.078 2.186 2.310 2.442 2.573 2.634 2.635 2.634 2.632 2.624 2.580 2.478 2.339 2.133 1.137 
7.500 10.000 0.503 0.571 0.768 0.907 1.065 1.243 1.442 1.676 1.891 1.976 2.035 2.073 2.180 2.304 2.436 2.566 2.627 2.628 2.627 2.625 2.617 2.573 2.471 2.332 2.126 1.133 
7.500 12.590 0.501 0.568 0.764 0.903 1.062 1.239 1.437 1.671 1.886 1.970 2.028 2.066 2.172 2.295 2.427 2.557 2.618 2.619 2.617 2.616 2.607 2.563 2.461 2.322 2.117 1.128 
7.500 15.850 0.496 0.562 0.759 0.898 1.056 1.233 1.431 1.663 1.878 1.961 2.018 2.055 2.161 2.284 2.414 2.544 2.605 2.606 2.604 2.603 2.594 2.550 2.448 2.309 2.105 1.120 
7.500 19.950 0.489 0.554 0.751 0.890 1.048 1.224 1.421 1.653 1.866 1.948 2.004 2.041 2.145 2.267 2.398 2.527 2.587 2.588 2.587 2.585 2.576 2.532 2.430 2.291 2.088 1.109 
7.500 25.120 0.478 0.542 0.739 0.878 1.035 1.210 1.407 1.637 1.849 1.930 1.985 2.020 2.123 2.245 2.374 2.503 2.563 2.564 2.562 2.560 2.552 2.507 2.405 2.267 2.064 1.094 
7.500 31.620 0.461 0.524 0.721 0.860 1.017 1.190 1.386 1.615 1.826 1.905 1.958 1.992 2.093 2.213 2.342 2.470 2.530 2.531 2.529 2.527 2.518 2.473 2.371 2.233 2.032 1.071 
7.500 39.810 0.436 0.498 0.695 0.834 0.990 1.163 1.357 1.585 1.793 1.869 1.922 1.953 2.052 2.171 2.299 2.426 2.485 2.486 2.484 2.482 2.472 2.427 2.325 2.188 1.988 1.039 
7.500 50.120 0.402 0.462 0.659 0.798 0.954 1.125 1.317 1.543 1.748 1.822 1.872 1.901 1.998 2.115 2.241 2.367 2.425 2.426 2.424 2.422 2.412 2.366 2.264 2.128 1.929 0.996 
7.500 63.100 0.357 0.415 0.612 0.751 0.907 1.075 1.265 1.488 1.690 1.761 1.808 1.833 1.927 2.042 2.167 2.291 2.349 2.349 2.346 2.345 2.334 2.287 2.185 2.051 1.854 0.940 
7.500 79.430 0.300 0.357 0.554 0.693 0.848 1.013 1.201 1.421 1.618 1.684 1.728 1.749 1.839 1.951 2.074 2.197 2.253 2.253 2.250 2.248 2.236 2.189 2.087 1.954 1.760 0.871 
7.500 100.000 0.233 0.288 0.485 0.624 0.778 0.939 1.124 1.340 1.531 1.593 1.632 1.648 1.733 1.841 1.961 2.082 2.137 2.136 2.133 2.131 2.118 2.070 1.969 1.837 1.646 0.788 
7.500 125.890 0.157 0.211 0.407 0.546 0.699 0.856 1.036 1.247 1.431 1.486 1.520 1.530 1.608 1.712 1.828 1.946 1.999 1.998 1.994 1.992 1.978 1.929 1.828 1.698 1.512 0.692 
7.500 158.490 0.074 0.126 0.323 0.462 0.613 0.764 0.939 1.143 1.319 1.365 1.392 1.393 1.463 1.562 1.674 1.789 1.839 1.837 1.833 1.831 1.816 1.764 1.664 1.536 1.356 0.584 
7.500 199.530 -0.014 0.036 0.233 0.372 0.521 0.664 0.833 1.029 1.194 1.229 1.248 1.239 1.299 1.390 1.497 1.607 1.655 1.652 1.647 1.645 1.627 1.574 1.474 1.350 1.176 0.466 
7.500 251.190 -0.105 -0.057 0.140 0.279 0.425 0.559 0.720 0.905 1.056 1.078 1.086 1.064 1.111 1.194 1.294 1.398 1.442 1.439 1.432 1.430 1.410 1.354 1.254 1.134 0.970 0.336 
7.500 316.230 -0.199 -0.152 0.044 0.183 0.326 0.449 0.599 0.771 0.904 0.910 0.904 0.866 0.896 0.968 1.060 1.157 1.196 1.191 1.184 1.182 1.158 1.099 1.000 0.885 0.732 0.195 
7.500 398.110 -0.294 -0.250 -0.053 0.086 0.225 0.333 0.470 0.626 0.737 0.721 0.698 0.639 0.649 0.707 0.788 0.876 0.910 0.903 0.894 0.892 0.865 0.802 0.703 0.595 0.455 0.041 
7.500 501.190 -0.391 -0.348 -0.151 -0.012 0.122 0.211 0.331 0.467 0.550 0.507 0.462 0.378 0.362 0.403 0.470 0.547 0.574 0.565 0.554 0.552 0.519 0.451 0.353 0.253 0.131 -0.130 
7.500 630.960 -0.488 -0.447 -0.250 -0.111 0.016 0.082 0.182 0.291 0.340 0.263 0.191 0.074 0.026 0.044 0.095 0.157 0.175 0.164 0.150 0.148 0.109 0.034 -0.062 -0.152 -0.252 -0.319 
7.500 794.330 -0.585 -0.546 -0.349 -0.210 -0.091 -0.055 0.019 0.096 0.100 -0.019 -0.126 -0.283 -0.372 -0.382 -0.352 -0.308 -0.302 -0.316 -0.333 -0.335 -0.383 -0.466 -0.560 -0.636 -0.709 -0.533 
7.500 1000.000 -0.683 -0.646 -0.449 -0.310 -0.201 -0.202 -0.161 -0.125 -0.177 -0.349 -0.499 -0.708 -0.848 -0.893 -0.890 -0.868 -0.876 -0.895 -0.916 -0.918 -0.976 -1.069 -1.161 -1.221 -1.259 -0.776 
7.750 1.000 0.623 0.693 0.877 1.009 1.159 1.335 1.531 1.762 1.976 2.060 2.117 2.157 2.265 2.389 2.519 2.646 2.703 2.701 2.698 2.693 2.685 2.643 2.541 2.403 2.199 1.215 
7.750 1.260 0.623 0.693 0.877 1.009 1.159 1.335 1.531 1.762 1.976 2.060 2.117 2.157 2.265 2.388 2.518 2.645 2.702 2.701 2.697 2.693 2.684 2.642 2.540 2.402 2.199 1.215 
7.750 1.580 0.623 0.693 0.877 1.009 1.159 1.335 1.531 1.762 1.976 2.060 2.116 2.156 2.264 2.387 2.518 2.645 2.702 2.700 2.696 2.692 2.683 2.641 2.540 2.401 2.198 1.215 
7.750 2.000 0.623 0.693 0.876 1.008 1.159 1.334 1.531 1.761 1.975 2.059 2.116 2.155 2.263 2.387 2.517 2.644 2.701 2.699 2.695 2.691 2.682 2.640 2.539 2.400 2.197 1.214 
7.750 2.510 0.623 0.693 0.876 1.008 1.158 1.334 1.530 1.761 1.975 2.058 2.115 2.154 2.262 2.385 2.515 2.642 2.699 2.697 2.694 2.690 2.681 2.639 2.537 2.399 2.196 1.214 
7.750 3.160 0.623 0.693 0.876 1.008 1.158 1.334 1.530 1.760 1.974 2.057 2.114 2.153 2.261 2.384 2.514 2.641 2.698 2.696 2.692 2.688 2.679 2.637 2.535 2.397 2.194 1.213 
7.750 3.980 0.623 0.692 0.876 1.008 1.158 1.333 1.529 1.759 1.973 2.056 2.112 2.152 2.259 2.382 2.512 2.638 2.695 2.693 2.690 2.686 2.677 2.635 2.533 2.395 2.192 1.212 
7.750 5.010 0.623 0.692 0.875 1.007 1.157 1.332 1.528 1.758 1.971 2.054 2.111 2.149 2.257 2.379 2.509 2.636 2.692 2.690 2.687 2.683 2.673 2.632 2.530 2.392 2.189 1.211 
7.750 6.310 0.622 0.691 0.874 1.006 1.156 1.331 1.527 1.757 1.969 2.052 2.108 2.146 2.253 2.376 2.505 2.632 2.688 2.687 2.683 2.679 2.670 2.628 2.526 2.388 2.186 1.209 
7.750 7.940 0.621 0.689 0.873 1.005 1.155 1.329 1.525 1.754 1.967 2.049 2.104 2.143 2.249 2.371 2.500 2.627 2.683 2.681 2.678 2.673 2.664 2.622 2.521 2.383 2.181 1.207 
7.750 10.000 0.620 0.687 0.871 1.003 1.152 1.327 1.522 1.751 1.963 2.044 2.099 2.137 2.243 2.365 2.494 2.620 2.676 2.674 2.671 2.666 2.657 2.615 2.513 2.376 2.174 1.203 
7.750 12.590 0.617 0.684 0.867 0.999 1.149 1.323 1.517 1.746 1.957 2.038 2.093 2.130 2.235 2.356 2.485 2.611 2.667 2.665 2.661 2.657 2.647 2.605 2.504 2.366 2.165 1.198 
7.750 15.850 0.613 0.678 0.862 0.994 1.143 1.317 1.511 1.739 1.949 2.029 2.083 2.119 2.224 2.344 2.473 2.598 2.654 2.652 2.648 2.644 2.634 2.592 2.490 2.353 2.152 1.190 
7.750 19.950 0.605 0.670 0.854 0.986 1.135 1.308 1.501 1.728 1.937 2.016 2.069 2.105 2.208 2.328 2.456 2.581 2.637 2.634 2.631 2.626 2.616 2.574 2.472 2.335 2.135 1.179 
7.750 25.120 0.594 0.658 0.842 0.974 1.123 1.294 1.487 1.713 1.921 1.998 2.050 2.084 2.186 2.305 2.433 2.557 2.612 2.610 2.606 2.602 2.592 2.549 2.447 2.311 2.112 1.163 
7.750 31.620 0.577 0.640 0.824 0.955 1.104 1.275 1.466 1.691 1.897 1.973 2.023 2.056 2.156 2.274 2.401 2.524 2.579 2.577 2.573 2.568 2.558 2.515 2.413 2.277 2.079 1.141 
7.750 39.810 0.552 0.614 0.798 0.929 1.078 1.247 1.437 1.660 1.864 1.938 1.987 2.017 2.115 2.232 2.357 2.480 2.534 2.532 2.528 2.523 2.512 2.469 2.367 2.232 2.035 1.109 
7.750 50.120 0.518 0.578 0.762 0.894 1.041 1.209 1.397 1.618 1.819 1.890 1.937 1.965 2.061 2.176 2.299 2.421 2.475 2.472 2.468 2.463 2.452 2.408 2.306 2.172 1.977 1.066 
7.750 63.100 0.473 0.531 0.715 0.847 0.994 1.159 1.345 1.564 1.761 1.829 1.873 1.897 1.990 2.103 2.225 2.345 2.398 2.395 2.390 2.386 2.374 2.329 2.228 2.095 1.902 1.010 
7.750 79.430 0.416 0.473 0.657 0.789 0.935 1.097 1.281 1.496 1.689 1.753 1.793 1.813 1.902 2.012 2.132 2.251 2.302 2.299 2.294 2.289 2.277 2.231 2.130 1.998 1.808 0.941 
7.750 100.000 0.349 0.404 0.588 0.720 0.865 1.023 1.204 1.415 1.603 1.661 1.697 1.712 1.796 1.902 2.020 2.136 2.186 2.182 2.177 2.172 2.158 2.112 2.011 1.881 1.694 0.857 
7.750 125.890 0.273 0.327 0.510 0.642 0.786 0.940 1.116 1.322 1.503 1.554 1.585 1.594 1.671 1.773 1.887 2.000 2.048 2.044 2.038 2.034 2.019 1.971 1.870 1.742 1.560 0.762 
7.750 158.490 0.190 0.242 0.426 0.558 0.700 0.848 1.019 1.218 1.390 1.433 1.457 1.458 1.526 1.623 1.733 1.842 1.888 1.883 1.877 1.872 1.856 1.806 1.706 1.580 1.404 0.654 
7.750 199.530 0.102 0.152 0.336 0.468 0.608 0.748 0.913 1.104 1.265 1.297 1.313 1.303 1.362 1.451 1.556 1.661 1.704 1.698 1.691 1.686 1.668 1.616 1.516 1.394 1.224 0.536 
7.750 251.190 0.011 0.059 0.243 0.375 0.512 0.643 0.800 0.981 1.127 1.146 1.151 1.128 1.174 1.255 1.352 1.452 1.491 1.485 1.476 1.472 1.450 1.396 1.297 1.178 1.018 0.406 
7.750 316.230 -0.083 -0.036 0.147 0.279 0.414 0.533 0.679 0.847 0.976 0.978 0.969 0.930 0.959 1.029 1.118 1.210 1.245 1.237 1.228 1.223 1.199 1.141 1.043 0.929 0.780 0.265 
7.750 398.110 -0.178 -0.134 0.050 0.182 0.312 0.417 0.550 0.701 0.808 0.789 0.763 0.703 0.712 0.768 0.846 0.930 0.959 0.949 0.938 0.934 0.905 0.843 0.746 0.639 0.503 0.111 
7.750 501.190 -0.275 -0.232 -0.048 0.084 0.209 0.295 0.411 0.542 0.621 0.575 0.527 0.442 0.425 0.463 0.529 0.601 0.623 0.611 0.598 0.593 0.559 0.493 0.396 0.297 0.179 -0.060 
7.750 630.960 -0.372 -0.331 -0.147 -0.015 0.104 0.166 0.262 0.367 0.411 0.331 0.256 0.138 0.089 0.105 0.153 0.211 0.224 0.210 0.194 0.189 0.149 0.076 -0.020 -0.108 -0.204 -0.249 
7.750 794.330 -0.469 -0.430 -0.246 -0.114 -0.004 0.029 0.099 0.171 0.171 0.049 -0.061 -0.219 -0.309 -0.321 -0.294 -0.254 -0.253 -0.270 -0.289 -0.294 -0.342 -0.424 -0.518 -0.593 -0.661 -0.463 
7.750 1000.000 -0.566 -0.530 -0.346 -0.214 -0.114 -0.118 -0.081 -0.050 -0.105 -0.281 -0.434 -0.644 -0.785 -0.832 -0.831 -0.814 -0.827 -0.849 -0.872 -0.877 -0.936 -1.027 -1.119 -1.177 -1.211 -0.707 
8.000 1.000 0.739 0.809 0.980 1.104 1.246 1.419 1.611 1.837 2.048 2.129 2.182 2.221 2.329 2.450 2.577 2.700 2.752 2.747 2.742 2.735 2.725 2.685 2.584 2.447 2.247 1.285 
8.000 1.260 0.740 0.809 0.980 1.104 1.246 1.419 1.611 1.837 2.047 2.128 2.182 2.221 2.328 2.449 2.577 2.699 2.752 2.747 2.741 2.734 2.724 2.684 2.583 2.446 2.247 1.285 
8.000 1.580 0.740 0.809 0.980 1.104 1.246 1.419 1.611 1.837 2.047 2.128 2.181 2.220 2.327 2.448 2.576 2.698 2.751 2.746 2.741 2.733 2.723 2.683 2.582 2.445 2.246 1.285 
8.000 2.000 0.740 0.809 0.979 1.104 1.246 1.418 1.611 1.837 2.047 2.127 2.181 2.219 2.327 2.447 2.575 2.697 2.750 2.745 2.740 2.732 2.722 2.682 2.581 2.444 2.245 1.284 
8.000 2.510 0.740 0.809 0.979 1.104 1.246 1.418 1.610 1.836 2.046 2.127 2.180 2.219 2.325 2.446 2.574 2.696 2.749 2.743 2.738 2.731 2.721 2.681 2.580 2.443 2.244 1.284 
8.000 3.160 0.740 0.809 0.979 1.104 1.246 1.418 1.610 1.836 2.045 2.126 2.179 2.217 2.324 2.445 2.572 2.694 2.747 2.742 2.736 2.729 2.719 2.679 2.578 2.441 2.242 1.283 
8.000 3.980 0.740 0.808 0.979 1.104 1.245 1.417 1.609 1.835 2.044 2.124 2.177 2.216 2.322 2.443 2.570 2.692 2.745 2.739 2.734 2.727 2.717 2.676 2.575 2.439 2.240 1.282 
8.000 5.010 0.739 0.808 0.978 1.103 1.245 1.416 1.608 1.834 2.043 2.123 2.176 2.213 2.320 2.440 2.567 2.689 2.742 2.736 2.731 2.724 2.714 2.673 2.572 2.436 2.237 1.281 
8.000 6.310 0.739 0.807 0.977 1.102 1.244 1.415 1.607 1.832 2.041 2.120 2.173 2.211 2.316 2.437 2.564 2.686 2.738 2.733 2.727 2.720 2.710 2.669 2.568 2.432 2.233 1.279 
8.000 7.940 0.738 0.805 0.976 1.101 1.242 1.413 1.605 1.830 2.038 2.117 2.169 2.207 2.312 2.432 2.559 2.681 2.733 2.727 2.722 2.715 2.704 2.664 2.563 2.427 2.228 1.277 
8.000 10.000 0.736 0.803 0.974 1.099 1.240 1.411 1.602 1.826 2.034 2.113 2.164 2.201 2.306 2.426 2.552 2.674 2.726 2.720 2.715 2.708 2.697 2.657 2.556 2.420 2.222 1.273 
8.000 12.590 0.734 0.800 0.970 1.095 1.236 1.407 1.597 1.821 2.028 2.106 2.158 2.194 2.298 2.417 2.543 2.665 2.716 2.711 2.706 2.698 2.688 2.647 2.546 2.410 2.212 1.268 
8.000 15.850 0.729 0.794 0.965 1.090 1.231 1.401 1.591 1.814 2.020 2.097 2.148 2.183 2.287 2.405 2.531 2.652 2.703 2.698 2.693 2.685 2.674 2.634 2.533 2.397 2.200 1.260 
8.000 19.950 0.722 0.786 0.957 1.082 1.223 1.392 1.581 1.804 2.009 2.085 2.134 2.169 2.271 2.389 2.514 2.635 2.686 2.680 2.675 2.667 2.656 2.615 2.515 2.379 2.183 1.249 
8.000 25.120 0.711 0.774 0.945 1.069 1.210 1.378 1.567 1.788 1.992 2.067 2.115 2.148 2.249 2.366 2.491 2.611 2.662 2.656 2.650 2.643 2.632 2.591 2.490 2.355 2.159 1.233 
8.000 31.620 0.694 0.756 0.926 1.051 1.192 1.359 1.546 1.766 1.968 2.041 2.088 2.120 2.219 2.335 2.459 2.578 2.628 2.623 2.617 2.610 2.598 2.556 2.456 2.321 2.127 1.211 
8.000 39.810 0.669 0.730 0.900 1.025 1.165 1.331 1.517 1.735 1.935 2.006 2.052 2.081 2.178 2.293 2.415 2.534 2.584 2.578 2.572 2.564 2.552 2.510 2.410 2.276 2.083 1.179 
8.000 50.120 0.634 0.694 0.865 0.990 1.129 1.293 1.477 1.694 1.890 1.959 2.002 2.029 2.124 2.237 2.358 2.475 2.524 2.518 2.512 2.504 2.492 2.449 2.349 2.216 2.025 1.136 
8.000 63.100 0.589 0.647 0.818 0.943 1.081 1.243 1.425 1.639 1.833 1.897 1.938 1.961 2.053 2.164 2.283 2.399 2.447 2.441 2.434 2.427 2.414 2.371 2.270 2.139 1.950 1.080 
8.000 79.430 0.532 0.589 0.760 0.885 1.023 1.181 1.361 1.571 1.760 1.821 1.858 1.877 1.965 2.073 2.190 2.304 2.351 2.345 2.338 2.331 2.317 2.273 2.172 2.042 1.856 1.010 
8.000 100.000 0.465 0.521 0.691 0.816 0.953 1.107 1.284 1.490 1.674 1.729 1.762 1.776 1.859 1.963 2.078 2.190 2.235 2.228 2.221 2.213 2.199 2.154 2.054 1.925 1.742 0.927 
8.000 125.890 0.389 0.443 0.613 0.738 0.874 1.024 1.196 1.398 1.574 1.622 1.650 1.658 1.734 1.834 1.945 2.054 2.098 2.090 2.082 2.075 2.059 2.012 1.913 1.786 1.607 0.832 
8.000 158.490 0.306 0.358 0.529 0.654 0.788 0.932 1.099 1.294 1.461 1.501 1.522 1.522 1.589 1.684 1.791 1.896 1.938 1.929 1.921 1.914 1.896 1.848 1.749 1.624 1.451 0.724 
8.000 199.530 0.218 0.268 0.439 0.564 0.696 0.833 0.993 1.180 1.336 1.366 1.378 1.367 1.425 1.512 1.614 1.715 1.753 1.744 1.735 1.728 1.708 1.658 1.559 1.438 1.272 0.606 
8.000 251.190 0.127 0.175 0.346 0.471 0.600 0.727 0.880 1.056 1.199 1.215 1.216 1.192 1.237 1.315 1.411 1.506 1.541 1.530 1.520 1.513 1.490 1.438 1.339 1.222 1.065 0.476 
8.000 316.230 0.033 0.080 0.250 0.375 0.501 0.617 0.759 0.922 1.047 1.046 1.034 0.994 1.022 1.090 1.176 1.264 1.295 1.283 1.272 1.264 1.239 1.183 1.085 0.973 0.827 0.335 
8.000 398.110 -0.062 -0.018 0.153 0.278 0.400 0.501 0.630 0.777 0.879 0.857 0.828 0.767 0.775 0.829 0.905 0.984 1.008 0.995 0.982 0.975 0.945 0.885 0.788 0.683 0.551 0.181 
8.000 501.190 -0.159 -0.116 0.055 0.180 0.296 0.379 0.491 0.617 0.693 0.643 0.592 0.506 0.488 0.524 0.587 0.655 0.672 0.657 0.642 0.634 0.599 0.534 0.438 0.341 0.227 0.010 
8.000 630.960 -0.255 -0.215 -0.044 0.081 0.191 0.250 0.342 0.442 0.482 0.399 0.321 0.202 0.152 0.166 0.212 0.265 0.273 0.256 0.238 0.231 0.189 0.117 0.023 -0.064 -0.156 -0.180 
8.000 794.330 -0.353 -0.314 -0.143 -0.019 0.084 0.113 0.179 0.246 0.242 0.117 0.004 -0.155 -0.246 -0.260 -0.236 -0.200 -0.203 -0.224 -0.245 -0.253 -0.302 -0.382 -0.475 -0.549 -0.613 -0.393 
8.000 1000.000 -0.450 -0.413 -0.243 -0.118 -0.026 -0.034 -0.001 0.025 -0.034 -0.213 -0.369 -0.580 -0.722 -0.771 -0.773 -0.760 -0.778 -0.803 -0.828 -0.836 -0.895 -0.985 -1.076 -1.133 -1.163 -0.637 
8.250 1.000 0.856 0.925 1.083 1.200 1.334 1.503 1.691 1.913 2.119 2.197 2.247 2.285 2.392 2.510 2.636 2.754 2.802 2.793 2.786 2.776 2.765 2.726 2.626 2.491 2.295 1.355 
8.250 1.260 0.856 0.925 1.083 1.200 1.334 1.503 1.691 1.913 2.119 2.196 2.247 2.285 2.391 2.510 2.635 2.753 2.801 2.793 2.785 2.775 2.764 2.726 2.625 2.490 2.294 1.355 
8.250 1.580 0.856 0.925 1.083 1.200 1.334 1.503 1.691 1.912 2.118 2.196 2.246 2.284 2.390 2.509 2.634 2.752 2.800 2.792 2.785 2.774 2.763 2.725 2.625 2.489 2.293 1.355 
8.250 2.000 0.856 0.925 1.082 1.200 1.333 1.502 1.691 1.912 2.118 2.196 2.246 2.284 2.390 2.508 2.633 2.751 2.799 2.791 2.784 2.773 2.762 2.724 2.624 2.488 2.293 1.354 
8.250 2.510 0.856 0.925 1.082 1.200 1.333 1.502 1.690 1.912 2.117 2.195 2.245 2.283 2.388 2.507 2.632 2.750 2.798 2.789 2.782 2.772 2.761 2.722 2.622 2.487 2.291 1.354 
8.250 3.160 0.856 0.925 1.082 1.200 1.333 1.502 1.690 1.911 2.116 2.194 2.244 2.281 2.387 2.506 2.630 2.748 2.796 2.788 2.780 2.770 2.759 2.721 2.620 2.485 2.290 1.353 
8.250 3.980 0.856 0.924 1.082 1.199 1.333 1.501 1.689 1.910 2.115 2.193 2.242 2.280 2.385 2.504 2.628 2.746 2.794 2.785 2.778 2.768 2.757 2.718 2.618 2.483 2.287 1.352 
8.250 5.010 0.856 0.924 1.081 1.199 1.332 1.500 1.688 1.909 2.114 2.191 2.241 2.277 2.383 2.501 2.626 2.743 2.791 2.782 2.775 2.765 2.754 2.715 2.615 2.480 2.285 1.351 
8.250 6.310 0.856 0.923 1.080 1.198 1.331 1.499 1.687 1.907 2.112 2.189 2.238 2.275 2.380 2.498 2.622 2.739 2.787 2.779 2.771 2.761 2.750 2.711 2.611 2.476 2.281 1.349 
8.250 7.940 0.855 0.921 1.079 1.197 1.330 1.497 1.685 1.905 2.109 2.185 2.234 2.271 2.375 2.493 2.617 2.734 2.782 2.773 2.766 2.756 2.744 2.706 2.606 2.471 2.276 1.346 
8.250 10.000 0.853 0.919 1.077 1.194 1.327 1.495 1.682 1.902 2.105 2.181 2.229 2.265 2.369 2.487 2.610 2.728 2.775 2.766 2.759 2.749 2.737 2.698 2.598 2.464 2.269 1.343 
8.250 12.590 0.850 0.916 1.073 1.191 1.324 1.491 1.677 1.897 2.100 2.175 2.223 2.258 2.361 2.478 2.602 2.718 2.765 2.757 2.750 2.739 2.728 2.689 2.589 2.454 2.260 1.338 
8.250 15.850 0.846 0.911 1.068 1.186 1.318 1.485 1.671 1.889 2.092 2.166 2.213 2.247 2.350 2.466 2.589 2.706 2.753 2.744 2.737 2.726 2.715 2.675 2.575 2.441 2.248 1.330 
8.250 19.950 0.838 0.902 1.060 1.178 1.310 1.476 1.661 1.879 2.080 2.153 2.199 2.233 2.334 2.450 2.572 2.689 2.735 2.726 2.719 2.709 2.697 2.657 2.557 2.423 2.231 1.319 
8.250 25.120 0.827 0.890 1.048 1.165 1.297 1.462 1.647 1.864 2.063 2.135 2.180 2.212 2.312 2.427 2.549 2.665 2.711 2.702 2.694 2.684 2.672 2.632 2.532 2.399 2.207 1.303 
8.250 31.620 0.810 0.872 1.029 1.147 1.279 1.443 1.626 1.842 2.039 2.109 2.153 2.184 2.282 2.396 2.517 2.632 2.678 2.669 2.661 2.651 2.638 2.598 2.498 2.365 2.175 1.280 
8.250 39.810 0.785 0.846 1.003 1.121 1.253 1.415 1.597 1.811 2.006 2.074 2.117 2.145 2.241 2.354 2.474 2.588 2.633 2.624 2.616 2.606 2.592 2.552 2.452 2.320 2.131 1.249 
8.250 50.120 0.751 0.810 0.968 1.085 1.216 1.377 1.557 1.769 1.962 2.027 2.067 2.093 2.187 2.297 2.416 2.529 2.573 2.564 2.556 2.546 2.532 2.491 2.391 2.260 2.072 1.206 
8.250 63.100 0.705 0.763 0.921 1.039 1.169 1.327 1.505 1.715 1.904 1.966 2.003 2.025 2.116 2.225 2.342 2.453 2.496 2.487 2.479 2.468 2.454 2.413 2.313 2.183 1.997 1.150 
8.250 79.430 0.649 0.705 0.863 0.981 1.110 1.265 1.441 1.647 1.832 1.889 1.923 1.942 2.028 2.134 2.249 2.358 2.401 2.391 2.382 2.372 2.357 2.314 2.215 2.086 1.903 1.080 
8.250 100.000 0.581 0.637 0.794 0.912 1.040 1.191 1.364 1.566 1.745 1.797 1.827 1.840 1.922 2.024 2.136 2.243 2.284 2.274 2.265 2.255 2.239 2.195 2.096 1.969 1.789 0.997 
8.250 125.890 0.505 0.559 0.716 0.834 0.961 1.108 1.276 1.473 1.645 1.691 1.715 1.722 1.797 1.894 2.003 2.108 2.147 2.136 2.126 2.116 2.099 2.054 1.955 1.830 1.655 0.901 
8.250 158.490 0.422 0.474 0.632 0.749 0.875 1.016 1.179 1.369 1.533 1.570 1.587 1.586 1.652 1.745 1.849 1.950 1.987 1.975 1.965 1.955 1.936 1.890 1.791 1.668 1.499 0.794 
8.250 199.530 0.334 0.385 0.542 0.660 0.783 0.917 1.073 1.255 1.408 1.434 1.443 1.431 1.488 1.573 1.672 1.768 1.802 1.790 1.779 1.769 1.748 1.699 1.601 1.482 1.320 0.676 
8.250 251.190 0.243 0.291 0.449 0.567 0.687 0.811 0.960 1.131 1.270 1.283 1.281 1.256 1.300 1.376 1.469 1.559 1.590 1.576 1.564 1.554 1.530 1.480 1.382 1.266 1.113 0.546 
8.250 316.230 0.149 0.196 0.353 0.471 0.588 0.701 0.839 0.997 1.118 1.114 1.099 1.058 1.085 1.151 1.235 1.318 1.344 1.329 1.316 1.306 1.279 1.225 1.128 1.017 0.875 0.405 
8.250 398.110 0.054 0.098 0.256 0.374 0.487 0.585 0.710 0.852 0.951 0.925 0.892 0.831 0.838 0.890 0.963 1.038 1.058 1.041 1.026 1.016 0.985 0.927 0.831 0.727 0.599 0.250 
8.250 501.190 -0.042 0.000 0.158 0.275 0.384 0.463 0.571 0.693 0.764 0.712 0.657 0.570 0.551 0.585 0.645 0.708 0.721 0.703 0.686 0.676 0.639 0.576 0.481 0.385 0.275 0.080 
8.250 630.960 -0.139 -0.099 0.059 0.177 0.278 0.334 0.422 0.517 0.553 0.468 0.386 0.266 0.215 0.227 0.270 0.319 0.323 0.302 0.282 0.272 0.229 0.159 0.065 -0.020 -0.108 -0.110 
8.250 794.330 -0.237 -0.198 -0.040 0.077 0.171 0.197 0.259 0.322 0.314 0.185 0.069 -0.091 -0.183 -0.199 -0.177 -0.146 -0.154 -0.178 -0.201 -0.211 -0.262 -0.340 -0.433 -0.505 -0.566 -0.323 
8.250 1000.000 -0.334 -0.297 -0.140 -0.022 0.061 0.050 0.079 0.101 0.037 -0.145 -0.304 -0.516 -0.659 -0.710 -0.715 -0.707 -0.729 -0.757 -0.784 -0.794 -0.855 -0.944 -1.034 -1.090 -1.116 -0.567 
8.500 1.000 0.973 1.041 1.186 1.296 1.421 1.587 1.771 1.988 2.190 2.265 2.312 2.349 2.455 2.571 2.694 2.808 2.851 2.839 2.830 2.817 2.805 2.768 2.669 2.535 2.343 1.425 
8.500 1.260 0.973 1.041 1.186 1.296 1.421 1.587 1.771 1.988 2.190 2.265 2.312 2.349 2.454 2.571 2.693 2.807 2.850 2.839 2.830 2.817 2.804 2.767 2.668 2.534 2.342 1.425 
8.500 1.580 0.973 1.041 1.186 1.296 1.421 1.587 1.771 1.988 2.190 2.264 2.311 2.348 2.453 2.570 2.692 2.806 2.849 2.838 2.829 2.816 2.803 2.767 2.667 2.533 2.341 1.424 
8.500 2.000 0.973 1.041 1.185 1.296 1.421 1.586 1.770 1.987 2.189 2.264 2.311 2.348 2.453 2.569 2.692 2.805 2.848 2.837 2.828 2.815 2.802 2.765 2.666 2.532 2.340 1.424 
8.500 2.510 0.973 1.041 1.185 1.296 1.421 1.586 1.770 1.987 2.189 2.263 2.310 2.347 2.452 2.568 2.690 2.804 2.847 2.835 2.826 2.813 2.801 2.764 2.665 2.531 2.339 1.424 
8.500 3.160 0.973 1.041 1.185 1.296 1.420 1.586 1.770 1.986 2.188 2.262 2.309 2.345 2.450 2.567 2.689 2.802 2.845 2.834 2.825 2.812 2.799 2.762 2.663 2.529 2.337 1.423 
8.500 3.980 0.973 1.040 1.185 1.295 1.420 1.585 1.769 1.986 2.187 2.261 2.307 2.344 2.448 2.565 2.687 2.800 2.843 2.831 2.822 2.809 2.797 2.760 2.660 2.527 2.335 1.422 
8.500 5.010 0.973 1.040 1.184 1.295 1.419 1.584 1.768 1.984 2.185 2.259 2.305 2.341 2.446 2.562 2.684 2.797 2.840 2.828 2.819 2.806 2.794 2.757 2.657 2.524 2.332 1.421 
8.500 6.310 0.972 1.039 1.183 1.294 1.419 1.583 1.767 1.983 2.183 2.257 2.303 2.339 2.443 2.558 2.680 2.793 2.836 2.825 2.815 2.802 2.790 2.753 2.653 2.520 2.329 1.419 
8.500 7.940 0.971 1.037 1.182 1.293 1.417 1.581 1.765 1.980 2.180 2.254 2.299 2.335 2.438 2.554 2.675 2.788 2.831 2.819 2.810 2.797 2.784 2.747 2.648 2.515 2.324 1.416 
8.500 10.000 0.970 1.035 1.180 1.290 1.415 1.579 1.762 1.977 2.177 2.249 2.294 2.329 2.432 2.547 2.669 2.782 2.824 2.812 2.803 2.790 2.777 2.740 2.641 2.508 2.317 1.413 
8.500 12.590 0.967 1.032 1.176 1.287 1.411 1.575 1.757 1.972 2.171 2.243 2.288 2.322 2.424 2.539 2.660 2.772 2.815 2.803 2.794 2.781 2.768 2.730 2.631 2.498 2.308 1.408 
8.500 15.850 0.962 1.027 1.171 1.282 1.406 1.569 1.751 1.965 2.163 2.234 2.278 2.311 2.413 2.527 2.648 2.760 2.802 2.790 2.781 2.768 2.755 2.717 2.618 2.485 2.295 1.400 
8.500 19.950 0.955 1.018 1.163 1.274 1.397 1.560 1.741 1.954 2.151 2.221 2.264 2.297 2.397 2.511 2.631 2.742 2.784 2.772 2.763 2.750 2.737 2.699 2.600 2.467 2.278 1.389 
8.500 25.120 0.943 1.006 1.151 1.261 1.385 1.546 1.727 1.939 2.134 2.203 2.245 2.276 2.375 2.488 2.607 2.719 2.760 2.748 2.738 2.725 2.712 2.674 2.575 2.443 2.255 1.373 
8.500 31.620 0.926 0.988 1.132 1.243 1.366 1.527 1.706 1.917 2.111 2.178 2.218 2.248 2.345 2.457 2.575 2.686 2.727 2.715 2.705 2.692 2.678 2.640 2.541 2.409 2.222 1.350 
8.500 39.810 0.901 0.962 1.106 1.217 1.340 1.499 1.677 1.886 2.078 2.142 2.181 2.209 2.304 2.415 2.532 2.641 2.682 2.670 2.660 2.647 2.633 2.594 2.495 2.364 2.178 1.319 
8.500 50.120 0.867 0.926 1.071 1.181 1.304 1.461 1.637 1.844 2.033 2.095 2.132 2.157 2.250 2.358 2.474 2.583 2.622 2.610 2.600 2.587 2.572 2.533 2.434 2.304 2.120 1.276 
8.500 63.100 0.822 0.879 1.024 1.135 1.256 1.411 1.585 1.790 1.975 2.034 2.068 2.090 2.179 2.286 2.400 2.507 2.546 2.533 2.523 2.510 2.494 2.454 2.355 2.226 2.045 1.220 
8.500 79.430 0.765 0.821 0.966 1.076 1.197 1.349 1.521 1.722 1.903 1.957 1.988 2.006 2.091 2.195 2.307 2.412 2.450 2.437 2.426 2.413 2.397 2.356 2.257 2.130 1.951 1.150 
8.500 100.000 0.698 0.753 0.897 1.008 1.128 1.275 1.444 1.641 1.816 1.866 1.892 1.904 1.985 2.085 2.194 2.297 2.334 2.320 2.309 2.296 2.279 2.237 2.139 2.012 1.837 1.067 
8.500 125.890 0.622 0.675 0.819 0.930 1.049 1.192 1.356 1.548 1.717 1.759 1.780 1.786 1.860 1.955 2.062 2.162 2.196 2.182 2.170 2.157 2.139 2.096 1.998 1.874 1.703 0.971 
8.500 158.490 0.539 0.590 0.735 0.845 0.962 1.100 1.259 1.444 1.604 1.638 1.652 1.650 1.716 1.806 1.907 2.004 2.036 2.021 2.009 1.996 1.976 1.931 1.834 1.712 1.547 0.864 
8.500 199.530 0.451 0.501 0.645 0.756 0.871 1.001 1.153 1.331 1.479 1.502 1.508 1.495 1.551 1.634 1.730 1.822 1.852 1.836 1.823 1.810 1.788 1.741 1.644 1.526 1.367 0.745 
8.500 251.190 0.359 0.407 0.552 0.662 0.775 0.895 1.040 1.207 1.341 1.351 1.346 1.320 1.363 1.437 1.527 1.613 1.639 1.622 1.608 1.595 1.571 1.521 1.424 1.310 1.161 0.616 
8.500 316.230 0.265 0.312 0.456 0.567 0.676 0.785 0.919 1.073 1.190 1.183 1.164 1.122 1.148 1.211 1.293 1.372 1.393 1.375 1.360 1.347 1.319 1.266 1.170 1.061 0.923 0.475 
8.500 398.110 0.170 0.214 0.359 0.470 0.575 0.669 0.789 0.927 1.022 0.994 0.957 0.895 0.901 0.950 1.021 1.091 1.107 1.087 1.070 1.057 1.025 0.968 0.873 0.771 0.646 0.320 
8.500 501.190 0.074 0.116 0.261 0.371 0.471 0.547 0.651 0.768 0.835 0.780 0.722 0.634 0.614 0.646 0.704 0.762 0.771 0.749 0.730 0.717 0.680 0.618 0.523 0.429 0.322 0.150 
8.500 630.960 -0.023 0.017 0.162 0.272 0.366 0.418 0.502 0.593 0.625 0.536 0.451 0.330 0.278 0.288 0.328 0.373 0.372 0.348 0.326 0.313 0.269 0.201 0.108 0.024 -0.061 -0.040 
8.500 794.330 -0.121 -0.082 0.063 0.173 0.258 0.281 0.339 0.397 0.385 0.254 0.134 -0.027 -0.120 -0.138 -0.119 -0.093 -0.105 -0.132 -0.157 -0.170 -0.222 -0.299 -0.390 -0.461 -0.518 -0.253 
8.500 1000.000 -0.218 -0.181 -0.037 0.074 0.149 0.134 0.159 0.176 0.108 -0.076 -0.239 -0.452 -0.596 -0.649 -0.657 -0.653 -0.679 -0.711 -0.740 -0.753 -0.815 -0.902 -0.991 -1.046 -1.068 -0.497 
8.750 1.000 1.090 1.157 1.289 1.392 1.509 1.671 1.851 2.064 2.261 2.333 2.377 2.413 2.518 2.632 2.752 2.861 2.900 2.885 2.874 2.858 2.845 2.810 2.711 2.579 2.390 1.495 
8.750 1.260 1.090 1.157 1.289 1.392 1.508 1.671 1.851 2.063 2.261 2.333 2.377 2.413 2.517 2.632 2.751 2.861 2.899 2.885 2.874 2.858 2.844 2.809 2.710 2.578 2.390 1.495 
8.750 1.580 1.090 1.157 1.288 1.392 1.508 1.671 1.851 2.063 2.261 2.333 2.376 2.412 2.516 2.631 2.751 2.860 2.899 2.884 2.873 2.857 2.843 2.808 2.710 2.577 2.389 1.494 
8.750 2.000 1.090 1.157 1.288 1.392 1.508 1.670 1.850 2.063 2.260 2.332 2.376 2.412 2.516 2.630 2.750 2.859 2.898 2.883 2.872 2.856 2.842 2.807 2.709 2.576 2.388 1.494 
8.750 2.510 1.090 1.157 1.288 1.392 1.508 1.670 1.850 2.062 2.260 2.331 2.375 2.411 2.515 2.629 2.749 2.858 2.896 2.881 2.870 2.855 2.841 2.806 2.707 2.575 2.387 1.493 
8.750 3.160 1.090 1.157 1.288 1.392 1.508 1.670 1.850 2.062 2.259 2.330 2.374 2.409 2.513 2.627 2.747 2.856 2.895 2.880 2.869 2.853 2.839 2.804 2.705 2.573 2.385 1.493 
8.750 3.980 1.090 1.156 1.288 1.391 1.507 1.669 1.849 2.061 2.258 2.329 2.372 2.408 2.511 2.625 2.745 2.854 2.892 2.877 2.866 2.851 2.837 2.802 2.703 2.571 2.383 1.492 
8.750 5.010 1.090 1.156 1.287 1.391 1.507 1.668 1.848 2.060 2.257 2.327 2.370 2.406 2.509 2.623 2.742 2.851 2.889 2.874 2.863 2.848 2.834 2.799 2.700 2.568 2.380 1.491 
8.750 6.310 1.089 1.155 1.286 1.390 1.506 1.667 1.847 2.058 2.255 2.325 2.368 2.403 2.506 2.619 2.738 2.847 2.885 2.870 2.859 2.844 2.830 2.794 2.696 2.564 2.376 1.489 
8.750 7.940 1.088 1.153 1.285 1.388 1.504 1.666 1.845 2.056 2.252 2.322 2.364 2.399 2.501 2.615 2.734 2.842 2.880 2.865 2.854 2.838 2.825 2.789 2.691 2.559 2.371 1.486 
8.750 10.000 1.086 1.151 1.283 1.386 1.502 1.663 1.842 2.052 2.248 2.317 2.359 2.393 2.495 2.608 2.727 2.835 2.873 2.858 2.847 2.831 2.817 2.782 2.683 2.552 2.365 1.483 
8.750 12.590 1.083 1.148 1.279 1.383 1.499 1.659 1.837 2.047 2.242 2.311 2.353 2.386 2.487 2.600 2.718 2.826 2.864 2.849 2.838 2.822 2.808 2.772 2.674 2.542 2.356 1.477 
8.750 15.850 1.079 1.143 1.274 1.378 1.493 1.653 1.831 2.040 2.234 2.302 2.343 2.375 2.476 2.588 2.706 2.814 2.851 2.836 2.825 2.809 2.795 2.759 2.660 2.529 2.343 1.470 
8.750 19.950 1.071 1.134 1.266 1.369 1.485 1.644 1.821 2.030 2.222 2.289 2.329 2.361 2.460 2.572 2.689 2.796 2.834 2.818 2.807 2.791 2.777 2.741 2.642 2.511 2.326 1.459 
8.750 25.120 1.060 1.122 1.254 1.357 1.472 1.630 1.807 2.014 2.206 2.271 2.310 2.340 2.439 2.549 2.666 2.772 2.809 2.794 2.783 2.767 2.752 2.716 2.617 2.487 2.302 1.443 
8.750 31.620 1.043 1.104 1.235 1.339 1.454 1.611 1.786 1.992 2.182 2.246 2.283 2.312 2.408 2.518 2.634 2.740 2.776 2.761 2.749 2.733 2.718 2.682 2.583 2.453 2.270 1.420 
8.750 39.810 1.018 1.078 1.209 1.313 1.427 1.583 1.757 1.962 2.149 2.211 2.246 2.273 2.367 2.475 2.590 2.695 2.731 2.716 2.704 2.688 2.673 2.636 2.537 2.408 2.226 1.388 
8.750 50.120 0.983 1.042 1.174 1.277 1.391 1.545 1.717 1.920 2.104 2.163 2.197 2.221 2.313 2.419 2.533 2.637 2.672 2.656 2.644 2.628 2.612 2.575 2.476 2.348 2.168 1.346 
8.750 63.100 0.938 0.996 1.127 1.230 1.344 1.495 1.665 1.865 2.046 2.102 2.133 2.154 2.242 2.346 2.458 2.561 2.595 2.579 2.567 2.551 2.534 2.496 2.398 2.270 2.093 1.290 
8.750 79.430 0.881 0.937 1.069 1.172 1.285 1.433 1.601 1.798 1.974 2.026 2.053 2.070 2.154 2.256 2.365 2.466 2.499 2.483 2.470 2.454 2.437 2.398 2.300 2.174 1.999 1.220 
8.750 100.000 0.814 0.869 1.000 1.104 1.215 1.360 1.524 1.717 1.888 1.934 1.957 1.968 2.048 2.146 2.253 2.351 2.383 2.366 2.353 2.337 2.319 2.279 2.181 2.056 1.885 1.137 
8.750 125.890 0.738 0.791 0.922 1.026 1.136 1.276 1.436 1.624 1.788 1.827 1.845 1.850 1.923 2.016 2.120 2.215 2.245 2.228 2.215 2.199 2.179 2.138 2.040 1.918 1.751 1.041 
8.750 158.490 0.655 0.706 0.838 0.941 1.050 1.184 1.339 1.520 1.675 1.706 1.717 1.714 1.779 1.866 1.966 2.058 2.085 2.067 2.053 2.037 2.016 1.973 1.876 1.756 1.594 0.934 
8.750 199.530 0.567 0.617 0.748 0.852 0.958 1.085 1.233 1.406 1.550 1.570 1.573 1.559 1.614 1.695 1.789 1.876 1.901 1.882 1.867 1.851 1.828 1.783 1.686 1.570 1.415 0.815 
8.750 251.190 0.475 0.523 0.655 0.758 0.862 0.979 1.120 1.282 1.412 1.419 1.411 1.384 1.426 1.498 1.585 1.667 1.688 1.668 1.652 1.637 1.611 1.563 1.467 1.354 1.209 0.686 
8.750 316.230 0.381 0.428 0.559 0.663 0.763 0.869 0.999 1.148 1.261 1.251 1.229 1.186 1.211 1.272 1.351 1.426 1.442 1.421 1.404 1.388 1.359 1.308 1.213 1.105 0.970 0.545 
8.750 398.110 0.286 0.330 0.462 0.565 0.662 0.753 0.869 1.003 1.093 1.062 1.022 0.959 0.964 1.011 1.080 1.145 1.156 1.133 1.114 1.099 1.065 1.010 0.916 0.815 0.694 0.390 
8.750 501.190 0.190 0.232 0.364 0.467 0.559 0.631 0.731 0.844 0.906 0.848 0.787 0.698 0.677 0.707 0.762 0.816 0.820 0.795 0.774 0.758 0.720 0.659 0.566 0.473 0.370 0.220 
8.750 630.960 0.093 0.133 0.265 0.368 0.453 0.502 0.582 0.668 0.696 0.604 0.516 0.394 0.341 0.349 0.387 0.427 0.421 0.394 0.370 0.354 0.309 0.243 0.150 0.068 -0.013 0.030 
8.750 794.330 -0.005 0.034 0.166 0.269 0.346 0.365 0.419 0.473 0.456 0.322 0.199 0.037 -0.057 -0.077 -0.061 -0.039 -0.056 -0.086 -0.113 -0.129 -0.182 -0.257 -0.348 -0.417 -0.470 -0.184 
8.750 1000.000 -0.102 -0.065 0.066 0.170 0.236 0.218 0.239 0.252 0.180 -0.008 -0.174 -0.388 -0.533 -0.588 -0.598 -0.599 -0.630 -0.665 -0.696 -0.712 -0.775 -0.860 -0.949 -1.002 -1.020 -0.427 
9.000 1.000 1.207 1.273 1.392 1.488 1.596 1.755 1.931 2.139 2.333 2.402 2.442 2.477 2.581 2.693 2.810 2.915 2.949 2.931 2.918 2.900 2.885 2.852 2.754 2.623 2.438 1.565 
9.000 1.260 1.207 1.273 1.392 1.488 1.596 1.755 1.931 2.139 2.332 2.401 2.442 2.477 2.580 2.693 2.810 2.915 2.949 2.931 2.918 2.899 2.884 2.851 2.753 2.622 2.437 1.564 
9.000 1.580 1.207 1.273 1.391 1.488 1.596 1.755 1.931 2.139 2.332 2.401 2.441 2.476 2.580 2.692 2.809 2.914 2.948 2.930 2.917 2.898 2.884 2.850 2.752 2.621 2.437 1.564 
9.000 2.000 1.207 1.273 1.391 1.488 1.596 1.754 1.930 2.138 2.332 2.400 2.441 2.476 2.579 2.691 2.808 2.913 2.947 2.929 2.916 2.897 2.883 2.849 2.751 2.620 2.436 1.564 
9.000 2.510 1.207 1.273 1.391 1.488 1.596 1.754 1.930 2.138 2.331 2.400 2.440 2.475 2.578 2.690 2.807 2.912 2.946 2.927 2.914 2.896 2.881 2.847 2.750 2.619 2.434 1.563 
9.000 3.160 1.207 1.273 1.391 1.487 1.595 1.754 1.929 2.137 2.330 2.399 2.439 2.473 2.576 2.688 2.805 2.910 2.944 2.926 2.913 2.894 2.879 2.846 2.748 2.617 2.433 1.563 
9.000 3.980 1.207 1.272 1.391 1.487 1.595 1.753 1.929 2.136 2.329 2.397 2.437 2.472 2.574 2.686 2.803 2.908 2.942 2.923 2.910 2.892 2.877 2.843 2.745 2.615 2.431 1.562 
9.000 5.010 1.206 1.272 1.390 1.487 1.594 1.752 1.928 2.135 2.328 2.396 2.435 2.470 2.572 2.684 2.800 2.905 2.939 2.920 2.907 2.889 2.874 2.840 2.742 2.612 2.428 1.560 
9.000 6.310 1.206 1.271 1.389 1.486 1.593 1.751 1.926 2.134 2.326 2.393 2.433 2.467 2.569 2.680 2.797 2.901 2.935 2.916 2.904 2.885 2.870 2.836 2.738 2.608 2.424 1.559 
9.000 7.940 1.205 1.269 1.388 1.484 1.592 1.750 1.924 2.131 2.323 2.390 2.429 2.463 2.564 2.676 2.792 2.896 2.930 2.911 2.898 2.880 2.865 2.831 2.733 2.603 2.419 1.556 
9.000 10.000 1.203 1.267 1.386 1.482 1.590 1.747 1.921 2.128 2.319 2.386 2.424 2.457 2.558 2.669 2.785 2.889 2.923 2.904 2.891 2.873 2.858 2.824 2.726 2.596 2.412 1.553 
9.000 12.590 1.200 1.264 1.382 1.479 1.586 1.743 1.917 2.123 2.313 2.379 2.418 2.450 2.550 2.661 2.776 2.880 2.913 2.895 2.882 2.863 2.848 2.814 2.716 2.586 2.403 1.547 
9.000 15.850 1.195 1.259 1.377 1.473 1.581 1.737 1.910 2.116 2.305 2.370 2.408 2.439 2.539 2.649 2.764 2.867 2.900 2.882 2.869 2.850 2.835 2.801 2.703 2.573 2.391 1.540 
9.000 19.950 1.188 1.250 1.369 1.465 1.572 1.728 1.901 2.105 2.294 2.358 2.394 2.425 2.523 2.632 2.747 2.850 2.883 2.864 2.851 2.832 2.817 2.782 2.685 2.555 2.374 1.529 
9.000 25.120 1.176 1.238 1.357 1.453 1.560 1.714 1.886 2.090 2.277 2.340 2.375 2.404 2.502 2.610 2.724 2.826 2.859 2.840 2.827 2.808 2.792 2.757 2.660 2.531 2.350 1.513 
9.000 31.620 1.159 1.220 1.338 1.435 1.541 1.695 1.866 2.068 2.253 2.314 2.348 2.376 2.472 2.579 2.692 2.794 2.825 2.807 2.793 2.775 2.758 2.723 2.626 2.497 2.318 1.490 
9.000 39.810 1.134 1.194 1.312 1.409 1.515 1.667 1.837 2.037 2.220 2.279 2.311 2.337 2.431 2.536 2.649 2.749 2.781 2.762 2.748 2.729 2.713 2.677 2.580 2.452 2.274 1.458 
9.000 50.120 1.100 1.158 1.277 1.373 1.479 1.629 1.797 1.995 2.176 2.232 2.262 2.285 2.376 2.480 2.591 2.690 2.721 2.702 2.688 2.669 2.652 2.616 2.519 2.392 2.216 1.415 
9.000 63.100 1.054 1.112 1.230 1.326 1.431 1.579 1.745 1.941 2.118 2.170 2.198 2.218 2.305 2.407 2.516 2.615 2.644 2.625 2.611 2.592 2.574 2.538 2.440 2.314 2.140 1.360 
9.000 79.430 0.997 1.053 1.172 1.268 1.372 1.517 1.680 1.873 2.045 2.094 2.118 2.134 2.217 2.316 2.423 2.520 2.548 2.529 2.514 2.496 2.477 2.440 2.342 2.218 2.046 1.290 
9.000 100.000 0.930 0.985 1.103 1.199 1.302 1.444 1.604 1.792 1.959 2.002 2.022 2.032 2.111 2.207 2.311 2.405 2.432 2.412 2.397 2.378 2.359 2.320 2.224 2.100 1.933 1.207 
9.000 125.890 0.854 0.907 1.025 1.122 1.223 1.360 1.516 1.699 1.859 1.895 1.910 1.914 1.986 2.077 2.178 2.269 2.295 2.274 2.259 2.240 2.219 2.179 2.083 1.962 1.798 1.111 
9.000 158.490 0.771 0.822 0.941 1.037 1.137 1.268 1.419 1.595 1.746 1.774 1.782 1.778 1.842 1.927 2.024 2.112 2.135 2.113 2.097 2.079 2.056 2.015 1.919 1.800 1.642 1.004 
9.000 199.530 0.683 0.733 0.851 0.947 1.045 1.169 1.313 1.481 1.621 1.639 1.638 1.623 1.677 1.755 1.847 1.930 1.950 1.928 1.911 1.893 1.868 1.825 1.729 1.614 1.463 0.885 
9.000 251.190 0.591 0.639 0.758 0.854 0.950 1.063 1.199 1.358 1.484 1.488 1.476 1.448 1.489 1.559 1.644 1.721 1.738 1.714 1.697 1.678 1.651 1.605 1.509 1.398 1.256 0.756 
9.000 316.230 0.497 0.544 0.662 0.759 0.851 0.953 1.078 1.224 1.332 1.319 1.294 1.250 1.274 1.333 1.409 1.480 1.492 1.467 1.448 1.429 1.399 1.350 1.255 1.149 1.018 0.615 
9.000 398.110 0.402 0.447 0.565 0.661 0.749 0.837 0.949 1.078 1.165 1.130 1.087 1.023 1.027 1.072 1.138 1.199 1.205 1.179 1.158 1.140 1.105 1.052 0.958 0.859 0.742 0.460 
9.000 501.190 0.306 0.348 0.467 0.563 0.646 0.715 0.811 0.919 0.978 0.916 0.852 0.762 0.740 0.768 0.820 0.870 0.869 0.841 0.818 0.799 0.760 0.701 0.608 0.517 0.418 0.290 
9.000 630.960 0.209 0.249 0.368 0.464 0.541 0.586 0.661 0.744 0.767 0.672 0.581 0.458 0.404 0.409 0.445 0.480 0.470 0.440 0.414 0.396 0.349 0.284 0.193 0.112 0.035 0.100 
9.000 794.330 0.111 0.150 0.269 0.365 0.433 0.449 0.498 0.548 0.527 0.390 0.264 0.101 0.006 -0.017 -0.002 0.015 -0.006 -0.040 -0.069 -0.088 -0.142 -0.215 -0.305 -0.373 -0.422 -0.114 
9.000 1000.000 0.014 0.051 0.169 0.265 0.323 0.303 0.319 0.327 0.251 0.060 -0.109 -0.324 -0.470 -0.527 -0.540 -0.545 -0.581 -0.619 -0.652 -0.671 -0.735 -0.819 -0.906 -0.958 -0.972 -0.357 
9.250 1.000 1.324 1.389 1.495 1.584 1.683 1.839 2.011 2.214 2.404 2.470 2.507 2.541 2.644 2.754 2.869 2.969 2.999 2.977 2.962 2.941 2.925 2.893 2.796 2.667 2.486 1.635 
9.250 1.260 1.324 1.389 1.494 1.584 1.683 1.839 2.011 2.214 2.404 2.469 2.507 2.541 2.643 2.753 2.868 2.969 2.998 2.976 2.962 2.940 2.925 2.893 2.795 2.666 2.485 1.634 
9.250 1.580 1.324 1.389 1.494 1.584 1.683 1.839 2.010 2.214 2.403 2.469 2.506 2.540 2.643 2.753 2.867 2.968 2.997 2.976 2.961 2.939 2.924 2.892 2.795 2.665 2.484 1.634 
9.250 2.000 1.324 1.389 1.494 1.584 1.683 1.838 2.010 2.214 2.403 2.469 2.506 2.540 2.642 2.752 2.866 2.967 2.996 2.975 2.960 2.938 2.923 2.891 2.794 2.664 2.483 1.634 
9.250 2.510 1.324 1.389 1.494 1.584 1.683 1.838 2.010 2.213 2.402 2.468 2.505 2.539 2.641 2.751 2.865 2.965 2.995 2.973 2.959 2.937 2.921 2.889 2.792 2.663 2.482 1.633 
9.250 3.160 1.324 1.389 1.494 1.583 1.683 1.838 2.009 2.213 2.402 2.467 2.504 2.537 2.639 2.749 2.863 2.964 2.993 2.972 2.957 2.935 2.919 2.887 2.790 2.661 2.480 1.633 
9.250 3.980 1.324 1.388 1.494 1.583 1.682 1.837 2.009 2.212 2.401 2.466 2.502 2.536 2.637 2.747 2.861 2.962 2.991 2.969 2.955 2.933 2.917 2.885 2.788 2.659 2.478 1.632 
9.250 5.010 1.323 1.388 1.493 1.582 1.682 1.837 2.008 2.211 2.399 2.464 2.500 2.534 2.635 2.745 2.859 2.959 2.988 2.966 2.952 2.930 2.914 2.882 2.785 2.656 2.475 1.630 
9.250 6.310 1.323 1.387 1.492 1.582 1.681 1.835 2.006 2.209 2.397 2.462 2.498 2.531 2.632 2.741 2.855 2.955 2.984 2.962 2.948 2.926 2.910 2.878 2.781 2.652 2.472 1.629 
9.250 7.940 1.321 1.385 1.491 1.580 1.679 1.834 2.004 2.207 2.394 2.458 2.494 2.527 2.627 2.736 2.850 2.950 2.979 2.957 2.942 2.921 2.905 2.873 2.776 2.647 2.467 1.626 
9.250 10.000 1.320 1.383 1.489 1.578 1.677 1.831 2.001 2.203 2.390 2.454 2.489 2.521 2.621 2.730 2.844 2.943 2.972 2.950 2.935 2.914 2.898 2.865 2.768 2.639 2.460 1.622 
9.250 12.590 1.317 1.380 1.485 1.575 1.674 1.827 1.997 2.198 2.385 2.448 2.482 2.514 2.613 2.722 2.835 2.934 2.962 2.941 2.926 2.904 2.888 2.856 2.759 2.630 2.451 1.617 
9.250 15.850 1.312 1.375 1.480 1.569 1.668 1.821 1.990 2.191 2.377 2.439 2.473 2.503 2.602 2.710 2.822 2.921 2.950 2.928 2.913 2.891 2.875 2.842 2.745 2.617 2.439 1.610 
9.250 19.950 1.305 1.366 1.472 1.561 1.660 1.812 1.981 2.180 2.365 2.426 2.459 2.489 2.586 2.693 2.806 2.904 2.932 2.910 2.895 2.874 2.857 2.824 2.727 2.599 2.421 1.599 
9.250 25.120 1.293 1.354 1.460 1.549 1.647 1.798 1.966 2.165 2.348 2.408 2.440 2.468 2.565 2.671 2.782 2.880 2.908 2.886 2.871 2.849 2.832 2.799 2.702 2.575 2.398 1.583 
9.250 31.620 1.276 1.336 1.441 1.531 1.629 1.779 1.946 2.143 2.324 2.382 2.413 2.440 2.535 2.640 2.750 2.847 2.875 2.853 2.837 2.816 2.799 2.765 2.668 2.541 2.365 1.560 
9.250 39.810 1.251 1.310 1.415 1.505 1.602 1.751 1.916 2.112 2.291 2.347 2.376 2.401 2.494 2.597 2.707 2.803 2.830 2.808 2.792 2.771 2.753 2.719 2.622 2.496 2.322 1.528 
9.250 50.120 1.216 1.274 1.380 1.469 1.566 1.713 1.877 2.070 2.247 2.300 2.327 2.349 2.439 2.541 2.649 2.744 2.770 2.748 2.732 2.711 2.692 2.658 2.561 2.436 2.263 1.485 
9.250 63.100 1.171 1.228 1.333 1.422 1.519 1.663 1.825 2.016 2.189 2.239 2.263 2.282 2.368 2.468 2.575 2.668 2.693 2.671 2.655 2.633 2.614 2.579 2.483 2.358 2.188 1.429 
9.250 79.430 1.114 1.169 1.275 1.364 1.460 1.601 1.760 1.948 2.117 2.162 2.183 2.198 2.280 2.377 2.482 2.574 2.598 2.575 2.558 2.537 2.517 2.481 2.385 2.262 2.094 1.360 
9.250 100.000 1.046 1.101 1.206 1.295 1.390 1.528 1.684 1.867 2.030 2.070 2.087 2.096 2.174 2.267 2.369 2.459 2.481 2.458 2.441 2.420 2.399 2.362 2.266 2.144 1.980 1.277 
9.250 125.890 0.970 1.023 1.128 1.218 1.311 1.444 1.596 1.774 1.930 1.964 1.975 1.978 2.049 2.138 2.236 2.323 2.344 2.320 2.303 2.281 2.259 2.221 2.125 2.006 1.846 1.181 
9.250 158.490 0.887 0.938 1.044 1.133 1.225 1.352 1.498 1.671 1.818 1.843 1.847 1.842 1.905 1.988 2.082 2.165 2.184 2.159 2.141 2.120 2.096 2.057 1.961 1.844 1.690 1.073 
9.250 199.530 0.799 0.849 0.954 1.043 1.133 1.253 1.393 1.557 1.693 1.707 1.703 1.687 1.740 1.816 1.905 1.984 1.999 1.974 1.955 1.934 1.908 1.866 1.771 1.657 1.510 0.955 
9.250 251.190 0.707 0.755 0.861 0.950 1.037 1.147 1.279 1.433 1.555 1.556 1.541 1.512 1.552 1.620 1.702 1.775 1.787 1.760 1.741 1.719 1.691 1.646 1.552 1.442 1.304 0.826 
9.250 316.230 0.614 0.660 0.765 0.854 0.938 1.037 1.158 1.299 1.403 1.387 1.358 1.314 1.337 1.394 1.468 1.534 1.541 1.513 1.492 1.471 1.439 1.391 1.298 1.193 1.066 0.684 
9.250 398.110 0.518 0.563 0.668 0.757 0.837 0.921 1.029 1.153 1.236 1.198 1.152 1.087 1.090 1.133 1.196 1.253 1.255 1.225 1.203 1.181 1.145 1.094 1.001 0.903 0.789 0.530 
9.250 501.190 0.422 0.464 0.570 0.659 0.733 0.799 0.891 0.994 1.049 0.985 0.917 0.826 0.804 0.829 0.878 0.924 0.918 0.887 0.862 0.841 0.800 0.743 0.651 0.561 0.465 0.360 
9.250 630.960 0.325 0.365 0.471 0.560 0.628 0.670 0.741 0.819 0.838 0.741 0.646 0.522 0.467 0.470 0.503 0.534 0.520 0.486 0.458 0.437 0.390 0.326 0.235 0.156 0.082 0.170 
9.250 794.330 0.227 0.266 0.371 0.461 0.521 0.533 0.578 0.623 0.599 0.458 0.329 0.165 0.069 0.044 0.056 0.069 0.043 0.006 -0.025 -0.046 -0.102 -0.173 -0.263 -0.329 -0.375 -0.044 
9.250 1000.000 0.130 0.167 0.272 0.361 0.411 0.387 0.399 0.402 0.322 0.128 -0.044 -0.260 -0.407 -0.467 -0.482 -0.491 -0.532 -0.573 -0.608 -0.629 -0.695 -0.777 -0.864 -0.914 -0.925 -0.287 
