ZhaoEtAl2006SInterCascadia_CanadaSHM6-trial modified from OpenQuake implementation, distance is rrup. Log10 ground motion values in cgs units, PGV and Sa(T<0.1s) not valid
          10 31 23 : nmag, ndist, nperiod
          10.000 5.000 4.000 3.000 2.500 2.000 1.500 1.250 1.000 0.900 0.800 0.700 0.600 0.500 0.400 0.300 0.250 0.200 0.150 0.100 0.050 PGA PGV 
          0.698 0.698 0.716 0.748 0.760 0.760 0.752 0.742 0.734 0.729 0.726 0.723 0.717 0.709 0.713 0.726 0.741 0.766 0.792 0.803 0.726 0.678 0.000 
7.000 1.000 1.000 1.594 1.899 2.225 2.389 2.599 2.696 2.761 2.748 2.819 2.884 2.902 2.905 2.964 3.010 2.967 2.936 2.860 2.833 2.697 2.529 2.469 0.000 
7.000 1.260 0.989 1.583 1.883 2.203 2.369 2.577 2.674 2.738 2.729 2.799 2.864 2.883 2.889 2.950 2.997 2.956 2.927 2.852 2.825 2.690 2.520 2.458 0.000 
7.000 1.580 0.976 1.568 1.863 2.178 2.344 2.551 2.648 2.711 2.707 2.776 2.839 2.860 2.870 2.932 2.982 2.944 2.916 2.843 2.816 2.681 2.508 2.446 0.000 
7.000 2.000 0.960 1.551 1.840 2.148 2.315 2.520 2.618 2.680 2.680 2.748 2.810 2.833 2.847 2.911 2.963 2.928 2.902 2.830 2.805 2.671 2.495 2.430 0.000 
7.000 2.510 0.941 1.529 1.812 2.113 2.281 2.484 2.582 2.643 2.648 2.715 2.776 2.801 2.819 2.886 2.941 2.909 2.885 2.816 2.791 2.658 2.478 2.412 0.000 
7.000 3.160 0.918 1.504 1.779 2.072 2.241 2.442 2.541 2.601 2.611 2.677 2.737 2.764 2.787 2.856 2.914 2.886 2.865 2.797 2.774 2.642 2.458 2.389 0.000 
7.000 3.980 0.890 1.474 1.741 2.025 2.196 2.395 2.494 2.552 2.568 2.633 2.692 2.722 2.749 2.821 2.883 2.859 2.840 2.775 2.753 2.622 2.433 2.362 0.000 
7.000 5.010 0.859 1.439 1.698 1.973 2.145 2.341 2.442 2.498 2.519 2.583 2.641 2.673 2.705 2.781 2.845 2.826 2.810 2.749 2.728 2.598 2.404 2.329 0.000 
7.000 6.310 0.822 1.398 1.648 1.915 2.088 2.282 2.383 2.438 2.465 2.528 2.584 2.618 2.656 2.734 2.802 2.788 2.775 2.717 2.697 2.570 2.369 2.291 0.000 
7.000 7.940 0.779 1.352 1.592 1.851 2.025 2.217 2.318 2.372 2.404 2.466 2.521 2.558 2.600 2.681 2.753 2.744 2.734 2.680 2.661 2.535 2.328 2.247 0.000 
7.000 10.000 0.732 1.299 1.531 1.782 1.957 2.146 2.248 2.301 2.338 2.398 2.452 2.491 2.538 2.622 2.697 2.693 2.686 2.636 2.619 2.495 2.281 2.197 0.000 
7.000 12.590 0.679 1.240 1.463 1.707 1.883 2.070 2.172 2.225 2.266 2.325 2.378 2.419 2.470 2.557 2.635 2.635 2.632 2.585 2.570 2.447 2.226 2.139 0.000 
7.000 15.850 0.620 1.174 1.390 1.628 1.804 1.989 2.092 2.143 2.188 2.247 2.298 2.341 2.396 2.485 2.566 2.570 2.569 2.526 2.512 2.391 2.163 2.073 0.000 
7.000 19.950 0.556 1.103 1.312 1.544 1.721 1.904 2.007 2.058 2.106 2.164 2.214 2.258 2.317 2.407 2.490 2.498 2.499 2.459 2.447 2.327 2.093 2.001 0.000 
7.000 25.120 0.487 1.025 1.229 1.457 1.633 1.815 1.917 1.968 2.019 2.076 2.125 2.170 2.232 2.323 2.407 2.418 2.421 2.384 2.372 2.254 2.014 1.920 0.000 
7.000 31.620 0.413 0.942 1.141 1.366 1.541 1.722 1.824 1.874 1.928 1.984 2.032 2.078 2.141 2.234 2.318 2.330 2.335 2.299 2.288 2.170 1.925 1.831 0.000 
7.000 39.810 0.334 0.853 1.048 1.271 1.446 1.625 1.726 1.777 1.832 1.887 1.935 1.981 2.046 2.138 2.222 2.234 2.239 2.205 2.193 2.075 1.828 1.734 0.000 
7.000 50.120 0.250 0.759 0.951 1.173 1.346 1.524 1.625 1.676 1.732 1.787 1.833 1.879 1.946 2.036 2.119 2.130 2.134 2.100 2.087 1.968 1.720 1.628 0.000 
7.000 63.100 0.161 0.659 0.850 1.072 1.243 1.420 1.519 1.571 1.628 1.681 1.727 1.773 1.839 1.928 2.008 2.016 2.018 1.983 1.968 1.848 1.600 1.512 0.000 
7.000 79.430 0.067 0.553 0.744 0.967 1.136 1.311 1.409 1.461 1.519 1.571 1.615 1.661 1.727 1.813 1.888 1.892 1.891 1.854 1.835 1.712 1.467 1.385 0.000 
7.000 100.000 -0.033 0.441 0.633 0.858 1.024 1.197 1.293 1.347 1.404 1.455 1.499 1.543 1.609 1.690 1.759 1.756 1.750 1.709 1.686 1.558 1.320 1.245 0.000 
7.000 125.890 -0.141 0.321 0.516 0.745 0.906 1.078 1.172 1.227 1.284 1.333 1.375 1.419 1.482 1.558 1.618 1.606 1.594 1.546 1.517 1.383 1.154 1.091 0.000 
7.000 158.490 -0.256 0.193 0.392 0.627 0.783 0.952 1.043 1.101 1.156 1.204 1.244 1.285 1.346 1.415 1.464 1.439 1.418 1.362 1.325 1.183 0.968 0.918 0.000 
7.000 199.530 -0.380 0.056 0.261 0.503 0.652 0.819 0.905 0.966 1.019 1.065 1.103 1.142 1.199 1.259 1.293 1.252 1.220 1.152 1.105 0.952 0.755 0.723 0.000 
7.000 251.190 -0.517 -0.094 0.120 0.372 0.512 0.675 0.757 0.821 0.872 0.915 0.951 0.986 1.039 1.086 1.102 1.040 0.992 0.911 0.849 0.683 0.509 0.501 0.000 
7.000 316.230 -0.667 -0.258 -0.033 0.232 0.361 0.520 0.595 0.664 0.712 0.751 0.784 0.815 0.861 0.893 0.886 0.796 0.730 0.629 0.551 0.366 0.224 0.245 0.000 
7.000 398.110 -0.836 -0.440 -0.201 0.081 0.196 0.350 0.416 0.491 0.535 0.570 0.599 0.625 0.663 0.674 0.638 0.514 0.423 0.299 0.198 -0.009 -0.111 -0.052 0.000 
7.000 501.190 -1.026 -0.644 -0.387 -0.084 0.013 0.161 0.217 0.300 0.337 0.367 0.392 0.411 0.438 0.425 0.351 0.184 0.062 -0.093 -0.222 -0.457 -0.509 -0.403 0.000 
7.000 630.960 -1.245 -0.876 -0.596 -0.266 -0.192 -0.052 -0.008 0.084 0.114 0.137 0.156 0.166 0.180 0.135 0.015 -0.207 -0.369 -0.562 -0.726 -0.998 -0.985 -0.819 0.000 
7.000 794.330 -1.498 -1.143 -0.833 -0.470 -0.424 -0.294 -0.267 -0.163 -0.141 -0.127 -0.115 -0.116 -0.119 -0.203 -0.384 -0.675 -0.886 -1.127 -1.336 -1.654 -1.559 -1.317 0.000 
7.000 1000.000 -1.795 -1.454 -1.107 -0.700 -0.690 -0.573 -0.566 -0.447 -0.437 -0.434 -0.430 -0.446 -0.471 -0.605 -0.860 -1.238 -1.511 -1.814 -2.079 -2.455 -2.257 -1.920 0.000 
7.250 1.000 1.071 1.659 1.971 2.299 2.460 2.668 2.754 2.815 2.790 2.857 2.921 2.933 2.929 2.991 3.036 2.992 2.957 2.876 2.845 2.706 2.538 2.480 0.000 
7.250 1.260 1.062 1.650 1.959 2.282 2.444 2.650 2.737 2.797 2.775 2.842 2.904 2.918 2.917 2.980 3.026 2.984 2.950 2.870 2.839 2.700 2.531 2.472 0.000 
7.250 1.580 1.052 1.638 1.943 2.261 2.424 2.628 2.716 2.775 2.756 2.823 2.885 2.900 2.901 2.966 3.013 2.973 2.941 2.862 2.832 2.694 2.522 2.462 0.000 
7.250 2.000 1.039 1.624 1.924 2.236 2.400 2.603 2.691 2.749 2.734 2.800 2.861 2.878 2.882 2.948 2.998 2.960 2.929 2.852 2.822 2.685 2.511 2.449 0.000 
7.250 2.510 1.024 1.607 1.901 2.206 2.371 2.572 2.662 2.718 2.708 2.773 2.833 2.851 2.860 2.928 2.980 2.944 2.915 2.840 2.811 2.674 2.497 2.434 0.000 
7.250 3.160 1.005 1.587 1.874 2.172 2.338 2.537 2.627 2.682 2.677 2.741 2.800 2.820 2.833 2.903 2.957 2.925 2.898 2.825 2.797 2.661 2.480 2.416 0.000 
7.250 3.980 0.983 1.562 1.842 2.131 2.299 2.496 2.587 2.640 2.641 2.704 2.761 2.784 2.801 2.873 2.930 2.902 2.877 2.807 2.780 2.645 2.460 2.393 0.000 
7.250 5.010 0.956 1.532 1.804 2.085 2.254 2.449 2.540 2.593 2.599 2.661 2.717 2.742 2.764 2.838 2.898 2.874 2.852 2.784 2.759 2.625 2.436 2.366 0.000 
7.250 6.310 0.925 1.498 1.761 2.034 2.204 2.396 2.488 2.539 2.552 2.612 2.666 2.694 2.721 2.798 2.861 2.841 2.822 2.758 2.733 2.601 2.406 2.334 0.000 
7.250 7.940 0.889 1.457 1.712 1.976 2.147 2.337 2.430 2.480 2.498 2.557 2.610 2.640 2.672 2.751 2.818 2.802 2.786 2.725 2.703 2.572 2.371 2.296 0.000 
7.250 10.000 0.848 1.411 1.657 1.912 2.085 2.272 2.366 2.415 2.438 2.496 2.547 2.580 2.617 2.698 2.768 2.757 2.744 2.687 2.666 2.538 2.330 2.252 0.000 
7.250 12.590 0.801 1.359 1.595 1.843 2.017 2.202 2.296 2.344 2.372 2.429 2.479 2.513 2.555 2.639 2.711 2.705 2.696 2.642 2.623 2.496 2.282 2.201 0.000 
7.250 15.850 0.749 1.300 1.528 1.769 1.943 2.126 2.221 2.268 2.301 2.356 2.405 2.441 2.488 2.573 2.648 2.646 2.639 2.590 2.572 2.447 2.226 2.142 0.000 
7.250 19.950 0.690 1.234 1.455 1.689 1.864 2.045 2.141 2.186 2.223 2.278 2.326 2.363 2.414 2.500 2.578 2.579 2.575 2.530 2.513 2.389 2.162 2.076 0.000 
7.250 25.120 0.627 1.162 1.376 1.606 1.780 1.960 2.055 2.100 2.141 2.195 2.241 2.280 2.334 2.421 2.500 2.504 2.503 2.460 2.445 2.323 2.089 2.002 0.000 
7.250 31.620 0.557 1.084 1.292 1.518 1.692 1.870 1.965 2.010 2.053 2.106 2.151 2.191 2.248 2.336 2.415 2.421 2.421 2.382 2.367 2.245 2.006 1.919 0.000 
7.250 39.810 0.483 1.000 1.203 1.426 1.599 1.776 1.870 1.915 1.961 2.013 2.057 2.098 2.156 2.244 2.323 2.330 2.331 2.293 2.278 2.157 1.914 1.827 0.000 
7.250 50.120 0.402 0.910 1.109 1.330 1.502 1.677 1.771 1.816 1.864 1.915 1.958 1.999 2.059 2.146 2.223 2.229 2.230 2.193 2.177 2.056 1.811 1.725 0.000 
7.250 63.100 0.317 0.813 1.011 1.230 1.401 1.574 1.667 1.713 1.762 1.812 1.853 1.894 1.955 2.040 2.115 2.119 2.118 2.080 2.063 1.941 1.695 1.613 0.000 
7.250 79.430 0.225 0.710 0.907 1.127 1.295 1.467 1.559 1.605 1.655 1.703 1.744 1.785 1.846 1.928 1.998 1.998 1.994 1.955 1.935 1.809 1.567 1.489 0.000 
7.250 100.000 0.127 0.600 0.797 1.020 1.185 1.355 1.445 1.492 1.542 1.589 1.629 1.668 1.729 1.807 1.871 1.864 1.856 1.813 1.789 1.660 1.422 1.352 0.000 
7.250 125.890 0.022 0.483 0.682 0.908 1.069 1.236 1.324 1.373 1.423 1.468 1.506 1.545 1.604 1.676 1.732 1.716 1.702 1.653 1.623 1.488 1.259 1.200 0.000 
7.250 158.490 -0.092 0.356 0.559 0.790 0.946 1.112 1.196 1.248 1.296 1.340 1.376 1.413 1.469 1.534 1.579 1.551 1.528 1.472 1.434 1.291 1.075 1.029 0.000 
7.250 199.530 -0.216 0.220 0.429 0.667 0.816 0.979 1.059 1.114 1.160 1.202 1.236 1.270 1.323 1.379 1.409 1.365 1.331 1.264 1.216 1.062 0.864 0.836 0.000 
7.250 251.190 -0.351 0.072 0.288 0.537 0.677 0.836 0.911 0.969 1.014 1.052 1.084 1.115 1.163 1.207 1.219 1.154 1.105 1.024 0.962 0.795 0.620 0.615 0.000 
7.250 316.230 -0.501 -0.091 0.136 0.397 0.526 0.681 0.750 0.813 0.854 0.889 0.918 0.944 0.986 1.014 1.004 0.911 0.844 0.744 0.665 0.480 0.336 0.360 0.000 
7.250 398.110 -0.669 -0.273 -0.031 0.246 0.361 0.511 0.572 0.640 0.677 0.708 0.734 0.754 0.788 0.797 0.756 0.630 0.538 0.414 0.314 0.107 0.002 0.064 0.000 
7.250 501.190 -0.859 -0.476 -0.217 0.082 0.178 0.322 0.373 0.449 0.480 0.506 0.527 0.540 0.564 0.547 0.470 0.300 0.177 0.024 -0.105 -0.341 -0.395 -0.286 0.000 
7.250 630.960 -1.077 -0.708 -0.425 -0.100 -0.026 0.110 0.147 0.233 0.257 0.276 0.291 0.296 0.306 0.258 0.134 -0.091 -0.252 -0.445 -0.608 -0.880 -0.871 -0.701 0.000 
7.250 794.330 -1.330 -0.974 -0.663 -0.304 -0.258 -0.132 -0.111 -0.013 0.002 0.012 0.020 0.014 0.007 -0.080 -0.264 -0.558 -0.769 -1.010 -1.218 -1.535 -1.444 -1.200 0.000 
7.250 1000.000 -1.626 -1.285 -0.936 -0.535 -0.524 -0.411 -0.410 -0.297 -0.294 -0.294 -0.295 -0.316 -0.344 -0.481 -0.740 -1.121 -1.394 -1.696 -1.960 -2.336 -2.142 -1.802 0.000 
7.500 1.000 1.130 1.713 2.033 2.363 2.521 2.725 2.803 2.859 2.822 2.887 2.949 2.956 2.947 3.013 3.058 3.014 2.975 2.890 2.855 2.714 2.545 2.489 0.000 
7.500 1.260 1.124 1.706 2.023 2.349 2.508 2.711 2.789 2.845 2.810 2.874 2.936 2.944 2.937 3.003 3.050 3.007 2.969 2.885 2.850 2.710 2.540 2.483 0.000 
7.500 1.580 1.116 1.697 2.010 2.332 2.491 2.694 2.772 2.827 2.796 2.859 2.920 2.930 2.924 2.992 3.039 2.998 2.961 2.878 2.844 2.704 2.533 2.475 0.000 
7.500 2.000 1.106 1.686 1.995 2.311 2.472 2.673 2.752 2.806 2.778 2.841 2.901 2.912 2.909 2.978 3.027 2.987 2.952 2.870 2.837 2.697 2.524 2.465 0.000 
7.500 2.510 1.094 1.672 1.976 2.286 2.448 2.647 2.728 2.780 2.757 2.819 2.878 2.890 2.891 2.961 3.011 2.974 2.940 2.860 2.828 2.688 2.513 2.452 0.000 
7.500 3.160 1.079 1.655 1.954 2.257 2.420 2.618 2.699 2.750 2.732 2.793 2.851 2.865 2.869 2.940 2.993 2.958 2.926 2.848 2.816 2.678 2.499 2.437 0.000 
7.500 3.980 1.061 1.635 1.927 2.223 2.388 2.583 2.665 2.715 2.701 2.762 2.818 2.834 2.843 2.916 2.970 2.939 2.908 2.833 2.802 2.664 2.482 2.419 0.000 
7.500 5.010 1.039 1.610 1.895 2.183 2.349 2.542 2.625 2.674 2.666 2.725 2.780 2.799 2.812 2.886 2.943 2.915 2.887 2.814 2.784 2.648 2.462 2.397 0.000 
7.500 6.310 1.013 1.581 1.858 2.138 2.305 2.496 2.580 2.628 2.625 2.683 2.737 2.757 2.775 2.851 2.911 2.887 2.862 2.791 2.763 2.628 2.437 2.370 0.000 
7.500 7.940 0.983 1.547 1.816 2.086 2.255 2.444 2.529 2.575 2.579 2.635 2.687 2.710 2.733 2.811 2.873 2.853 2.831 2.764 2.737 2.603 2.407 2.338 0.000 
7.500 10.000 0.948 1.507 1.767 2.029 2.199 2.385 2.471 2.516 2.526 2.581 2.631 2.657 2.684 2.764 2.829 2.813 2.794 2.731 2.706 2.574 2.372 2.300 0.000 
7.500 12.590 0.907 1.461 1.712 1.966 2.137 2.321 2.408 2.451 2.466 2.521 2.569 2.597 2.630 2.711 2.779 2.767 2.751 2.692 2.668 2.538 2.330 2.255 0.000 
7.500 15.850 0.861 1.409 1.651 1.897 2.069 2.250 2.338 2.381 2.401 2.454 2.501 2.531 2.568 2.651 2.721 2.714 2.701 2.646 2.623 2.495 2.280 2.203 0.000 
7.500 19.950 0.809 1.350 1.584 1.822 1.996 2.175 2.263 2.304 2.330 2.382 2.427 2.458 2.500 2.584 2.657 2.652 2.643 2.591 2.571 2.444 2.223 2.144 0.000 
7.500 25.120 0.751 1.285 1.510 1.743 1.916 2.094 2.182 2.223 2.252 2.303 2.347 2.380 2.426 2.511 2.584 2.583 2.576 2.528 2.509 2.384 2.156 2.076 0.000 
7.500 31.620 0.687 1.212 1.431 1.658 1.832 2.007 2.096 2.136 2.170 2.219 2.262 2.296 2.345 2.430 2.505 2.506 2.501 2.456 2.438 2.313 2.081 1.999 0.000 
7.500 39.810 0.618 1.133 1.346 1.570 1.743 1.916 2.005 2.045 2.081 2.130 2.171 2.206 2.258 2.343 2.417 2.419 2.416 2.373 2.355 2.231 1.994 1.913 0.000 
7.500 50.120 0.542 1.047 1.256 1.477 1.649 1.821 1.909 1.949 1.987 2.035 2.075 2.111 2.164 2.248 2.321 2.323 2.320 2.278 2.260 2.137 1.896 1.816 0.000 
7.500 63.100 0.460 0.955 1.160 1.379 1.550 1.720 1.808 1.848 1.888 1.935 1.973 2.009 2.064 2.146 2.216 2.216 2.212 2.171 2.152 2.027 1.786 1.709 0.000 
7.500 79.430 0.371 0.855 1.059 1.278 1.446 1.615 1.701 1.742 1.783 1.828 1.866 1.902 1.957 2.036 2.102 2.098 2.092 2.050 2.028 1.901 1.662 1.589 0.000 
7.500 100.000 0.276 0.748 0.951 1.172 1.337 1.504 1.588 1.631 1.673 1.716 1.752 1.787 1.843 1.918 1.977 1.967 1.957 1.912 1.887 1.757 1.521 1.456 0.000 
7.500 125.890 0.173 0.633 0.838 1.061 1.223 1.387 1.469 1.513 1.555 1.597 1.632 1.665 1.719 1.789 1.841 1.822 1.806 1.756 1.725 1.589 1.361 1.306 0.000 
7.500 158.490 0.061 0.509 0.717 0.945 1.101 1.263 1.342 1.388 1.430 1.470 1.502 1.534 1.586 1.649 1.689 1.659 1.635 1.577 1.539 1.396 1.180 1.138 0.000 
7.500 199.530 -0.061 0.374 0.587 0.823 0.972 1.131 1.206 1.255 1.295 1.333 1.363 1.393 1.442 1.494 1.521 1.474 1.440 1.372 1.324 1.170 0.971 0.947 0.000 
7.500 251.190 -0.195 0.227 0.448 0.693 0.833 0.989 1.059 1.111 1.149 1.184 1.213 1.239 1.283 1.323 1.332 1.265 1.215 1.134 1.072 0.905 0.729 0.728 0.000 
7.500 316.230 -0.344 0.065 0.296 0.554 0.683 0.835 0.898 0.955 0.990 1.021 1.047 1.069 1.107 1.132 1.117 1.023 0.955 0.855 0.777 0.593 0.446 0.474 0.000 
7.500 398.110 -0.511 -0.115 0.130 0.404 0.519 0.665 0.721 0.784 0.814 0.841 0.863 0.879 0.909 0.915 0.871 0.743 0.651 0.527 0.427 0.221 0.113 0.179 0.000 
7.500 501.190 -0.700 -0.318 -0.055 0.239 0.336 0.477 0.522 0.592 0.618 0.639 0.656 0.666 0.686 0.666 0.585 0.414 0.291 0.138 0.010 -0.225 -0.283 -0.170 0.000 
7.500 630.960 -0.918 -0.549 -0.263 0.058 0.132 0.264 0.297 0.377 0.395 0.410 0.421 0.422 0.428 0.378 0.249 0.023 -0.139 -0.330 -0.492 -0.764 -0.757 -0.585 0.000 
7.500 794.330 -1.170 -0.815 -0.500 -0.146 -0.099 0.023 0.039 0.131 0.140 0.146 0.151 0.140 0.130 0.039 -0.148 -0.443 -0.654 -0.894 -1.101 -1.418 -1.330 -1.082 0.000 
7.500 1000.000 -1.466 -1.125 -0.773 -0.376 -0.365 -0.256 -0.260 -0.153 -0.155 -0.160 -0.165 -0.190 -0.221 -0.361 -0.624 -1.006 -1.279 -1.580 -1.843 -2.218 -2.027 -1.684 0.000 
7.750 1.000 1.180 1.757 2.084 2.415 2.571 2.773 2.842 2.894 2.846 2.908 2.970 2.973 2.958 3.029 3.075 3.031 2.989 2.901 2.864 2.721 2.552 2.497 0.000 
7.750 1.260 1.175 1.751 2.076 2.404 2.561 2.762 2.831 2.883 2.837 2.899 2.960 2.963 2.950 3.021 3.068 3.026 2.984 2.897 2.860 2.717 2.547 2.492 0.000 
7.750 1.580 1.169 1.744 2.066 2.390 2.548 2.748 2.818 2.869 2.826 2.887 2.947 2.951 2.940 3.012 3.060 3.019 2.978 2.891 2.855 2.713 2.541 2.485 0.000 
7.750 2.000 1.161 1.735 2.054 2.374 2.532 2.731 2.802 2.852 2.812 2.872 2.932 2.937 2.928 3.001 3.050 3.010 2.970 2.885 2.849 2.707 2.534 2.477 0.000 
7.750 2.510 1.151 1.724 2.039 2.353 2.513 2.710 2.782 2.831 2.795 2.855 2.913 2.920 2.913 2.987 3.037 2.999 2.961 2.876 2.841 2.700 2.525 2.467 0.000 
7.750 3.160 1.139 1.710 2.021 2.329 2.490 2.685 2.758 2.806 2.774 2.833 2.890 2.899 2.896 2.970 3.022 2.986 2.949 2.866 2.832 2.691 2.514 2.455 0.000 
7.750 3.980 1.125 1.694 1.998 2.300 2.462 2.656 2.730 2.777 2.749 2.808 2.863 2.874 2.874 2.949 3.003 2.969 2.934 2.854 2.820 2.680 2.500 2.440 0.000 
7.750 5.010 1.108 1.674 1.972 2.267 2.430 2.622 2.697 2.742 2.720 2.777 2.832 2.844 2.848 2.924 2.980 2.949 2.916 2.838 2.805 2.667 2.483 2.422 0.000 
7.750 6.310 1.087 1.650 1.941 2.227 2.392 2.582 2.658 2.702 2.686 2.742 2.795 2.809 2.818 2.895 2.952 2.925 2.895 2.819 2.787 2.650 2.463 2.399 0.000 
7.750 7.940 1.062 1.621 1.904 2.182 2.349 2.536 2.614 2.656 2.646 2.701 2.752 2.768 2.782 2.860 2.920 2.896 2.868 2.796 2.765 2.629 2.438 2.372 0.000 
7.750 10.000 1.032 1.588 1.862 2.131 2.299 2.484 2.563 2.604 2.600 2.653 2.703 2.721 2.740 2.820 2.882 2.861 2.837 2.768 2.739 2.604 2.407 2.340 0.000 
7.750 12.590 0.998 1.548 1.814 2.074 2.244 2.426 2.506 2.546 2.547 2.600 2.647 2.668 2.692 2.773 2.837 2.821 2.799 2.734 2.706 2.573 2.371 2.302 0.000 
7.750 15.850 0.958 1.502 1.759 2.011 2.182 2.362 2.443 2.481 2.489 2.540 2.586 2.609 2.637 2.719 2.785 2.773 2.755 2.693 2.667 2.535 2.328 2.256 0.000 
7.750 19.950 0.912 1.450 1.698 1.942 2.114 2.292 2.373 2.411 2.424 2.473 2.517 2.543 2.576 2.659 2.727 2.718 2.703 2.645 2.621 2.491 2.276 2.203 0.000 
7.750 25.120 0.860 1.391 1.630 1.868 2.040 2.216 2.298 2.335 2.352 2.401 2.443 2.470 2.508 2.591 2.660 2.654 2.642 2.588 2.565 2.437 2.217 2.142 0.000 
7.750 31.620 0.802 1.325 1.556 1.788 1.960 2.134 2.217 2.253 2.275 2.322 2.363 2.391 2.433 2.516 2.586 2.582 2.572 2.522 2.500 2.373 2.147 2.072 0.000 
7.750 39.810 0.738 1.251 1.476 1.703 1.875 2.047 2.130 2.165 2.191 2.237 2.276 2.306 2.351 2.433 2.503 2.501 2.493 2.445 2.424 2.298 2.067 1.992 0.000 
7.750 50.120 0.667 1.171 1.390 1.613 1.785 1.955 2.037 2.073 2.102 2.146 2.184 2.214 2.262 2.343 2.412 2.409 2.402 2.357 2.336 2.210 1.976 1.902 0.000 
7.750 63.100 0.589 1.083 1.298 1.519 1.689 1.857 1.939 1.975 2.006 2.049 2.086 2.116 2.165 2.245 2.311 2.307 2.300 2.255 2.234 2.107 1.871 1.799 0.000 
7.750 79.430 0.505 0.988 1.200 1.419 1.588 1.754 1.835 1.871 1.904 1.946 1.981 2.012 2.062 2.138 2.200 2.193 2.184 2.139 2.116 1.987 1.751 1.685 0.000 
7.750 100.000 0.413 0.884 1.095 1.316 1.481 1.645 1.724 1.761 1.796 1.836 1.869 1.900 1.950 2.022 2.079 2.066 2.053 2.006 1.979 1.848 1.615 1.555 0.000 
7.750 125.890 0.313 0.772 0.984 1.206 1.368 1.530 1.607 1.646 1.680 1.719 1.751 1.780 1.829 1.896 1.944 1.923 1.905 1.853 1.822 1.685 1.460 1.409 0.000 
7.750 158.490 0.203 0.651 0.865 1.092 1.248 1.407 1.481 1.522 1.557 1.593 1.623 1.650 1.698 1.758 1.795 1.762 1.737 1.678 1.640 1.496 1.281 1.244 0.000 
7.750 199.530 0.084 0.518 0.737 0.970 1.120 1.276 1.346 1.390 1.423 1.458 1.485 1.510 1.555 1.605 1.629 1.580 1.544 1.476 1.427 1.274 1.075 1.055 0.000 
7.750 251.190 -0.049 0.373 0.599 0.841 0.982 1.135 1.200 1.247 1.279 1.310 1.335 1.357 1.398 1.436 1.441 1.372 1.321 1.240 1.179 1.012 0.835 0.838 0.000 
7.750 316.230 -0.196 0.212 0.448 0.703 0.833 0.981 1.040 1.092 1.121 1.148 1.170 1.188 1.223 1.245 1.227 1.132 1.063 0.964 0.886 0.702 0.555 0.587 0.000 
7.750 398.110 -0.362 0.033 0.282 0.553 0.669 0.812 0.863 0.921 0.945 0.969 0.987 0.999 1.026 1.029 0.982 0.852 0.760 0.638 0.538 0.333 0.224 0.292 0.000 
7.750 501.190 -0.551 -0.169 0.098 0.389 0.487 0.624 0.665 0.730 0.749 0.767 0.781 0.786 0.803 0.781 0.697 0.524 0.401 0.249 0.122 -0.111 -0.171 -0.055 0.000 
7.750 630.960 -0.768 -0.399 -0.110 0.208 0.283 0.412 0.440 0.515 0.527 0.538 0.546 0.543 0.546 0.493 0.362 0.135 -0.027 -0.217 -0.379 -0.648 -0.644 -0.469 0.000 
7.750 794.330 -1.019 -0.665 -0.346 0.005 0.052 0.171 0.183 0.269 0.273 0.275 0.276 0.261 0.248 0.155 -0.035 -0.331 -0.543 -0.780 -0.986 -1.301 -1.217 -0.966 0.000 
7.750 1000.000 -1.315 -0.974 -0.619 -0.225 -0.214 -0.108 -0.117 -0.015 -0.022 -0.031 -0.039 -0.068 -0.102 -0.245 -0.510 -0.894 -1.167 -1.466 -1.727 -2.100 -1.913 -1.567 0.000 
8.000 1.000 1.219 1.790 2.126 2.458 2.612 2.812 2.873 2.921 2.863 2.923 2.983 2.982 2.963 3.039 3.088 3.046 3.001 2.910 2.871 2.727 2.557 2.503 0.000 
8.000 1.260 1.215 1.786 2.119 2.449 2.604 2.803 2.864 2.912 2.856 2.915 2.975 2.975 2.957 3.033 3.082 3.041 2.997 2.906 2.867 2.724 2.553 2.499 0.000 
8.000 1.580 1.211 1.780 2.111 2.438 2.593 2.792 2.854 2.901 2.847 2.906 2.965 2.965 2.949 3.026 3.076 3.035 2.992 2.902 2.863 2.721 2.549 2.494 0.000 
8.000 2.000 1.205 1.773 2.101 2.425 2.581 2.778 2.841 2.887 2.836 2.894 2.953 2.954 2.939 3.017 3.067 3.028 2.985 2.896 2.858 2.716 2.543 2.488 0.000 
8.000 2.510 1.197 1.764 2.089 2.408 2.565 2.761 2.825 2.871 2.823 2.880 2.938 2.940 2.928 3.006 3.057 3.019 2.977 2.890 2.852 2.710 2.535 2.480 0.000 
8.000 3.160 1.188 1.754 2.075 2.388 2.546 2.741 2.806 2.851 2.806 2.863 2.920 2.923 2.913 2.992 3.044 3.008 2.967 2.881 2.844 2.703 2.526 2.470 0.000 
8.000 3.980 1.177 1.740 2.056 2.365 2.524 2.717 2.783 2.826 2.786 2.842 2.898 2.903 2.896 2.975 3.028 2.994 2.955 2.871 2.834 2.694 2.515 2.457 0.000 
8.000 5.010 1.163 1.724 2.035 2.336 2.497 2.688 2.755 2.798 2.762 2.817 2.872 2.878 2.875 2.954 3.009 2.977 2.940 2.858 2.822 2.682 2.501 2.442 0.000 
8.000 6.310 1.146 1.704 2.009 2.303 2.465 2.654 2.722 2.764 2.733 2.788 2.840 2.849 2.850 2.930 2.986 2.957 2.922 2.841 2.807 2.668 2.484 2.424 0.000 
8.000 7.940 1.125 1.681 1.978 2.264 2.428 2.615 2.684 2.724 2.700 2.753 2.804 2.814 2.819 2.900 2.958 2.932 2.900 2.822 2.788 2.650 2.462 2.401 0.000 
8.000 10.000 1.101 1.652 1.942 2.219 2.385 2.569 2.640 2.679 2.660 2.712 2.762 2.774 2.784 2.865 2.925 2.902 2.872 2.798 2.766 2.629 2.437 2.374 0.000 
8.000 12.590 1.072 1.619 1.900 2.169 2.336 2.518 2.590 2.627 2.615 2.666 2.713 2.728 2.742 2.824 2.886 2.866 2.840 2.768 2.738 2.602 2.405 2.341 0.000 
8.000 15.850 1.038 1.579 1.851 2.112 2.280 2.460 2.534 2.570 2.563 2.613 2.658 2.675 2.695 2.777 2.840 2.824 2.800 2.733 2.704 2.570 2.368 2.302 0.000 
8.000 19.950 0.999 1.534 1.797 2.049 2.219 2.396 2.471 2.505 2.505 2.553 2.596 2.615 2.640 2.723 2.788 2.775 2.754 2.690 2.663 2.530 2.323 2.255 0.000 
8.000 25.120 0.953 1.481 1.735 1.980 2.151 2.326 2.401 2.435 2.440 2.487 2.528 2.549 2.578 2.661 2.727 2.717 2.699 2.640 2.614 2.482 2.269 2.201 0.000 
8.000 31.620 0.901 1.422 1.668 1.905 2.076 2.249 2.325 2.358 2.369 2.414 2.453 2.476 2.509 2.592 2.658 2.651 2.636 2.580 2.555 2.425 2.207 2.137 0.000 
8.000 39.810 0.843 1.355 1.593 1.824 1.996 2.166 2.243 2.275 2.291 2.334 2.372 2.396 2.433 2.515 2.581 2.575 2.562 2.509 2.486 2.357 2.133 2.064 0.000 
8.000 50.120 0.778 1.280 1.512 1.738 1.910 2.078 2.155 2.187 2.206 2.248 2.284 2.309 2.349 2.430 2.495 2.489 2.477 2.427 2.404 2.275 2.048 1.980 0.000 
8.000 63.100 0.705 1.197 1.424 1.647 1.817 1.984 2.060 2.092 2.115 2.155 2.189 2.215 2.258 2.336 2.399 2.391 2.380 2.331 2.308 2.179 1.949 1.884 0.000 
8.000 79.430 0.625 1.107 1.329 1.551 1.719 1.884 1.959 1.992 2.016 2.055 2.088 2.114 2.158 2.233 2.292 2.282 2.269 2.221 2.196 2.066 1.835 1.774 0.000 
8.000 100.000 0.537 1.008 1.228 1.449 1.615 1.777 1.851 1.885 1.911 1.949 1.979 2.005 2.050 2.121 2.174 2.158 2.143 2.093 2.065 1.932 1.704 1.650 0.000 
8.000 125.890 0.441 0.899 1.119 1.342 1.504 1.664 1.736 1.771 1.798 1.834 1.863 1.887 1.932 1.997 2.042 2.019 1.999 1.945 1.913 1.775 1.553 1.508 0.000 
8.000 158.490 0.334 0.781 1.002 1.229 1.386 1.543 1.613 1.649 1.677 1.710 1.737 1.760 1.804 1.861 1.896 1.861 1.834 1.774 1.735 1.591 1.379 1.346 0.000 
8.000 199.530 0.217 0.651 0.876 1.109 1.259 1.413 1.479 1.518 1.545 1.576 1.601 1.622 1.663 1.711 1.731 1.681 1.644 1.575 1.527 1.373 1.176 1.161 0.000 
8.000 251.190 0.086 0.508 0.740 0.981 1.123 1.273 1.334 1.377 1.402 1.430 1.452 1.470 1.507 1.543 1.545 1.475 1.424 1.342 1.282 1.116 0.939 0.946 0.000 
8.000 316.230 -0.059 0.349 0.590 0.843 0.974 1.120 1.175 1.222 1.245 1.269 1.288 1.302 1.333 1.354 1.333 1.237 1.167 1.069 0.992 0.809 0.661 0.697 0.000 
8.000 398.110 -0.224 0.171 0.425 0.694 0.811 0.952 0.999 1.052 1.071 1.091 1.106 1.114 1.138 1.139 1.089 0.959 0.866 0.744 0.646 0.442 0.332 0.404 0.000 
8.000 501.190 -0.411 -0.029 0.242 0.531 0.630 0.765 0.801 0.862 0.876 0.890 0.901 0.902 0.915 0.891 0.805 0.631 0.508 0.358 0.232 0.000 -0.061 0.058 0.000 
8.000 630.960 -0.627 -0.259 0.035 0.350 0.427 0.553 0.577 0.647 0.654 0.662 0.666 0.659 0.660 0.604 0.470 0.243 0.081 -0.107 -0.267 -0.535 -0.533 -0.354 0.000 
8.000 794.330 -0.878 -0.523 -0.201 0.148 0.196 0.312 0.320 0.402 0.400 0.399 0.397 0.378 0.362 0.267 0.074 -0.223 -0.433 -0.669 -0.873 -1.186 -1.104 -0.850 0.000 
8.000 1000.000 -1.174 -0.832 -0.473 -0.082 -0.070 0.034 0.021 0.118 0.105 0.094 0.082 0.049 0.012 -0.133 -0.401 -0.784 -1.057 -1.354 -1.613 -1.984 -1.800 -1.451 0.000 
8.250 1.000 1.249 1.814 2.157 2.492 2.644 2.842 2.895 2.940 2.873 2.930 2.990 2.986 2.962 3.045 3.097 3.057 3.010 2.916 2.876 2.733 2.562 2.509 0.000 
8.250 1.260 1.246 1.811 2.152 2.485 2.637 2.834 2.889 2.933 2.867 2.924 2.984 2.980 2.958 3.041 3.092 3.054 3.006 2.913 2.873 2.731 2.558 2.505 0.000 
8.250 1.580 1.242 1.806 2.146 2.476 2.629 2.826 2.880 2.925 2.861 2.917 2.976 2.973 2.952 3.035 3.087 3.049 3.002 2.910 2.870 2.728 2.555 2.501 0.000 
8.250 2.000 1.238 1.801 2.138 2.465 2.619 2.815 2.870 2.914 2.852 2.908 2.967 2.964 2.944 3.027 3.080 3.043 2.997 2.905 2.866 2.724 2.550 2.496 0.000 
8.250 2.510 1.232 1.794 2.128 2.452 2.607 2.801 2.857 2.900 2.841 2.897 2.955 2.952 2.935 3.018 3.071 3.035 2.990 2.900 2.861 2.719 2.544 2.490 0.000 
8.250 3.160 1.225 1.785 2.116 2.435 2.591 2.785 2.842 2.884 2.828 2.883 2.940 2.939 2.923 3.007 3.061 3.026 2.982 2.893 2.854 2.712 2.536 2.482 0.000 
8.250 3.980 1.216 1.774 2.102 2.416 2.573 2.765 2.823 2.864 2.812 2.866 2.922 2.922 2.909 2.993 3.048 3.014 2.972 2.884 2.846 2.705 2.527 2.472 0.000 
8.250 5.010 1.205 1.761 2.084 2.392 2.551 2.741 2.801 2.841 2.793 2.846 2.901 2.902 2.892 2.976 3.032 3.000 2.959 2.873 2.836 2.695 2.515 2.459 0.000 
8.250 6.310 1.191 1.745 2.063 2.364 2.524 2.713 2.774 2.812 2.769 2.822 2.875 2.878 2.871 2.956 3.012 2.983 2.944 2.859 2.823 2.683 2.501 2.444 0.000 
8.250 7.940 1.175 1.726 2.037 2.331 2.493 2.680 2.742 2.779 2.741 2.793 2.844 2.849 2.846 2.931 2.989 2.962 2.925 2.842 2.807 2.668 2.483 2.425 0.000 
8.250 10.000 1.155 1.702 2.006 2.293 2.456 2.641 2.704 2.740 2.708 2.758 2.808 2.815 2.817 2.901 2.960 2.936 2.901 2.822 2.787 2.649 2.461 2.402 0.000 
8.250 12.590 1.131 1.674 1.970 2.248 2.413 2.596 2.661 2.696 2.669 2.719 2.766 2.775 2.781 2.866 2.926 2.905 2.873 2.797 2.763 2.626 2.434 2.374 0.000 
8.250 15.850 1.103 1.641 1.929 2.198 2.364 2.544 2.611 2.644 2.625 2.672 2.718 2.729 2.740 2.825 2.886 2.868 2.839 2.766 2.734 2.598 2.401 2.340 0.000 
8.250 19.950 1.069 1.601 1.880 2.141 2.309 2.487 2.555 2.587 2.573 2.620 2.663 2.676 2.692 2.776 2.839 2.824 2.798 2.728 2.698 2.563 2.362 2.300 0.000 
8.250 25.120 1.030 1.555 1.826 2.078 2.247 2.422 2.492 2.523 2.515 2.560 2.601 2.617 2.637 2.721 2.785 2.772 2.749 2.683 2.654 2.521 2.315 2.252 0.000 
8.250 31.620 0.985 1.502 1.764 2.009 2.179 2.352 2.422 2.452 2.450 2.494 2.533 2.550 2.575 2.658 2.722 2.711 2.691 2.629 2.602 2.470 2.258 2.195 0.000 
8.250 39.810 0.933 1.442 1.695 1.933 2.104 2.274 2.345 2.374 2.378 2.420 2.457 2.476 2.505 2.587 2.651 2.641 2.623 2.565 2.539 2.407 2.191 2.128 0.000 
8.250 50.120 0.873 1.373 1.620 1.852 2.023 2.190 2.262 2.290 2.299 2.339 2.374 2.394 2.427 2.507 2.570 2.561 2.544 2.489 2.463 2.333 2.113 2.051 0.000 
8.250 63.100 0.806 1.297 1.537 1.765 1.935 2.100 2.172 2.200 2.213 2.251 2.284 2.305 2.341 2.419 2.478 2.468 2.453 2.400 2.374 2.243 2.021 1.961 0.000 
8.250 79.430 0.732 1.212 1.447 1.672 1.840 2.004 2.074 2.103 2.119 2.156 2.187 2.208 2.246 2.321 2.376 2.364 2.348 2.295 2.268 2.136 1.913 1.857 0.000 
8.250 100.000 0.648 1.117 1.349 1.573 1.739 1.900 1.970 1.999 2.018 2.053 2.082 2.103 2.142 2.212 2.262 2.244 2.226 2.173 2.144 2.010 1.788 1.738 0.000 
8.250 125.890 0.556 1.013 1.244 1.468 1.631 1.789 1.857 1.888 1.908 1.941 1.968 1.988 2.028 2.092 2.134 2.109 2.086 2.030 1.997 1.859 1.642 1.602 0.000 
8.250 158.490 0.453 0.899 1.129 1.357 1.515 1.671 1.736 1.768 1.789 1.820 1.845 1.864 1.902 1.959 1.991 1.954 1.925 1.864 1.824 1.680 1.472 1.444 0.000 
8.250 199.530 0.339 0.772 1.006 1.239 1.390 1.543 1.604 1.639 1.660 1.688 1.710 1.727 1.764 1.811 1.829 1.777 1.739 1.669 1.621 1.468 1.273 1.262 0.000 
8.250 251.190 0.211 0.632 0.871 1.112 1.255 1.404 1.461 1.499 1.519 1.544 1.563 1.577 1.610 1.645 1.645 1.574 1.522 1.440 1.380 1.214 1.040 1.051 0.000 
8.250 316.230 0.067 0.475 0.723 0.976 1.108 1.252 1.303 1.346 1.363 1.384 1.401 1.411 1.438 1.457 1.435 1.337 1.267 1.169 1.093 0.912 0.765 0.805 0.000 
8.250 398.110 -0.096 0.299 0.560 0.828 0.946 1.085 1.128 1.176 1.190 1.207 1.219 1.224 1.244 1.244 1.192 1.061 0.968 0.847 0.751 0.548 0.438 0.514 0.000 
8.250 501.190 -0.282 0.100 0.377 0.665 0.766 0.898 0.931 0.987 0.996 1.007 1.015 1.013 1.023 0.998 0.909 0.735 0.612 0.463 0.339 0.109 0.047 0.170 0.000 
8.250 630.960 -0.496 -0.128 0.171 0.485 0.563 0.687 0.708 0.773 0.775 0.780 0.781 0.771 0.768 0.711 0.575 0.348 0.186 -0.000 -0.158 -0.424 -0.423 -0.241 0.000 
8.250 794.330 -0.747 -0.392 -0.064 0.283 0.333 0.447 0.451 0.528 0.522 0.518 0.512 0.490 0.471 0.375 0.180 -0.117 -0.327 -0.561 -0.763 -1.073 -0.993 -0.736 0.000 
8.250 1000.000 -1.041 -0.700 -0.336 0.053 0.067 0.169 0.153 0.245 0.228 0.213 0.198 0.162 0.122 -0.024 -0.294 -0.678 -0.950 -1.244 -1.501 -1.869 -1.688 -1.335 0.000 
8.500 1.000 1.269 1.829 2.180 2.516 2.667 2.863 2.910 2.952 2.876 2.931 2.991 2.983 2.957 3.047 3.102 3.066 3.016 2.921 2.880 2.739 2.565 2.514 0.000 
8.500 1.260 1.267 1.826 2.176 2.510 2.662 2.858 2.905 2.947 2.872 2.927 2.986 2.979 2.953 3.043 3.098 3.063 3.013 2.919 2.878 2.736 2.563 2.511 0.000 
8.500 1.580 1.264 1.822 2.171 2.503 2.655 2.850 2.898 2.940 2.867 2.921 2.980 2.973 2.949 3.038 3.094 3.059 3.010 2.916 2.875 2.734 2.560 2.507 0.000 
8.500 2.000 1.261 1.818 2.164 2.495 2.647 2.842 2.890 2.931 2.860 2.914 2.972 2.966 2.943 3.033 3.088 3.054 3.005 2.912 2.872 2.730 2.556 2.503 0.000 
8.500 2.510 1.256 1.812 2.157 2.484 2.637 2.831 2.880 2.921 2.851 2.905 2.963 2.957 2.935 3.025 3.081 3.047 3.000 2.907 2.867 2.726 2.551 2.498 0.000 
8.500 3.160 1.251 1.806 2.147 2.471 2.625 2.818 2.868 2.908 2.841 2.894 2.951 2.946 2.926 3.016 3.072 3.040 2.993 2.901 2.862 2.721 2.544 2.491 0.000 
8.500 3.980 1.244 1.797 2.135 2.455 2.610 2.802 2.853 2.892 2.828 2.881 2.937 2.933 2.915 3.005 3.062 3.030 2.984 2.894 2.855 2.714 2.536 2.483 0.000 
8.500 5.010 1.235 1.786 2.121 2.435 2.592 2.782 2.835 2.872 2.813 2.865 2.920 2.917 2.901 2.991 3.048 3.018 2.974 2.884 2.846 2.706 2.527 2.473 0.000 
8.500 6.310 1.225 1.774 2.103 2.412 2.570 2.759 2.812 2.849 2.794 2.845 2.898 2.897 2.884 2.974 3.032 3.003 2.961 2.873 2.835 2.696 2.514 2.460 0.000 
8.500 7.940 1.211 1.758 2.082 2.384 2.544 2.731 2.786 2.821 2.771 2.821 2.873 2.873 2.864 2.953 3.012 2.985 2.944 2.859 2.822 2.683 2.499 2.444 0.000 
8.500 10.000 1.196 1.738 2.057 2.352 2.513 2.698 2.754 2.789 2.743 2.792 2.843 2.845 2.839 2.928 2.988 2.963 2.924 2.841 2.805 2.667 2.481 2.425 0.000 
8.500 12.590 1.176 1.715 2.026 2.313 2.476 2.659 2.717 2.750 2.711 2.759 2.807 2.811 2.809 2.898 2.958 2.936 2.900 2.819 2.784 2.647 2.458 2.401 0.000 
8.500 15.850 1.153 1.686 1.990 2.269 2.434 2.615 2.674 2.706 2.673 2.719 2.765 2.771 2.774 2.862 2.924 2.904 2.870 2.792 2.758 2.622 2.429 2.372 0.000 
8.500 19.950 1.125 1.653 1.949 2.219 2.385 2.563 2.625 2.655 2.628 2.673 2.717 2.725 2.733 2.820 2.882 2.865 2.834 2.759 2.727 2.591 2.395 2.337 0.000 
8.500 25.120 1.091 1.613 1.900 2.162 2.330 2.506 2.568 2.597 2.577 2.621 2.662 2.672 2.684 2.771 2.833 2.818 2.790 2.719 2.688 2.554 2.353 2.295 0.000 
8.500 31.620 1.052 1.567 1.845 2.099 2.268 2.441 2.505 2.533 2.519 2.561 2.600 2.612 2.629 2.714 2.777 2.763 2.738 2.671 2.641 2.507 2.303 2.244 0.000 
8.500 39.810 1.006 1.513 1.783 2.029 2.199 2.369 2.435 2.462 2.454 2.494 2.531 2.544 2.566 2.649 2.711 2.699 2.676 2.612 2.583 2.451 2.242 2.184 0.000 
8.500 50.120 0.953 1.451 1.713 1.953 2.123 2.291 2.357 2.383 2.381 2.419 2.454 2.469 2.494 2.576 2.636 2.624 2.604 2.543 2.514 2.382 2.170 2.114 0.000 
8.500 63.100 0.892 1.381 1.636 1.870 2.040 2.205 2.272 2.298 2.300 2.337 2.369 2.385 2.414 2.492 2.550 2.538 2.518 2.460 2.432 2.299 2.084 2.031 0.000 
8.500 79.430 0.823 1.302 1.551 1.781 1.950 2.113 2.179 2.205 2.211 2.246 2.276 2.293 2.325 2.399 2.453 2.438 2.418 2.361 2.333 2.200 1.983 1.934 0.000 
8.500 100.000 0.745 1.213 1.458 1.686 1.853 2.013 2.078 2.105 2.114 2.147 2.175 2.192 2.225 2.295 2.344 2.324 2.302 2.245 2.214 2.079 1.864 1.821 0.000 
8.500 125.890 0.657 1.114 1.356 1.584 1.748 1.905 1.969 1.996 2.009 2.039 2.065 2.081 2.115 2.179 2.220 2.193 2.167 2.108 2.074 1.935 1.724 1.689 0.000 
8.500 158.490 0.559 1.004 1.245 1.476 1.634 1.789 1.851 1.880 1.893 1.922 1.945 1.960 1.993 2.050 2.080 2.042 2.011 1.947 1.907 1.763 1.559 1.537 0.000 
8.500 199.530 0.448 0.881 1.124 1.359 1.512 1.663 1.721 1.753 1.767 1.792 1.813 1.826 1.858 1.905 1.921 1.869 1.828 1.757 1.709 1.556 1.365 1.360 0.000 
8.500 251.190 0.323 0.744 0.992 1.234 1.379 1.526 1.580 1.614 1.628 1.650 1.668 1.678 1.707 1.741 1.740 1.668 1.614 1.532 1.472 1.308 1.136 1.152 0.000 
8.500 316.230 0.182 0.590 0.846 1.099 1.233 1.376 1.424 1.463 1.474 1.493 1.507 1.514 1.537 1.556 1.531 1.434 1.363 1.265 1.190 1.010 0.865 0.909 0.000 
8.500 398.110 0.022 0.416 0.684 0.952 1.072 1.210 1.250 1.294 1.303 1.317 1.327 1.328 1.345 1.344 1.290 1.160 1.066 0.946 0.851 0.650 0.541 0.622 0.000 
8.500 501.190 -0.162 0.219 0.503 0.791 0.893 1.024 1.054 1.106 1.110 1.118 1.124 1.118 1.125 1.099 1.009 0.835 0.712 0.564 0.443 0.214 0.153 0.280 0.000 
8.500 630.960 -0.376 -0.008 0.298 0.611 0.691 0.814 0.831 0.893 0.890 0.892 0.891 0.877 0.872 0.814 0.677 0.449 0.288 0.103 -0.052 -0.315 -0.316 -0.129 0.000 
8.500 794.330 -0.624 -0.270 0.063 0.410 0.462 0.574 0.575 0.649 0.638 0.631 0.623 0.597 0.576 0.478 0.282 -0.014 -0.224 -0.456 -0.655 -0.962 -0.884 -0.623 0.000 
8.500 1000.000 -0.918 -0.577 -0.208 0.180 0.197 0.297 0.278 0.366 0.344 0.326 0.309 0.270 0.227 0.080 -0.191 -0.574 -0.845 -1.137 -1.392 -1.756 -1.577 -1.221 0.000 
8.750 1.000 1.280 1.834 2.193 2.531 2.682 2.877 2.918 2.957 2.874 2.926 2.986 2.976 2.947 3.044 3.103 3.071 3.020 2.924 2.883 2.743 2.569 2.518 0.000 
8.750 1.260 1.279 1.832 2.190 2.527 2.678 2.872 2.914 2.953 2.870 2.923 2.982 2.972 2.944 3.041 3.100 3.069 3.018 2.922 2.882 2.742 2.567 2.516 0.000 
8.750 1.580 1.276 1.829 2.186 2.521 2.672 2.867 2.909 2.947 2.866 2.918 2.978 2.968 2.940 3.037 3.097 3.065 3.015 2.919 2.879 2.739 2.564 2.513 0.000 
8.750 2.000 1.274 1.825 2.181 2.514 2.666 2.860 2.902 2.941 2.861 2.913 2.972 2.962 2.935 3.033 3.092 3.061 3.011 2.916 2.876 2.736 2.561 2.509 0.000 
8.750 2.510 1.270 1.821 2.175 2.506 2.658 2.851 2.894 2.932 2.854 2.906 2.964 2.955 2.930 3.027 3.086 3.056 3.007 2.912 2.872 2.733 2.556 2.505 0.000 
8.750 3.160 1.266 1.815 2.167 2.495 2.649 2.841 2.884 2.922 2.846 2.897 2.955 2.947 2.922 3.019 3.079 3.050 3.001 2.907 2.868 2.728 2.551 2.499 0.000 
8.750 3.980 1.261 1.809 2.158 2.482 2.637 2.828 2.872 2.909 2.836 2.887 2.943 2.936 2.913 3.010 3.070 3.041 2.994 2.901 2.862 2.722 2.544 2.493 0.000 
8.750 5.010 1.254 1.800 2.146 2.467 2.622 2.812 2.858 2.894 2.823 2.874 2.929 2.923 2.902 2.999 3.059 3.031 2.984 2.893 2.854 2.715 2.536 2.484 0.000 
8.750 6.310 1.246 1.790 2.132 2.448 2.604 2.793 2.840 2.875 2.808 2.858 2.912 2.907 2.889 2.984 3.045 3.019 2.973 2.883 2.845 2.706 2.526 2.473 0.000 
8.750 7.940 1.235 1.777 2.114 2.425 2.582 2.770 2.818 2.852 2.789 2.838 2.891 2.887 2.872 2.967 3.028 3.003 2.959 2.871 2.833 2.695 2.513 2.460 0.000 
8.750 10.000 1.223 1.761 2.093 2.397 2.556 2.742 2.792 2.824 2.767 2.815 2.866 2.863 2.851 2.946 3.008 2.984 2.942 2.855 2.818 2.681 2.497 2.444 0.000 
8.750 12.590 1.207 1.741 2.068 2.364 2.526 2.709 2.760 2.792 2.740 2.787 2.836 2.835 2.827 2.921 2.983 2.961 2.921 2.836 2.800 2.663 2.477 2.424 0.000 
8.750 15.850 1.188 1.718 2.037 2.326 2.489 2.671 2.724 2.754 2.708 2.753 2.801 2.801 2.797 2.890 2.952 2.933 2.895 2.813 2.778 2.641 2.452 2.399 0.000 
8.750 19.950 1.165 1.689 2.001 2.282 2.447 2.626 2.681 2.710 2.670 2.714 2.759 2.762 2.762 2.854 2.916 2.898 2.863 2.784 2.750 2.614 2.422 2.368 0.000 
8.750 25.120 1.137 1.655 1.959 2.232 2.398 2.575 2.631 2.659 2.625 2.668 2.711 2.715 2.720 2.810 2.873 2.857 2.824 2.748 2.715 2.580 2.385 2.331 0.000 
8.750 31.620 1.103 1.615 1.911 2.175 2.343 2.517 2.575 2.601 2.574 2.615 2.656 2.662 2.671 2.760 2.822 2.808 2.777 2.705 2.673 2.539 2.340 2.287 0.000 
8.750 39.810 1.063 1.568 1.855 2.111 2.280 2.451 2.511 2.536 2.516 2.555 2.593 2.601 2.615 2.701 2.762 2.749 2.721 2.652 2.621 2.488 2.286 2.233 0.000 
8.750 50.120 1.017 1.512 1.792 2.041 2.210 2.379 2.440 2.464 2.450 2.487 2.522 2.532 2.550 2.634 2.693 2.680 2.654 2.588 2.558 2.425 2.220 2.169 0.000 
8.750 63.100 0.962 1.449 1.720 1.963 2.133 2.299 2.360 2.384 2.375 2.411 2.443 2.454 2.476 2.557 2.613 2.599 2.575 2.511 2.481 2.348 2.141 2.092 0.000 
8.750 79.430 0.899 1.376 1.641 1.879 2.048 2.211 2.273 2.296 2.292 2.326 2.356 2.368 2.393 2.469 2.522 2.505 2.481 2.419 2.389 2.255 2.046 2.002 0.000 
8.750 100.000 0.827 1.293 1.553 1.788 1.955 2.115 2.177 2.200 2.201 2.232 2.260 2.272 2.299 2.370 2.417 2.396 2.371 2.310 2.277 2.141 1.933 1.896 0.000 
8.750 125.890 0.745 1.200 1.456 1.690 1.854 2.011 2.071 2.096 2.100 2.129 2.153 2.165 2.194 2.259 2.298 2.270 2.242 2.179 2.143 2.004 1.800 1.771 0.000 
8.750 158.490 0.651 1.095 1.349 1.584 1.744 1.898 1.956 1.982 1.988 2.015 2.037 2.048 2.076 2.133 2.162 2.124 2.090 2.023 1.982 1.838 1.641 1.624 0.000 
8.750 199.530 0.544 0.976 1.232 1.470 1.624 1.775 1.830 1.858 1.865 1.889 1.908 1.917 1.945 1.992 2.007 1.954 1.912 1.838 1.790 1.637 1.452 1.452 0.000 
8.750 251.190 0.424 0.843 1.102 1.347 1.493 1.640 1.691 1.722 1.729 1.750 1.766 1.772 1.797 1.831 1.829 1.757 1.702 1.618 1.559 1.395 1.228 1.249 0.000 
8.750 316.230 0.286 0.693 0.959 1.214 1.349 1.492 1.536 1.572 1.578 1.594 1.607 1.610 1.630 1.648 1.623 1.526 1.454 1.355 1.281 1.102 0.961 1.010 0.000 
8.750 398.110 0.128 0.522 0.799 1.068 1.190 1.327 1.364 1.405 1.409 1.420 1.429 1.427 1.440 1.438 1.384 1.254 1.160 1.040 0.946 0.747 0.641 0.725 0.000 
8.750 501.190 -0.054 0.327 0.619 0.908 1.012 1.142 1.170 1.218 1.217 1.223 1.227 1.218 1.222 1.196 1.104 0.932 0.809 0.661 0.542 0.316 0.255 0.386 0.000 
8.750 630.960 -0.265 0.103 0.415 0.729 0.811 0.933 0.948 1.006 0.999 0.998 0.995 0.978 0.970 0.912 0.773 0.547 0.387 0.203 0.050 -0.210 -0.210 -0.020 0.000 
8.750 794.330 -0.513 -0.158 0.182 0.528 0.583 0.694 0.693 0.763 0.748 0.738 0.728 0.699 0.676 0.577 0.380 0.085 -0.124 -0.353 -0.550 -0.855 -0.776 -0.511 0.000 
8.750 1000.000 -0.805 -0.464 -0.088 0.300 0.319 0.417 0.396 0.481 0.455 0.434 0.415 0.373 0.328 0.180 -0.092 -0.474 -0.744 -1.033 -1.285 -1.646 -1.467 -1.108 0.000 
9.000 1.000 1.282 1.830 2.197 2.538 2.688 2.883 2.918 2.955 2.865 2.916 2.976 2.963 2.932 3.038 3.101 3.074 3.022 2.925 2.886 2.748 2.572 2.521 0.000 
9.000 1.260 1.281 1.828 2.195 2.535 2.685 2.879 2.915 2.952 2.862 2.913 2.973 2.960 2.930 3.035 3.099 3.072 3.020 2.923 2.884 2.747 2.570 2.520 0.000 
9.000 1.580 1.279 1.826 2.192 2.530 2.681 2.875 2.911 2.948 2.859 2.910 2.969 2.957 2.927 3.032 3.096 3.069 3.017 2.921 2.882 2.744 2.568 2.517 0.000 
9.000 2.000 1.277 1.823 2.188 2.525 2.676 2.869 2.906 2.942 2.855 2.905 2.964 2.952 2.923 3.028 3.092 3.066 3.014 2.918 2.879 2.742 2.565 2.514 0.000 
9.000 2.510 1.275 1.820 2.183 2.518 2.670 2.863 2.900 2.936 2.850 2.900 2.958 2.947 2.918 3.023 3.087 3.061 3.010 2.915 2.876 2.739 2.561 2.511 0.000 
9.000 3.160 1.271 1.815 2.177 2.510 2.662 2.854 2.892 2.927 2.843 2.893 2.951 2.940 2.913 3.017 3.081 3.056 3.005 2.911 2.872 2.735 2.557 2.506 0.000 
9.000 3.980 1.267 1.810 2.169 2.499 2.653 2.844 2.882 2.917 2.835 2.885 2.942 2.931 2.905 3.010 3.074 3.049 2.999 2.905 2.866 2.730 2.551 2.500 0.000 
9.000 5.010 1.262 1.803 2.160 2.487 2.641 2.831 2.871 2.905 2.825 2.874 2.931 2.921 2.896 3.000 3.064 3.040 2.992 2.898 2.860 2.723 2.544 2.493 0.000 
9.000 6.310 1.255 1.794 2.148 2.471 2.626 2.815 2.856 2.890 2.813 2.861 2.917 2.908 2.885 2.989 3.053 3.030 2.982 2.890 2.852 2.715 2.535 2.484 0.000 
9.000 7.940 1.247 1.784 2.134 2.452 2.609 2.796 2.838 2.871 2.798 2.846 2.900 2.892 2.872 2.974 3.039 3.016 2.970 2.879 2.841 2.705 2.524 2.473 0.000 
9.000 10.000 1.237 1.771 2.117 2.429 2.587 2.774 2.817 2.848 2.780 2.826 2.879 2.872 2.855 2.957 3.021 3.000 2.955 2.866 2.829 2.693 2.510 2.459 0.000 
9.000 12.590 1.225 1.755 2.096 2.402 2.561 2.746 2.791 2.821 2.757 2.803 2.854 2.849 2.834 2.935 3.000 2.980 2.936 2.849 2.813 2.677 2.493 2.442 0.000 
9.000 15.850 1.209 1.735 2.070 2.369 2.531 2.713 2.760 2.789 2.731 2.775 2.824 2.821 2.810 2.909 2.974 2.955 2.914 2.828 2.793 2.658 2.471 2.420 0.000 
9.000 19.950 1.190 1.711 2.040 2.331 2.494 2.675 2.723 2.751 2.699 2.742 2.789 2.787 2.780 2.878 2.942 2.925 2.886 2.803 2.768 2.633 2.445 2.394 0.000 
9.000 25.120 1.167 1.682 2.004 2.287 2.452 2.630 2.680 2.707 2.661 2.703 2.747 2.747 2.744 2.840 2.904 2.888 2.851 2.771 2.737 2.603 2.412 2.362 0.000 
9.000 31.620 1.139 1.648 1.961 2.237 2.403 2.579 2.631 2.656 2.616 2.657 2.699 2.700 2.701 2.795 2.858 2.844 2.809 2.732 2.699 2.565 2.372 2.322 0.000 
9.000 39.810 1.105 1.606 1.912 2.179 2.347 2.520 2.574 2.598 2.565 2.603 2.643 2.646 2.652 2.743 2.805 2.791 2.758 2.684 2.652 2.518 2.322 2.274 0.000 
9.000 50.120 1.064 1.558 1.855 2.115 2.283 2.453 2.509 2.532 2.505 2.542 2.579 2.583 2.593 2.682 2.741 2.728 2.697 2.626 2.594 2.461 2.262 2.216 0.000 
9.000 63.100 1.016 1.501 1.790 2.043 2.212 2.379 2.436 2.458 2.438 2.472 2.506 2.512 2.526 2.611 2.668 2.653 2.624 2.555 2.523 2.389 2.189 2.146 0.000 
9.000 79.430 0.959 1.435 1.717 1.964 2.132 2.297 2.354 2.376 2.361 2.394 2.425 2.432 2.450 2.529 2.582 2.564 2.536 2.469 2.437 2.302 2.101 2.063 0.000 
9.000 100.000 0.893 1.358 1.634 1.878 2.045 2.206 2.263 2.285 2.276 2.306 2.334 2.341 2.362 2.436 2.483 2.461 2.432 2.366 2.331 2.195 1.995 1.963 0.000 
9.000 125.890 0.817 1.271 1.543 1.784 1.948 2.106 2.163 2.185 2.180 2.208 2.232 2.240 2.263 2.330 2.369 2.340 2.308 2.241 2.204 2.064 1.868 1.845 0.000 
9.000 158.490 0.729 1.172 1.440 1.681 1.842 1.997 2.052 2.075 2.073 2.098 2.120 2.127 2.150 2.209 2.237 2.199 2.162 2.092 2.050 1.905 1.716 1.704 0.000 
9.000 199.530 0.627 1.058 1.327 1.571 1.726 1.877 1.929 1.955 1.954 1.976 1.995 2.000 2.023 2.072 2.086 2.033 1.988 1.912 1.864 1.711 1.533 1.538 0.000 
9.000 251.190 0.511 0.930 1.201 1.450 1.598 1.745 1.793 1.822 1.822 1.841 1.856 1.859 1.879 1.915 1.911 1.840 1.783 1.698 1.638 1.476 1.314 1.340 0.000 
9.000 316.230 0.377 0.783 1.060 1.319 1.456 1.599 1.641 1.674 1.674 1.688 1.700 1.699 1.716 1.735 1.709 1.612 1.539 1.440 1.366 1.189 1.052 1.105 0.000 
9.000 398.110 0.222 0.616 0.903 1.175 1.299 1.436 1.471 1.509 1.507 1.517 1.524 1.518 1.529 1.527 1.472 1.343 1.249 1.129 1.036 0.839 0.736 0.825 0.000 
9.000 501.190 0.043 0.424 0.726 1.016 1.123 1.253 1.278 1.324 1.318 1.322 1.323 1.312 1.313 1.287 1.195 1.023 0.900 0.754 0.636 0.412 0.354 0.490 0.000 
9.000 630.960 -0.166 0.202 0.524 0.839 0.923 1.045 1.058 1.113 1.101 1.098 1.094 1.073 1.063 1.005 0.866 0.641 0.481 0.299 0.148 -0.110 -0.108 0.086 0.000 
9.000 794.330 -0.411 -0.057 0.292 0.639 0.696 0.807 0.804 0.870 0.851 0.839 0.827 0.796 0.770 0.672 0.474 0.181 -0.027 -0.255 -0.449 -0.750 -0.671 -0.403 0.000 
9.000 1000.000 -0.702 -0.361 0.023 0.411 0.433 0.531 0.508 0.589 0.560 0.537 0.515 0.470 0.424 0.275 0.003 -0.377 -0.646 -0.933 -1.181 -1.538 -1.360 -0.997 0.000 
9.250 1.000 1.275 1.817 2.193 2.537 2.687 2.881 2.912 2.947 2.850 2.900 2.960 2.945 2.913 3.027 3.096 3.075 3.022 2.925 2.887 2.753 2.574 2.525 0.000 
9.250 1.260 1.274 1.816 2.191 2.534 2.685 2.879 2.910 2.944 2.848 2.898 2.958 2.943 2.911 3.025 3.094 3.073 3.020 2.923 2.885 2.751 2.573 2.523 0.000 
9.250 1.580 1.273 1.814 2.189 2.531 2.682 2.875 2.907 2.941 2.846 2.895 2.955 2.940 2.909 3.022 3.091 3.070 3.018 2.921 2.883 2.749 2.571 2.521 0.000 
9.250 2.000 1.271 1.812 2.186 2.526 2.678 2.871 2.903 2.937 2.842 2.891 2.951 2.937 2.906 3.019 3.088 3.067 3.015 2.919 2.881 2.747 2.568 2.519 0.000 
9.250 2.510 1.269 1.809 2.182 2.521 2.673 2.865 2.898 2.932 2.838 2.887 2.946 2.933 2.902 3.015 3.084 3.064 3.012 2.916 2.878 2.744 2.565 2.516 0.000 
9.250 3.160 1.267 1.805 2.177 2.514 2.667 2.859 2.891 2.925 2.833 2.882 2.941 2.927 2.897 3.010 3.079 3.059 3.007 2.912 2.874 2.741 2.561 2.512 0.000 
9.250 3.980 1.264 1.801 2.171 2.506 2.659 2.850 2.884 2.917 2.827 2.875 2.933 2.920 2.891 3.004 3.073 3.053 3.002 2.907 2.870 2.736 2.556 2.507 0.000 
9.250 5.010 1.260 1.795 2.163 2.496 2.649 2.840 2.874 2.907 2.819 2.867 2.924 2.912 2.884 2.996 3.065 3.046 2.995 2.901 2.864 2.730 2.550 2.501 0.000 
9.250 6.310 1.254 1.788 2.154 2.483 2.638 2.827 2.863 2.895 2.809 2.856 2.913 2.901 2.875 2.987 3.055 3.036 2.987 2.894 2.857 2.723 2.542 2.493 0.000 
9.250 7.940 1.248 1.780 2.142 2.467 2.623 2.812 2.848 2.880 2.797 2.844 2.899 2.888 2.864 2.975 3.043 3.025 2.977 2.884 2.848 2.714 2.533 2.484 0.000 
9.250 10.000 1.240 1.769 2.128 2.449 2.606 2.793 2.831 2.861 2.782 2.828 2.882 2.872 2.850 2.960 3.028 3.011 2.964 2.873 2.836 2.703 2.521 2.472 0.000 
9.250 12.590 1.230 1.756 2.111 2.426 2.584 2.770 2.809 2.839 2.764 2.809 2.862 2.853 2.833 2.942 3.010 2.993 2.947 2.858 2.822 2.689 2.505 2.457 0.000 
9.250 15.850 1.218 1.739 2.089 2.399 2.559 2.743 2.783 2.812 2.742 2.786 2.837 2.829 2.813 2.920 2.987 2.972 2.927 2.839 2.804 2.671 2.486 2.438 0.000 
9.250 19.950 1.202 1.719 2.064 2.366 2.528 2.710 2.753 2.780 2.715 2.758 2.807 2.801 2.787 2.893 2.960 2.945 2.902 2.817 2.782 2.649 2.463 2.415 0.000 
9.250 25.120 1.183 1.695 2.033 2.328 2.491 2.671 2.716 2.742 2.683 2.725 2.771 2.767 2.757 2.860 2.926 2.912 2.872 2.788 2.754 2.621 2.434 2.387 0.000 
9.250 31.620 1.160 1.665 1.996 2.284 2.449 2.626 2.673 2.697 2.645 2.685 2.729 2.726 2.720 2.821 2.886 2.873 2.834 2.753 2.719 2.587 2.398 2.352 0.000 
9.250 39.810 1.131 1.630 1.953 2.233 2.399 2.574 2.622 2.646 2.600 2.638 2.680 2.678 2.677 2.774 2.838 2.825 2.788 2.710 2.676 2.544 2.353 2.309 0.000 
9.250 50.120 1.096 1.587 1.903 2.175 2.342 2.514 2.564 2.587 2.548 2.584 2.622 2.623 2.625 2.719 2.780 2.767 2.732 2.656 2.623 2.490 2.298 2.257 0.000 
9.250 63.100 1.054 1.536 1.844 2.109 2.277 2.446 2.498 2.519 2.487 2.521 2.557 2.558 2.565 2.655 2.713 2.698 2.664 2.591 2.557 2.424 2.231 2.193 0.000 
9.250 79.430 1.003 1.477 1.777 2.036 2.204 2.370 2.422 2.444 2.418 2.449 2.482 2.484 2.495 2.579 2.633 2.615 2.582 2.511 2.477 2.342 2.149 2.116 0.000 
9.250 100.000 0.944 1.407 1.701 1.955 2.122 2.285 2.338 2.359 2.338 2.368 2.397 2.400 2.414 2.492 2.539 2.518 2.484 2.413 2.378 2.242 2.050 2.023 0.000 
9.250 125.890 0.873 1.326 1.615 1.865 2.030 2.190 2.242 2.264 2.248 2.275 2.301 2.305 2.321 2.392 2.431 2.402 2.366 2.295 2.257 2.117 1.929 1.911 0.000 
9.250 158.490 0.791 1.233 1.518 1.767 1.929 2.085 2.136 2.159 2.147 2.171 2.194 2.197 2.214 2.276 2.305 2.266 2.226 2.152 2.109 1.965 1.783 1.777 0.000 
9.250 199.530 0.695 1.126 1.410 1.660 1.816 1.969 2.018 2.042 2.033 2.054 2.073 2.075 2.092 2.143 2.158 2.106 2.058 1.979 1.929 1.778 1.607 1.617 0.000 
9.250 251.190 0.584 1.002 1.288 1.543 1.692 1.840 1.885 1.912 1.905 1.923 1.938 1.937 1.953 1.991 1.988 1.917 1.858 1.770 1.710 1.548 1.394 1.425 0.000 
9.250 316.230 0.455 0.861 1.151 1.415 1.553 1.697 1.737 1.767 1.761 1.774 1.785 1.781 1.793 1.814 1.789 1.693 1.619 1.517 1.444 1.268 1.137 1.196 0.000 
9.250 398.110 0.304 0.697 0.996 1.273 1.399 1.536 1.569 1.605 1.597 1.605 1.611 1.603 1.610 1.610 1.555 1.427 1.332 1.211 1.120 0.924 0.826 0.920 0.000 
9.250 501.190 0.129 0.509 0.821 1.116 1.225 1.355 1.378 1.422 1.410 1.413 1.413 1.399 1.397 1.372 1.280 1.110 0.987 0.841 0.724 0.503 0.449 0.589 0.000 
9.250 630.960 -0.077 0.290 0.622 0.940 1.027 1.149 1.160 1.212 1.196 1.191 1.185 1.163 1.149 1.092 0.953 0.730 0.571 0.389 0.240 -0.014 -0.010 0.189 0.000 
9.250 794.330 -0.320 0.033 0.391 0.741 0.800 0.912 0.908 0.971 0.948 0.934 0.921 0.887 0.858 0.761 0.563 0.272 0.065 -0.161 -0.352 -0.650 -0.570 -0.297 0.000 
9.250 1000.000 -0.609 -0.269 0.124 0.514 0.538 0.637 0.613 0.691 0.658 0.633 0.610 0.562 0.514 0.366 0.094 -0.284 -0.551 -0.836 -1.081 -1.435 -1.256 -0.889 0.000 
