ZhaoEtAl2006SInterCascadia_CanadaSHM6-trial modified from OpenQuake implementation, distance is rrup. Log10 ground motion values in cgs units, PGV and Sa(T<0.1s) not valid
          10 31 23 : nmag, ndist, nperiod
          10.000 5.000 4.000 3.000 2.500 2.000 1.500 1.250 1.000 0.900 0.800 0.700 0.600 0.500 0.400 0.300 0.250 0.200 0.150 0.100 0.050 PGA PGV 
          0.698 0.698 0.716 0.748 0.760 0.760 0.752 0.742 0.734 0.729 0.726 0.723 0.717 0.709 0.713 0.726 0.741 0.766 0.792 0.803 0.726 0.678 0.000 
7.000 1.000 1.208 1.867 2.188 2.545 2.720 2.947 3.080 3.178 3.193 3.274 3.340 3.355 3.344 3.375 3.372 3.265 3.177 3.055 2.959 2.759 2.656 2.682 0.000 
7.000 1.260 1.197 1.855 2.172 2.523 2.700 2.925 3.059 3.156 3.175 3.255 3.319 3.336 3.328 3.361 3.360 3.254 3.168 3.047 2.952 2.752 2.647 2.672 0.000 
7.000 1.580 1.184 1.841 2.152 2.498 2.676 2.898 3.033 3.129 3.152 3.231 3.295 3.313 3.309 3.343 3.344 3.242 3.157 3.037 2.943 2.744 2.636 2.659 0.000 
7.000 2.000 1.168 1.823 2.129 2.468 2.646 2.867 3.003 3.097 3.125 3.203 3.266 3.286 3.286 3.322 3.326 3.226 3.143 3.025 2.931 2.733 2.622 2.644 0.000 
7.000 2.510 1.149 1.802 2.101 2.433 2.612 2.831 2.967 3.061 3.093 3.170 3.232 3.254 3.258 3.297 3.304 3.207 3.126 3.010 2.917 2.720 2.606 2.625 0.000 
7.000 3.160 1.126 1.777 2.068 2.392 2.573 2.789 2.926 3.018 3.056 3.132 3.193 3.217 3.226 3.267 3.277 3.184 3.105 2.992 2.900 2.704 2.585 2.602 0.000 
7.000 3.980 1.098 1.747 2.030 2.345 2.528 2.742 2.879 2.970 3.013 3.088 3.148 3.175 3.188 3.232 3.245 3.157 3.081 2.970 2.879 2.685 2.561 2.575 0.000 
7.000 5.010 1.066 1.712 1.987 2.293 2.477 2.688 2.826 2.916 2.964 3.039 3.096 3.126 3.145 3.192 3.208 3.124 3.051 2.944 2.854 2.661 2.532 2.543 0.000 
7.000 6.310 1.030 1.671 1.937 2.235 2.420 2.629 2.767 2.856 2.910 2.983 3.039 3.071 3.095 3.145 3.165 3.086 3.016 2.912 2.824 2.632 2.497 2.505 0.000 
7.000 7.940 0.987 1.624 1.882 2.171 2.357 2.564 2.703 2.790 2.849 2.921 2.976 3.010 3.039 3.092 3.116 3.042 2.975 2.874 2.788 2.598 2.456 2.461 0.000 
7.000 10.000 0.940 1.571 1.820 2.102 2.288 2.493 2.633 2.719 2.783 2.854 2.908 2.944 2.977 3.033 3.060 2.991 2.927 2.830 2.746 2.557 2.408 2.410 0.000 
7.000 12.590 0.887 1.512 1.752 2.027 2.214 2.417 2.557 2.642 2.711 2.781 2.833 2.871 2.909 2.968 2.998 2.933 2.872 2.779 2.696 2.510 2.354 2.352 0.000 
7.000 15.850 0.828 1.447 1.679 1.948 2.136 2.337 2.477 2.561 2.633 2.702 2.754 2.794 2.835 2.896 2.929 2.868 2.810 2.721 2.639 2.454 2.291 2.287 0.000 
7.000 19.950 0.764 1.375 1.601 1.864 2.052 2.252 2.392 2.475 2.551 2.619 2.670 2.711 2.756 2.818 2.853 2.796 2.740 2.654 2.573 2.390 2.220 2.214 0.000 
7.000 25.120 0.695 1.298 1.518 1.777 1.964 2.162 2.302 2.386 2.464 2.531 2.581 2.623 2.671 2.734 2.770 2.716 2.662 2.579 2.499 2.316 2.141 2.133 0.000 
7.000 31.620 0.621 1.215 1.430 1.686 1.873 2.069 2.209 2.292 2.373 2.439 2.488 2.531 2.581 2.644 2.681 2.628 2.575 2.494 2.414 2.233 2.053 2.045 0.000 
7.000 39.810 0.542 1.126 1.337 1.591 1.777 1.972 2.111 2.195 2.277 2.343 2.390 2.434 2.486 2.549 2.585 2.532 2.480 2.400 2.319 2.138 1.955 1.948 0.000 
7.000 50.120 0.458 1.032 1.240 1.493 1.678 1.872 2.010 2.094 2.177 2.242 2.289 2.332 2.385 2.447 2.481 2.428 2.375 2.295 2.213 2.031 1.847 1.842 0.000 
7.000 63.100 0.369 0.931 1.139 1.392 1.575 1.767 1.904 1.988 2.073 2.136 2.182 2.226 2.279 2.339 2.370 2.314 2.259 2.178 2.095 1.911 1.728 1.726 0.000 
7.000 79.430 0.275 0.826 1.033 1.287 1.467 1.658 1.794 1.879 1.964 2.026 2.071 2.114 2.167 2.224 2.251 2.190 2.132 2.048 1.962 1.775 1.595 1.599 0.000 
7.000 100.000 0.174 0.713 0.922 1.178 1.355 1.545 1.678 1.765 1.849 1.911 1.954 1.996 2.048 2.101 2.122 2.054 1.991 1.903 1.813 1.621 1.447 1.459 0.000 
7.000 125.890 0.067 0.594 0.805 1.065 1.238 1.425 1.556 1.645 1.729 1.788 1.831 1.871 1.921 1.969 1.981 1.904 1.835 1.741 1.644 1.446 1.282 1.304 0.000 
7.000 158.490 -0.048 0.466 0.681 0.947 1.115 1.300 1.428 1.518 1.601 1.659 1.700 1.738 1.786 1.826 1.827 1.737 1.659 1.557 1.452 1.246 1.095 1.131 0.000 
7.000 199.530 -0.172 0.328 0.550 0.823 0.984 1.166 1.290 1.383 1.464 1.520 1.559 1.595 1.639 1.669 1.656 1.550 1.460 1.347 1.231 1.015 0.882 0.936 0.000 
7.000 251.190 -0.309 0.179 0.409 0.692 0.844 1.023 1.141 1.239 1.317 1.370 1.407 1.439 1.478 1.497 1.465 1.338 1.233 1.105 0.976 0.745 0.637 0.714 0.000 
7.000 316.230 -0.459 0.015 0.256 0.552 0.692 0.867 0.980 1.082 1.157 1.206 1.240 1.268 1.301 1.304 1.249 1.094 0.971 0.824 0.677 0.429 0.352 0.458 0.000 
7.000 398.110 -0.628 -0.167 0.088 0.401 0.527 0.697 0.801 0.909 0.980 1.025 1.055 1.078 1.102 1.085 1.001 0.812 0.664 0.494 0.325 0.054 0.016 0.161 0.000 
7.000 501.190 -0.819 -0.371 -0.098 0.236 0.344 0.508 0.602 0.717 0.783 0.822 0.848 0.863 0.877 0.836 0.714 0.482 0.303 0.102 -0.095 -0.395 -0.381 -0.189 0.000 
7.000 630.960 -1.037 -0.603 -0.307 0.054 0.140 0.295 0.376 0.501 0.559 0.592 0.612 0.619 0.619 0.546 0.377 0.090 -0.128 -0.367 -0.599 -0.935 -0.857 -0.605 0.000 
7.000 794.330 -1.290 -0.870 -0.544 -0.150 -0.092 0.053 0.118 0.255 0.304 0.328 0.341 0.336 0.320 0.207 -0.021 -0.377 -0.645 -0.933 -1.209 -1.591 -1.432 -1.104 0.000 
7.000 1000.000 -1.587 -1.181 -0.818 -0.381 -0.359 -0.226 -0.182 -0.029 0.008 0.022 0.026 0.007 -0.031 -0.194 -0.497 -0.940 -1.270 -1.620 -1.952 -2.392 -2.130 -1.707 0.000 
7.250 1.000 1.279 1.932 2.260 2.619 2.792 3.015 3.139 3.233 3.235 3.312 3.377 3.386 3.369 3.402 3.399 3.290 3.198 3.071 2.972 2.769 2.665 2.693 0.000 
7.250 1.260 1.270 1.923 2.248 2.602 2.775 2.997 3.122 3.214 3.220 3.297 3.360 3.371 3.356 3.391 3.389 3.281 3.191 3.065 2.966 2.763 2.658 2.685 0.000 
7.250 1.580 1.260 1.911 2.232 2.581 2.755 2.976 3.101 3.192 3.202 3.278 3.340 3.352 3.340 3.377 3.376 3.271 3.181 3.057 2.958 2.756 2.649 2.675 0.000 
7.250 2.000 1.247 1.897 2.213 2.556 2.731 2.950 3.076 3.166 3.180 3.255 3.317 3.330 3.322 3.359 3.361 3.258 3.170 3.047 2.949 2.748 2.638 2.663 0.000 
7.250 2.510 1.232 1.880 2.190 2.526 2.703 2.920 3.046 3.136 3.153 3.228 3.289 3.304 3.299 3.339 3.342 3.242 3.156 3.035 2.938 2.737 2.625 2.647 0.000 
7.250 3.160 1.213 1.859 2.163 2.492 2.669 2.884 3.012 3.100 3.122 3.196 3.255 3.273 3.272 3.314 3.320 3.223 3.139 3.020 2.924 2.724 2.608 2.629 0.000 
7.250 3.980 1.191 1.834 2.131 2.451 2.631 2.843 2.971 3.058 3.086 3.159 3.217 3.237 3.241 3.284 3.293 3.200 3.118 3.001 2.906 2.708 2.588 2.606 0.000 
7.250 5.010 1.164 1.805 2.093 2.405 2.586 2.796 2.925 3.011 3.045 3.116 3.172 3.195 3.203 3.249 3.261 3.172 3.093 2.979 2.885 2.688 2.563 2.579 0.000 
7.250 6.310 1.133 1.770 2.050 2.354 2.535 2.743 2.873 2.957 2.997 3.067 3.122 3.147 3.161 3.209 3.224 3.139 3.063 2.952 2.860 2.664 2.534 2.547 0.000 
7.250 7.940 1.097 1.730 2.001 2.296 2.479 2.684 2.815 2.898 2.943 3.012 3.066 3.093 3.112 3.162 3.180 3.100 3.027 2.920 2.829 2.635 2.499 2.509 0.000 
7.250 10.000 1.056 1.684 1.946 2.232 2.416 2.620 2.751 2.832 2.883 2.951 3.003 3.032 3.056 3.109 3.131 3.055 2.985 2.882 2.793 2.600 2.457 2.465 0.000 
7.250 12.590 1.009 1.631 1.884 2.163 2.348 2.549 2.681 2.762 2.817 2.884 2.935 2.966 2.995 3.050 3.074 3.003 2.936 2.837 2.749 2.559 2.409 2.414 0.000 
7.250 15.850 0.956 1.572 1.817 2.089 2.275 2.473 2.606 2.685 2.746 2.812 2.861 2.894 2.927 2.984 3.011 2.944 2.880 2.785 2.699 2.510 2.353 2.356 0.000 
7.250 19.950 0.898 1.507 1.744 2.009 2.196 2.393 2.525 2.604 2.669 2.733 2.781 2.816 2.853 2.911 2.940 2.877 2.816 2.724 2.639 2.452 2.289 2.289 0.000 
7.250 25.120 0.835 1.435 1.665 1.926 2.112 2.307 2.440 2.518 2.586 2.650 2.697 2.733 2.773 2.832 2.863 2.802 2.744 2.655 2.571 2.385 2.216 2.215 0.000 
7.250 31.620 0.765 1.357 1.581 1.838 2.024 2.217 2.350 2.428 2.499 2.561 2.607 2.644 2.687 2.747 2.778 2.719 2.662 2.576 2.493 2.308 2.134 2.132 0.000 
7.250 39.810 0.691 1.273 1.492 1.746 1.931 2.123 2.255 2.333 2.406 2.468 2.513 2.550 2.596 2.655 2.686 2.628 2.572 2.487 2.404 2.220 2.042 2.040 0.000 
7.250 50.120 0.610 1.182 1.398 1.650 1.834 2.024 2.156 2.234 2.309 2.370 2.413 2.452 2.498 2.557 2.586 2.527 2.471 2.387 2.304 2.119 1.938 1.938 0.000 
7.250 63.100 0.525 1.086 1.300 1.550 1.733 1.922 2.052 2.131 2.207 2.267 2.309 2.347 2.395 2.451 2.478 2.417 2.359 2.275 2.190 2.003 1.823 1.826 0.000 
7.250 79.430 0.433 0.983 1.196 1.447 1.627 1.814 1.943 2.023 2.100 2.158 2.200 2.237 2.285 2.339 2.361 2.295 2.235 2.149 2.061 1.872 1.694 1.703 0.000 
7.250 100.000 0.335 0.873 1.086 1.339 1.516 1.702 1.829 1.910 1.987 2.044 2.084 2.121 2.168 2.218 2.233 2.162 2.097 2.008 1.916 1.723 1.550 1.566 0.000 
7.250 125.890 0.229 0.755 0.971 1.228 1.400 1.584 1.709 1.791 1.868 1.923 1.962 1.998 2.043 2.087 2.094 2.014 1.943 1.848 1.750 1.551 1.387 1.413 0.000 
7.250 158.490 0.116 0.629 0.848 1.110 1.278 1.459 1.581 1.665 1.741 1.795 1.832 1.865 1.908 1.945 1.942 1.849 1.769 1.666 1.561 1.354 1.202 1.242 0.000 
7.250 199.530 -0.008 0.493 0.718 0.987 1.147 1.326 1.444 1.531 1.605 1.657 1.692 1.723 1.762 1.790 1.772 1.663 1.572 1.458 1.342 1.125 0.991 1.049 0.000 
7.250 251.190 -0.143 0.344 0.577 0.857 1.008 1.183 1.296 1.387 1.459 1.507 1.540 1.568 1.603 1.618 1.582 1.452 1.346 1.218 1.089 0.858 0.747 0.828 0.000 
7.250 316.230 -0.293 0.181 0.425 0.717 0.857 1.028 1.135 1.230 1.299 1.344 1.374 1.397 1.426 1.425 1.366 1.209 1.085 0.938 0.792 0.543 0.463 0.574 0.000 
7.250 398.110 -0.461 0.000 0.258 0.566 0.692 0.858 0.956 1.058 1.122 1.163 1.189 1.207 1.228 1.208 1.119 0.928 0.779 0.609 0.441 0.169 0.129 0.277 0.000 
7.250 501.190 -0.651 -0.203 0.072 0.402 0.510 0.669 0.757 0.867 0.925 0.961 0.982 0.993 1.003 0.958 0.832 0.598 0.418 0.218 0.022 -0.278 -0.268 -0.073 0.000 
7.250 630.960 -0.869 -0.435 -0.136 0.220 0.305 0.457 0.532 0.651 0.703 0.731 0.747 0.749 0.746 0.669 0.496 0.207 -0.011 -0.250 -0.482 -0.818 -0.743 -0.488 0.000 
7.250 794.330 -1.122 -0.702 -0.374 0.016 0.074 0.215 0.274 0.405 0.447 0.467 0.476 0.467 0.447 0.331 0.098 -0.260 -0.528 -0.815 -1.091 -1.473 -1.317 -0.986 0.000 
7.250 1000.000 -1.418 -1.012 -0.647 -0.215 -0.193 -0.064 -0.026 0.120 0.152 0.161 0.161 0.137 0.096 -0.070 -0.377 -0.823 -1.153 -1.502 -1.834 -2.273 -2.014 -1.589 0.000 
7.500 1.000 1.338 1.986 2.322 2.683 2.852 3.073 3.188 3.277 3.267 3.342 3.405 3.409 3.386 3.424 3.421 3.311 3.216 3.084 2.982 2.777 2.673 2.702 0.000 
7.500 1.260 1.332 1.979 2.312 2.669 2.839 3.058 3.174 3.262 3.255 3.330 3.392 3.397 3.376 3.414 3.412 3.304 3.210 3.079 2.977 2.772 2.667 2.696 0.000 
7.500 1.580 1.324 1.969 2.299 2.652 2.823 3.041 3.157 3.245 3.241 3.315 3.376 3.383 3.364 3.403 3.402 3.296 3.202 3.073 2.971 2.767 2.660 2.688 0.000 
7.500 2.000 1.314 1.958 2.284 2.631 2.803 3.020 3.137 3.223 3.223 3.296 3.357 3.365 3.349 3.389 3.389 3.285 3.193 3.065 2.964 2.760 2.651 2.678 0.000 
7.500 2.510 1.302 1.944 2.265 2.606 2.780 2.995 3.113 3.198 3.202 3.274 3.334 3.343 3.330 3.372 3.374 3.272 3.181 3.055 2.954 2.751 2.640 2.666 0.000 
7.500 3.160 1.287 1.928 2.243 2.577 2.752 2.965 3.084 3.168 3.177 3.248 3.306 3.318 3.308 3.351 3.355 3.256 3.167 3.042 2.943 2.740 2.627 2.651 0.000 
7.500 3.980 1.269 1.907 2.216 2.543 2.719 2.930 3.050 3.133 3.147 3.217 3.274 3.287 3.282 3.326 3.333 3.237 3.149 3.027 2.928 2.727 2.610 2.632 0.000 
7.500 5.010 1.247 1.883 2.184 2.503 2.681 2.890 3.010 3.092 3.111 3.181 3.236 3.252 3.251 3.297 3.306 3.213 3.128 3.009 2.911 2.711 2.589 2.610 0.000 
7.500 6.310 1.221 1.854 2.147 2.458 2.637 2.843 2.965 3.045 3.070 3.139 3.192 3.210 3.215 3.262 3.274 3.185 3.102 2.986 2.890 2.691 2.565 2.583 0.000 
7.500 7.940 1.191 1.820 2.105 2.406 2.587 2.791 2.914 2.993 3.024 3.091 3.143 3.163 3.172 3.222 3.236 3.151 3.072 2.959 2.864 2.666 2.535 2.551 0.000 
7.500 10.000 1.156 1.780 2.056 2.349 2.531 2.733 2.856 2.934 2.971 3.036 3.087 3.109 3.124 3.175 3.192 3.111 3.035 2.926 2.832 2.636 2.499 2.513 0.000 
7.500 12.590 1.115 1.734 2.001 2.286 2.469 2.668 2.793 2.869 2.912 2.976 3.025 3.050 3.069 3.122 3.141 3.065 2.992 2.886 2.795 2.600 2.457 2.468 0.000 
7.500 15.850 1.069 1.682 1.940 2.217 2.401 2.598 2.723 2.798 2.846 2.909 2.957 2.984 3.008 3.062 3.084 3.011 2.942 2.840 2.750 2.558 2.408 2.416 0.000 
7.500 19.950 1.017 1.623 1.873 2.142 2.327 2.522 2.648 2.722 2.775 2.837 2.883 2.911 2.940 2.995 3.019 2.950 2.884 2.786 2.697 2.506 2.350 2.357 0.000 
7.500 25.120 0.959 1.557 1.799 2.063 2.248 2.441 2.567 2.641 2.698 2.758 2.803 2.833 2.865 2.922 2.947 2.881 2.817 2.723 2.636 2.446 2.284 2.289 0.000 
7.500 31.620 0.895 1.485 1.720 1.978 2.164 2.355 2.481 2.554 2.615 2.674 2.718 2.749 2.785 2.841 2.867 2.803 2.742 2.650 2.564 2.376 2.208 2.212 0.000 
7.500 39.810 0.825 1.406 1.635 1.890 2.074 2.264 2.390 2.463 2.526 2.585 2.627 2.659 2.697 2.754 2.779 2.717 2.656 2.567 2.482 2.294 2.122 2.126 0.000 
7.500 50.120 0.750 1.320 1.545 1.797 1.980 2.168 2.294 2.367 2.433 2.490 2.531 2.563 2.604 2.659 2.684 2.621 2.560 2.473 2.387 2.199 2.024 2.030 0.000 
7.500 63.100 0.668 1.227 1.449 1.699 1.882 2.068 2.192 2.266 2.333 2.390 2.429 2.462 2.504 2.557 2.579 2.514 2.453 2.366 2.279 2.090 1.914 1.922 0.000 
7.500 79.430 0.579 1.128 1.348 1.598 1.778 1.962 2.086 2.160 2.229 2.284 2.322 2.354 2.397 2.447 2.465 2.396 2.333 2.245 2.155 1.964 1.789 1.803 0.000 
7.500 100.000 0.484 1.021 1.241 1.492 1.669 1.851 1.973 2.048 2.118 2.171 2.208 2.240 2.282 2.328 2.340 2.265 2.198 2.107 2.014 1.819 1.648 1.669 0.000 
7.500 125.890 0.381 0.906 1.127 1.381 1.554 1.734 1.854 1.931 2.000 2.052 2.087 2.118 2.159 2.200 2.203 2.120 2.047 1.951 1.852 1.652 1.489 1.520 0.000 
7.500 158.490 0.269 0.782 1.006 1.265 1.433 1.611 1.727 1.806 1.875 1.925 1.958 1.987 2.026 2.059 2.052 1.957 1.876 1.772 1.666 1.458 1.307 1.351 0.000 
7.500 199.530 0.147 0.647 0.877 1.143 1.303 1.478 1.591 1.673 1.740 1.788 1.819 1.846 1.881 1.905 1.884 1.772 1.680 1.566 1.450 1.233 1.098 1.160 0.000 
7.500 251.190 0.013 0.500 0.737 1.013 1.165 1.336 1.444 1.529 1.594 1.639 1.668 1.692 1.722 1.734 1.695 1.563 1.456 1.328 1.199 0.968 0.856 0.941 0.000 
7.500 316.230 -0.136 0.338 0.585 0.874 1.014 1.182 1.283 1.373 1.435 1.477 1.503 1.522 1.546 1.543 1.480 1.321 1.196 1.050 0.904 0.655 0.574 0.688 0.000 
7.500 398.110 -0.303 0.158 0.419 0.724 0.850 1.012 1.105 1.201 1.259 1.296 1.319 1.332 1.349 1.326 1.234 1.041 0.891 0.722 0.554 0.283 0.241 0.392 0.000 
7.500 501.190 -0.492 -0.045 0.234 0.559 0.668 0.824 0.907 1.010 1.063 1.094 1.112 1.119 1.125 1.077 0.948 0.712 0.531 0.332 0.136 -0.162 -0.155 0.043 0.000 
7.500 630.960 -0.710 -0.276 0.026 0.378 0.464 0.612 0.682 0.795 0.840 0.865 0.877 0.875 0.868 0.789 0.612 0.321 0.102 -0.135 -0.366 -0.701 -0.629 -0.371 0.000 
7.500 794.330 -0.962 -0.542 -0.211 0.174 0.232 0.370 0.424 0.549 0.585 0.602 0.606 0.593 0.569 0.450 0.215 -0.145 -0.414 -0.699 -0.974 -1.355 -1.203 -0.869 0.000 
7.500 1000.000 -1.258 -0.852 -0.484 -0.056 -0.034 0.091 0.124 0.265 0.290 0.295 0.291 0.263 0.218 0.050 -0.261 -0.708 -1.038 -1.385 -1.716 -2.155 -1.900 -1.471 0.000 
7.750 1.000 1.388 2.030 2.374 2.735 2.903 3.121 3.227 3.312 3.292 3.364 3.426 3.425 3.397 3.439 3.438 3.329 3.230 3.095 2.990 2.784 2.679 2.710 0.000 
7.750 1.260 1.383 2.024 2.365 2.724 2.892 3.109 3.216 3.301 3.282 3.354 3.415 3.416 3.389 3.432 3.431 3.324 3.225 3.091 2.986 2.780 2.675 2.705 0.000 
7.750 1.580 1.376 2.017 2.355 2.710 2.879 3.095 3.203 3.287 3.271 3.342 3.403 3.404 3.379 3.423 3.423 3.317 3.219 3.086 2.982 2.776 2.669 2.699 0.000 
7.750 2.000 1.369 2.008 2.343 2.694 2.863 3.078 3.186 3.269 3.257 3.328 3.387 3.390 3.367 3.412 3.412 3.308 3.211 3.079 2.975 2.770 2.662 2.691 0.000 
7.750 2.510 1.359 1.997 2.328 2.673 2.844 3.058 3.167 3.249 3.240 3.310 3.369 3.373 3.353 3.398 3.400 3.297 3.202 3.071 2.968 2.763 2.653 2.681 0.000 
7.750 3.160 1.347 1.983 2.310 2.649 2.821 3.033 3.143 3.224 3.219 3.288 3.346 3.352 3.335 3.381 3.384 3.284 3.190 3.061 2.958 2.754 2.642 2.668 0.000 
7.750 3.980 1.333 1.967 2.287 2.620 2.794 3.004 3.115 3.195 3.195 3.263 3.319 3.327 3.314 3.360 3.365 3.267 3.175 3.048 2.946 2.743 2.628 2.653 0.000 
7.750 5.010 1.316 1.947 2.261 2.587 2.761 2.969 3.082 3.160 3.165 3.233 3.288 3.297 3.288 3.335 3.342 3.247 3.157 3.033 2.932 2.729 2.611 2.635 0.000 
7.750 6.310 1.295 1.923 2.230 2.547 2.724 2.929 3.043 3.120 3.131 3.197 3.250 3.262 3.257 3.306 3.315 3.223 3.136 3.014 2.914 2.713 2.590 2.613 0.000 
7.750 7.940 1.270 1.894 2.193 2.502 2.680 2.884 2.998 3.074 3.091 3.156 3.207 3.221 3.221 3.271 3.283 3.194 3.109 2.990 2.892 2.692 2.565 2.586 0.000 
7.750 10.000 1.240 1.860 2.151 2.451 2.631 2.832 2.948 3.022 3.045 3.109 3.158 3.174 3.179 3.231 3.244 3.159 3.078 2.962 2.865 2.666 2.535 2.553 0.000 
7.750 12.590 1.206 1.821 2.103 2.394 2.575 2.774 2.891 2.964 2.993 3.055 3.103 3.121 3.131 3.184 3.200 3.119 3.040 2.928 2.833 2.636 2.498 2.515 0.000 
7.750 15.850 1.166 1.775 2.048 2.331 2.513 2.709 2.827 2.899 2.934 2.995 3.041 3.062 3.077 3.130 3.148 3.071 2.996 2.888 2.794 2.598 2.455 2.470 0.000 
7.750 19.950 1.120 1.723 1.987 2.262 2.445 2.639 2.758 2.829 2.869 2.929 2.973 2.996 3.015 3.070 3.089 3.016 2.943 2.839 2.747 2.553 2.404 2.417 0.000 
7.750 25.120 1.068 1.664 1.919 2.188 2.371 2.563 2.683 2.752 2.798 2.856 2.899 2.923 2.947 3.002 3.023 2.952 2.883 2.783 2.692 2.500 2.344 2.355 0.000 
7.750 31.620 1.010 1.597 1.845 2.108 2.292 2.481 2.601 2.670 2.720 2.777 2.819 2.844 2.872 2.927 2.948 2.880 2.813 2.717 2.627 2.436 2.275 2.285 0.000 
7.750 39.810 0.946 1.524 1.765 2.023 2.207 2.394 2.514 2.583 2.636 2.692 2.732 2.759 2.790 2.844 2.866 2.799 2.734 2.640 2.551 2.361 2.195 2.205 0.000 
7.750 50.120 0.875 1.444 1.679 1.933 2.116 2.302 2.422 2.490 2.547 2.601 2.640 2.667 2.701 2.754 2.774 2.707 2.643 2.551 2.463 2.273 2.103 2.115 0.000 
7.750 63.100 0.797 1.356 1.587 1.839 2.021 2.204 2.323 2.392 2.451 2.505 2.541 2.569 2.605 2.656 2.674 2.605 2.541 2.450 2.360 2.170 1.998 2.013 0.000 
7.750 79.430 0.713 1.260 1.489 1.739 1.919 2.101 2.219 2.289 2.349 2.401 2.437 2.464 2.501 2.549 2.563 2.491 2.425 2.334 2.242 2.050 1.879 1.898 0.000 
7.750 100.000 0.621 1.157 1.384 1.636 1.812 1.992 2.109 2.179 2.241 2.291 2.325 2.353 2.389 2.433 2.441 2.363 2.294 2.201 2.106 1.910 1.743 1.768 0.000 
7.750 125.890 0.521 1.045 1.273 1.526 1.699 1.877 1.991 2.063 2.126 2.174 2.206 2.233 2.268 2.307 2.307 2.221 2.146 2.048 1.949 1.748 1.587 1.623 0.000 
7.750 158.490 0.411 0.923 1.154 1.412 1.579 1.755 1.866 1.940 2.002 2.048 2.079 2.103 2.137 2.169 2.158 2.060 1.977 1.873 1.766 1.559 1.409 1.457 0.000 
7.750 199.530 0.291 0.791 1.026 1.290 1.451 1.624 1.731 1.808 1.869 1.913 1.941 1.963 1.994 2.016 1.991 1.878 1.785 1.670 1.554 1.337 1.203 1.268 0.000 
7.750 251.190 0.159 0.646 0.888 1.161 1.314 1.482 1.585 1.665 1.724 1.765 1.791 1.810 1.837 1.847 1.804 1.670 1.562 1.435 1.306 1.075 0.963 1.051 0.000 
7.750 316.230 0.012 0.485 0.737 1.023 1.164 1.329 1.425 1.510 1.566 1.604 1.626 1.641 1.662 1.656 1.590 1.430 1.304 1.158 1.013 0.765 0.682 0.800 0.000 
7.750 398.110 -0.154 0.306 0.571 0.873 1.000 1.160 1.248 1.338 1.391 1.424 1.443 1.452 1.465 1.440 1.345 1.150 1.001 0.832 0.665 0.395 0.351 0.506 0.000 
7.750 501.190 -0.343 0.104 0.387 0.709 0.819 0.971 1.049 1.148 1.195 1.223 1.237 1.239 1.242 1.192 1.059 0.822 0.642 0.444 0.249 -0.049 -0.043 0.158 0.000 
7.750 630.960 -0.560 -0.126 0.179 0.528 0.615 0.760 0.825 0.933 0.973 0.994 1.002 0.996 0.986 0.904 0.724 0.433 0.213 -0.023 -0.252 -0.586 -0.517 -0.256 0.000 
7.750 794.330 -0.812 -0.392 -0.057 0.325 0.384 0.518 0.567 0.687 0.718 0.731 0.732 0.714 0.687 0.566 0.327 -0.033 -0.302 -0.586 -0.860 -1.239 -1.089 -0.753 0.000 
7.750 1000.000 -1.107 -0.701 -0.330 0.095 0.118 0.240 0.268 0.403 0.423 0.425 0.417 0.385 0.337 0.166 -0.148 -0.596 -0.926 -1.271 -1.601 -2.037 -1.786 -1.354 0.000 
8.000 1.000 1.427 2.063 2.415 2.778 2.944 3.159 3.258 3.339 3.308 3.378 3.439 3.435 3.402 3.450 3.451 3.344 3.242 3.104 2.997 2.790 2.685 2.717 0.000 
8.000 1.260 1.423 2.059 2.408 2.769 2.935 3.150 3.249 3.330 3.301 3.370 3.431 3.428 3.396 3.444 3.445 3.339 3.237 3.101 2.994 2.787 2.681 2.712 0.000 
8.000 1.580 1.418 2.053 2.400 2.758 2.925 3.139 3.239 3.319 3.292 3.361 3.421 3.418 3.388 3.437 3.438 3.333 3.232 3.096 2.990 2.783 2.676 2.707 0.000 
8.000 2.000 1.412 2.046 2.390 2.745 2.912 3.125 3.226 3.305 3.281 3.350 3.409 3.407 3.379 3.428 3.430 3.326 3.226 3.091 2.985 2.779 2.670 2.701 0.000 
8.000 2.510 1.405 2.037 2.378 2.728 2.897 3.109 3.210 3.288 3.268 3.335 3.394 3.393 3.367 3.417 3.419 3.317 3.218 3.084 2.979 2.773 2.663 2.693 0.000 
8.000 3.160 1.396 2.026 2.364 2.708 2.878 3.088 3.190 3.268 3.251 3.318 3.376 3.376 3.353 3.403 3.407 3.306 3.208 3.076 2.971 2.765 2.654 2.683 0.000 
8.000 3.980 1.384 2.013 2.346 2.684 2.855 3.064 3.167 3.244 3.231 3.297 3.354 3.356 3.335 3.386 3.391 3.292 3.196 3.065 2.961 2.756 2.642 2.671 0.000 
8.000 5.010 1.371 1.997 2.324 2.656 2.828 3.035 3.140 3.215 3.207 3.273 3.327 3.331 3.314 3.365 3.372 3.275 3.181 3.052 2.949 2.745 2.628 2.656 0.000 
8.000 6.310 1.354 1.977 2.298 2.623 2.797 3.002 3.107 3.181 3.179 3.243 3.296 3.302 3.289 3.341 3.349 3.255 3.163 3.036 2.934 2.731 2.611 2.637 0.000 
8.000 7.940 1.333 1.953 2.267 2.584 2.759 2.962 3.069 3.142 3.145 3.208 3.260 3.267 3.259 3.311 3.321 3.230 3.140 3.016 2.915 2.713 2.590 2.615 0.000 
8.000 10.000 1.309 1.925 2.231 2.539 2.716 2.917 3.025 3.097 3.106 3.168 3.217 3.227 3.223 3.276 3.288 3.200 3.113 2.992 2.892 2.691 2.564 2.587 0.000 
8.000 12.590 1.280 1.891 2.189 2.488 2.667 2.865 2.975 3.045 3.060 3.121 3.169 3.181 3.182 3.235 3.249 3.164 3.080 2.963 2.864 2.665 2.533 2.554 0.000 
8.000 15.850 1.246 1.852 2.140 2.432 2.612 2.808 2.918 2.987 3.009 3.068 3.114 3.128 3.134 3.188 3.203 3.122 3.041 2.927 2.830 2.632 2.495 2.515 0.000 
8.000 19.950 1.207 1.806 2.086 2.369 2.550 2.743 2.855 2.923 2.950 3.008 3.052 3.068 3.079 3.134 3.150 3.073 2.995 2.885 2.789 2.593 2.450 2.469 0.000 
8.000 25.120 1.161 1.754 2.025 2.300 2.482 2.673 2.786 2.852 2.885 2.942 2.984 3.002 3.018 3.072 3.090 3.015 2.940 2.834 2.740 2.545 2.397 2.414 0.000 
8.000 31.620 1.109 1.694 1.957 2.225 2.408 2.596 2.710 2.776 2.814 2.869 2.909 2.929 2.949 3.003 3.021 2.949 2.877 2.774 2.682 2.488 2.334 2.351 0.000 
8.000 39.810 1.051 1.627 1.882 2.144 2.327 2.514 2.628 2.693 2.736 2.789 2.828 2.849 2.873 2.926 2.944 2.873 2.803 2.704 2.612 2.419 2.261 2.277 0.000 
8.000 50.120 0.986 1.553 1.801 2.058 2.241 2.425 2.540 2.604 2.651 2.703 2.740 2.762 2.789 2.841 2.857 2.787 2.718 2.622 2.530 2.338 2.175 2.193 0.000 
8.000 63.100 0.913 1.470 1.713 1.967 2.149 2.331 2.445 2.510 2.560 2.610 2.645 2.668 2.697 2.747 2.761 2.689 2.621 2.526 2.434 2.242 2.077 2.097 0.000 
8.000 79.430 0.833 1.379 1.618 1.871 2.051 2.231 2.344 2.409 2.462 2.511 2.544 2.567 2.598 2.644 2.655 2.580 2.510 2.415 2.322 2.128 1.963 1.987 0.000 
8.000 100.000 0.745 1.280 1.517 1.769 1.947 2.125 2.236 2.302 2.356 2.404 2.435 2.458 2.489 2.532 2.536 2.456 2.384 2.288 2.192 1.995 1.832 1.863 0.000 
8.000 125.890 0.649 1.172 1.408 1.662 1.836 2.011 2.121 2.188 2.243 2.289 2.319 2.340 2.371 2.408 2.405 2.317 2.240 2.140 2.039 1.838 1.681 1.721 0.000 
8.000 158.490 0.542 1.053 1.291 1.549 1.718 1.890 1.997 2.067 2.122 2.165 2.193 2.213 2.243 2.272 2.258 2.159 2.074 1.969 1.862 1.654 1.506 1.559 0.000 
8.000 199.530 0.425 0.924 1.165 1.429 1.591 1.761 1.864 1.936 1.990 2.031 2.057 2.075 2.102 2.122 2.094 1.979 1.884 1.770 1.653 1.436 1.304 1.374 0.000 
8.000 251.190 0.294 0.780 1.029 1.301 1.454 1.621 1.719 1.794 1.847 1.885 1.908 1.923 1.946 1.954 1.908 1.773 1.665 1.537 1.408 1.178 1.067 1.160 0.000 
8.000 316.230 0.149 0.622 0.879 1.163 1.306 1.468 1.560 1.640 1.690 1.725 1.744 1.755 1.773 1.765 1.696 1.534 1.408 1.263 1.118 0.872 0.789 0.910 0.000 
8.000 398.110 -0.016 0.444 0.715 1.014 1.143 1.299 1.384 1.469 1.516 1.546 1.562 1.567 1.577 1.550 1.452 1.257 1.106 0.939 0.773 0.505 0.459 0.618 0.000 
8.000 501.190 -0.203 0.243 0.531 0.851 0.962 1.112 1.186 1.279 1.321 1.345 1.356 1.355 1.355 1.302 1.167 0.929 0.749 0.552 0.359 0.063 0.067 0.272 0.000 
8.000 630.960 -0.419 0.014 0.324 0.670 0.759 0.901 0.962 1.065 1.099 1.117 1.122 1.112 1.099 1.015 0.833 0.541 0.322 0.087 -0.140 -0.472 -0.406 -0.141 0.000 
8.000 794.330 -0.670 -0.251 0.088 0.468 0.528 0.660 0.705 0.819 0.845 0.854 0.852 0.831 0.801 0.678 0.437 0.075 -0.192 -0.475 -0.747 -1.124 -0.977 -0.637 0.000 
8.000 1000.000 -0.966 -0.560 -0.184 0.238 0.262 0.382 0.406 0.536 0.551 0.549 0.538 0.502 0.451 0.278 -0.038 -0.486 -0.816 -1.159 -1.487 -1.921 -1.672 -1.237 0.000 
8.250 1.000 1.457 2.087 2.446 2.812 2.975 3.189 3.280 3.358 3.318 3.385 3.446 3.438 3.402 3.456 3.459 3.355 3.250 3.111 3.003 2.796 2.689 2.722 0.000 
8.250 1.260 1.454 2.083 2.441 2.804 2.969 3.182 3.273 3.351 3.313 3.380 3.440 3.433 3.397 3.452 3.455 3.351 3.247 3.108 3.000 2.793 2.686 2.719 0.000 
8.250 1.580 1.450 2.079 2.435 2.796 2.961 3.173 3.265 3.342 3.306 3.372 3.432 3.425 3.391 3.446 3.449 3.347 3.243 3.104 2.997 2.790 2.682 2.715 0.000 
8.250 2.000 1.446 2.073 2.427 2.785 2.950 3.162 3.255 3.331 3.297 3.363 3.422 3.416 3.383 3.438 3.443 3.341 3.238 3.100 2.992 2.786 2.677 2.709 0.000 
8.250 2.510 1.440 2.066 2.417 2.772 2.938 3.149 3.242 3.318 3.286 3.352 3.410 3.405 3.374 3.429 3.434 3.333 3.231 3.094 2.987 2.781 2.671 2.703 0.000 
8.250 3.160 1.433 2.058 2.406 2.755 2.923 3.132 3.227 3.302 3.273 3.338 3.396 3.392 3.363 3.418 3.423 3.324 3.223 3.087 2.981 2.775 2.664 2.695 0.000 
8.250 3.980 1.424 2.047 2.391 2.736 2.904 3.112 3.208 3.282 3.257 3.322 3.378 3.375 3.349 3.404 3.410 3.312 3.213 3.078 2.972 2.767 2.654 2.685 0.000 
8.250 5.010 1.413 2.034 2.373 2.712 2.882 3.089 3.185 3.258 3.238 3.301 3.356 3.355 3.332 3.387 3.394 3.298 3.200 3.067 2.962 2.758 2.643 2.672 0.000 
8.250 6.310 1.399 2.018 2.352 2.684 2.856 3.060 3.158 3.230 3.214 3.277 3.331 3.331 3.311 3.367 3.375 3.281 3.185 3.054 2.949 2.746 2.628 2.657 0.000 
8.250 7.940 1.383 1.999 2.326 2.651 2.824 3.027 3.126 3.197 3.186 3.248 3.300 3.302 3.286 3.342 3.351 3.260 3.165 3.037 2.934 2.731 2.610 2.638 0.000 
8.250 10.000 1.363 1.975 2.295 2.613 2.787 2.988 3.089 3.158 3.153 3.214 3.264 3.268 3.256 3.312 3.323 3.234 3.142 3.016 2.914 2.712 2.588 2.615 0.000 
8.250 12.590 1.339 1.947 2.259 2.568 2.745 2.943 3.045 3.113 3.115 3.174 3.222 3.228 3.221 3.277 3.289 3.203 3.114 2.991 2.890 2.689 2.562 2.587 0.000 
8.250 15.850 1.311 1.913 2.218 2.518 2.696 2.892 2.996 3.062 3.070 3.128 3.174 3.182 3.179 3.235 3.249 3.166 3.080 2.960 2.860 2.661 2.529 2.554 0.000 
8.250 19.950 1.277 1.874 2.169 2.461 2.641 2.834 2.939 3.004 3.019 3.075 3.119 3.129 3.132 3.187 3.202 3.121 3.038 2.923 2.825 2.626 2.490 2.513 0.000 
8.250 25.120 1.238 1.828 2.115 2.398 2.579 2.770 2.876 2.940 2.961 3.015 3.057 3.069 3.077 3.132 3.147 3.070 2.990 2.878 2.781 2.584 2.442 2.465 0.000 
8.250 31.620 1.193 1.775 2.053 2.329 2.510 2.699 2.807 2.869 2.896 2.949 2.989 3.003 3.014 3.069 3.085 3.009 2.932 2.824 2.728 2.532 2.386 2.408 0.000 
8.250 39.810 1.140 1.714 1.984 2.253 2.436 2.622 2.730 2.792 2.824 2.875 2.913 2.929 2.944 2.998 3.013 2.939 2.864 2.760 2.665 2.470 2.319 2.341 0.000 
8.250 50.120 1.081 1.646 1.909 2.172 2.354 2.538 2.647 2.708 2.744 2.795 2.830 2.847 2.867 2.918 2.932 2.858 2.785 2.684 2.590 2.395 2.240 2.264 0.000 
8.250 63.100 1.014 1.570 1.826 2.085 2.266 2.448 2.556 2.618 2.658 2.707 2.740 2.758 2.780 2.830 2.841 2.766 2.694 2.594 2.500 2.306 2.148 2.174 0.000 
8.250 79.430 0.940 1.484 1.736 1.992 2.172 2.351 2.459 2.521 2.564 2.611 2.643 2.661 2.685 2.731 2.739 2.661 2.588 2.490 2.395 2.199 2.040 2.071 0.000 
8.250 100.000 0.856 1.390 1.638 1.893 2.071 2.247 2.355 2.417 2.463 2.508 2.537 2.555 2.581 2.623 2.625 2.542 2.467 2.368 2.270 2.072 1.915 1.952 0.000 
8.250 125.890 0.764 1.286 1.533 1.788 1.963 2.137 2.242 2.305 2.353 2.396 2.424 2.441 2.467 2.503 2.497 2.407 2.327 2.225 2.124 1.922 1.769 1.815 0.000 
8.250 158.490 0.661 1.171 1.418 1.677 1.847 2.018 2.121 2.186 2.234 2.275 2.300 2.316 2.342 2.370 2.353 2.252 2.166 2.058 1.951 1.743 1.599 1.657 0.000 
8.250 199.530 0.546 1.045 1.295 1.559 1.722 1.890 1.989 2.057 2.105 2.143 2.166 2.180 2.203 2.222 2.192 2.075 1.979 1.863 1.747 1.530 1.401 1.476 0.000 
8.250 251.190 0.419 0.904 1.160 1.432 1.587 1.751 1.846 1.917 1.964 1.999 2.019 2.030 2.049 2.056 2.008 1.872 1.762 1.634 1.506 1.277 1.168 1.264 0.000 
8.250 316.230 0.275 0.748 1.012 1.296 1.439 1.599 1.688 1.763 1.808 1.840 1.857 1.864 1.878 1.868 1.797 1.635 1.508 1.364 1.220 0.974 0.892 1.018 0.000 
8.250 398.110 0.112 0.572 0.849 1.148 1.277 1.432 1.513 1.594 1.635 1.662 1.675 1.677 1.684 1.655 1.554 1.359 1.209 1.042 0.877 0.611 0.565 0.728 0.000 
8.250 501.190 -0.074 0.373 0.666 0.985 1.097 1.245 1.316 1.405 1.441 1.462 1.471 1.466 1.462 1.408 1.271 1.033 0.853 0.657 0.466 0.172 0.175 0.383 0.000 
8.250 630.960 -0.288 0.145 0.460 0.805 0.895 1.035 1.092 1.191 1.220 1.235 1.237 1.224 1.208 1.122 0.938 0.646 0.427 0.194 -0.032 -0.361 -0.296 -0.028 0.000 
8.250 794.330 -0.539 -0.119 0.225 0.603 0.664 0.794 0.836 0.946 0.967 0.973 0.968 0.943 0.911 0.786 0.542 0.181 -0.086 -0.366 -0.636 -1.011 -0.866 -0.522 0.000 
8.250 1000.000 -0.833 -0.427 -0.047 0.373 0.399 0.516 0.537 0.663 0.673 0.668 0.654 0.615 0.561 0.386 0.068 -0.380 -0.709 -1.050 -1.375 -1.806 -1.560 -1.122 0.000 
8.500 1.000 1.477 2.101 2.469 2.836 2.998 3.211 3.295 3.370 3.322 3.387 3.447 3.436 3.396 3.458 3.464 3.364 3.257 3.116 3.007 2.801 2.693 2.727 0.000 
8.500 1.260 1.475 2.099 2.465 2.830 2.993 3.205 3.290 3.364 3.317 3.382 3.442 3.432 3.393 3.454 3.461 3.361 3.254 3.113 3.005 2.799 2.690 2.724 0.000 
8.500 1.580 1.472 2.095 2.460 2.823 2.987 3.198 3.283 3.357 3.312 3.376 3.436 3.426 3.388 3.449 3.456 3.357 3.251 3.110 3.002 2.796 2.687 2.721 0.000 
8.500 2.000 1.469 2.091 2.453 2.815 2.979 3.189 3.275 3.349 3.305 3.369 3.428 3.419 3.382 3.443 3.451 3.352 3.246 3.106 2.998 2.793 2.683 2.717 0.000 
8.500 2.510 1.464 2.085 2.446 2.804 2.969 3.178 3.265 3.338 3.297 3.360 3.419 3.410 3.375 3.436 3.444 3.345 3.241 3.102 2.994 2.789 2.678 2.711 0.000 
8.500 3.160 1.459 2.078 2.436 2.791 2.957 3.165 3.253 3.325 3.286 3.349 3.407 3.399 3.366 3.427 3.435 3.338 3.234 3.096 2.988 2.784 2.672 2.705 0.000 
8.500 3.980 1.452 2.070 2.424 2.775 2.942 3.149 3.238 3.309 3.273 3.336 3.393 3.386 3.354 3.416 3.424 3.328 3.225 3.088 2.981 2.777 2.664 2.696 0.000 
8.500 5.010 1.443 2.059 2.410 2.755 2.924 3.130 3.219 3.290 3.258 3.320 3.375 3.370 3.340 3.402 3.411 3.316 3.215 3.079 2.973 2.769 2.654 2.686 0.000 
8.500 6.310 1.432 2.046 2.392 2.732 2.902 3.106 3.197 3.267 3.239 3.300 3.354 3.350 3.324 3.385 3.395 3.301 3.202 3.067 2.962 2.758 2.642 2.673 0.000 
8.500 7.940 1.419 2.030 2.371 2.704 2.876 3.078 3.171 3.239 3.216 3.276 3.329 3.326 3.303 3.364 3.375 3.283 3.185 3.053 2.948 2.745 2.627 2.658 0.000 
8.500 10.000 1.403 2.011 2.346 2.672 2.844 3.045 3.139 3.206 3.189 3.248 3.299 3.297 3.278 3.339 3.350 3.261 3.165 3.035 2.931 2.729 2.608 2.638 0.000 
8.500 12.590 1.384 1.987 2.315 2.633 2.808 3.007 3.102 3.168 3.156 3.214 3.263 3.264 3.249 3.309 3.321 3.234 3.141 3.014 2.911 2.709 2.585 2.615 0.000 
8.500 15.850 1.361 1.959 2.279 2.589 2.766 2.962 3.059 3.124 3.118 3.174 3.221 3.224 3.213 3.273 3.286 3.202 3.111 2.987 2.885 2.685 2.557 2.586 0.000 
8.500 19.950 1.333 1.925 2.238 2.539 2.717 2.911 3.009 3.073 3.073 3.128 3.173 3.178 3.172 3.231 3.245 3.163 3.075 2.954 2.853 2.654 2.523 2.551 0.000 
8.500 25.120 1.299 1.886 2.189 2.482 2.662 2.853 2.953 3.015 3.022 3.076 3.118 3.125 3.124 3.182 3.196 3.116 3.031 2.914 2.814 2.616 2.481 2.508 0.000 
8.500 31.620 1.260 1.839 2.134 2.419 2.599 2.788 2.890 2.951 2.964 3.016 3.056 3.065 3.068 3.125 3.139 3.061 2.979 2.865 2.767 2.570 2.430 2.458 0.000 
8.500 39.810 1.214 1.785 2.072 2.349 2.530 2.717 2.819 2.879 2.899 2.949 2.987 2.997 3.005 3.060 3.074 2.997 2.917 2.807 2.710 2.514 2.370 2.398 0.000 
8.500 50.120 1.161 1.724 2.002 2.273 2.454 2.638 2.742 2.801 2.826 2.874 2.910 2.921 2.934 2.986 2.999 2.922 2.844 2.737 2.641 2.445 2.298 2.327 0.000 
8.500 63.100 1.100 1.654 1.925 2.190 2.372 2.553 2.657 2.715 2.745 2.792 2.825 2.838 2.853 2.903 2.913 2.836 2.759 2.654 2.558 2.362 2.212 2.244 0.000 
8.500 79.430 1.031 1.574 1.840 2.101 2.281 2.460 2.564 2.623 2.657 2.701 2.732 2.746 2.764 2.810 2.816 2.736 2.659 2.556 2.459 2.262 2.111 2.147 0.000 
8.500 100.000 0.953 1.486 1.747 2.006 2.184 2.360 2.463 2.522 2.560 2.603 2.631 2.645 2.665 2.706 2.706 2.622 2.543 2.440 2.341 2.142 1.992 2.034 0.000 
8.500 125.890 0.865 1.387 1.645 1.904 2.079 2.253 2.354 2.414 2.454 2.495 2.521 2.534 2.555 2.590 2.582 2.491 2.408 2.303 2.201 1.998 1.852 1.903 0.000 
8.500 158.490 0.767 1.276 1.534 1.796 1.966 2.136 2.235 2.297 2.338 2.377 2.400 2.412 2.433 2.461 2.442 2.340 2.252 2.142 2.034 1.825 1.687 1.750 0.000 
8.500 199.530 0.656 1.153 1.413 1.679 1.843 2.011 2.106 2.170 2.212 2.248 2.269 2.279 2.297 2.315 2.284 2.166 2.069 1.951 1.835 1.619 1.493 1.573 0.000 
8.500 251.190 0.531 1.016 1.281 1.554 1.710 1.874 1.965 2.032 2.073 2.106 2.124 2.131 2.146 2.152 2.102 1.966 1.855 1.727 1.599 1.371 1.264 1.366 0.000 
8.500 316.230 0.390 0.862 1.135 1.419 1.564 1.723 1.808 1.880 1.919 1.948 1.963 1.966 1.977 1.967 1.894 1.732 1.604 1.459 1.316 1.072 0.992 1.122 0.000 
8.500 398.110 0.230 0.689 0.973 1.272 1.404 1.557 1.634 1.712 1.748 1.772 1.783 1.781 1.785 1.755 1.653 1.457 1.307 1.141 0.978 0.713 0.669 0.835 0.000 
8.500 501.190 0.046 0.492 0.792 1.111 1.224 1.371 1.439 1.524 1.555 1.574 1.579 1.571 1.565 1.510 1.371 1.133 0.953 0.759 0.569 0.277 0.280 0.493 0.000 
8.500 630.960 -0.168 0.265 0.587 0.931 1.023 1.161 1.216 1.310 1.335 1.347 1.347 1.330 1.311 1.225 1.039 0.747 0.529 0.298 0.074 -0.253 -0.188 0.084 0.000 
8.500 794.330 -0.417 0.003 0.352 0.730 0.793 0.922 0.960 1.066 1.083 1.086 1.078 1.050 1.015 0.889 0.644 0.284 0.017 -0.261 -0.528 -0.900 -0.756 -0.409 0.000 
8.500 1000.000 -0.710 -0.304 0.081 0.500 0.528 0.644 0.662 0.784 0.789 0.781 0.765 0.723 0.667 0.491 0.171 -0.276 -0.604 -0.943 -1.265 -1.694 -1.449 -1.007 0.000 
8.750 1.000 1.488 2.107 2.482 2.851 3.013 3.224 3.303 3.375 3.319 3.382 3.442 3.429 3.386 3.455 3.466 3.369 3.261 3.119 3.010 2.806 2.696 2.731 0.000 
8.750 1.260 1.487 2.104 2.479 2.847 3.009 3.220 3.298 3.370 3.315 3.378 3.438 3.425 3.383 3.452 3.463 3.367 3.259 3.117 3.008 2.804 2.694 2.729 0.000 
8.750 1.580 1.484 2.102 2.475 2.841 3.004 3.214 3.293 3.365 3.311 3.374 3.433 3.421 3.379 3.448 3.459 3.363 3.256 3.114 3.006 2.802 2.691 2.726 0.000 
8.750 2.000 1.482 2.098 2.470 2.834 2.998 3.207 3.287 3.358 3.306 3.368 3.427 3.415 3.375 3.444 3.455 3.359 3.252 3.111 3.003 2.799 2.688 2.723 0.000 
8.750 2.510 1.478 2.094 2.464 2.826 2.990 3.199 3.279 3.350 3.299 3.361 3.420 3.408 3.369 3.438 3.449 3.354 3.247 3.107 2.999 2.795 2.684 2.718 0.000 
8.750 3.160 1.474 2.088 2.456 2.815 2.980 3.188 3.269 3.339 3.291 3.353 3.411 3.399 3.362 3.430 3.442 3.347 3.242 3.102 2.994 2.791 2.679 2.713 0.000 
8.750 3.980 1.469 2.081 2.447 2.802 2.968 3.175 3.257 3.327 3.281 3.342 3.399 3.389 3.353 3.421 3.433 3.339 3.234 3.095 2.988 2.785 2.672 2.706 0.000 
8.750 5.010 1.462 2.073 2.435 2.787 2.953 3.159 3.242 3.311 3.268 3.329 3.385 3.376 3.342 3.409 3.422 3.329 3.225 3.087 2.981 2.778 2.664 2.697 0.000 
8.750 6.310 1.454 2.062 2.421 2.768 2.936 3.140 3.224 3.292 3.253 3.313 3.368 3.360 3.328 3.395 3.408 3.317 3.214 3.078 2.971 2.769 2.653 2.687 0.000 
8.750 7.940 1.443 2.049 2.403 2.744 2.914 3.117 3.203 3.269 3.235 3.293 3.347 3.340 3.311 3.378 3.391 3.301 3.200 3.065 2.960 2.758 2.640 2.673 0.000 
8.750 10.000 1.431 2.033 2.382 2.717 2.888 3.089 3.176 3.242 3.212 3.270 3.322 3.316 3.291 3.357 3.370 3.282 3.183 3.050 2.945 2.744 2.624 2.657 0.000 
8.750 12.590 1.415 2.014 2.357 2.684 2.857 3.057 3.145 3.210 3.185 3.242 3.292 3.288 3.266 3.332 3.345 3.259 3.162 3.031 2.927 2.726 2.604 2.637 0.000 
8.750 15.850 1.396 1.990 2.326 2.646 2.821 3.018 3.108 3.172 3.153 3.208 3.256 3.254 3.236 3.301 3.315 3.231 3.136 3.007 2.904 2.704 2.580 2.612 0.000 
8.750 19.950 1.373 1.962 2.291 2.602 2.778 2.973 3.066 3.127 3.115 3.169 3.215 3.215 3.201 3.264 3.279 3.196 3.104 2.978 2.876 2.677 2.550 2.582 0.000 
8.750 25.120 1.345 1.928 2.249 2.552 2.730 2.922 3.016 3.077 3.071 3.123 3.167 3.168 3.159 3.221 3.236 3.155 3.065 2.943 2.842 2.643 2.513 2.545 0.000 
8.750 31.620 1.311 1.888 2.200 2.495 2.674 2.864 2.960 3.019 3.019 3.070 3.111 3.115 3.110 3.171 3.185 3.105 3.018 2.899 2.799 2.602 2.468 2.500 0.000 
8.750 39.810 1.271 1.840 2.144 2.431 2.611 2.799 2.896 2.954 2.961 3.010 3.049 3.054 3.054 3.112 3.125 3.047 2.962 2.847 2.748 2.550 2.413 2.446 0.000 
8.750 50.120 1.225 1.785 2.081 2.361 2.542 2.726 2.824 2.881 2.895 2.942 2.978 2.985 2.989 3.045 3.056 2.978 2.895 2.783 2.684 2.488 2.347 2.382 0.000 
8.750 63.100 1.170 1.722 2.009 2.283 2.464 2.646 2.745 2.801 2.820 2.866 2.899 2.907 2.915 2.968 2.976 2.897 2.816 2.706 2.608 2.411 2.268 2.306 0.000 
8.750 79.430 1.107 1.649 1.930 2.199 2.379 2.558 2.657 2.714 2.738 2.781 2.812 2.820 2.832 2.880 2.884 2.803 2.722 2.614 2.515 2.317 2.174 2.215 0.000 
8.750 100.000 1.035 1.566 1.842 2.108 2.286 2.463 2.561 2.618 2.646 2.687 2.715 2.724 2.738 2.781 2.780 2.694 2.612 2.504 2.404 2.204 2.061 2.109 0.000 
8.750 125.890 0.952 1.473 1.745 2.010 2.185 2.359 2.456 2.514 2.545 2.584 2.609 2.618 2.633 2.670 2.661 2.568 2.482 2.373 2.270 2.067 1.927 1.984 0.000 
8.750 158.490 0.859 1.367 1.638 1.904 2.075 2.246 2.341 2.400 2.433 2.470 2.493 2.501 2.516 2.544 2.525 2.422 2.331 2.218 2.109 1.901 1.768 1.837 0.000 
8.750 199.530 0.752 1.249 1.521 1.790 1.955 2.122 2.215 2.276 2.310 2.344 2.364 2.370 2.384 2.403 2.369 2.252 2.152 2.033 1.916 1.700 1.580 1.665 0.000 
8.750 251.190 0.632 1.116 1.391 1.667 1.824 1.987 2.075 2.140 2.174 2.205 2.221 2.225 2.236 2.242 2.191 2.054 1.943 1.813 1.685 1.458 1.356 1.462 0.000 
8.750 316.230 0.494 0.965 1.248 1.534 1.681 1.839 1.921 1.990 2.023 2.050 2.063 2.063 2.069 2.059 1.986 1.823 1.695 1.550 1.408 1.165 1.088 1.223 0.000 
8.750 398.110 0.336 0.795 1.088 1.388 1.521 1.674 1.749 1.823 1.854 1.876 1.884 1.879 1.880 1.849 1.747 1.552 1.401 1.235 1.073 0.810 0.768 0.939 0.000 
8.750 501.190 0.154 0.600 0.908 1.228 1.344 1.490 1.555 1.636 1.662 1.679 1.682 1.671 1.662 1.606 1.467 1.229 1.049 0.856 0.668 0.379 0.383 0.600 0.000 
8.750 630.960 -0.057 0.375 0.705 1.049 1.143 1.281 1.333 1.424 1.444 1.453 1.451 1.431 1.410 1.323 1.136 0.845 0.627 0.398 0.176 -0.148 -0.083 0.193 0.000 
8.750 794.330 -0.305 0.114 0.471 0.848 0.914 1.042 1.078 1.180 1.193 1.193 1.183 1.152 1.115 0.988 0.743 0.383 0.117 -0.159 -0.423 -0.792 -0.649 -0.298 0.000 
8.750 1000.000 -0.597 -0.191 0.201 0.620 0.650 0.765 0.781 0.898 0.900 0.890 0.871 0.825 0.767 0.591 0.270 -0.176 -0.503 -0.839 -1.158 -1.583 -1.340 -0.895 0.000 
9.000 1.000 1.490 2.103 2.486 2.858 3.020 3.230 3.303 3.373 3.310 3.371 3.432 3.416 3.371 3.449 3.464 3.372 3.263 3.120 3.012 2.811 2.699 2.735 0.000 
9.000 1.260 1.489 2.101 2.484 2.855 3.017 3.227 3.300 3.370 3.307 3.368 3.429 3.413 3.369 3.446 3.461 3.370 3.261 3.118 3.010 2.809 2.697 2.733 0.000 
9.000 1.580 1.487 2.099 2.481 2.850 3.013 3.222 3.296 3.365 3.304 3.365 3.425 3.410 3.366 3.443 3.458 3.367 3.258 3.116 3.008 2.807 2.695 2.731 0.000 
9.000 2.000 1.485 2.096 2.477 2.845 3.008 3.217 3.291 3.360 3.300 3.360 3.420 3.405 3.362 3.439 3.455 3.364 3.255 3.113 3.006 2.805 2.692 2.728 0.000 
9.000 2.510 1.482 2.092 2.472 2.838 3.001 3.210 3.285 3.353 3.295 3.355 3.414 3.400 3.358 3.434 3.450 3.359 3.251 3.110 3.002 2.801 2.689 2.724 0.000 
9.000 3.160 1.479 2.088 2.466 2.830 2.994 3.202 3.277 3.345 3.288 3.348 3.407 3.393 3.352 3.428 3.444 3.354 3.246 3.105 2.998 2.797 2.684 2.719 0.000 
9.000 3.980 1.475 2.082 2.458 2.819 2.984 3.191 3.267 3.335 3.280 3.340 3.398 3.384 3.345 3.421 3.436 3.347 3.240 3.100 2.993 2.792 2.678 2.714 0.000 
9.000 5.010 1.470 2.076 2.449 2.807 2.972 3.178 3.255 3.323 3.270 3.329 3.386 3.374 3.336 3.411 3.427 3.338 3.232 3.093 2.987 2.786 2.671 2.706 0.000 
9.000 6.310 1.463 2.067 2.437 2.791 2.958 3.163 3.241 3.307 3.258 3.317 3.372 3.361 3.325 3.400 3.416 3.328 3.223 3.084 2.978 2.778 2.662 2.698 0.000 
9.000 7.940 1.455 2.056 2.423 2.772 2.940 3.144 3.223 3.289 3.243 3.301 3.355 3.345 3.311 3.385 3.401 3.314 3.211 3.074 2.968 2.768 2.651 2.686 0.000 
9.000 10.000 1.445 2.043 2.406 2.749 2.919 3.121 3.202 3.266 3.225 3.282 3.335 3.325 3.294 3.368 3.384 3.298 3.196 3.060 2.955 2.756 2.637 2.672 0.000 
9.000 12.590 1.433 2.027 2.385 2.722 2.893 3.093 3.176 3.239 3.202 3.258 3.310 3.302 3.274 3.346 3.362 3.278 3.177 3.044 2.939 2.740 2.620 2.655 0.000 
9.000 15.850 1.417 2.008 2.359 2.689 2.862 3.061 3.145 3.207 3.176 3.230 3.280 3.273 3.249 3.320 3.336 3.253 3.154 3.023 2.919 2.720 2.599 2.634 0.000 
9.000 19.950 1.398 1.984 2.329 2.651 2.826 3.022 3.108 3.169 3.144 3.197 3.245 3.240 3.219 3.289 3.305 3.223 3.126 2.997 2.894 2.696 2.572 2.607 0.000 
9.000 25.120 1.375 1.955 2.293 2.607 2.783 2.977 3.065 3.125 3.106 3.158 3.203 3.200 3.183 3.251 3.267 3.186 3.092 2.966 2.863 2.666 2.539 2.575 0.000 
9.000 31.620 1.347 1.920 2.250 2.557 2.734 2.926 3.015 3.074 3.061 3.112 3.154 3.153 3.141 3.206 3.221 3.142 3.050 2.927 2.825 2.628 2.499 2.536 0.000 
9.000 39.810 1.313 1.879 2.201 2.499 2.678 2.867 2.958 3.015 3.010 3.058 3.098 3.099 3.091 3.154 3.167 3.089 2.999 2.879 2.778 2.581 2.450 2.488 0.000 
9.000 50.120 1.272 1.830 2.144 2.435 2.615 2.801 2.893 2.949 2.951 2.997 3.034 3.036 3.033 3.093 3.104 3.025 2.938 2.820 2.720 2.523 2.390 2.430 0.000 
9.000 63.100 1.224 1.773 2.079 2.363 2.543 2.727 2.820 2.876 2.883 2.928 2.962 2.965 2.966 3.022 3.030 2.951 2.865 2.750 2.650 2.452 2.317 2.360 0.000 
9.000 79.430 1.167 1.707 2.006 2.284 2.464 2.644 2.739 2.794 2.807 2.849 2.880 2.885 2.889 2.940 2.944 2.862 2.777 2.664 2.563 2.365 2.229 2.276 0.000 
9.000 100.000 1.101 1.631 1.923 2.198 2.376 2.554 2.648 2.703 2.721 2.761 2.789 2.794 2.801 2.847 2.845 2.759 2.672 2.560 2.458 2.258 2.123 2.176 0.000 
9.000 125.890 1.025 1.544 1.832 2.104 2.280 2.454 2.547 2.603 2.625 2.663 2.688 2.693 2.702 2.741 2.731 2.638 2.549 2.436 2.331 2.127 1.996 2.058 0.000 
9.000 158.490 0.937 1.444 1.729 2.001 2.174 2.344 2.436 2.493 2.518 2.553 2.576 2.580 2.590 2.620 2.600 2.496 2.402 2.286 2.176 1.968 1.843 1.917 0.000 
9.000 199.530 0.835 1.331 1.616 1.891 2.057 2.224 2.314 2.372 2.399 2.432 2.451 2.453 2.463 2.482 2.449 2.331 2.229 2.107 1.990 1.774 1.661 1.751 0.000 
9.000 251.190 0.719 1.202 1.490 1.770 1.929 2.092 2.177 2.239 2.267 2.296 2.311 2.312 2.319 2.326 2.274 2.138 2.024 1.892 1.765 1.538 1.442 1.553 0.000 
9.000 316.230 0.585 1.056 1.349 1.639 1.788 1.946 2.026 2.092 2.119 2.144 2.155 2.152 2.155 2.146 2.071 1.910 1.780 1.634 1.493 1.251 1.179 1.319 0.000 
9.000 398.110 0.430 0.889 1.192 1.495 1.631 1.783 1.855 1.927 1.952 1.972 1.979 1.971 1.968 1.938 1.835 1.641 1.490 1.324 1.163 0.902 0.863 1.039 0.000 
9.000 501.190 0.251 0.697 1.015 1.336 1.454 1.600 1.663 1.741 1.763 1.777 1.779 1.765 1.752 1.698 1.557 1.321 1.141 0.948 0.762 0.475 0.482 0.703 0.000 
9.000 630.960 0.042 0.475 0.813 1.159 1.255 1.392 1.443 1.530 1.546 1.553 1.549 1.526 1.502 1.416 1.229 0.939 0.722 0.493 0.274 -0.047 0.019 0.299 0.000 
9.000 794.330 -0.203 0.216 0.581 0.959 1.027 1.154 1.189 1.288 1.296 1.294 1.283 1.249 1.209 1.083 0.836 0.479 0.214 -0.061 -0.322 -0.687 -0.544 -0.189 0.000 
9.000 1000.000 -0.494 -0.088 0.312 0.731 0.764 0.878 0.893 1.007 1.005 0.992 0.971 0.923 0.863 0.686 0.365 -0.079 -0.405 -0.738 -1.055 -1.476 -1.233 -0.784 0.000 
9.250 1.000 1.483 2.090 2.482 2.857 3.019 3.229 3.297 3.365 3.295 3.355 3.416 3.398 3.352 3.438 3.459 3.372 3.262 3.119 3.013 2.815 2.702 2.738 0.000 
9.250 1.260 1.482 2.088 2.480 2.854 3.016 3.226 3.294 3.362 3.293 3.353 3.414 3.396 3.350 3.436 3.456 3.371 3.261 3.118 3.012 2.814 2.700 2.737 0.000 
9.250 1.580 1.481 2.087 2.478 2.851 3.013 3.223 3.291 3.359 3.291 3.350 3.411 3.393 3.348 3.433 3.454 3.368 3.259 3.116 3.010 2.812 2.698 2.735 0.000 
9.250 2.000 1.479 2.084 2.475 2.846 3.009 3.218 3.287 3.355 3.288 3.347 3.407 3.390 3.345 3.430 3.451 3.365 3.256 3.114 3.008 2.810 2.696 2.732 0.000 
9.250 2.510 1.477 2.081 2.471 2.841 3.004 3.213 3.282 3.349 3.283 3.342 3.402 3.385 3.341 3.426 3.447 3.361 3.252 3.111 3.005 2.807 2.693 2.729 0.000 
9.250 3.160 1.475 2.078 2.466 2.834 2.998 3.206 3.276 3.343 3.278 3.337 3.396 3.380 3.337 3.421 3.442 3.357 3.248 3.107 3.001 2.803 2.689 2.725 0.000 
9.250 3.980 1.472 2.073 2.460 2.826 2.990 3.198 3.269 3.335 3.272 3.330 3.389 3.373 3.331 3.415 3.435 3.351 3.243 3.102 2.996 2.799 2.684 2.720 0.000 
9.250 5.010 1.467 2.068 2.452 2.816 2.981 3.188 3.259 3.325 3.264 3.322 3.380 3.365 3.324 3.407 3.428 3.344 3.236 3.096 2.991 2.793 2.678 2.714 0.000 
9.250 6.310 1.462 2.061 2.443 2.803 2.969 3.175 3.247 3.312 3.254 3.312 3.369 3.354 3.315 3.398 3.418 3.334 3.228 3.088 2.983 2.786 2.670 2.706 0.000 
9.250 7.940 1.456 2.052 2.431 2.787 2.955 3.159 3.233 3.297 3.242 3.299 3.355 3.341 3.303 3.386 3.406 3.323 3.217 3.079 2.974 2.777 2.660 2.697 0.000 
9.250 10.000 1.448 2.042 2.417 2.769 2.937 3.140 3.215 3.279 3.227 3.283 3.338 3.325 3.290 3.371 3.391 3.309 3.204 3.067 2.963 2.766 2.648 2.685 0.000 
9.250 12.590 1.438 2.028 2.400 2.746 2.916 3.118 3.194 3.257 3.209 3.264 3.317 3.306 3.273 3.353 3.373 3.291 3.188 3.052 2.948 2.752 2.633 2.670 0.000 
9.250 15.850 1.426 2.012 2.378 2.719 2.890 3.090 3.168 3.230 3.187 3.241 3.293 3.282 3.252 3.331 3.350 3.270 3.168 3.034 2.930 2.734 2.614 2.651 0.000 
9.250 19.950 1.410 1.992 2.353 2.686 2.859 3.057 3.137 3.198 3.160 3.213 3.263 3.254 3.227 3.304 3.323 3.243 3.143 3.011 2.908 2.712 2.590 2.628 0.000 
9.250 25.120 1.391 1.968 2.322 2.648 2.823 3.019 3.101 3.160 3.128 3.180 3.227 3.219 3.196 3.271 3.289 3.210 3.113 2.983 2.880 2.684 2.561 2.600 0.000 
9.250 31.620 1.368 1.938 2.285 2.604 2.780 2.974 3.057 3.115 3.090 3.140 3.185 3.179 3.160 3.232 3.249 3.171 3.075 2.948 2.846 2.650 2.525 2.565 0.000 
9.250 39.810 1.339 1.902 2.242 2.553 2.731 2.921 3.007 3.064 3.045 3.094 3.135 3.131 3.116 3.185 3.201 3.123 3.029 2.904 2.803 2.607 2.481 2.522 0.000 
9.250 50.120 1.304 1.860 2.192 2.494 2.674 2.862 2.949 3.004 2.993 3.039 3.078 3.075 3.065 3.130 3.143 3.065 2.973 2.851 2.749 2.553 2.426 2.470 0.000 
9.250 63.100 1.262 1.809 2.133 2.429 2.609 2.794 2.882 2.937 2.932 2.977 3.012 3.011 3.005 3.066 3.075 2.996 2.905 2.785 2.684 2.487 2.359 2.406 0.000 
9.250 79.430 1.211 1.750 2.067 2.356 2.535 2.717 2.807 2.861 2.863 2.905 2.938 2.937 2.934 2.990 2.995 2.913 2.823 2.705 2.603 2.405 2.277 2.329 0.000 
9.250 100.000 1.152 1.680 1.990 2.275 2.453 2.632 2.722 2.776 2.783 2.823 2.853 2.853 2.853 2.903 2.902 2.816 2.725 2.608 2.504 2.304 2.177 2.236 0.000 
9.250 125.890 1.081 1.599 1.904 2.185 2.362 2.537 2.627 2.681 2.694 2.731 2.757 2.757 2.760 2.803 2.794 2.700 2.607 2.490 2.383 2.180 2.057 2.124 0.000 
9.250 158.490 0.999 1.506 1.807 2.087 2.260 2.432 2.521 2.576 2.592 2.627 2.649 2.650 2.654 2.687 2.667 2.564 2.467 2.346 2.236 2.027 1.911 1.990 0.000 
9.250 199.530 0.903 1.398 1.699 1.980 2.148 2.316 2.402 2.460 2.479 2.510 2.529 2.528 2.532 2.554 2.521 2.404 2.299 2.173 2.056 1.840 1.734 1.830 0.000 
9.250 251.190 0.792 1.275 1.577 1.863 2.023 2.187 2.270 2.330 2.350 2.378 2.393 2.390 2.392 2.402 2.350 2.214 2.099 1.964 1.837 1.611 1.522 1.638 0.000 
9.250 316.230 0.663 1.133 1.440 1.735 1.885 2.044 2.121 2.185 2.206 2.229 2.241 2.234 2.233 2.225 2.151 1.991 1.860 1.712 1.571 1.331 1.265 1.409 0.000 
9.250 398.110 0.512 0.970 1.285 1.593 1.730 1.883 1.954 2.023 2.042 2.061 2.067 2.056 2.049 2.021 1.918 1.725 1.573 1.406 1.246 0.987 0.954 1.134 0.000 
9.250 501.190 0.337 0.782 1.110 1.436 1.556 1.702 1.763 1.839 1.856 1.868 1.869 1.852 1.836 1.783 1.643 1.408 1.228 1.035 0.851 0.566 0.577 0.802 0.000 
9.250 630.960 0.131 0.562 0.911 1.260 1.358 1.496 1.545 1.630 1.641 1.646 1.641 1.615 1.589 1.503 1.316 1.028 0.811 0.584 0.367 0.049 0.118 0.402 0.000 
9.250 794.330 -0.112 0.306 0.680 1.061 1.132 1.259 1.292 1.389 1.393 1.389 1.376 1.340 1.298 1.172 0.926 0.570 0.306 0.033 -0.226 -0.587 -0.442 -0.084 0.000 
9.250 1000.000 -0.401 0.004 0.413 0.834 0.870 0.984 0.997 1.109 1.103 1.088 1.066 1.015 0.953 0.777 0.456 0.014 -0.310 -0.642 -0.955 -1.372 -1.128 -0.675 0.000 
