GhofraniAtkinson2014Cascadia_CanadaSHM6-trial modified from OpenQuake implementation, distance is rrup. Log10 ground motion values in cgs units, PGV and Sa(T<0.1s) not valid
          10 31 26 : nmag, ndist, nperiod
          10.000 9.090 7.140 5.880 4.550 3.700 3.030 2.440 1.920 1.560 1.250 1.010 0.810 0.650 0.530 0.420 0.340 0.270 0.220 0.180 0.140 0.110 0.090 0.070 PGA PGV 
          0.538 0.538 0.575 0.611 0.642 0.662 0.685 0.702 0.713 0.682 0.652 0.632 0.648 0.682 0.729 0.785 0.833 0.852 0.852 0.861 0.892 0.909 0.906 0.874 0.795 0.550
7.000 1.000 0.238 0.311 0.530 0.681 0.850 1.035 1.246 1.493 1.712 1.804 1.869 1.908 2.012 2.130 2.254 2.385 2.450 2.459 2.467 2.508 2.536 2.519 2.416 2.267 2.038 0.942 
7.000 1.260 0.238 0.311 0.530 0.681 0.850 1.035 1.246 1.492 1.712 1.803 1.869 1.908 2.012 2.129 2.254 2.385 2.449 2.458 2.466 2.507 2.536 2.518 2.415 2.266 2.038 0.941 
7.000 1.580 0.239 0.311 0.530 0.680 0.850 1.035 1.246 1.492 1.711 1.803 1.868 1.907 2.011 2.129 2.253 2.384 2.448 2.457 2.465 2.507 2.535 2.517 2.414 2.266 2.037 0.941 
7.000 2.000 0.239 0.311 0.530 0.680 0.850 1.035 1.245 1.492 1.711 1.802 1.868 1.907 2.010 2.128 2.252 2.383 2.447 2.456 2.464 2.506 2.534 2.516 2.413 2.265 2.036 0.941 
7.000 2.510 0.239 0.311 0.529 0.680 0.850 1.035 1.245 1.491 1.710 1.802 1.867 1.906 2.009 2.127 2.251 2.382 2.446 2.455 2.463 2.504 2.532 2.515 2.412 2.263 2.035 0.940 
7.000 3.160 0.239 0.310 0.529 0.680 0.850 1.034 1.244 1.491 1.710 1.801 1.866 1.904 2.008 2.125 2.249 2.380 2.444 2.453 2.461 2.502 2.530 2.513 2.410 2.261 2.033 0.940 
7.000 3.980 0.239 0.310 0.529 0.680 0.849 1.034 1.244 1.490 1.708 1.799 1.864 1.903 2.006 2.123 2.247 2.378 2.442 2.451 2.459 2.500 2.528 2.510 2.408 2.259 2.031 0.939 
7.000 5.010 0.239 0.310 0.528 0.679 0.849 1.033 1.243 1.489 1.707 1.798 1.862 1.901 2.003 2.120 2.244 2.375 2.439 2.448 2.456 2.497 2.525 2.507 2.405 2.256 2.028 0.937 
7.000 6.310 0.239 0.309 0.527 0.678 0.848 1.032 1.241 1.487 1.705 1.795 1.860 1.898 2.000 2.117 2.240 2.371 2.435 2.444 2.452 2.493 2.521 2.503 2.401 2.252 2.024 0.936 
7.000 7.940 0.238 0.307 0.526 0.677 0.846 1.030 1.239 1.485 1.702 1.792 1.856 1.894 1.996 2.112 2.236 2.366 2.430 2.439 2.447 2.488 2.516 2.498 2.395 2.247 2.019 0.933 
7.000 10.000 0.236 0.305 0.524 0.675 0.844 1.027 1.236 1.481 1.698 1.788 1.851 1.888 1.990 2.106 2.229 2.359 2.423 2.432 2.440 2.481 2.509 2.491 2.388 2.240 2.013 0.929 
7.000 12.590 0.234 0.302 0.520 0.671 0.840 1.023 1.232 1.476 1.693 1.781 1.845 1.881 1.982 2.097 2.220 2.350 2.414 2.422 2.430 2.472 2.499 2.481 2.378 2.230 2.004 0.924 
7.000 15.850 0.229 0.296 0.515 0.666 0.835 1.017 1.225 1.469 1.685 1.772 1.835 1.870 1.970 2.086 2.208 2.337 2.401 2.410 2.417 2.459 2.486 2.468 2.365 2.217 1.991 0.917 
7.000 19.950 0.222 0.288 0.507 0.658 0.827 1.008 1.216 1.459 1.673 1.760 1.821 1.856 1.955 2.069 2.191 2.320 2.383 2.392 2.400 2.441 2.468 2.449 2.347 2.200 1.974 0.906 
7.000 25.120 0.211 0.276 0.495 0.646 0.814 0.995 1.201 1.443 1.656 1.742 1.802 1.835 1.933 2.047 2.168 2.296 2.359 2.368 2.375 2.416 2.443 2.424 2.322 2.175 1.951 0.890 
7.000 31.620 0.194 0.258 0.477 0.627 0.796 0.975 1.181 1.421 1.632 1.716 1.775 1.807 1.903 2.015 2.136 2.264 2.326 2.334 2.342 2.383 2.410 2.390 2.288 2.142 1.918 0.867 
7.000 39.810 0.170 0.232 0.451 0.601 0.769 0.947 1.152 1.390 1.599 1.681 1.738 1.768 1.862 1.973 2.092 2.219 2.281 2.289 2.297 2.338 2.364 2.344 2.242 2.096 1.874 0.835 
7.000 50.120 0.136 0.196 0.415 0.566 0.733 0.909 1.112 1.349 1.555 1.634 1.689 1.716 1.807 1.917 2.035 2.160 2.221 2.229 2.237 2.278 2.303 2.283 2.181 2.036 1.816 0.792 
7.000 63.100 0.090 0.149 0.368 0.519 0.686 0.859 1.060 1.294 1.497 1.572 1.625 1.649 1.737 1.844 1.960 2.085 2.145 2.152 2.159 2.201 2.226 2.205 2.103 1.959 1.741 0.737 
7.000 79.430 0.034 0.091 0.310 0.461 0.627 0.798 0.995 1.226 1.425 1.496 1.545 1.565 1.649 1.753 1.867 1.990 2.049 2.056 2.063 2.104 2.128 2.107 2.005 1.862 1.647 0.667 
7.000 100.000 -0.033 0.022 0.241 0.392 0.557 0.724 0.919 1.146 1.338 1.404 1.449 1.463 1.542 1.643 1.755 1.875 1.932 1.940 1.946 1.987 2.010 1.987 1.886 1.745 1.533 0.584 
7.000 125.890 -0.109 -0.055 0.163 0.314 0.478 0.640 0.831 1.053 1.238 1.297 1.337 1.345 1.417 1.514 1.622 1.739 1.795 1.802 1.807 1.848 1.870 1.846 1.745 1.606 1.399 0.488 
7.000 158.490 -0.192 -0.140 0.079 0.230 0.392 0.548 0.734 0.949 1.126 1.176 1.209 1.209 1.273 1.364 1.468 1.582 1.635 1.641 1.646 1.687 1.707 1.682 1.581 1.444 1.243 0.381 
7.000 199.530 -0.280 -0.230 -0.011 0.140 0.300 0.449 0.628 0.835 1.001 1.041 1.065 1.054 1.108 1.192 1.291 1.400 1.451 1.456 1.460 1.501 1.519 1.492 1.391 1.258 1.063 0.262 
7.000 251.190 -0.371 -0.323 -0.104 0.047 0.204 0.344 0.514 0.711 0.863 0.890 0.903 0.879 0.921 0.996 1.087 1.191 1.238 1.242 1.245 1.286 1.302 1.272 1.172 1.043 0.857 0.133 
7.000 316.230 -0.465 -0.418 -0.200 -0.049 0.105 0.233 0.393 0.577 0.711 0.721 0.721 0.681 0.706 0.770 0.853 0.950 0.992 0.995 0.997 1.038 1.050 1.017 0.917 0.794 0.619 -0.008 
7.000 398.110 -0.560 -0.516 -0.297 -0.146 0.004 0.117 0.264 0.432 0.544 0.532 0.514 0.454 0.459 0.509 0.582 0.669 0.706 0.707 0.707 0.748 0.757 0.719 0.620 0.503 0.342 -0.163 
7.000 501.190 -0.656 -0.614 -0.395 -0.244 -0.100 -0.005 0.126 0.273 0.357 0.318 0.279 0.193 0.172 0.205 0.264 0.340 0.369 0.368 0.367 0.408 0.411 0.368 0.271 0.162 0.018 -0.333 
7.000 630.960 -0.753 -0.713 -0.494 -0.343 -0.205 -0.133 -0.024 0.097 0.146 0.074 0.008 -0.111 -0.164 -0.154 -0.111 -0.050 -0.029 -0.033 -0.037 0.004 0.001 -0.049 -0.145 -0.243 -0.365 -0.523 
7.000 794.330 -0.851 -0.812 -0.593 -0.442 -0.312 -0.270 -0.187 -0.099 -0.093 -0.208 -0.309 -0.468 -0.563 -0.580 -0.559 -0.515 -0.506 -0.513 -0.520 -0.479 -0.491 -0.548 -0.643 -0.728 -0.822 -0.737 
7.000 1000.000 -0.948 -0.912 -0.693 -0.542 -0.422 -0.417 -0.366 -0.319 -0.370 -0.538 -0.682 -0.893 -1.039 -1.091 -1.096 -1.075 -1.081 -1.091 -1.103 -1.062 -1.084 -1.152 -1.244 -1.313 -1.372 -0.980 
7.250 1.000 0.355 0.427 0.633 0.776 0.938 1.119 1.326 1.568 1.783 1.872 1.934 1.972 2.075 2.191 2.312 2.439 2.499 2.505 2.511 2.549 2.576 2.560 2.458 2.311 2.086 1.012 
7.250 1.260 0.355 0.427 0.633 0.776 0.938 1.119 1.326 1.568 1.783 1.872 1.934 1.972 2.075 2.190 2.312 2.439 2.498 2.504 2.510 2.549 2.576 2.560 2.458 2.310 2.085 1.011 
7.250 1.580 0.355 0.427 0.633 0.776 0.938 1.119 1.325 1.567 1.783 1.871 1.933 1.971 2.074 2.190 2.311 2.438 2.498 2.503 2.510 2.548 2.575 2.559 2.457 2.310 2.085 1.011 
7.250 2.000 0.356 0.427 0.632 0.776 0.938 1.119 1.325 1.567 1.782 1.871 1.933 1.971 2.073 2.189 2.310 2.437 2.496 2.502 2.508 2.547 2.574 2.558 2.456 2.308 2.084 1.011 
7.250 2.510 0.356 0.427 0.632 0.776 0.937 1.119 1.325 1.567 1.782 1.870 1.932 1.970 2.072 2.187 2.309 2.435 2.495 2.501 2.507 2.545 2.572 2.556 2.454 2.307 2.082 1.010 
7.250 3.160 0.356 0.426 0.632 0.776 0.937 1.118 1.324 1.566 1.781 1.869 1.931 1.968 2.071 2.186 2.307 2.434 2.493 2.499 2.505 2.544 2.571 2.554 2.453 2.305 2.081 1.010 
7.250 3.980 0.356 0.426 0.632 0.776 0.937 1.118 1.324 1.565 1.780 1.868 1.929 1.967 2.069 2.184 2.305 2.432 2.491 2.497 2.503 2.541 2.568 2.552 2.450 2.303 2.079 1.009 
7.250 5.010 0.356 0.426 0.631 0.775 0.936 1.117 1.323 1.564 1.778 1.866 1.927 1.965 2.066 2.181 2.302 2.429 2.488 2.494 2.500 2.538 2.565 2.549 2.447 2.300 2.076 1.007 
7.250 6.310 0.355 0.425 0.630 0.774 0.935 1.116 1.321 1.562 1.776 1.864 1.925 1.962 2.063 2.178 2.299 2.425 2.484 2.490 2.496 2.535 2.561 2.545 2.443 2.296 2.072 1.006 
7.250 7.940 0.354 0.423 0.629 0.773 0.934 1.114 1.319 1.560 1.774 1.860 1.921 1.958 2.059 2.173 2.294 2.420 2.479 2.485 2.491 2.529 2.556 2.540 2.438 2.291 2.067 1.003 
7.250 10.000 0.353 0.421 0.627 0.771 0.931 1.111 1.316 1.557 1.770 1.856 1.916 1.952 2.053 2.167 2.287 2.413 2.472 2.478 2.484 2.522 2.549 2.532 2.431 2.284 2.060 0.999 
7.250 12.590 0.350 0.418 0.623 0.767 0.928 1.107 1.312 1.552 1.764 1.850 1.909 1.945 2.045 2.158 2.278 2.404 2.463 2.468 2.474 2.513 2.539 2.523 2.421 2.274 2.051 0.994 
7.250 15.850 0.346 0.412 0.618 0.762 0.922 1.101 1.305 1.545 1.756 1.841 1.900 1.934 2.034 2.147 2.266 2.391 2.450 2.456 2.461 2.500 2.526 2.509 2.408 2.261 2.039 0.987 
7.250 19.950 0.339 0.404 0.610 0.754 0.914 1.092 1.296 1.534 1.744 1.828 1.886 1.920 2.018 2.130 2.249 2.374 2.432 2.438 2.444 2.482 2.508 2.491 2.389 2.244 2.022 0.976 
7.250 25.120 0.328 0.392 0.598 0.741 0.902 1.079 1.281 1.519 1.727 1.810 1.867 1.899 1.996 2.108 2.226 2.350 2.408 2.414 2.419 2.458 2.483 2.466 2.365 2.219 1.998 0.960 
7.250 31.620 0.311 0.374 0.580 0.723 0.883 1.059 1.261 1.497 1.704 1.784 1.840 1.871 1.966 2.076 2.194 2.317 2.375 2.380 2.386 2.424 2.450 2.432 2.330 2.186 1.966 0.937 
7.250 39.810 0.286 0.348 0.554 0.697 0.857 1.031 1.231 1.466 1.671 1.749 1.803 1.832 1.925 2.034 2.151 2.273 2.330 2.335 2.341 2.379 2.404 2.386 2.285 2.140 1.922 0.905 
7.250 50.120 0.252 0.312 0.518 0.662 0.820 0.993 1.192 1.424 1.626 1.702 1.754 1.780 1.870 1.978 2.093 2.214 2.271 2.275 2.281 2.319 2.344 2.325 2.224 2.080 1.864 0.862 
7.250 63.100 0.207 0.265 0.471 0.615 0.773 0.943 1.140 1.370 1.568 1.641 1.690 1.713 1.800 1.905 2.018 2.138 2.194 2.198 2.203 2.242 2.266 2.246 2.145 2.003 1.788 0.806 
7.250 79.430 0.150 0.207 0.413 0.557 0.714 0.882 1.075 1.302 1.496 1.564 1.610 1.629 1.712 1.814 1.926 2.044 2.098 2.102 2.107 2.145 2.168 2.148 2.047 1.906 1.694 0.737 
7.250 100.000 0.083 0.138 0.344 0.488 0.644 0.808 0.999 1.221 1.409 1.472 1.514 1.527 1.606 1.704 1.813 1.929 1.982 1.986 1.990 2.028 2.050 2.029 1.928 1.789 1.581 0.654 
7.250 125.890 0.007 0.061 0.266 0.410 0.565 0.724 0.911 1.128 1.310 1.366 1.402 1.409 1.480 1.575 1.680 1.793 1.844 1.848 1.851 1.890 1.910 1.888 1.787 1.650 1.446 0.558 
7.250 158.490 -0.076 -0.024 0.182 0.326 0.479 0.632 0.813 1.024 1.197 1.245 1.274 1.273 1.336 1.425 1.526 1.635 1.684 1.687 1.690 1.728 1.747 1.724 1.623 1.488 1.290 0.450 
7.250 199.530 -0.164 -0.114 0.092 0.236 0.387 0.533 0.708 0.910 1.072 1.109 1.130 1.118 1.171 1.253 1.349 1.454 1.500 1.502 1.504 1.542 1.559 1.533 1.433 1.302 1.111 0.332 
7.250 251.190 -0.255 -0.207 -0.001 0.143 0.291 0.428 0.594 0.786 0.934 0.958 0.968 0.943 0.984 1.057 1.146 1.245 1.287 1.288 1.289 1.328 1.342 1.313 1.214 1.087 0.904 0.203 
7.250 316.230 -0.349 -0.302 -0.097 0.047 0.193 0.317 0.473 0.652 0.783 0.789 0.785 0.745 0.769 0.831 0.911 1.004 1.041 1.041 1.041 1.079 1.090 1.058 0.960 0.838 0.666 0.061 
7.250 398.110 -0.444 -0.400 -0.194 -0.050 0.091 0.201 0.344 0.507 0.615 0.600 0.579 0.518 0.522 0.570 0.640 0.723 0.755 0.753 0.751 0.789 0.797 0.761 0.663 0.547 0.390 -0.093 
7.250 501.190 -0.540 -0.498 -0.292 -0.148 -0.012 0.079 0.206 0.348 0.428 0.387 0.344 0.257 0.235 0.266 0.322 0.394 0.419 0.414 0.411 0.449 0.451 0.410 0.313 0.206 0.066 -0.263 
7.250 630.960 -0.637 -0.597 -0.391 -0.247 -0.117 -0.049 0.056 0.172 0.218 0.143 0.073 -0.047 -0.101 -0.093 -0.053 0.004 0.020 0.013 0.007 0.045 0.041 -0.007 -0.102 -0.199 -0.317 -0.453 
7.250 794.330 -0.735 -0.696 -0.490 -0.347 -0.225 -0.186 -0.107 -0.023 -0.022 -0.140 -0.244 -0.404 -0.500 -0.519 -0.500 -0.461 -0.457 -0.467 -0.476 -0.438 -0.451 -0.506 -0.600 -0.684 -0.774 -0.667 
7.250 1000.000 -0.832 -0.796 -0.590 -0.446 -0.335 -0.333 -0.286 -0.244 -0.299 -0.470 -0.617 -0.829 -0.975 -1.030 -1.038 -1.021 -1.031 -1.045 -1.059 -1.021 -1.044 -1.110 -1.202 -1.269 -1.324 -0.910 
7.500 1.000 0.472 0.543 0.736 0.872 1.025 1.203 1.406 1.643 1.854 1.940 1.999 2.036 2.138 2.252 2.371 2.493 2.548 2.551 2.555 2.591 2.616 2.602 2.501 2.355 2.134 1.081 
7.500 1.260 0.472 0.543 0.736 0.872 1.025 1.203 1.406 1.643 1.854 1.940 1.999 2.036 2.138 2.251 2.370 2.492 2.548 2.550 2.554 2.590 2.616 2.601 2.500 2.354 2.133 1.081 
7.500 1.580 0.472 0.543 0.736 0.872 1.025 1.203 1.405 1.643 1.854 1.939 1.998 2.035 2.137 2.250 2.369 2.492 2.547 2.549 2.554 2.589 2.615 2.600 2.499 2.354 2.132 1.081 
7.500 2.000 0.472 0.543 0.735 0.872 1.025 1.203 1.405 1.643 1.853 1.939 1.998 2.035 2.136 2.249 2.368 2.491 2.546 2.548 2.553 2.588 2.614 2.599 2.498 2.352 2.131 1.081 
7.500 2.510 0.472 0.543 0.735 0.872 1.025 1.203 1.405 1.642 1.853 1.938 1.997 2.034 2.135 2.248 2.367 2.489 2.544 2.547 2.551 2.587 2.612 2.598 2.497 2.351 2.130 1.080 
7.500 3.160 0.472 0.542 0.735 0.872 1.025 1.202 1.404 1.641 1.852 1.937 1.996 2.032 2.134 2.247 2.366 2.488 2.543 2.545 2.549 2.585 2.611 2.596 2.495 2.349 2.128 1.079 
7.500 3.980 0.472 0.542 0.735 0.871 1.024 1.202 1.404 1.641 1.851 1.936 1.994 2.031 2.132 2.245 2.363 2.485 2.540 2.543 2.547 2.583 2.608 2.594 2.493 2.347 2.126 1.078 
7.500 5.010 0.472 0.542 0.734 0.871 1.024 1.201 1.403 1.639 1.850 1.934 1.992 2.029 2.130 2.242 2.361 2.483 2.537 2.540 2.544 2.580 2.605 2.591 2.490 2.344 2.123 1.077 
7.500 6.310 0.472 0.541 0.733 0.870 1.023 1.200 1.401 1.638 1.848 1.932 1.990 2.026 2.126 2.239 2.357 2.479 2.534 2.536 2.540 2.576 2.601 2.587 2.486 2.340 2.120 1.075 
7.500 7.940 0.471 0.539 0.732 0.869 1.021 1.198 1.399 1.635 1.845 1.929 1.986 2.022 2.122 2.234 2.352 2.474 2.528 2.531 2.535 2.571 2.596 2.581 2.480 2.335 2.115 1.073 
7.500 10.000 0.469 0.537 0.730 0.866 1.019 1.195 1.396 1.632 1.841 1.924 1.981 2.016 2.116 2.228 2.346 2.467 2.522 2.524 2.528 2.564 2.589 2.574 2.473 2.328 2.108 1.069 
7.500 12.590 0.467 0.534 0.726 0.863 1.015 1.191 1.392 1.627 1.835 1.918 1.974 2.009 2.108 2.219 2.337 2.458 2.512 2.514 2.519 2.554 2.579 2.564 2.463 2.318 2.099 1.064 
7.500 15.850 0.462 0.528 0.721 0.858 1.010 1.185 1.385 1.620 1.827 1.909 1.965 1.998 2.097 2.207 2.324 2.445 2.499 2.502 2.506 2.541 2.566 2.551 2.450 2.305 2.087 1.056 
7.500 19.950 0.455 0.520 0.713 0.850 1.002 1.176 1.376 1.609 1.815 1.896 1.951 1.984 2.081 2.191 2.308 2.428 2.482 2.484 2.488 2.523 2.548 2.533 2.432 2.288 2.070 1.045 
7.500 25.120 0.444 0.508 0.701 0.837 0.989 1.163 1.361 1.594 1.799 1.878 1.932 1.963 2.059 2.168 2.284 2.404 2.457 2.460 2.463 2.499 2.524 2.508 2.407 2.263 2.046 1.030 
7.500 31.620 0.427 0.490 0.682 0.819 0.971 1.143 1.341 1.572 1.775 1.853 1.905 1.935 2.029 2.137 2.252 2.371 2.424 2.426 2.430 2.465 2.490 2.474 2.373 2.230 2.014 1.007 
7.500 39.810 0.402 0.464 0.656 0.793 0.944 1.115 1.311 1.541 1.742 1.817 1.868 1.896 1.988 2.095 2.209 2.327 2.379 2.381 2.385 2.420 2.444 2.428 2.327 2.184 1.970 0.975 
7.500 50.120 0.368 0.428 0.621 0.757 0.908 1.077 1.272 1.499 1.697 1.770 1.819 1.844 1.934 2.039 2.151 2.268 2.320 2.321 2.325 2.360 2.384 2.367 2.266 2.124 1.911 0.932 
7.500 63.100 0.323 0.381 0.574 0.711 0.860 1.028 1.220 1.445 1.639 1.709 1.755 1.777 1.863 1.966 2.077 2.192 2.243 2.244 2.247 2.283 2.306 2.288 2.188 2.047 1.836 0.876 
7.500 79.430 0.266 0.323 0.516 0.652 0.801 0.966 1.155 1.377 1.567 1.632 1.675 1.693 1.775 1.875 1.984 2.097 2.147 2.148 2.151 2.186 2.208 2.190 2.090 1.950 1.742 0.807 
7.500 100.000 0.199 0.254 0.447 0.584 0.732 0.892 1.079 1.296 1.481 1.541 1.579 1.591 1.669 1.765 1.871 1.983 2.031 2.032 2.034 2.069 2.090 2.071 1.971 1.833 1.628 0.724 
7.500 125.890 0.123 0.177 0.369 0.506 0.653 0.808 0.991 1.203 1.381 1.434 1.467 1.473 1.544 1.636 1.738 1.847 1.893 1.893 1.895 1.931 1.950 1.930 1.830 1.694 1.494 0.628 
7.500 158.490 0.040 0.092 0.285 0.421 0.566 0.716 0.893 1.099 1.268 1.313 1.339 1.337 1.399 1.486 1.584 1.689 1.734 1.733 1.734 1.770 1.788 1.765 1.666 1.532 1.338 0.520 
7.500 199.530 -0.048 0.002 0.195 0.332 0.475 0.617 0.788 0.986 1.143 1.177 1.195 1.182 1.234 1.314 1.407 1.508 1.549 1.548 1.548 1.583 1.599 1.575 1.476 1.346 1.158 0.402 
7.500 251.190 -0.139 -0.091 0.102 0.238 0.379 0.512 0.674 0.862 1.005 1.026 1.033 1.007 1.047 1.117 1.204 1.299 1.336 1.334 1.333 1.369 1.382 1.355 1.257 1.131 0.952 0.272 
7.500 316.230 -0.233 -0.186 0.006 0.143 0.280 0.401 0.553 0.728 0.854 0.858 0.850 0.809 0.832 0.892 0.970 1.057 1.091 1.087 1.085 1.120 1.130 1.100 1.002 0.882 0.714 0.131 
7.500 398.110 -0.328 -0.284 -0.091 0.046 0.179 0.285 0.424 0.582 0.686 0.669 0.644 0.582 0.585 0.631 0.698 0.777 0.804 0.799 0.795 0.831 0.837 0.802 0.705 0.591 0.437 -0.023 
7.500 501.190 -0.424 -0.382 -0.189 -0.053 0.075 0.164 0.286 0.423 0.499 0.455 0.409 0.321 0.298 0.326 0.380 0.448 0.468 0.460 0.455 0.490 0.491 0.452 0.356 0.250 0.113 -0.194 
7.500 630.960 -0.521 -0.481 -0.288 -0.151 -0.030 0.035 0.136 0.248 0.289 0.211 0.138 0.017 -0.038 -0.032 0.005 0.058 0.069 0.059 0.051 0.086 0.081 0.035 -0.060 -0.155 -0.270 -0.383 
7.500 794.330 -0.619 -0.580 -0.387 -0.251 -0.137 -0.102 -0.027 0.052 0.049 -0.071 -0.179 -0.340 -0.437 -0.458 -0.442 -0.407 -0.407 -0.421 -0.432 -0.397 -0.411 -0.465 -0.558 -0.640 -0.727 -0.597 
7.500 1000.000 -0.716 -0.680 -0.487 -0.350 -0.247 -0.249 -0.206 -0.169 -0.227 -0.401 -0.552 -0.765 -0.912 -0.969 -0.980 -0.967 -0.982 -1.000 -1.015 -0.980 -1.004 -1.068 -1.159 -1.225 -1.277 -0.840 
7.750 1.000 0.589 0.659 0.839 0.968 1.113 1.287 1.486 1.719 1.926 2.008 2.064 2.100 2.201 2.313 2.429 2.547 2.597 2.597 2.599 2.632 2.657 2.644 2.543 2.399 2.181 1.151 
7.750 1.260 0.589 0.659 0.839 0.968 1.113 1.287 1.485 1.718 1.925 2.008 2.064 2.100 2.201 2.312 2.428 2.546 2.597 2.596 2.598 2.631 2.656 2.643 2.543 2.398 2.181 1.151 
7.750 1.580 0.589 0.659 0.839 0.968 1.113 1.287 1.485 1.718 1.925 2.008 2.063 2.099 2.200 2.311 2.428 2.545 2.596 2.595 2.598 2.630 2.655 2.642 2.542 2.397 2.180 1.151 
7.750 2.000 0.589 0.659 0.838 0.968 1.112 1.287 1.485 1.718 1.925 2.007 2.063 2.099 2.199 2.310 2.427 2.544 2.595 2.594 2.597 2.629 2.654 2.641 2.541 2.396 2.179 1.150 
7.750 2.510 0.589 0.659 0.838 0.968 1.112 1.287 1.485 1.717 1.924 2.006 2.062 2.098 2.198 2.309 2.425 2.543 2.594 2.593 2.595 2.628 2.653 2.640 2.539 2.395 2.178 1.150 
7.750 3.160 0.589 0.659 0.838 0.968 1.112 1.286 1.484 1.717 1.923 2.005 2.061 2.096 2.197 2.308 2.424 2.541 2.592 2.591 2.593 2.626 2.651 2.638 2.538 2.393 2.176 1.149 
7.750 3.980 0.589 0.658 0.838 0.967 1.112 1.286 1.484 1.716 1.922 2.004 2.059 2.095 2.195 2.306 2.422 2.539 2.590 2.589 2.591 2.624 2.648 2.636 2.535 2.391 2.174 1.148 
7.750 5.010 0.589 0.658 0.837 0.967 1.111 1.285 1.483 1.715 1.921 2.002 2.057 2.093 2.193 2.303 2.419 2.536 2.587 2.586 2.588 2.621 2.645 2.632 2.532 2.388 2.171 1.147 
7.750 6.310 0.589 0.657 0.836 0.966 1.110 1.284 1.481 1.713 1.919 2.000 2.055 2.090 2.189 2.300 2.415 2.533 2.583 2.582 2.584 2.617 2.641 2.628 2.528 2.384 2.167 1.145 
7.750 7.940 0.588 0.655 0.835 0.964 1.109 1.282 1.479 1.711 1.916 1.997 2.051 2.086 2.185 2.295 2.410 2.528 2.578 2.577 2.579 2.612 2.636 2.623 2.523 2.379 2.163 1.143 
7.750 10.000 0.586 0.653 0.833 0.962 1.106 1.280 1.476 1.707 1.912 1.992 2.046 2.080 2.179 2.289 2.404 2.521 2.571 2.570 2.572 2.605 2.629 2.616 2.516 2.372 2.156 1.139 
7.750 12.590 0.583 0.650 0.829 0.959 1.103 1.276 1.472 1.703 1.906 1.986 2.039 2.073 2.171 2.280 2.395 2.512 2.561 2.560 2.563 2.595 2.619 2.606 2.506 2.362 2.147 1.134 
7.750 15.850 0.579 0.644 0.824 0.954 1.097 1.269 1.465 1.695 1.898 1.977 2.030 2.062 2.160 2.268 2.383 2.499 2.549 2.548 2.550 2.582 2.606 2.593 2.493 2.349 2.134 1.126 
7.750 19.950 0.572 0.636 0.816 0.945 1.089 1.260 1.456 1.685 1.887 1.964 2.016 2.048 2.144 2.252 2.366 2.482 2.531 2.530 2.532 2.565 2.588 2.575 2.474 2.332 2.117 1.115 
7.750 25.120 0.560 0.624 0.804 0.933 1.076 1.247 1.441 1.669 1.870 1.946 1.997 2.027 2.122 2.229 2.343 2.458 2.507 2.505 2.507 2.540 2.564 2.550 2.450 2.307 2.094 1.099 
7.750 31.620 0.543 0.606 0.785 0.915 1.058 1.227 1.421 1.647 1.846 1.921 1.970 1.999 2.092 2.198 2.311 2.425 2.474 2.472 2.474 2.507 2.530 2.516 2.415 2.274 2.061 1.077 
7.750 39.810 0.519 0.580 0.759 0.889 1.032 1.199 1.391 1.617 1.813 1.886 1.933 1.960 2.051 2.156 2.267 2.381 2.429 2.427 2.429 2.461 2.484 2.469 2.370 2.228 2.017 1.045 
7.750 50.120 0.484 0.544 0.724 0.853 0.995 1.161 1.352 1.575 1.769 1.838 1.884 1.908 1.997 2.099 2.209 2.322 2.369 2.367 2.369 2.402 2.424 2.409 2.309 2.168 1.959 1.002 
7.750 63.100 0.439 0.497 0.677 0.807 0.948 1.112 1.300 1.520 1.711 1.777 1.820 1.841 1.926 2.027 2.135 2.246 2.292 2.290 2.292 2.324 2.346 2.330 2.230 2.091 1.884 0.946 
7.750 79.430 0.382 0.439 0.619 0.748 0.889 1.050 1.235 1.453 1.638 1.701 1.740 1.757 1.838 1.936 2.042 2.151 2.196 2.194 2.195 2.228 2.248 2.232 2.132 1.994 1.790 0.877 
7.750 100.000 0.315 0.370 0.550 0.680 0.819 0.976 1.158 1.372 1.552 1.609 1.644 1.655 1.732 1.826 1.930 2.037 2.080 2.077 2.078 2.111 2.130 2.113 2.013 1.877 1.676 0.793 
7.750 125.890 0.239 0.293 0.472 0.602 0.740 0.892 1.071 1.279 1.452 1.502 1.532 1.537 1.607 1.697 1.797 1.901 1.943 1.939 1.939 1.972 1.991 1.971 1.872 1.738 1.542 0.698 
7.750 158.490 0.156 0.208 0.388 0.517 0.654 0.800 0.973 1.175 1.339 1.381 1.404 1.401 1.462 1.547 1.643 1.743 1.783 1.779 1.778 1.811 1.828 1.807 1.708 1.576 1.386 0.590 
7.750 199.530 0.069 0.118 0.298 0.428 0.562 0.701 0.868 1.061 1.214 1.245 1.260 1.246 1.297 1.375 1.465 1.562 1.598 1.594 1.592 1.625 1.639 1.617 1.518 1.390 1.206 0.472 
7.750 251.190 -0.023 0.025 0.205 0.334 0.466 0.596 0.754 0.937 1.077 1.094 1.098 1.071 1.110 1.178 1.262 1.353 1.386 1.380 1.377 1.410 1.422 1.397 1.299 1.175 1.000 0.342 
7.750 316.230 -0.117 -0.070 0.109 0.239 0.367 0.485 0.633 0.803 0.925 0.926 0.915 0.873 0.895 0.953 1.028 1.111 1.140 1.133 1.129 1.162 1.171 1.142 1.045 0.926 0.762 0.201 
7.750 398.110 -0.212 -0.168 0.012 0.142 0.266 0.369 0.504 0.658 0.758 0.737 0.709 0.646 0.648 0.692 0.756 0.831 0.853 0.845 0.839 0.872 0.877 0.844 0.748 0.635 0.485 0.047 
7.750 501.190 -0.308 -0.266 -0.086 0.043 0.163 0.248 0.366 0.499 0.571 0.523 0.474 0.385 0.361 0.387 0.439 0.502 0.517 0.506 0.499 0.532 0.531 0.493 0.398 0.294 0.161 -0.124 
7.750 630.960 -0.405 -0.365 -0.185 -0.056 0.057 0.119 0.216 0.323 0.360 0.279 0.203 0.081 0.025 0.029 0.063 0.112 0.119 0.105 0.095 0.128 0.121 0.077 -0.017 -0.111 -0.222 -0.313 
7.750 794.330 -0.503 -0.464 -0.284 -0.155 -0.050 -0.018 0.053 0.128 0.120 -0.003 -0.114 -0.276 -0.373 -0.397 -0.384 -0.353 -0.358 -0.375 -0.388 -0.355 -0.370 -0.423 -0.515 -0.596 -0.679 -0.527 
7.750 1000.000 -0.600 -0.564 -0.384 -0.254 -0.160 -0.165 -0.127 -0.093 -0.156 -0.333 -0.487 -0.701 -0.849 -0.908 -0.921 -0.914 -0.933 -0.954 -0.971 -0.938 -0.964 -1.026 -1.117 -1.181 -1.229 -0.771 
8.000 1.000 0.706 0.775 0.942 1.064 1.200 1.371 1.566 1.794 1.997 2.077 2.129 2.164 2.264 2.373 2.487 2.601 2.647 2.643 2.643 2.673 2.697 2.685 2.586 2.443 2.229 1.221 
8.000 1.260 0.706 0.775 0.942 1.064 1.200 1.371 1.565 1.794 1.997 2.076 2.129 2.164 2.264 2.373 2.487 2.600 2.646 2.642 2.643 2.672 2.696 2.685 2.585 2.442 2.229 1.221 
8.000 1.580 0.706 0.775 0.942 1.064 1.200 1.371 1.565 1.794 1.996 2.076 2.128 2.163 2.263 2.372 2.486 2.599 2.645 2.641 2.642 2.672 2.695 2.684 2.584 2.441 2.228 1.221 
8.000 2.000 0.706 0.775 0.941 1.064 1.200 1.371 1.565 1.793 1.996 2.075 2.128 2.163 2.262 2.371 2.485 2.598 2.644 2.640 2.641 2.671 2.694 2.683 2.583 2.440 2.227 1.220 
8.000 2.510 0.706 0.775 0.941 1.064 1.200 1.371 1.565 1.793 1.995 2.075 2.127 2.162 2.261 2.370 2.484 2.597 2.643 2.639 2.639 2.669 2.693 2.681 2.582 2.439 2.226 1.220 
8.000 3.160 0.706 0.775 0.941 1.064 1.199 1.370 1.564 1.792 1.995 2.074 2.126 2.160 2.260 2.369 2.482 2.595 2.641 2.637 2.638 2.667 2.691 2.680 2.580 2.437 2.224 1.219 
8.000 3.980 0.706 0.774 0.941 1.063 1.199 1.370 1.563 1.791 1.994 2.072 2.124 2.159 2.258 2.367 2.480 2.593 2.639 2.635 2.635 2.665 2.689 2.677 2.578 2.435 2.222 1.218 
8.000 5.010 0.706 0.774 0.940 1.063 1.198 1.369 1.563 1.790 1.992 2.071 2.122 2.157 2.256 2.364 2.477 2.590 2.636 2.632 2.632 2.662 2.686 2.674 2.575 2.432 2.219 1.217 
8.000 6.310 0.705 0.773 0.939 1.062 1.197 1.368 1.561 1.789 1.990 2.068 2.120 2.154 2.252 2.360 2.474 2.586 2.632 2.628 2.628 2.658 2.682 2.670 2.571 2.428 2.215 1.215 
8.000 7.940 0.704 0.771 0.938 1.060 1.196 1.366 1.559 1.786 1.987 2.065 2.116 2.150 2.248 2.356 2.469 2.581 2.627 2.623 2.623 2.653 2.676 2.665 2.565 2.423 2.210 1.213 
8.000 10.000 0.703 0.769 0.936 1.058 1.194 1.364 1.556 1.783 1.983 2.061 2.111 2.144 2.242 2.350 2.462 2.575 2.620 2.616 2.616 2.646 2.669 2.658 2.558 2.416 2.204 1.209 
8.000 12.590 0.700 0.766 0.932 1.055 1.190 1.360 1.552 1.778 1.978 2.054 2.104 2.137 2.234 2.341 2.453 2.565 2.611 2.606 2.607 2.637 2.660 2.648 2.548 2.406 2.194 1.204 
8.000 15.850 0.695 0.760 0.927 1.049 1.185 1.353 1.545 1.771 1.970 2.045 2.095 2.126 2.223 2.329 2.441 2.553 2.598 2.593 2.594 2.624 2.646 2.634 2.535 2.393 2.182 1.196 
8.000 19.950 0.688 0.752 0.919 1.041 1.176 1.344 1.535 1.760 1.958 2.033 2.081 2.112 2.207 2.313 2.424 2.535 2.580 2.576 2.576 2.606 2.628 2.616 2.517 2.375 2.165 1.185 
8.000 25.120 0.677 0.740 0.907 1.029 1.164 1.331 1.521 1.745 1.941 2.015 2.062 2.091 2.185 2.290 2.401 2.512 2.556 2.551 2.552 2.581 2.604 2.591 2.492 2.351 2.141 1.169 
8.000 31.620 0.660 0.722 0.888 1.011 1.145 1.311 1.500 1.723 1.918 1.989 2.035 2.063 2.155 2.259 2.369 2.479 2.523 2.518 2.518 2.548 2.570 2.557 2.458 2.318 2.109 1.147 
8.000 39.810 0.635 0.696 0.862 0.985 1.119 1.283 1.471 1.692 1.884 1.954 1.998 2.024 2.114 2.217 2.325 2.435 2.478 2.473 2.473 2.503 2.524 2.511 2.412 2.272 2.065 1.115 
8.000 50.120 0.601 0.660 0.827 0.949 1.083 1.245 1.432 1.650 1.840 1.907 1.949 1.972 2.060 2.160 2.268 2.376 2.418 2.413 2.413 2.443 2.464 2.450 2.351 2.212 2.007 1.072 
8.000 63.100 0.555 0.613 0.780 0.902 1.035 1.196 1.380 1.596 1.782 1.845 1.885 1.905 1.989 2.088 2.193 2.300 2.342 2.336 2.336 2.366 2.386 2.372 2.273 2.135 1.931 1.016 
8.000 79.430 0.499 0.555 0.722 0.844 0.976 1.134 1.315 1.528 1.710 1.769 1.805 1.821 1.901 1.997 2.100 2.205 2.246 2.240 2.239 2.269 2.289 2.273 2.175 2.038 1.838 0.946 
8.000 100.000 0.432 0.487 0.653 0.775 0.907 1.060 1.238 1.447 1.623 1.677 1.709 1.719 1.795 1.887 1.988 2.090 2.129 2.123 2.122 2.152 2.170 2.154 2.056 1.921 1.724 0.863 
8.000 125.890 0.356 0.409 0.575 0.698 0.828 0.977 1.151 1.354 1.523 1.570 1.597 1.601 1.670 1.757 1.855 1.955 1.992 1.985 1.983 2.013 2.031 2.013 1.915 1.782 1.589 0.768 
8.000 158.490 0.273 0.324 0.491 0.613 0.741 0.884 1.053 1.250 1.411 1.449 1.469 1.465 1.525 1.608 1.701 1.797 1.832 1.825 1.822 1.852 1.868 1.849 1.751 1.620 1.433 0.660 
8.000 199.530 0.185 0.234 0.401 0.523 0.650 0.785 0.948 1.136 1.286 1.314 1.324 1.310 1.361 1.436 1.524 1.615 1.648 1.640 1.636 1.666 1.680 1.658 1.561 1.434 1.254 0.542 
8.000 251.190 0.093 0.141 0.308 0.430 0.554 0.680 0.834 1.013 1.148 1.163 1.163 1.135 1.173 1.239 1.320 1.406 1.435 1.426 1.421 1.451 1.462 1.439 1.342 1.219 1.047 0.412 
8.000 316.230 -0.001 0.046 0.212 0.335 0.455 0.570 0.713 0.879 0.996 0.994 0.980 0.937 0.958 1.013 1.086 1.165 1.189 1.179 1.173 1.203 1.211 1.184 1.087 0.970 0.809 0.271 
8.000 398.110 -0.096 -0.052 0.115 0.237 0.354 0.453 0.584 0.733 0.829 0.805 0.774 0.710 0.711 0.753 0.815 0.884 0.903 0.891 0.883 0.913 0.917 0.886 0.790 0.679 0.533 0.117 
8.000 501.190 -0.192 -0.150 0.017 0.139 0.250 0.332 0.446 0.574 0.642 0.591 0.539 0.449 0.424 0.448 0.497 0.555 0.566 0.552 0.543 0.573 0.571 0.535 0.441 0.338 0.209 -0.054 
8.000 630.960 -0.289 -0.249 -0.082 0.040 0.145 0.203 0.296 0.399 0.432 0.347 0.268 0.145 0.088 0.090 0.122 0.166 0.168 0.151 0.139 0.169 0.161 0.118 0.025 -0.068 -0.174 -0.244 
8.000 794.330 -0.387 -0.348 -0.181 -0.059 0.037 0.066 0.133 0.203 0.192 0.065 -0.049 -0.212 -0.310 -0.336 -0.326 -0.299 -0.309 -0.329 -0.344 -0.314 -0.330 -0.381 -0.473 -0.552 -0.631 -0.457 
8.000 1000.000 -0.484 -0.447 -0.281 -0.159 -0.072 -0.081 -0.047 -0.018 -0.085 -0.265 -0.422 -0.637 -0.786 -0.847 -0.863 -0.860 -0.884 -0.908 -0.927 -0.897 -0.924 -0.985 -1.074 -1.137 -1.181 -0.701 
8.250 1.000 0.823 0.891 1.045 1.160 1.287 1.456 1.645 1.869 2.068 2.145 2.194 2.228 2.327 2.434 2.545 2.655 2.696 2.689 2.687 2.714 2.737 2.727 2.628 2.487 2.277 1.291 
8.250 1.260 0.823 0.891 1.045 1.160 1.287 1.455 1.645 1.869 2.068 2.145 2.194 2.228 2.327 2.434 2.545 2.654 2.695 2.688 2.687 2.714 2.736 2.726 2.628 2.486 2.276 1.291 
8.250 1.580 0.823 0.891 1.044 1.160 1.287 1.455 1.645 1.869 2.068 2.144 2.193 2.227 2.326 2.433 2.544 2.653 2.695 2.687 2.686 2.713 2.735 2.726 2.627 2.485 2.275 1.291 
8.250 2.000 0.823 0.891 1.044 1.160 1.287 1.455 1.645 1.869 2.067 2.144 2.193 2.227 2.325 2.432 2.543 2.652 2.693 2.686 2.685 2.712 2.734 2.725 2.626 2.484 2.274 1.290 
8.250 2.510 0.823 0.891 1.044 1.160 1.287 1.455 1.645 1.868 2.067 2.143 2.192 2.226 2.324 2.431 2.542 2.651 2.692 2.685 2.683 2.710 2.733 2.723 2.624 2.483 2.273 1.290 
8.250 3.160 0.823 0.891 1.044 1.159 1.287 1.454 1.644 1.868 2.066 2.142 2.191 2.224 2.323 2.429 2.540 2.649 2.690 2.683 2.682 2.709 2.731 2.721 2.623 2.481 2.272 1.289 
8.250 3.980 0.823 0.890 1.044 1.159 1.286 1.454 1.643 1.867 2.065 2.141 2.189 2.223 2.321 2.427 2.538 2.647 2.688 2.681 2.679 2.706 2.729 2.719 2.620 2.479 2.269 1.288 
8.250 5.010 0.822 0.890 1.043 1.158 1.286 1.453 1.642 1.866 2.063 2.139 2.187 2.221 2.319 2.425 2.536 2.644 2.685 2.678 2.676 2.703 2.726 2.716 2.617 2.476 2.267 1.287 
8.250 6.310 0.822 0.889 1.042 1.158 1.285 1.452 1.641 1.864 2.061 2.137 2.185 2.218 2.315 2.421 2.532 2.640 2.681 2.674 2.672 2.700 2.722 2.712 2.613 2.472 2.263 1.285 
8.250 7.940 0.821 0.887 1.041 1.156 1.283 1.450 1.639 1.862 2.059 2.133 2.181 2.214 2.311 2.417 2.527 2.635 2.676 2.669 2.667 2.694 2.716 2.706 2.608 2.467 2.258 1.282 
8.250 10.000 0.819 0.885 1.039 1.154 1.281 1.448 1.636 1.858 2.055 2.129 2.176 2.208 2.305 2.410 2.520 2.628 2.669 2.662 2.660 2.687 2.709 2.699 2.601 2.460 2.251 1.279 
8.250 12.590 0.817 0.882 1.035 1.151 1.278 1.444 1.632 1.853 2.049 2.123 2.169 2.201 2.297 2.402 2.512 2.619 2.660 2.652 2.651 2.678 2.700 2.689 2.591 2.450 2.242 1.274 
8.250 15.850 0.812 0.877 1.030 1.145 1.272 1.438 1.625 1.846 2.041 2.114 2.160 2.190 2.286 2.390 2.499 2.607 2.647 2.639 2.638 2.665 2.687 2.676 2.578 2.437 2.230 1.266 
8.250 19.950 0.805 0.868 1.022 1.137 1.264 1.428 1.615 1.835 2.029 2.101 2.146 2.176 2.270 2.374 2.482 2.589 2.629 2.622 2.620 2.647 2.669 2.658 2.559 2.419 2.213 1.255 
8.250 25.120 0.793 0.856 1.010 1.125 1.251 1.415 1.601 1.820 2.013 2.083 2.127 2.155 2.248 2.351 2.459 2.565 2.605 2.597 2.596 2.623 2.644 2.633 2.535 2.395 2.189 1.239 
8.250 31.620 0.776 0.838 0.991 1.107 1.233 1.395 1.580 1.798 1.989 2.057 2.100 2.127 2.218 2.320 2.427 2.533 2.572 2.564 2.562 2.589 2.610 2.599 2.500 2.361 2.157 1.216 
8.250 39.810 0.751 0.812 0.965 1.081 1.206 1.367 1.551 1.767 1.956 2.022 2.063 2.088 2.177 2.278 2.384 2.488 2.527 2.519 2.517 2.544 2.564 2.553 2.455 2.316 2.113 1.185 
8.250 50.120 0.717 0.776 0.930 1.045 1.170 1.329 1.511 1.726 1.911 1.975 2.014 2.036 2.123 2.221 2.326 2.430 2.468 2.459 2.457 2.484 2.504 2.492 2.394 2.256 2.054 1.142 
8.250 63.100 0.672 0.729 0.883 0.998 1.123 1.280 1.460 1.671 1.853 1.914 1.950 1.969 2.052 2.148 2.252 2.354 2.391 2.382 2.380 2.407 2.426 2.413 2.315 2.179 1.979 1.086 
8.250 79.430 0.615 0.671 0.825 0.940 1.064 1.218 1.395 1.603 1.781 1.837 1.870 1.885 1.964 2.058 2.159 2.259 2.295 2.286 2.283 2.310 2.329 2.315 2.217 2.082 1.885 1.016 
8.250 100.000 0.548 0.603 0.756 0.871 0.994 1.144 1.318 1.522 1.695 1.745 1.774 1.783 1.858 1.948 2.046 2.144 2.179 2.169 2.166 2.193 2.211 2.196 2.098 1.965 1.771 0.933 
8.250 125.890 0.472 0.525 0.678 0.794 0.915 1.061 1.231 1.429 1.595 1.639 1.662 1.665 1.733 1.818 1.913 2.009 2.041 2.031 2.028 2.055 2.071 2.055 1.957 1.826 1.637 0.837 
8.250 158.490 0.389 0.440 0.594 0.709 0.829 0.968 1.133 1.326 1.482 1.518 1.534 1.529 1.588 1.668 1.759 1.851 1.881 1.871 1.866 1.893 1.908 1.890 1.793 1.664 1.481 0.730 
8.250 199.530 0.301 0.351 0.504 0.619 0.737 0.869 1.027 1.212 1.357 1.382 1.389 1.374 1.424 1.497 1.582 1.669 1.697 1.686 1.680 1.707 1.720 1.700 1.603 1.478 1.301 0.612 
8.250 251.190 0.209 0.257 0.411 0.526 0.641 0.764 0.914 1.088 1.219 1.231 1.228 1.199 1.236 1.300 1.379 1.460 1.484 1.472 1.465 1.493 1.502 1.480 1.384 1.263 1.095 0.482 
8.250 316.230 0.116 0.162 0.315 0.430 0.542 0.654 0.793 0.954 1.068 1.062 1.045 1.001 1.021 1.074 1.145 1.219 1.238 1.225 1.217 1.244 1.251 1.225 1.130 1.014 0.857 0.341 
8.250 398.110 0.020 0.064 0.218 0.333 0.441 0.538 0.664 0.808 0.900 0.873 0.839 0.774 0.774 0.813 0.873 0.938 0.952 0.937 0.927 0.954 0.957 0.928 0.833 0.723 0.581 0.186 
8.250 501.190 -0.076 -0.034 0.120 0.235 0.338 0.416 0.526 0.649 0.713 0.660 0.604 0.513 0.487 0.509 0.555 0.609 0.616 0.598 0.587 0.614 0.611 0.577 0.483 0.382 0.257 0.016 
8.250 630.960 -0.173 -0.133 0.021 0.136 0.232 0.287 0.376 0.474 0.503 0.416 0.333 0.209 0.151 0.151 0.180 0.220 0.217 0.197 0.183 0.210 0.201 0.160 0.068 -0.024 -0.127 -0.174 
8.250 794.330 -0.270 -0.232 -0.078 0.037 0.125 0.150 0.213 0.278 0.263 0.133 0.016 -0.148 -0.247 -0.275 -0.267 -0.246 -0.260 -0.283 -0.300 -0.273 -0.290 -0.340 -0.430 -0.508 -0.584 -0.387 
8.250 1000.000 -0.368 -0.331 -0.178 -0.063 0.015 0.003 0.033 0.057 -0.013 -0.197 -0.357 -0.573 -0.723 -0.786 -0.805 -0.806 -0.834 -0.862 -0.883 -0.856 -0.883 -0.943 -1.032 -1.093 -1.134 -0.631 
8.500 1.000 0.939 1.007 1.148 1.256 1.375 1.540 1.725 1.945 2.140 2.213 2.259 2.292 2.391 2.495 2.604 2.708 2.745 2.735 2.731 2.756 2.777 2.769 2.671 2.531 2.325 1.361 
8.500 1.260 0.940 1.007 1.148 1.256 1.375 1.539 1.725 1.945 2.139 2.213 2.259 2.292 2.390 2.495 2.603 2.708 2.745 2.734 2.731 2.755 2.776 2.768 2.670 2.530 2.324 1.361 
8.500 1.580 0.940 1.007 1.147 1.256 1.375 1.539 1.725 1.944 2.139 2.212 2.258 2.291 2.389 2.494 2.602 2.707 2.744 2.733 2.730 2.754 2.775 2.767 2.669 2.529 2.323 1.360 
8.500 2.000 0.940 1.007 1.147 1.256 1.375 1.539 1.725 1.944 2.139 2.212 2.258 2.291 2.389 2.493 2.601 2.706 2.743 2.732 2.729 2.753 2.774 2.766 2.668 2.528 2.322 1.360 
8.500 2.510 0.940 1.007 1.147 1.255 1.375 1.539 1.724 1.944 2.138 2.211 2.257 2.290 2.387 2.492 2.600 2.705 2.741 2.731 2.727 2.752 2.773 2.765 2.667 2.527 2.321 1.360 
8.500 3.160 0.940 1.007 1.147 1.255 1.374 1.538 1.724 1.943 2.137 2.210 2.256 2.289 2.386 2.490 2.599 2.703 2.740 2.729 2.726 2.750 2.771 2.763 2.665 2.525 2.319 1.359 
8.500 3.980 0.939 1.006 1.147 1.255 1.374 1.538 1.723 1.942 2.136 2.209 2.254 2.287 2.384 2.488 2.597 2.701 2.737 2.727 2.723 2.748 2.769 2.761 2.663 2.523 2.317 1.358 
8.500 5.010 0.939 1.006 1.146 1.254 1.373 1.537 1.722 1.941 2.135 2.207 2.252 2.285 2.382 2.486 2.594 2.698 2.734 2.724 2.720 2.745 2.766 2.758 2.660 2.520 2.314 1.357 
8.500 6.310 0.939 1.005 1.145 1.253 1.372 1.536 1.721 1.939 2.133 2.205 2.250 2.282 2.378 2.482 2.590 2.694 2.731 2.720 2.717 2.741 2.762 2.754 2.656 2.516 2.311 1.355 
8.500 7.940 0.938 1.003 1.144 1.252 1.371 1.534 1.719 1.937 2.130 2.202 2.246 2.278 2.374 2.478 2.585 2.689 2.725 2.715 2.711 2.736 2.756 2.748 2.650 2.511 2.306 1.352 
8.500 10.000 0.936 1.001 1.142 1.250 1.369 1.532 1.716 1.934 2.126 2.197 2.241 2.272 2.368 2.471 2.579 2.682 2.719 2.708 2.704 2.729 2.749 2.741 2.643 2.504 2.299 1.349 
8.500 12.590 0.933 0.998 1.138 1.246 1.365 1.528 1.712 1.929 2.120 2.191 2.234 2.265 2.360 2.463 2.570 2.673 2.709 2.698 2.695 2.719 2.740 2.731 2.633 2.494 2.290 1.344 
8.500 15.850 0.929 0.993 1.133 1.241 1.360 1.522 1.705 1.921 2.112 2.182 2.225 2.254 2.349 2.451 2.558 2.661 2.696 2.685 2.682 2.706 2.727 2.718 2.620 2.481 2.277 1.336 
8.500 19.950 0.921 0.984 1.125 1.233 1.351 1.512 1.695 1.911 2.101 2.169 2.211 2.240 2.333 2.435 2.541 2.643 2.679 2.668 2.664 2.688 2.709 2.700 2.602 2.463 2.260 1.325 
8.500 25.120 0.910 0.972 1.113 1.221 1.339 1.499 1.681 1.896 2.084 2.151 2.192 2.219 2.311 2.412 2.517 2.619 2.654 2.643 2.640 2.664 2.684 2.675 2.577 2.439 2.237 1.309 
8.500 31.620 0.893 0.954 1.094 1.203 1.320 1.479 1.660 1.874 2.060 2.126 2.165 2.191 2.281 2.381 2.485 2.587 2.621 2.610 2.606 2.630 2.650 2.641 2.543 2.405 2.204 1.286 
8.500 39.810 0.868 0.928 1.068 1.177 1.294 1.451 1.631 1.843 2.027 2.090 2.128 2.152 2.240 2.338 2.442 2.542 2.576 2.565 2.561 2.585 2.605 2.595 2.497 2.360 2.160 1.255 
8.500 50.120 0.833 0.892 1.033 1.141 1.258 1.413 1.591 1.801 1.982 2.043 2.079 2.100 2.186 2.282 2.384 2.483 2.517 2.505 2.501 2.525 2.544 2.534 2.436 2.300 2.102 1.212 
8.500 63.100 0.788 0.845 0.986 1.094 1.210 1.364 1.540 1.746 1.925 1.982 2.015 2.033 2.115 2.209 2.310 2.408 2.440 2.428 2.424 2.448 2.466 2.455 2.358 2.223 2.027 1.156 
8.500 79.430 0.731 0.787 0.928 1.036 1.151 1.302 1.475 1.679 1.852 1.905 1.935 1.949 2.027 2.118 2.217 2.313 2.344 2.332 2.327 2.351 2.369 2.357 2.260 2.126 1.933 1.086 
8.500 100.000 0.664 0.719 0.859 0.967 1.081 1.228 1.398 1.598 1.766 1.814 1.839 1.847 1.921 2.009 2.104 2.198 2.228 2.215 2.210 2.234 2.251 2.238 2.141 2.009 1.819 1.003 
8.500 125.890 0.588 0.641 0.781 0.890 1.002 1.145 1.310 1.505 1.666 1.707 1.727 1.729 1.796 1.879 1.972 2.062 2.090 2.077 2.072 2.096 2.111 2.097 2.000 1.870 1.685 0.907 
8.500 158.490 0.505 0.556 0.697 0.805 0.916 1.052 1.213 1.401 1.553 1.586 1.599 1.593 1.651 1.729 1.817 1.905 1.931 1.917 1.910 1.935 1.948 1.932 1.836 1.708 1.529 0.800 
8.500 199.530 0.417 0.467 0.607 0.715 0.824 0.953 1.107 1.287 1.428 1.450 1.454 1.438 1.487 1.558 1.640 1.723 1.746 1.731 1.724 1.748 1.760 1.742 1.646 1.522 1.349 0.681 
8.500 251.190 0.325 0.373 0.514 0.622 0.729 0.848 0.994 1.163 1.291 1.299 1.292 1.263 1.299 1.361 1.437 1.514 1.533 1.518 1.510 1.534 1.543 1.522 1.427 1.307 1.143 0.552 
8.500 316.230 0.232 0.278 0.418 0.526 0.630 0.738 0.873 1.029 1.139 1.131 1.110 1.065 1.084 1.135 1.203 1.273 1.288 1.271 1.261 1.285 1.291 1.267 1.172 1.057 0.905 0.411 
8.500 398.110 0.136 0.180 0.321 0.429 0.528 0.622 0.744 0.884 0.971 0.942 0.904 0.838 0.837 0.874 0.931 0.992 1.001 0.983 0.971 0.996 0.997 0.969 0.875 0.767 0.628 0.256 
8.500 501.190 0.040 0.082 0.223 0.331 0.425 0.500 0.605 0.725 0.785 0.728 0.669 0.577 0.550 0.570 0.613 0.663 0.665 0.644 0.631 0.655 0.652 0.619 0.526 0.426 0.304 0.086 
8.500 630.960 -0.057 -0.017 0.124 0.232 0.320 0.371 0.456 0.549 0.574 0.484 0.397 0.273 0.214 0.212 0.238 0.274 0.266 0.243 0.227 0.251 0.241 0.202 0.110 0.020 -0.079 -0.104 
8.500 794.330 -0.154 -0.116 0.025 0.133 0.212 0.234 0.293 0.354 0.334 0.202 0.081 -0.084 -0.184 -0.215 -0.209 -0.192 -0.210 -0.237 -0.256 -0.232 -0.250 -0.298 -0.388 -0.464 -0.536 -0.317 
8.500 1000.000 -0.252 -0.215 -0.075 0.033 0.102 0.087 0.113 0.133 0.058 -0.128 -0.292 -0.509 -0.660 -0.725 -0.747 -0.752 -0.785 -0.816 -0.839 -0.815 -0.843 -0.901 -0.989 -1.049 -1.086 -0.561 
8.750 1.000 1.056 1.123 1.251 1.352 1.462 1.624 1.805 2.020 2.211 2.281 2.324 2.356 2.454 2.556 2.662 2.762 2.794 2.781 2.775 2.797 2.817 2.811 2.713 2.575 2.372 1.431 
8.750 1.260 1.056 1.123 1.250 1.352 1.462 1.623 1.805 2.020 2.211 2.281 2.324 2.356 2.453 2.555 2.661 2.762 2.794 2.780 2.775 2.796 2.816 2.810 2.713 2.574 2.372 1.431 
8.750 1.580 1.056 1.123 1.250 1.352 1.462 1.623 1.805 2.020 2.210 2.281 2.323 2.355 2.452 2.555 2.661 2.761 2.793 2.779 2.774 2.795 2.815 2.809 2.712 2.573 2.371 1.430 
8.750 2.000 1.056 1.123 1.250 1.351 1.462 1.623 1.805 2.019 2.210 2.280 2.323 2.355 2.452 2.554 2.660 2.760 2.792 2.778 2.773 2.794 2.814 2.808 2.711 2.572 2.370 1.430 
8.750 2.510 1.056 1.123 1.250 1.351 1.462 1.623 1.804 2.019 2.209 2.279 2.322 2.354 2.450 2.553 2.659 2.759 2.791 2.777 2.772 2.793 2.813 2.807 2.709 2.571 2.369 1.429 
8.750 3.160 1.056 1.123 1.250 1.351 1.462 1.623 1.804 2.018 2.208 2.278 2.321 2.353 2.449 2.551 2.657 2.757 2.789 2.775 2.770 2.791 2.811 2.805 2.708 2.569 2.367 1.429 
8.750 3.980 1.056 1.122 1.250 1.351 1.461 1.622 1.803 2.017 2.207 2.277 2.319 2.351 2.447 2.549 2.655 2.755 2.787 2.773 2.768 2.789 2.809 2.802 2.705 2.567 2.365 1.428 
8.750 5.010 1.056 1.122 1.249 1.350 1.461 1.621 1.802 2.016 2.206 2.275 2.317 2.349 2.445 2.547 2.652 2.752 2.784 2.770 2.765 2.786 2.806 2.799 2.702 2.564 2.362 1.427 
8.750 6.310 1.055 1.121 1.248 1.349 1.460 1.620 1.801 2.015 2.204 2.273 2.315 2.346 2.442 2.543 2.648 2.748 2.780 2.766 2.761 2.782 2.802 2.795 2.698 2.560 2.358 1.425 
8.750 7.940 1.054 1.119 1.247 1.348 1.458 1.618 1.799 2.012 2.201 2.270 2.311 2.342 2.437 2.538 2.644 2.743 2.775 2.761 2.755 2.777 2.797 2.790 2.693 2.555 2.353 1.422 
8.750 10.000 1.053 1.117 1.245 1.346 1.456 1.616 1.796 2.009 2.197 2.265 2.306 2.336 2.431 2.532 2.637 2.736 2.768 2.754 2.748 2.770 2.789 2.783 2.686 2.548 2.347 1.419 
8.750 12.590 1.050 1.114 1.241 1.342 1.452 1.612 1.791 2.004 2.192 2.259 2.299 2.329 2.423 2.524 2.628 2.727 2.758 2.744 2.739 2.760 2.780 2.773 2.676 2.538 2.338 1.413 
8.750 15.850 1.045 1.109 1.236 1.337 1.447 1.606 1.785 1.997 2.183 2.250 2.290 2.318 2.412 2.512 2.616 2.714 2.746 2.731 2.726 2.747 2.767 2.760 2.663 2.525 2.325 1.406 
8.750 19.950 1.038 1.100 1.228 1.329 1.439 1.596 1.775 1.986 2.172 2.237 2.276 2.304 2.396 2.495 2.599 2.697 2.728 2.714 2.708 2.730 2.749 2.741 2.644 2.507 2.308 1.395 
8.750 25.120 1.026 1.088 1.216 1.317 1.426 1.583 1.761 1.971 2.155 2.219 2.257 2.283 2.374 2.473 2.576 2.673 2.704 2.689 2.684 2.705 2.724 2.717 2.620 2.483 2.284 1.379 
8.750 31.620 1.009 1.070 1.197 1.299 1.408 1.563 1.740 1.949 2.131 2.194 2.230 2.255 2.344 2.442 2.544 2.640 2.671 2.656 2.650 2.672 2.690 2.682 2.585 2.449 2.252 1.356 
8.750 39.810 0.984 1.044 1.171 1.273 1.381 1.535 1.711 1.918 2.098 2.159 2.193 2.216 2.303 2.399 2.500 2.596 2.626 2.611 2.605 2.626 2.645 2.636 2.540 2.404 2.208 1.324 
8.750 50.120 0.950 1.008 1.136 1.237 1.345 1.497 1.671 1.876 2.054 2.111 2.144 2.164 2.249 2.343 2.443 2.537 2.566 2.551 2.545 2.567 2.584 2.575 2.479 2.344 2.150 1.282 
8.750 63.100 0.904 0.961 1.089 1.190 1.298 1.448 1.619 1.822 1.996 2.050 2.080 2.097 2.178 2.270 2.368 2.461 2.489 2.474 2.468 2.489 2.506 2.497 2.400 2.267 2.075 1.226 
8.750 79.430 0.847 0.903 1.031 1.132 1.239 1.386 1.555 1.754 1.924 1.974 2.000 2.013 2.090 2.179 2.275 2.367 2.393 2.378 2.371 2.393 2.409 2.399 2.302 2.170 1.981 1.156 
8.750 100.000 0.780 0.835 0.962 1.063 1.169 1.312 1.478 1.673 1.837 1.882 1.904 1.912 1.984 2.069 2.163 2.252 2.277 2.261 2.254 2.276 2.291 2.280 2.183 2.053 1.867 1.073 
8.750 125.890 0.704 0.757 0.884 0.985 1.090 1.229 1.390 1.580 1.737 1.775 1.792 1.793 1.859 1.940 2.030 2.116 2.140 2.123 2.116 2.137 2.151 2.138 2.042 1.914 1.732 0.977 
8.750 158.490 0.621 0.672 0.800 0.901 1.004 1.136 1.293 1.476 1.625 1.654 1.664 1.657 1.714 1.790 1.876 1.959 1.980 1.963 1.954 1.976 1.988 1.974 1.878 1.752 1.576 0.870 
8.750 199.530 0.533 0.583 0.710 0.811 0.912 1.037 1.187 1.362 1.500 1.518 1.519 1.502 1.550 1.618 1.699 1.777 1.795 1.777 1.768 1.790 1.800 1.784 1.688 1.566 1.397 0.751 
8.750 251.190 0.442 0.489 0.617 0.718 0.816 0.932 1.074 1.239 1.362 1.367 1.357 1.327 1.362 1.422 1.495 1.568 1.583 1.564 1.554 1.575 1.583 1.564 1.469 1.351 1.190 0.622 
8.750 316.230 0.348 0.394 0.521 0.622 0.717 0.822 0.953 1.105 1.210 1.199 1.175 1.129 1.147 1.196 1.261 1.327 1.337 1.317 1.305 1.327 1.331 1.309 1.215 1.101 0.952 0.481 
8.750 398.110 0.252 0.296 0.424 0.525 0.616 0.706 0.824 0.959 1.043 1.010 0.969 0.902 0.900 0.935 0.990 1.046 1.050 1.029 1.016 1.037 1.037 1.011 0.918 0.811 0.676 0.326 
8.750 501.190 0.156 0.198 0.326 0.427 0.512 0.584 0.685 0.800 0.856 0.796 0.734 0.641 0.613 0.631 0.672 0.717 0.714 0.690 0.675 0.697 0.692 0.660 0.568 0.470 0.352 0.156 
8.750 630.960 0.059 0.099 0.227 0.328 0.407 0.455 0.536 0.625 0.645 0.552 0.462 0.337 0.277 0.272 0.296 0.327 0.316 0.289 0.271 0.293 0.281 0.243 0.153 0.064 -0.031 -0.034 
8.750 794.330 -0.038 0.000 0.128 0.229 0.300 0.318 0.373 0.429 0.406 0.270 0.146 -0.020 -0.121 -0.154 -0.151 -0.138 -0.161 -0.191 -0.212 -0.190 -0.210 -0.256 -0.345 -0.420 -0.488 -0.248 
8.750 1000.000 -0.136 -0.099 0.028 0.129 0.190 0.171 0.193 0.208 0.129 -0.060 -0.227 -0.445 -0.597 -0.665 -0.688 -0.698 -0.736 -0.770 -0.795 -0.773 -0.803 -0.859 -0.947 -1.005 -1.038 -0.491 
9.000 1.000 1.173 1.239 1.354 1.448 1.550 1.708 1.885 2.096 2.282 2.350 2.389 2.421 2.517 2.617 2.720 2.816 2.844 2.827 2.819 2.838 2.857 2.852 2.756 2.619 2.420 1.501 
9.000 1.260 1.173 1.239 1.353 1.448 1.550 1.707 1.885 2.095 2.282 2.349 2.389 2.420 2.516 2.616 2.720 2.815 2.843 2.826 2.819 2.837 2.856 2.852 2.755 2.618 2.419 1.500 
9.000 1.580 1.173 1.239 1.353 1.447 1.550 1.707 1.885 2.095 2.282 2.349 2.388 2.419 2.515 2.616 2.719 2.815 2.842 2.825 2.818 2.837 2.856 2.851 2.754 2.617 2.419 1.500 
9.000 2.000 1.173 1.239 1.353 1.447 1.550 1.707 1.885 2.095 2.281 2.348 2.388 2.419 2.515 2.615 2.718 2.814 2.841 2.824 2.817 2.836 2.854 2.850 2.753 2.616 2.418 1.500 
9.000 2.510 1.173 1.239 1.353 1.447 1.549 1.707 1.884 2.094 2.280 2.348 2.387 2.418 2.514 2.614 2.717 2.812 2.840 2.823 2.816 2.834 2.853 2.848 2.752 2.615 2.416 1.499 
9.000 3.160 1.173 1.239 1.353 1.447 1.549 1.707 1.884 2.094 2.280 2.347 2.386 2.417 2.512 2.612 2.715 2.811 2.838 2.821 2.814 2.832 2.851 2.847 2.750 2.613 2.415 1.499 
9.000 3.980 1.173 1.238 1.353 1.447 1.549 1.706 1.883 2.093 2.279 2.345 2.384 2.415 2.510 2.610 2.713 2.808 2.836 2.819 2.812 2.830 2.849 2.844 2.748 2.611 2.413 1.498 
9.000 5.010 1.173 1.238 1.352 1.446 1.548 1.705 1.882 2.092 2.277 2.344 2.382 2.413 2.508 2.607 2.710 2.806 2.833 2.816 2.809 2.827 2.846 2.841 2.745 2.608 2.410 1.496 
9.000 6.310 1.172 1.237 1.351 1.445 1.547 1.704 1.881 2.090 2.275 2.341 2.380 2.410 2.505 2.604 2.707 2.802 2.829 2.812 2.805 2.823 2.842 2.837 2.741 2.604 2.406 1.495 
9.000 7.940 1.171 1.235 1.350 1.444 1.546 1.702 1.879 2.088 2.272 2.338 2.376 2.406 2.500 2.599 2.702 2.797 2.824 2.807 2.799 2.818 2.837 2.832 2.735 2.599 2.401 1.492 
9.000 10.000 1.169 1.233 1.348 1.442 1.543 1.700 1.876 2.084 2.268 2.334 2.371 2.400 2.494 2.593 2.695 2.790 2.817 2.800 2.792 2.811 2.830 2.824 2.728 2.592 2.394 1.488 
9.000 12.590 1.166 1.230 1.344 1.438 1.540 1.696 1.871 2.079 2.263 2.327 2.364 2.393 2.486 2.584 2.686 2.781 2.808 2.790 2.783 2.802 2.820 2.815 2.718 2.582 2.385 1.483 
9.000 15.850 1.162 1.225 1.339 1.433 1.534 1.690 1.865 2.072 2.255 2.318 2.355 2.382 2.475 2.573 2.674 2.768 2.795 2.777 2.770 2.789 2.807 2.801 2.705 2.569 2.373 1.476 
9.000 19.950 1.154 1.216 1.331 1.425 1.526 1.681 1.855 2.062 2.243 2.306 2.341 2.368 2.459 2.556 2.657 2.751 2.777 2.760 2.752 2.771 2.789 2.783 2.687 2.551 2.356 1.465 
9.000 25.120 1.143 1.204 1.318 1.413 1.514 1.667 1.841 2.046 2.226 2.288 2.322 2.347 2.437 2.534 2.634 2.727 2.753 2.735 2.728 2.746 2.764 2.758 2.662 2.527 2.332 1.449 
9.000 31.620 1.126 1.186 1.300 1.394 1.495 1.647 1.820 2.024 2.203 2.262 2.295 2.319 2.407 2.502 2.602 2.694 2.720 2.702 2.694 2.713 2.730 2.724 2.628 2.493 2.300 1.426 
9.000 39.810 1.101 1.160 1.274 1.368 1.469 1.620 1.791 1.993 2.170 2.227 2.258 2.280 2.366 2.460 2.558 2.650 2.675 2.657 2.649 2.668 2.685 2.678 2.582 2.448 2.256 1.394 
9.000 50.120 1.066 1.124 1.239 1.333 1.432 1.581 1.751 1.952 2.125 2.180 2.209 2.228 2.312 2.404 2.501 2.591 2.615 2.597 2.589 2.608 2.624 2.617 2.521 2.388 2.197 1.351 
9.000 63.100 1.020 1.078 1.192 1.286 1.385 1.532 1.699 1.897 2.067 2.118 2.145 2.161 2.241 2.331 2.426 2.515 2.539 2.520 2.512 2.531 2.546 2.539 2.443 2.311 2.122 1.296 
9.000 79.430 0.964 1.019 1.134 1.228 1.326 1.470 1.635 1.829 1.995 2.042 2.065 2.077 2.153 2.240 2.333 2.421 2.443 2.424 2.415 2.434 2.449 2.440 2.345 2.214 2.028 1.226 
9.000 100.000 0.896 0.951 1.065 1.159 1.256 1.396 1.558 1.749 1.908 1.950 1.969 1.976 2.047 2.130 2.221 2.306 2.326 2.307 2.298 2.317 2.331 2.321 2.226 2.097 1.915 1.143 
9.000 125.890 0.820 0.873 0.987 1.081 1.177 1.313 1.470 1.656 1.808 1.843 1.857 1.857 1.922 2.001 2.088 2.170 2.189 2.169 2.160 2.178 2.191 2.180 2.085 1.958 1.780 1.047 
9.000 158.490 0.737 0.788 0.903 0.997 1.091 1.220 1.373 1.552 1.696 1.722 1.729 1.721 1.778 1.851 1.934 2.012 2.029 2.009 1.999 2.017 2.028 2.016 1.921 1.796 1.624 0.940 
9.000 199.530 0.649 0.699 0.813 0.907 0.999 1.121 1.267 1.438 1.571 1.587 1.584 1.566 1.613 1.679 1.757 1.831 1.845 1.823 1.812 1.831 1.840 1.825 1.731 1.610 1.445 0.821 
9.000 251.190 0.558 0.605 0.720 0.814 0.903 1.016 1.154 1.314 1.433 1.436 1.422 1.391 1.425 1.483 1.554 1.622 1.632 1.610 1.598 1.616 1.623 1.606 1.512 1.395 1.238 0.692 
9.000 316.230 0.464 0.510 0.624 0.718 0.805 0.906 1.033 1.180 1.282 1.267 1.240 1.193 1.210 1.257 1.319 1.380 1.386 1.363 1.349 1.368 1.371 1.351 1.257 1.145 1.000 0.551 
9.000 398.110 0.368 0.413 0.527 0.621 0.703 0.790 0.904 1.035 1.114 1.078 1.034 0.966 0.963 0.996 1.048 1.100 1.100 1.075 1.060 1.078 1.077 1.053 0.960 0.855 0.724 0.396 
9.000 501.190 0.272 0.314 0.429 0.523 0.600 0.668 0.765 0.876 0.927 0.864 0.799 0.705 0.676 0.692 0.730 0.771 0.763 0.736 0.719 0.738 0.732 0.702 0.611 0.514 0.400 0.226 
9.000 630.960 0.175 0.215 0.330 0.424 0.495 0.539 0.616 0.700 0.717 0.620 0.527 0.401 0.340 0.333 0.355 0.381 0.365 0.335 0.315 0.334 0.321 0.285 0.195 0.108 0.017 0.036 
9.000 794.330 0.078 0.116 0.230 0.325 0.387 0.402 0.453 0.504 0.477 0.338 0.211 0.044 -0.058 -0.093 -0.092 -0.084 -0.112 -0.145 -0.168 -0.149 -0.170 -0.214 -0.303 -0.376 -0.440 -0.178 
9.000 1000.000 -0.020 0.017 0.131 0.225 0.277 0.255 0.273 0.284 0.200 0.008 -0.162 -0.380 -0.534 -0.604 -0.630 -0.644 -0.687 -0.724 -0.751 -0.732 -0.763 -0.818 -0.904 -0.961 -0.990 -0.421 
9.250 1.000 1.290 1.355 1.456 1.543 1.637 1.792 1.965 2.171 2.353 2.418 2.454 2.485 2.580 2.678 2.779 2.870 2.893 2.873 2.864 2.879 2.897 2.894 2.798 2.663 2.468 1.571 
9.250 1.260 1.290 1.355 1.456 1.543 1.637 1.792 1.965 2.171 2.353 2.418 2.454 2.484 2.579 2.677 2.778 2.869 2.892 2.872 2.863 2.879 2.896 2.893 2.798 2.662 2.467 1.570 
9.250 1.580 1.290 1.355 1.456 1.543 1.637 1.791 1.965 2.170 2.353 2.417 2.453 2.484 2.579 2.677 2.777 2.869 2.892 2.871 2.862 2.878 2.896 2.893 2.797 2.661 2.466 1.570 
9.250 2.000 1.290 1.355 1.456 1.543 1.637 1.791 1.965 2.170 2.352 2.417 2.452 2.483 2.578 2.676 2.776 2.868 2.890 2.870 2.861 2.877 2.895 2.891 2.796 2.660 2.465 1.570 
9.250 2.510 1.290 1.355 1.456 1.543 1.637 1.791 1.964 2.170 2.352 2.416 2.452 2.482 2.577 2.674 2.775 2.866 2.889 2.869 2.860 2.875 2.893 2.890 2.794 2.659 2.464 1.569 
9.250 3.160 1.290 1.355 1.456 1.543 1.637 1.791 1.964 2.169 2.351 2.415 2.451 2.481 2.575 2.673 2.773 2.865 2.887 2.867 2.858 2.874 2.891 2.888 2.793 2.657 2.462 1.569 
9.250 3.980 1.290 1.354 1.456 1.543 1.636 1.790 1.963 2.168 2.350 2.414 2.449 2.479 2.573 2.671 2.771 2.862 2.885 2.865 2.856 2.871 2.889 2.886 2.790 2.655 2.460 1.568 
9.250 5.010 1.289 1.354 1.455 1.542 1.636 1.789 1.962 2.167 2.348 2.412 2.447 2.477 2.571 2.668 2.769 2.859 2.882 2.862 2.853 2.868 2.886 2.883 2.787 2.652 2.457 1.566 
9.250 6.310 1.289 1.353 1.454 1.541 1.635 1.788 1.961 2.165 2.346 2.410 2.445 2.474 2.568 2.665 2.765 2.856 2.878 2.858 2.849 2.865 2.882 2.879 2.783 2.648 2.454 1.565 
9.250 7.940 1.288 1.351 1.453 1.540 1.633 1.786 1.959 2.163 2.344 2.406 2.441 2.470 2.563 2.660 2.760 2.851 2.873 2.853 2.844 2.859 2.877 2.873 2.778 2.643 2.449 1.562 
9.250 10.000 1.286 1.349 1.451 1.538 1.631 1.784 1.956 2.160 2.340 2.402 2.436 2.464 2.557 2.654 2.754 2.844 2.866 2.846 2.837 2.852 2.870 2.866 2.771 2.636 2.442 1.558 
9.250 12.590 1.283 1.346 1.447 1.534 1.627 1.780 1.951 2.155 2.334 2.396 2.429 2.457 2.549 2.645 2.745 2.835 2.857 2.836 2.827 2.843 2.860 2.856 2.761 2.626 2.433 1.553 
9.250 15.850 1.278 1.341 1.442 1.529 1.622 1.774 1.945 2.148 2.326 2.387 2.420 2.446 2.538 2.634 2.732 2.822 2.844 2.823 2.814 2.830 2.847 2.843 2.748 2.613 2.421 1.546 
9.250 19.950 1.271 1.332 1.434 1.521 1.614 1.765 1.935 2.137 2.314 2.374 2.406 2.432 2.522 2.617 2.716 2.805 2.826 2.806 2.796 2.812 2.829 2.825 2.729 2.595 2.403 1.535 
9.250 25.120 1.259 1.320 1.421 1.508 1.601 1.751 1.921 2.122 2.298 2.356 2.387 2.411 2.501 2.595 2.692 2.781 2.802 2.781 2.772 2.788 2.804 2.800 2.705 2.571 2.380 1.519 
9.250 31.620 1.242 1.302 1.403 1.490 1.582 1.731 1.900 2.100 2.274 2.330 2.360 2.383 2.470 2.563 2.660 2.748 2.769 2.748 2.738 2.754 2.770 2.766 2.670 2.537 2.347 1.496 
9.250 39.810 1.217 1.276 1.377 1.464 1.556 1.704 1.871 2.069 2.241 2.295 2.323 2.344 2.429 2.521 2.617 2.704 2.724 2.703 2.693 2.709 2.725 2.720 2.625 2.492 2.303 1.464 
9.250 50.120 1.182 1.240 1.342 1.429 1.520 1.665 1.831 2.027 2.196 2.248 2.274 2.292 2.375 2.465 2.559 2.645 2.665 2.643 2.633 2.649 2.664 2.659 2.564 2.432 2.245 1.421 
9.250 63.100 1.137 1.194 1.295 1.382 1.472 1.616 1.779 1.973 2.138 2.187 2.210 2.225 2.304 2.392 2.485 2.569 2.588 2.566 2.556 2.572 2.586 2.580 2.485 2.355 2.170 1.365 
9.250 79.430 1.080 1.135 1.237 1.324 1.413 1.554 1.715 1.905 2.066 2.110 2.130 2.141 2.216 2.301 2.392 2.474 2.492 2.470 2.459 2.475 2.489 2.482 2.387 2.258 2.076 1.296 
9.250 100.000 1.013 1.067 1.168 1.255 1.344 1.480 1.638 1.824 1.980 2.018 2.034 2.040 2.110 2.191 2.279 2.360 2.376 2.353 2.342 2.358 2.371 2.363 2.268 2.141 1.962 1.213 
9.250 125.890 0.936 0.989 1.090 1.177 1.265 1.397 1.550 1.731 1.880 1.912 1.922 1.921 1.985 2.062 2.146 2.224 2.238 2.215 2.204 2.220 2.231 2.222 2.127 2.002 1.828 1.117 
9.250 158.490 0.853 0.904 1.006 1.093 1.178 1.305 1.453 1.627 1.767 1.791 1.794 1.785 1.841 1.912 1.992 2.066 2.078 2.055 2.043 2.058 2.068 2.057 1.963 1.840 1.672 1.009 
9.250 199.530 0.765 0.815 0.916 1.003 1.087 1.205 1.347 1.513 1.642 1.655 1.649 1.630 1.676 1.740 1.815 1.885 1.894 1.869 1.856 1.872 1.880 1.867 1.773 1.654 1.492 0.891 
9.250 251.190 0.674 0.721 0.823 0.910 0.991 1.100 1.234 1.389 1.504 1.504 1.487 1.455 1.488 1.544 1.612 1.676 1.681 1.656 1.642 1.658 1.663 1.647 1.554 1.439 1.286 0.762 
9.250 316.230 0.580 0.626 0.727 0.814 0.892 0.990 1.113 1.255 1.353 1.335 1.305 1.257 1.273 1.318 1.378 1.434 1.435 1.409 1.393 1.409 1.411 1.392 1.300 1.189 1.048 0.620 
9.250 398.110 0.485 0.529 0.630 0.717 0.791 0.874 0.984 1.110 1.185 1.146 1.099 1.030 1.026 1.057 1.106 1.154 1.149 1.121 1.104 1.119 1.117 1.094 1.003 0.899 0.771 0.466 
9.250 501.190 0.388 0.430 0.532 0.619 0.687 0.752 0.845 0.951 0.998 0.933 0.864 0.769 0.739 0.753 0.788 0.825 0.813 0.782 0.763 0.779 0.772 0.744 0.653 0.557 0.447 0.296 
9.250 630.960 0.291 0.331 0.433 0.520 0.582 0.623 0.696 0.775 0.788 0.689 0.592 0.465 0.403 0.394 0.413 0.435 0.414 0.381 0.359 0.375 0.361 0.327 0.238 0.152 0.064 0.106 
9.250 794.330 0.194 0.232 0.333 0.420 0.474 0.486 0.533 0.580 0.548 0.406 0.276 0.108 0.005 -0.032 -0.034 -0.030 -0.063 -0.099 -0.124 -0.108 -0.130 -0.173 -0.260 -0.332 -0.393 -0.108 
9.250 1000.000 0.096 0.133 0.234 0.321 0.365 0.339 0.353 0.359 0.272 0.076 -0.097 -0.316 -0.471 -0.543 -0.572 -0.590 -0.637 -0.678 -0.707 -0.691 -0.723 -0.776 -0.862 -0.917 -0.943 -0.351 
