ZhaoEtAl2006SInterCascadia_CanadaSHM6-trial modified from OpenQuake implementation, distance is rrup. Log10 ground motion values in cgs units, PGV and Sa(T<0.1s) not valid
          10 31 23 : nmag, ndist, nperiod
          10.000 5.000 4.000 3.000 2.500 2.000 1.500 1.250 1.000 0.900 0.800 0.700 0.600 0.500 0.400 0.300 0.250 0.200 0.150 0.100 0.050 PGA PGV 
          0.698 0.698 0.716 0.748 0.760 0.760 0.752 0.742 0.734 0.729 0.726 0.723 0.717 0.709 0.713 0.726 0.741 0.766 0.792 0.803 0.726 0.678 0.000 
7.000 1.000 1.180 1.819 2.128 2.475 2.644 2.850 2.953 3.024 3.019 3.101 3.179 3.213 3.238 3.312 3.352 3.260 3.179 3.057 2.955 2.757 2.641 2.660 0.000 
7.000 1.260 1.170 1.807 2.112 2.454 2.623 2.828 2.932 3.002 3.000 3.081 3.158 3.195 3.222 3.297 3.339 3.250 3.170 3.049 2.948 2.750 2.632 2.649 0.000 
7.000 1.580 1.156 1.793 2.092 2.428 2.599 2.802 2.906 2.975 2.977 3.058 3.134 3.172 3.203 3.280 3.324 3.237 3.158 3.039 2.939 2.742 2.621 2.637 0.000 
7.000 2.000 1.140 1.775 2.069 2.398 2.570 2.771 2.875 2.943 2.950 3.030 3.105 3.145 3.180 3.259 3.305 3.221 3.144 3.027 2.927 2.731 2.607 2.621 0.000 
7.000 2.510 1.121 1.754 2.041 2.363 2.536 2.735 2.840 2.907 2.919 2.997 3.071 3.113 3.152 3.234 3.283 3.202 3.127 3.012 2.913 2.718 2.591 2.603 0.000 
7.000 3.160 1.098 1.729 2.009 2.322 2.496 2.693 2.799 2.864 2.881 2.959 3.032 3.076 3.120 3.204 3.256 3.179 3.107 2.994 2.896 2.702 2.570 2.580 0.000 
7.000 3.980 1.071 1.699 1.971 2.276 2.451 2.645 2.752 2.816 2.839 2.915 2.986 3.033 3.082 3.169 3.225 3.152 3.082 2.972 2.876 2.682 2.546 2.553 0.000 
7.000 5.010 1.039 1.664 1.927 2.224 2.400 2.592 2.699 2.762 2.790 2.865 2.935 2.985 3.038 3.129 3.187 3.120 3.052 2.946 2.850 2.659 2.516 2.520 0.000 
7.000 6.310 1.002 1.623 1.877 2.165 2.343 2.533 2.640 2.702 2.735 2.810 2.878 2.930 2.989 3.082 3.145 3.081 3.017 2.914 2.820 2.630 2.482 2.483 0.000 
7.000 7.940 0.960 1.576 1.822 2.101 2.280 2.467 2.576 2.636 2.675 2.748 2.815 2.869 2.933 3.029 3.095 3.037 2.976 2.876 2.784 2.596 2.441 2.438 0.000 
7.000 10.000 0.912 1.523 1.760 2.032 2.211 2.397 2.505 2.565 2.608 2.680 2.747 2.803 2.871 2.970 3.040 2.986 2.929 2.832 2.742 2.555 2.393 2.388 0.000 
7.000 12.590 0.859 1.464 1.693 1.958 2.138 2.321 2.430 2.488 2.536 2.607 2.672 2.730 2.803 2.905 2.977 2.928 2.874 2.781 2.692 2.507 2.338 2.330 0.000 
7.000 15.850 0.800 1.399 1.619 1.878 2.059 2.240 2.349 2.407 2.459 2.529 2.593 2.653 2.729 2.833 2.908 2.863 2.812 2.723 2.635 2.452 2.276 2.264 0.000 
7.000 19.950 0.737 1.327 1.541 1.795 1.975 2.155 2.264 2.321 2.377 2.446 2.509 2.570 2.650 2.755 2.832 2.791 2.742 2.656 2.569 2.388 2.205 2.192 0.000 
7.000 25.120 0.667 1.250 1.458 1.707 1.888 2.066 2.175 2.232 2.290 2.358 2.420 2.482 2.565 2.671 2.750 2.711 2.663 2.581 2.495 2.314 2.126 2.111 0.000 
7.000 31.620 0.593 1.167 1.370 1.616 1.796 1.973 2.081 2.138 2.198 2.266 2.327 2.390 2.475 2.581 2.660 2.623 2.577 2.496 2.410 2.230 2.038 2.022 0.000 
7.000 39.810 0.514 1.078 1.277 1.521 1.700 1.876 1.984 2.041 2.103 2.169 2.229 2.293 2.379 2.486 2.564 2.527 2.481 2.402 2.316 2.136 1.940 1.925 0.000 
7.000 50.120 0.431 0.984 1.180 1.423 1.601 1.775 1.882 1.940 2.003 2.068 2.128 2.191 2.279 2.384 2.461 2.423 2.376 2.297 2.210 2.029 1.832 1.819 0.000 
7.000 63.100 0.342 0.884 1.079 1.322 1.498 1.671 1.777 1.834 1.898 1.963 2.021 2.085 2.173 2.276 2.350 2.309 2.261 2.180 2.091 1.908 1.712 1.703 0.000 
7.000 79.430 0.247 0.778 0.973 1.217 1.390 1.562 1.666 1.725 1.789 1.853 1.910 1.973 2.060 2.161 2.230 2.185 2.133 2.050 1.958 1.772 1.580 1.576 0.000 
7.000 100.000 0.147 0.665 0.862 1.109 1.278 1.448 1.551 1.611 1.675 1.737 1.793 1.855 1.942 2.038 2.101 2.049 1.993 1.905 1.809 1.619 1.432 1.437 0.000 
7.000 125.890 0.040 0.546 0.745 0.996 1.161 1.329 1.429 1.491 1.554 1.615 1.670 1.730 1.815 1.906 1.960 1.899 1.836 1.743 1.640 1.444 1.267 1.282 0.000 
7.000 158.490 -0.075 0.418 0.621 0.878 1.038 1.203 1.300 1.364 1.427 1.485 1.539 1.597 1.679 1.763 1.806 1.732 1.661 1.559 1.448 1.243 1.080 1.109 0.000 
7.000 199.530 -0.200 0.280 0.490 0.754 0.907 1.070 1.163 1.230 1.290 1.347 1.398 1.454 1.532 1.606 1.635 1.545 1.462 1.349 1.227 1.012 0.867 0.914 0.000 
7.000 251.190 -0.336 0.131 0.349 0.623 0.767 0.926 1.014 1.085 1.143 1.197 1.246 1.298 1.372 1.434 1.444 1.333 1.235 1.107 0.972 0.743 0.622 0.692 0.000 
7.000 316.230 -0.487 -0.033 0.196 0.483 0.616 0.771 0.852 0.928 0.982 1.033 1.079 1.127 1.194 1.240 1.228 1.090 0.972 0.826 0.673 0.427 0.336 0.436 0.000 
7.000 398.110 -0.655 -0.215 0.028 0.331 0.450 0.601 0.674 0.755 0.806 0.852 0.894 0.937 0.996 1.022 0.980 0.808 0.666 0.496 0.321 0.051 0.001 0.139 0.000 
7.000 501.190 -0.846 -0.419 -0.158 0.167 0.268 0.412 0.475 0.563 0.608 0.649 0.687 0.722 0.771 0.772 0.693 0.477 0.304 0.104 -0.099 -0.397 -0.396 -0.212 0.000 
7.000 630.960 -1.065 -0.651 -0.367 -0.016 0.063 0.199 0.249 0.347 0.385 0.419 0.451 0.478 0.513 0.483 0.357 0.086 -0.126 -0.365 -0.603 -0.938 -0.872 -0.628 0.000 
7.000 794.330 -1.318 -0.918 -0.604 -0.219 -0.169 -0.043 -0.009 0.101 0.130 0.155 0.180 0.195 0.214 0.144 -0.042 -0.382 -0.643 -0.931 -1.213 -1.593 -1.447 -1.126 0.000 
7.000 1000.000 -1.615 -1.229 -0.878 -0.450 -0.436 -0.322 -0.309 -0.183 -0.166 -0.152 -0.136 -0.135 -0.137 -0.257 -0.518 -0.945 -1.269 -1.618 -1.956 -2.394 -2.145 -1.729 0.000 
7.250 1.000 1.251 1.884 2.201 2.550 2.715 2.919 3.012 3.079 3.060 3.139 3.216 3.245 3.262 3.339 3.378 3.285 3.200 3.073 2.968 2.766 2.650 2.671 0.000 
7.250 1.260 1.243 1.875 2.188 2.532 2.699 2.901 2.995 3.060 3.045 3.123 3.199 3.230 3.250 3.328 3.368 3.277 3.192 3.067 2.962 2.761 2.643 2.663 0.000 
7.250 1.580 1.232 1.863 2.172 2.511 2.679 2.879 2.974 3.039 3.027 3.105 3.179 3.211 3.234 3.313 3.356 3.266 3.183 3.059 2.954 2.754 2.634 2.653 0.000 
7.250 2.000 1.220 1.849 2.153 2.486 2.655 2.853 2.949 3.012 3.005 3.082 3.156 3.189 3.216 3.296 3.340 3.253 3.171 3.049 2.945 2.745 2.623 2.640 0.000 
7.250 2.510 1.204 1.832 2.130 2.457 2.626 2.823 2.919 2.982 2.979 3.055 3.127 3.163 3.193 3.275 3.322 3.238 3.157 3.037 2.934 2.735 2.609 2.625 0.000 
7.250 3.160 1.185 1.811 2.103 2.422 2.593 2.788 2.884 2.946 2.948 3.023 3.094 3.132 3.166 3.251 3.299 3.218 3.140 3.022 2.920 2.722 2.593 2.607 0.000 
7.250 3.980 1.163 1.786 2.071 2.382 2.554 2.746 2.844 2.904 2.912 2.986 3.056 3.096 3.134 3.221 3.272 3.195 3.119 3.003 2.902 2.706 2.573 2.584 0.000 
7.250 5.010 1.137 1.757 2.033 2.336 2.509 2.700 2.798 2.857 2.870 2.943 3.011 3.054 3.097 3.186 3.240 3.167 3.094 2.981 2.881 2.686 2.548 2.557 0.000 
7.250 6.310 1.106 1.722 1.990 2.284 2.459 2.647 2.746 2.803 2.822 2.894 2.961 3.006 3.054 3.146 3.203 3.134 3.064 2.954 2.856 2.662 2.519 2.525 0.000 
7.250 7.940 1.070 1.682 1.941 2.226 2.402 2.588 2.688 2.744 2.769 2.839 2.905 2.952 3.005 3.099 3.160 3.096 3.028 2.922 2.825 2.633 2.484 2.487 0.000 
7.250 10.000 1.028 1.636 1.886 2.163 2.340 2.523 2.624 2.679 2.709 2.778 2.842 2.891 2.950 3.046 3.110 3.050 2.987 2.884 2.789 2.598 2.442 2.443 0.000 
7.250 12.590 0.981 1.583 1.824 2.094 2.272 2.453 2.554 2.608 2.643 2.711 2.774 2.825 2.889 2.987 3.053 2.998 2.938 2.839 2.745 2.556 2.394 2.392 0.000 
7.250 15.850 0.929 1.524 1.757 2.019 2.198 2.377 2.479 2.531 2.571 2.638 2.700 2.753 2.821 2.921 2.990 2.939 2.882 2.787 2.695 2.507 2.338 2.333 0.000 
7.250 19.950 0.871 1.459 1.684 1.940 2.119 2.296 2.398 2.450 2.494 2.560 2.620 2.675 2.747 2.848 2.920 2.872 2.817 2.726 2.636 2.450 2.274 2.267 0.000 
7.250 25.120 0.807 1.387 1.605 1.856 2.035 2.211 2.313 2.364 2.412 2.477 2.536 2.592 2.667 2.769 2.842 2.798 2.745 2.657 2.567 2.383 2.201 2.193 0.000 
7.250 31.620 0.738 1.309 1.521 1.768 1.947 2.121 2.223 2.274 2.324 2.388 2.446 2.503 2.581 2.684 2.757 2.715 2.664 2.578 2.489 2.306 2.119 2.110 0.000 
7.250 39.810 0.663 1.225 1.432 1.676 1.854 2.026 2.128 2.179 2.232 2.295 2.352 2.409 2.489 2.592 2.665 2.623 2.573 2.489 2.400 2.217 2.026 2.018 0.000 
7.250 50.120 0.583 1.134 1.338 1.580 1.757 1.928 2.029 2.080 2.135 2.197 2.252 2.310 2.392 2.494 2.565 2.522 2.472 2.389 2.300 2.116 1.923 1.916 0.000 
7.250 63.100 0.497 1.038 1.240 1.481 1.656 1.825 1.925 1.977 2.033 2.093 2.148 2.206 2.288 2.388 2.457 2.412 2.361 2.277 2.186 2.001 1.808 1.804 0.000 
7.250 79.430 0.405 0.935 1.136 1.377 1.550 1.718 1.816 1.869 1.925 1.985 2.039 2.096 2.179 2.276 2.340 2.291 2.237 2.151 2.057 1.870 1.679 1.680 0.000 
7.250 100.000 0.307 0.825 1.026 1.270 1.440 1.605 1.702 1.756 1.813 1.871 1.923 1.980 2.062 2.154 2.213 2.157 2.099 2.010 1.912 1.720 1.535 1.543 0.000 
7.250 125.890 0.202 0.707 0.911 1.158 1.323 1.487 1.581 1.637 1.693 1.750 1.801 1.857 1.937 2.024 2.074 2.009 1.944 1.850 1.746 1.549 1.372 1.391 0.000 
7.250 158.490 0.088 0.581 0.788 1.041 1.201 1.362 1.453 1.511 1.567 1.621 1.671 1.724 1.802 1.882 1.921 1.844 1.771 1.668 1.557 1.352 1.187 1.220 0.000 
7.250 199.530 -0.035 0.445 0.658 0.918 1.071 1.229 1.317 1.377 1.431 1.483 1.531 1.582 1.656 1.727 1.751 1.658 1.574 1.461 1.338 1.123 0.976 1.027 0.000 
7.250 251.190 -0.170 0.296 0.517 0.787 0.931 1.087 1.169 1.233 1.284 1.334 1.379 1.427 1.496 1.555 1.561 1.447 1.348 1.220 1.085 0.856 0.732 0.806 0.000 
7.250 316.230 -0.320 0.133 0.365 0.647 0.780 0.932 1.007 1.076 1.124 1.171 1.213 1.256 1.319 1.362 1.346 1.205 1.086 0.940 0.788 0.541 0.448 0.551 0.000 
7.250 398.110 -0.488 -0.048 0.198 0.497 0.616 0.762 0.829 0.904 0.948 0.990 1.028 1.066 1.121 1.144 1.098 0.923 0.781 0.611 0.437 0.167 0.114 0.255 0.000 
7.250 501.190 -0.678 -0.251 0.012 0.332 0.433 0.573 0.630 0.713 0.751 0.787 0.821 0.852 0.897 0.895 0.812 0.593 0.420 0.220 0.018 -0.280 -0.283 -0.095 0.000 
7.250 630.960 -0.896 -0.483 -0.196 0.150 0.229 0.361 0.405 0.497 0.528 0.558 0.586 0.608 0.639 0.606 0.476 0.203 -0.010 -0.248 -0.485 -0.820 -0.758 -0.510 0.000 
7.250 794.330 -1.149 -0.750 -0.434 -0.053 -0.003 0.119 0.147 0.251 0.273 0.294 0.315 0.326 0.340 0.268 0.078 -0.265 -0.527 -0.813 -1.095 -1.475 -1.332 -1.009 0.000 
7.250 1000.000 -1.446 -1.060 -0.707 -0.284 -0.270 -0.160 -0.153 -0.034 -0.023 -0.012 -0.000 -0.004 -0.011 -0.133 -0.398 -0.828 -1.152 -1.500 -1.838 -2.275 -2.030 -1.611 0.000 
7.500 1.000 1.311 1.938 2.262 2.613 2.776 2.976 3.061 3.123 3.093 3.169 3.244 3.268 3.280 3.360 3.400 3.307 3.217 3.087 2.978 2.774 2.658 2.680 0.000 
7.500 1.260 1.304 1.931 2.252 2.599 2.762 2.962 3.047 3.108 3.081 3.156 3.231 3.256 3.270 3.351 3.392 3.300 3.211 3.081 2.973 2.770 2.652 2.674 0.000 
7.500 1.580 1.296 1.921 2.239 2.582 2.746 2.944 3.030 3.091 3.067 3.141 3.215 3.242 3.257 3.340 3.381 3.291 3.203 3.075 2.967 2.764 2.645 2.666 0.000 
7.500 2.000 1.286 1.910 2.224 2.561 2.727 2.923 3.010 3.069 3.049 3.123 3.196 3.224 3.242 3.326 3.369 3.281 3.194 3.067 2.960 2.757 2.636 2.656 0.000 
7.500 2.510 1.274 1.897 2.205 2.537 2.703 2.898 2.985 3.044 3.028 3.101 3.173 3.202 3.224 3.309 3.353 3.267 3.182 3.057 2.950 2.749 2.625 2.643 0.000 
7.500 3.160 1.259 1.880 2.183 2.508 2.675 2.868 2.956 3.014 3.002 3.075 3.145 3.177 3.202 3.288 3.335 3.251 3.168 3.044 2.939 2.738 2.611 2.628 0.000 
7.500 3.980 1.241 1.859 2.156 2.473 2.642 2.834 2.922 2.979 2.972 3.044 3.113 3.146 3.176 3.263 3.312 3.232 3.151 3.029 2.925 2.725 2.595 2.610 0.000 
7.500 5.010 1.220 1.835 2.124 2.434 2.604 2.793 2.883 2.938 2.937 3.007 3.075 3.110 3.145 3.234 3.285 3.208 3.129 3.011 2.907 2.708 2.574 2.588 0.000 
7.500 6.310 1.194 1.806 2.088 2.388 2.560 2.747 2.838 2.891 2.896 2.965 3.031 3.069 3.108 3.199 3.253 3.180 3.104 2.988 2.886 2.688 2.550 2.561 0.000 
7.500 7.940 1.164 1.772 2.045 2.337 2.510 2.694 2.786 2.839 2.849 2.917 2.982 3.022 3.066 3.159 3.215 3.146 3.073 2.961 2.860 2.664 2.520 2.529 0.000 
7.500 10.000 1.128 1.732 1.996 2.279 2.454 2.636 2.729 2.780 2.796 2.863 2.926 2.968 3.018 3.112 3.171 3.106 3.037 2.928 2.828 2.634 2.484 2.491 0.000 
7.500 12.590 1.088 1.686 1.941 2.216 2.392 2.572 2.665 2.715 2.737 2.803 2.864 2.908 2.963 3.059 3.121 3.060 2.994 2.888 2.791 2.598 2.442 2.446 0.000 
7.500 15.850 1.042 1.634 1.880 2.147 2.324 2.501 2.596 2.644 2.672 2.736 2.796 2.842 2.901 2.999 3.063 3.007 2.943 2.842 2.746 2.555 2.393 2.394 0.000 
7.500 19.950 0.990 1.575 1.813 2.073 2.250 2.426 2.521 2.568 2.600 2.664 2.722 2.770 2.833 2.932 2.999 2.946 2.885 2.788 2.693 2.504 2.335 2.335 0.000 
7.500 25.120 0.932 1.509 1.739 1.993 2.171 2.344 2.440 2.487 2.523 2.585 2.642 2.692 2.759 2.859 2.926 2.876 2.819 2.725 2.632 2.444 2.269 2.267 0.000 
7.500 31.620 0.868 1.437 1.660 1.909 2.087 2.258 2.354 2.400 2.440 2.501 2.557 2.608 2.678 2.778 2.847 2.799 2.743 2.653 2.560 2.374 2.193 2.190 0.000 
7.500 39.810 0.798 1.358 1.575 1.820 1.998 2.167 2.263 2.309 2.352 2.412 2.466 2.518 2.591 2.691 2.759 2.712 2.658 2.570 2.478 2.292 2.107 2.104 0.000 
7.500 50.120 0.722 1.272 1.485 1.727 1.904 2.072 2.166 2.213 2.258 2.317 2.370 2.422 2.498 2.596 2.663 2.616 2.562 2.475 2.383 2.197 2.009 2.007 0.000 
7.500 63.100 0.640 1.179 1.389 1.630 1.805 1.971 2.065 2.112 2.159 2.216 2.268 2.321 2.397 2.494 2.558 2.509 2.455 2.368 2.275 2.088 1.898 1.900 0.000 
7.500 79.430 0.552 1.080 1.288 1.528 1.701 1.866 1.958 2.006 2.054 2.110 2.161 2.213 2.290 2.384 2.444 2.391 2.334 2.247 2.151 1.962 1.774 1.780 0.000 
7.500 100.000 0.456 0.973 1.181 1.423 1.592 1.755 1.846 1.894 1.943 1.998 2.047 2.099 2.176 2.265 2.319 2.261 2.200 2.109 2.010 1.817 1.633 1.647 0.000 
7.500 125.890 0.353 0.858 1.067 1.312 1.477 1.638 1.727 1.777 1.826 1.879 1.926 1.977 2.053 2.137 2.183 2.115 2.048 1.953 1.848 1.650 1.474 1.497 0.000 
7.500 158.490 0.242 0.734 0.946 1.196 1.356 1.514 1.600 1.652 1.700 1.751 1.797 1.846 1.920 1.996 2.031 1.952 1.877 1.774 1.662 1.456 1.292 1.329 0.000 
7.500 199.530 0.120 0.599 0.817 1.073 1.227 1.382 1.464 1.519 1.566 1.614 1.658 1.705 1.775 1.842 1.863 1.768 1.682 1.568 1.446 1.230 1.083 1.138 0.000 
7.500 251.190 -0.014 0.452 0.677 0.943 1.088 1.240 1.316 1.375 1.420 1.466 1.507 1.551 1.616 1.671 1.674 1.558 1.457 1.330 1.195 0.966 0.841 0.919 0.000 
7.500 316.230 -0.163 0.290 0.525 0.804 0.938 1.085 1.156 1.219 1.261 1.303 1.342 1.381 1.440 1.480 1.459 1.317 1.197 1.052 0.900 0.653 0.559 0.665 0.000 
7.500 398.110 -0.330 0.110 0.359 0.654 0.773 0.916 0.978 1.047 1.085 1.123 1.158 1.191 1.243 1.263 1.213 1.036 0.893 0.724 0.550 0.281 0.226 0.370 0.000 
7.500 501.190 -0.520 -0.093 0.174 0.490 0.591 0.727 0.779 0.856 0.888 0.921 0.951 0.978 1.019 1.014 0.927 0.707 0.533 0.334 0.133 -0.165 -0.170 0.021 0.000 
7.500 630.960 -0.737 -0.324 -0.034 0.308 0.387 0.515 0.554 0.641 0.666 0.692 0.716 0.734 0.762 0.725 0.591 0.317 0.104 -0.133 -0.370 -0.703 -0.645 -0.394 0.000 
7.500 794.330 -0.990 -0.590 -0.271 0.105 0.156 0.274 0.296 0.395 0.411 0.428 0.445 0.452 0.463 0.387 0.194 -0.150 -0.412 -0.697 -0.978 -1.357 -1.218 -0.891 0.000 
7.500 1000.000 -1.286 -0.900 -0.544 -0.126 -0.111 -0.005 -0.003 0.111 0.115 0.122 0.130 0.122 0.112 -0.013 -0.282 -0.713 -1.037 -1.383 -1.720 -2.157 -1.915 -1.493 0.000 
7.750 1.000 1.360 1.982 2.314 2.666 2.826 3.024 3.100 3.158 3.117 3.190 3.265 3.284 3.291 3.376 3.417 3.325 3.231 3.097 2.986 2.782 2.664 2.688 0.000 
7.750 1.260 1.355 1.976 2.305 2.655 2.815 3.013 3.089 3.147 3.108 3.181 3.254 3.275 3.283 3.369 3.410 3.319 3.226 3.093 2.983 2.778 2.660 2.683 0.000 
7.750 1.580 1.349 1.969 2.295 2.641 2.802 2.999 3.076 3.133 3.096 3.169 3.242 3.263 3.273 3.360 3.402 3.312 3.220 3.088 2.978 2.773 2.654 2.676 0.000 
7.750 2.000 1.341 1.960 2.283 2.624 2.787 2.982 3.059 3.115 3.082 3.154 3.226 3.249 3.261 3.348 3.392 3.303 3.213 3.081 2.971 2.768 2.646 2.668 0.000 
7.750 2.510 1.332 1.949 2.268 2.604 2.767 2.961 3.039 3.095 3.065 3.136 3.208 3.232 3.247 3.334 3.379 3.292 3.203 3.073 2.964 2.761 2.637 2.658 0.000 
7.750 3.160 1.320 1.935 2.250 2.580 2.744 2.936 3.016 3.070 3.045 3.115 3.185 3.211 3.229 3.317 3.364 3.279 3.191 3.063 2.954 2.752 2.626 2.646 0.000 
7.750 3.980 1.305 1.919 2.228 2.551 2.717 2.907 2.988 3.041 3.020 3.090 3.158 3.186 3.207 3.297 3.345 3.262 3.177 3.050 2.943 2.741 2.613 2.631 0.000 
7.750 5.010 1.288 1.899 2.201 2.517 2.685 2.873 2.954 3.006 2.991 3.059 3.126 3.156 3.182 3.272 3.322 3.242 3.159 3.035 2.928 2.727 2.596 2.613 0.000 
7.750 6.310 1.267 1.875 2.170 2.478 2.647 2.833 2.916 2.966 2.956 3.024 3.089 3.121 3.151 3.243 3.294 3.218 3.137 3.016 2.910 2.710 2.575 2.590 0.000 
7.750 7.940 1.242 1.846 2.133 2.433 2.604 2.787 2.871 2.920 2.916 2.982 3.046 3.080 3.115 3.208 3.262 3.189 3.111 2.992 2.888 2.690 2.550 2.563 0.000 
7.750 10.000 1.213 1.812 2.091 2.382 2.554 2.735 2.820 2.868 2.870 2.935 2.997 3.033 3.073 3.168 3.224 3.155 3.079 2.964 2.861 2.664 2.520 2.531 0.000 
7.750 12.590 1.178 1.773 2.043 2.325 2.498 2.677 2.763 2.810 2.818 2.882 2.942 2.980 3.025 3.121 3.179 3.114 3.041 2.930 2.829 2.633 2.483 2.493 0.000 
7.750 15.850 1.138 1.727 1.988 2.262 2.437 2.613 2.700 2.745 2.760 2.822 2.880 2.921 2.970 3.067 3.127 3.066 2.997 2.890 2.790 2.596 2.440 2.447 0.000 
7.750 19.950 1.092 1.675 1.927 2.193 2.369 2.543 2.631 2.675 2.695 2.755 2.812 2.854 2.909 3.006 3.069 3.011 2.945 2.841 2.743 2.551 2.389 2.394 0.000 
7.750 25.120 1.041 1.616 1.859 2.118 2.295 2.467 2.555 2.598 2.623 2.683 2.738 2.782 2.841 2.939 3.002 2.947 2.884 2.785 2.688 2.497 2.329 2.333 0.000 
7.750 31.620 0.983 1.549 1.785 2.038 2.215 2.385 2.474 2.516 2.546 2.604 2.657 2.703 2.766 2.864 2.928 2.875 2.815 2.719 2.623 2.434 2.260 2.263 0.000 
7.750 39.810 0.918 1.476 1.705 1.953 2.130 2.298 2.387 2.429 2.462 2.519 2.571 2.618 2.684 2.781 2.845 2.794 2.735 2.642 2.547 2.358 2.180 2.183 0.000 
7.750 50.120 0.847 1.396 1.619 1.863 2.040 2.205 2.294 2.336 2.372 2.428 2.479 2.526 2.595 2.691 2.754 2.703 2.644 2.553 2.459 2.270 2.088 2.093 0.000 
7.750 63.100 0.770 1.308 1.527 1.769 1.944 2.108 2.196 2.238 2.277 2.331 2.380 2.428 2.498 2.593 2.653 2.600 2.542 2.452 2.356 2.167 1.983 1.990 0.000 
7.750 79.430 0.685 1.212 1.429 1.670 1.843 2.005 2.092 2.135 2.175 2.228 2.276 2.323 2.395 2.486 2.542 2.486 2.426 2.336 2.238 2.047 1.864 1.876 0.000 
7.750 100.000 0.593 1.109 1.324 1.566 1.736 1.896 1.982 2.025 2.067 2.118 2.164 2.211 2.283 2.370 2.421 2.359 2.295 2.203 2.102 1.908 1.728 1.746 0.000 
7.750 125.890 0.493 0.997 1.213 1.457 1.623 1.781 1.864 1.909 1.951 2.001 2.045 2.091 2.162 2.244 2.286 2.216 2.147 2.050 1.945 1.746 1.572 1.600 0.000 
7.750 158.490 0.384 0.875 1.094 1.342 1.503 1.658 1.739 1.786 1.827 1.875 1.918 1.962 2.031 2.106 2.137 2.055 1.979 1.875 1.762 1.556 1.393 1.435 0.000 
7.750 199.530 0.264 0.743 0.966 1.221 1.375 1.527 1.604 1.654 1.694 1.739 1.780 1.822 1.888 1.953 1.971 1.873 1.786 1.672 1.550 1.334 1.187 1.246 0.000 
7.750 251.190 0.131 0.598 0.828 1.092 1.237 1.386 1.458 1.511 1.550 1.592 1.630 1.669 1.731 1.783 1.783 1.665 1.564 1.437 1.302 1.073 0.948 1.029 0.000 
7.750 316.230 -0.016 0.437 0.677 0.953 1.087 1.232 1.298 1.356 1.391 1.430 1.465 1.500 1.556 1.593 1.569 1.425 1.305 1.160 1.009 0.763 0.667 0.778 0.000 
7.750 398.110 -0.182 0.258 0.511 0.803 0.923 1.063 1.120 1.184 1.216 1.251 1.282 1.311 1.359 1.377 1.324 1.146 1.002 0.834 0.661 0.393 0.336 0.483 0.000 
7.750 501.190 -0.370 0.056 0.327 0.640 0.742 0.875 0.922 0.994 1.020 1.049 1.076 1.098 1.136 1.129 1.039 0.817 0.643 0.446 0.245 -0.051 -0.059 0.136 0.000 
7.750 630.960 -0.587 -0.174 0.119 0.458 0.538 0.663 0.698 0.779 0.798 0.820 0.841 0.855 0.879 0.841 0.704 0.428 0.215 -0.020 -0.256 -0.588 -0.532 -0.278 0.000 
7.750 794.330 -0.839 -0.440 -0.117 0.255 0.307 0.422 0.440 0.533 0.544 0.557 0.571 0.573 0.581 0.503 0.307 -0.038 -0.300 -0.584 -0.863 -1.241 -1.104 -0.775 0.000 
7.750 1000.000 -1.135 -0.749 -0.390 0.025 0.041 0.143 0.141 0.249 0.248 0.251 0.256 0.244 0.231 0.103 -0.168 -0.600 -0.925 -1.269 -1.605 -2.040 -1.801 -1.376 0.000 
8.000 1.000 1.400 2.015 2.355 2.709 2.867 3.063 3.130 3.185 3.134 3.205 3.278 3.294 3.296 3.387 3.430 3.339 3.243 3.106 2.993 2.788 2.669 2.694 0.000 
8.000 1.260 1.396 2.011 2.348 2.700 2.858 3.054 3.122 3.176 3.127 3.197 3.270 3.286 3.290 3.381 3.424 3.335 3.239 3.103 2.990 2.785 2.666 2.690 0.000 
8.000 1.580 1.391 2.005 2.340 2.689 2.848 3.042 3.111 3.165 3.118 3.188 3.260 3.277 3.282 3.374 3.418 3.329 3.234 3.098 2.986 2.781 2.661 2.685 0.000 
8.000 2.000 1.385 1.998 2.331 2.675 2.835 3.029 3.098 3.151 3.107 3.176 3.248 3.266 3.273 3.365 3.409 3.321 3.227 3.093 2.981 2.776 2.655 2.679 0.000 
8.000 2.510 1.377 1.989 2.318 2.659 2.820 3.012 3.082 3.134 3.093 3.162 3.233 3.252 3.261 3.353 3.399 3.312 3.220 3.086 2.975 2.771 2.648 2.671 0.000 
8.000 3.160 1.368 1.978 2.304 2.639 2.801 2.992 3.063 3.114 3.077 3.145 3.215 3.235 3.247 3.340 3.386 3.301 3.210 3.078 2.967 2.763 2.639 2.661 0.000 
8.000 3.980 1.357 1.965 2.286 2.615 2.779 2.968 3.040 3.090 3.057 3.124 3.193 3.215 3.229 3.323 3.370 3.288 3.198 3.067 2.957 2.754 2.627 2.648 0.000 
8.000 5.010 1.343 1.949 2.264 2.587 2.752 2.939 3.012 3.061 3.033 3.099 3.166 3.190 3.208 3.302 3.351 3.271 3.183 3.054 2.945 2.743 2.613 2.633 0.000 
8.000 6.310 1.326 1.929 2.238 2.553 2.720 2.905 2.980 3.027 3.004 3.070 3.135 3.161 3.183 3.277 3.328 3.250 3.164 3.038 2.930 2.728 2.596 2.615 0.000 
8.000 7.940 1.306 1.905 2.207 2.514 2.683 2.866 2.942 2.988 2.970 3.035 3.099 3.126 3.153 3.248 3.300 3.225 3.142 3.018 2.911 2.711 2.575 2.592 0.000 
8.000 10.000 1.281 1.877 2.171 2.470 2.640 2.820 2.898 2.943 2.931 2.994 3.056 3.086 3.117 3.213 3.267 3.195 3.115 2.994 2.888 2.689 2.549 2.565 0.000 
8.000 12.590 1.253 1.844 2.129 2.419 2.590 2.769 2.848 2.891 2.886 2.948 3.008 3.040 3.076 3.172 3.228 3.160 3.082 2.965 2.860 2.663 2.518 2.532 0.000 
8.000 15.850 1.219 1.804 2.080 2.362 2.535 2.711 2.791 2.833 2.834 2.894 2.953 2.987 3.028 3.125 3.182 3.117 3.043 2.930 2.827 2.630 2.480 2.493 0.000 
8.000 19.950 1.179 1.758 2.026 2.299 2.473 2.647 2.728 2.769 2.776 2.835 2.891 2.927 2.973 3.071 3.130 3.068 2.996 2.887 2.786 2.591 2.435 2.446 0.000 
8.000 25.120 1.134 1.706 1.965 2.230 2.405 2.576 2.659 2.699 2.711 2.769 2.823 2.861 2.911 3.009 3.069 3.010 2.942 2.836 2.736 2.543 2.382 2.392 0.000 
8.000 31.620 1.082 1.646 1.897 2.155 2.331 2.500 2.583 2.622 2.640 2.696 2.748 2.788 2.843 2.940 3.000 2.944 2.878 2.776 2.678 2.486 2.319 2.328 0.000 
8.000 39.810 1.023 1.579 1.822 2.075 2.251 2.417 2.501 2.539 2.561 2.616 2.667 2.708 2.766 2.863 2.923 2.868 2.804 2.706 2.608 2.417 2.246 2.255 0.000 
8.000 50.120 0.958 1.505 1.741 1.989 2.164 2.329 2.412 2.450 2.477 2.530 2.579 2.621 2.683 2.777 2.837 2.782 2.720 2.624 2.526 2.336 2.160 2.171 0.000 
8.000 63.100 0.886 1.422 1.653 1.898 2.072 2.235 2.318 2.356 2.385 2.437 2.484 2.527 2.591 2.684 2.741 2.685 2.622 2.528 2.431 2.239 2.062 2.075 0.000 
8.000 79.430 0.806 1.331 1.559 1.801 1.974 2.135 2.217 2.255 2.287 2.337 2.383 2.426 2.491 2.581 2.634 2.575 2.512 2.417 2.318 2.126 1.948 1.965 0.000 
8.000 100.000 0.718 1.232 1.457 1.700 1.870 2.028 2.109 2.148 2.182 2.230 2.274 2.317 2.383 2.469 2.516 2.451 2.385 2.290 2.188 1.993 1.817 1.841 0.000 
8.000 125.890 0.621 1.124 1.348 1.593 1.759 1.915 1.994 2.034 2.069 2.116 2.158 2.199 2.265 2.345 2.384 2.312 2.241 2.142 2.036 1.836 1.666 1.699 0.000 
8.000 158.490 0.515 1.005 1.231 1.479 1.641 1.794 1.870 1.913 1.947 1.992 2.032 2.072 2.137 2.209 2.238 2.154 2.076 1.971 1.858 1.651 1.491 1.537 0.000 
8.000 199.530 0.397 0.876 1.105 1.359 1.514 1.664 1.737 1.782 1.816 1.858 1.896 1.934 1.996 2.059 2.073 1.974 1.886 1.772 1.649 1.434 1.288 1.352 0.000 
8.000 251.190 0.267 0.732 0.969 1.231 1.377 1.524 1.592 1.640 1.673 1.712 1.747 1.782 1.840 1.891 1.887 1.768 1.666 1.539 1.404 1.176 1.052 1.137 0.000 
8.000 316.230 0.121 0.574 0.819 1.094 1.229 1.371 1.433 1.486 1.516 1.551 1.583 1.614 1.666 1.701 1.675 1.530 1.409 1.265 1.114 0.869 0.774 0.888 0.000 
8.000 398.110 -0.043 0.396 0.655 0.945 1.066 1.203 1.256 1.315 1.342 1.373 1.401 1.426 1.471 1.486 1.431 1.252 1.108 0.941 0.769 0.502 0.444 0.595 0.000 
8.000 501.190 -0.231 0.195 0.471 0.782 0.885 1.016 1.059 1.125 1.146 1.172 1.195 1.214 1.249 1.239 1.147 0.925 0.750 0.554 0.355 0.061 0.051 0.249 0.000 
8.000 630.960 -0.447 -0.034 0.264 0.601 0.682 0.804 0.835 0.911 0.925 0.944 0.961 0.971 0.993 0.952 0.812 0.536 0.323 0.089 -0.144 -0.474 -0.421 -0.163 0.000 
8.000 794.330 -0.698 -0.299 0.028 0.398 0.451 0.563 0.577 0.665 0.671 0.681 0.691 0.690 0.695 0.615 0.416 0.071 -0.191 -0.473 -0.751 -1.126 -0.992 -0.659 0.000 
8.000 1000.000 -0.993 -0.608 -0.244 0.168 0.185 0.285 0.279 0.382 0.376 0.375 0.377 0.361 0.345 0.215 -0.059 -0.491 -0.815 -1.157 -1.491 -1.923 -1.687 -1.260 0.000 
8.250 1.000 1.429 2.039 2.386 2.742 2.899 3.093 3.153 3.204 3.144 3.212 3.285 3.297 3.296 3.393 3.439 3.351 3.252 3.113 2.999 2.794 2.674 2.700 0.000 
8.250 1.260 1.426 2.035 2.381 2.735 2.892 3.085 3.146 3.197 3.138 3.206 3.279 3.292 3.291 3.388 3.434 3.347 3.249 3.110 2.996 2.791 2.671 2.697 0.000 
8.250 1.580 1.423 2.031 2.375 2.726 2.884 3.076 3.138 3.188 3.131 3.199 3.271 3.284 3.285 3.383 3.429 3.342 3.244 3.106 2.993 2.788 2.667 2.692 0.000 
8.250 2.000 1.418 2.025 2.367 2.715 2.874 3.066 3.128 3.177 3.123 3.190 3.261 3.275 3.277 3.375 3.422 3.336 3.239 3.102 2.989 2.784 2.662 2.687 0.000 
8.250 2.510 1.412 2.018 2.358 2.702 2.861 3.052 3.115 3.164 3.112 3.179 3.249 3.264 3.268 3.366 3.413 3.328 3.232 3.096 2.983 2.779 2.656 2.681 0.000 
8.250 3.160 1.405 2.010 2.346 2.686 2.846 3.036 3.099 3.148 3.099 3.165 3.235 3.251 3.257 3.355 3.403 3.319 3.224 3.089 2.977 2.773 2.648 2.673 0.000 
8.250 3.980 1.396 1.999 2.331 2.666 2.828 3.016 3.081 3.128 3.083 3.148 3.217 3.234 3.243 3.341 3.390 3.308 3.214 3.080 2.969 2.765 2.639 2.663 0.000 
8.250 5.010 1.385 1.986 2.313 2.643 2.805 2.992 3.058 3.104 3.063 3.128 3.195 3.214 3.225 3.324 3.374 3.294 3.202 3.069 2.958 2.756 2.627 2.650 0.000 
8.250 6.310 1.372 1.970 2.292 2.615 2.779 2.964 3.031 3.076 3.040 3.104 3.170 3.190 3.205 3.303 3.354 3.276 3.186 3.056 2.946 2.743 2.613 2.635 0.000 
8.250 7.940 1.356 1.951 2.266 2.582 2.747 2.930 2.999 3.043 3.012 3.075 3.139 3.161 3.180 3.279 3.331 3.255 3.167 3.039 2.930 2.728 2.595 2.616 0.000 
8.250 10.000 1.336 1.927 2.235 2.543 2.711 2.891 2.962 3.004 2.979 3.040 3.103 3.127 3.150 3.249 3.302 3.229 3.144 3.018 2.910 2.710 2.573 2.593 0.000 
8.250 12.590 1.312 1.899 2.199 2.499 2.668 2.847 2.918 2.959 2.940 3.000 3.061 3.087 3.114 3.214 3.268 3.198 3.115 2.993 2.886 2.687 2.546 2.565 0.000 
8.250 15.850 1.283 1.865 2.158 2.448 2.619 2.795 2.868 2.908 2.895 2.954 3.013 3.041 3.073 3.172 3.228 3.161 3.081 2.962 2.857 2.659 2.514 2.531 0.000 
8.250 19.950 1.250 1.826 2.109 2.391 2.564 2.738 2.812 2.850 2.844 2.902 2.958 2.988 3.025 3.124 3.181 3.117 3.040 2.925 2.821 2.624 2.474 2.491 0.000 
8.250 25.120 1.211 1.780 2.055 2.328 2.502 2.673 2.749 2.786 2.786 2.842 2.896 2.928 2.970 3.069 3.127 3.065 2.991 2.880 2.777 2.582 2.427 2.443 0.000 
8.250 31.620 1.165 1.727 1.993 2.259 2.434 2.602 2.679 2.715 2.721 2.775 2.827 2.862 2.908 3.006 3.064 3.004 2.933 2.826 2.724 2.530 2.371 2.386 0.000 
8.250 39.810 1.113 1.666 1.924 2.184 2.359 2.525 2.603 2.638 2.649 2.702 2.752 2.787 2.838 2.935 2.993 2.934 2.866 2.762 2.661 2.468 2.304 2.319 0.000 
8.250 50.120 1.054 1.598 1.849 2.102 2.277 2.441 2.519 2.554 2.570 2.621 2.669 2.706 2.760 2.855 2.912 2.854 2.787 2.686 2.586 2.393 2.225 2.242 0.000 
8.250 63.100 0.987 1.522 1.766 2.015 2.189 2.351 2.429 2.464 2.484 2.533 2.579 2.617 2.674 2.766 2.821 2.762 2.695 2.596 2.497 2.304 2.133 2.152 0.000 
8.250 79.430 0.912 1.436 1.676 1.922 2.095 2.254 2.332 2.367 2.390 2.438 2.482 2.520 2.579 2.668 2.718 2.657 2.590 2.492 2.391 2.197 2.025 2.048 0.000 
8.250 100.000 0.829 1.342 1.578 1.824 1.994 2.151 2.227 2.263 2.288 2.334 2.376 2.414 2.475 2.560 2.604 2.538 2.468 2.370 2.266 2.070 1.900 1.929 0.000 
8.250 125.890 0.736 1.238 1.473 1.719 1.886 2.040 2.115 2.152 2.179 2.223 2.263 2.300 2.361 2.440 2.476 2.402 2.329 2.227 2.120 1.919 1.754 1.793 0.000 
8.250 158.490 0.633 1.123 1.359 1.608 1.770 1.921 1.993 2.032 2.060 2.102 2.139 2.175 2.235 2.307 2.333 2.247 2.167 2.060 1.947 1.741 1.584 1.635 0.000 
8.250 199.530 0.519 0.997 1.235 1.489 1.645 1.793 1.862 1.903 1.931 1.970 2.005 2.039 2.097 2.159 2.171 2.071 1.981 1.866 1.743 1.528 1.385 1.453 0.000 
8.250 251.190 0.391 0.856 1.100 1.363 1.510 1.655 1.718 1.763 1.789 1.826 1.858 1.889 1.943 1.993 1.987 1.867 1.764 1.636 1.502 1.275 1.152 1.242 0.000 
8.250 316.230 0.247 0.700 0.952 1.226 1.363 1.503 1.561 1.610 1.634 1.666 1.696 1.723 1.771 1.805 1.777 1.631 1.510 1.366 1.216 0.972 0.877 0.996 0.000 
8.250 398.110 0.085 0.524 0.789 1.078 1.200 1.336 1.385 1.440 1.461 1.489 1.514 1.536 1.577 1.591 1.534 1.354 1.210 1.044 0.873 0.608 0.550 0.705 0.000 
8.250 501.190 -0.101 0.325 0.606 0.915 1.020 1.149 1.189 1.251 1.267 1.289 1.310 1.325 1.356 1.345 1.251 1.028 0.854 0.659 0.462 0.169 0.159 0.361 0.000 
8.250 630.960 -0.316 0.097 0.400 0.735 0.818 0.938 0.965 1.037 1.046 1.062 1.076 1.083 1.101 1.059 0.917 0.641 0.429 0.196 -0.035 -0.363 -0.311 -0.050 0.000 
8.250 794.330 -0.566 -0.167 0.165 0.533 0.587 0.698 0.708 0.792 0.793 0.800 0.807 0.802 0.804 0.723 0.522 0.177 -0.085 -0.364 -0.640 -1.013 -0.881 -0.545 0.000 
8.250 1000.000 -0.861 -0.475 -0.107 0.303 0.322 0.420 0.410 0.509 0.498 0.494 0.493 0.474 0.455 0.323 0.048 -0.384 -0.707 -1.047 -1.379 -1.809 -1.575 -1.144 0.000 
8.500 1.000 1.450 2.053 2.409 2.766 2.922 3.114 3.168 3.216 3.147 3.213 3.286 3.295 3.290 3.395 3.444 3.359 3.258 3.118 3.003 2.799 2.678 2.705 0.000 
8.500 1.260 1.447 2.051 2.405 2.761 2.916 3.108 3.162 3.210 3.143 3.209 3.281 3.291 3.286 3.391 3.440 3.356 3.256 3.115 3.001 2.797 2.675 2.702 0.000 
8.500 1.580 1.445 2.047 2.400 2.754 2.910 3.101 3.156 3.203 3.137 3.203 3.275 3.285 3.282 3.386 3.436 3.352 3.252 3.112 2.998 2.794 2.672 2.699 0.000 
8.500 2.000 1.441 2.043 2.394 2.745 2.902 3.093 3.148 3.195 3.131 3.196 3.267 3.278 3.276 3.380 3.430 3.347 3.248 3.108 2.994 2.791 2.668 2.694 0.000 
8.500 2.510 1.437 2.037 2.386 2.734 2.892 3.082 3.138 3.184 3.122 3.187 3.258 3.269 3.268 3.373 3.423 3.341 3.242 3.104 2.990 2.787 2.663 2.689 0.000 
8.500 3.160 1.431 2.030 2.376 2.721 2.880 3.069 3.125 3.171 3.112 3.176 3.246 3.258 3.259 3.364 3.414 3.333 3.235 3.098 2.984 2.781 2.657 2.682 0.000 
8.500 3.980 1.424 2.022 2.364 2.705 2.865 3.053 3.110 3.155 3.099 3.163 3.232 3.245 3.248 3.352 3.404 3.323 3.227 3.090 2.977 2.775 2.649 2.674 0.000 
8.500 5.010 1.415 2.011 2.350 2.686 2.847 3.033 3.092 3.136 3.083 3.146 3.214 3.229 3.234 3.338 3.390 3.311 3.216 3.081 2.969 2.766 2.639 2.664 0.000 
8.500 6.310 1.405 1.998 2.333 2.663 2.825 3.010 3.070 3.113 3.064 3.127 3.193 3.209 3.217 3.321 3.374 3.297 3.203 3.070 2.958 2.756 2.627 2.651 0.000 
8.500 7.940 1.392 1.982 2.311 2.635 2.799 2.982 3.043 3.085 3.042 3.103 3.168 3.185 3.197 3.301 3.354 3.278 3.187 3.055 2.944 2.743 2.612 2.635 0.000 
8.500 10.000 1.376 1.963 2.286 2.602 2.768 2.949 3.012 3.052 3.014 3.074 3.137 3.156 3.172 3.276 3.330 3.256 3.167 3.037 2.927 2.727 2.593 2.616 0.000 
8.500 12.590 1.357 1.939 2.255 2.564 2.731 2.910 2.975 3.014 2.982 3.041 3.102 3.123 3.142 3.246 3.300 3.229 3.142 3.016 2.907 2.707 2.570 2.592 0.000 
8.500 15.850 1.333 1.911 2.219 2.520 2.689 2.865 2.932 2.970 2.943 3.001 3.060 3.083 3.107 3.210 3.266 3.197 3.112 2.989 2.881 2.682 2.542 2.563 0.000 
8.500 19.950 1.305 1.878 2.178 2.469 2.640 2.814 2.882 2.919 2.899 2.955 3.012 3.037 3.066 3.168 3.224 3.158 3.076 2.956 2.849 2.652 2.507 2.528 0.000 
8.500 25.120 1.272 1.838 2.129 2.413 2.585 2.756 2.826 2.861 2.848 2.902 2.957 2.984 3.018 3.119 3.175 3.111 3.032 2.916 2.811 2.614 2.465 2.486 0.000 
8.500 31.620 1.232 1.791 2.074 2.349 2.523 2.692 2.763 2.797 2.790 2.843 2.895 2.924 2.962 3.062 3.119 3.057 2.980 2.867 2.763 2.568 2.415 2.436 0.000 
8.500 39.810 1.186 1.738 2.012 2.279 2.454 2.620 2.692 2.725 2.724 2.776 2.826 2.856 2.899 2.997 3.053 2.992 2.919 2.809 2.706 2.511 2.355 2.376 0.000 
8.500 50.120 1.133 1.676 1.942 2.203 2.378 2.542 2.615 2.647 2.651 2.701 2.749 2.780 2.827 2.923 2.978 2.918 2.846 2.739 2.637 2.443 2.282 2.305 0.000 
8.500 63.100 1.073 1.606 1.865 2.121 2.295 2.456 2.529 2.561 2.571 2.619 2.664 2.697 2.747 2.840 2.892 2.831 2.760 2.656 2.554 2.360 2.197 2.222 0.000 
8.500 79.430 1.003 1.526 1.780 2.032 2.205 2.364 2.437 2.469 2.482 2.528 2.571 2.605 2.658 2.747 2.795 2.731 2.661 2.558 2.455 2.260 2.096 2.125 0.000 
8.500 100.000 0.925 1.438 1.687 1.937 2.107 2.264 2.336 2.368 2.385 2.429 2.470 2.503 2.558 2.643 2.686 2.617 2.545 2.442 2.337 2.140 1.976 2.012 0.000 
8.500 125.890 0.838 1.339 1.585 1.835 2.002 2.156 2.227 2.260 2.279 2.321 2.360 2.393 2.448 2.527 2.562 2.486 2.410 2.305 2.197 1.996 1.836 1.880 0.000 
8.500 158.490 0.739 1.228 1.474 1.726 1.889 2.040 2.108 2.143 2.164 2.203 2.239 2.271 2.327 2.397 2.422 2.335 2.253 2.144 2.030 1.823 1.672 1.728 0.000 
8.500 199.530 0.628 1.105 1.353 1.610 1.767 1.914 1.979 2.016 2.037 2.074 2.108 2.138 2.191 2.252 2.263 2.162 2.070 1.954 1.831 1.616 1.478 1.551 0.000 
8.500 251.190 0.504 0.968 1.221 1.485 1.633 1.777 1.837 1.878 1.899 1.932 1.963 1.990 2.040 2.089 2.082 1.961 1.857 1.729 1.595 1.368 1.249 1.343 0.000 
8.500 316.230 0.363 0.815 1.075 1.350 1.488 1.627 1.681 1.726 1.745 1.775 1.802 1.825 1.871 1.903 1.873 1.727 1.606 1.462 1.313 1.070 0.977 1.100 0.000 
8.500 398.110 0.202 0.641 0.913 1.203 1.327 1.461 1.507 1.558 1.574 1.599 1.622 1.640 1.678 1.691 1.632 1.453 1.308 1.143 0.974 0.710 0.653 0.813 0.000 
8.500 501.190 0.018 0.444 0.732 1.041 1.148 1.275 1.311 1.370 1.381 1.400 1.418 1.430 1.459 1.447 1.351 1.129 0.955 0.761 0.565 0.275 0.265 0.471 0.000 
8.500 630.960 -0.195 0.217 0.527 0.862 0.946 1.065 1.089 1.156 1.161 1.174 1.186 1.189 1.205 1.162 1.019 0.743 0.531 0.300 0.070 -0.255 -0.203 0.062 0.000 
8.500 794.330 -0.444 -0.045 0.292 0.660 0.716 0.825 0.833 0.912 0.908 0.913 0.917 0.909 0.909 0.826 0.624 0.279 0.019 -0.259 -0.532 -0.902 -0.771 -0.432 0.000 
8.500 1000.000 -0.738 -0.352 0.021 0.431 0.452 0.548 0.535 0.630 0.615 0.608 0.604 0.582 0.561 0.428 0.151 -0.281 -0.603 -0.941 -1.269 -1.696 -1.464 -1.030 0.000 
8.750 1.000 1.461 2.059 2.422 2.782 2.936 3.128 3.175 3.221 3.144 3.208 3.281 3.288 3.280 3.392 3.445 3.365 3.262 3.121 3.006 2.804 2.681 2.709 0.000 
8.750 1.260 1.459 2.056 2.419 2.777 2.932 3.123 3.171 3.216 3.141 3.205 3.277 3.284 3.277 3.389 3.442 3.362 3.260 3.119 3.004 2.802 2.679 2.707 0.000 
8.750 1.580 1.457 2.054 2.415 2.772 2.927 3.118 3.166 3.211 3.137 3.200 3.272 3.279 3.273 3.385 3.439 3.359 3.257 3.116 3.002 2.800 2.676 2.704 0.000 
8.750 2.000 1.454 2.050 2.410 2.765 2.921 3.111 3.160 3.204 3.131 3.195 3.266 3.274 3.269 3.380 3.434 3.354 3.253 3.113 2.999 2.797 2.673 2.700 0.000 
8.750 2.510 1.451 2.046 2.404 2.756 2.913 3.102 3.152 3.196 3.125 3.188 3.259 3.267 3.263 3.374 3.428 3.349 3.249 3.109 2.995 2.793 2.669 2.696 0.000 
8.750 3.160 1.446 2.040 2.396 2.746 2.903 3.092 3.142 3.186 3.117 3.179 3.250 3.258 3.255 3.367 3.421 3.343 3.243 3.104 2.990 2.789 2.663 2.690 0.000 
8.750 3.980 1.441 2.033 2.387 2.733 2.891 3.079 3.130 3.173 3.106 3.169 3.238 3.248 3.246 3.358 3.412 3.335 3.236 3.097 2.984 2.783 2.657 2.684 0.000 
8.750 5.010 1.434 2.025 2.375 2.717 2.877 3.063 3.115 3.157 3.094 3.156 3.224 3.234 3.235 3.346 3.401 3.325 3.227 3.089 2.977 2.776 2.648 2.675 0.000 
8.750 6.310 1.426 2.014 2.361 2.698 2.859 3.044 3.097 3.138 3.079 3.140 3.207 3.218 3.222 3.332 3.387 3.312 3.216 3.080 2.967 2.767 2.638 2.664 0.000 
8.750 7.940 1.416 2.001 2.343 2.675 2.837 3.021 3.075 3.115 3.060 3.120 3.186 3.199 3.205 3.315 3.370 3.297 3.202 3.067 2.956 2.755 2.625 2.651 0.000 
8.750 10.000 1.403 1.985 2.322 2.647 2.811 2.993 3.049 3.088 3.038 3.097 3.161 3.175 3.184 3.294 3.350 3.278 3.184 3.052 2.941 2.741 2.609 2.635 0.000 
8.750 12.590 1.387 1.966 2.297 2.615 2.780 2.960 3.018 3.056 3.011 3.069 3.131 3.147 3.160 3.268 3.325 3.254 3.163 3.033 2.923 2.724 2.589 2.615 0.000 
8.750 15.850 1.368 1.942 2.266 2.577 2.744 2.922 2.981 3.018 2.978 3.035 3.095 3.113 3.130 3.238 3.294 3.226 3.137 3.009 2.900 2.702 2.565 2.590 0.000 
8.750 19.950 1.345 1.914 2.231 2.533 2.702 2.877 2.938 2.973 2.941 2.996 3.054 3.073 3.095 3.201 3.258 3.191 3.105 2.980 2.872 2.675 2.535 2.559 0.000 
8.750 25.120 1.317 1.880 2.189 2.482 2.653 2.826 2.889 2.923 2.896 2.950 3.006 3.027 3.053 3.158 3.215 3.150 3.066 2.945 2.838 2.641 2.498 2.523 0.000 
8.750 31.620 1.283 1.840 2.140 2.425 2.597 2.768 2.832 2.865 2.845 2.897 2.950 2.974 3.004 3.108 3.164 3.101 3.020 2.901 2.795 2.599 2.453 2.478 0.000 
8.750 39.810 1.244 1.792 2.084 2.362 2.535 2.702 2.769 2.800 2.787 2.837 2.888 2.913 2.948 3.049 3.104 3.042 2.964 2.849 2.744 2.548 2.398 2.424 0.000 
8.750 50.120 1.197 1.737 2.021 2.291 2.465 2.630 2.697 2.727 2.720 2.769 2.817 2.844 2.883 2.981 3.035 2.973 2.897 2.785 2.681 2.485 2.332 2.360 0.000 
8.750 63.100 1.142 1.674 1.949 2.214 2.387 2.550 2.618 2.648 2.646 2.693 2.738 2.766 2.809 2.904 2.955 2.893 2.817 2.708 2.604 2.409 2.253 2.283 0.000 
8.750 79.430 1.080 1.601 1.870 2.129 2.302 2.462 2.530 2.560 2.563 2.608 2.651 2.679 2.726 2.817 2.864 2.799 2.724 2.616 2.511 2.315 2.158 2.193 0.000 
8.750 100.000 1.007 1.518 1.782 2.038 2.209 2.366 2.434 2.464 2.471 2.514 2.554 2.583 2.632 2.718 2.759 2.689 2.613 2.506 2.400 2.202 2.046 2.087 0.000 
8.750 125.890 0.925 1.425 1.685 1.940 2.108 2.262 2.329 2.360 2.370 2.410 2.448 2.477 2.527 2.607 2.640 2.563 2.484 2.375 2.266 2.064 1.912 1.962 0.000 
8.750 158.490 0.831 1.319 1.578 1.834 1.998 2.149 2.214 2.246 2.259 2.296 2.331 2.359 2.410 2.481 2.504 2.417 2.332 2.220 2.105 1.898 1.753 1.815 0.000 
8.750 199.530 0.725 1.201 1.461 1.721 1.879 2.026 2.087 2.122 2.136 2.171 2.203 2.229 2.278 2.339 2.349 2.247 2.154 2.035 1.913 1.698 1.565 1.643 0.000 
8.750 251.190 0.604 1.068 1.331 1.598 1.748 1.891 1.948 1.986 2.000 2.031 2.060 2.084 2.130 2.179 2.171 2.050 1.944 1.815 1.682 1.456 1.340 1.440 0.000 
8.750 316.230 0.466 0.917 1.188 1.464 1.604 1.742 1.794 1.836 1.849 1.876 1.902 1.922 1.963 1.996 1.965 1.819 1.696 1.552 1.404 1.163 1.073 1.201 0.000 
8.750 398.110 0.308 0.747 1.028 1.319 1.445 1.578 1.622 1.669 1.679 1.702 1.723 1.738 1.773 1.786 1.726 1.547 1.402 1.237 1.069 0.808 0.753 0.916 0.000 
8.750 501.190 0.127 0.552 0.848 1.158 1.267 1.393 1.427 1.482 1.488 1.505 1.521 1.530 1.555 1.543 1.446 1.225 1.051 0.858 0.664 0.376 0.368 0.578 0.000 
8.750 630.960 -0.085 0.327 0.645 0.980 1.066 1.184 1.206 1.270 1.270 1.280 1.290 1.290 1.303 1.260 1.115 0.840 0.629 0.400 0.173 -0.150 -0.098 0.171 0.000 
8.750 794.330 -0.332 0.066 0.411 0.779 0.837 0.945 0.951 1.026 1.018 1.020 1.022 1.011 1.009 0.925 0.722 0.378 0.119 -0.157 -0.427 -0.794 -0.664 -0.320 0.000 
8.750 1000.000 -0.624 -0.239 0.141 0.550 0.573 0.668 0.654 0.744 0.726 0.716 0.709 0.684 0.661 0.528 0.250 -0.180 -0.501 -0.837 -1.162 -1.585 -1.355 -0.917 0.000 
9.000 1.000 1.463 2.055 2.426 2.789 2.943 3.134 3.176 3.219 3.136 3.198 3.271 3.275 3.265 3.385 3.443 3.368 3.264 3.122 3.008 2.809 2.684 2.712 0.000 
9.000 1.260 1.461 2.053 2.424 2.785 2.940 3.130 3.173 3.216 3.133 3.195 3.268 3.272 3.263 3.383 3.441 3.365 3.262 3.120 3.007 2.807 2.682 2.711 0.000 
9.000 1.580 1.460 2.051 2.421 2.781 2.936 3.126 3.169 3.211 3.130 3.192 3.264 3.268 3.260 3.380 3.438 3.363 3.260 3.118 3.004 2.805 2.680 2.708 0.000 
9.000 2.000 1.458 2.048 2.417 2.775 2.931 3.120 3.164 3.206 3.125 3.187 3.259 3.264 3.256 3.376 3.434 3.359 3.257 3.115 3.002 2.802 2.677 2.705 0.000 
9.000 2.510 1.455 2.044 2.412 2.769 2.925 3.114 3.157 3.199 3.120 3.182 3.253 3.259 3.251 3.371 3.429 3.355 3.253 3.112 2.999 2.799 2.673 2.702 0.000 
9.000 3.160 1.452 2.040 2.406 2.760 2.917 3.105 3.150 3.191 3.114 3.175 3.246 3.252 3.246 3.365 3.423 3.349 3.248 3.107 2.994 2.795 2.669 2.697 0.000 
9.000 3.980 1.447 2.034 2.398 2.750 2.907 3.095 3.140 3.181 3.106 3.166 3.237 3.243 3.238 3.357 3.416 3.342 3.242 3.102 2.989 2.790 2.663 2.691 0.000 
9.000 5.010 1.442 2.028 2.389 2.737 2.895 3.082 3.128 3.169 3.096 3.156 3.225 3.233 3.230 3.348 3.406 3.334 3.234 3.095 2.983 2.784 2.656 2.684 0.000 
9.000 6.310 1.436 2.019 2.377 2.721 2.881 3.066 3.114 3.153 3.084 3.143 3.211 3.220 3.218 3.336 3.395 3.323 3.224 3.086 2.974 2.776 2.647 2.675 0.000 
9.000 7.940 1.428 2.009 2.363 2.702 2.863 3.047 3.096 3.135 3.069 3.127 3.194 3.204 3.205 3.322 3.381 3.310 3.212 3.076 2.964 2.766 2.636 2.664 0.000 
9.000 10.000 1.418 1.995 2.346 2.680 2.842 3.024 3.074 3.112 3.050 3.108 3.174 3.184 3.188 3.304 3.363 3.293 3.197 3.062 2.951 2.753 2.622 2.650 0.000 
9.000 12.590 1.405 1.979 2.325 2.652 2.816 2.997 3.048 3.085 3.028 3.085 3.149 3.161 3.167 3.283 3.342 3.273 3.179 3.046 2.935 2.738 2.605 2.633 0.000 
9.000 15.850 1.390 1.960 2.299 2.620 2.785 2.964 3.017 3.053 3.001 3.057 3.119 3.132 3.143 3.257 3.316 3.248 3.156 3.025 2.915 2.718 2.584 2.612 0.000 
9.000 19.950 1.371 1.936 2.269 2.582 2.749 2.926 2.981 3.015 2.969 3.024 3.084 3.098 3.113 3.225 3.284 3.218 3.128 2.999 2.890 2.694 2.557 2.585 0.000 
9.000 25.120 1.347 1.907 2.233 2.538 2.707 2.881 2.938 2.971 2.931 2.984 3.042 3.059 3.077 3.188 3.246 3.181 3.093 2.968 2.860 2.663 2.524 2.553 0.000 
9.000 31.620 1.319 1.872 2.190 2.487 2.658 2.829 2.888 2.920 2.887 2.938 2.993 3.012 3.035 3.143 3.200 3.137 3.052 2.929 2.821 2.626 2.484 2.513 0.000 
9.000 39.810 1.285 1.831 2.141 2.430 2.602 2.771 2.831 2.861 2.835 2.885 2.937 2.957 2.985 3.091 3.147 3.084 3.001 2.881 2.774 2.579 2.435 2.465 0.000 
9.000 50.120 1.245 1.782 2.084 2.365 2.538 2.704 2.766 2.796 2.776 2.824 2.873 2.895 2.927 3.029 3.083 3.021 2.939 2.823 2.716 2.521 2.375 2.407 0.000 
9.000 63.100 1.196 1.725 2.019 2.293 2.467 2.630 2.693 2.722 2.708 2.754 2.801 2.824 2.860 2.959 3.010 2.946 2.866 2.752 2.646 2.450 2.302 2.337 0.000 
9.000 79.430 1.140 1.659 1.946 2.214 2.387 2.548 2.611 2.640 2.632 2.676 2.719 2.743 2.783 2.877 2.924 2.858 2.778 2.666 2.559 2.363 2.214 2.254 0.000 
9.000 100.000 1.074 1.583 1.863 2.128 2.299 2.457 2.521 2.549 2.546 2.588 2.628 2.653 2.695 2.784 2.825 2.754 2.674 2.562 2.454 2.256 2.108 2.154 0.000 
9.000 125.890 0.997 1.496 1.772 2.034 2.203 2.357 2.420 2.449 2.450 2.489 2.527 2.552 2.596 2.678 2.711 2.633 2.550 2.438 2.327 2.125 1.980 2.036 0.000 
9.000 158.490 0.909 1.396 1.669 1.932 2.097 2.248 2.309 2.339 2.344 2.380 2.415 2.439 2.483 2.557 2.579 2.492 2.404 2.288 2.173 1.966 1.828 1.895 0.000 
9.000 199.530 0.808 1.283 1.556 1.821 1.980 2.128 2.186 2.218 2.225 2.258 2.290 2.312 2.356 2.419 2.428 2.326 2.231 2.109 1.986 1.772 1.645 1.729 0.000 
9.000 251.190 0.691 1.154 1.430 1.701 1.852 1.996 2.050 2.085 2.093 2.122 2.150 2.171 2.212 2.262 2.253 2.133 2.026 1.894 1.761 1.536 1.427 1.531 0.000 
9.000 316.230 0.557 1.008 1.290 1.570 1.711 1.850 1.898 1.938 1.944 1.970 1.994 2.011 2.049 2.083 2.051 1.905 1.782 1.636 1.489 1.249 1.164 1.296 0.000 
9.000 398.110 0.403 0.841 1.132 1.426 1.554 1.687 1.728 1.773 1.778 1.799 1.818 1.830 1.862 1.875 1.814 1.636 1.491 1.326 1.159 0.899 0.848 1.016 0.000 
9.000 501.190 0.224 0.649 0.955 1.267 1.378 1.504 1.536 1.587 1.588 1.604 1.618 1.623 1.646 1.634 1.537 1.317 1.143 0.950 0.758 0.473 0.467 0.681 0.000 
9.000 630.960 0.015 0.427 0.753 1.089 1.178 1.296 1.315 1.376 1.372 1.380 1.388 1.385 1.396 1.352 1.208 0.934 0.723 0.495 0.270 -0.049 0.004 0.277 0.000 
9.000 794.330 -0.231 0.168 0.521 0.889 0.950 1.058 1.061 1.134 1.122 1.121 1.122 1.108 1.103 1.020 0.816 0.474 0.215 -0.059 -0.326 -0.690 -0.559 -0.212 0.000 
9.000 1000.000 -0.521 -0.136 0.252 0.662 0.687 0.782 0.765 0.853 0.830 0.819 0.810 0.782 0.757 0.623 0.345 -0.084 -0.403 -0.736 -1.058 -1.478 -1.248 -0.806 0.000 
9.250 1.000 1.456 2.042 2.422 2.787 2.942 3.132 3.170 3.211 3.121 3.182 3.255 3.257 3.246 3.375 3.438 3.368 3.264 3.121 3.009 2.813 2.687 2.716 0.000 
9.250 1.260 1.455 2.040 2.420 2.785 2.940 3.129 3.167 3.208 3.119 3.180 3.253 3.255 3.244 3.373 3.436 3.366 3.262 3.120 3.008 2.812 2.685 2.714 0.000 
9.250 1.580 1.453 2.039 2.418 2.781 2.936 3.126 3.164 3.205 3.116 3.177 3.250 3.252 3.242 3.370 3.433 3.364 3.260 3.118 3.006 2.810 2.683 2.712 0.000 
9.250 2.000 1.452 2.036 2.415 2.777 2.932 3.122 3.160 3.201 3.113 3.173 3.246 3.249 3.239 3.367 3.430 3.361 3.257 3.116 3.004 2.807 2.681 2.710 0.000 
9.250 2.510 1.450 2.033 2.411 2.771 2.927 3.116 3.155 3.195 3.109 3.169 3.241 3.244 3.235 3.363 3.426 3.357 3.254 3.113 3.001 2.805 2.678 2.707 0.000 
9.250 3.160 1.447 2.030 2.406 2.765 2.921 3.110 3.149 3.189 3.104 3.164 3.235 3.239 3.230 3.358 3.421 3.352 3.250 3.109 2.997 2.801 2.674 2.703 0.000 
9.250 3.980 1.444 2.025 2.400 2.756 2.914 3.101 3.141 3.181 3.098 3.157 3.228 3.232 3.225 3.352 3.415 3.346 3.244 3.104 2.992 2.796 2.669 2.698 0.000 
9.250 5.010 1.440 2.020 2.392 2.746 2.904 3.091 3.132 3.171 3.090 3.149 3.219 3.224 3.217 3.344 3.407 3.339 3.238 3.098 2.987 2.791 2.663 2.692 0.000 
9.250 6.310 1.435 2.013 2.383 2.733 2.892 3.078 3.120 3.159 3.080 3.138 3.208 3.213 3.208 3.334 3.397 3.330 3.229 3.090 2.979 2.784 2.655 2.684 0.000 
9.250 7.940 1.428 2.004 2.371 2.718 2.878 3.063 3.106 3.143 3.068 3.126 3.194 3.200 3.197 3.322 3.385 3.318 3.219 3.081 2.970 2.775 2.645 2.675 0.000 
9.250 10.000 1.420 1.994 2.357 2.699 2.860 3.044 3.088 3.125 3.053 3.110 3.177 3.184 3.183 3.308 3.370 3.304 3.206 3.069 2.959 2.763 2.633 2.663 0.000 
9.250 12.590 1.411 1.980 2.340 2.676 2.839 3.021 3.067 3.103 3.035 3.091 3.156 3.165 3.166 3.290 3.352 3.287 3.190 3.054 2.945 2.749 2.618 2.648 0.000 
9.250 15.850 1.398 1.964 2.318 2.649 2.813 2.994 3.041 3.076 3.013 3.068 3.131 3.141 3.146 3.267 3.329 3.265 3.170 3.036 2.927 2.732 2.599 2.629 0.000 
9.250 19.950 1.383 1.944 2.293 2.617 2.783 2.961 3.010 3.044 2.986 3.040 3.102 3.112 3.121 3.240 3.302 3.238 3.145 3.013 2.904 2.709 2.575 2.606 0.000 
9.250 25.120 1.364 1.920 2.262 2.578 2.746 2.922 2.973 3.006 2.954 3.007 3.066 3.078 3.090 3.208 3.269 3.206 3.114 2.985 2.876 2.682 2.546 2.578 0.000 
9.250 31.620 1.340 1.890 2.225 2.534 2.703 2.877 2.930 2.961 2.916 2.967 3.024 3.038 3.054 3.169 3.228 3.166 3.076 2.950 2.842 2.647 2.510 2.543 0.000 
9.250 39.810 1.311 1.854 2.182 2.483 2.654 2.825 2.880 2.910 2.871 2.920 2.974 2.990 3.010 3.122 3.180 3.118 3.030 2.906 2.799 2.604 2.465 2.500 0.000 
9.250 50.120 1.276 1.812 2.132 2.425 2.597 2.765 2.822 2.850 2.819 2.866 2.917 2.934 2.959 3.067 3.122 3.060 2.974 2.853 2.746 2.551 2.411 2.448 0.000 
9.250 63.100 1.234 1.761 2.074 2.359 2.532 2.697 2.755 2.783 2.758 2.803 2.851 2.870 2.898 3.003 3.055 2.991 2.907 2.787 2.680 2.485 2.343 2.384 0.000 
9.250 79.430 1.184 1.702 2.007 2.286 2.459 2.621 2.680 2.707 2.688 2.731 2.776 2.796 2.828 2.927 2.975 2.909 2.825 2.707 2.599 2.403 2.262 2.307 0.000 
9.250 100.000 1.124 1.632 1.930 2.205 2.376 2.536 2.595 2.622 2.609 2.650 2.692 2.712 2.747 2.840 2.881 2.811 2.726 2.610 2.500 2.302 2.162 2.214 0.000 
9.250 125.890 1.054 1.551 1.844 2.116 2.285 2.441 2.500 2.528 2.519 2.557 2.596 2.616 2.654 2.740 2.773 2.695 2.609 2.492 2.379 2.178 2.041 2.102 0.000 
9.250 158.490 0.972 1.458 1.747 2.018 2.184 2.336 2.394 2.422 2.418 2.453 2.488 2.508 2.547 2.624 2.647 2.559 2.468 2.348 2.232 2.025 1.895 1.968 0.000 
9.250 199.530 0.876 1.350 1.639 1.911 2.071 2.220 2.275 2.306 2.304 2.336 2.368 2.387 2.425 2.491 2.500 2.399 2.300 2.175 2.052 1.838 1.719 1.808 0.000 
9.250 251.190 0.764 1.227 1.517 1.794 1.947 2.091 2.143 2.176 2.176 2.204 2.232 2.249 2.286 2.338 2.330 2.210 2.100 1.966 1.833 1.609 1.506 1.616 0.000 
9.250 316.230 0.635 1.085 1.380 1.665 1.808 1.947 1.994 2.031 2.031 2.056 2.079 2.093 2.127 2.162 2.131 1.986 1.861 1.714 1.567 1.328 1.249 1.387 0.000 
9.250 398.110 0.485 0.922 1.225 1.523 1.653 1.787 1.826 1.869 1.868 1.887 1.906 1.915 1.943 1.958 1.897 1.720 1.574 1.408 1.243 0.985 0.938 1.111 0.000 
9.250 501.190 0.309 0.734 1.050 1.366 1.479 1.606 1.636 1.685 1.681 1.695 1.708 1.711 1.730 1.720 1.622 1.404 1.229 1.037 0.847 0.564 0.561 0.780 0.000 
9.250 630.960 0.103 0.514 0.851 1.190 1.282 1.400 1.418 1.476 1.467 1.473 1.480 1.474 1.482 1.440 1.295 1.024 0.813 0.586 0.363 0.046 0.103 0.380 0.000 
9.250 794.330 -0.140 0.258 0.620 0.992 1.055 1.163 1.165 1.235 1.219 1.216 1.215 1.199 1.191 1.109 0.905 0.565 0.307 0.035 -0.230 -0.590 -0.457 -0.106 0.000 
9.250 1000.000 -0.429 -0.044 0.353 0.765 0.793 0.888 0.870 0.955 0.929 0.915 0.905 0.874 0.847 0.714 0.436 0.010 -0.309 -0.640 -0.959 -1.374 -1.143 -0.698 0.000 
