AbrahamsonEtAl2015SInter as implemented in OpenQuake, distance is rrup. Log10 ground motion values in cgs units, PGV and Sa(T<0.1s) not valid
          10 31 24 : nmag, ndist, nperiod
          10.000 7.500 6.000 5.000 4.000 3.000 2.500 2.000 1.500 1.000 0.750 0.600 0.500 0.400 0.300 0.250 0.200 0.150 0.100 0.075 0.050 0.020 PGA PGV 
          0.740 0.740 0.740 0.740 0.740 0.740 0.740 0.740 0.740 0.740 0.740 0.740 0.740 0.740 0.740 0.740 0.740 0.740 0.740 0.740 0.740 0.740 0.740 0.000 
7.000 1.000 0.540 0.760 0.968 1.134 1.322 1.538 1.672 1.833 2.050 2.333 2.478 2.598 2.713 2.839 2.935 3.009 3.081 3.143 3.072 2.975 2.811 2.730 2.730 0.000 
7.000 1.260 0.536 0.755 0.963 1.129 1.317 1.533 1.666 1.826 2.043 2.326 2.470 2.590 2.704 2.830 2.925 2.998 3.070 3.132 3.062 2.965 2.801 2.720 2.720 0.000 
7.000 1.580 0.531 0.750 0.957 1.123 1.310 1.525 1.658 1.819 2.035 2.317 2.461 2.580 2.693 2.818 2.913 2.986 3.057 3.119 3.049 2.952 2.789 2.708 2.708 0.000 
7.000 2.000 0.525 0.743 0.950 1.115 1.302 1.517 1.649 1.809 2.024 2.306 2.449 2.568 2.680 2.804 2.898 2.970 3.041 3.102 3.033 2.936 2.773 2.692 2.692 0.000 
7.000 2.510 0.517 0.734 0.941 1.106 1.292 1.506 1.638 1.797 2.012 2.292 2.435 2.553 2.664 2.787 2.880 2.951 3.021 3.082 3.013 2.917 2.755 2.673 2.673 0.000 
7.000 3.160 0.507 0.724 0.930 1.094 1.280 1.493 1.624 1.783 1.997 2.276 2.417 2.534 2.644 2.766 2.857 2.927 2.997 3.057 2.990 2.893 2.732 2.650 2.650 0.000 
7.000 3.980 0.496 0.711 0.916 1.080 1.265 1.476 1.608 1.765 1.978 2.256 2.396 2.512 2.621 2.740 2.830 2.899 2.968 3.027 2.961 2.865 2.704 2.622 2.622 0.000 
7.000 5.010 0.482 0.696 0.900 1.063 1.246 1.457 1.588 1.744 1.955 2.231 2.371 2.485 2.592 2.710 2.798 2.865 2.933 2.991 2.926 2.831 2.670 2.589 2.589 0.000 
7.000 6.310 0.465 0.678 0.881 1.042 1.225 1.434 1.563 1.719 1.929 2.202 2.340 2.453 2.558 2.673 2.759 2.825 2.892 2.948 2.885 2.790 2.630 2.549 2.549 0.000 
7.000 7.940 0.445 0.656 0.857 1.017 1.199 1.406 1.535 1.689 1.897 2.168 2.304 2.415 2.517 2.630 2.713 2.777 2.843 2.898 2.836 2.742 2.583 2.502 2.502 0.000 
7.000 10.000 0.422 0.630 0.830 0.989 1.169 1.373 1.501 1.654 1.859 2.128 2.262 2.370 2.470 2.580 2.660 2.721 2.786 2.840 2.780 2.686 2.528 2.447 2.447 0.000 
7.000 12.590 0.394 0.599 0.798 0.955 1.133 1.335 1.461 1.613 1.815 2.081 2.213 2.319 2.415 2.522 2.598 2.657 2.720 2.772 2.714 2.621 2.465 2.385 2.385 0.000 
7.000 15.850 0.361 0.564 0.761 0.916 1.092 1.291 1.416 1.565 1.765 2.027 2.157 2.260 2.352 2.456 2.529 2.585 2.646 2.696 2.640 2.547 2.393 2.313 2.313 0.000 
7.000 19.950 0.324 0.523 0.718 0.870 1.045 1.240 1.364 1.511 1.707 1.965 2.093 2.193 2.281 2.381 2.450 2.503 2.562 2.610 2.556 2.464 2.312 2.234 2.234 0.000 
7.000 25.120 0.281 0.477 0.668 0.819 0.991 1.183 1.304 1.449 1.642 1.895 2.020 2.117 2.202 2.298 2.362 2.412 2.469 2.515 2.463 2.371 2.222 2.145 2.145 0.000 
7.000 31.620 0.231 0.423 0.612 0.760 0.929 1.118 1.237 1.379 1.568 1.817 1.939 2.033 2.114 2.205 2.266 2.312 2.367 2.411 2.361 2.270 2.124 2.048 2.048 0.000 
7.000 39.810 0.175 0.362 0.549 0.694 0.860 1.044 1.162 1.301 1.486 1.730 1.849 1.940 2.016 2.104 2.160 2.203 2.257 2.299 2.251 2.159 2.016 1.943 1.943 0.000 
7.000 50.120 0.110 0.293 0.477 0.619 0.782 0.962 1.077 1.213 1.393 1.632 1.749 1.837 1.910 1.994 2.046 2.086 2.138 2.178 2.132 2.041 1.901 1.831 1.831 0.000 
7.000 63.100 0.036 0.215 0.395 0.534 0.694 0.869 0.982 1.115 1.290 1.524 1.638 1.725 1.793 1.875 1.924 1.960 2.011 2.049 2.005 1.914 1.778 1.711 1.711 0.000 
7.000 79.430 -0.049 0.125 0.302 0.437 0.594 0.764 0.874 1.004 1.175 1.403 1.515 1.601 1.666 1.746 1.792 1.825 1.876 1.913 1.871 1.780 1.648 1.584 1.584 0.000 
7.000 100.000 -0.147 0.021 0.195 0.327 0.480 0.645 0.753 0.879 1.045 1.268 1.378 1.465 1.528 1.607 1.652 1.682 1.733 1.769 1.730 1.639 1.511 1.451 1.451 0.000 
7.000 125.890 -0.262 -0.098 0.072 0.200 0.350 0.510 0.615 0.738 0.898 1.116 1.226 1.314 1.376 1.456 1.501 1.530 1.582 1.618 1.582 1.491 1.368 1.312 1.312 0.000 
7.000 158.490 -0.396 -0.238 -0.071 0.053 0.200 0.354 0.456 0.575 0.730 0.944 1.054 1.146 1.209 1.293 1.340 1.368 1.423 1.460 1.427 1.337 1.217 1.165 1.165 0.000 
7.000 199.530 -0.554 -0.402 -0.239 -0.118 0.025 0.173 0.273 0.389 0.538 0.748 0.859 0.959 1.023 1.114 1.166 1.195 1.254 1.294 1.264 1.174 1.060 1.012 1.012 0.000 
7.000 251.190 -0.742 -0.596 -0.437 -0.320 -0.181 -0.038 0.059 0.171 0.314 0.522 0.636 0.746 0.816 0.917 0.978 1.010 1.075 1.119 1.094 1.004 0.894 0.851 0.851 0.000 
7.000 316.230 -0.969 -0.828 -0.673 -0.559 -0.424 -0.287 -0.193 -0.085 0.053 0.258 0.379 0.503 0.581 0.699 0.773 0.809 0.884 0.935 0.915 0.825 0.720 0.681 0.681 0.000 
7.000 398.110 -1.242 -1.107 -0.956 -0.846 -0.715 -0.584 -0.492 -0.388 -0.256 -0.051 0.077 0.223 0.314 0.454 0.546 0.590 0.678 0.738 0.726 0.636 0.535 0.501 0.501 0.000 
7.000 501.190 -1.575 -1.446 -1.299 -1.193 -1.065 -0.940 -0.852 -0.751 -0.625 -0.419 -0.278 -0.105 0.004 0.175 0.294 0.349 0.454 0.527 0.524 0.434 0.338 0.309 0.309 0.000 
7.000 630.960 -1.983 -1.860 -1.716 -1.614 -1.490 -1.371 -1.285 -1.189 -1.068 -0.859 -0.701 -0.491 -0.357 -0.145 0.009 0.080 0.208 0.299 0.307 0.218 0.127 0.102 0.102 0.000 
7.000 794.330 -2.484 -2.367 -2.227 -2.129 -2.009 -1.895 -1.813 -1.720 -1.606 -1.390 -1.210 -0.950 -0.782 -0.517 -0.316 -0.224 -0.064 0.050 0.072 -0.017 -0.104 -0.123 -0.123 0.000 
7.000 1000.000 -3.103 -2.991 -2.855 -2.761 -2.646 -2.538 -2.458 -2.370 -2.261 -2.035 -1.825 -1.502 -1.290 -0.953 -0.690 -0.570 -0.371 -0.225 -0.185 -0.275 -0.356 -0.371 -0.371 0.000 
7.250 1.000 0.710 0.928 1.134 1.299 1.482 1.688 1.814 1.967 2.174 2.446 2.584 2.699 2.809 2.929 3.020 3.090 3.159 3.219 3.144 3.046 2.885 2.809 2.809 0.000 
7.250 1.260 0.707 0.924 1.130 1.294 1.477 1.682 1.809 1.962 2.168 2.440 2.578 2.692 2.801 2.921 3.011 3.081 3.150 3.209 3.135 3.036 2.876 2.800 2.800 0.000 
7.250 1.580 0.702 0.919 1.125 1.289 1.472 1.676 1.802 1.955 2.161 2.432 2.569 2.683 2.791 2.911 3.000 3.069 3.138 3.197 3.123 3.025 2.865 2.789 2.789 0.000 
7.250 2.000 0.697 0.913 1.118 1.282 1.464 1.668 1.794 1.946 2.152 2.422 2.559 2.672 2.779 2.898 2.987 3.055 3.124 3.182 3.109 3.011 2.851 2.775 2.775 0.000 
7.250 2.510 0.690 0.905 1.110 1.273 1.455 1.658 1.784 1.935 2.141 2.410 2.546 2.658 2.765 2.882 2.970 3.038 3.106 3.164 3.091 2.994 2.834 2.758 2.758 0.000 
7.250 3.160 0.681 0.896 1.100 1.263 1.444 1.646 1.772 1.922 2.127 2.395 2.530 2.642 2.747 2.863 2.950 3.017 3.084 3.141 3.070 2.972 2.813 2.737 2.737 0.000 
7.250 3.980 0.671 0.884 1.088 1.250 1.431 1.632 1.757 1.907 2.110 2.377 2.511 2.621 2.725 2.840 2.925 2.991 3.058 3.114 3.044 2.947 2.788 2.712 2.712 0.000 
7.250 5.010 0.658 0.870 1.073 1.234 1.414 1.614 1.738 1.887 2.089 2.354 2.488 2.597 2.699 2.812 2.895 2.960 3.026 3.081 3.012 2.916 2.758 2.681 2.681 0.000 
7.250 6.310 0.643 0.854 1.055 1.216 1.394 1.593 1.716 1.864 2.065 2.328 2.460 2.567 2.668 2.779 2.860 2.923 2.988 3.042 2.975 2.879 2.721 2.645 2.645 0.000 
7.250 7.940 0.625 0.834 1.034 1.193 1.371 1.567 1.690 1.837 2.035 2.296 2.427 2.532 2.630 2.739 2.818 2.879 2.943 2.996 2.930 2.835 2.678 2.602 2.602 0.000 
7.250 10.000 0.603 0.810 1.009 1.167 1.343 1.537 1.659 1.804 2.001 2.259 2.388 2.491 2.587 2.693 2.769 2.828 2.890 2.942 2.878 2.783 2.628 2.551 2.551 0.000 
7.250 12.590 0.578 0.782 0.979 1.135 1.310 1.502 1.622 1.766 1.960 2.215 2.342 2.443 2.536 2.639 2.711 2.768 2.829 2.879 2.818 2.723 2.570 2.493 2.493 0.000 
7.250 15.850 0.548 0.749 0.945 1.099 1.271 1.461 1.580 1.722 1.913 2.165 2.289 2.388 2.477 2.577 2.646 2.700 2.759 2.808 2.749 2.654 2.503 2.426 2.426 0.000 
7.250 19.950 0.513 0.711 0.904 1.057 1.227 1.413 1.531 1.671 1.859 2.107 2.229 2.325 2.410 2.507 2.572 2.623 2.681 2.727 2.670 2.577 2.427 2.351 2.351 0.000 
7.250 25.120 0.472 0.667 0.858 1.008 1.176 1.359 1.474 1.612 1.797 2.041 2.160 2.254 2.335 2.428 2.489 2.537 2.593 2.638 2.583 2.490 2.342 2.268 2.268 0.000 
7.250 31.620 0.425 0.616 0.805 0.952 1.118 1.297 1.411 1.546 1.727 1.966 2.083 2.174 2.251 2.340 2.397 2.442 2.496 2.539 2.486 2.394 2.249 2.176 2.176 0.000 
7.250 39.810 0.371 0.558 0.744 0.889 1.052 1.227 1.338 1.471 1.648 1.882 1.997 2.084 2.158 2.243 2.296 2.338 2.390 2.431 2.381 2.289 2.147 2.076 2.076 0.000 
7.250 50.120 0.310 0.492 0.675 0.817 0.977 1.147 1.257 1.386 1.559 1.789 1.900 1.986 2.056 2.137 2.187 2.225 2.276 2.315 2.267 2.175 2.036 1.968 1.968 0.000 
7.250 63.100 0.238 0.416 0.596 0.735 0.892 1.058 1.165 1.291 1.459 1.684 1.793 1.877 1.943 2.022 2.068 2.103 2.153 2.191 2.145 2.054 1.918 1.852 1.852 0.000 
7.250 79.430 0.156 0.329 0.506 0.641 0.795 0.956 1.061 1.184 1.347 1.566 1.674 1.757 1.820 1.897 1.941 1.973 2.023 2.059 2.015 1.924 1.793 1.730 1.730 0.000 
7.250 100.000 0.061 0.229 0.402 0.534 0.684 0.840 0.942 1.062 1.220 1.435 1.540 1.624 1.685 1.762 1.804 1.834 1.884 1.919 1.878 1.788 1.660 1.601 1.601 0.000 
7.250 125.890 -0.051 0.112 0.282 0.410 0.557 0.707 0.807 0.923 1.076 1.286 1.391 1.476 1.536 1.615 1.658 1.686 1.737 1.772 1.734 1.644 1.520 1.465 1.465 0.000 
7.250 158.490 -0.182 -0.025 0.141 0.266 0.409 0.555 0.652 0.764 0.911 1.117 1.222 1.312 1.372 1.454 1.500 1.527 1.581 1.618 1.583 1.493 1.373 1.322 1.322 0.000 
7.250 199.530 -0.338 -0.186 -0.024 0.098 0.237 0.377 0.471 0.580 0.722 0.924 1.031 1.127 1.190 1.279 1.330 1.358 1.416 1.455 1.424 1.334 1.219 1.172 1.172 0.000 
7.250 251.190 -0.524 -0.378 -0.219 -0.102 0.034 0.169 0.260 0.365 0.501 0.700 0.811 0.918 0.986 1.085 1.145 1.175 1.240 1.283 1.258 1.167 1.057 1.014 1.014 0.000 
7.250 316.230 -0.748 -0.607 -0.452 -0.338 -0.206 -0.078 0.011 0.112 0.243 0.440 0.556 0.678 0.754 0.870 0.942 0.977 1.052 1.102 1.082 0.992 0.886 0.848 0.848 0.000 
7.250 398.110 -1.019 -0.884 -0.733 -0.623 -0.495 -0.372 -0.286 -0.188 -0.064 0.133 0.257 0.400 0.489 0.627 0.719 0.761 0.849 0.908 0.895 0.805 0.704 0.671 0.671 0.000 
7.250 501.190 -1.349 -1.220 -1.073 -0.967 -0.842 -0.725 -0.643 -0.549 -0.430 -0.232 -0.095 0.076 0.183 0.352 0.469 0.523 0.628 0.700 0.697 0.607 0.510 0.481 0.481 0.000 
7.250 630.960 -1.754 -1.631 -1.487 -1.385 -1.265 -1.154 -1.074 -0.984 -0.871 -0.669 -0.516 -0.308 -0.175 0.034 0.187 0.257 0.385 0.475 0.483 0.393 0.302 0.277 0.277 0.000 
7.250 794.330 -2.253 -2.135 -1.996 -1.898 -1.781 -1.676 -1.599 -1.512 -1.405 -1.198 -1.022 -0.765 -0.599 -0.335 -0.135 -0.044 0.115 0.229 0.251 0.161 0.074 0.055 0.055 0.000 
7.250 1000.000 -2.869 -2.758 -2.622 -2.528 -2.415 -2.315 -2.241 -2.159 -2.058 -1.840 -1.635 -1.314 -1.103 -0.768 -0.507 -0.387 -0.189 -0.044 -0.004 -0.094 -0.176 -0.190 -0.190 0.000 
7.500 1.000 0.877 1.092 1.297 1.460 1.639 1.834 1.955 2.100 2.298 2.560 2.691 2.801 2.905 3.020 3.105 3.172 3.239 3.296 3.216 3.117 2.959 2.889 2.889 0.000 
7.500 1.260 0.874 1.089 1.293 1.456 1.635 1.830 1.950 2.095 2.293 2.554 2.685 2.794 2.898 3.013 3.097 3.163 3.230 3.287 3.208 3.108 2.951 2.881 2.881 0.000 
7.500 1.580 0.870 1.084 1.288 1.451 1.630 1.824 1.944 2.089 2.286 2.547 2.678 2.786 2.889 3.003 3.088 3.153 3.220 3.276 3.198 3.098 2.941 2.871 2.871 0.000 
7.500 2.000 0.865 1.079 1.283 1.445 1.623 1.817 1.937 2.081 2.278 2.538 2.668 2.776 2.879 2.992 3.075 3.141 3.207 3.262 3.185 3.086 2.929 2.858 2.858 0.000 
7.500 2.510 0.859 1.072 1.275 1.437 1.615 1.808 1.928 2.072 2.268 2.527 2.657 2.764 2.866 2.978 3.060 3.125 3.191 3.246 3.169 3.070 2.914 2.843 2.843 0.000 
7.500 3.160 0.851 1.064 1.266 1.428 1.605 1.797 1.917 2.060 2.255 2.513 2.643 2.749 2.849 2.961 3.042 3.106 3.171 3.226 3.150 3.051 2.895 2.824 2.824 0.000 
7.500 3.980 0.842 1.053 1.256 1.416 1.593 1.784 1.903 2.046 2.240 2.497 2.625 2.730 2.830 2.940 3.020 3.082 3.147 3.201 3.126 3.028 2.872 2.801 2.801 0.000 
7.500 5.010 0.831 1.041 1.242 1.402 1.578 1.768 1.886 2.028 2.221 2.477 2.604 2.708 2.806 2.914 2.993 3.054 3.118 3.171 3.098 3.000 2.845 2.773 2.773 0.000 
7.500 6.310 0.817 1.026 1.226 1.385 1.560 1.749 1.866 2.007 2.199 2.452 2.579 2.681 2.777 2.884 2.960 3.020 3.083 3.136 3.064 2.966 2.812 2.740 2.740 0.000 
7.500 7.940 0.801 1.007 1.207 1.365 1.538 1.725 1.842 1.982 2.172 2.423 2.548 2.649 2.743 2.847 2.922 2.980 3.042 3.093 3.023 2.926 2.772 2.701 2.701 0.000 
7.500 10.000 0.781 0.986 1.184 1.340 1.513 1.698 1.813 1.952 2.140 2.389 2.512 2.611 2.703 2.804 2.876 2.933 2.993 3.043 2.975 2.879 2.726 2.654 2.654 0.000 
7.500 12.590 0.757 0.960 1.156 1.311 1.482 1.665 1.779 1.917 2.102 2.348 2.470 2.567 2.655 2.754 2.823 2.877 2.937 2.985 2.920 2.824 2.672 2.600 2.600 0.000 
7.500 15.850 0.729 0.929 1.124 1.277 1.446 1.626 1.740 1.875 2.058 2.301 2.420 2.515 2.601 2.697 2.762 2.814 2.872 2.919 2.855 2.760 2.610 2.538 2.538 0.000 
7.500 19.950 0.697 0.894 1.086 1.238 1.405 1.582 1.694 1.827 2.007 2.246 2.364 2.456 2.538 2.631 2.693 2.742 2.798 2.843 2.782 2.688 2.540 2.468 2.468 0.000 
7.500 25.120 0.659 0.852 1.043 1.192 1.357 1.531 1.641 1.772 1.949 2.184 2.299 2.388 2.467 2.556 2.614 2.660 2.715 2.758 2.700 2.606 2.460 2.389 2.389 0.000 
7.500 31.620 0.614 0.804 0.993 1.139 1.302 1.472 1.580 1.709 1.882 2.113 2.225 2.312 2.387 2.473 2.527 2.570 2.623 2.664 2.609 2.516 2.372 2.302 2.302 0.000 
7.500 39.810 0.563 0.749 0.935 1.079 1.239 1.405 1.511 1.637 1.807 2.033 2.143 2.227 2.298 2.380 2.431 2.471 2.522 2.562 2.509 2.416 2.275 2.207 2.207 0.000 
7.500 50.120 0.504 0.686 0.869 1.010 1.167 1.329 1.433 1.556 1.721 1.943 2.050 2.132 2.200 2.279 2.326 2.362 2.413 2.450 2.400 2.308 2.170 2.103 2.103 0.000 
7.500 63.100 0.435 0.613 0.792 0.931 1.085 1.242 1.344 1.464 1.625 1.841 1.946 2.027 2.091 2.168 2.212 2.245 2.294 2.331 2.283 2.191 2.057 1.992 1.992 0.000 
7.500 79.430 0.356 0.528 0.705 0.840 0.991 1.143 1.243 1.360 1.516 1.727 1.830 1.910 1.971 2.047 2.089 2.119 2.168 2.203 2.158 2.067 1.936 1.874 1.874 0.000 
7.500 100.000 0.263 0.431 0.604 0.735 0.883 1.031 1.128 1.241 1.392 1.599 1.701 1.781 1.840 1.915 1.956 1.984 2.033 2.068 2.026 1.935 1.807 1.749 1.749 0.000 
7.500 125.890 0.154 0.316 0.486 0.614 0.758 0.901 0.995 1.106 1.251 1.454 1.554 1.637 1.695 1.771 1.813 1.840 1.890 1.925 1.886 1.795 1.671 1.617 1.617 0.000 
7.500 158.490 0.025 0.182 0.349 0.473 0.614 0.751 0.843 0.950 1.090 1.288 1.389 1.476 1.535 1.615 1.658 1.685 1.738 1.774 1.738 1.648 1.528 1.477 1.477 0.000 
7.500 199.530 -0.128 0.024 0.187 0.307 0.444 0.576 0.665 0.768 0.903 1.098 1.200 1.294 1.355 1.443 1.492 1.519 1.576 1.615 1.583 1.493 1.378 1.331 1.331 0.000 
7.500 251.190 -0.311 -0.165 -0.006 0.111 0.244 0.371 0.457 0.556 0.686 0.877 0.983 1.088 1.154 1.252 1.310 1.340 1.403 1.446 1.420 1.329 1.219 1.176 1.176 0.000 
7.500 316.230 -0.532 -0.392 -0.237 -0.123 0.006 0.127 0.210 0.306 0.430 0.619 0.731 0.851 0.926 1.040 1.111 1.145 1.218 1.268 1.247 1.157 1.051 1.013 1.013 0.000 
7.500 398.110 -0.801 -0.666 -0.515 -0.405 -0.279 -0.164 -0.084 0.008 0.126 0.315 0.436 0.576 0.664 0.800 0.890 0.932 1.018 1.077 1.064 0.974 0.873 0.839 0.839 0.000 
7.500 501.190 -1.129 -0.999 -0.852 -0.746 -0.624 -0.515 -0.437 -0.349 -0.237 -0.047 0.086 0.254 0.360 0.527 0.643 0.696 0.800 0.872 0.868 0.778 0.682 0.653 0.653 0.000 
7.500 630.960 -1.531 -1.408 -1.264 -1.162 -1.044 -0.941 -0.866 -0.782 -0.675 -0.482 -0.332 -0.126 0.004 0.213 0.364 0.433 0.560 0.650 0.657 0.567 0.476 0.451 0.451 0.000 
7.500 794.330 -2.027 -1.909 -1.770 -1.672 -1.558 -1.460 -1.388 -1.308 -1.207 -1.007 -0.835 -0.580 -0.416 -0.153 0.045 0.135 0.293 0.407 0.428 0.338 0.251 0.232 0.232 0.000 
7.500 1000.000 -2.641 -2.529 -2.393 -2.299 -2.189 -2.098 -2.029 -1.952 -1.858 -1.647 -1.446 -1.127 -0.918 -0.585 -0.325 -0.205 -0.008 0.137 0.176 0.086 0.004 -0.011 -0.011 0.000 
7.750 1.000 0.982 1.195 1.398 1.559 1.735 1.920 2.053 2.213 2.418 2.673 2.799 2.903 3.002 3.111 3.191 3.255 3.319 3.373 3.289 3.188 3.034 2.970 2.970 0.000 
7.750 1.260 0.980 1.192 1.395 1.556 1.731 1.916 2.048 2.208 2.414 2.668 2.793 2.897 2.996 3.105 3.184 3.247 3.311 3.365 3.282 3.181 3.027 2.963 2.963 0.000 
7.750 1.580 0.976 1.188 1.390 1.551 1.726 1.911 2.043 2.202 2.408 2.661 2.786 2.890 2.988 3.097 3.176 3.238 3.302 3.356 3.273 3.172 3.018 2.954 2.954 0.000 
7.750 2.000 0.972 1.183 1.385 1.546 1.720 1.904 2.036 2.196 2.400 2.653 2.778 2.881 2.978 3.086 3.165 3.226 3.290 3.343 3.261 3.161 3.007 2.942 2.942 0.000 
7.750 2.510 0.966 1.177 1.379 1.539 1.713 1.896 2.028 2.187 2.391 2.643 2.768 2.870 2.966 3.074 3.151 3.212 3.276 3.329 3.247 3.147 2.993 2.929 2.929 0.000 
7.750 3.160 0.959 1.169 1.371 1.530 1.704 1.887 2.018 2.176 2.380 2.631 2.755 2.856 2.952 3.058 3.135 3.195 3.258 3.310 3.230 3.130 2.976 2.912 2.912 0.000 
7.750 3.980 0.951 1.160 1.361 1.520 1.693 1.875 2.006 2.163 2.366 2.616 2.739 2.839 2.934 3.039 3.114 3.174 3.236 3.288 3.208 3.109 2.956 2.891 2.891 0.000 
7.750 5.010 0.941 1.149 1.349 1.507 1.679 1.860 1.990 2.147 2.349 2.598 2.720 2.819 2.912 3.016 3.090 3.148 3.210 3.261 3.183 3.083 2.931 2.866 2.866 0.000 
7.750 6.310 0.928 1.135 1.334 1.492 1.663 1.842 1.972 2.128 2.328 2.575 2.696 2.794 2.886 2.988 3.060 3.117 3.178 3.228 3.152 3.053 2.901 2.835 2.835 0.000 
7.750 7.940 0.913 1.118 1.316 1.473 1.643 1.821 1.950 2.105 2.303 2.549 2.668 2.765 2.855 2.955 3.025 3.080 3.140 3.189 3.115 3.016 2.865 2.799 2.799 0.000 
7.750 10.000 0.895 1.098 1.295 1.450 1.619 1.796 1.924 2.077 2.274 2.517 2.635 2.730 2.818 2.915 2.983 3.037 3.095 3.144 3.071 2.973 2.823 2.757 2.757 0.000 
7.750 12.590 0.873 1.074 1.270 1.424 1.591 1.765 1.892 2.045 2.239 2.479 2.596 2.689 2.774 2.869 2.934 2.986 3.043 3.090 3.020 2.922 2.773 2.707 2.707 0.000 
7.750 15.850 0.848 1.046 1.240 1.392 1.558 1.730 1.855 2.006 2.198 2.435 2.550 2.641 2.723 2.815 2.877 2.927 2.983 3.028 2.960 2.864 2.716 2.649 2.649 0.000 
7.750 19.950 0.817 1.013 1.205 1.355 1.519 1.688 1.812 1.961 2.150 2.384 2.497 2.585 2.664 2.753 2.812 2.859 2.914 2.957 2.892 2.796 2.650 2.583 2.583 0.000 
7.750 25.120 0.781 0.974 1.164 1.312 1.474 1.640 1.762 1.909 2.095 2.325 2.436 2.521 2.597 2.683 2.738 2.782 2.836 2.877 2.816 2.720 2.576 2.509 2.509 0.000 
7.750 31.620 0.740 0.929 1.116 1.262 1.422 1.584 1.705 1.849 2.032 2.258 2.366 2.449 2.521 2.604 2.656 2.697 2.749 2.789 2.730 2.635 2.493 2.427 2.427 0.000 
7.750 39.810 0.691 0.876 1.061 1.205 1.362 1.520 1.639 1.781 1.960 2.181 2.287 2.368 2.437 2.516 2.564 2.602 2.652 2.691 2.635 2.541 2.402 2.336 2.336 0.000 
7.750 50.120 0.635 0.816 0.998 1.139 1.293 1.447 1.564 1.703 1.878 2.095 2.198 2.277 2.342 2.419 2.464 2.499 2.548 2.584 2.531 2.438 2.301 2.238 2.238 0.000 
7.750 63.100 0.569 0.745 0.925 1.062 1.214 1.364 1.478 1.614 1.784 1.997 2.098 2.176 2.237 2.312 2.354 2.386 2.434 2.469 2.419 2.327 2.193 2.131 2.131 0.000 
7.750 79.430 0.492 0.664 0.840 0.975 1.123 1.268 1.380 1.513 1.679 1.886 1.985 2.063 2.122 2.195 2.235 2.264 2.312 2.346 2.299 2.207 2.077 2.017 2.017 0.000 
7.750 100.000 0.402 0.569 0.742 0.873 1.018 1.158 1.268 1.398 1.558 1.761 1.859 1.937 1.994 2.067 2.106 2.133 2.181 2.215 2.171 2.080 1.953 1.896 1.896 0.000 
7.750 125.890 0.295 0.457 0.627 0.755 0.896 1.031 1.139 1.265 1.421 1.619 1.716 1.796 1.852 1.927 1.966 1.992 2.042 2.076 2.036 1.944 1.821 1.768 1.768 0.000 
7.750 158.490 0.169 0.326 0.492 0.616 0.755 0.884 0.989 1.112 1.262 1.456 1.554 1.638 1.695 1.774 1.816 1.841 1.894 1.929 1.892 1.801 1.682 1.632 1.632 0.000 
7.750 199.530 0.019 0.170 0.333 0.453 0.588 0.712 0.814 0.934 1.079 1.269 1.368 1.460 1.519 1.605 1.652 1.679 1.735 1.773 1.741 1.650 1.535 1.489 1.489 0.000 
7.750 251.190 -0.162 -0.016 0.143 0.260 0.391 0.510 0.609 0.725 0.864 1.052 1.154 1.257 1.321 1.418 1.474 1.503 1.566 1.608 1.581 1.490 1.380 1.338 1.338 0.000 
7.750 316.230 -0.380 -0.240 -0.085 0.028 0.155 0.269 0.365 0.477 0.611 0.797 0.905 1.022 1.096 1.208 1.278 1.311 1.384 1.433 1.412 1.321 1.215 1.177 1.177 0.000 
7.750 398.110 -0.646 -0.512 -0.361 -0.251 -0.128 -0.020 0.074 0.182 0.310 0.495 0.612 0.751 0.836 0.972 1.060 1.101 1.187 1.246 1.232 1.141 1.040 1.006 1.006 0.000 
7.750 501.190 -0.972 -0.843 -0.695 -0.590 -0.470 -0.368 -0.277 -0.173 -0.051 0.136 0.265 0.431 0.536 0.702 0.816 0.869 0.972 1.044 1.039 0.948 0.852 0.823 0.823 0.000 
7.750 630.960 -1.371 -1.248 -1.105 -1.003 -0.887 -0.791 -0.703 -0.603 -0.486 -0.296 -0.150 0.054 0.183 0.390 0.540 0.608 0.735 0.824 0.831 0.740 0.649 0.625 0.625 0.000 
7.750 794.330 -1.865 -1.748 -1.608 -1.510 -1.398 -1.308 -1.223 -1.126 -1.016 -0.819 -0.651 -0.398 -0.235 0.026 0.223 0.313 0.471 0.583 0.604 0.514 0.427 0.408 0.408 0.000 
7.750 1000.000 -2.476 -2.365 -2.229 -2.135 -2.027 -1.943 -1.861 -1.768 -1.663 -1.456 -1.258 -0.942 -0.734 -0.402 -0.143 -0.025 0.172 0.316 0.355 0.265 0.183 0.168 0.168 0.000 
8.000 1.000 1.045 1.255 1.456 1.616 1.788 1.964 2.092 2.245 2.443 2.708 2.844 2.956 3.060 3.182 3.279 3.338 3.400 3.452 3.363 3.261 3.109 3.052 3.052 0.000 
8.000 1.260 1.042 1.252 1.453 1.613 1.784 1.961 2.088 2.241 2.439 2.703 2.839 2.951 3.055 3.176 3.272 3.331 3.393 3.445 3.356 3.254 3.103 3.045 3.045 0.000 
8.000 1.580 1.039 1.249 1.450 1.609 1.780 1.956 2.083 2.236 2.433 2.697 2.833 2.944 3.048 3.168 3.264 3.323 3.385 3.436 3.348 3.246 3.095 3.037 3.037 0.000 
8.000 2.000 1.035 1.244 1.445 1.604 1.775 1.950 2.077 2.230 2.427 2.690 2.826 2.936 3.039 3.159 3.254 3.313 3.374 3.425 3.338 3.236 3.085 3.027 3.027 0.000 
8.000 2.510 1.030 1.239 1.439 1.598 1.768 1.943 2.070 2.222 2.418 2.681 2.816 2.926 3.028 3.148 3.242 3.300 3.361 3.412 3.325 3.223 3.073 3.015 3.015 0.000 
8.000 3.160 1.024 1.232 1.432 1.590 1.760 1.934 2.060 2.213 2.408 2.670 2.805 2.914 3.015 3.134 3.227 3.285 3.345 3.395 3.309 3.208 3.058 2.999 2.999 0.000 
8.000 3.980 1.017 1.224 1.423 1.581 1.750 1.924 2.049 2.201 2.396 2.656 2.790 2.899 2.999 3.116 3.209 3.266 3.325 3.375 3.290 3.189 3.040 2.981 2.981 0.000 
8.000 5.010 1.008 1.213 1.412 1.569 1.738 1.910 2.035 2.186 2.380 2.640 2.773 2.880 2.979 3.095 3.187 3.242 3.301 3.350 3.267 3.166 3.017 2.958 2.958 0.000 
8.000 6.310 0.996 1.201 1.399 1.555 1.723 1.894 2.019 2.169 2.361 2.620 2.752 2.858 2.956 3.070 3.160 3.214 3.273 3.321 3.239 3.139 2.990 2.930 2.930 0.000 
8.000 7.940 0.983 1.186 1.383 1.538 1.705 1.875 1.998 2.148 2.339 2.595 2.726 2.831 2.927 3.040 3.127 3.180 3.238 3.285 3.205 3.105 2.957 2.897 2.897 0.000 
8.000 10.000 0.966 1.167 1.363 1.517 1.683 1.851 1.974 2.122 2.312 2.566 2.695 2.798 2.893 3.003 3.089 3.140 3.197 3.243 3.165 3.066 2.919 2.858 2.858 0.000 
8.000 12.590 0.946 1.145 1.340 1.493 1.657 1.823 1.945 2.092 2.279 2.531 2.659 2.760 2.852 2.960 3.044 3.093 3.149 3.194 3.118 3.020 2.873 2.812 2.812 0.000 
8.000 15.850 0.922 1.119 1.312 1.463 1.626 1.790 1.911 2.056 2.241 2.490 2.616 2.716 2.805 2.910 2.991 3.038 3.092 3.136 3.064 2.965 2.820 2.759 2.759 0.000 
8.000 19.950 0.894 1.088 1.279 1.429 1.590 1.751 1.871 2.014 2.196 2.442 2.566 2.664 2.750 2.853 2.930 2.975 3.028 3.070 3.000 2.903 2.759 2.698 2.698 0.000 
8.000 25.120 0.861 1.052 1.241 1.388 1.548 1.706 1.824 1.965 2.144 2.387 2.509 2.604 2.687 2.787 2.861 2.903 2.955 2.995 2.929 2.832 2.690 2.628 2.628 0.000 
8.000 31.620 0.821 1.009 1.196 1.341 1.498 1.653 1.769 1.908 2.084 2.323 2.443 2.535 2.615 2.712 2.783 2.822 2.873 2.911 2.848 2.753 2.612 2.551 2.551 0.000 
8.000 39.810 0.775 0.959 1.144 1.287 1.441 1.592 1.707 1.843 2.016 2.250 2.367 2.458 2.534 2.628 2.696 2.732 2.781 2.819 2.759 2.664 2.526 2.465 2.465 0.000 
8.000 50.120 0.721 0.901 1.083 1.223 1.375 1.522 1.635 1.769 1.937 2.166 2.282 2.371 2.444 2.535 2.600 2.633 2.681 2.717 2.661 2.566 2.431 2.371 2.371 0.000 
8.000 63.100 0.658 0.834 1.013 1.150 1.299 1.442 1.552 1.683 1.847 2.072 2.185 2.273 2.343 2.432 2.494 2.525 2.572 2.607 2.554 2.460 2.328 2.268 2.268 0.000 
8.000 79.430 0.583 0.755 0.931 1.065 1.211 1.349 1.457 1.585 1.745 1.965 2.077 2.164 2.231 2.319 2.379 2.408 2.454 2.488 2.439 2.346 2.216 2.159 2.159 0.000 
8.000 100.000 0.496 0.663 0.835 0.966 1.109 1.242 1.348 1.473 1.627 1.843 1.954 2.042 2.107 2.195 2.254 2.281 2.328 2.361 2.315 2.223 2.097 2.042 2.042 0.000 
8.000 125.890 0.392 0.554 0.723 0.851 0.990 1.119 1.222 1.343 1.493 1.704 1.814 1.905 1.969 2.059 2.119 2.144 2.193 2.226 2.184 2.092 1.970 1.917 1.917 0.000 
8.000 158.490 0.269 0.425 0.591 0.715 0.851 0.974 1.075 1.193 1.338 1.545 1.655 1.750 1.815 1.909 1.972 1.996 2.048 2.083 2.045 1.953 1.835 1.785 1.785 0.000 
8.000 199.530 0.121 0.272 0.434 0.555 0.687 0.805 0.903 1.018 1.157 1.361 1.473 1.575 1.643 1.744 1.812 1.837 1.893 1.931 1.897 1.806 1.691 1.646 1.646 0.000 
8.000 251.190 -0.057 0.089 0.247 0.364 0.493 0.605 0.700 0.811 0.945 1.146 1.262 1.374 1.448 1.560 1.637 1.665 1.727 1.769 1.741 1.650 1.540 1.498 1.498 0.000 
8.000 316.230 -0.273 -0.133 0.022 0.135 0.260 0.367 0.459 0.567 0.695 0.894 1.015 1.143 1.225 1.353 1.443 1.476 1.549 1.597 1.575 1.484 1.378 1.341 1.341 0.000 
8.000 398.110 -0.536 -0.402 -0.251 -0.141 -0.020 0.081 0.171 0.274 0.397 0.595 0.725 0.874 0.969 1.120 1.229 1.270 1.355 1.413 1.398 1.307 1.206 1.173 1.173 0.000 
8.000 501.190 -0.859 -0.730 -0.583 -0.477 -0.360 -0.264 -0.178 -0.078 0.039 0.239 0.381 0.558 0.671 0.853 0.988 1.040 1.143 1.214 1.208 1.118 1.021 0.993 0.993 0.000 
8.000 630.960 -1.256 -1.133 -0.990 -0.888 -0.775 -0.685 -0.601 -0.505 -0.394 -0.191 -0.032 0.183 0.321 0.544 0.715 0.782 0.909 0.997 1.003 0.913 0.821 0.797 0.797 0.000 
8.000 794.330 -1.747 -1.630 -1.491 -1.393 -1.283 -1.199 -1.118 -1.026 -0.921 -0.711 -0.529 -0.266 -0.094 0.183 0.401 0.490 0.647 0.759 0.780 0.689 0.603 0.583 0.583 0.000 
8.000 1000.000 -2.356 -2.245 -2.109 -2.015 -1.909 -1.831 -1.753 -1.665 -1.566 -1.346 -1.134 -0.807 -0.590 -0.243 0.037 0.155 0.352 0.495 0.533 0.443 0.361 0.346 0.346 0.000 
8.250 1.000 1.104 1.312 1.511 1.670 1.838 2.006 2.129 2.277 2.467 2.723 2.855 2.961 3.061 3.177 3.269 3.325 3.384 3.434 3.345 3.243 3.094 3.037 3.037 0.000 
8.250 1.260 1.102 1.309 1.509 1.667 1.834 2.003 2.125 2.273 2.463 2.719 2.850 2.956 3.056 3.172 3.263 3.319 3.378 3.427 3.339 3.237 3.088 3.031 3.031 0.000 
8.250 1.580 1.099 1.306 1.505 1.663 1.831 1.999 2.121 2.268 2.458 2.714 2.845 2.950 3.050 3.165 3.256 3.312 3.371 3.420 3.332 3.230 3.081 3.024 3.024 0.000 
8.250 2.000 1.096 1.302 1.501 1.659 1.826 1.994 2.116 2.263 2.452 2.707 2.838 2.943 3.042 3.157 3.247 3.302 3.361 3.410 3.323 3.221 3.072 3.015 3.015 0.000 
8.250 2.510 1.091 1.297 1.496 1.653 1.820 1.987 2.109 2.256 2.445 2.699 2.829 2.934 3.032 3.146 3.236 3.291 3.349 3.398 3.311 3.210 3.061 3.004 3.004 0.000 
8.250 3.160 1.086 1.291 1.489 1.646 1.813 1.979 2.101 2.247 2.436 2.689 2.819 2.923 3.020 3.134 3.223 3.277 3.335 3.383 3.297 3.196 3.047 2.990 2.990 0.000 
8.250 3.980 1.079 1.284 1.481 1.638 1.804 1.969 2.090 2.236 2.424 2.677 2.806 2.909 3.006 3.118 3.206 3.260 3.317 3.365 3.280 3.179 3.031 2.973 2.973 0.000 
8.250 5.010 1.071 1.274 1.472 1.627 1.793 1.957 2.078 2.223 2.410 2.662 2.790 2.893 2.988 3.099 3.186 3.238 3.296 3.342 3.259 3.158 3.010 2.953 2.953 0.000 
8.250 6.310 1.060 1.263 1.459 1.614 1.779 1.943 2.063 2.207 2.393 2.643 2.770 2.872 2.966 3.076 3.161 3.213 3.269 3.315 3.233 3.133 2.986 2.928 2.928 0.000 
8.250 7.940 1.048 1.249 1.445 1.599 1.762 1.925 2.044 2.188 2.372 2.621 2.747 2.847 2.940 3.048 3.132 3.182 3.238 3.283 3.203 3.103 2.956 2.898 2.898 0.000 
8.250 10.000 1.033 1.232 1.427 1.580 1.743 1.903 2.022 2.165 2.347 2.594 2.719 2.818 2.908 3.015 3.097 3.145 3.200 3.244 3.166 3.067 2.921 2.862 2.862 0.000 
8.250 12.590 1.014 1.212 1.405 1.557 1.719 1.877 1.995 2.136 2.317 2.562 2.685 2.783 2.871 2.975 3.055 3.102 3.155 3.199 3.123 3.024 2.879 2.819 2.819 0.000 
8.250 15.850 0.992 1.188 1.380 1.530 1.690 1.847 1.963 2.103 2.282 2.523 2.645 2.741 2.827 2.929 3.006 3.051 3.103 3.145 3.072 2.974 2.830 2.770 2.770 0.000 
8.250 19.950 0.966 1.159 1.349 1.498 1.656 1.810 1.926 2.064 2.240 2.479 2.599 2.692 2.775 2.875 2.949 2.992 3.043 3.084 3.013 2.916 2.773 2.713 2.713 0.000 
8.250 25.120 0.935 1.125 1.313 1.460 1.616 1.768 1.881 2.018 2.191 2.426 2.544 2.636 2.716 2.813 2.884 2.925 2.975 3.014 2.946 2.850 2.709 2.648 2.648 0.000 
8.250 31.620 0.898 1.085 1.271 1.415 1.570 1.718 1.830 1.964 2.134 2.366 2.482 2.572 2.649 2.743 2.811 2.848 2.897 2.935 2.871 2.775 2.636 2.575 2.575 0.000 
8.250 39.810 0.854 1.038 1.221 1.363 1.515 1.660 1.770 1.902 2.069 2.296 2.410 2.498 2.572 2.663 2.728 2.763 2.811 2.847 2.786 2.691 2.554 2.494 2.494 0.000 
8.250 50.120 0.803 0.982 1.163 1.303 1.452 1.593 1.701 1.831 1.993 2.217 2.328 2.415 2.485 2.574 2.637 2.669 2.716 2.750 2.693 2.598 2.464 2.404 2.404 0.000 
8.250 63.100 0.742 0.917 1.096 1.232 1.379 1.515 1.622 1.748 1.907 2.126 2.236 2.321 2.389 2.476 2.535 2.565 2.611 2.645 2.591 2.497 2.365 2.307 2.307 0.000 
8.250 79.430 0.670 0.841 1.016 1.150 1.294 1.426 1.530 1.654 1.808 2.022 2.130 2.215 2.281 2.367 2.425 2.452 2.498 2.530 2.480 2.387 2.258 2.202 2.202 0.000 
8.250 100.000 0.585 0.751 0.924 1.054 1.195 1.322 1.424 1.544 1.694 1.904 2.011 2.097 2.160 2.246 2.304 2.329 2.376 2.408 2.361 2.268 2.143 2.089 2.089 0.000 
8.250 125.890 0.484 0.645 0.814 0.942 1.079 1.201 1.301 1.418 1.562 1.768 1.875 1.963 2.026 2.114 2.172 2.196 2.244 2.277 2.234 2.142 2.020 1.968 1.968 0.000 
8.250 158.490 0.363 0.519 0.685 0.809 0.943 1.060 1.157 1.271 1.410 1.611 1.719 1.812 1.875 1.968 2.029 2.053 2.103 2.137 2.099 2.007 1.889 1.840 1.840 0.000 
8.250 199.530 0.218 0.369 0.531 0.651 0.782 0.894 0.988 1.098 1.232 1.430 1.539 1.639 1.706 1.806 1.872 1.897 1.952 1.989 1.955 1.863 1.749 1.704 1.704 0.000 
8.250 251.190 0.042 0.188 0.346 0.463 0.590 0.696 0.788 0.895 1.023 1.219 1.331 1.442 1.514 1.625 1.700 1.728 1.790 1.831 1.802 1.711 1.601 1.560 1.560 0.000 
8.250 316.230 -0.171 -0.031 0.124 0.237 0.360 0.461 0.550 0.653 0.776 0.970 1.088 1.214 1.295 1.422 1.510 1.543 1.614 1.662 1.640 1.549 1.443 1.406 1.406 0.000 
8.250 398.110 -0.432 -0.297 -0.146 -0.037 0.082 0.178 0.264 0.363 0.480 0.674 0.801 0.948 1.041 1.191 1.299 1.339 1.424 1.481 1.466 1.375 1.274 1.241 1.241 0.000 
8.250 501.190 -0.752 -0.623 -0.476 -0.370 -0.255 -0.165 -0.082 0.013 0.125 0.320 0.459 0.634 0.746 0.927 1.061 1.112 1.215 1.285 1.280 1.189 1.092 1.064 1.064 0.000 
8.250 630.960 -1.147 -1.024 -0.880 -0.779 -0.667 -0.583 -0.503 -0.411 -0.305 -0.107 0.050 0.262 0.399 0.621 0.791 0.858 0.983 1.072 1.078 0.987 0.895 0.871 0.871 0.000 
8.250 794.330 -1.635 -1.518 -1.378 -1.280 -1.173 -1.094 -1.017 -0.929 -0.829 -0.624 -0.446 -0.184 -0.013 0.263 0.480 0.568 0.725 0.837 0.857 0.766 0.679 0.660 0.660 0.000 
8.250 1000.000 -2.241 -2.130 -1.994 -1.900 -1.796 -1.724 -1.650 -1.566 -1.471 -1.256 -1.048 -0.723 -0.507 -0.160 0.118 0.236 0.432 0.575 0.613 0.522 0.440 0.425 0.425 0.000 
8.500 1.000 1.160 1.365 1.563 1.720 1.884 2.046 2.164 2.307 2.491 2.739 2.865 2.967 3.062 3.173 3.260 3.313 3.370 3.417 3.329 3.227 3.079 3.024 3.024 0.000 
8.500 1.260 1.158 1.363 1.561 1.717 1.882 2.043 2.161 2.303 2.487 2.735 2.861 2.963 3.057 3.168 3.255 3.307 3.364 3.411 3.323 3.221 3.074 3.018 3.018 0.000 
8.500 1.580 1.156 1.360 1.558 1.714 1.878 2.039 2.157 2.299 2.483 2.730 2.856 2.957 3.052 3.162 3.248 3.301 3.357 3.404 3.317 3.215 3.067 3.012 3.012 0.000 
8.500 2.000 1.153 1.357 1.554 1.710 1.874 2.034 2.152 2.294 2.477 2.724 2.850 2.951 3.045 3.155 3.240 3.292 3.349 3.395 3.308 3.207 3.059 3.004 3.004 0.000 
8.500 2.510 1.149 1.352 1.549 1.705 1.869 2.029 2.146 2.288 2.470 2.717 2.842 2.943 3.036 3.146 3.231 3.282 3.338 3.384 3.298 3.197 3.049 2.994 2.994 0.000 
8.500 3.160 1.144 1.347 1.543 1.699 1.862 2.021 2.139 2.280 2.462 2.708 2.833 2.933 3.025 3.134 3.218 3.269 3.325 3.371 3.286 3.184 3.037 2.981 2.981 0.000 
8.500 3.980 1.138 1.340 1.536 1.691 1.854 2.012 2.129 2.270 2.452 2.697 2.821 2.920 3.012 3.120 3.203 3.254 3.309 3.354 3.270 3.169 3.022 2.966 2.966 0.000 
8.500 5.010 1.130 1.332 1.527 1.681 1.844 2.002 2.118 2.258 2.439 2.683 2.806 2.905 2.996 3.103 3.185 3.235 3.290 3.334 3.251 3.150 3.004 2.948 2.948 0.000 
8.500 6.310 1.121 1.321 1.516 1.670 1.831 1.988 2.104 2.244 2.423 2.666 2.789 2.886 2.976 3.082 3.163 3.211 3.266 3.310 3.228 3.127 2.982 2.925 2.925 0.000 
8.500 7.940 1.109 1.309 1.503 1.655 1.816 1.972 2.087 2.226 2.404 2.646 2.767 2.864 2.952 3.056 3.136 3.183 3.237 3.280 3.200 3.100 2.955 2.898 2.898 0.000 
8.500 10.000 1.096 1.293 1.486 1.638 1.798 1.952 2.067 2.204 2.381 2.621 2.741 2.837 2.923 3.026 3.104 3.150 3.203 3.245 3.166 3.067 2.922 2.865 2.865 0.000 
8.500 12.590 1.079 1.275 1.467 1.617 1.776 1.928 2.042 2.179 2.354 2.591 2.710 2.804 2.889 2.989 3.065 3.110 3.162 3.203 3.127 3.027 2.884 2.826 2.826 0.000 
8.500 15.850 1.058 1.252 1.443 1.592 1.749 1.900 2.012 2.148 2.321 2.555 2.673 2.765 2.848 2.946 3.020 3.063 3.114 3.154 3.080 2.981 2.839 2.781 2.781 0.000 
8.500 19.950 1.034 1.225 1.415 1.562 1.718 1.866 1.977 2.111 2.281 2.514 2.630 2.720 2.800 2.896 2.967 3.008 3.058 3.097 3.025 2.927 2.786 2.728 2.728 0.000 
8.500 25.120 1.005 1.193 1.381 1.526 1.680 1.826 1.936 2.068 2.236 2.464 2.579 2.667 2.745 2.838 2.907 2.945 2.994 3.031 2.963 2.866 2.726 2.667 2.667 0.000 
8.500 31.620 0.970 1.156 1.341 1.484 1.636 1.778 1.887 2.017 2.182 2.407 2.520 2.606 2.681 2.772 2.837 2.873 2.921 2.957 2.892 2.795 2.657 2.599 2.599 0.000 
8.500 39.810 0.928 1.111 1.294 1.435 1.585 1.723 1.830 1.958 2.119 2.341 2.451 2.537 2.608 2.697 2.759 2.793 2.839 2.874 2.812 2.716 2.580 2.522 2.522 0.000 
8.500 50.120 0.879 1.058 1.238 1.377 1.524 1.659 1.764 1.890 2.047 2.265 2.373 2.457 2.525 2.612 2.672 2.703 2.748 2.782 2.723 2.628 2.495 2.437 2.437 0.000 
8.500 63.100 0.821 0.995 1.173 1.310 1.454 1.585 1.688 1.810 1.964 2.177 2.284 2.367 2.433 2.517 2.575 2.604 2.649 2.681 2.626 2.532 2.401 2.344 2.344 0.000 
8.500 79.430 0.752 0.922 1.097 1.230 1.372 1.498 1.599 1.719 1.868 2.077 2.182 2.265 2.328 2.412 2.469 2.495 2.540 2.571 2.520 2.426 2.298 2.243 2.243 0.000 
8.500 100.000 0.669 0.835 1.007 1.137 1.275 1.397 1.496 1.613 1.757 1.962 2.066 2.150 2.212 2.296 2.352 2.376 2.422 2.453 2.406 2.313 2.187 2.134 2.134 0.000 
8.500 125.890 0.571 0.731 0.900 1.027 1.162 1.280 1.376 1.489 1.629 1.829 1.933 2.019 2.081 2.167 2.224 2.247 2.295 2.326 2.283 2.190 2.069 2.018 2.018 0.000 
8.500 158.490 0.452 0.608 0.773 0.897 1.029 1.141 1.235 1.345 1.480 1.676 1.781 1.872 1.934 2.025 2.084 2.107 2.158 2.191 2.151 2.059 1.941 1.894 1.894 0.000 
8.500 199.530 0.310 0.460 0.622 0.742 0.871 0.978 1.069 1.175 1.305 1.498 1.604 1.703 1.768 1.866 1.931 1.955 2.010 2.046 2.011 1.920 1.806 1.761 1.761 0.000 
8.500 251.190 0.137 0.282 0.440 0.557 0.682 0.783 0.872 0.975 1.099 1.289 1.399 1.508 1.579 1.689 1.763 1.790 1.851 1.892 1.862 1.771 1.661 1.620 1.620 0.000 
8.500 316.230 -0.074 0.066 0.220 0.333 0.454 0.551 0.636 0.735 0.854 1.043 1.159 1.283 1.363 1.489 1.576 1.608 1.679 1.726 1.703 1.612 1.507 1.469 1.469 0.000 
8.500 398.110 -0.332 -0.198 -0.047 0.062 0.180 0.270 0.353 0.448 0.562 0.750 0.875 1.020 1.113 1.261 1.368 1.407 1.492 1.549 1.533 1.442 1.341 1.308 1.308 0.000 
8.500 501.190 -0.650 -0.521 -0.374 -0.269 -0.155 -0.070 0.010 0.102 0.209 0.399 0.536 0.710 0.820 1.000 1.133 1.184 1.286 1.356 1.350 1.259 1.162 1.134 1.134 0.000 
8.500 630.960 -1.042 -0.919 -0.776 -0.674 -0.564 -0.485 -0.408 -0.320 -0.218 -0.025 0.129 0.340 0.476 0.697 0.865 0.932 1.057 1.145 1.151 1.060 0.968 0.944 0.944 0.000 
8.500 794.330 -1.528 -1.411 -1.272 -1.174 -1.068 -0.994 -0.920 -0.836 -0.740 -0.540 -0.363 -0.103 0.067 0.341 0.557 0.646 0.802 0.913 0.933 0.842 0.755 0.735 0.735 0.000 
8.500 1000.000 -2.132 -2.021 -1.885 -1.791 -1.689 -1.621 -1.550 -1.470 -1.379 -1.169 -0.963 -0.639 -0.424 -0.079 0.199 0.316 0.512 0.654 0.692 0.601 0.519 0.504 0.504 0.000 
8.750 1.000 1.213 1.415 1.612 1.767 1.928 2.083 2.197 2.335 2.513 2.754 2.876 2.973 3.064 3.170 3.252 3.301 3.356 3.401 3.313 3.211 3.065 3.011 3.011 0.000 
8.750 1.260 1.211 1.413 1.610 1.764 1.926 2.080 2.194 2.332 2.510 2.751 2.872 2.969 3.060 3.166 3.247 3.297 3.351 3.395 3.308 3.206 3.061 3.007 3.007 0.000 
8.750 1.580 1.209 1.411 1.607 1.761 1.923 2.077 2.191 2.329 2.506 2.747 2.868 2.965 3.055 3.160 3.241 3.291 3.345 3.389 3.302 3.201 3.055 3.001 3.001 0.000 
8.750 2.000 1.206 1.408 1.603 1.758 1.919 2.073 2.187 2.324 2.501 2.741 2.862 2.959 3.048 3.154 3.234 3.283 3.337 3.381 3.295 3.193 3.048 2.994 2.994 0.000 
8.750 2.510 1.202 1.404 1.599 1.753 1.914 2.067 2.181 2.318 2.495 2.735 2.855 2.951 3.041 3.145 3.226 3.274 3.328 3.372 3.286 3.184 3.039 2.985 2.985 0.000 
8.750 3.160 1.198 1.399 1.594 1.748 1.908 2.061 2.174 2.311 2.487 2.726 2.847 2.942 3.031 3.135 3.215 3.263 3.316 3.360 3.274 3.173 3.028 2.973 2.973 0.000 
8.750 3.980 1.193 1.393 1.587 1.741 1.901 2.053 2.166 2.302 2.478 2.716 2.836 2.931 3.019 3.122 3.201 3.248 3.302 3.345 3.260 3.159 3.014 2.960 2.960 0.000 
8.750 5.010 1.186 1.385 1.579 1.732 1.891 2.043 2.156 2.292 2.466 2.704 2.823 2.917 3.004 3.107 3.184 3.231 3.284 3.327 3.243 3.142 2.998 2.943 2.943 0.000 
8.750 6.310 1.177 1.376 1.569 1.721 1.880 2.031 2.143 2.278 2.452 2.688 2.807 2.900 2.986 3.087 3.164 3.210 3.262 3.304 3.222 3.122 2.978 2.922 2.922 0.000 
8.750 7.940 1.167 1.364 1.557 1.708 1.866 2.016 2.127 2.262 2.435 2.669 2.787 2.880 2.964 3.064 3.140 3.184 3.236 3.278 3.197 3.096 2.953 2.898 2.898 0.000 
8.750 10.000 1.154 1.350 1.542 1.692 1.850 1.998 2.109 2.242 2.414 2.647 2.763 2.855 2.938 3.036 3.110 3.154 3.205 3.245 3.166 3.066 2.924 2.868 2.868 0.000 
8.750 12.590 1.139 1.333 1.524 1.673 1.829 1.976 2.086 2.218 2.388 2.619 2.735 2.825 2.906 3.003 3.075 3.117 3.167 3.207 3.130 3.030 2.888 2.832 2.832 0.000 
8.750 15.850 1.120 1.312 1.502 1.650 1.805 1.949 2.058 2.190 2.357 2.586 2.700 2.789 2.868 2.963 3.033 3.074 3.123 3.161 3.087 2.988 2.847 2.790 2.790 0.000 
8.750 19.950 1.097 1.287 1.475 1.622 1.775 1.917 2.025 2.155 2.321 2.547 2.660 2.747 2.824 2.917 2.984 3.023 3.071 3.109 3.036 2.938 2.798 2.742 2.742 0.000 
8.750 25.120 1.070 1.257 1.444 1.588 1.740 1.880 1.987 2.115 2.278 2.501 2.612 2.697 2.772 2.862 2.928 2.964 3.011 3.048 2.978 2.881 2.742 2.685 2.685 0.000 
8.750 31.620 1.037 1.221 1.406 1.549 1.699 1.835 1.941 2.067 2.227 2.447 2.556 2.640 2.712 2.800 2.863 2.897 2.943 2.978 2.912 2.815 2.678 2.621 2.621 0.000 
8.750 39.810 0.998 1.179 1.361 1.502 1.650 1.783 1.887 2.011 2.168 2.384 2.491 2.574 2.643 2.729 2.789 2.821 2.866 2.900 2.837 2.740 2.606 2.549 2.549 0.000 
8.750 50.120 0.951 1.129 1.308 1.447 1.592 1.722 1.824 1.945 2.099 2.311 2.417 2.498 2.564 2.648 2.706 2.735 2.780 2.812 2.753 2.657 2.525 2.469 2.469 0.000 
8.750 63.100 0.895 1.069 1.246 1.382 1.524 1.650 1.750 1.869 2.018 2.227 2.331 2.411 2.475 2.558 2.613 2.641 2.685 2.716 2.660 2.565 2.435 2.380 2.380 0.000 
8.750 79.430 0.828 0.998 1.172 1.305 1.445 1.567 1.664 1.781 1.926 2.130 2.232 2.313 2.375 2.457 2.511 2.536 2.580 2.611 2.559 2.465 2.337 2.283 2.283 0.000 
8.750 100.000 0.748 0.913 1.085 1.215 1.351 1.469 1.564 1.677 1.818 2.018 2.120 2.201 2.262 2.344 2.398 2.422 2.467 2.497 2.449 2.355 2.231 2.179 2.179 0.000 
8.750 125.890 0.652 0.812 0.981 1.107 1.241 1.354 1.447 1.557 1.693 1.889 1.990 2.075 2.135 2.220 2.275 2.297 2.344 2.375 2.330 2.237 2.116 2.066 2.066 0.000 
8.750 158.490 0.536 0.692 0.857 0.980 1.111 1.218 1.309 1.416 1.547 1.739 1.841 1.930 1.991 2.081 2.139 2.161 2.210 2.243 2.203 2.111 1.993 1.946 1.946 0.000 
8.750 199.530 0.396 0.546 0.708 0.828 0.955 1.057 1.146 1.249 1.375 1.564 1.668 1.764 1.828 1.925 1.989 2.013 2.067 2.102 2.067 1.975 1.861 1.817 1.817 0.000 
8.750 251.190 0.226 0.371 0.529 0.645 0.769 0.866 0.951 1.051 1.172 1.358 1.466 1.573 1.643 1.751 1.824 1.850 1.911 1.952 1.921 1.830 1.720 1.680 1.680 0.000 
8.750 316.230 0.017 0.157 0.311 0.424 0.544 0.636 0.719 0.815 0.930 1.115 1.228 1.351 1.430 1.554 1.641 1.672 1.743 1.790 1.766 1.674 1.569 1.532 1.532 0.000 
8.750 398.110 -0.238 -0.104 0.046 0.156 0.272 0.358 0.438 0.531 0.640 0.825 0.947 1.091 1.182 1.330 1.436 1.475 1.558 1.615 1.599 1.508 1.407 1.374 1.374 0.000 
8.750 501.190 -0.553 -0.425 -0.278 -0.173 -0.060 0.020 0.098 0.186 0.290 0.476 0.611 0.783 0.893 1.071 1.204 1.254 1.355 1.425 1.419 1.328 1.231 1.203 1.203 0.000 
8.750 630.960 -0.943 -0.820 -0.677 -0.575 -0.467 -0.392 -0.318 -0.233 -0.134 0.055 0.207 0.416 0.552 0.771 0.939 1.005 1.130 1.218 1.223 1.132 1.040 1.016 1.016 0.000 
8.750 794.330 -1.426 -1.309 -1.170 -1.072 -0.968 -0.898 -0.827 -0.746 -0.653 -0.457 -0.283 -0.024 0.145 0.419 0.634 0.722 0.877 0.988 1.008 0.917 0.830 0.810 0.810 0.000 
8.750 1000.000 -2.028 -1.916 -1.781 -1.687 -1.586 -1.523 -1.454 -1.377 -1.290 -1.084 -0.880 -0.557 -0.343 0.001 0.278 0.395 0.590 0.732 0.770 0.679 0.597 0.582 0.582 0.000 
9.000 1.000 1.262 1.462 1.657 1.810 1.969 2.118 2.229 2.363 2.535 2.770 2.887 2.980 3.066 3.168 3.245 3.291 3.343 3.386 3.298 3.197 3.053 3.000 3.000 0.000 
9.000 1.260 1.261 1.461 1.655 1.808 1.967 2.115 2.226 2.360 2.532 2.767 2.884 2.977 3.063 3.164 3.241 3.287 3.339 3.381 3.294 3.192 3.048 2.996 2.996 0.000 
9.000 1.580 1.259 1.458 1.653 1.805 1.964 2.112 2.223 2.357 2.529 2.763 2.880 2.972 3.058 3.159 3.235 3.282 3.333 3.375 3.289 3.187 3.043 2.991 2.991 0.000 
9.000 2.000 1.256 1.455 1.650 1.802 1.961 2.109 2.219 2.352 2.524 2.758 2.875 2.967 3.052 3.153 3.229 3.275 3.327 3.368 3.282 3.181 3.037 2.984 2.984 0.000 
9.000 2.510 1.253 1.452 1.646 1.798 1.956 2.104 2.214 2.347 2.519 2.752 2.869 2.960 3.045 3.145 3.221 3.267 3.318 3.360 3.274 3.173 3.029 2.976 2.976 0.000 
9.000 3.160 1.249 1.447 1.641 1.793 1.951 2.098 2.208 2.341 2.512 2.744 2.861 2.952 3.037 3.136 3.211 3.256 3.308 3.349 3.264 3.162 3.019 2.966 2.966 0.000 
9.000 3.980 1.244 1.442 1.635 1.787 1.944 2.091 2.200 2.333 2.503 2.735 2.851 2.942 3.026 3.125 3.199 3.244 3.295 3.335 3.251 3.150 3.007 2.954 2.954 0.000 
9.000 5.010 1.238 1.435 1.628 1.779 1.936 2.082 2.191 2.323 2.493 2.724 2.839 2.929 3.012 3.110 3.184 3.228 3.279 3.319 3.236 3.135 2.992 2.939 2.939 0.000 
9.000 6.310 1.230 1.426 1.618 1.769 1.925 2.070 2.179 2.311 2.480 2.710 2.824 2.914 2.996 3.093 3.166 3.209 3.259 3.299 3.217 3.116 2.974 2.920 2.920 0.000 
9.000 7.940 1.221 1.416 1.607 1.757 1.913 2.057 2.165 2.296 2.464 2.692 2.806 2.895 2.976 3.072 3.143 3.186 3.235 3.275 3.194 3.093 2.951 2.898 2.898 0.000 
9.000 10.000 1.209 1.403 1.593 1.743 1.897 2.040 2.148 2.278 2.444 2.671 2.784 2.872 2.952 3.046 3.116 3.157 3.206 3.245 3.166 3.066 2.925 2.871 2.871 0.000 
9.000 12.590 1.195 1.387 1.577 1.725 1.878 2.020 2.127 2.256 2.421 2.646 2.758 2.845 2.922 3.016 3.084 3.124 3.172 3.210 3.132 3.033 2.892 2.838 2.838 0.000 
9.000 15.850 1.177 1.368 1.556 1.703 1.856 1.995 2.101 2.229 2.392 2.615 2.726 2.812 2.888 2.979 3.046 3.084 3.131 3.168 3.093 2.994 2.854 2.800 2.800 0.000 
9.000 19.950 1.156 1.345 1.532 1.677 1.828 1.966 2.071 2.197 2.358 2.579 2.688 2.772 2.846 2.936 3.000 3.037 3.083 3.119 3.046 2.948 2.809 2.755 2.755 0.000 
9.000 25.120 1.130 1.316 1.502 1.646 1.795 1.930 2.034 2.159 2.317 2.536 2.643 2.726 2.798 2.885 2.948 2.982 3.028 3.063 2.992 2.895 2.757 2.702 2.702 0.000 
9.000 31.620 1.100 1.283 1.466 1.608 1.756 1.888 1.991 2.114 2.270 2.484 2.591 2.672 2.741 2.827 2.887 2.919 2.964 2.998 2.930 2.833 2.698 2.643 2.643 0.000 
9.000 39.810 1.062 1.242 1.424 1.564 1.710 1.839 1.940 2.060 2.213 2.425 2.529 2.609 2.676 2.760 2.817 2.847 2.891 2.924 2.860 2.763 2.630 2.575 2.575 0.000 
9.000 50.120 1.018 1.194 1.374 1.511 1.655 1.780 1.879 1.998 2.147 2.355 2.458 2.537 2.601 2.683 2.739 2.766 2.810 2.841 2.781 2.685 2.553 2.499 2.499 0.000 
9.000 63.100 0.964 1.137 1.314 1.449 1.590 1.711 1.809 1.925 2.070 2.274 2.376 2.454 2.516 2.597 2.650 2.676 2.719 2.750 2.693 2.598 2.468 2.415 2.415 0.000 
9.000 79.430 0.899 1.068 1.242 1.375 1.513 1.631 1.726 1.839 1.981 2.181 2.281 2.359 2.419 2.500 2.552 2.576 2.619 2.649 2.596 2.502 2.375 2.323 2.323 0.000 
9.000 100.000 0.822 0.986 1.157 1.287 1.422 1.536 1.629 1.739 1.876 2.072 2.171 2.251 2.310 2.391 2.444 2.466 2.510 2.540 2.490 2.397 2.273 2.222 2.222 0.000 
9.000 125.890 0.728 0.888 1.056 1.183 1.315 1.423 1.514 1.622 1.754 1.946 2.045 2.128 2.187 2.270 2.324 2.345 2.391 2.422 2.376 2.283 2.163 2.114 2.114 0.000 
9.000 158.490 0.615 0.770 0.935 1.058 1.187 1.291 1.379 1.483 1.611 1.799 1.899 1.987 2.047 2.135 2.192 2.213 2.262 2.294 2.253 2.161 2.044 1.997 1.997 0.000 
9.000 199.530 0.477 0.627 0.789 0.909 1.034 1.133 1.219 1.319 1.442 1.627 1.729 1.824 1.887 1.983 2.046 2.069 2.122 2.157 2.121 2.029 1.916 1.872 1.872 0.000 
9.000 251.190 0.309 0.454 0.612 0.728 0.850 0.944 1.027 1.124 1.242 1.424 1.530 1.636 1.705 1.812 1.884 1.910 1.970 2.010 1.979 1.888 1.778 1.738 1.738 0.000 
9.000 316.230 0.104 0.243 0.397 0.510 0.629 0.717 0.797 0.891 1.003 1.184 1.296 1.417 1.495 1.619 1.704 1.735 1.805 1.852 1.827 1.736 1.631 1.594 1.594 0.000 
9.000 398.110 -0.150 -0.016 0.135 0.244 0.359 0.442 0.520 0.609 0.716 0.897 1.017 1.160 1.251 1.397 1.502 1.541 1.624 1.680 1.664 1.572 1.472 1.439 1.439 0.000 
9.000 501.190 -0.462 -0.334 -0.187 -0.082 0.030 0.107 0.182 0.268 0.369 0.551 0.684 0.855 0.964 1.142 1.273 1.323 1.424 1.494 1.487 1.396 1.299 1.271 1.271 0.000 
9.000 630.960 -0.849 -0.727 -0.583 -0.482 -0.375 -0.303 -0.231 -0.148 -0.053 0.133 0.283 0.491 0.626 0.845 1.012 1.077 1.202 1.289 1.294 1.203 1.111 1.087 1.087 0.000 
9.000 794.330 -1.330 -1.213 -1.074 -0.976 -0.873 -0.807 -0.737 -0.659 -0.569 -0.377 -0.204 0.054 0.222 0.495 0.709 0.797 0.952 1.063 1.082 0.991 0.904 0.885 0.885 0.000 
9.000 1000.000 -1.929 -1.818 -1.682 -1.588 -1.489 -1.429 -1.362 -1.287 -1.204 -1.001 -0.798 -0.477 -0.264 0.080 0.356 0.473 0.668 0.810 0.847 0.756 0.674 0.659 0.659 0.000 
9.250 1.000 1.309 1.506 1.699 1.850 2.007 2.150 2.258 2.389 2.556 2.785 2.899 2.988 3.070 3.166 3.239 3.282 3.332 3.372 3.285 3.183 3.041 2.990 2.990 0.000 
9.250 1.260 1.307 1.504 1.697 1.849 2.005 2.148 2.256 2.386 2.554 2.782 2.896 2.985 3.066 3.163 3.235 3.278 3.328 3.368 3.281 3.180 3.037 2.986 2.986 0.000 
9.250 1.580 1.305 1.502 1.695 1.846 2.002 2.145 2.253 2.383 2.551 2.779 2.892 2.981 3.062 3.158 3.230 3.273 3.323 3.363 3.276 3.175 3.033 2.982 2.982 0.000 
9.250 2.000 1.303 1.500 1.692 1.843 1.999 2.142 2.250 2.379 2.547 2.774 2.888 2.976 3.057 3.153 3.225 3.267 3.317 3.356 3.271 3.169 3.027 2.976 2.976 0.000 
9.250 2.510 1.300 1.496 1.689 1.839 1.995 2.138 2.245 2.375 2.542 2.769 2.882 2.970 3.051 3.146 3.217 3.260 3.309 3.349 3.263 3.162 3.020 2.969 2.969 0.000 
9.250 3.160 1.296 1.492 1.684 1.835 1.990 2.132 2.240 2.369 2.535 2.762 2.875 2.962 3.043 3.138 3.209 3.251 3.300 3.339 3.254 3.153 3.011 2.960 2.960 0.000 
9.250 3.980 1.292 1.487 1.679 1.829 1.984 2.126 2.233 2.362 2.528 2.754 2.866 2.953 3.033 3.127 3.198 3.239 3.288 3.327 3.243 3.141 3.000 2.949 2.949 0.000 
9.250 5.010 1.286 1.481 1.672 1.822 1.977 2.117 2.224 2.353 2.518 2.743 2.855 2.942 3.021 3.115 3.184 3.225 3.274 3.312 3.229 3.128 2.987 2.935 2.935 0.000 
9.250 6.310 1.279 1.473 1.664 1.813 1.967 2.107 2.214 2.342 2.506 2.730 2.842 2.928 3.006 3.099 3.167 3.208 3.256 3.294 3.211 3.111 2.970 2.918 2.918 0.000 
9.250 7.940 1.271 1.464 1.654 1.802 1.956 2.095 2.201 2.328 2.491 2.715 2.825 2.910 2.988 3.080 3.147 3.186 3.234 3.272 3.191 3.090 2.950 2.898 2.898 0.000 
9.250 10.000 1.260 1.452 1.641 1.789 1.941 2.079 2.185 2.311 2.473 2.695 2.805 2.889 2.965 3.056 3.123 3.161 3.208 3.245 3.165 3.065 2.926 2.873 2.873 0.000 
9.250 12.590 1.247 1.437 1.625 1.772 1.924 2.061 2.165 2.291 2.452 2.672 2.781 2.864 2.939 3.028 3.093 3.130 3.177 3.213 3.135 3.035 2.896 2.844 2.844 0.000 
9.250 15.850 1.231 1.419 1.607 1.752 1.903 2.038 2.141 2.266 2.425 2.643 2.751 2.833 2.906 2.994 3.057 3.093 3.139 3.174 3.098 2.999 2.861 2.809 2.809 0.000 
9.250 19.950 1.211 1.398 1.584 1.728 1.877 2.010 2.113 2.236 2.393 2.609 2.716 2.797 2.868 2.954 3.016 3.050 3.095 3.129 3.056 2.957 2.820 2.767 2.767 0.000 
9.250 25.120 1.187 1.371 1.556 1.699 1.846 1.977 2.079 2.200 2.355 2.569 2.674 2.754 2.823 2.907 2.967 2.999 3.043 3.077 3.006 2.908 2.772 2.719 2.719 0.000 
9.250 31.620 1.158 1.340 1.522 1.663 1.809 1.937 2.038 2.158 2.310 2.521 2.624 2.703 2.770 2.852 2.910 2.940 2.984 3.016 2.948 2.850 2.716 2.663 2.663 0.000 
9.250 39.810 1.122 1.301 1.482 1.621 1.765 1.890 1.989 2.107 2.256 2.464 2.566 2.644 2.708 2.789 2.844 2.873 2.916 2.947 2.882 2.785 2.652 2.599 2.599 0.000 
9.250 50.120 1.080 1.255 1.434 1.571 1.713 1.835 1.932 2.047 2.194 2.397 2.498 2.575 2.637 2.717 2.770 2.796 2.839 2.869 2.807 2.711 2.581 2.528 2.528 0.000 
9.250 63.100 1.028 1.200 1.376 1.511 1.650 1.769 1.864 1.977 2.120 2.320 2.419 2.495 2.556 2.634 2.686 2.710 2.753 2.782 2.724 2.629 2.500 2.448 2.448 0.000 
9.250 79.430 0.966 1.134 1.308 1.439 1.576 1.690 1.784 1.895 2.033 2.229 2.328 2.404 2.463 2.541 2.592 2.615 2.657 2.686 2.632 2.537 2.411 2.360 2.360 0.000 
9.250 100.000 0.891 1.055 1.225 1.354 1.488 1.598 1.689 1.797 1.932 2.124 2.222 2.300 2.357 2.437 2.487 2.509 2.552 2.581 2.531 2.437 2.314 2.264 2.264 0.000 
9.250 125.890 0.800 0.959 1.127 1.253 1.383 1.489 1.578 1.683 1.813 2.001 2.099 2.180 2.237 2.319 2.372 2.392 2.437 2.467 2.421 2.328 2.208 2.160 2.160 0.000 
9.250 158.490 0.689 0.843 1.008 1.131 1.258 1.359 1.446 1.547 1.672 1.858 1.956 2.042 2.101 2.188 2.243 2.264 2.312 2.344 2.302 2.209 2.093 2.047 2.047 0.000 
9.250 199.530 0.554 0.703 0.864 0.984 1.108 1.204 1.288 1.387 1.507 1.689 1.789 1.883 1.945 2.039 2.101 2.123 2.176 2.211 2.174 2.082 1.969 1.926 1.926 0.000 
9.250 251.190 0.388 0.532 0.690 0.806 0.927 1.018 1.099 1.194 1.309 1.489 1.593 1.698 1.766 1.872 1.943 1.968 2.028 2.067 2.036 1.944 1.835 1.796 1.796 0.000 
9.250 316.230 0.185 0.324 0.478 0.591 0.708 0.793 0.872 0.964 1.073 1.251 1.362 1.482 1.559 1.682 1.766 1.796 1.866 1.912 1.888 1.796 1.691 1.655 1.655 0.000 
9.250 398.110 -0.066 0.068 0.218 0.327 0.441 0.521 0.597 0.685 0.789 0.967 1.086 1.228 1.318 1.463 1.568 1.606 1.688 1.744 1.728 1.636 1.536 1.503 1.503 0.000 
9.250 501.190 -0.376 -0.248 -0.101 0.004 0.114 0.189 0.262 0.346 0.445 0.624 0.756 0.926 1.034 1.211 1.342 1.391 1.492 1.561 1.554 1.463 1.366 1.338 1.338 0.000 
9.250 630.960 -0.761 -0.638 -0.495 -0.394 -0.287 -0.218 -0.148 -0.068 0.025 0.209 0.357 0.565 0.699 0.917 1.083 1.148 1.273 1.360 1.364 1.273 1.181 1.158 1.158 0.000 
9.250 794.330 -1.239 -1.122 -0.983 -0.885 -0.783 -0.720 -0.652 -0.575 -0.488 -0.298 -0.127 0.130 0.298 0.570 0.784 0.871 1.026 1.136 1.155 1.064 0.977 0.958 0.958 0.000 
9.250 1000.000 -1.835 -1.724 -1.589 -1.495 -1.396 -1.339 -1.274 -1.201 -1.120 -0.920 -0.719 -0.398 -0.185 0.158 0.433 0.550 0.744 0.886 0.923 0.832 0.750 0.735 0.735 0.000 
