AbrahamsonEtAl2015SInter as implemented in OpenQuake, distance is rrup. Log10 ground motion values in cgs units, PGV and Sa(T<0.1s) not valid
          10 31 24 : nmag, ndist, nperiod
          10.000 7.500 6.000 5.000 4.000 3.000 2.500 2.000 1.500 1.000 0.750 0.600 0.500 0.400 0.300 0.250 0.200 0.150 0.100 0.075 0.050 0.020 PGA PGV 
          0.740 0.740 0.740 0.740 0.740 0.740 0.740 0.740 0.740 0.740 0.740 0.740 0.740 0.740 0.740 0.740 0.740 0.740 0.740 0.740 0.740 0.740 0.740 0.000 
7.000 1.000 0.639 0.863 1.079 1.251 1.445 1.670 1.813 1.980 2.206 2.497 2.642 2.753 2.860 2.977 3.054 3.085 3.110 3.112 3.019 2.919 2.776 2.749 2.749 0.000 
7.000 1.260 0.635 0.859 1.074 1.246 1.439 1.664 1.807 1.974 2.200 2.489 2.634 2.745 2.851 2.968 3.044 3.075 3.100 3.103 3.011 2.910 2.767 2.740 2.740 0.000 
7.000 1.580 0.629 0.853 1.068 1.239 1.433 1.657 1.800 1.966 2.191 2.480 2.625 2.735 2.840 2.957 3.032 3.063 3.089 3.092 3.000 2.899 2.757 2.728 2.728 0.000 
7.000 2.000 0.623 0.846 1.061 1.232 1.425 1.648 1.791 1.956 2.181 2.469 2.613 2.723 2.827 2.943 3.017 3.048 3.074 3.078 2.987 2.886 2.743 2.715 2.715 0.000 
7.000 2.510 0.616 0.838 1.052 1.222 1.414 1.637 1.780 1.945 2.169 2.456 2.599 2.708 2.811 2.926 2.999 3.030 3.057 3.061 2.971 2.870 2.727 2.698 2.698 0.000 
7.000 3.160 0.606 0.827 1.040 1.211 1.402 1.624 1.766 1.930 2.153 2.439 2.582 2.690 2.791 2.904 2.976 3.008 3.035 3.040 2.951 2.850 2.708 2.677 2.677 0.000 
7.000 3.980 0.595 0.815 1.027 1.196 1.387 1.608 1.749 1.913 2.135 2.419 2.561 2.667 2.767 2.879 2.949 2.981 3.009 3.015 2.927 2.826 2.684 2.651 2.651 0.000 
7.000 5.010 0.581 0.799 1.011 1.179 1.369 1.589 1.729 1.892 2.112 2.395 2.535 2.640 2.739 2.848 2.917 2.949 2.978 2.984 2.897 2.797 2.654 2.621 2.621 0.000 
7.000 6.310 0.564 0.781 0.991 1.159 1.347 1.565 1.705 1.867 2.085 2.366 2.505 2.608 2.704 2.812 2.878 2.910 2.940 2.947 2.862 2.761 2.620 2.585 2.585 0.000 
7.000 7.940 0.544 0.759 0.968 1.134 1.322 1.537 1.676 1.837 2.053 2.332 2.469 2.570 2.664 2.769 2.833 2.865 2.896 2.904 2.820 2.719 2.578 2.542 2.542 0.000 
7.000 10.000 0.520 0.733 0.941 1.105 1.291 1.505 1.642 1.801 2.016 2.291 2.427 2.526 2.617 2.719 2.780 2.811 2.843 2.852 2.771 2.670 2.529 2.491 2.491 0.000 
7.000 12.590 0.492 0.703 0.909 1.071 1.256 1.467 1.603 1.760 1.972 2.245 2.378 2.474 2.562 2.661 2.719 2.750 2.783 2.793 2.713 2.612 2.473 2.433 2.433 0.000 
7.000 15.850 0.460 0.667 0.871 1.032 1.215 1.423 1.557 1.713 1.922 2.190 2.321 2.415 2.499 2.594 2.649 2.679 2.713 2.724 2.646 2.546 2.407 2.366 2.366 0.000 
7.000 19.950 0.422 0.627 0.828 0.987 1.167 1.372 1.505 1.658 1.864 2.129 2.257 2.348 2.428 2.520 2.570 2.600 2.634 2.646 2.571 2.470 2.333 2.291 2.291 0.000 
7.000 25.120 0.379 0.580 0.779 0.935 1.113 1.315 1.446 1.597 1.799 2.059 2.185 2.273 2.349 2.436 2.483 2.511 2.546 2.558 2.485 2.385 2.249 2.206 2.206 0.000 
7.000 31.620 0.330 0.526 0.723 0.877 1.052 1.249 1.379 1.527 1.725 1.981 2.103 2.188 2.260 2.344 2.387 2.413 2.448 2.460 2.390 2.290 2.156 2.113 2.113 0.000 
7.000 39.810 0.273 0.466 0.660 0.810 0.983 1.176 1.303 1.448 1.643 1.893 2.013 2.095 2.163 2.243 2.281 2.306 2.341 2.354 2.286 2.185 2.054 2.012 2.012 0.000 
7.000 50.120 0.209 0.397 0.588 0.735 0.905 1.093 1.218 1.361 1.550 1.796 1.913 1.993 2.057 2.133 2.168 2.190 2.226 2.238 2.172 2.072 1.944 1.902 1.902 0.000 
7.000 63.100 0.135 0.318 0.506 0.650 0.817 1.000 1.123 1.262 1.447 1.687 1.802 1.880 1.940 2.013 2.045 2.065 2.101 2.113 2.050 1.950 1.824 1.785 1.785 0.000 
7.000 79.430 0.050 0.228 0.412 0.554 0.717 0.896 1.016 1.151 1.331 1.567 1.679 1.756 1.813 1.884 1.914 1.932 1.968 1.980 1.919 1.819 1.698 1.660 1.660 0.000 
7.000 100.000 -0.049 0.124 0.305 0.443 0.603 0.777 0.894 1.027 1.201 1.432 1.543 1.620 1.674 1.745 1.773 1.790 1.827 1.839 1.781 1.681 1.563 1.529 1.529 0.000 
7.000 125.890 -0.163 0.005 0.182 0.317 0.473 0.641 0.756 0.885 1.054 1.280 1.390 1.469 1.523 1.595 1.623 1.638 1.678 1.690 1.635 1.535 1.421 1.390 1.390 0.000 
7.000 158.490 -0.297 -0.135 0.039 0.170 0.322 0.485 0.598 0.723 0.887 1.108 1.218 1.302 1.355 1.431 1.462 1.477 1.519 1.534 1.482 1.382 1.272 1.245 1.245 0.000 
7.000 199.530 -0.455 -0.299 -0.128 -0.001 0.147 0.305 0.414 0.536 0.695 0.912 1.024 1.114 1.170 1.253 1.288 1.304 1.351 1.369 1.321 1.221 1.116 1.092 1.092 0.000 
7.000 251.190 -0.644 -0.493 -0.326 -0.203 -0.058 0.094 0.201 0.318 0.471 0.685 0.801 0.901 0.963 1.056 1.100 1.119 1.173 1.195 1.151 1.052 0.951 0.932 0.932 0.000 
7.000 316.230 -0.870 -0.725 -0.562 -0.443 -0.301 -0.155 -0.051 0.063 0.210 0.422 0.543 0.659 0.728 0.837 0.895 0.918 0.982 1.011 0.973 0.873 0.777 0.763 0.763 0.000 
7.000 398.110 -1.144 -1.004 -0.845 -0.730 -0.592 -0.452 -0.351 -0.241 -0.099 0.112 0.242 0.378 0.460 0.592 0.668 0.699 0.776 0.815 0.784 0.684 0.593 0.583 0.583 0.000 
7.000 501.190 -1.477 -1.343 -1.188 -1.076 -0.943 -0.808 -0.710 -0.604 -0.468 -0.255 -0.114 0.051 0.151 0.313 0.416 0.458 0.552 0.604 0.583 0.483 0.396 0.391 0.391 0.000 
7.000 630.960 -1.884 -1.756 -1.605 -1.497 -1.368 -1.239 -1.144 -1.041 -0.912 -0.695 -0.537 -0.335 -0.210 -0.007 0.131 0.189 0.307 0.376 0.366 0.267 0.185 0.184 0.184 0.000 
7.000 794.330 -2.385 -2.263 -2.116 -2.012 -1.886 -1.764 -1.671 -1.573 -1.449 -1.226 -1.046 -0.795 -0.636 -0.378 -0.194 -0.114 0.034 0.127 0.132 0.032 -0.045 -0.041 -0.041 0.000 
7.000 1000.000 -3.004 -2.888 -2.745 -2.645 -2.523 -2.406 -2.317 -2.222 -2.104 -1.872 -1.661 -1.347 -1.143 -0.815 -0.569 -0.460 -0.272 -0.148 -0.126 -0.226 -0.298 -0.289 -0.289 0.000 
7.250 1.000 0.809 1.031 1.245 1.415 1.605 1.819 1.956 2.115 2.331 2.610 2.749 2.855 2.955 3.068 3.138 3.161 3.178 3.173 3.076 2.976 2.837 2.819 2.819 0.000 
7.250 1.260 0.805 1.027 1.241 1.411 1.600 1.814 1.951 2.109 2.325 2.604 2.742 2.847 2.948 3.059 3.129 3.152 3.170 3.165 3.069 2.968 2.829 2.811 2.811 0.000 
7.250 1.580 0.801 1.022 1.235 1.405 1.594 1.808 1.944 2.102 2.318 2.596 2.733 2.838 2.938 3.049 3.118 3.141 3.160 3.155 3.059 2.959 2.820 2.801 2.801 0.000 
7.250 2.000 0.795 1.016 1.229 1.398 1.587 1.800 1.936 2.094 2.309 2.586 2.723 2.827 2.926 3.036 3.105 3.128 3.147 3.143 3.048 2.947 2.809 2.788 2.788 0.000 
7.250 2.510 0.788 1.008 1.221 1.390 1.578 1.790 1.926 2.083 2.297 2.573 2.710 2.814 2.912 3.021 3.088 3.112 3.131 3.128 3.034 2.933 2.794 2.773 2.773 0.000 
7.250 3.160 0.780 0.999 1.211 1.379 1.567 1.778 1.913 2.070 2.283 2.558 2.694 2.797 2.894 3.002 3.068 3.092 3.112 3.109 3.016 2.915 2.777 2.755 2.755 0.000 
7.250 3.980 0.770 0.988 1.199 1.367 1.553 1.763 1.898 2.054 2.267 2.540 2.675 2.777 2.872 2.979 3.044 3.068 3.089 3.087 2.994 2.894 2.755 2.732 2.732 0.000 
7.250 5.010 0.757 0.974 1.184 1.351 1.537 1.746 1.880 2.035 2.246 2.518 2.652 2.752 2.846 2.951 3.014 3.039 3.060 3.059 2.968 2.867 2.729 2.705 2.705 0.000 
7.250 6.310 0.742 0.957 1.166 1.332 1.517 1.724 1.858 2.012 2.221 2.492 2.624 2.723 2.815 2.917 2.979 3.003 3.026 3.026 2.937 2.836 2.698 2.672 2.672 0.000 
7.250 7.940 0.724 0.937 1.145 1.310 1.493 1.699 1.831 1.984 2.192 2.460 2.591 2.688 2.777 2.878 2.937 2.962 2.986 2.987 2.899 2.799 2.661 2.633 2.633 0.000 
7.250 10.000 0.702 0.913 1.120 1.283 1.465 1.669 1.800 1.952 2.157 2.423 2.552 2.647 2.733 2.831 2.888 2.913 2.938 2.941 2.855 2.754 2.617 2.587 2.587 0.000 
7.250 12.590 0.676 0.885 1.090 1.252 1.432 1.634 1.764 1.914 2.117 2.379 2.506 2.599 2.683 2.777 2.831 2.856 2.883 2.886 2.803 2.702 2.565 2.533 2.533 0.000 
7.250 15.850 0.646 0.852 1.055 1.215 1.394 1.592 1.721 1.869 2.070 2.329 2.454 2.543 2.624 2.715 2.766 2.791 2.818 2.823 2.742 2.641 2.506 2.472 2.472 0.000 
7.250 19.950 0.611 0.814 1.015 1.173 1.350 1.545 1.672 1.818 2.015 2.271 2.393 2.480 2.557 2.645 2.692 2.716 2.745 2.751 2.673 2.572 2.437 2.402 2.402 0.000 
7.250 25.120 0.571 0.770 0.969 1.124 1.299 1.491 1.616 1.760 1.954 2.205 2.325 2.409 2.482 2.566 2.610 2.633 2.663 2.670 2.594 2.493 2.360 2.323 2.323 0.000 
7.250 31.620 0.524 0.720 0.916 1.069 1.241 1.429 1.552 1.693 1.883 2.130 2.247 2.329 2.398 2.478 2.518 2.540 2.571 2.579 2.506 2.405 2.274 2.236 2.236 0.000 
7.250 39.810 0.470 0.662 0.855 1.005 1.175 1.358 1.480 1.618 1.804 2.046 2.161 2.240 2.305 2.382 2.417 2.438 2.470 2.478 2.408 2.307 2.178 2.140 2.140 0.000 
7.250 50.120 0.408 0.595 0.786 0.933 1.100 1.279 1.398 1.534 1.716 1.952 2.065 2.141 2.202 2.276 2.308 2.327 2.360 2.368 2.300 2.200 2.073 2.036 2.036 0.000 
7.250 63.100 0.337 0.520 0.707 0.851 1.014 1.189 1.306 1.439 1.616 1.847 1.957 2.032 2.090 2.161 2.190 2.207 2.240 2.249 2.184 2.084 1.960 1.923 1.923 0.000 
7.250 79.430 0.255 0.432 0.617 0.758 0.918 1.087 1.202 1.331 1.503 1.730 1.838 1.912 1.966 2.036 2.063 2.079 2.113 2.122 2.059 1.959 1.838 1.804 1.804 0.000 
7.250 100.000 0.159 0.332 0.513 0.650 0.807 0.972 1.084 1.209 1.377 1.598 1.705 1.779 1.831 1.900 1.926 1.940 1.976 1.986 1.926 1.826 1.709 1.676 1.676 0.000 
7.250 125.890 0.047 0.215 0.392 0.526 0.679 0.839 0.948 1.071 1.233 1.450 1.555 1.632 1.683 1.753 1.779 1.793 1.831 1.842 1.785 1.685 1.572 1.542 1.542 0.000 
7.250 158.490 -0.084 0.078 0.252 0.383 0.532 0.686 0.793 0.912 1.068 1.281 1.387 1.467 1.519 1.593 1.622 1.635 1.676 1.690 1.636 1.536 1.427 1.401 1.401 0.000 
7.250 199.530 -0.240 -0.083 0.087 0.214 0.360 0.509 0.613 0.728 0.879 1.088 1.195 1.283 1.337 1.418 1.451 1.466 1.512 1.529 1.479 1.379 1.274 1.252 1.252 0.000 
7.250 251.190 -0.426 -0.275 -0.108 0.015 0.157 0.300 0.401 0.513 0.658 0.864 0.975 1.073 1.132 1.224 1.266 1.284 1.337 1.358 1.314 1.214 1.113 1.095 1.095 0.000 
7.250 316.230 -0.649 -0.504 -0.341 -0.222 -0.084 0.054 0.152 0.260 0.400 0.604 0.720 0.833 0.901 1.009 1.064 1.087 1.149 1.177 1.139 1.039 0.943 0.928 0.928 0.000 
7.250 398.110 -0.920 -0.781 -0.622 -0.506 -0.372 -0.240 -0.145 -0.041 0.093 0.297 0.422 0.555 0.636 0.766 0.841 0.871 0.947 0.984 0.953 0.853 0.762 0.752 0.752 0.000 
7.250 501.190 -1.251 -1.117 -0.962 -0.850 -0.720 -0.594 -0.501 -0.401 -0.273 -0.068 0.069 0.231 0.330 0.490 0.591 0.633 0.726 0.777 0.755 0.655 0.568 0.563 0.563 0.000 
7.250 630.960 -1.656 -1.528 -1.377 -1.269 -1.142 -1.022 -0.932 -0.836 -0.714 -0.506 -0.352 -0.152 -0.029 0.173 0.309 0.367 0.483 0.552 0.542 0.442 0.360 0.359 0.359 0.000 
7.250 794.330 -2.154 -2.032 -1.885 -1.781 -1.658 -1.544 -1.457 -1.365 -1.248 -1.034 -0.857 -0.609 -0.452 -0.196 -0.013 0.066 0.214 0.306 0.310 0.210 0.133 0.137 0.137 0.000 
7.250 1000.000 -2.771 -2.654 -2.511 -2.411 -2.292 -2.184 -2.100 -2.012 -1.901 -1.677 -1.470 -1.159 -0.956 -0.630 -0.385 -0.277 -0.090 0.033 0.055 -0.045 -0.117 -0.108 -0.108 0.000 
7.500 1.000 0.976 1.196 1.408 1.577 1.762 1.966 2.096 2.248 2.455 2.723 2.856 2.956 3.052 3.159 3.223 3.237 3.246 3.233 3.133 3.032 2.898 2.889 2.889 0.000 
7.500 1.260 0.973 1.192 1.404 1.573 1.758 1.961 2.092 2.243 2.450 2.718 2.850 2.950 3.045 3.151 3.215 3.229 3.239 3.226 3.126 3.026 2.891 2.882 2.882 0.000 
7.500 1.580 0.969 1.188 1.399 1.568 1.752 1.956 2.086 2.237 2.443 2.710 2.842 2.942 3.036 3.142 3.205 3.220 3.230 3.218 3.118 3.017 2.883 2.873 2.873 0.000 
7.500 2.000 0.964 1.182 1.393 1.561 1.746 1.949 2.078 2.229 2.435 2.701 2.833 2.932 3.025 3.130 3.193 3.208 3.219 3.207 3.108 3.007 2.873 2.862 2.862 0.000 
7.500 2.510 0.958 1.175 1.386 1.554 1.738 1.940 2.069 2.219 2.425 2.690 2.821 2.919 3.012 3.116 3.178 3.193 3.205 3.193 3.095 2.994 2.860 2.848 2.848 0.000 
7.500 3.160 0.950 1.167 1.377 1.544 1.728 1.929 2.058 2.208 2.412 2.677 2.807 2.904 2.996 3.099 3.160 3.176 3.188 3.177 3.080 2.979 2.845 2.832 2.832 0.000 
7.500 3.980 0.941 1.157 1.366 1.533 1.715 1.916 2.044 2.193 2.397 2.660 2.789 2.886 2.977 3.078 3.138 3.154 3.167 3.157 3.060 2.960 2.826 2.811 2.811 0.000 
7.500 5.010 0.929 1.144 1.353 1.519 1.701 1.900 2.028 2.176 2.378 2.640 2.768 2.863 2.953 3.053 3.111 3.127 3.141 3.132 3.037 2.936 2.802 2.787 2.787 0.000 
7.500 6.310 0.916 1.129 1.337 1.502 1.683 1.880 2.008 2.155 2.356 2.616 2.743 2.836 2.924 3.022 3.079 3.096 3.111 3.103 3.009 2.908 2.775 2.757 2.757 0.000 
7.500 7.940 0.899 1.111 1.317 1.481 1.661 1.857 1.983 2.129 2.329 2.587 2.712 2.804 2.890 2.986 3.040 3.058 3.074 3.068 2.976 2.875 2.741 2.722 2.722 0.000 
7.500 10.000 0.879 1.089 1.294 1.457 1.635 1.829 1.955 2.099 2.297 2.552 2.676 2.766 2.849 2.943 2.995 3.013 3.031 3.026 2.936 2.835 2.702 2.680 2.680 0.000 
7.500 12.590 0.856 1.063 1.267 1.428 1.605 1.796 1.921 2.064 2.259 2.512 2.634 2.722 2.802 2.893 2.942 2.960 2.980 2.976 2.889 2.788 2.655 2.632 2.632 0.000 
7.500 15.850 0.828 1.033 1.235 1.394 1.569 1.758 1.881 2.023 2.215 2.465 2.585 2.670 2.747 2.835 2.882 2.900 2.921 2.919 2.834 2.733 2.601 2.575 2.575 0.000 
7.500 19.950 0.795 0.997 1.197 1.354 1.527 1.714 1.835 1.975 2.164 2.410 2.528 2.611 2.685 2.769 2.812 2.831 2.854 2.853 2.771 2.670 2.538 2.510 2.510 0.000 
7.500 25.120 0.757 0.956 1.154 1.308 1.480 1.662 1.782 1.919 2.106 2.348 2.463 2.544 2.614 2.695 2.735 2.752 2.777 2.778 2.698 2.597 2.467 2.437 2.437 0.000 
7.500 31.620 0.713 0.908 1.103 1.256 1.424 1.604 1.722 1.856 2.039 2.277 2.390 2.467 2.534 2.611 2.648 2.665 2.691 2.693 2.617 2.516 2.387 2.356 2.356 0.000 
7.500 39.810 0.662 0.853 1.046 1.195 1.361 1.537 1.653 1.785 1.963 2.197 2.307 2.382 2.445 2.519 2.552 2.568 2.596 2.599 2.526 2.425 2.298 2.265 2.265 0.000 
7.500 50.120 0.603 0.789 0.979 1.126 1.289 1.460 1.574 1.704 1.878 2.106 2.214 2.287 2.346 2.417 2.447 2.463 2.491 2.496 2.425 2.324 2.199 2.166 2.166 0.000 
7.500 63.100 0.534 0.716 0.903 1.047 1.207 1.374 1.485 1.612 1.782 2.005 2.111 2.182 2.238 2.306 2.333 2.347 2.377 2.383 2.315 2.215 2.092 2.059 2.059 0.000 
7.500 79.430 0.454 0.632 0.816 0.956 1.113 1.275 1.384 1.507 1.673 1.891 1.995 2.066 2.118 2.185 2.210 2.223 2.254 2.261 2.196 2.096 1.976 1.945 1.945 0.000 
7.500 100.000 0.362 0.534 0.714 0.852 1.006 1.162 1.269 1.389 1.549 1.763 1.865 1.936 1.987 2.053 2.077 2.090 2.123 2.130 2.069 1.969 1.852 1.822 1.822 0.000 
7.500 125.890 0.253 0.420 0.597 0.731 0.881 1.033 1.137 1.253 1.408 1.617 1.719 1.792 1.842 1.910 1.934 1.946 1.982 1.991 1.933 1.833 1.720 1.692 1.692 0.000 
7.500 158.490 0.124 0.286 0.459 0.590 0.736 0.883 0.984 1.097 1.247 1.452 1.553 1.631 1.681 1.753 1.780 1.792 1.832 1.843 1.789 1.689 1.580 1.555 1.555 0.000 
7.500 199.530 -0.029 0.127 0.297 0.424 0.567 0.708 0.807 0.916 1.060 1.261 1.365 1.450 1.502 1.581 1.613 1.627 1.671 1.686 1.636 1.536 1.431 1.410 1.410 0.000 
7.500 251.190 -0.212 -0.062 0.105 0.228 0.367 0.502 0.598 0.704 0.843 1.041 1.148 1.243 1.301 1.391 1.432 1.448 1.500 1.520 1.475 1.375 1.274 1.256 1.256 0.000 
7.500 316.230 -0.434 -0.288 -0.126 -0.007 0.129 0.259 0.352 0.454 0.587 0.783 0.896 1.006 1.072 1.178 1.232 1.254 1.315 1.343 1.303 1.203 1.107 1.093 1.093 0.000 
7.500 398.110 -0.702 -0.563 -0.404 -0.288 -0.157 -0.033 0.058 0.156 0.283 0.479 0.600 0.731 0.810 0.939 1.012 1.041 1.116 1.153 1.121 1.021 0.930 0.920 0.920 0.000 
7.500 501.190 -1.030 -0.896 -0.741 -0.630 -0.502 -0.384 -0.296 -0.202 -0.080 0.117 0.250 0.410 0.507 0.666 0.765 0.806 0.899 0.949 0.926 0.826 0.739 0.734 0.734 0.000 
7.500 630.960 -1.432 -1.304 -1.153 -1.046 -0.921 -0.809 -0.725 -0.634 -0.519 -0.318 -0.168 0.029 0.151 0.351 0.486 0.543 0.659 0.727 0.716 0.616 0.534 0.533 0.533 0.000 
7.500 794.330 -1.928 -1.806 -1.659 -1.555 -1.435 -1.329 -1.247 -1.160 -1.051 -0.844 -0.671 -0.425 -0.269 -0.015 0.167 0.245 0.392 0.484 0.487 0.387 0.309 0.313 0.313 0.000 
7.500 1000.000 -2.542 -2.426 -2.283 -2.183 -2.066 -1.966 -1.887 -1.805 -1.701 -1.484 -1.281 -0.972 -0.771 -0.446 -0.203 -0.096 0.091 0.214 0.235 0.135 0.062 0.071 0.071 0.000 
7.750 1.000 1.081 1.298 1.509 1.676 1.857 2.052 2.194 2.360 2.575 2.837 2.963 3.058 3.149 3.250 3.308 3.314 3.315 3.293 3.189 3.089 2.959 2.959 2.959 0.000 
7.750 1.260 1.078 1.295 1.505 1.672 1.853 2.048 2.190 2.356 2.570 2.831 2.958 3.052 3.142 3.243 3.301 3.307 3.308 3.287 3.183 3.083 2.953 2.953 2.953 0.000 
7.750 1.580 1.075 1.291 1.501 1.668 1.849 2.042 2.184 2.350 2.564 2.825 2.951 3.045 3.135 3.235 3.292 3.299 3.300 3.280 3.176 3.075 2.946 2.945 2.945 0.000 
7.750 2.000 1.070 1.286 1.496 1.662 1.843 2.036 2.178 2.343 2.557 2.817 2.942 3.036 3.125 3.225 3.282 3.288 3.290 3.270 3.167 3.066 2.937 2.935 2.935 0.000 
7.750 2.510 1.065 1.280 1.489 1.655 1.835 2.028 2.170 2.334 2.548 2.807 2.932 3.025 3.113 3.212 3.268 3.275 3.278 3.258 3.156 3.055 2.925 2.923 2.923 0.000 
7.750 3.160 1.058 1.272 1.481 1.647 1.826 2.018 2.159 2.324 2.536 2.795 2.919 3.011 3.099 3.197 3.252 3.259 3.262 3.243 3.142 3.041 2.911 2.908 2.908 0.000 
7.750 3.980 1.049 1.263 1.471 1.636 1.815 2.006 2.147 2.311 2.522 2.780 2.903 2.995 3.081 3.178 3.232 3.239 3.243 3.225 3.125 3.024 2.895 2.890 2.890 0.000 
7.750 5.010 1.039 1.252 1.459 1.624 1.802 1.992 2.132 2.295 2.506 2.761 2.884 2.974 3.059 3.154 3.207 3.215 3.221 3.204 3.104 3.003 2.874 2.868 2.868 0.000 
7.750 6.310 1.027 1.238 1.445 1.608 1.786 1.974 2.114 2.276 2.485 2.739 2.861 2.950 3.033 3.127 3.178 3.186 3.193 3.177 3.079 2.978 2.849 2.842 2.842 0.000 
7.750 7.940 1.012 1.221 1.427 1.589 1.766 1.953 2.091 2.253 2.460 2.713 2.833 2.920 3.002 3.093 3.143 3.152 3.160 3.146 3.049 2.948 2.819 2.810 2.810 0.000 
7.750 10.000 0.994 1.201 1.406 1.567 1.742 1.927 2.065 2.225 2.431 2.681 2.800 2.885 2.964 3.054 3.101 3.111 3.121 3.108 3.013 2.912 2.783 2.772 2.772 0.000 
7.750 12.590 0.972 1.178 1.381 1.540 1.714 1.897 2.034 2.192 2.396 2.643 2.760 2.844 2.921 3.007 3.053 3.063 3.075 3.063 2.971 2.870 2.741 2.727 2.727 0.000 
7.750 15.850 0.946 1.149 1.351 1.509 1.681 1.861 1.997 2.154 2.355 2.599 2.714 2.796 2.870 2.954 2.996 3.007 3.021 3.011 2.922 2.820 2.692 2.676 2.676 0.000 
7.750 19.950 0.916 1.116 1.316 1.472 1.642 1.820 1.954 2.109 2.307 2.548 2.661 2.740 2.811 2.892 2.931 2.943 2.959 2.951 2.864 2.763 2.635 2.616 2.616 0.000 
7.750 25.120 0.880 1.077 1.275 1.429 1.597 1.771 1.904 2.057 2.252 2.489 2.600 2.677 2.744 2.822 2.858 2.870 2.888 2.882 2.798 2.697 2.570 2.549 2.549 0.000 
7.750 31.620 0.838 1.032 1.227 1.379 1.545 1.716 1.846 1.997 2.189 2.422 2.530 2.605 2.668 2.743 2.776 2.788 2.808 2.804 2.723 2.622 2.496 2.472 2.472 0.000 
7.750 39.810 0.790 0.980 1.172 1.321 1.484 1.652 1.781 1.928 2.116 2.345 2.451 2.523 2.583 2.655 2.685 2.696 2.718 2.716 2.639 2.538 2.414 2.388 2.388 0.000 
7.750 50.120 0.733 0.919 1.109 1.255 1.416 1.579 1.705 1.851 2.034 2.258 2.362 2.432 2.489 2.557 2.584 2.596 2.619 2.619 2.545 2.444 2.322 2.295 2.295 0.000 
7.750 63.100 0.667 0.849 1.035 1.179 1.336 1.495 1.620 1.762 1.941 2.161 2.262 2.331 2.384 2.450 2.475 2.485 2.511 2.513 2.442 2.341 2.221 2.193 2.193 0.000 
7.750 79.430 0.590 0.767 0.951 1.091 1.245 1.400 1.522 1.661 1.836 2.050 2.150 2.218 2.269 2.333 2.356 2.366 2.394 2.397 2.330 2.229 2.111 2.083 2.083 0.000 
7.750 100.000 0.500 0.672 0.852 0.990 1.141 1.290 1.409 1.545 1.715 1.925 2.023 2.092 2.141 2.205 2.227 2.237 2.267 2.272 2.209 2.108 1.993 1.966 1.966 0.000 
7.750 125.890 0.394 0.561 0.738 0.871 1.019 1.163 1.280 1.413 1.577 1.783 1.880 1.952 1.999 2.066 2.088 2.098 2.131 2.138 2.078 1.978 1.866 1.840 1.840 0.000 
7.750 158.490 0.268 0.429 0.603 0.733 0.877 1.016 1.131 1.260 1.419 1.620 1.718 1.794 1.842 1.912 1.937 1.948 1.985 1.995 1.939 1.839 1.730 1.707 1.707 0.000 
7.750 199.530 0.117 0.274 0.443 0.570 0.711 0.844 0.956 1.081 1.235 1.433 1.533 1.615 1.666 1.743 1.774 1.786 1.829 1.842 1.791 1.691 1.586 1.566 1.566 0.000 
7.750 251.190 -0.063 0.087 0.253 0.376 0.513 0.641 0.750 0.872 1.021 1.215 1.319 1.412 1.468 1.556 1.596 1.611 1.661 1.680 1.634 1.533 1.433 1.416 1.416 0.000 
7.750 316.230 -0.282 -0.137 0.026 0.145 0.278 0.400 0.507 0.625 0.768 0.960 1.069 1.178 1.242 1.347 1.399 1.420 1.480 1.506 1.466 1.366 1.270 1.257 1.257 0.000 
7.750 398.110 -0.548 -0.408 -0.250 -0.134 -0.005 0.112 0.215 0.329 0.467 0.659 0.777 0.906 0.983 1.110 1.182 1.210 1.284 1.320 1.288 1.188 1.096 1.087 1.087 0.000 
7.750 501.190 -0.873 -0.739 -0.585 -0.473 -0.347 -0.236 -0.136 -0.026 0.106 0.300 0.429 0.587 0.682 0.840 0.938 0.978 1.070 1.119 1.096 0.996 0.909 0.904 0.904 0.000 
7.750 630.960 -1.273 -1.145 -0.994 -0.886 -0.765 -0.659 -0.562 -0.455 -0.329 -0.132 0.014 0.209 0.330 0.528 0.662 0.718 0.833 0.901 0.889 0.789 0.707 0.706 0.706 0.000 
7.750 794.330 -1.766 -1.644 -1.497 -1.393 -1.276 -1.176 -1.081 -0.979 -0.859 -0.655 -0.486 -0.243 -0.088 0.165 0.345 0.423 0.569 0.660 0.663 0.563 0.485 0.489 0.489 0.000 
7.750 1000.000 -2.378 -2.261 -2.118 -2.018 -1.904 -1.811 -1.719 -1.620 -1.506 -1.293 -1.094 -0.786 -0.587 -0.264 -0.021 0.085 0.271 0.393 0.414 0.314 0.241 0.250 0.250 0.000 
8.000 1.000 1.144 1.358 1.567 1.733 1.910 2.096 2.233 2.393 2.600 2.872 3.009 3.111 3.207 3.320 3.395 3.391 3.383 3.354 3.246 3.145 3.020 3.030 3.030 0.000 
8.000 1.260 1.141 1.355 1.564 1.730 1.907 2.092 2.229 2.389 2.596 2.867 3.004 3.106 3.202 3.314 3.388 3.385 3.377 3.348 3.240 3.140 3.015 3.025 3.025 0.000 
8.000 1.580 1.138 1.352 1.560 1.726 1.903 2.088 2.224 2.384 2.590 2.861 2.998 3.099 3.195 3.307 3.380 3.377 3.370 3.341 3.234 3.133 3.008 3.018 3.018 0.000 
8.000 2.000 1.134 1.347 1.556 1.721 1.897 2.082 2.218 2.377 2.584 2.854 2.990 3.091 3.186 3.298 3.371 3.368 3.361 3.333 3.226 3.125 3.000 3.009 3.009 0.000 
8.000 2.510 1.129 1.342 1.550 1.714 1.891 2.075 2.211 2.370 2.575 2.845 2.981 3.081 3.175 3.286 3.359 3.356 3.350 3.322 3.216 3.115 2.990 2.998 2.998 0.000 
8.000 3.160 1.123 1.335 1.543 1.707 1.883 2.066 2.202 2.360 2.565 2.834 2.969 3.069 3.162 3.272 3.344 3.342 3.336 3.309 3.203 3.103 2.978 2.985 2.985 0.000 
8.000 3.980 1.115 1.327 1.534 1.697 1.873 2.055 2.191 2.348 2.552 2.820 2.955 3.054 3.146 3.255 3.326 3.324 3.320 3.293 3.188 3.087 2.963 2.969 2.969 0.000 
8.000 5.010 1.106 1.317 1.523 1.686 1.860 2.042 2.177 2.334 2.537 2.804 2.937 3.035 3.126 3.234 3.304 3.303 3.299 3.273 3.170 3.069 2.944 2.949 2.949 0.000 
8.000 6.310 1.095 1.304 1.509 1.672 1.845 2.026 2.160 2.316 2.518 2.783 2.916 3.013 3.102 3.209 3.277 3.276 3.274 3.250 3.147 3.047 2.922 2.925 2.925 0.000 
8.000 7.940 1.081 1.289 1.493 1.654 1.827 2.006 2.140 2.295 2.496 2.759 2.890 2.986 3.074 3.178 3.245 3.245 3.244 3.221 3.121 3.020 2.895 2.896 2.896 0.000 
8.000 10.000 1.065 1.271 1.474 1.634 1.806 1.983 2.116 2.270 2.468 2.730 2.860 2.954 3.039 3.142 3.207 3.208 3.209 3.187 3.088 2.987 2.863 2.862 2.862 0.000 
8.000 12.590 1.045 1.249 1.451 1.609 1.780 1.955 2.087 2.239 2.436 2.695 2.823 2.916 2.999 3.099 3.162 3.164 3.167 3.147 3.050 2.949 2.825 2.821 2.821 0.000 
8.000 15.850 1.021 1.223 1.423 1.580 1.749 1.922 2.052 2.203 2.398 2.654 2.781 2.871 2.951 3.049 3.109 3.112 3.118 3.100 3.006 2.904 2.780 2.774 2.774 0.000 
8.000 19.950 0.993 1.192 1.390 1.545 1.713 1.883 2.012 2.161 2.353 2.606 2.731 2.819 2.897 2.991 3.049 3.053 3.061 3.045 2.954 2.852 2.729 2.719 2.719 0.000 
8.000 25.120 0.959 1.155 1.352 1.505 1.670 1.837 1.965 2.112 2.301 2.550 2.673 2.759 2.833 2.925 2.980 2.985 2.995 2.982 2.894 2.792 2.669 2.657 2.657 0.000 
8.000 31.620 0.920 1.113 1.307 1.458 1.621 1.785 1.911 2.056 2.241 2.486 2.607 2.691 2.762 2.850 2.902 2.908 2.921 2.910 2.825 2.724 2.602 2.586 2.586 0.000 
8.000 39.810 0.874 1.063 1.255 1.403 1.564 1.724 1.848 1.991 2.172 2.413 2.532 2.613 2.681 2.767 2.816 2.822 2.837 2.829 2.748 2.646 2.525 2.507 2.507 0.000 
8.000 50.120 0.820 1.005 1.194 1.340 1.498 1.654 1.776 1.916 2.094 2.330 2.446 2.526 2.591 2.674 2.720 2.726 2.744 2.739 2.661 2.560 2.440 2.420 2.420 0.000 
8.000 63.100 0.756 0.937 1.123 1.267 1.421 1.573 1.693 1.830 2.004 2.236 2.350 2.428 2.490 2.571 2.615 2.621 2.642 2.639 2.565 2.464 2.346 2.324 2.324 0.000 
8.000 79.430 0.682 0.858 1.041 1.182 1.333 1.481 1.598 1.733 1.901 2.129 2.241 2.319 2.378 2.458 2.500 2.506 2.530 2.529 2.459 2.358 2.242 2.220 2.220 0.000 
8.000 100.000 0.595 0.766 0.946 1.083 1.231 1.374 1.489 1.620 1.784 2.007 2.118 2.197 2.254 2.334 2.375 2.382 2.409 2.410 2.344 2.243 2.130 2.107 2.107 0.000 
8.000 125.890 0.491 0.657 0.834 0.967 1.113 1.250 1.363 1.491 1.650 1.868 1.978 2.060 2.116 2.198 2.240 2.247 2.278 2.282 2.220 2.119 2.009 1.987 1.987 0.000 
8.000 158.490 0.367 0.529 0.702 0.832 0.974 1.106 1.216 1.341 1.494 1.708 1.819 1.905 1.962 2.048 2.093 2.101 2.137 2.144 2.086 1.986 1.879 1.858 1.858 0.000 
8.000 199.530 0.220 0.376 0.545 0.672 0.810 0.937 1.045 1.165 1.314 1.524 1.637 1.730 1.790 1.882 1.933 1.944 1.985 1.996 1.944 1.843 1.739 1.721 1.721 0.000 
8.000 251.190 0.041 0.192 0.358 0.481 0.615 0.737 0.842 0.959 1.102 1.310 1.426 1.530 1.594 1.698 1.758 1.772 1.821 1.838 1.791 1.690 1.591 1.575 1.575 0.000 
8.000 316.230 -0.175 -0.030 0.133 0.252 0.383 0.499 0.601 0.714 0.852 1.058 1.180 1.298 1.372 1.492 1.565 1.585 1.644 1.669 1.628 1.527 1.432 1.419 1.419 0.000 
8.000 398.110 -0.438 -0.299 -0.140 -0.025 0.103 0.213 0.312 0.422 0.553 0.759 0.890 1.029 1.116 1.258 1.351 1.378 1.451 1.486 1.453 1.353 1.261 1.253 1.253 0.000 
8.000 501.190 -0.761 -0.627 -0.472 -0.361 -0.237 -0.133 -0.036 0.069 0.195 0.402 0.545 0.713 0.818 0.991 1.110 1.149 1.240 1.289 1.265 1.164 1.078 1.073 1.073 0.000 
8.000 630.960 -1.158 -1.030 -0.879 -0.771 -0.652 -0.553 -0.460 -0.358 -0.237 -0.027 0.133 0.338 0.468 0.682 0.837 0.892 1.006 1.073 1.061 0.961 0.878 0.878 0.878 0.000 
8.000 794.330 -1.649 -1.527 -1.380 -1.276 -1.160 -1.067 -0.977 -0.879 -0.764 -0.547 -0.365 -0.111 0.053 0.322 0.523 0.600 0.745 0.836 0.838 0.738 0.660 0.664 0.664 0.000 
8.000 1000.000 -2.257 -2.141 -1.998 -1.898 -1.787 -1.699 -1.612 -1.518 -1.409 -1.182 -0.970 -0.652 -0.443 -0.104 0.159 0.265 0.450 0.572 0.592 0.492 0.419 0.428 0.428 0.000 
8.250 1.000 1.203 1.415 1.622 1.786 1.960 2.138 2.270 2.424 2.624 2.887 3.019 3.116 3.208 3.316 3.385 3.379 3.370 3.339 3.231 3.130 3.007 3.018 3.018 0.000 
8.250 1.260 1.201 1.412 1.619 1.783 1.957 2.134 2.267 2.420 2.620 2.883 3.015 3.112 3.203 3.310 3.379 3.374 3.364 3.334 3.226 3.126 3.002 3.012 3.012 0.000 
8.250 1.580 1.198 1.409 1.616 1.780 1.953 2.130 2.262 2.416 2.615 2.878 3.009 3.106 3.196 3.304 3.372 3.367 3.358 3.328 3.221 3.120 2.996 3.006 3.006 0.000 
8.250 2.000 1.194 1.405 1.612 1.775 1.949 2.125 2.257 2.410 2.609 2.871 3.002 3.098 3.189 3.295 3.363 3.358 3.350 3.320 3.213 3.113 2.989 2.998 2.998 0.000 
8.250 2.510 1.190 1.400 1.607 1.770 1.943 2.119 2.250 2.403 2.602 2.863 2.994 3.089 3.179 3.285 3.353 3.348 3.340 3.310 3.204 3.103 2.980 2.989 2.989 0.000 
8.250 3.160 1.184 1.394 1.600 1.763 1.935 2.111 2.242 2.395 2.592 2.853 2.983 3.078 3.167 3.272 3.339 3.335 3.328 3.299 3.193 3.092 2.969 2.977 2.977 0.000 
8.250 3.980 1.178 1.387 1.592 1.754 1.926 2.101 2.232 2.384 2.581 2.841 2.970 3.065 3.152 3.257 3.323 3.319 3.312 3.284 3.179 3.079 2.955 2.962 2.962 0.000 
8.250 5.010 1.169 1.378 1.582 1.744 1.915 2.089 2.219 2.371 2.567 2.825 2.954 3.048 3.134 3.238 3.303 3.299 3.294 3.267 3.163 3.062 2.938 2.944 2.944 0.000 
8.250 6.310 1.159 1.366 1.570 1.731 1.902 2.074 2.204 2.355 2.550 2.807 2.935 3.027 3.113 3.215 3.278 3.275 3.271 3.245 3.142 3.041 2.918 2.922 2.922 0.000 
8.250 7.940 1.147 1.352 1.555 1.715 1.885 2.056 2.186 2.335 2.529 2.785 2.911 3.003 3.086 3.187 3.249 3.247 3.244 3.219 3.118 3.017 2.894 2.896 2.896 0.000 
8.250 10.000 1.131 1.336 1.538 1.696 1.865 2.035 2.163 2.312 2.504 2.758 2.883 2.973 3.055 3.153 3.214 3.212 3.212 3.188 3.088 2.987 2.864 2.865 2.865 0.000 
8.250 12.590 1.113 1.315 1.516 1.674 1.841 2.009 2.136 2.284 2.474 2.725 2.849 2.938 3.018 3.114 3.173 3.172 3.173 3.151 3.053 2.952 2.829 2.828 2.828 0.000 
8.250 15.850 1.091 1.291 1.490 1.647 1.813 1.978 2.105 2.251 2.439 2.687 2.810 2.896 2.974 3.067 3.124 3.124 3.127 3.107 3.012 2.911 2.788 2.784 2.784 0.000 
8.250 19.950 1.065 1.262 1.460 1.614 1.779 1.942 2.067 2.211 2.397 2.642 2.763 2.848 2.922 3.014 3.068 3.069 3.074 3.056 2.964 2.862 2.740 2.733 2.733 0.000 
8.250 25.120 1.033 1.228 1.424 1.576 1.739 1.899 2.023 2.165 2.348 2.590 2.709 2.791 2.863 2.952 3.003 3.005 3.013 2.997 2.908 2.806 2.685 2.675 2.675 0.000 
8.250 31.620 0.996 1.188 1.382 1.532 1.692 1.849 1.971 2.112 2.291 2.530 2.646 2.727 2.795 2.881 2.930 2.933 2.943 2.930 2.844 2.742 2.621 2.609 2.609 0.000 
8.250 39.810 0.953 1.141 1.332 1.480 1.638 1.791 1.912 2.050 2.226 2.460 2.575 2.653 2.719 2.802 2.848 2.851 2.864 2.854 2.771 2.670 2.550 2.534 2.534 0.000 
8.250 50.120 0.901 1.085 1.274 1.419 1.575 1.724 1.843 1.978 2.150 2.380 2.493 2.570 2.632 2.713 2.757 2.760 2.776 2.768 2.689 2.588 2.469 2.451 2.451 0.000 
8.250 63.100 0.840 1.020 1.206 1.349 1.501 1.647 1.763 1.896 2.064 2.289 2.400 2.476 2.535 2.614 2.656 2.660 2.679 2.673 2.598 2.497 2.380 2.360 2.360 0.000 
8.250 79.430 0.769 0.944 1.127 1.267 1.416 1.557 1.671 1.801 1.964 2.186 2.295 2.371 2.427 2.505 2.545 2.550 2.572 2.568 2.497 2.396 2.281 2.260 2.260 0.000 
8.250 100.000 0.684 0.855 1.034 1.171 1.317 1.454 1.565 1.692 1.850 2.067 2.175 2.252 2.307 2.385 2.425 2.430 2.455 2.454 2.387 2.286 2.173 2.152 2.152 0.000 
8.250 125.890 0.583 0.749 0.925 1.058 1.201 1.333 1.442 1.565 1.719 1.932 2.039 2.118 2.173 2.253 2.293 2.299 2.328 2.330 2.267 2.166 2.057 2.036 2.036 0.000 
8.250 158.490 0.462 0.623 0.796 0.925 1.065 1.192 1.298 1.418 1.567 1.775 1.883 1.967 2.022 2.106 2.150 2.157 2.191 2.197 2.138 2.037 1.931 1.911 1.911 0.000 
8.250 199.530 0.317 0.472 0.642 0.768 0.904 1.025 1.129 1.246 1.389 1.594 1.704 1.795 1.853 1.944 1.994 2.003 2.043 2.053 2.000 1.899 1.796 1.778 1.778 0.000 
8.250 251.190 0.141 0.291 0.457 0.580 0.712 0.828 0.929 1.042 1.180 1.382 1.496 1.597 1.661 1.763 1.822 1.835 1.883 1.899 1.851 1.750 1.651 1.636 1.636 0.000 
8.250 316.230 -0.072 0.072 0.234 0.353 0.482 0.593 0.691 0.800 0.933 1.133 1.252 1.369 1.442 1.560 1.632 1.651 1.709 1.733 1.691 1.591 1.495 1.484 1.484 0.000 
8.250 398.110 -0.333 -0.194 -0.036 0.080 0.205 0.309 0.405 0.510 0.637 0.837 0.965 1.103 1.188 1.330 1.421 1.447 1.520 1.554 1.520 1.420 1.329 1.320 1.320 0.000 
8.250 501.190 -0.653 -0.520 -0.365 -0.254 -0.132 -0.033 0.059 0.161 0.282 0.484 0.624 0.790 0.893 1.065 1.183 1.221 1.312 1.360 1.335 1.235 1.148 1.144 1.144 0.000 
8.250 630.960 -1.048 -0.920 -0.770 -0.662 -0.544 -0.451 -0.361 -0.264 -0.148 0.057 0.214 0.417 0.546 0.759 0.912 0.967 1.081 1.147 1.135 1.034 0.952 0.952 0.952 0.000 
8.250 794.330 -1.536 -1.415 -1.268 -1.164 -1.050 -0.963 -0.876 -0.782 -0.672 -0.461 -0.281 -0.029 0.134 0.401 0.602 0.678 0.823 0.913 0.915 0.814 0.737 0.741 0.741 0.000 
8.250 1000.000 -2.143 -2.027 -1.884 -1.784 -1.674 -1.592 -1.508 -1.418 -1.314 -1.093 -0.883 -0.567 -0.360 -0.022 0.240 0.346 0.531 0.652 0.672 0.571 0.498 0.507 0.507 0.000 
8.500 1.000 1.259 1.469 1.674 1.836 2.007 2.177 2.305 2.454 2.647 2.903 3.029 3.122 3.209 3.312 3.376 3.368 3.357 3.325 3.217 3.117 2.994 3.006 3.006 0.000 
8.500 1.260 1.257 1.466 1.672 1.834 2.004 2.174 2.302 2.451 2.644 2.899 3.026 3.118 3.204 3.307 3.371 3.363 3.352 3.320 3.213 3.112 2.990 3.001 3.001 0.000 
8.500 1.580 1.254 1.463 1.669 1.831 2.001 2.171 2.298 2.447 2.639 2.894 3.021 3.113 3.199 3.301 3.365 3.357 3.347 3.315 3.208 3.107 2.985 2.996 2.996 0.000 
8.500 2.000 1.251 1.460 1.665 1.826 1.997 2.166 2.293 2.442 2.634 2.888 3.014 3.106 3.192 3.293 3.357 3.349 3.339 3.308 3.201 3.100 2.978 2.989 2.989 0.000 
8.500 2.510 1.247 1.455 1.660 1.821 1.991 2.160 2.287 2.435 2.627 2.881 3.007 3.098 3.183 3.284 3.347 3.340 3.330 3.299 3.193 3.092 2.970 2.980 2.980 0.000 
8.500 3.160 1.242 1.450 1.654 1.815 1.985 2.153 2.280 2.427 2.619 2.872 2.997 3.088 3.172 3.273 3.335 3.328 3.319 3.289 3.183 3.082 2.960 2.969 2.969 0.000 
8.500 3.980 1.236 1.443 1.647 1.808 1.977 2.144 2.271 2.418 2.608 2.860 2.985 3.075 3.159 3.259 3.320 3.314 3.306 3.276 3.171 3.070 2.948 2.956 2.956 0.000 
8.500 5.010 1.229 1.435 1.638 1.798 1.966 2.133 2.259 2.406 2.596 2.847 2.971 3.060 3.143 3.241 3.302 3.296 3.289 3.260 3.156 3.055 2.933 2.940 2.940 0.000 
8.500 6.310 1.219 1.425 1.627 1.786 1.954 2.120 2.246 2.391 2.580 2.830 2.953 3.042 3.123 3.220 3.280 3.274 3.268 3.240 3.137 3.036 2.914 2.920 2.920 0.000 
8.500 7.940 1.208 1.412 1.614 1.772 1.939 2.103 2.229 2.373 2.561 2.809 2.932 3.019 3.099 3.195 3.253 3.248 3.243 3.216 3.115 3.014 2.892 2.896 2.896 0.000 
8.500 10.000 1.194 1.397 1.597 1.755 1.921 2.084 2.208 2.352 2.538 2.784 2.906 2.992 3.070 3.164 3.221 3.217 3.214 3.188 3.088 2.987 2.865 2.868 2.868 0.000 
8.500 12.590 1.177 1.378 1.577 1.734 1.899 2.060 2.183 2.326 2.510 2.755 2.875 2.959 3.035 3.128 3.183 3.179 3.178 3.154 3.056 2.954 2.833 2.833 2.833 0.000 
8.500 15.850 1.157 1.356 1.554 1.709 1.872 2.031 2.154 2.295 2.477 2.719 2.838 2.921 2.995 3.085 3.138 3.135 3.136 3.114 3.018 2.916 2.795 2.793 2.793 0.000 
8.500 19.950 1.132 1.329 1.525 1.679 1.840 1.997 2.119 2.258 2.438 2.677 2.794 2.875 2.947 3.035 3.086 3.084 3.087 3.066 2.973 2.872 2.751 2.746 2.746 0.000 
8.500 25.120 1.103 1.297 1.491 1.643 1.803 1.957 2.077 2.215 2.392 2.628 2.743 2.823 2.891 2.977 3.025 3.024 3.030 3.012 2.921 2.820 2.699 2.692 2.692 0.000 
8.500 31.620 1.068 1.259 1.452 1.601 1.759 1.910 2.028 2.164 2.339 2.571 2.684 2.762 2.828 2.910 2.957 2.956 2.964 2.949 2.861 2.760 2.640 2.630 2.630 0.000 
8.500 39.810 1.027 1.214 1.404 1.552 1.707 1.855 1.972 2.105 2.276 2.505 2.616 2.692 2.755 2.835 2.879 2.879 2.890 2.877 2.793 2.691 2.573 2.560 2.560 0.000 
8.500 50.120 0.978 1.161 1.349 1.494 1.647 1.791 1.906 2.037 2.204 2.428 2.538 2.612 2.672 2.751 2.792 2.793 2.807 2.796 2.716 2.614 2.497 2.482 2.482 0.000 
8.500 63.100 0.919 1.099 1.284 1.426 1.577 1.717 1.829 1.958 2.121 2.341 2.448 2.522 2.579 2.656 2.695 2.697 2.714 2.706 2.629 2.528 2.412 2.395 2.395 0.000 
8.500 79.430 0.850 1.025 1.208 1.347 1.494 1.630 1.741 1.866 2.025 2.241 2.347 2.420 2.475 2.551 2.589 2.591 2.611 2.606 2.533 2.432 2.318 2.300 2.300 0.000 
8.500 100.000 0.768 0.938 1.117 1.254 1.398 1.529 1.637 1.760 1.914 2.125 2.230 2.305 2.359 2.435 2.473 2.476 2.499 2.496 2.428 2.327 2.215 2.196 2.196 0.000 
8.500 125.890 0.669 0.835 1.011 1.144 1.285 1.411 1.517 1.637 1.786 1.993 2.098 2.175 2.228 2.306 2.345 2.349 2.376 2.377 2.313 2.212 2.103 2.084 2.084 0.000 
8.500 158.490 0.551 0.711 0.884 1.014 1.152 1.273 1.376 1.492 1.636 1.840 1.945 2.027 2.081 2.163 2.206 2.211 2.244 2.248 2.189 2.088 1.981 1.964 1.964 0.000 
8.500 199.530 0.408 0.564 0.733 0.859 0.993 1.109 1.210 1.323 1.462 1.662 1.769 1.858 1.915 2.005 2.053 2.061 2.099 2.109 2.054 1.953 1.851 1.834 1.834 0.000 
8.500 251.190 0.235 0.385 0.551 0.673 0.804 0.915 1.013 1.122 1.256 1.453 1.564 1.664 1.726 1.827 1.884 1.896 1.943 1.958 1.910 1.809 1.710 1.696 1.696 0.000 
8.500 316.230 0.024 0.169 0.331 0.450 0.577 0.682 0.778 0.883 1.011 1.207 1.323 1.439 1.510 1.627 1.698 1.715 1.773 1.796 1.754 1.653 1.558 1.547 1.547 0.000 
8.500 398.110 -0.234 -0.095 0.063 0.179 0.302 0.402 0.494 0.596 0.718 0.914 1.039 1.175 1.259 1.400 1.490 1.516 1.587 1.621 1.586 1.486 1.395 1.387 1.387 0.000 
8.500 501.190 -0.551 -0.418 -0.264 -0.152 -0.032 0.061 0.151 0.249 0.366 0.563 0.700 0.865 0.967 1.138 1.255 1.292 1.382 1.430 1.405 1.304 1.218 1.213 1.213 0.000 
8.500 630.960 -0.944 -0.816 -0.665 -0.558 -0.442 -0.354 -0.267 -0.173 -0.061 0.139 0.293 0.495 0.623 0.835 0.987 1.041 1.155 1.220 1.207 1.107 1.025 1.025 1.025 0.000 
8.500 794.330 -1.430 -1.308 -1.161 -1.057 -0.945 -0.863 -0.779 -0.688 -0.583 -0.376 -0.199 0.052 0.213 0.480 0.679 0.755 0.900 0.989 0.990 0.890 0.812 0.817 0.817 0.000 
8.500 1000.000 -2.033 -1.917 -1.774 -1.674 -1.566 -1.490 -1.408 -1.322 -1.223 -1.006 -0.799 -0.484 -0.278 0.060 0.321 0.426 0.610 0.731 0.750 0.650 0.577 0.586 0.586 0.000 
8.750 1.000 1.312 1.519 1.722 1.883 2.051 2.215 2.339 2.483 2.670 2.918 3.040 3.128 3.211 3.308 3.368 3.358 3.345 3.312 3.204 3.103 2.983 2.995 2.995 0.000 
8.750 1.260 1.310 1.517 1.720 1.881 2.048 2.212 2.336 2.480 2.667 2.915 3.037 3.125 3.206 3.304 3.364 3.353 3.341 3.308 3.201 3.100 2.979 2.991 2.991 0.000 
8.750 1.580 1.307 1.514 1.718 1.878 2.045 2.208 2.332 2.476 2.663 2.910 3.032 3.120 3.201 3.299 3.358 3.348 3.336 3.303 3.196 3.095 2.974 2.986 2.986 0.000 
8.750 2.000 1.305 1.511 1.714 1.874 2.041 2.204 2.328 2.471 2.658 2.905 3.027 3.114 3.195 3.292 3.351 3.341 3.329 3.296 3.190 3.089 2.969 2.980 2.980 0.000 
8.750 2.510 1.301 1.507 1.710 1.870 2.037 2.199 2.323 2.466 2.652 2.898 3.020 3.107 3.187 3.284 3.342 3.332 3.321 3.289 3.183 3.082 2.961 2.972 2.972 0.000 
8.750 3.160 1.297 1.502 1.705 1.864 2.031 2.193 2.316 2.459 2.644 2.890 3.011 3.098 3.178 3.273 3.331 3.322 3.311 3.279 3.174 3.073 2.952 2.962 2.962 0.000 
8.750 3.980 1.291 1.496 1.698 1.857 2.023 2.185 2.307 2.450 2.635 2.880 3.000 3.086 3.166 3.261 3.318 3.309 3.299 3.267 3.163 3.061 2.941 2.950 2.950 0.000 
8.750 5.010 1.284 1.488 1.690 1.849 2.014 2.175 2.297 2.439 2.623 2.867 2.987 3.072 3.151 3.245 3.301 3.293 3.284 3.253 3.149 3.048 2.927 2.936 2.936 0.000 
8.750 6.310 1.276 1.479 1.680 1.838 2.003 2.162 2.284 2.426 2.609 2.852 2.971 3.056 3.133 3.226 3.281 3.273 3.265 3.235 3.132 3.031 2.911 2.918 2.918 0.000 
8.750 7.940 1.266 1.467 1.668 1.825 1.989 2.147 2.269 2.409 2.591 2.833 2.951 3.035 3.111 3.203 3.257 3.249 3.243 3.214 3.112 3.011 2.890 2.896 2.896 0.000 
8.750 10.000 1.253 1.453 1.653 1.809 1.972 2.129 2.250 2.390 2.570 2.810 2.928 3.010 3.084 3.175 3.228 3.221 3.215 3.188 3.087 2.986 2.866 2.870 2.870 0.000 
8.750 12.590 1.237 1.436 1.634 1.790 1.952 2.107 2.227 2.366 2.545 2.783 2.899 2.980 3.053 3.141 3.193 3.186 3.183 3.156 3.058 2.956 2.837 2.839 2.839 0.000 
8.750 15.850 1.218 1.415 1.612 1.766 1.927 2.081 2.200 2.337 2.514 2.750 2.865 2.944 3.015 3.102 3.151 3.146 3.144 3.119 3.023 2.921 2.802 2.802 2.802 0.000 
8.750 19.950 1.196 1.390 1.586 1.738 1.898 2.049 2.167 2.303 2.478 2.711 2.824 2.902 2.970 3.055 3.103 3.098 3.098 3.076 2.982 2.880 2.761 2.759 2.759 0.000 
8.750 25.120 1.168 1.361 1.554 1.705 1.863 2.011 2.128 2.262 2.434 2.664 2.776 2.853 2.919 3.001 3.046 3.042 3.045 3.025 2.933 2.832 2.713 2.708 2.708 0.000 
8.750 31.620 1.136 1.325 1.517 1.665 1.821 1.967 2.082 2.214 2.384 2.610 2.720 2.795 2.858 2.938 2.982 2.979 2.984 2.966 2.878 2.776 2.658 2.650 2.650 0.000 
8.750 39.810 1.096 1.282 1.472 1.619 1.772 1.915 2.028 2.158 2.324 2.547 2.656 2.729 2.789 2.867 2.908 2.906 2.914 2.899 2.814 2.712 2.595 2.585 2.585 0.000 
8.750 50.120 1.049 1.232 1.419 1.563 1.715 1.853 1.965 2.093 2.255 2.475 2.581 2.653 2.711 2.787 2.826 2.824 2.836 2.822 2.741 2.639 2.523 2.511 2.511 0.000 
8.750 63.100 0.993 1.172 1.357 1.498 1.647 1.782 1.892 2.017 2.175 2.390 2.495 2.567 2.622 2.696 2.734 2.733 2.747 2.737 2.659 2.558 2.443 2.429 2.429 0.000 
8.750 79.430 0.927 1.101 1.283 1.422 1.567 1.698 1.806 1.928 2.082 2.293 2.397 2.468 2.521 2.595 2.632 2.632 2.649 2.642 2.568 2.467 2.354 2.338 2.338 0.000 
8.750 100.000 0.847 1.016 1.195 1.331 1.474 1.600 1.706 1.825 1.975 2.182 2.284 2.357 2.409 2.483 2.519 2.520 2.542 2.537 2.468 2.366 2.256 2.239 2.239 0.000 
8.750 125.890 0.751 0.916 1.091 1.224 1.364 1.485 1.588 1.704 1.850 2.052 2.154 2.230 2.281 2.358 2.396 2.398 2.424 2.423 2.358 2.256 2.148 2.131 2.131 0.000 
8.750 158.490 0.635 0.795 0.967 1.097 1.233 1.350 1.450 1.563 1.703 1.902 2.005 2.085 2.138 2.219 2.260 2.264 2.295 2.298 2.238 2.136 2.031 2.015 2.015 0.000 
8.750 199.530 0.495 0.650 0.819 0.945 1.078 1.189 1.287 1.396 1.532 1.727 1.832 1.920 1.975 2.064 2.111 2.117 2.155 2.163 2.107 2.006 1.904 1.889 1.889 0.000 
8.750 251.190 0.324 0.474 0.639 0.762 0.891 0.997 1.093 1.199 1.329 1.522 1.630 1.729 1.790 1.890 1.946 1.956 2.002 2.016 1.967 1.866 1.767 1.754 1.754 0.000 
8.750 316.230 0.116 0.260 0.422 0.541 0.667 0.767 0.860 0.962 1.087 1.278 1.393 1.506 1.576 1.693 1.763 1.779 1.836 1.858 1.815 1.714 1.620 1.609 1.609 0.000 
8.750 398.110 -0.140 -0.001 0.157 0.272 0.394 0.490 0.580 0.678 0.797 0.988 1.111 1.246 1.329 1.468 1.557 1.582 1.653 1.686 1.651 1.550 1.460 1.452 1.452 0.000 
8.750 501.190 -0.455 -0.322 -0.167 -0.056 0.062 0.152 0.239 0.334 0.447 0.640 0.775 0.938 1.040 1.210 1.326 1.363 1.452 1.498 1.473 1.372 1.286 1.282 1.282 0.000 
8.750 630.960 -0.845 -0.717 -0.566 -0.459 -0.344 -0.260 -0.176 -0.085 0.022 0.219 0.371 0.572 0.698 0.910 1.061 1.114 1.227 1.292 1.279 1.178 1.096 1.096 1.096 0.000 
8.750 794.330 -1.328 -1.206 -1.059 -0.956 -0.845 -0.767 -0.685 -0.598 -0.496 -0.293 -0.119 0.131 0.292 0.557 0.756 0.831 0.975 1.064 1.065 0.965 0.887 0.891 0.891 0.000 
8.750 1000.000 -1.929 -1.813 -1.670 -1.570 -1.463 -1.391 -1.313 -1.229 -1.133 -0.920 -0.716 -0.402 -0.197 0.140 0.400 0.504 0.689 0.809 0.828 0.727 0.654 0.663 0.663 0.000 
9.000 1.000 1.361 1.566 1.768 1.927 2.092 2.249 2.370 2.510 2.692 2.933 3.052 3.135 3.213 3.306 3.361 3.348 3.334 3.299 3.192 3.091 2.972 2.985 2.985 0.000 
9.000 1.260 1.359 1.564 1.766 1.925 2.089 2.247 2.368 2.507 2.689 2.930 3.048 3.132 3.209 3.302 3.357 3.344 3.331 3.296 3.189 3.088 2.969 2.982 2.982 0.000 
9.000 1.580 1.357 1.561 1.763 1.922 2.087 2.244 2.364 2.504 2.686 2.926 3.044 3.128 3.205 3.297 3.352 3.339 3.326 3.291 3.185 3.084 2.965 2.977 2.977 0.000 
9.000 2.000 1.355 1.559 1.760 1.919 2.083 2.240 2.361 2.500 2.681 2.922 3.039 3.122 3.199 3.291 3.346 3.333 3.320 3.286 3.179 3.078 2.959 2.972 2.972 0.000 
9.000 2.510 1.352 1.555 1.756 1.915 2.079 2.235 2.356 2.495 2.676 2.916 3.033 3.116 3.192 3.284 3.338 3.325 3.313 3.279 3.173 3.072 2.953 2.965 2.965 0.000 
9.000 3.160 1.348 1.551 1.752 1.910 2.073 2.230 2.349 2.488 2.669 2.908 3.025 3.107 3.183 3.275 3.328 3.316 3.304 3.270 3.165 3.064 2.945 2.956 2.956 0.000 
9.000 3.980 1.343 1.545 1.746 1.903 2.067 2.222 2.342 2.480 2.660 2.899 3.015 3.097 3.173 3.263 3.316 3.304 3.293 3.259 3.155 3.053 2.935 2.945 2.945 0.000 
9.000 5.010 1.336 1.538 1.738 1.895 2.058 2.213 2.332 2.470 2.649 2.887 3.003 3.085 3.159 3.249 3.301 3.290 3.279 3.246 3.142 3.041 2.922 2.932 2.932 0.000 
9.000 6.310 1.329 1.530 1.729 1.886 2.048 2.202 2.321 2.458 2.636 2.873 2.989 3.069 3.143 3.232 3.283 3.272 3.262 3.230 3.127 3.026 2.907 2.916 2.916 0.000 
9.000 7.940 1.319 1.519 1.718 1.874 2.035 2.188 2.307 2.443 2.620 2.856 2.971 3.050 3.123 3.211 3.261 3.250 3.242 3.211 3.109 3.007 2.889 2.896 2.896 0.000 
9.000 10.000 1.308 1.506 1.704 1.859 2.020 2.172 2.289 2.425 2.601 2.835 2.949 3.028 3.098 3.185 3.234 3.224 3.217 3.187 3.086 2.985 2.867 2.873 2.873 0.000 
9.000 12.590 1.293 1.490 1.687 1.841 2.001 2.151 2.268 2.403 2.577 2.810 2.922 3.000 3.069 3.154 3.202 3.193 3.187 3.158 3.059 2.958 2.840 2.844 2.844 0.000 
9.000 15.850 1.276 1.471 1.667 1.820 1.978 2.127 2.243 2.376 2.549 2.779 2.891 2.967 3.034 3.118 3.164 3.155 3.151 3.124 3.027 2.926 2.808 2.810 2.810 0.000 
9.000 19.950 1.255 1.448 1.642 1.794 1.951 2.097 2.212 2.344 2.515 2.743 2.853 2.928 2.993 3.074 3.119 3.111 3.109 3.084 2.989 2.888 2.770 2.770 2.770 0.000 
9.000 25.120 1.229 1.420 1.613 1.762 1.918 2.062 2.176 2.306 2.474 2.699 2.808 2.881 2.944 3.024 3.066 3.059 3.060 3.037 2.945 2.843 2.726 2.724 2.724 0.000 
9.000 31.620 1.198 1.386 1.577 1.725 1.879 2.020 2.132 2.261 2.426 2.648 2.755 2.827 2.888 2.965 3.006 3.000 3.003 2.982 2.893 2.791 2.675 2.670 2.670 0.000 
9.000 39.810 1.161 1.346 1.535 1.681 1.832 1.970 2.081 2.208 2.370 2.588 2.694 2.765 2.823 2.898 2.936 2.932 2.937 2.919 2.833 2.731 2.616 2.608 2.608 0.000 
9.000 50.120 1.116 1.298 1.484 1.628 1.777 1.912 2.021 2.145 2.304 2.519 2.622 2.692 2.748 2.822 2.858 2.854 2.863 2.847 2.765 2.663 2.548 2.539 2.539 0.000 
9.000 63.100 1.063 1.240 1.424 1.565 1.712 1.843 1.950 2.072 2.227 2.438 2.540 2.609 2.663 2.735 2.770 2.767 2.779 2.767 2.688 2.586 2.473 2.461 2.461 0.000 
9.000 79.430 0.998 1.172 1.353 1.491 1.636 1.762 1.867 1.987 2.137 2.344 2.445 2.515 2.566 2.638 2.673 2.671 2.686 2.676 2.601 2.500 2.388 2.375 2.375 0.000 
9.000 100.000 0.921 1.090 1.268 1.404 1.545 1.667 1.770 1.886 2.033 2.236 2.336 2.407 2.457 2.530 2.564 2.563 2.583 2.576 2.506 2.404 2.295 2.280 2.280 0.000 
9.000 125.890 0.827 0.991 1.167 1.299 1.437 1.555 1.656 1.769 1.911 2.110 2.210 2.283 2.333 2.409 2.445 2.445 2.469 2.466 2.400 2.299 2.192 2.177 2.177 0.000 
9.000 158.490 0.714 0.873 1.046 1.175 1.310 1.422 1.521 1.631 1.768 1.963 2.064 2.142 2.193 2.273 2.313 2.315 2.345 2.346 2.285 2.184 2.079 2.064 2.064 0.000 
9.000 199.530 0.576 0.731 0.899 1.025 1.157 1.265 1.360 1.467 1.599 1.791 1.894 1.980 2.034 2.122 2.167 2.172 2.209 2.215 2.159 2.058 1.956 1.943 1.943 0.000 
9.000 251.190 0.408 0.557 0.723 0.845 0.973 1.076 1.169 1.272 1.399 1.588 1.695 1.792 1.852 1.951 2.006 2.015 2.060 2.073 2.023 1.922 1.824 1.812 1.812 0.000 
9.000 316.230 0.202 0.346 0.508 0.627 0.751 0.848 0.939 1.038 1.160 1.348 1.460 1.573 1.642 1.757 1.826 1.842 1.897 1.919 1.875 1.774 1.680 1.670 1.670 0.000 
9.000 398.110 -0.051 0.088 0.246 0.361 0.482 0.573 0.661 0.757 0.873 1.061 1.182 1.315 1.398 1.536 1.624 1.648 1.718 1.750 1.715 1.614 1.524 1.517 1.517 0.000 
9.000 501.190 -0.364 -0.231 -0.076 0.035 0.152 0.238 0.323 0.415 0.526 0.715 0.849 1.011 1.111 1.280 1.395 1.431 1.520 1.566 1.541 1.440 1.353 1.350 1.350 0.000 
9.000 630.960 -0.751 -0.623 -0.473 -0.365 -0.252 -0.171 -0.089 -0.001 0.104 0.297 0.447 0.647 0.773 0.983 1.133 1.186 1.299 1.363 1.350 1.249 1.167 1.167 1.167 0.000 
9.000 794.330 -1.231 -1.110 -0.963 -0.859 -0.750 -0.675 -0.596 -0.511 -0.413 -0.213 -0.040 0.209 0.369 0.634 0.831 0.906 1.050 1.138 1.139 1.038 0.961 0.965 0.965 0.000 
9.000 1000.000 -1.830 -1.714 -1.571 -1.472 -1.366 -1.297 -1.221 -1.140 -1.047 -0.837 -0.634 -0.322 -0.117 0.219 0.478 0.582 0.766 0.886 0.905 0.804 0.731 0.740 0.740 0.000 
9.250 1.000 1.407 1.609 1.810 1.967 2.129 2.282 2.400 2.536 2.713 2.949 3.063 3.143 3.216 3.305 3.355 3.340 3.324 3.288 3.181 3.080 2.963 2.977 2.977 0.000 
9.250 1.260 1.406 1.608 1.808 1.965 2.127 2.280 2.398 2.534 2.711 2.946 3.060 3.140 3.213 3.301 3.352 3.336 3.321 3.284 3.178 3.077 2.960 2.974 2.974 0.000 
9.250 1.580 1.404 1.606 1.806 1.963 2.125 2.277 2.395 2.531 2.707 2.943 3.057 3.136 3.209 3.297 3.347 3.332 3.317 3.280 3.174 3.073 2.956 2.970 2.970 0.000 
9.250 2.000 1.402 1.603 1.803 1.960 2.122 2.274 2.391 2.527 2.703 2.938 3.052 3.131 3.204 3.292 3.341 3.326 3.312 3.275 3.169 3.068 2.951 2.964 2.964 0.000 
9.250 2.510 1.399 1.600 1.799 1.956 2.118 2.269 2.387 2.522 2.698 2.933 3.046 3.125 3.197 3.285 3.334 3.319 3.305 3.269 3.164 3.062 2.945 2.958 2.958 0.000 
9.250 3.160 1.395 1.596 1.795 1.951 2.113 2.264 2.381 2.516 2.692 2.926 3.039 3.118 3.190 3.276 3.325 3.311 3.297 3.261 3.156 3.055 2.938 2.950 2.950 0.000 
9.250 3.980 1.390 1.591 1.790 1.946 2.107 2.257 2.374 2.509 2.684 2.918 3.031 3.108 3.180 3.266 3.315 3.300 3.287 3.252 3.147 3.046 2.929 2.941 2.941 0.000 
9.250 5.010 1.385 1.584 1.783 1.939 2.099 2.249 2.366 2.500 2.675 2.907 3.020 3.097 3.168 3.253 3.301 3.287 3.274 3.240 3.136 3.035 2.918 2.929 2.929 0.000 
9.250 6.310 1.378 1.577 1.775 1.930 2.090 2.239 2.355 2.489 2.663 2.894 3.006 3.083 3.153 3.237 3.285 3.271 3.259 3.225 3.122 3.021 2.904 2.914 2.914 0.000 
9.250 7.940 1.369 1.567 1.764 1.919 2.078 2.226 2.342 2.475 2.648 2.878 2.990 3.066 3.134 3.218 3.264 3.251 3.241 3.208 3.106 3.004 2.887 2.897 2.897 0.000 
9.250 10.000 1.358 1.555 1.752 1.905 2.064 2.211 2.326 2.459 2.630 2.859 2.970 3.045 3.112 3.195 3.240 3.227 3.218 3.186 3.085 2.984 2.867 2.875 2.875 0.000 
9.250 12.590 1.345 1.540 1.736 1.889 2.047 2.192 2.306 2.438 2.608 2.836 2.945 3.019 3.085 3.167 3.211 3.199 3.191 3.160 3.061 2.959 2.843 2.849 2.849 0.000 
9.250 15.850 1.329 1.523 1.717 1.869 2.025 2.169 2.283 2.413 2.582 2.807 2.916 2.989 3.053 3.133 3.175 3.164 3.158 3.129 3.031 2.930 2.813 2.818 2.818 0.000 
9.250 19.950 1.309 1.501 1.694 1.844 2.000 2.142 2.254 2.383 2.550 2.773 2.880 2.952 3.015 3.093 3.134 3.123 3.119 3.092 2.996 2.894 2.779 2.781 2.781 0.000 
9.250 25.120 1.285 1.475 1.666 1.815 1.969 2.109 2.220 2.348 2.512 2.732 2.838 2.909 2.969 3.046 3.085 3.075 3.073 3.048 2.955 2.853 2.738 2.738 2.738 0.000 
9.250 31.620 1.256 1.443 1.633 1.780 1.932 2.069 2.179 2.305 2.467 2.684 2.789 2.858 2.916 2.991 3.028 3.020 3.020 2.997 2.907 2.805 2.690 2.688 2.688 0.000 
9.250 39.810 1.221 1.405 1.593 1.738 1.888 2.022 2.131 2.255 2.413 2.628 2.730 2.799 2.855 2.928 2.963 2.956 2.959 2.938 2.851 2.749 2.635 2.631 2.631 0.000 
9.250 50.120 1.178 1.359 1.545 1.687 1.835 1.966 2.073 2.195 2.350 2.561 2.662 2.730 2.784 2.855 2.889 2.883 2.889 2.871 2.787 2.685 2.572 2.566 2.566 0.000 
9.250 63.100 1.127 1.304 1.487 1.627 1.773 1.900 2.005 2.125 2.276 2.484 2.583 2.651 2.702 2.773 2.806 2.800 2.810 2.795 2.715 2.613 2.501 2.492 2.492 0.000 
9.250 79.430 1.065 1.237 1.418 1.556 1.699 1.822 1.925 2.042 2.190 2.393 2.492 2.560 2.610 2.680 2.712 2.708 2.721 2.709 2.633 2.532 2.421 2.410 2.410 0.000 
9.250 100.000 0.989 1.158 1.336 1.471 1.611 1.730 1.831 1.945 2.088 2.288 2.386 2.455 2.504 2.575 2.608 2.605 2.622 2.614 2.542 2.441 2.332 2.320 2.320 0.000 
9.250 125.890 0.898 1.062 1.237 1.369 1.506 1.621 1.719 1.830 1.969 2.165 2.263 2.335 2.384 2.458 2.492 2.491 2.513 2.509 2.442 2.340 2.234 2.221 2.221 0.000 
9.250 158.490 0.787 0.947 1.118 1.247 1.381 1.491 1.587 1.695 1.829 2.021 2.120 2.197 2.248 2.326 2.364 2.365 2.393 2.393 2.331 2.229 2.126 2.113 2.113 0.000 
9.250 199.530 0.652 0.806 0.975 1.100 1.231 1.336 1.430 1.534 1.663 1.852 1.954 2.038 2.092 2.178 2.222 2.226 2.261 2.266 2.210 2.108 2.007 1.995 1.995 0.000 
9.250 251.190 0.487 0.636 0.801 0.923 1.050 1.150 1.241 1.342 1.466 1.653 1.758 1.854 1.913 2.011 2.064 2.073 2.117 2.128 2.078 1.976 1.879 1.868 1.868 0.000 
9.250 316.230 0.283 0.427 0.589 0.707 0.831 0.925 1.014 1.111 1.230 1.415 1.526 1.638 1.706 1.820 1.888 1.903 1.958 1.978 1.934 1.833 1.739 1.730 1.730 0.000 
9.250 398.110 0.033 0.171 0.329 0.444 0.564 0.653 0.739 0.832 0.946 1.131 1.251 1.383 1.464 1.602 1.689 1.713 1.782 1.813 1.778 1.677 1.586 1.580 1.580 0.000 
9.250 501.190 -0.277 -0.145 0.010 0.121 0.237 0.320 0.403 0.494 0.601 0.788 0.920 1.081 1.181 1.350 1.464 1.499 1.587 1.633 1.607 1.506 1.420 1.417 1.417 0.000 
9.250 630.960 -0.662 -0.535 -0.384 -0.277 -0.165 -0.087 -0.006 0.080 0.182 0.373 0.522 0.720 0.845 1.055 1.205 1.257 1.369 1.433 1.419 1.318 1.237 1.237 1.237 0.000 
9.250 794.330 -1.140 -1.019 -0.872 -0.769 -0.660 -0.588 -0.510 -0.428 -0.331 -0.134 0.037 0.285 0.444 0.708 0.905 0.980 1.123 1.211 1.212 1.111 1.034 1.039 1.039 0.000 
9.250 1000.000 -1.737 -1.621 -1.478 -1.378 -1.273 -1.207 -1.133 -1.054 -0.963 -0.756 -0.554 -0.243 -0.038 0.296 0.555 0.659 0.842 0.962 0.981 0.880 0.807 0.816 0.816 0.000 
