ZhaoEtAl2006SInterCascadia_CanadaSHM6-trial modified from OpenQuake implementation, distance is rrup. Log10 ground motion values in cgs units, PGV and Sa(T<0.1s) not valid
          10 31 23 : nmag, ndist, nperiod
          10.000 5.000 4.000 3.000 2.500 2.000 1.500 1.250 1.000 0.900 0.800 0.700 0.600 0.500 0.400 0.300 0.250 0.200 0.150 0.100 0.050 PGA PGV 
          0.698 0.698 0.716 0.748 0.760 0.760 0.752 0.742 0.734 0.729 0.726 0.723 0.717 0.709 0.713 0.726 0.741 0.766 0.792 0.803 0.726 0.678 0.000 
7.000 1.000 0.959 1.549 1.852 2.179 2.345 2.558 2.658 2.725 2.715 2.786 2.852 2.871 2.874 2.933 2.977 2.931 2.898 2.817 2.782 2.634 2.446 2.378 0.000 
7.000 1.260 0.948 1.537 1.836 2.158 2.325 2.536 2.636 2.702 2.696 2.767 2.832 2.852 2.858 2.919 2.965 2.921 2.889 2.809 2.775 2.627 2.437 2.367 0.000 
7.000 1.580 0.935 1.523 1.817 2.132 2.300 2.509 2.611 2.676 2.673 2.743 2.808 2.829 2.839 2.901 2.950 2.908 2.877 2.799 2.766 2.619 2.426 2.355 0.000 
7.000 2.000 0.919 1.506 1.793 2.102 2.271 2.478 2.580 2.644 2.646 2.716 2.779 2.802 2.816 2.880 2.931 2.892 2.863 2.787 2.754 2.608 2.412 2.339 0.000 
7.000 2.510 0.899 1.484 1.766 2.067 2.237 2.442 2.545 2.607 2.615 2.683 2.745 2.771 2.788 2.855 2.909 2.873 2.847 2.772 2.740 2.595 2.395 2.320 0.000 
7.000 3.160 0.876 1.459 1.733 2.026 2.197 2.401 2.503 2.565 2.577 2.645 2.705 2.733 2.756 2.826 2.882 2.851 2.826 2.754 2.723 2.579 2.375 2.298 0.000 
7.000 3.980 0.849 1.429 1.695 1.980 2.152 2.353 2.457 2.517 2.535 2.601 2.660 2.691 2.718 2.791 2.850 2.823 2.801 2.732 2.702 2.559 2.350 2.271 0.000 
7.000 5.010 0.817 1.394 1.651 1.928 2.101 2.300 2.404 2.462 2.486 2.551 2.609 2.642 2.674 2.750 2.813 2.791 2.772 2.706 2.677 2.536 2.321 2.238 0.000 
7.000 6.310 0.780 1.353 1.602 1.870 2.044 2.240 2.345 2.402 2.431 2.495 2.552 2.587 2.625 2.703 2.770 2.753 2.736 2.674 2.647 2.507 2.286 2.200 0.000 
7.000 7.940 0.738 1.306 1.546 1.806 1.981 2.175 2.280 2.337 2.371 2.434 2.489 2.527 2.569 2.650 2.721 2.708 2.695 2.636 2.611 2.473 2.245 2.156 0.000 
7.000 10.000 0.690 1.254 1.484 1.736 1.913 2.104 2.210 2.265 2.304 2.366 2.420 2.460 2.507 2.591 2.665 2.657 2.648 2.593 2.568 2.432 2.198 2.105 0.000 
7.000 12.590 0.637 1.194 1.417 1.662 1.839 2.029 2.134 2.189 2.232 2.293 2.346 2.388 2.439 2.526 2.603 2.600 2.593 2.541 2.519 2.384 2.143 2.048 0.000 
7.000 15.850 0.579 1.129 1.344 1.583 1.760 1.948 2.054 2.108 2.155 2.215 2.267 2.310 2.365 2.454 2.534 2.535 2.531 2.483 2.462 2.329 2.080 1.982 0.000 
7.000 19.950 0.515 1.058 1.266 1.499 1.677 1.863 1.969 2.022 2.073 2.132 2.182 2.227 2.286 2.376 2.458 2.462 2.461 2.416 2.396 2.265 2.010 1.910 0.000 
7.000 25.120 0.446 0.980 1.182 1.411 1.589 1.774 1.880 1.932 1.986 2.044 2.094 2.139 2.201 2.292 2.375 2.382 2.383 2.341 2.321 2.191 1.931 1.829 0.000 
7.000 31.620 0.372 0.897 1.094 1.320 1.497 1.680 1.786 1.839 1.894 1.951 2.000 2.047 2.111 2.203 2.286 2.294 2.296 2.256 2.237 2.107 1.842 1.740 0.000 
7.000 39.810 0.293 0.808 1.002 1.226 1.402 1.583 1.689 1.741 1.799 1.855 1.903 1.950 2.015 2.107 2.190 2.199 2.200 2.162 2.142 2.013 1.745 1.643 0.000 
7.000 50.120 0.209 0.714 0.905 1.128 1.302 1.483 1.587 1.640 1.699 1.754 1.801 1.848 1.915 2.005 2.086 2.094 2.095 2.057 2.036 1.906 1.637 1.537 0.000 
7.000 63.100 0.120 0.614 0.803 1.026 1.199 1.378 1.481 1.535 1.594 1.649 1.695 1.742 1.809 1.897 1.975 1.980 1.980 1.940 1.918 1.785 1.517 1.421 0.000 
7.000 79.430 0.026 0.508 0.697 0.921 1.092 1.269 1.371 1.426 1.485 1.539 1.584 1.630 1.697 1.782 1.856 1.856 1.853 1.810 1.785 1.649 1.384 1.294 0.000 
7.000 100.000 -0.075 0.395 0.586 0.813 0.980 1.156 1.255 1.311 1.371 1.423 1.467 1.512 1.578 1.659 1.727 1.720 1.712 1.665 1.635 1.496 1.237 1.154 0.000 
7.000 125.890 -0.182 0.276 0.469 0.700 0.862 1.037 1.134 1.191 1.250 1.301 1.344 1.388 1.451 1.527 1.586 1.570 1.555 1.503 1.467 1.321 1.071 1.000 0.000 
7.000 158.490 -0.297 0.148 0.346 0.582 0.739 0.911 1.005 1.065 1.123 1.171 1.212 1.254 1.316 1.384 1.432 1.403 1.380 1.319 1.275 1.120 0.885 0.827 0.000 
7.000 199.530 -0.422 0.011 0.214 0.458 0.608 0.777 0.867 0.930 0.986 1.032 1.072 1.111 1.169 1.228 1.261 1.216 1.181 1.109 1.054 0.889 0.672 0.632 0.000 
7.000 251.190 -0.558 -0.139 0.073 0.327 0.468 0.634 0.719 0.785 0.839 0.882 0.919 0.955 1.008 1.055 1.070 1.004 0.954 0.867 0.799 0.620 0.426 0.410 0.000 
7.000 316.230 -0.709 -0.303 -0.080 0.187 0.317 0.479 0.557 0.628 0.678 0.719 0.753 0.784 0.830 0.862 0.854 0.761 0.691 0.586 0.500 0.304 0.141 0.154 0.000 
7.000 398.110 -0.877 -0.485 -0.247 0.036 0.152 0.308 0.379 0.456 0.502 0.537 0.568 0.594 0.632 0.643 0.606 0.479 0.385 0.256 0.148 -0.072 -0.194 -0.144 0.000 
7.000 501.190 -1.068 -0.689 -0.433 -0.129 -0.031 0.119 0.179 0.264 0.304 0.335 0.360 0.380 0.407 0.394 0.319 0.148 0.023 -0.136 -0.272 -0.520 -0.592 -0.494 0.000 
7.000 630.960 -1.286 -0.921 -0.642 -0.311 -0.236 -0.093 -0.046 0.048 0.081 0.105 0.125 0.135 0.149 0.104 -0.018 -0.243 -0.407 -0.605 -0.776 -1.061 -1.068 -0.910 0.000 
7.000 794.330 -1.539 -1.188 -0.880 -0.515 -0.468 -0.335 -0.305 -0.198 -0.174 -0.159 -0.146 -0.147 -0.150 -0.234 -0.416 -0.711 -0.924 -1.171 -1.386 -1.716 -1.642 -1.408 0.000 
7.000 1000.000 -1.836 -1.499 -1.153 -0.746 -0.734 -0.615 -0.604 -0.483 -0.470 -0.466 -0.462 -0.477 -0.501 -0.636 -0.892 -1.274 -1.550 -1.858 -2.129 -2.518 -2.340 -2.011 0.000 
7.250 1.000 1.029 1.614 1.925 2.254 2.416 2.626 2.717 2.779 2.756 2.825 2.889 2.902 2.898 2.960 3.004 2.956 2.919 2.833 2.795 2.643 2.455 2.389 0.000 
7.250 1.260 1.021 1.605 1.912 2.236 2.400 2.608 2.699 2.761 2.741 2.809 2.873 2.887 2.886 2.949 2.994 2.948 2.911 2.827 2.789 2.638 2.448 2.381 0.000 
7.250 1.580 1.011 1.593 1.896 2.216 2.380 2.587 2.678 2.739 2.723 2.790 2.853 2.869 2.870 2.935 2.981 2.937 2.902 2.819 2.781 2.631 2.439 2.371 0.000 
7.250 2.000 0.998 1.579 1.877 2.190 2.356 2.561 2.653 2.713 2.701 2.768 2.829 2.847 2.852 2.917 2.966 2.925 2.891 2.809 2.772 2.622 2.428 2.358 0.000 
7.250 2.510 0.982 1.562 1.855 2.161 2.327 2.531 2.624 2.682 2.675 2.741 2.801 2.820 2.829 2.897 2.947 2.909 2.876 2.797 2.760 2.612 2.414 2.343 0.000 
7.250 3.160 0.964 1.541 1.827 2.126 2.294 2.495 2.589 2.646 2.644 2.709 2.768 2.789 2.802 2.872 2.925 2.890 2.859 2.782 2.746 2.599 2.398 2.324 0.000 
7.250 3.980 0.941 1.517 1.795 2.086 2.255 2.454 2.549 2.605 2.608 2.671 2.729 2.753 2.771 2.842 2.898 2.866 2.838 2.763 2.729 2.583 2.377 2.302 0.000 
7.250 5.010 0.915 1.487 1.758 2.040 2.210 2.407 2.503 2.557 2.566 2.629 2.685 2.711 2.733 2.807 2.866 2.839 2.813 2.741 2.708 2.563 2.353 2.275 0.000 
7.250 6.310 0.884 1.453 1.715 1.988 2.160 2.354 2.451 2.504 2.518 2.580 2.635 2.663 2.690 2.767 2.829 2.806 2.783 2.714 2.683 2.539 2.323 2.243 0.000 
7.250 7.940 0.848 1.412 1.665 1.930 2.103 2.295 2.392 2.444 2.465 2.525 2.578 2.609 2.642 2.720 2.785 2.767 2.748 2.682 2.652 2.510 2.288 2.205 0.000 
7.250 10.000 0.807 1.366 1.610 1.867 2.041 2.231 2.328 2.379 2.405 2.464 2.516 2.549 2.586 2.667 2.736 2.722 2.706 2.644 2.615 2.475 2.247 2.161 0.000 
7.250 12.590 0.760 1.314 1.549 1.798 1.973 2.160 2.259 2.308 2.339 2.397 2.447 2.482 2.525 2.608 2.679 2.670 2.657 2.599 2.572 2.433 2.199 2.110 0.000 
7.250 15.850 0.707 1.255 1.482 1.723 1.899 2.084 2.183 2.232 2.267 2.324 2.373 2.410 2.457 2.542 2.616 2.610 2.601 2.547 2.521 2.384 2.143 2.051 0.000 
7.250 19.950 0.649 1.189 1.408 1.644 1.820 2.004 2.103 2.151 2.190 2.246 2.294 2.332 2.383 2.469 2.545 2.543 2.537 2.486 2.462 2.327 2.079 1.985 0.000 
7.250 25.120 0.585 1.117 1.330 1.560 1.736 1.918 2.017 2.065 2.108 2.162 2.209 2.249 2.303 2.391 2.468 2.469 2.464 2.417 2.394 2.260 2.006 1.910 0.000 
7.250 31.620 0.516 1.039 1.246 1.472 1.648 1.828 1.927 1.974 2.020 2.074 2.120 2.160 2.217 2.305 2.383 2.386 2.383 2.338 2.316 2.183 1.923 1.827 0.000 
7.250 39.810 0.441 0.955 1.157 1.380 1.555 1.734 1.833 1.880 1.928 1.980 2.025 2.067 2.125 2.213 2.291 2.294 2.292 2.249 2.227 2.094 1.831 1.735 0.000 
7.250 50.120 0.361 0.865 1.063 1.284 1.458 1.636 1.733 1.781 1.831 1.882 1.926 1.968 2.028 2.115 2.191 2.194 2.191 2.149 2.126 1.993 1.728 1.634 0.000 
7.250 63.100 0.275 0.768 0.964 1.185 1.357 1.533 1.630 1.678 1.729 1.779 1.822 1.864 1.925 2.010 2.083 2.083 2.080 2.037 2.013 1.878 1.613 1.522 0.000 
7.250 79.430 0.184 0.665 0.860 1.081 1.251 1.425 1.521 1.570 1.621 1.671 1.712 1.754 1.815 1.897 1.966 1.962 1.956 1.911 1.884 1.747 1.484 1.398 0.000 
7.250 100.000 0.086 0.555 0.751 0.974 1.141 1.313 1.407 1.457 1.509 1.557 1.597 1.637 1.698 1.776 1.838 1.828 1.818 1.770 1.738 1.597 1.339 1.261 0.000 
7.250 125.890 -0.020 0.437 0.635 0.862 1.025 1.195 1.286 1.338 1.389 1.436 1.475 1.514 1.573 1.645 1.700 1.680 1.663 1.610 1.573 1.426 1.176 1.109 0.000 
7.250 158.490 -0.133 0.311 0.513 0.745 0.902 1.070 1.158 1.212 1.263 1.307 1.344 1.382 1.438 1.503 1.547 1.515 1.490 1.428 1.383 1.229 0.992 0.938 0.000 
7.250 199.530 -0.257 0.175 0.382 0.622 0.772 0.937 1.021 1.078 1.127 1.169 1.204 1.239 1.292 1.348 1.377 1.329 1.293 1.221 1.165 1.000 0.781 0.745 0.000 
7.250 251.190 -0.392 0.027 0.242 0.491 0.633 0.794 0.873 0.934 0.980 1.020 1.053 1.084 1.132 1.176 1.187 1.118 1.067 0.980 0.912 0.733 0.537 0.524 0.000 
7.250 316.230 -0.542 -0.136 0.089 0.352 0.482 0.639 0.712 0.777 0.820 0.856 0.886 0.913 0.956 0.983 0.971 0.876 0.805 0.700 0.615 0.418 0.253 0.269 0.000 
7.250 398.110 -0.710 -0.318 -0.078 0.201 0.317 0.469 0.534 0.605 0.644 0.676 0.702 0.724 0.758 0.766 0.724 0.594 0.500 0.371 0.263 0.044 -0.081 -0.027 0.000 
7.250 501.190 -0.900 -0.521 -0.263 0.036 0.134 0.280 0.335 0.413 0.447 0.473 0.495 0.509 0.533 0.516 0.437 0.265 0.139 -0.020 -0.155 -0.403 -0.478 -0.377 0.000 
7.250 630.960 -1.118 -0.753 -0.472 -0.146 -0.070 0.068 0.109 0.198 0.224 0.244 0.260 0.265 0.276 0.227 0.101 -0.126 -0.291 -0.488 -0.659 -0.943 -0.954 -0.792 0.000 
7.250 794.330 -1.371 -1.019 -0.709 -0.349 -0.302 -0.174 -0.149 -0.049 -0.031 -0.020 -0.011 -0.017 -0.023 -0.111 -0.297 -0.593 -0.807 -1.053 -1.268 -1.598 -1.527 -1.291 0.000 
7.250 1000.000 -1.668 -1.330 -0.982 -0.580 -0.568 -0.453 -0.448 -0.333 -0.327 -0.327 -0.327 -0.347 -0.374 -0.512 -0.772 -1.156 -1.433 -1.740 -2.011 -2.398 -2.225 -1.893 0.000 
7.500 1.000 1.089 1.668 1.987 2.317 2.477 2.684 2.765 2.824 2.789 2.854 2.918 2.925 2.916 2.982 3.026 2.978 2.936 2.847 2.805 2.651 2.463 2.398 0.000 
7.500 1.260 1.083 1.661 1.977 2.303 2.464 2.669 2.751 2.809 2.777 2.842 2.905 2.913 2.906 2.972 3.017 2.971 2.930 2.841 2.800 2.647 2.457 2.392 0.000 
7.500 1.580 1.074 1.652 1.964 2.286 2.447 2.652 2.735 2.791 2.763 2.827 2.889 2.899 2.894 2.961 3.007 2.962 2.922 2.835 2.794 2.641 2.450 2.384 0.000 
7.500 2.000 1.065 1.640 1.949 2.266 2.428 2.631 2.714 2.770 2.745 2.809 2.870 2.881 2.879 2.947 2.995 2.952 2.913 2.827 2.786 2.634 2.441 2.374 0.000 
7.500 2.510 1.052 1.627 1.930 2.241 2.404 2.606 2.690 2.745 2.724 2.787 2.846 2.860 2.860 2.930 2.979 2.939 2.901 2.817 2.777 2.626 2.430 2.361 0.000 
7.500 3.160 1.037 1.610 1.907 2.212 2.376 2.576 2.661 2.715 2.698 2.760 2.819 2.834 2.838 2.909 2.960 2.922 2.887 2.804 2.766 2.615 2.416 2.346 0.000 
7.500 3.980 1.019 1.590 1.881 2.177 2.344 2.541 2.627 2.679 2.668 2.729 2.786 2.803 2.812 2.885 2.938 2.903 2.870 2.789 2.751 2.602 2.399 2.328 0.000 
7.500 5.010 0.998 1.565 1.849 2.138 2.305 2.501 2.588 2.639 2.633 2.693 2.749 2.768 2.781 2.855 2.911 2.879 2.849 2.771 2.734 2.585 2.379 2.306 0.000 
7.500 6.310 0.972 1.536 1.812 2.092 2.261 2.454 2.542 2.592 2.592 2.651 2.705 2.726 2.744 2.820 2.879 2.851 2.823 2.748 2.712 2.565 2.354 2.279 0.000 
7.500 7.940 0.942 1.502 1.769 2.041 2.211 2.402 2.491 2.539 2.545 2.603 2.655 2.679 2.702 2.780 2.841 2.817 2.792 2.721 2.686 2.541 2.324 2.247 0.000 
7.500 10.000 0.907 1.462 1.721 1.984 2.155 2.344 2.434 2.480 2.492 2.549 2.600 2.626 2.654 2.733 2.797 2.778 2.756 2.688 2.655 2.511 2.289 2.209 0.000 
7.500 12.590 0.866 1.416 1.666 1.920 2.093 2.279 2.370 2.416 2.433 2.488 2.538 2.566 2.599 2.680 2.746 2.731 2.713 2.649 2.618 2.475 2.247 2.164 0.000 
7.500 15.850 0.820 1.364 1.605 1.851 2.025 2.209 2.300 2.345 2.368 2.422 2.469 2.500 2.538 2.620 2.689 2.678 2.662 2.602 2.573 2.432 2.197 2.112 0.000 
7.500 19.950 0.768 1.305 1.537 1.777 1.952 2.133 2.225 2.269 2.296 2.349 2.395 2.427 2.470 2.554 2.624 2.617 2.604 2.548 2.520 2.381 2.140 2.053 0.000 
7.500 25.120 0.710 1.239 1.464 1.697 1.872 2.052 2.144 2.187 2.219 2.271 2.316 2.349 2.395 2.480 2.552 2.548 2.538 2.485 2.459 2.321 2.074 1.985 0.000 
7.500 31.620 0.646 1.167 1.385 1.613 1.788 1.966 2.058 2.101 2.136 2.187 2.230 2.265 2.314 2.399 2.472 2.470 2.462 2.413 2.387 2.251 1.998 1.908 0.000 
7.500 39.810 0.576 1.088 1.300 1.524 1.699 1.875 1.967 2.009 2.048 2.097 2.139 2.175 2.227 2.312 2.384 2.383 2.377 2.330 2.305 2.169 1.911 1.822 0.000 
7.500 50.120 0.500 1.002 1.209 1.431 1.605 1.779 1.871 1.913 1.954 2.002 2.043 2.080 2.134 2.217 2.289 2.287 2.281 2.235 2.210 2.074 1.813 1.725 0.000 
7.500 63.100 0.418 0.910 1.114 1.334 1.506 1.679 1.770 1.812 1.855 1.902 1.942 1.978 2.033 2.115 2.184 2.180 2.174 2.128 2.101 1.965 1.703 1.618 0.000 
7.500 79.430 0.330 0.810 1.012 1.233 1.402 1.573 1.663 1.706 1.750 1.796 1.834 1.871 1.926 2.005 2.070 2.062 2.053 2.007 1.978 1.839 1.579 1.498 0.000 
7.500 100.000 0.234 0.703 0.905 1.127 1.293 1.462 1.550 1.595 1.639 1.684 1.721 1.756 1.812 1.887 1.945 1.932 1.919 1.869 1.837 1.694 1.438 1.365 0.000 
7.500 125.890 0.131 0.588 0.791 1.016 1.179 1.346 1.431 1.477 1.522 1.564 1.600 1.634 1.689 1.758 1.808 1.786 1.767 1.713 1.675 1.527 1.278 1.215 0.000 
7.500 158.490 0.020 0.464 0.670 0.900 1.057 1.222 1.304 1.353 1.396 1.437 1.471 1.503 1.556 1.618 1.657 1.623 1.596 1.534 1.489 1.333 1.097 1.047 0.000 
7.500 199.530 -0.102 0.329 0.541 0.778 0.928 1.090 1.168 1.219 1.262 1.300 1.332 1.362 1.411 1.463 1.489 1.439 1.401 1.328 1.273 1.107 0.888 0.856 0.000 
7.500 251.190 -0.236 0.182 0.402 0.648 0.789 0.947 1.021 1.076 1.116 1.152 1.181 1.208 1.252 1.293 1.300 1.229 1.177 1.090 1.022 0.843 0.646 0.636 0.000 
7.500 316.230 -0.385 0.020 0.250 0.508 0.639 0.793 0.860 0.920 0.957 0.989 1.015 1.038 1.076 1.101 1.085 0.988 0.916 0.812 0.727 0.530 0.363 0.383 0.000 
7.500 398.110 -0.552 -0.160 0.083 0.358 0.475 0.623 0.683 0.748 0.781 0.809 0.831 0.848 0.879 0.884 0.839 0.707 0.612 0.484 0.377 0.158 0.030 0.088 0.000 
7.500 501.190 -0.741 -0.363 -0.102 0.194 0.292 0.435 0.484 0.557 0.584 0.607 0.625 0.635 0.655 0.635 0.553 0.378 0.252 0.094 -0.041 -0.288 -0.365 -0.261 0.000 
7.500 630.960 -0.959 -0.594 -0.310 0.012 0.088 0.223 0.259 0.341 0.362 0.377 0.390 0.391 0.398 0.347 0.217 -0.012 -0.177 -0.373 -0.543 -0.826 -0.840 -0.676 0.000 
7.500 794.330 -1.211 -0.860 -0.547 -0.191 -0.143 -0.019 0.001 0.095 0.107 0.114 0.119 0.109 0.099 0.008 -0.180 -0.479 -0.693 -0.937 -1.152 -1.480 -1.413 -1.173 0.000 
7.500 1000.000 -1.508 -1.170 -0.820 -0.422 -0.409 -0.298 -0.298 -0.189 -0.189 -0.192 -0.196 -0.220 -0.252 -0.392 -0.656 -1.041 -1.318 -1.623 -1.894 -2.280 -2.110 -1.775 0.000 
7.750 1.000 1.139 1.712 2.038 2.370 2.527 2.732 2.805 2.859 2.813 2.876 2.938 2.942 2.927 2.998 3.043 2.996 2.950 2.858 2.813 2.659 2.469 2.406 0.000 
7.750 1.260 1.133 1.706 2.030 2.359 2.517 2.720 2.794 2.847 2.804 2.866 2.928 2.932 2.919 2.990 3.036 2.990 2.946 2.853 2.809 2.655 2.464 2.401 0.000 
7.750 1.580 1.127 1.699 2.020 2.345 2.504 2.706 2.780 2.833 2.792 2.854 2.915 2.920 2.909 2.981 3.028 2.983 2.939 2.848 2.804 2.650 2.458 2.394 0.000 
7.750 2.000 1.119 1.690 2.008 2.328 2.488 2.689 2.764 2.816 2.778 2.840 2.900 2.906 2.897 2.970 3.017 2.974 2.932 2.841 2.798 2.645 2.451 2.386 0.000 
7.750 2.510 1.110 1.679 1.992 2.308 2.469 2.669 2.744 2.795 2.761 2.822 2.881 2.889 2.883 2.956 3.005 2.963 2.922 2.833 2.791 2.638 2.442 2.376 0.000 
7.750 3.160 1.098 1.665 1.974 2.284 2.446 2.644 2.720 2.771 2.741 2.801 2.859 2.868 2.865 2.939 2.989 2.950 2.910 2.823 2.781 2.629 2.431 2.364 0.000 
7.750 3.980 1.084 1.649 1.952 2.255 2.418 2.615 2.692 2.741 2.716 2.775 2.832 2.843 2.843 2.918 2.970 2.934 2.896 2.810 2.769 2.618 2.417 2.349 0.000 
7.750 5.010 1.066 1.629 1.926 2.221 2.386 2.580 2.659 2.707 2.687 2.745 2.800 2.813 2.818 2.894 2.948 2.914 2.878 2.795 2.755 2.604 2.400 2.331 0.000 
7.750 6.310 1.045 1.605 1.894 2.182 2.348 2.540 2.620 2.667 2.652 2.709 2.763 2.778 2.787 2.864 2.920 2.889 2.856 2.776 2.737 2.587 2.380 2.308 0.000 
7.750 7.940 1.020 1.576 1.858 2.137 2.305 2.495 2.576 2.621 2.612 2.668 2.720 2.737 2.751 2.829 2.888 2.860 2.830 2.752 2.715 2.566 2.355 2.281 0.000 
7.750 10.000 0.991 1.543 1.816 2.086 2.255 2.443 2.525 2.569 2.566 2.621 2.671 2.690 2.709 2.789 2.849 2.826 2.798 2.724 2.688 2.541 2.324 2.249 0.000 
7.750 12.590 0.956 1.503 1.767 2.029 2.200 2.385 2.468 2.510 2.514 2.567 2.616 2.637 2.661 2.742 2.805 2.785 2.761 2.690 2.656 2.510 2.288 2.211 0.000 
7.750 15.850 0.916 1.457 1.712 1.966 2.138 2.321 2.405 2.446 2.456 2.507 2.554 2.578 2.607 2.688 2.753 2.737 2.716 2.650 2.617 2.473 2.245 2.165 0.000 
7.750 19.950 0.871 1.405 1.651 1.897 2.070 2.250 2.335 2.375 2.391 2.441 2.486 2.512 2.545 2.628 2.694 2.682 2.664 2.602 2.570 2.428 2.194 2.112 0.000 
7.750 25.120 0.819 1.346 1.584 1.822 1.996 2.174 2.260 2.299 2.319 2.368 2.412 2.439 2.477 2.560 2.628 2.619 2.603 2.545 2.515 2.374 2.134 2.051 0.000 
7.750 31.620 0.761 1.280 1.510 1.742 1.916 2.093 2.179 2.217 2.242 2.290 2.331 2.360 2.402 2.485 2.553 2.546 2.534 2.479 2.450 2.310 2.064 1.981 0.000 
7.750 39.810 0.697 1.206 1.430 1.657 1.831 2.005 2.092 2.130 2.158 2.205 2.245 2.275 2.320 2.402 2.471 2.465 2.454 2.402 2.374 2.235 1.984 1.901 0.000 
7.750 50.120 0.626 1.126 1.344 1.568 1.741 1.913 1.999 2.037 2.068 2.114 2.152 2.183 2.231 2.312 2.379 2.374 2.364 2.313 2.285 2.147 1.893 1.810 0.000 
7.750 63.100 0.548 1.038 1.252 1.473 1.645 1.815 1.901 1.939 1.973 2.017 2.054 2.085 2.135 2.214 2.279 2.271 2.261 2.212 2.183 2.044 1.788 1.708 0.000 
7.750 79.430 0.464 0.943 1.153 1.374 1.544 1.712 1.797 1.835 1.871 1.914 1.949 1.981 2.031 2.107 2.168 2.157 2.145 2.096 2.065 1.924 1.668 1.593 0.000 
7.750 100.000 0.372 0.839 1.049 1.270 1.437 1.603 1.686 1.726 1.763 1.804 1.838 1.869 1.919 1.991 2.046 2.030 2.015 1.963 1.929 1.785 1.532 1.464 0.000 
7.750 125.890 0.271 0.727 0.937 1.161 1.324 1.488 1.569 1.610 1.647 1.687 1.719 1.749 1.798 1.865 1.912 1.887 1.866 1.810 1.771 1.623 1.377 1.318 0.000 
7.750 158.490 0.162 0.606 0.818 1.046 1.204 1.366 1.443 1.486 1.523 1.561 1.591 1.619 1.667 1.727 1.763 1.726 1.698 1.635 1.589 1.433 1.198 1.153 0.000 
7.750 199.530 0.042 0.473 0.690 0.925 1.076 1.235 1.308 1.354 1.390 1.425 1.454 1.479 1.524 1.574 1.596 1.544 1.505 1.432 1.377 1.211 0.992 0.964 0.000 
7.750 251.190 -0.090 0.328 0.552 0.796 0.938 1.093 1.162 1.212 1.246 1.278 1.304 1.326 1.367 1.405 1.409 1.336 1.283 1.197 1.128 0.950 0.752 0.747 0.000 
7.750 316.230 -0.238 0.167 0.401 0.657 0.789 0.940 1.002 1.056 1.087 1.116 1.139 1.157 1.192 1.214 1.195 1.096 1.024 0.921 0.836 0.640 0.472 0.496 0.000 
7.750 398.110 -0.404 -0.012 0.236 0.508 0.625 0.771 0.825 0.885 0.912 0.936 0.955 0.968 0.995 0.998 0.950 0.817 0.721 0.594 0.488 0.270 0.141 0.201 0.000 
7.750 501.190 -0.592 -0.214 0.051 0.344 0.443 0.583 0.627 0.694 0.716 0.735 0.749 0.755 0.772 0.750 0.664 0.489 0.362 0.206 0.072 -0.174 -0.254 -0.146 0.000 
7.750 630.960 -0.809 -0.444 -0.156 0.162 0.239 0.371 0.402 0.479 0.494 0.506 0.515 0.512 0.516 0.462 0.329 0.099 -0.066 -0.260 -0.429 -0.711 -0.727 -0.560 0.000 
7.750 794.330 -1.061 -0.710 -0.393 -0.041 0.008 0.129 0.145 0.234 0.240 0.243 0.244 0.230 0.217 0.124 -0.068 -0.367 -0.581 -0.824 -1.037 -1.364 -1.300 -1.057 0.000 
7.750 1000.000 -1.357 -1.019 -0.666 -0.271 -0.258 -0.149 -0.154 -0.050 -0.056 -0.063 -0.071 -0.099 -0.133 -0.276 -0.543 -0.929 -1.205 -1.509 -1.778 -2.163 -1.996 -1.658 0.000 
8.000 1.000 1.178 1.745 2.079 2.413 2.568 2.770 2.835 2.886 2.830 2.890 2.952 2.951 2.932 3.008 3.056 3.010 2.962 2.866 2.820 2.665 2.474 2.412 0.000 
8.000 1.260 1.174 1.741 2.073 2.404 2.560 2.761 2.827 2.877 2.823 2.883 2.944 2.944 2.926 3.002 3.050 3.006 2.958 2.863 2.817 2.662 2.470 2.408 0.000 
8.000 1.580 1.169 1.735 2.065 2.393 2.549 2.750 2.816 2.866 2.814 2.873 2.934 2.935 2.918 2.995 3.043 3.000 2.953 2.858 2.813 2.658 2.466 2.403 0.000 
8.000 2.000 1.163 1.728 2.055 2.379 2.537 2.736 2.803 2.852 2.803 2.862 2.922 2.923 2.909 2.986 3.035 2.993 2.947 2.853 2.808 2.653 2.460 2.397 0.000 
8.000 2.510 1.156 1.719 2.043 2.363 2.521 2.720 2.787 2.835 2.789 2.848 2.907 2.909 2.897 2.975 3.025 2.984 2.939 2.846 2.801 2.648 2.452 2.389 0.000 
8.000 3.160 1.147 1.709 2.028 2.343 2.502 2.699 2.768 2.815 2.773 2.831 2.888 2.892 2.883 2.961 3.012 2.972 2.929 2.838 2.794 2.640 2.443 2.379 0.000 
8.000 3.980 1.135 1.695 2.010 2.319 2.480 2.675 2.745 2.791 2.753 2.810 2.866 2.872 2.865 2.944 2.996 2.959 2.917 2.827 2.784 2.631 2.432 2.366 0.000 
8.000 5.010 1.121 1.679 1.988 2.291 2.453 2.646 2.717 2.762 2.729 2.785 2.840 2.847 2.844 2.923 2.977 2.942 2.902 2.814 2.772 2.620 2.418 2.351 0.000 
8.000 6.310 1.104 1.659 1.962 2.257 2.421 2.613 2.685 2.728 2.700 2.755 2.809 2.818 2.819 2.899 2.954 2.921 2.883 2.798 2.757 2.605 2.401 2.333 0.000 
8.000 7.940 1.084 1.636 1.931 2.218 2.384 2.573 2.646 2.689 2.666 2.720 2.772 2.783 2.789 2.869 2.926 2.896 2.861 2.778 2.738 2.588 2.379 2.310 0.000 
8.000 10.000 1.060 1.607 1.895 2.174 2.341 2.528 2.603 2.643 2.627 2.680 2.730 2.743 2.753 2.834 2.893 2.867 2.834 2.754 2.715 2.566 2.354 2.283 0.000 
8.000 12.590 1.031 1.574 1.853 2.123 2.292 2.476 2.552 2.592 2.582 2.633 2.681 2.697 2.712 2.793 2.854 2.831 2.801 2.725 2.687 2.540 2.322 2.250 0.000 
8.000 15.850 0.997 1.534 1.805 2.066 2.236 2.419 2.496 2.534 2.530 2.580 2.626 2.644 2.664 2.746 2.808 2.789 2.762 2.690 2.653 2.507 2.285 2.211 0.000 
8.000 19.950 0.957 1.489 1.750 2.003 2.175 2.354 2.433 2.470 2.472 2.521 2.565 2.584 2.609 2.692 2.755 2.739 2.715 2.647 2.612 2.468 2.240 2.164 0.000 
8.000 25.120 0.912 1.436 1.689 1.934 2.107 2.284 2.363 2.399 2.407 2.454 2.497 2.518 2.548 2.630 2.695 2.681 2.661 2.596 2.563 2.420 2.186 2.110 0.000 
8.000 31.620 0.860 1.376 1.621 1.859 2.032 2.207 2.288 2.322 2.336 2.381 2.422 2.445 2.479 2.561 2.626 2.615 2.597 2.536 2.504 2.363 2.124 2.046 0.000 
8.000 39.810 0.802 1.309 1.547 1.779 1.952 2.125 2.205 2.240 2.257 2.302 2.340 2.365 2.402 2.484 2.549 2.539 2.523 2.466 2.435 2.294 2.050 1.973 0.000 
8.000 50.120 0.736 1.235 1.465 1.693 1.866 2.037 2.117 2.151 2.173 2.216 2.252 2.278 2.319 2.399 2.462 2.453 2.439 2.384 2.353 2.213 1.965 1.889 0.000 
8.000 63.100 0.664 1.152 1.378 1.602 1.773 1.942 2.022 2.056 2.081 2.123 2.158 2.184 2.227 2.305 2.366 2.356 2.342 2.288 2.257 2.116 1.866 1.793 0.000 
8.000 79.430 0.584 1.062 1.283 1.505 1.675 1.842 1.921 1.956 1.983 2.023 2.056 2.083 2.127 2.202 2.260 2.246 2.231 2.178 2.145 2.003 1.752 1.683 0.000 
8.000 100.000 0.496 0.962 1.182 1.404 1.571 1.736 1.814 1.849 1.878 1.916 1.948 1.974 2.019 2.090 2.141 2.122 2.104 2.050 2.015 1.870 1.621 1.559 0.000 
8.000 125.890 0.399 0.854 1.073 1.297 1.460 1.622 1.698 1.735 1.765 1.801 1.831 1.857 1.901 1.966 2.010 1.983 1.960 1.902 1.862 1.713 1.470 1.417 0.000 
8.000 158.490 0.293 0.736 0.956 1.184 1.342 1.502 1.575 1.613 1.643 1.678 1.706 1.729 1.773 1.830 1.863 1.825 1.795 1.731 1.684 1.528 1.296 1.255 0.000 
8.000 199.530 0.175 0.606 0.830 1.064 1.215 1.372 1.441 1.483 1.512 1.544 1.569 1.591 1.632 1.680 1.699 1.645 1.605 1.532 1.476 1.311 1.093 1.069 0.000 
8.000 251.190 0.045 0.463 0.693 0.936 1.079 1.232 1.296 1.341 1.369 1.398 1.421 1.439 1.476 1.512 1.513 1.439 1.385 1.299 1.231 1.053 0.856 0.855 0.000 
8.000 316.230 -0.101 0.304 0.544 0.798 0.930 1.079 1.137 1.186 1.212 1.237 1.257 1.271 1.302 1.323 1.301 1.201 1.129 1.025 0.941 0.746 0.578 0.606 0.000 
8.000 398.110 -0.265 0.126 0.379 0.649 0.767 0.911 0.961 1.016 1.038 1.058 1.074 1.084 1.107 1.108 1.057 0.923 0.827 0.701 0.596 0.379 0.249 0.313 0.000 
8.000 501.190 -0.453 -0.075 0.195 0.486 0.586 0.723 0.763 0.826 0.842 0.858 0.869 0.871 0.885 0.860 0.772 0.596 0.470 0.314 0.182 -0.062 -0.144 -0.033 0.000 
8.000 630.960 -0.668 -0.304 -0.012 0.305 0.383 0.512 0.539 0.611 0.621 0.629 0.635 0.628 0.629 0.573 0.438 0.207 0.042 -0.151 -0.318 -0.597 -0.616 -0.445 0.000 
8.000 794.330 -0.920 -0.569 -0.248 0.102 0.152 0.271 0.282 0.366 0.367 0.367 0.365 0.347 0.331 0.236 0.042 -0.258 -0.472 -0.713 -0.924 -1.249 -1.187 -0.941 0.000 
8.000 1000.000 -1.215 -0.878 -0.520 -0.128 -0.113 -0.007 -0.017 0.082 0.072 0.061 0.050 0.018 -0.019 -0.164 -0.433 -0.820 -1.095 -1.397 -1.664 -2.046 -1.883 -1.542 0.000 
8.250 1.000 1.208 1.769 2.111 2.446 2.600 2.800 2.858 2.905 2.840 2.898 2.959 2.955 2.932 3.014 3.064 3.022 2.971 2.873 2.826 2.671 2.479 2.418 0.000 
8.250 1.260 1.205 1.766 2.106 2.439 2.593 2.793 2.851 2.898 2.834 2.892 2.952 2.949 2.927 3.010 3.060 3.018 2.968 2.870 2.823 2.668 2.475 2.414 0.000 
8.250 1.580 1.201 1.761 2.099 2.430 2.585 2.784 2.843 2.889 2.827 2.885 2.945 2.942 2.921 3.004 3.054 3.013 2.963 2.866 2.820 2.665 2.472 2.410 0.000 
8.250 2.000 1.196 1.756 2.092 2.419 2.575 2.773 2.832 2.878 2.819 2.875 2.935 2.933 2.913 2.996 3.048 3.007 2.958 2.862 2.815 2.661 2.467 2.405 0.000 
8.250 2.510 1.191 1.749 2.082 2.406 2.563 2.760 2.820 2.865 2.808 2.864 2.923 2.922 2.904 2.987 3.039 3.000 2.952 2.856 2.810 2.656 2.461 2.399 0.000 
8.250 3.160 1.183 1.740 2.070 2.390 2.547 2.743 2.804 2.848 2.795 2.851 2.908 2.908 2.893 2.976 3.028 2.990 2.943 2.849 2.803 2.650 2.453 2.390 0.000 
8.250 3.980 1.174 1.729 2.055 2.370 2.529 2.724 2.785 2.829 2.779 2.834 2.891 2.891 2.879 2.962 3.015 2.979 2.933 2.840 2.795 2.642 2.444 2.380 0.000 
8.250 5.010 1.164 1.716 2.038 2.347 2.507 2.700 2.763 2.805 2.759 2.814 2.869 2.871 2.862 2.945 3.000 2.965 2.921 2.829 2.785 2.632 2.432 2.368 0.000 
8.250 6.310 1.150 1.700 2.016 2.319 2.480 2.671 2.736 2.777 2.736 2.789 2.843 2.847 2.841 2.925 2.980 2.947 2.905 2.816 2.772 2.620 2.418 2.353 0.000 
8.250 7.940 1.134 1.681 1.990 2.286 2.449 2.638 2.704 2.744 2.708 2.760 2.813 2.818 2.816 2.900 2.956 2.926 2.886 2.799 2.756 2.605 2.400 2.334 0.000 
8.250 10.000 1.114 1.657 1.960 2.247 2.412 2.599 2.666 2.705 2.675 2.726 2.776 2.784 2.786 2.870 2.928 2.900 2.863 2.779 2.737 2.587 2.378 2.311 0.000 
8.250 12.590 1.090 1.629 1.924 2.203 2.369 2.554 2.623 2.660 2.636 2.686 2.735 2.744 2.751 2.835 2.894 2.869 2.834 2.753 2.713 2.564 2.351 2.283 0.000 
8.250 15.850 1.062 1.595 1.882 2.152 2.320 2.503 2.573 2.609 2.591 2.640 2.686 2.698 2.709 2.794 2.854 2.832 2.800 2.722 2.683 2.536 2.318 2.249 0.000 
8.250 19.950 1.028 1.556 1.834 2.096 2.265 2.445 2.517 2.551 2.540 2.587 2.631 2.645 2.661 2.746 2.807 2.788 2.759 2.685 2.647 2.501 2.279 2.209 0.000 
8.250 25.120 0.989 1.510 1.779 2.032 2.203 2.381 2.454 2.487 2.482 2.528 2.570 2.586 2.607 2.690 2.752 2.736 2.710 2.640 2.604 2.459 2.232 2.161 0.000 
8.250 31.620 0.943 1.457 1.717 1.963 2.135 2.310 2.384 2.416 2.417 2.461 2.501 2.519 2.544 2.627 2.690 2.676 2.652 2.586 2.551 2.407 2.175 2.104 0.000 
8.250 39.810 0.891 1.397 1.649 1.888 2.060 2.233 2.307 2.339 2.345 2.388 2.425 2.445 2.474 2.556 2.618 2.605 2.585 2.522 2.488 2.345 2.109 2.037 0.000 
8.250 50.120 0.832 1.328 1.573 1.806 1.979 2.149 2.224 2.255 2.266 2.307 2.343 2.363 2.396 2.476 2.537 2.525 2.506 2.446 2.413 2.270 2.030 1.960 0.000 
8.250 63.100 0.765 1.252 1.490 1.719 1.891 2.059 2.134 2.164 2.180 2.219 2.253 2.274 2.310 2.388 2.446 2.433 2.414 2.356 2.323 2.181 1.938 1.870 0.000 
8.250 79.430 0.690 1.167 1.400 1.626 1.796 1.962 2.037 2.067 2.086 2.123 2.155 2.177 2.215 2.290 2.344 2.328 2.309 2.252 2.218 2.074 1.830 1.766 0.000 
8.250 100.000 0.607 1.072 1.303 1.528 1.695 1.859 1.932 1.964 1.984 2.020 2.050 2.072 2.111 2.181 2.230 2.209 2.188 2.130 2.093 1.947 1.705 1.647 0.000 
8.250 125.890 0.514 0.968 1.197 1.423 1.587 1.748 1.819 1.852 1.875 1.908 1.936 1.957 1.997 2.061 2.102 2.073 2.048 1.987 1.946 1.796 1.559 1.511 0.000 
8.250 158.490 0.412 0.853 1.083 1.312 1.471 1.629 1.698 1.733 1.756 1.787 1.813 1.833 1.872 1.928 1.958 1.919 1.887 1.820 1.774 1.618 1.389 1.353 0.000 
8.250 199.530 0.297 0.727 0.959 1.193 1.346 1.501 1.567 1.604 1.627 1.656 1.679 1.696 1.733 1.780 1.797 1.742 1.700 1.626 1.570 1.405 1.190 1.171 0.000 
8.250 251.190 0.169 0.586 0.824 1.067 1.211 1.362 1.423 1.463 1.485 1.511 1.532 1.546 1.579 1.614 1.613 1.538 1.483 1.396 1.329 1.152 0.957 0.960 0.000 
8.250 316.230 0.026 0.430 0.677 0.930 1.064 1.211 1.265 1.310 1.330 1.352 1.369 1.380 1.407 1.426 1.402 1.302 1.229 1.126 1.043 0.849 0.682 0.713 0.000 
8.250 398.110 -0.137 0.254 0.513 0.782 0.902 1.043 1.090 1.141 1.157 1.175 1.188 1.193 1.213 1.213 1.160 1.025 0.929 0.804 0.700 0.485 0.355 0.423 0.000 
8.250 501.190 -0.323 0.055 0.331 0.620 0.722 0.856 0.893 0.951 0.963 0.975 0.983 0.982 0.992 0.967 0.876 0.700 0.573 0.419 0.289 0.046 -0.036 0.079 0.000 
8.250 630.960 -0.538 -0.173 0.124 0.439 0.519 0.646 0.670 0.737 0.742 0.747 0.750 0.740 0.737 0.680 0.543 0.312 0.148 -0.044 -0.209 -0.486 -0.506 -0.332 0.000 
8.250 794.330 -0.788 -0.437 -0.111 0.237 0.289 0.405 0.413 0.492 0.489 0.485 0.481 0.459 0.441 0.344 0.147 -0.152 -0.366 -0.604 -0.813 -1.136 -1.076 -0.827 0.000 
8.250 1000.000 -1.082 -0.745 -0.383 0.008 0.023 0.127 0.115 0.209 0.194 0.180 0.166 0.131 0.091 -0.055 -0.326 -0.713 -0.988 -1.287 -1.552 -1.932 -1.771 -1.426 0.000 
8.500 1.000 1.228 1.784 2.133 2.470 2.623 2.822 2.872 2.917 2.843 2.899 2.960 2.952 2.926 3.016 3.070 3.030 2.977 2.878 2.830 2.676 2.482 2.422 0.000 
8.500 1.260 1.226 1.781 2.129 2.465 2.618 2.816 2.867 2.911 2.839 2.894 2.955 2.948 2.923 3.012 3.066 3.027 2.975 2.875 2.828 2.674 2.480 2.420 0.000 
8.500 1.580 1.223 1.777 2.124 2.458 2.611 2.809 2.861 2.904 2.833 2.889 2.949 2.942 2.918 3.007 3.061 3.023 2.971 2.872 2.825 2.671 2.477 2.416 0.000 
8.500 2.000 1.219 1.773 2.118 2.449 2.603 2.800 2.852 2.896 2.827 2.881 2.941 2.935 2.912 3.002 3.056 3.018 2.967 2.868 2.821 2.668 2.473 2.412 0.000 
8.500 2.510 1.215 1.767 2.110 2.438 2.593 2.790 2.842 2.885 2.818 2.873 2.931 2.926 2.905 2.994 3.049 3.012 2.961 2.864 2.817 2.664 2.468 2.407 0.000 
8.500 3.160 1.209 1.760 2.101 2.425 2.581 2.776 2.830 2.872 2.808 2.862 2.920 2.915 2.895 2.985 3.040 3.004 2.954 2.858 2.811 2.658 2.461 2.400 0.000 
8.500 3.980 1.202 1.752 2.089 2.409 2.566 2.760 2.815 2.856 2.795 2.848 2.905 2.902 2.884 2.974 3.029 2.994 2.946 2.850 2.804 2.652 2.453 2.392 0.000 
8.500 5.010 1.194 1.741 2.075 2.390 2.548 2.741 2.797 2.837 2.779 2.832 2.888 2.886 2.870 2.960 3.016 2.982 2.935 2.841 2.795 2.643 2.444 2.382 0.000 
8.500 6.310 1.183 1.728 2.057 2.367 2.526 2.717 2.774 2.814 2.760 2.812 2.867 2.866 2.853 2.943 3.000 2.968 2.922 2.830 2.785 2.633 2.431 2.369 0.000 
8.500 7.940 1.170 1.712 2.036 2.339 2.500 2.689 2.748 2.786 2.738 2.789 2.841 2.842 2.833 2.922 2.980 2.950 2.906 2.815 2.771 2.620 2.416 2.353 0.000 
8.500 10.000 1.154 1.693 2.010 2.306 2.469 2.656 2.716 2.753 2.710 2.760 2.811 2.814 2.808 2.897 2.955 2.927 2.886 2.798 2.754 2.604 2.398 2.334 0.000 
8.500 12.590 1.135 1.670 1.980 2.268 2.432 2.618 2.679 2.715 2.678 2.726 2.775 2.780 2.778 2.867 2.926 2.901 2.861 2.776 2.733 2.584 2.375 2.310 0.000 
8.500 15.850 1.111 1.641 1.944 2.224 2.390 2.573 2.636 2.670 2.639 2.687 2.734 2.740 2.743 2.831 2.891 2.868 2.831 2.749 2.708 2.559 2.346 2.281 0.000 
8.500 19.950 1.083 1.608 1.902 2.173 2.341 2.522 2.587 2.619 2.595 2.641 2.686 2.694 2.702 2.789 2.850 2.829 2.795 2.716 2.676 2.529 2.312 2.246 0.000 
8.500 25.120 1.050 1.568 1.854 2.117 2.286 2.464 2.531 2.562 2.544 2.588 2.631 2.641 2.654 2.740 2.801 2.783 2.752 2.676 2.637 2.491 2.270 2.204 0.000 
8.500 31.620 1.011 1.522 1.799 2.053 2.224 2.399 2.467 2.497 2.486 2.528 2.569 2.581 2.598 2.683 2.744 2.728 2.700 2.627 2.590 2.445 2.220 2.153 0.000 
8.500 39.810 0.965 1.468 1.736 1.984 2.155 2.328 2.397 2.426 2.420 2.461 2.499 2.513 2.535 2.618 2.679 2.664 2.638 2.569 2.533 2.388 2.159 2.093 0.000 
8.500 50.120 0.912 1.406 1.667 1.907 2.079 2.249 2.319 2.347 2.347 2.387 2.422 2.438 2.463 2.545 2.604 2.589 2.565 2.499 2.464 2.320 2.087 2.023 0.000 
8.500 63.100 0.851 1.336 1.589 1.825 1.996 2.164 2.234 2.262 2.267 2.304 2.338 2.354 2.383 2.462 2.518 2.502 2.479 2.416 2.381 2.237 2.001 1.939 0.000 
8.500 79.430 0.782 1.257 1.504 1.736 1.906 2.071 2.141 2.169 2.178 2.214 2.245 2.262 2.294 2.368 2.421 2.403 2.380 2.318 2.282 2.137 1.900 1.842 0.000 
8.500 100.000 0.704 1.168 1.411 1.641 1.809 1.972 2.041 2.069 2.081 2.115 2.144 2.161 2.194 2.264 2.311 2.288 2.264 2.202 2.164 2.017 1.781 1.730 0.000 
8.500 125.890 0.616 1.069 1.310 1.539 1.704 1.864 1.931 1.961 1.975 2.007 2.033 2.050 2.085 2.148 2.187 2.157 2.129 2.065 2.023 1.873 1.641 1.598 0.000 
8.500 158.490 0.517 0.958 1.199 1.430 1.590 1.748 1.813 1.844 1.860 1.889 1.913 1.929 1.963 2.019 2.047 2.006 1.972 1.904 1.857 1.700 1.476 1.446 0.000 
8.500 199.530 0.407 0.836 1.078 1.314 1.468 1.622 1.684 1.717 1.733 1.760 1.781 1.795 1.827 1.874 1.889 1.833 1.789 1.714 1.658 1.493 1.282 1.269 0.000 
8.500 251.190 0.282 0.698 0.945 1.189 1.335 1.485 1.542 1.579 1.595 1.618 1.636 1.647 1.676 1.710 1.707 1.632 1.576 1.489 1.422 1.245 1.053 1.061 0.000 
8.500 316.230 0.141 0.545 0.800 1.054 1.189 1.334 1.386 1.427 1.441 1.461 1.475 1.483 1.507 1.525 1.499 1.398 1.325 1.222 1.139 0.947 0.782 0.818 0.000 
8.500 398.110 -0.020 0.371 0.638 0.907 1.028 1.168 1.212 1.259 1.269 1.285 1.295 1.297 1.314 1.313 1.258 1.124 1.028 0.903 0.800 0.587 0.458 0.530 0.000 
8.500 501.190 -0.204 0.174 0.456 0.745 0.849 0.982 1.016 1.070 1.077 1.086 1.092 1.087 1.095 1.068 0.976 0.800 0.674 0.521 0.392 0.152 0.070 0.189 0.000 
8.500 630.960 -0.417 -0.053 0.251 0.566 0.647 0.772 0.794 0.857 0.857 0.859 0.860 0.846 0.841 0.783 0.644 0.414 0.250 0.060 -0.103 -0.378 -0.399 -0.221 0.000 
8.500 794.330 -0.666 -0.315 0.017 0.364 0.418 0.533 0.538 0.613 0.604 0.598 0.591 0.567 0.545 0.447 0.250 -0.050 -0.262 -0.499 -0.705 -1.025 -0.967 -0.714 0.000 
8.500 1000.000 -0.959 -0.622 -0.254 0.135 0.153 0.255 0.240 0.330 0.311 0.294 0.277 0.239 0.197 0.049 -0.224 -0.610 -0.884 -1.181 -1.442 -1.819 -1.660 -1.312 0.000 
8.750 1.000 1.239 1.789 2.146 2.486 2.638 2.835 2.880 2.921 2.840 2.894 2.955 2.945 2.916 3.013 3.071 3.036 2.982 2.881 2.833 2.681 2.486 2.427 0.000 
8.750 1.260 1.237 1.787 2.143 2.481 2.634 2.831 2.876 2.917 2.837 2.890 2.951 2.941 2.913 3.010 3.068 3.033 2.979 2.879 2.831 2.679 2.484 2.424 0.000 
8.750 1.580 1.235 1.784 2.139 2.476 2.629 2.825 2.871 2.912 2.833 2.886 2.946 2.937 2.909 3.007 3.064 3.030 2.976 2.876 2.829 2.677 2.481 2.422 0.000 
8.750 2.000 1.232 1.780 2.134 2.469 2.622 2.818 2.864 2.905 2.827 2.880 2.940 2.931 2.905 3.002 3.060 3.026 2.973 2.873 2.826 2.674 2.478 2.418 0.000 
8.750 2.510 1.229 1.776 2.128 2.460 2.614 2.810 2.856 2.897 2.821 2.874 2.932 2.924 2.899 2.996 3.054 3.020 2.968 2.869 2.822 2.670 2.473 2.414 0.000 
8.750 3.160 1.225 1.770 2.121 2.450 2.605 2.799 2.847 2.886 2.813 2.865 2.923 2.916 2.892 2.988 3.047 3.014 2.962 2.864 2.817 2.666 2.468 2.408 0.000 
8.750 3.980 1.219 1.764 2.111 2.437 2.593 2.786 2.835 2.873 2.802 2.854 2.912 2.905 2.883 2.979 3.038 3.006 2.955 2.857 2.811 2.660 2.461 2.401 0.000 
8.750 5.010 1.213 1.755 2.100 2.421 2.578 2.771 2.820 2.858 2.790 2.841 2.898 2.892 2.871 2.968 3.027 2.996 2.946 2.849 2.803 2.653 2.453 2.393 0.000 
8.750 6.310 1.204 1.745 2.085 2.402 2.560 2.751 2.802 2.839 2.775 2.825 2.880 2.876 2.858 2.953 3.013 2.983 2.935 2.840 2.794 2.644 2.443 2.382 0.000 
8.750 7.940 1.194 1.732 2.068 2.379 2.538 2.728 2.780 2.816 2.756 2.806 2.860 2.856 2.841 2.936 2.996 2.968 2.921 2.827 2.782 2.632 2.430 2.369 0.000 
8.750 10.000 1.181 1.716 2.047 2.352 2.512 2.701 2.754 2.789 2.734 2.782 2.835 2.832 2.821 2.915 2.975 2.949 2.903 2.812 2.768 2.618 2.414 2.353 0.000 
8.750 12.590 1.166 1.696 2.021 2.319 2.482 2.668 2.723 2.756 2.707 2.754 2.805 2.804 2.796 2.890 2.950 2.925 2.882 2.793 2.750 2.601 2.394 2.333 0.000 
8.750 15.850 1.147 1.673 1.991 2.281 2.445 2.629 2.686 2.718 2.674 2.721 2.769 2.770 2.766 2.859 2.920 2.897 2.856 2.769 2.727 2.579 2.369 2.308 0.000 
8.750 19.950 1.123 1.644 1.955 2.237 2.403 2.585 2.643 2.674 2.636 2.681 2.728 2.731 2.731 2.823 2.884 2.863 2.824 2.740 2.699 2.552 2.339 2.277 0.000 
8.750 25.120 1.095 1.610 1.913 2.186 2.354 2.533 2.594 2.623 2.592 2.636 2.679 2.684 2.689 2.779 2.841 2.821 2.786 2.705 2.665 2.518 2.302 2.240 0.000 
8.750 31.620 1.062 1.570 1.864 2.129 2.299 2.475 2.537 2.565 2.541 2.583 2.624 2.631 2.640 2.729 2.790 2.772 2.739 2.661 2.622 2.476 2.257 2.196 0.000 
8.750 39.810 1.022 1.523 1.809 2.066 2.236 2.410 2.473 2.500 2.483 2.523 2.561 2.570 2.584 2.670 2.730 2.713 2.683 2.609 2.570 2.425 2.203 2.142 0.000 
8.750 50.120 0.975 1.467 1.745 1.995 2.166 2.337 2.402 2.428 2.416 2.455 2.491 2.501 2.519 2.603 2.661 2.644 2.616 2.545 2.507 2.362 2.137 2.078 0.000 
8.750 63.100 0.921 1.404 1.674 1.918 2.089 2.257 2.322 2.348 2.342 2.378 2.412 2.423 2.445 2.526 2.581 2.564 2.536 2.468 2.431 2.286 2.058 2.001 0.000 
8.750 79.430 0.858 1.331 1.594 1.834 2.004 2.169 2.235 2.260 2.259 2.293 2.324 2.337 2.362 2.438 2.490 2.470 2.443 2.376 2.338 2.192 1.963 1.911 0.000 
8.750 100.000 0.786 1.248 1.506 1.742 1.911 2.074 2.139 2.165 2.167 2.200 2.228 2.241 2.268 2.339 2.385 2.361 2.332 2.266 2.227 2.079 1.851 1.805 0.000 
8.750 125.890 0.703 1.155 1.409 1.644 1.810 1.970 2.033 2.060 2.066 2.096 2.122 2.134 2.163 2.228 2.266 2.234 2.203 2.135 2.093 1.941 1.717 1.680 0.000 
8.750 158.490 0.610 1.050 1.303 1.539 1.700 1.857 1.918 1.947 1.955 1.982 2.005 2.017 2.046 2.102 2.130 2.088 2.051 1.980 1.932 1.775 1.558 1.533 0.000 
8.750 199.530 0.503 0.931 1.185 1.425 1.580 1.733 1.792 1.822 1.832 1.856 1.876 1.886 1.914 1.961 1.974 1.918 1.873 1.795 1.739 1.575 1.369 1.361 0.000 
8.750 251.190 0.382 0.798 1.056 1.302 1.449 1.598 1.653 1.686 1.696 1.717 1.734 1.741 1.766 1.800 1.796 1.721 1.663 1.575 1.508 1.333 1.145 1.158 0.000 
8.750 316.230 0.244 0.648 0.912 1.169 1.305 1.450 1.499 1.536 1.545 1.562 1.575 1.579 1.599 1.617 1.591 1.490 1.415 1.312 1.231 1.040 0.878 0.918 0.000 
8.750 398.110 0.087 0.477 0.752 1.023 1.146 1.285 1.326 1.370 1.375 1.388 1.397 1.396 1.409 1.408 1.352 1.218 1.121 0.997 0.896 0.685 0.558 0.634 0.000 
8.750 501.190 -0.095 0.282 0.573 0.862 0.968 1.101 1.132 1.183 1.184 1.191 1.195 1.187 1.192 1.165 1.072 0.896 0.770 0.618 0.491 0.253 0.172 0.295 0.000 
8.750 630.960 -0.306 0.057 0.369 0.684 0.767 0.892 0.910 0.970 0.966 0.966 0.964 0.947 0.939 0.881 0.741 0.511 0.348 0.160 -0.001 -0.273 -0.293 -0.111 0.000 
8.750 794.330 -0.554 -0.203 0.136 0.483 0.539 0.653 0.655 0.727 0.714 0.706 0.696 0.669 0.645 0.546 0.348 0.050 -0.162 -0.397 -0.601 -0.917 -0.859 -0.603 0.000 
8.750 1000.000 -0.846 -0.509 -0.134 0.254 0.275 0.376 0.358 0.445 0.422 0.402 0.383 0.342 0.297 0.149 -0.125 -0.509 -0.782 -1.077 -1.335 -1.708 -1.550 -1.199 0.000 
9.000 1.000 1.241 1.785 2.151 2.493 2.644 2.841 2.881 2.920 2.832 2.883 2.944 2.932 2.901 3.007 3.069 3.039 2.983 2.882 2.835 2.686 2.489 2.430 0.000 
9.000 1.260 1.240 1.783 2.148 2.489 2.641 2.838 2.877 2.916 2.829 2.881 2.941 2.929 2.899 3.004 3.067 3.036 2.981 2.880 2.833 2.684 2.487 2.429 0.000 
9.000 1.580 1.238 1.781 2.145 2.485 2.637 2.833 2.873 2.912 2.826 2.877 2.937 2.926 2.896 3.001 3.063 3.034 2.979 2.878 2.831 2.682 2.485 2.426 0.000 
9.000 2.000 1.236 1.778 2.141 2.479 2.632 2.828 2.868 2.907 2.821 2.873 2.933 2.921 2.892 2.997 3.060 3.030 2.976 2.875 2.829 2.679 2.482 2.423 0.000 
9.000 2.510 1.233 1.775 2.136 2.473 2.626 2.821 2.862 2.900 2.816 2.867 2.927 2.916 2.888 2.992 3.055 3.026 2.972 2.872 2.825 2.676 2.478 2.420 0.000 
9.000 3.160 1.230 1.770 2.130 2.464 2.618 2.813 2.854 2.892 2.810 2.861 2.919 2.909 2.882 2.986 3.049 3.020 2.967 2.867 2.821 2.672 2.474 2.415 0.000 
9.000 3.980 1.226 1.765 2.123 2.454 2.609 2.802 2.845 2.882 2.802 2.852 2.910 2.900 2.875 2.979 3.041 3.013 2.961 2.862 2.816 2.667 2.468 2.409 0.000 
9.000 5.010 1.221 1.758 2.113 2.441 2.597 2.790 2.833 2.869 2.792 2.842 2.899 2.890 2.866 2.969 3.032 3.005 2.953 2.855 2.809 2.661 2.461 2.402 0.000 
9.000 6.310 1.214 1.749 2.102 2.425 2.582 2.774 2.818 2.854 2.780 2.829 2.885 2.877 2.855 2.958 3.021 2.994 2.943 2.846 2.801 2.653 2.452 2.393 0.000 
9.000 7.940 1.206 1.739 2.088 2.407 2.565 2.755 2.800 2.835 2.765 2.813 2.868 2.861 2.841 2.943 3.006 2.981 2.931 2.836 2.791 2.643 2.441 2.382 0.000 
9.000 10.000 1.196 1.726 2.070 2.384 2.543 2.732 2.779 2.813 2.746 2.794 2.847 2.841 2.824 2.926 2.989 2.964 2.916 2.822 2.778 2.630 2.427 2.368 0.000 
9.000 12.590 1.183 1.710 2.049 2.356 2.517 2.704 2.753 2.786 2.724 2.771 2.822 2.818 2.804 2.904 2.967 2.944 2.898 2.806 2.762 2.615 2.410 2.351 0.000 
9.000 15.850 1.168 1.690 2.024 2.324 2.487 2.672 2.722 2.753 2.697 2.743 2.793 2.790 2.779 2.878 2.941 2.919 2.875 2.785 2.742 2.595 2.388 2.329 0.000 
9.000 19.950 1.149 1.666 1.993 2.286 2.450 2.633 2.685 2.716 2.665 2.709 2.757 2.756 2.749 2.847 2.910 2.889 2.847 2.759 2.717 2.571 2.362 2.303 0.000 
9.000 25.120 1.126 1.637 1.957 2.242 2.408 2.589 2.643 2.671 2.627 2.670 2.715 2.716 2.713 2.809 2.872 2.853 2.813 2.728 2.686 2.540 2.329 2.271 0.000 
9.000 31.620 1.097 1.603 1.915 2.191 2.359 2.537 2.593 2.620 2.583 2.624 2.667 2.669 2.671 2.764 2.826 2.808 2.771 2.689 2.648 2.503 2.289 2.231 0.000 
9.000 39.810 1.063 1.561 1.865 2.134 2.303 2.478 2.536 2.562 2.531 2.571 2.611 2.615 2.621 2.712 2.772 2.755 2.720 2.641 2.601 2.456 2.239 2.183 0.000 
9.000 50.120 1.023 1.513 1.808 2.069 2.239 2.412 2.471 2.496 2.472 2.510 2.547 2.552 2.563 2.651 2.709 2.692 2.659 2.583 2.543 2.398 2.179 2.125 0.000 
9.000 63.100 0.975 1.456 1.744 1.998 2.168 2.338 2.398 2.422 2.404 2.440 2.474 2.481 2.496 2.580 2.635 2.617 2.585 2.512 2.472 2.327 2.106 2.055 0.000 
9.000 79.430 0.918 1.390 1.670 1.919 2.088 2.255 2.316 2.340 2.328 2.361 2.393 2.401 2.419 2.498 2.549 2.529 2.497 2.426 2.386 2.240 2.018 1.972 0.000 
9.000 100.000 0.852 1.313 1.588 1.832 2.001 2.165 2.225 2.250 2.242 2.273 2.302 2.310 2.331 2.405 2.450 2.425 2.393 2.322 2.281 2.133 1.912 1.872 0.000 
9.000 125.890 0.775 1.226 1.496 1.738 1.904 2.065 2.125 2.150 2.146 2.175 2.201 2.209 2.232 2.299 2.336 2.304 2.269 2.198 2.153 2.002 1.785 1.754 0.000 
9.000 158.490 0.687 1.126 1.394 1.636 1.798 1.955 2.014 2.040 2.040 2.066 2.088 2.096 2.120 2.178 2.205 2.163 2.123 2.048 1.999 1.843 1.633 1.613 0.000 
9.000 199.530 0.586 1.013 1.280 1.525 1.682 1.835 1.891 1.919 1.921 1.944 1.963 1.970 1.992 2.041 2.054 1.998 1.950 1.869 1.813 1.649 1.450 1.447 0.000 
9.000 251.190 0.469 0.885 1.154 1.405 1.554 1.703 1.755 1.786 1.789 1.808 1.824 1.828 1.849 1.884 1.879 1.804 1.745 1.654 1.588 1.413 1.231 1.249 0.000 
9.000 316.230 0.336 0.738 1.014 1.274 1.412 1.557 1.603 1.638 1.640 1.656 1.668 1.668 1.685 1.704 1.676 1.576 1.501 1.396 1.316 1.126 0.969 1.014 0.000 
9.000 398.110 0.181 0.571 0.857 1.130 1.255 1.394 1.433 1.473 1.474 1.484 1.492 1.487 1.498 1.497 1.440 1.307 1.210 1.086 0.986 0.776 0.653 0.734 0.000 
9.000 501.190 0.002 0.379 0.679 0.971 1.079 1.211 1.240 1.288 1.284 1.289 1.292 1.281 1.282 1.256 1.162 0.988 0.862 0.710 0.585 0.350 0.271 0.399 0.000 
9.000 630.960 -0.207 0.157 0.477 0.794 0.879 1.003 1.020 1.077 1.068 1.066 1.062 1.042 1.032 0.974 0.834 0.605 0.442 0.255 0.097 -0.172 -0.191 -0.005 0.000 
9.000 794.330 -0.452 -0.102 0.245 0.594 0.652 0.765 0.766 0.835 0.818 0.807 0.795 0.765 0.739 0.641 0.441 0.145 -0.066 -0.299 -0.500 -0.813 -0.754 -0.494 0.000 
9.000 1000.000 -0.743 -0.406 -0.024 0.366 0.389 0.489 0.470 0.554 0.526 0.504 0.484 0.439 0.393 0.244 -0.030 -0.412 -0.684 -0.976 -1.232 -1.601 -1.443 -1.088 0.000 
9.250 1.000 1.234 1.772 2.147 2.492 2.643 2.840 2.874 2.912 2.817 2.867 2.929 2.915 2.882 2.996 3.064 3.039 2.983 2.881 2.836 2.690 2.491 2.434 0.000 
9.250 1.260 1.233 1.771 2.145 2.489 2.641 2.837 2.872 2.909 2.815 2.865 2.926 2.912 2.880 2.994 3.062 3.037 2.981 2.880 2.835 2.689 2.490 2.432 0.000 
9.250 1.580 1.232 1.769 2.142 2.485 2.638 2.834 2.869 2.905 2.812 2.862 2.923 2.909 2.878 2.991 3.059 3.035 2.979 2.878 2.833 2.687 2.488 2.430 0.000 
9.250 2.000 1.230 1.767 2.139 2.481 2.634 2.829 2.865 2.901 2.809 2.859 2.919 2.906 2.875 2.988 3.056 3.032 2.976 2.876 2.830 2.684 2.485 2.428 0.000 
9.250 2.510 1.228 1.764 2.135 2.476 2.629 2.824 2.860 2.896 2.805 2.855 2.915 2.902 2.871 2.984 3.052 3.028 2.973 2.873 2.828 2.682 2.482 2.425 0.000 
9.250 3.160 1.225 1.760 2.130 2.469 2.623 2.817 2.854 2.890 2.800 2.849 2.909 2.896 2.866 2.979 3.047 3.023 2.969 2.869 2.824 2.678 2.478 2.421 0.000 
9.250 3.980 1.222 1.756 2.124 2.461 2.615 2.809 2.846 2.881 2.794 2.843 2.902 2.889 2.861 2.973 3.041 3.017 2.963 2.864 2.819 2.673 2.473 2.416 0.000 
9.250 5.010 1.218 1.750 2.117 2.450 2.605 2.799 2.836 2.871 2.786 2.834 2.893 2.881 2.853 2.965 3.033 3.010 2.957 2.858 2.813 2.668 2.467 2.410 0.000 
9.250 6.310 1.213 1.743 2.107 2.438 2.594 2.786 2.825 2.859 2.776 2.824 2.881 2.870 2.844 2.956 3.023 3.001 2.948 2.850 2.806 2.661 2.459 2.402 0.000 
9.250 7.940 1.207 1.735 2.096 2.422 2.579 2.770 2.810 2.844 2.764 2.811 2.868 2.857 2.833 2.944 3.011 2.989 2.938 2.841 2.797 2.652 2.450 2.393 0.000 
9.250 10.000 1.199 1.724 2.082 2.403 2.562 2.752 2.793 2.826 2.749 2.796 2.851 2.841 2.820 2.929 2.996 2.975 2.925 2.829 2.786 2.640 2.438 2.381 0.000 
9.250 12.590 1.189 1.711 2.064 2.380 2.540 2.729 2.771 2.803 2.731 2.777 2.830 2.822 2.803 2.911 2.978 2.958 2.909 2.815 2.771 2.626 2.422 2.366 0.000 
9.250 15.850 1.176 1.694 2.043 2.353 2.515 2.701 2.746 2.776 2.709 2.754 2.805 2.798 2.782 2.889 2.955 2.936 2.889 2.796 2.753 2.609 2.403 2.347 0.000 
9.250 19.950 1.161 1.674 2.017 2.321 2.484 2.668 2.715 2.744 2.682 2.726 2.775 2.770 2.757 2.862 2.928 2.909 2.864 2.773 2.731 2.586 2.380 2.324 0.000 
9.250 25.120 1.142 1.650 1.986 2.283 2.447 2.630 2.678 2.706 2.650 2.692 2.740 2.736 2.726 2.829 2.894 2.877 2.833 2.745 2.703 2.559 2.351 2.296 0.000 
9.250 31.620 1.118 1.620 1.950 2.238 2.405 2.585 2.635 2.662 2.612 2.653 2.697 2.695 2.690 2.790 2.854 2.837 2.795 2.710 2.668 2.524 2.315 2.261 0.000 
9.250 39.810 1.089 1.584 1.907 2.187 2.355 2.532 2.584 2.610 2.567 2.606 2.648 2.647 2.646 2.743 2.806 2.789 2.749 2.666 2.625 2.481 2.270 2.218 0.000 
9.250 50.120 1.055 1.542 1.856 2.129 2.298 2.473 2.526 2.551 2.515 2.552 2.591 2.592 2.595 2.688 2.748 2.731 2.693 2.613 2.572 2.428 2.215 2.165 0.000 
9.250 63.100 1.012 1.491 1.798 2.064 2.233 2.405 2.460 2.484 2.454 2.489 2.525 2.527 2.534 2.624 2.680 2.662 2.626 2.547 2.507 2.362 2.148 2.102 0.000 
9.250 79.430 0.962 1.432 1.731 1.990 2.160 2.329 2.385 2.408 2.384 2.417 2.450 2.453 2.464 2.549 2.600 2.580 2.544 2.467 2.426 2.280 2.066 2.025 0.000 
9.250 100.000 0.902 1.362 1.655 1.909 2.078 2.243 2.300 2.323 2.305 2.335 2.365 2.369 2.383 2.461 2.507 2.482 2.445 2.370 2.327 2.179 1.967 1.932 0.000 
9.250 125.890 0.832 1.281 1.569 1.820 1.986 2.149 2.205 2.228 2.215 2.243 2.270 2.274 2.290 2.361 2.399 2.367 2.328 2.252 2.206 2.055 1.846 1.820 0.000 
9.250 158.490 0.750 1.188 1.472 1.722 1.885 2.044 2.098 2.123 2.114 2.139 2.162 2.166 2.183 2.245 2.272 2.230 2.187 2.108 2.059 1.902 1.700 1.686 0.000 
9.250 199.530 0.654 1.081 1.363 1.615 1.773 1.927 1.980 2.006 2.000 2.022 2.041 2.044 2.062 2.112 2.126 2.070 2.020 1.935 1.879 1.715 1.524 1.526 0.000 
9.250 251.190 0.543 0.957 1.241 1.498 1.648 1.798 1.847 1.877 1.872 1.890 1.906 1.906 1.922 1.960 1.955 1.881 1.819 1.726 1.660 1.486 1.311 1.334 0.000 
9.250 316.230 0.413 0.815 1.104 1.369 1.509 1.655 1.699 1.732 1.727 1.741 1.753 1.750 1.763 1.784 1.756 1.657 1.580 1.474 1.394 1.205 1.054 1.105 0.000 
9.250 398.110 0.263 0.652 0.950 1.228 1.355 1.494 1.531 1.569 1.564 1.573 1.580 1.572 1.579 1.579 1.523 1.392 1.293 1.168 1.069 0.862 0.743 0.829 0.000 
9.250 501.190 0.087 0.464 0.775 1.070 1.181 1.313 1.341 1.386 1.377 1.380 1.382 1.368 1.366 1.341 1.248 1.075 0.949 0.797 0.674 0.441 0.366 0.498 0.000 
9.250 630.960 -0.119 0.245 0.575 0.894 0.983 1.107 1.122 1.177 1.163 1.159 1.154 1.132 1.119 1.061 0.921 0.695 0.532 0.346 0.190 -0.077 -0.093 0.098 0.000 
9.250 794.330 -0.362 -0.012 0.345 0.696 0.757 0.870 0.870 0.936 0.915 0.902 0.889 0.856 0.828 0.730 0.531 0.237 0.026 -0.205 -0.403 -0.713 -0.652 -0.388 0.000 
9.250 1000.000 -0.650 -0.314 0.077 0.469 0.495 0.595 0.575 0.656 0.625 0.600 0.578 0.531 0.483 0.335 0.061 -0.319 -0.590 -0.880 -1.132 -1.497 -1.339 -0.980 0.000 
