AbrahamsonEtAl2015SInter as implemented in OpenQuake, distance is rrup. Log10 ground motion values in cgs units, PGV and Sa(T<0.1s) not valid
          10 31 24 : nmag, ndist, nperiod
          10.000 7.500 6.000 5.000 4.000 3.000 2.500 2.000 1.500 1.000 0.750 0.600 0.500 0.400 0.300 0.250 0.200 0.150 0.100 0.075 0.050 0.020 PGA PGV 
          0.740 0.740 0.740 0.740 0.740 0.740 0.740 0.740 0.740 0.740 0.740 0.740 0.740 0.740 0.740 0.740 0.740 0.740 0.740 0.740 0.740 0.740 0.740 0.000 
7.000 1.000 0.519 0.738 0.945 1.110 1.296 1.511 1.642 1.802 2.017 2.299 2.443 2.566 2.682 2.810 2.910 2.986 3.060 3.127 3.084 2.996 2.823 2.713 2.713 0.000 
7.000 1.260 0.515 0.734 0.940 1.105 1.291 1.505 1.636 1.795 2.010 2.291 2.436 2.558 2.673 2.801 2.900 2.975 3.050 3.116 3.073 2.985 2.812 2.703 2.703 0.000 
7.000 1.580 0.510 0.728 0.934 1.098 1.284 1.498 1.629 1.788 2.002 2.283 2.426 2.548 2.663 2.789 2.888 2.963 3.037 3.102 3.060 2.972 2.799 2.691 2.691 0.000 
7.000 2.000 0.504 0.721 0.927 1.091 1.276 1.489 1.620 1.778 1.992 2.271 2.415 2.535 2.650 2.775 2.873 2.947 3.020 3.086 3.043 2.955 2.783 2.675 2.675 0.000 
7.000 2.510 0.496 0.713 0.918 1.081 1.266 1.478 1.609 1.766 1.979 2.258 2.400 2.520 2.633 2.758 2.854 2.928 3.001 3.065 3.023 2.935 2.764 2.656 2.656 0.000 
7.000 3.160 0.487 0.702 0.907 1.070 1.254 1.465 1.595 1.752 1.964 2.241 2.383 2.502 2.614 2.737 2.832 2.904 2.977 3.041 2.998 2.910 2.740 2.633 2.633 0.000 
7.000 3.980 0.475 0.690 0.893 1.055 1.239 1.449 1.578 1.735 1.945 2.221 2.362 2.479 2.590 2.711 2.805 2.876 2.948 3.011 2.968 2.881 2.711 2.605 2.605 0.000 
7.000 5.010 0.461 0.674 0.877 1.038 1.221 1.429 1.558 1.713 1.923 2.197 2.336 2.453 2.561 2.681 2.772 2.842 2.913 2.975 2.933 2.845 2.676 2.572 2.572 0.000 
7.000 6.310 0.445 0.656 0.857 1.018 1.199 1.406 1.534 1.688 1.896 2.168 2.306 2.420 2.527 2.644 2.733 2.802 2.871 2.932 2.890 2.802 2.635 2.532 2.532 0.000 
7.000 7.940 0.425 0.634 0.834 0.993 1.173 1.378 1.505 1.658 1.864 2.134 2.270 2.382 2.486 2.601 2.688 2.754 2.822 2.882 2.840 2.752 2.587 2.485 2.485 0.000 
7.000 10.000 0.401 0.608 0.807 0.964 1.143 1.346 1.471 1.623 1.826 2.093 2.228 2.338 2.439 2.551 2.634 2.698 2.765 2.823 2.782 2.694 2.530 2.430 2.430 0.000 
7.000 12.590 0.373 0.578 0.775 0.930 1.107 1.308 1.432 1.582 1.783 2.047 2.179 2.286 2.384 2.493 2.573 2.634 2.700 2.756 2.715 2.627 2.465 2.368 2.368 0.000 
7.000 15.850 0.341 0.542 0.737 0.891 1.066 1.263 1.386 1.534 1.732 1.993 2.122 2.227 2.322 2.427 2.503 2.562 2.625 2.680 2.638 2.551 2.391 2.296 2.296 0.000 
7.000 19.950 0.303 0.502 0.694 0.846 1.019 1.213 1.334 1.480 1.675 1.931 2.058 2.160 2.251 2.352 2.424 2.480 2.541 2.594 2.553 2.465 2.309 2.216 2.216 0.000 
7.000 25.120 0.260 0.455 0.645 0.794 0.965 1.155 1.275 1.418 1.609 1.861 1.986 2.085 2.171 2.269 2.337 2.389 2.449 2.499 2.459 2.371 2.217 2.128 2.128 0.000 
7.000 31.620 0.211 0.402 0.589 0.736 0.904 1.090 1.208 1.349 1.536 1.783 1.905 2.001 2.083 2.176 2.240 2.289 2.347 2.395 2.355 2.267 2.117 2.031 2.031 0.000 
7.000 39.810 0.154 0.341 0.526 0.669 0.835 1.017 1.132 1.270 1.453 1.695 1.814 1.908 1.986 2.075 2.135 2.180 2.236 2.283 2.243 2.155 2.009 1.926 1.926 0.000 
7.000 50.120 0.089 0.272 0.454 0.594 0.756 0.934 1.047 1.182 1.361 1.598 1.714 1.805 1.879 1.965 2.021 2.063 2.117 2.162 2.123 2.035 1.893 1.814 1.814 0.000 
7.000 63.100 0.015 0.193 0.372 0.509 0.668 0.841 0.952 1.084 1.257 1.489 1.603 1.692 1.763 1.846 1.898 1.937 1.990 2.033 1.996 1.908 1.769 1.694 1.694 0.000 
7.000 79.430 -0.070 0.103 0.278 0.413 0.568 0.736 0.845 0.973 1.142 1.369 1.480 1.568 1.636 1.717 1.767 1.802 1.855 1.897 1.861 1.773 1.638 1.567 1.567 0.000 
7.000 100.000 -0.168 -0.000 0.172 0.302 0.455 0.617 0.723 0.848 1.012 1.234 1.344 1.432 1.497 1.578 1.626 1.659 1.712 1.753 1.719 1.631 1.501 1.434 1.434 0.000 
7.000 125.890 -0.282 -0.120 0.048 0.176 0.324 0.482 0.585 0.707 0.865 1.082 1.191 1.281 1.345 1.427 1.476 1.507 1.561 1.602 1.570 1.483 1.357 1.294 1.294 0.000 
7.000 158.490 -0.416 -0.260 -0.095 0.029 0.174 0.326 0.427 0.545 0.697 0.910 1.020 1.114 1.178 1.264 1.314 1.345 1.402 1.444 1.415 1.327 1.206 1.148 1.148 0.000 
7.000 199.530 -0.575 -0.423 -0.262 -0.142 -0.001 0.146 0.243 0.358 0.505 0.714 0.825 0.926 0.992 1.085 1.141 1.172 1.233 1.278 1.253 1.165 1.048 0.995 0.995 0.000 
7.000 251.190 -0.763 -0.618 -0.460 -0.344 -0.206 -0.065 0.029 0.140 0.282 0.487 0.602 0.714 0.785 0.888 0.953 0.987 1.054 1.103 1.082 0.994 0.882 0.834 0.834 0.000 
7.000 316.230 -0.989 -0.850 -0.696 -0.584 -0.450 -0.314 -0.222 -0.116 0.020 0.224 0.344 0.471 0.551 0.670 0.747 0.786 0.863 0.918 0.903 0.815 0.708 0.664 0.664 0.000 
7.000 398.110 -1.263 -1.129 -0.979 -0.871 -0.741 -0.611 -0.522 -0.419 -0.289 -0.086 0.043 0.190 0.283 0.425 0.521 0.567 0.657 0.722 0.714 0.626 0.523 0.484 0.484 0.000 
7.000 501.190 -1.596 -1.468 -1.322 -1.217 -1.091 -0.967 -0.881 -0.782 -0.658 -0.453 -0.313 -0.137 -0.026 0.146 0.268 0.326 0.433 0.511 0.512 0.424 0.326 0.292 0.292 0.000 
7.000 630.960 -2.004 -1.881 -1.739 -1.638 -1.516 -1.398 -1.315 -1.220 -1.101 -0.893 -0.736 -0.523 -0.387 -0.174 -0.016 0.057 0.188 0.283 0.295 0.207 0.114 0.085 0.085 0.000 
7.000 794.330 -2.505 -2.388 -2.250 -2.153 -2.035 -1.923 -1.842 -1.751 -1.639 -1.424 -1.244 -0.983 -0.813 -0.546 -0.341 -0.247 -0.085 0.034 0.060 -0.028 -0.116 -0.140 -0.140 0.000 
7.000 1000.000 -3.123 -3.013 -2.879 -2.786 -2.671 -2.565 -2.488 -2.401 -2.294 -2.069 -1.860 -1.534 -1.320 -0.982 -0.716 -0.593 -0.391 -0.242 -0.198 -0.285 -0.369 -0.388 -0.388 0.000 
7.250 1.000 0.690 0.906 1.111 1.274 1.457 1.660 1.785 1.936 2.142 2.412 2.550 2.667 2.778 2.900 2.994 3.067 3.139 3.203 3.159 3.071 2.900 2.792 2.792 0.000 
7.250 1.260 0.686 0.902 1.107 1.270 1.452 1.655 1.779 1.931 2.136 2.406 2.543 2.660 2.770 2.892 2.985 3.058 3.129 3.193 3.150 3.062 2.890 2.783 2.783 0.000 
7.250 1.580 0.682 0.897 1.101 1.264 1.446 1.648 1.773 1.924 2.128 2.398 2.535 2.651 2.760 2.882 2.975 3.046 3.117 3.181 3.138 3.050 2.879 2.772 2.772 0.000 
7.250 2.000 0.676 0.891 1.095 1.257 1.439 1.641 1.765 1.915 2.119 2.388 2.524 2.639 2.749 2.869 2.961 3.032 3.103 3.166 3.123 3.035 2.864 2.758 2.758 0.000 
7.250 2.510 0.669 0.883 1.087 1.249 1.430 1.631 1.755 1.905 2.108 2.375 2.511 2.626 2.734 2.853 2.944 3.015 3.085 3.147 3.104 3.016 2.847 2.741 2.741 0.000 
7.250 3.160 0.661 0.874 1.077 1.238 1.418 1.619 1.742 1.892 2.094 2.360 2.496 2.609 2.716 2.834 2.924 2.994 3.063 3.125 3.082 2.994 2.825 2.720 2.720 0.000 
7.250 3.980 0.650 0.863 1.065 1.226 1.405 1.604 1.727 1.876 2.077 2.342 2.477 2.589 2.695 2.811 2.900 2.968 3.037 3.098 3.055 2.967 2.799 2.695 2.695 0.000 
7.250 5.010 0.638 0.849 1.050 1.210 1.388 1.586 1.709 1.857 2.056 2.320 2.453 2.564 2.668 2.783 2.870 2.937 3.005 3.065 3.022 2.934 2.767 2.664 2.664 0.000 
7.250 6.310 0.623 0.832 1.032 1.191 1.369 1.565 1.687 1.833 2.032 2.294 2.425 2.535 2.637 2.750 2.834 2.900 2.967 3.026 2.983 2.895 2.729 2.628 2.628 0.000 
7.250 7.940 0.604 0.812 1.011 1.169 1.345 1.540 1.660 1.806 2.002 2.262 2.392 2.500 2.600 2.710 2.792 2.856 2.922 2.980 2.937 2.849 2.685 2.584 2.584 0.000 
7.250 10.000 0.583 0.788 0.986 1.142 1.317 1.510 1.629 1.773 1.968 2.225 2.353 2.459 2.556 2.664 2.743 2.805 2.869 2.926 2.883 2.795 2.633 2.534 2.534 0.000 
7.250 12.590 0.557 0.760 0.956 1.111 1.284 1.474 1.593 1.735 1.927 2.181 2.308 2.411 2.505 2.610 2.686 2.745 2.808 2.863 2.821 2.733 2.572 2.476 2.476 0.000 
7.250 15.850 0.527 0.727 0.922 1.074 1.246 1.433 1.550 1.691 1.880 2.131 2.255 2.356 2.446 2.548 2.621 2.677 2.739 2.792 2.750 2.662 2.504 2.409 2.409 0.000 
7.250 19.950 0.492 0.689 0.881 1.032 1.201 1.386 1.501 1.640 1.826 2.073 2.195 2.292 2.380 2.478 2.546 2.600 2.660 2.711 2.670 2.582 2.426 2.334 2.334 0.000 
7.250 25.120 0.451 0.645 0.835 0.983 1.151 1.331 1.445 1.581 1.764 2.007 2.126 2.221 2.304 2.399 2.463 2.514 2.572 2.621 2.580 2.492 2.339 2.251 2.251 0.000 
7.250 31.620 0.405 0.595 0.782 0.928 1.092 1.269 1.381 1.515 1.694 1.932 2.049 2.141 2.220 2.311 2.372 2.419 2.475 2.522 2.482 2.394 2.244 2.159 2.159 0.000 
7.250 39.810 0.351 0.537 0.721 0.864 1.026 1.199 1.309 1.440 1.615 1.848 1.962 2.052 2.127 2.214 2.271 2.315 2.370 2.415 2.375 2.287 2.141 2.058 2.058 0.000 
7.250 50.120 0.289 0.471 0.652 0.792 0.951 1.120 1.227 1.356 1.526 1.754 1.866 1.953 2.025 2.108 2.161 2.202 2.255 2.299 2.260 2.172 2.029 1.951 1.951 0.000 
7.250 63.100 0.218 0.395 0.573 0.710 0.866 1.030 1.135 1.260 1.426 1.649 1.759 1.844 1.912 1.993 2.043 2.080 2.133 2.174 2.137 2.049 1.910 1.835 1.835 0.000 
7.250 79.430 0.135 0.307 0.483 0.617 0.769 0.928 1.031 1.153 1.314 1.532 1.639 1.724 1.789 1.868 1.916 1.950 2.002 2.042 2.006 1.918 1.783 1.713 1.713 0.000 
7.250 100.000 0.040 0.207 0.379 0.509 0.658 0.812 0.913 1.031 1.187 1.400 1.506 1.591 1.654 1.733 1.779 1.811 1.863 1.903 1.868 1.780 1.650 1.583 1.583 0.000 
7.250 125.890 -0.072 0.090 0.258 0.385 0.531 0.680 0.777 0.892 1.043 1.252 1.357 1.444 1.505 1.586 1.632 1.663 1.716 1.756 1.724 1.636 1.510 1.447 1.447 0.000 
7.250 158.490 -0.203 -0.047 0.118 0.242 0.384 0.527 0.622 0.733 0.879 1.083 1.188 1.280 1.342 1.425 1.474 1.504 1.560 1.601 1.572 1.484 1.362 1.305 1.305 0.000 
7.250 199.530 -0.359 -0.208 -0.047 0.073 0.212 0.349 0.441 0.549 0.689 0.890 0.996 1.095 1.159 1.250 1.304 1.335 1.395 1.439 1.413 1.325 1.208 1.155 1.155 0.000 
7.250 251.190 -0.545 -0.399 -0.242 -0.126 0.009 0.141 0.230 0.334 0.469 0.666 0.776 0.885 0.955 1.056 1.119 1.152 1.219 1.267 1.246 1.158 1.045 0.997 0.997 0.000 
7.250 316.230 -0.769 -0.629 -0.475 -0.363 -0.232 -0.105 -0.019 0.081 0.210 0.406 0.521 0.645 0.723 0.841 0.917 0.954 1.031 1.085 1.070 0.982 0.874 0.830 0.830 0.000 
7.250 398.110 -1.040 -0.906 -0.756 -0.647 -0.520 -0.399 -0.316 -0.219 -0.096 0.099 0.223 0.368 0.458 0.598 0.693 0.738 0.828 0.892 0.883 0.795 0.692 0.653 0.653 0.000 
7.250 501.190 -1.370 -1.242 -1.096 -0.991 -0.868 -0.753 -0.672 -0.580 -0.463 -0.266 -0.130 0.043 0.152 0.323 0.444 0.500 0.607 0.684 0.684 0.596 0.498 0.464 0.464 0.000 
7.250 630.960 -1.775 -1.653 -1.511 -1.410 -1.290 -1.181 -1.103 -1.015 -0.903 -0.704 -0.550 -0.340 -0.206 0.005 0.162 0.234 0.364 0.459 0.471 0.383 0.289 0.260 0.260 0.000 
7.250 794.330 -2.273 -2.157 -2.019 -1.922 -1.807 -1.703 -1.628 -1.543 -1.438 -1.232 -1.056 -0.797 -0.629 -0.364 -0.160 -0.067 0.094 0.213 0.238 0.150 0.062 0.038 0.038 0.000 
7.250 1000.000 -2.890 -2.779 -2.645 -2.552 -2.441 -2.343 -2.271 -2.190 -2.091 -1.875 -1.669 -1.346 -1.134 -0.797 -0.533 -0.410 -0.209 -0.060 -0.017 -0.105 -0.188 -0.207 -0.207 0.000 
7.500 1.000 0.857 1.071 1.274 1.436 1.614 1.807 1.925 2.070 2.266 2.525 2.657 2.768 2.874 2.991 3.080 3.149 3.218 3.279 3.236 3.148 2.978 2.872 2.872 0.000 
7.500 1.260 0.854 1.067 1.270 1.432 1.609 1.802 1.921 2.064 2.260 2.520 2.651 2.762 2.867 2.984 3.072 3.140 3.209 3.271 3.227 3.139 2.969 2.864 2.864 0.000 
7.500 1.580 0.850 1.063 1.265 1.427 1.604 1.796 1.915 2.058 2.254 2.512 2.643 2.754 2.859 2.974 3.062 3.130 3.199 3.260 3.216 3.128 2.959 2.854 2.854 0.000 
7.500 2.000 0.845 1.057 1.259 1.420 1.597 1.789 1.907 2.051 2.245 2.504 2.634 2.744 2.848 2.963 3.050 3.118 3.186 3.246 3.203 3.115 2.946 2.841 2.841 0.000 
7.500 2.510 0.838 1.050 1.252 1.413 1.589 1.781 1.898 2.041 2.235 2.492 2.622 2.731 2.835 2.949 3.035 3.102 3.170 3.230 3.186 3.098 2.930 2.826 2.826 0.000 
7.500 3.160 0.831 1.042 1.243 1.403 1.579 1.770 1.887 2.029 2.223 2.479 2.608 2.716 2.819 2.932 3.017 3.083 3.150 3.209 3.166 3.078 2.910 2.807 2.807 0.000 
7.500 3.980 0.822 1.032 1.232 1.392 1.567 1.757 1.873 2.015 2.207 2.462 2.591 2.698 2.799 2.911 2.994 3.059 3.126 3.185 3.141 3.053 2.887 2.784 2.784 0.000 
7.500 5.010 0.810 1.019 1.219 1.378 1.552 1.740 1.857 1.997 2.189 2.442 2.570 2.676 2.775 2.885 2.967 3.031 3.097 3.155 3.112 3.024 2.858 2.756 2.756 0.000 
7.500 6.310 0.796 1.004 1.203 1.361 1.534 1.721 1.836 1.976 2.166 2.418 2.544 2.649 2.746 2.855 2.935 2.997 3.062 3.119 3.076 2.988 2.823 2.723 2.723 0.000 
7.500 7.940 0.780 0.986 1.184 1.340 1.513 1.698 1.812 1.951 2.139 2.389 2.514 2.617 2.712 2.818 2.896 2.957 3.021 3.077 3.034 2.946 2.783 2.683 2.683 0.000 
7.500 10.000 0.760 0.964 1.160 1.316 1.487 1.670 1.784 1.921 2.107 2.354 2.478 2.579 2.672 2.775 2.851 2.910 2.972 3.027 2.984 2.896 2.735 2.637 2.637 0.000 
7.500 12.590 0.736 0.938 1.133 1.287 1.456 1.637 1.750 1.886 2.069 2.314 2.435 2.534 2.625 2.725 2.798 2.854 2.916 2.969 2.926 2.838 2.679 2.583 2.583 0.000 
7.500 15.850 0.709 0.908 1.101 1.253 1.421 1.599 1.710 1.844 2.025 2.267 2.386 2.482 2.570 2.668 2.737 2.791 2.851 2.902 2.860 2.772 2.614 2.521 2.521 0.000 
7.500 19.950 0.676 0.872 1.063 1.213 1.379 1.554 1.664 1.796 1.975 2.212 2.329 2.423 2.507 2.602 2.667 2.719 2.777 2.827 2.785 2.697 2.542 2.451 2.451 0.000 
7.500 25.120 0.638 0.831 1.020 1.167 1.331 1.503 1.611 1.741 1.916 2.150 2.264 2.356 2.436 2.527 2.589 2.637 2.694 2.742 2.700 2.612 2.460 2.372 2.372 0.000 
7.500 31.620 0.594 0.783 0.969 1.115 1.276 1.444 1.551 1.678 1.849 2.079 2.191 2.280 2.356 2.444 2.502 2.547 2.602 2.648 2.607 2.519 2.370 2.285 2.285 0.000 
7.500 39.810 0.543 0.728 0.912 1.054 1.213 1.377 1.482 1.607 1.774 1.999 2.108 2.195 2.267 2.351 2.406 2.448 2.501 2.545 2.505 2.417 2.271 2.189 2.189 0.000 
7.500 50.120 0.483 0.664 0.845 0.985 1.141 1.301 1.403 1.525 1.688 1.908 2.015 2.100 2.169 2.250 2.300 2.339 2.392 2.434 2.395 2.307 2.164 2.086 2.086 0.000 
7.500 63.100 0.415 0.591 0.769 0.906 1.059 1.214 1.314 1.433 1.592 1.807 1.912 1.995 2.060 2.139 2.186 2.222 2.274 2.314 2.276 2.188 2.050 1.975 1.975 0.000 
7.500 79.430 0.335 0.507 0.682 0.815 0.965 1.116 1.213 1.329 1.483 1.693 1.796 1.878 1.941 2.018 2.063 2.096 2.147 2.187 2.150 2.062 1.927 1.857 1.857 0.000 
7.500 100.000 0.242 0.409 0.581 0.711 0.857 1.003 1.098 1.211 1.359 1.565 1.666 1.749 1.809 1.886 1.930 1.961 2.012 2.051 2.016 1.928 1.798 1.732 1.732 0.000 
7.500 125.890 0.133 0.295 0.463 0.590 0.733 0.873 0.966 1.075 1.219 1.419 1.520 1.605 1.664 1.742 1.787 1.817 1.869 1.908 1.876 1.788 1.661 1.599 1.599 0.000 
7.500 158.490 0.005 0.161 0.325 0.449 0.588 0.723 0.813 0.919 1.057 1.254 1.355 1.444 1.504 1.586 1.633 1.662 1.717 1.758 1.728 1.640 1.518 1.460 1.460 0.000 
7.500 199.530 -0.148 0.002 0.163 0.283 0.419 0.549 0.636 0.738 0.870 1.063 1.166 1.262 1.325 1.414 1.466 1.496 1.555 1.598 1.572 1.484 1.367 1.314 1.314 0.000 
7.500 251.190 -0.332 -0.187 -0.029 0.087 0.219 0.343 0.427 0.526 0.653 0.843 0.949 1.055 1.123 1.223 1.284 1.317 1.383 1.430 1.408 1.320 1.208 1.159 1.159 0.000 
7.500 316.230 -0.553 -0.413 -0.260 -0.148 -0.019 0.099 0.181 0.275 0.397 0.585 0.697 0.818 0.895 1.011 1.085 1.122 1.198 1.252 1.235 1.147 1.039 0.996 0.996 0.000 
7.500 398.110 -0.821 -0.688 -0.538 -0.429 -0.305 -0.192 -0.113 -0.023 0.093 0.281 0.401 0.544 0.633 0.771 0.864 0.909 0.998 1.061 1.052 0.964 0.861 0.822 0.822 0.000 
7.500 501.190 -1.149 -1.021 -0.875 -0.771 -0.650 -0.543 -0.467 -0.380 -0.270 -0.081 0.051 0.222 0.329 0.498 0.618 0.673 0.780 0.856 0.856 0.768 0.670 0.635 0.635 0.000 
7.500 630.960 -1.552 -1.429 -1.287 -1.187 -1.070 -0.968 -0.896 -0.813 -0.708 -0.516 -0.367 -0.159 -0.026 0.184 0.339 0.410 0.540 0.634 0.645 0.557 0.464 0.434 0.434 0.000 
7.500 794.330 -2.048 -1.931 -1.793 -1.696 -1.583 -1.488 -1.418 -1.339 -1.240 -1.042 -0.870 -0.613 -0.447 -0.182 0.019 0.112 0.273 0.390 0.416 0.328 0.239 0.215 0.215 0.000 
7.500 1000.000 -2.661 -2.551 -2.417 -2.324 -2.215 -2.125 -2.058 -1.983 -1.890 -1.682 -1.480 -1.160 -0.948 -0.614 -0.350 -0.228 -0.028 0.120 0.163 0.075 -0.008 -0.028 -0.028 0.000 
7.750 1.000 0.962 1.173 1.375 1.535 1.709 1.892 2.023 2.182 2.386 2.639 2.764 2.870 2.971 3.082 3.166 3.232 3.298 3.357 3.313 3.225 3.057 2.953 2.953 0.000 
7.750 1.260 0.959 1.170 1.371 1.531 1.705 1.888 2.019 2.177 2.381 2.633 2.759 2.864 2.965 3.076 3.159 3.224 3.291 3.349 3.305 3.217 3.049 2.945 2.945 0.000 
7.750 1.580 0.955 1.166 1.367 1.527 1.700 1.883 2.013 2.172 2.375 2.627 2.752 2.857 2.957 3.068 3.150 3.215 3.281 3.339 3.295 3.207 3.040 2.936 2.936 0.000 
7.750 2.000 0.951 1.161 1.362 1.521 1.694 1.877 2.007 2.165 2.367 2.619 2.744 2.848 2.948 3.057 3.139 3.203 3.269 3.327 3.283 3.195 3.028 2.925 2.925 0.000 
7.750 2.510 0.945 1.155 1.355 1.514 1.687 1.869 1.998 2.156 2.358 2.609 2.733 2.837 2.936 3.045 3.126 3.189 3.255 3.312 3.268 3.180 3.014 2.911 2.911 0.000 
7.750 3.160 0.939 1.148 1.347 1.506 1.678 1.859 1.988 2.145 2.347 2.597 2.720 2.823 2.921 3.029 3.109 3.172 3.237 3.294 3.250 3.162 2.996 2.894 2.894 0.000 
7.750 3.980 0.930 1.138 1.337 1.495 1.667 1.847 1.976 2.132 2.333 2.582 2.704 2.807 2.903 3.010 3.089 3.151 3.215 3.272 3.228 3.140 2.975 2.874 2.874 0.000 
7.750 5.010 0.920 1.127 1.325 1.483 1.654 1.833 1.961 2.117 2.316 2.563 2.685 2.786 2.882 2.987 3.064 3.125 3.189 3.245 3.201 3.113 2.949 2.848 2.848 0.000 
7.750 6.310 0.908 1.113 1.311 1.467 1.637 1.815 1.943 2.097 2.295 2.541 2.662 2.762 2.855 2.959 3.035 3.094 3.157 3.212 3.169 3.080 2.917 2.818 2.818 0.000 
7.750 7.940 0.892 1.097 1.293 1.448 1.617 1.794 1.920 2.074 2.271 2.515 2.634 2.732 2.824 2.926 2.999 3.057 3.119 3.173 3.130 3.042 2.880 2.782 2.782 0.000 
7.750 10.000 0.874 1.077 1.272 1.426 1.594 1.768 1.894 2.047 2.241 2.483 2.601 2.697 2.787 2.886 2.957 3.014 3.075 3.127 3.084 2.996 2.836 2.739 2.739 0.000 
7.750 12.590 0.853 1.053 1.247 1.399 1.566 1.738 1.863 2.014 2.206 2.445 2.561 2.656 2.743 2.840 2.908 2.963 3.022 3.074 3.031 2.942 2.784 2.689 2.689 0.000 
7.750 15.850 0.827 1.025 1.217 1.368 1.532 1.702 1.826 1.975 2.165 2.401 2.516 2.608 2.692 2.786 2.852 2.904 2.962 3.012 2.969 2.881 2.724 2.632 2.632 0.000 
7.750 19.950 0.796 0.991 1.182 1.331 1.494 1.660 1.783 1.930 2.117 2.350 2.462 2.552 2.633 2.724 2.787 2.836 2.893 2.941 2.899 2.810 2.656 2.566 2.566 0.000 
7.750 25.120 0.761 0.952 1.141 1.288 1.448 1.612 1.733 1.878 2.062 2.291 2.401 2.489 2.566 2.654 2.713 2.759 2.815 2.861 2.819 2.731 2.580 2.492 2.492 0.000 
7.750 31.620 0.719 0.907 1.093 1.238 1.396 1.556 1.675 1.819 1.999 2.224 2.331 2.417 2.491 2.575 2.630 2.674 2.728 2.772 2.731 2.643 2.494 2.410 2.410 0.000 
7.750 39.810 0.671 0.855 1.038 1.180 1.336 1.493 1.609 1.750 1.927 2.147 2.252 2.335 2.406 2.487 2.539 2.579 2.632 2.675 2.634 2.546 2.400 2.319 2.319 0.000 
7.750 50.120 0.614 0.794 0.975 1.114 1.267 1.419 1.534 1.672 1.845 2.060 2.163 2.245 2.311 2.390 2.438 2.476 2.527 2.568 2.528 2.440 2.298 2.220 2.220 0.000 
7.750 63.100 0.548 0.724 0.902 1.038 1.188 1.336 1.449 1.584 1.752 1.963 2.063 2.143 2.207 2.283 2.328 2.363 2.413 2.453 2.414 2.326 2.188 2.114 2.114 0.000 
7.750 79.430 0.471 0.642 0.817 0.950 1.097 1.240 1.351 1.482 1.646 1.852 1.951 2.030 2.091 2.166 2.209 2.241 2.291 2.330 2.293 2.204 2.070 2.000 2.000 0.000 
7.750 100.000 0.381 0.547 0.718 0.849 0.992 1.131 1.238 1.367 1.526 1.727 1.825 1.904 1.963 2.038 2.080 2.110 2.161 2.199 2.163 2.075 1.945 1.879 1.879 0.000 
7.750 125.890 0.275 0.436 0.604 0.730 0.871 1.004 1.109 1.234 1.388 1.585 1.682 1.764 1.822 1.898 1.941 1.969 2.021 2.060 2.027 1.938 1.812 1.750 1.750 0.000 
7.750 158.490 0.149 0.304 0.469 0.592 0.729 0.857 0.960 1.081 1.229 1.422 1.520 1.606 1.665 1.745 1.790 1.818 1.873 1.913 1.882 1.794 1.672 1.615 1.615 0.000 
7.750 199.530 -0.002 0.149 0.309 0.429 0.562 0.685 0.785 0.903 1.046 1.235 1.334 1.428 1.489 1.576 1.627 1.656 1.715 1.757 1.730 1.642 1.525 1.472 1.472 0.000 
7.750 251.190 -0.183 -0.038 0.120 0.235 0.365 0.482 0.579 0.694 0.831 1.017 1.120 1.224 1.290 1.389 1.448 1.480 1.545 1.592 1.570 1.481 1.369 1.320 1.320 0.000 
7.750 316.230 -0.401 -0.262 -0.108 0.004 0.130 0.241 0.336 0.446 0.578 0.762 0.871 0.990 1.065 1.179 1.252 1.288 1.363 1.417 1.400 1.312 1.204 1.160 1.160 0.000 
7.750 398.110 -0.667 -0.533 -0.384 -0.275 -0.153 -0.047 0.044 0.151 0.277 0.461 0.578 0.718 0.806 0.943 1.034 1.078 1.166 1.229 1.220 1.131 1.028 0.989 0.989 0.000 
7.750 501.190 -0.992 -0.864 -0.719 -0.614 -0.496 -0.396 -0.307 -0.204 -0.084 0.102 0.231 0.399 0.505 0.673 0.791 0.846 0.951 1.027 1.027 0.939 0.840 0.806 0.806 0.000 
7.750 630.960 -1.392 -1.270 -1.128 -1.027 -0.913 -0.819 -0.733 -0.634 -0.519 -0.330 -0.184 0.021 0.152 0.361 0.514 0.585 0.714 0.808 0.819 0.730 0.637 0.607 0.607 0.000 
7.750 794.330 -1.886 -1.769 -1.631 -1.534 -1.424 -1.335 -1.253 -1.157 -1.049 -0.853 -0.685 -0.430 -0.265 -0.003 0.198 0.290 0.450 0.567 0.592 0.504 0.415 0.391 0.391 0.000 
7.750 1000.000 -2.497 -2.386 -2.252 -2.159 -2.053 -1.970 -1.890 -1.799 -1.696 -1.491 -1.293 -0.974 -0.765 -0.431 -0.169 -0.048 0.152 0.300 0.343 0.254 0.171 0.151 0.151 0.000 
8.000 1.000 1.024 1.233 1.433 1.592 1.762 1.937 2.062 2.214 2.410 2.674 2.810 2.923 3.030 3.153 3.253 3.315 3.379 3.436 3.391 3.303 3.137 3.035 3.035 0.000 
8.000 1.260 1.022 1.230 1.430 1.589 1.759 1.933 2.058 2.210 2.406 2.669 2.805 2.918 3.024 3.147 3.247 3.308 3.372 3.428 3.384 3.296 3.130 3.028 3.028 0.000 
8.000 1.580 1.019 1.227 1.426 1.585 1.754 1.928 2.053 2.205 2.401 2.663 2.799 2.912 3.017 3.139 3.239 3.300 3.364 3.420 3.375 3.287 3.121 3.020 3.020 0.000 
8.000 2.000 1.015 1.223 1.422 1.580 1.749 1.923 2.047 2.199 2.394 2.656 2.791 2.903 3.008 3.130 3.229 3.290 3.353 3.409 3.365 3.276 3.111 3.010 3.010 0.000 
8.000 2.510 1.010 1.217 1.416 1.573 1.742 1.916 2.040 2.191 2.386 2.647 2.782 2.893 2.998 3.119 3.217 3.277 3.340 3.395 3.351 3.263 3.098 2.998 2.998 0.000 
8.000 3.160 1.004 1.210 1.409 1.566 1.734 1.907 2.031 2.182 2.375 2.636 2.770 2.881 2.985 3.105 3.202 3.262 3.324 3.379 3.335 3.246 3.082 2.982 2.982 0.000 
8.000 3.980 0.996 1.202 1.400 1.556 1.724 1.896 2.020 2.170 2.363 2.622 2.756 2.866 2.968 3.087 3.183 3.243 3.305 3.359 3.315 3.226 3.063 2.963 2.963 0.000 
8.000 5.010 0.987 1.192 1.389 1.545 1.712 1.883 2.006 2.156 2.347 2.606 2.738 2.848 2.949 3.066 3.161 3.219 3.281 3.334 3.290 3.202 3.039 2.941 2.941 0.000 
8.000 6.310 0.976 1.179 1.376 1.531 1.697 1.867 1.989 2.138 2.329 2.585 2.717 2.825 2.925 3.041 3.134 3.191 3.252 3.305 3.261 3.172 3.011 2.913 2.913 0.000 
8.000 7.940 0.962 1.164 1.359 1.513 1.679 1.847 1.969 2.117 2.306 2.561 2.692 2.798 2.896 3.011 3.102 3.157 3.217 3.269 3.225 3.137 2.976 2.880 2.880 0.000 
8.000 10.000 0.945 1.146 1.340 1.493 1.657 1.824 1.945 2.091 2.279 2.532 2.661 2.766 2.862 2.974 3.063 3.117 3.176 3.227 3.183 3.095 2.936 2.841 2.841 0.000 
8.000 12.590 0.925 1.124 1.317 1.468 1.631 1.796 1.916 2.061 2.246 2.497 2.625 2.728 2.821 2.931 3.018 3.070 3.128 3.177 3.134 3.046 2.888 2.795 2.795 0.000 
8.000 15.850 0.902 1.098 1.289 1.439 1.601 1.762 1.881 2.025 2.208 2.456 2.582 2.683 2.774 2.881 2.965 3.015 3.072 3.120 3.077 2.988 2.833 2.742 2.742 0.000 
8.000 19.950 0.873 1.067 1.256 1.404 1.564 1.724 1.841 1.983 2.163 2.408 2.532 2.631 2.719 2.824 2.905 2.952 3.007 3.054 3.011 2.923 2.770 2.681 2.681 0.000 
8.000 25.120 0.840 1.030 1.218 1.364 1.522 1.678 1.794 1.934 2.112 2.352 2.474 2.571 2.656 2.758 2.835 2.880 2.934 2.979 2.937 2.848 2.698 2.611 2.611 0.000 
8.000 31.620 0.801 0.988 1.173 1.317 1.472 1.625 1.740 1.877 2.052 2.288 2.408 2.503 2.584 2.683 2.757 2.799 2.852 2.895 2.853 2.765 2.617 2.533 2.533 0.000 
8.000 39.810 0.754 0.938 1.121 1.262 1.415 1.565 1.677 1.812 1.983 2.215 2.333 2.425 2.504 2.599 2.670 2.709 2.761 2.802 2.761 2.673 2.528 2.447 2.447 0.000 
8.000 50.120 0.700 0.880 1.060 1.199 1.349 1.494 1.605 1.738 1.904 2.132 2.247 2.338 2.413 2.506 2.574 2.610 2.660 2.701 2.660 2.572 2.431 2.353 2.353 0.000 
8.000 63.100 0.637 0.812 0.990 1.126 1.273 1.414 1.522 1.652 1.814 2.038 2.151 2.241 2.312 2.403 2.469 2.502 2.551 2.590 2.551 2.463 2.325 2.251 2.251 0.000 
8.000 79.430 0.563 0.733 0.908 1.041 1.185 1.321 1.427 1.554 1.712 1.931 2.042 2.131 2.201 2.290 2.354 2.385 2.434 2.472 2.434 2.346 2.212 2.142 2.142 0.000 
8.000 100.000 0.475 0.641 0.812 0.942 1.083 1.215 1.318 1.442 1.595 1.809 1.919 2.009 2.076 2.166 2.229 2.258 2.307 2.345 2.309 2.220 2.090 2.025 2.025 0.000 
8.000 125.890 0.372 0.532 0.700 0.826 0.964 1.091 1.192 1.312 1.460 1.670 1.780 1.872 1.939 2.030 2.093 2.121 2.172 2.210 2.176 2.088 1.962 1.900 1.900 0.000 
8.000 158.490 0.248 0.404 0.568 0.691 0.825 0.947 1.045 1.162 1.305 1.511 1.621 1.717 1.785 1.880 1.946 1.973 2.027 2.066 2.036 1.947 1.826 1.768 1.768 0.000 
8.000 199.530 0.100 0.251 0.411 0.531 0.662 0.778 0.874 0.987 1.124 1.326 1.438 1.542 1.612 1.715 1.786 1.814 1.873 1.914 1.887 1.799 1.682 1.629 1.629 0.000 
8.000 251.190 -0.078 0.067 0.224 0.340 0.467 0.578 0.671 0.780 0.912 1.112 1.227 1.342 1.417 1.531 1.611 1.642 1.707 1.753 1.730 1.642 1.529 1.481 1.481 0.000 
8.000 316.230 -0.294 -0.155 -0.001 0.111 0.234 0.339 0.430 0.536 0.662 0.860 0.981 1.111 1.194 1.324 1.418 1.453 1.528 1.581 1.564 1.475 1.367 1.324 1.324 0.000 
8.000 398.110 -0.557 -0.424 -0.274 -0.166 -0.046 0.054 0.141 0.243 0.364 0.561 0.691 0.842 0.938 1.091 1.203 1.247 1.334 1.396 1.387 1.298 1.195 1.156 1.156 0.000 
8.000 501.190 -0.880 -0.752 -0.606 -0.502 -0.386 -0.292 -0.207 -0.109 0.006 0.204 0.346 0.525 0.640 0.824 0.963 1.017 1.122 1.198 1.197 1.108 1.010 0.975 0.975 0.000 
8.000 630.960 -1.277 -1.155 -1.013 -0.912 -0.800 -0.712 -0.631 -0.536 -0.427 -0.225 -0.066 0.150 0.290 0.515 0.689 0.759 0.888 0.981 0.991 0.903 0.809 0.780 0.780 0.000 
8.000 794.330 -1.768 -1.652 -1.514 -1.417 -1.309 -1.227 -1.148 -1.057 -0.954 -0.745 -0.564 -0.299 -0.125 0.154 0.375 0.467 0.626 0.743 0.768 0.679 0.590 0.566 0.566 0.000 
8.000 1000.000 -2.377 -2.266 -2.132 -2.039 -1.935 -1.859 -1.783 -1.696 -1.599 -1.380 -1.169 -0.840 -0.621 -0.272 0.011 0.132 0.331 0.479 0.521 0.433 0.349 0.329 0.329 0.000 
8.250 1.000 1.084 1.290 1.488 1.645 1.812 1.979 2.099 2.246 2.434 2.689 2.820 2.929 3.030 3.148 3.243 3.302 3.364 3.417 3.373 3.284 3.120 3.020 3.020 0.000 
8.250 1.260 1.081 1.288 1.486 1.642 1.809 1.975 2.096 2.242 2.430 2.685 2.816 2.924 3.025 3.143 3.237 3.296 3.357 3.411 3.366 3.278 3.114 3.014 3.014 0.000 
8.250 1.580 1.079 1.284 1.482 1.639 1.805 1.971 2.091 2.238 2.426 2.680 2.810 2.918 3.019 3.136 3.230 3.289 3.350 3.403 3.359 3.270 3.106 3.007 3.007 0.000 
8.250 2.000 1.075 1.280 1.478 1.634 1.800 1.966 2.086 2.232 2.420 2.673 2.803 2.911 3.011 3.128 3.222 3.279 3.340 3.394 3.349 3.260 3.097 2.998 2.998 0.000 
8.250 2.510 1.071 1.276 1.473 1.629 1.794 1.960 2.079 2.225 2.412 2.665 2.795 2.902 3.001 3.117 3.211 3.268 3.329 3.381 3.337 3.248 3.085 2.987 2.987 0.000 
8.250 3.160 1.065 1.269 1.466 1.622 1.787 1.952 2.071 2.216 2.403 2.655 2.784 2.891 2.989 3.105 3.197 3.254 3.314 3.367 3.322 3.234 3.071 2.973 2.973 0.000 
8.250 3.980 1.058 1.262 1.458 1.613 1.778 1.942 2.061 2.206 2.391 2.643 2.771 2.877 2.975 3.089 3.181 3.237 3.296 3.348 3.304 3.215 3.054 2.956 2.956 0.000 
8.250 5.010 1.050 1.253 1.448 1.603 1.767 1.930 2.048 2.192 2.377 2.627 2.755 2.860 2.957 3.070 3.160 3.215 3.275 3.326 3.282 3.193 3.032 2.935 2.935 0.000 
8.250 6.310 1.040 1.241 1.436 1.590 1.753 1.915 2.033 2.176 2.360 2.609 2.736 2.840 2.935 3.047 3.136 3.190 3.249 3.299 3.255 3.166 3.006 2.910 2.910 0.000 
8.250 7.940 1.027 1.228 1.422 1.574 1.737 1.897 2.015 2.157 2.339 2.587 2.713 2.815 2.909 3.019 3.106 3.159 3.217 3.267 3.223 3.134 2.975 2.880 2.880 0.000 
8.250 10.000 1.012 1.211 1.404 1.555 1.717 1.876 1.992 2.134 2.314 2.560 2.684 2.785 2.877 2.986 3.071 3.122 3.179 3.228 3.184 3.096 2.938 2.845 2.845 0.000 
8.250 12.590 0.994 1.191 1.382 1.533 1.693 1.850 1.965 2.106 2.285 2.527 2.651 2.750 2.840 2.946 3.029 3.079 3.135 3.182 3.139 3.050 2.894 2.802 2.802 0.000 
8.250 15.850 0.972 1.166 1.357 1.506 1.664 1.819 1.934 2.072 2.249 2.489 2.611 2.709 2.796 2.900 2.980 3.028 3.083 3.129 3.086 2.997 2.843 2.753 2.753 0.000 
8.250 19.950 0.946 1.138 1.326 1.473 1.630 1.783 1.896 2.033 2.207 2.444 2.564 2.660 2.745 2.846 2.924 2.969 3.023 3.068 3.025 2.936 2.784 2.696 2.696 0.000 
8.250 25.120 0.914 1.103 1.290 1.435 1.591 1.740 1.852 1.987 2.158 2.392 2.510 2.604 2.686 2.784 2.859 2.902 2.954 2.998 2.955 2.866 2.717 2.631 2.631 0.000 
8.250 31.620 0.877 1.063 1.248 1.391 1.544 1.690 1.800 1.933 2.102 2.332 2.447 2.539 2.618 2.714 2.785 2.825 2.877 2.919 2.877 2.788 2.641 2.558 2.558 0.000 
8.250 39.810 0.833 1.016 1.198 1.339 1.490 1.632 1.741 1.871 2.036 2.262 2.376 2.466 2.541 2.634 2.703 2.740 2.790 2.831 2.789 2.701 2.557 2.477 2.477 0.000 
8.250 50.120 0.782 0.961 1.140 1.278 1.426 1.565 1.672 1.800 1.961 2.182 2.294 2.382 2.455 2.545 2.611 2.646 2.695 2.734 2.693 2.605 2.464 2.387 2.387 0.000 
8.250 63.100 0.721 0.896 1.072 1.208 1.353 1.488 1.592 1.717 1.874 2.091 2.201 2.288 2.358 2.447 2.510 2.542 2.590 2.628 2.589 2.500 2.363 2.290 2.290 0.000 
8.250 79.430 0.649 0.819 0.993 1.126 1.268 1.398 1.500 1.623 1.775 1.988 2.096 2.183 2.250 2.338 2.399 2.429 2.477 2.514 2.476 2.388 2.254 2.184 2.184 0.000 
8.250 100.000 0.564 0.730 0.900 1.030 1.169 1.294 1.394 1.513 1.661 1.869 1.976 2.064 2.129 2.217 2.278 2.306 2.355 2.392 2.355 2.267 2.137 2.071 2.071 0.000 
8.250 125.890 0.463 0.624 0.791 0.917 1.053 1.174 1.271 1.387 1.529 1.734 1.840 1.930 1.995 2.085 2.147 2.173 2.224 2.261 2.227 2.138 2.012 1.951 1.951 0.000 
8.250 158.490 0.343 0.498 0.662 0.784 0.917 1.032 1.127 1.240 1.377 1.577 1.684 1.779 1.845 1.939 2.003 2.030 2.083 2.121 2.090 2.002 1.880 1.823 1.823 0.000 
8.250 199.530 0.197 0.347 0.508 0.627 0.756 0.866 0.958 1.067 1.199 1.396 1.505 1.607 1.675 1.777 1.847 1.874 1.932 1.973 1.945 1.857 1.740 1.687 1.687 0.000 
8.250 251.190 0.022 0.166 0.323 0.439 0.564 0.669 0.758 0.864 0.990 1.184 1.297 1.410 1.483 1.596 1.675 1.705 1.769 1.815 1.792 1.703 1.591 1.542 1.542 0.000 
8.250 316.230 -0.192 -0.053 0.101 0.212 0.334 0.433 0.520 0.622 0.743 0.935 1.054 1.181 1.264 1.393 1.485 1.520 1.594 1.646 1.629 1.540 1.432 1.388 1.388 0.000 
8.250 398.110 -0.452 -0.319 -0.170 -0.061 0.057 0.150 0.234 0.332 0.448 0.639 0.766 0.915 1.011 1.162 1.273 1.316 1.403 1.465 1.455 1.366 1.263 1.224 1.224 0.000 
8.250 501.190 -0.773 -0.645 -0.499 -0.395 -0.281 -0.193 -0.112 -0.017 0.092 0.286 0.425 0.602 0.716 0.898 1.036 1.089 1.194 1.269 1.268 1.179 1.081 1.046 1.046 0.000 
8.250 630.960 -1.167 -1.045 -0.904 -0.803 -0.693 -0.610 -0.532 -0.442 -0.338 -0.141 0.015 0.230 0.369 0.592 0.765 0.835 0.963 1.056 1.066 0.977 0.883 0.854 0.854 0.000 
8.250 794.330 -1.656 -1.540 -1.402 -1.305 -1.198 -1.122 -1.047 -0.960 -0.862 -0.659 -0.480 -0.216 -0.044 0.234 0.454 0.545 0.704 0.820 0.845 0.756 0.667 0.642 0.642 0.000 
8.250 1000.000 -2.262 -2.152 -2.018 -1.925 -1.822 -1.752 -1.679 -1.597 -1.504 -1.291 -1.082 -0.755 -0.537 -0.189 0.093 0.213 0.411 0.559 0.601 0.512 0.428 0.408 0.408 0.000 
8.500 1.000 1.140 1.344 1.540 1.695 1.859 2.018 2.134 2.276 2.458 2.705 2.831 2.934 3.031 3.144 3.234 3.290 3.349 3.400 3.355 3.267 3.104 3.006 3.006 0.000 
8.500 1.260 1.138 1.341 1.538 1.693 1.856 2.015 2.131 2.272 2.454 2.701 2.827 2.930 3.027 3.139 3.229 3.284 3.343 3.395 3.350 3.261 3.099 3.001 3.001 0.000 
8.500 1.580 1.135 1.338 1.535 1.690 1.853 2.011 2.127 2.268 2.450 2.696 2.822 2.925 3.021 3.133 3.223 3.278 3.337 3.388 3.343 3.254 3.092 2.995 2.995 0.000 
8.500 2.000 1.132 1.335 1.531 1.685 1.848 2.007 2.122 2.263 2.444 2.690 2.816 2.918 3.014 3.126 3.215 3.269 3.328 3.379 3.334 3.245 3.084 2.987 2.987 0.000 
8.500 2.510 1.128 1.331 1.526 1.680 1.843 2.001 2.116 2.257 2.438 2.683 2.808 2.910 3.005 3.117 3.205 3.259 3.318 3.368 3.323 3.235 3.073 2.977 2.977 0.000 
8.500 3.160 1.123 1.325 1.520 1.674 1.836 1.994 2.109 2.249 2.429 2.674 2.798 2.900 2.995 3.105 3.193 3.246 3.305 3.355 3.310 3.221 3.061 2.964 2.964 0.000 
8.500 3.980 1.117 1.318 1.513 1.667 1.828 1.985 2.100 2.239 2.419 2.662 2.787 2.888 2.981 3.091 3.178 3.231 3.289 3.338 3.293 3.205 3.045 2.949 2.949 0.000 
8.500 5.010 1.109 1.310 1.504 1.657 1.818 1.974 2.088 2.228 2.406 2.649 2.772 2.872 2.965 3.074 3.160 3.212 3.269 3.318 3.273 3.185 3.025 2.930 2.930 0.000 
8.500 6.310 1.100 1.300 1.493 1.645 1.806 1.961 2.074 2.213 2.390 2.632 2.754 2.854 2.945 3.053 3.137 3.188 3.245 3.294 3.249 3.160 3.002 2.908 2.908 0.000 
8.500 7.940 1.089 1.287 1.480 1.631 1.791 1.944 2.058 2.195 2.371 2.611 2.733 2.831 2.921 3.027 3.110 3.160 3.216 3.264 3.220 3.131 2.974 2.880 2.880 0.000 
8.500 10.000 1.075 1.272 1.463 1.614 1.772 1.924 2.037 2.174 2.348 2.586 2.707 2.804 2.892 2.997 3.078 3.127 3.182 3.229 3.185 3.096 2.940 2.848 2.848 0.000 
8.500 12.590 1.058 1.253 1.444 1.593 1.750 1.901 2.012 2.148 2.321 2.557 2.676 2.771 2.858 2.960 3.040 3.087 3.141 3.187 3.143 3.054 2.899 2.809 2.809 0.000 
8.500 15.850 1.038 1.231 1.420 1.568 1.724 1.872 1.983 2.117 2.288 2.521 2.639 2.733 2.817 2.917 2.994 3.040 3.093 3.138 3.094 3.005 2.852 2.763 2.763 0.000 
8.500 19.950 1.013 1.204 1.391 1.538 1.692 1.838 1.948 2.080 2.249 2.479 2.595 2.688 2.769 2.867 2.942 2.985 3.037 3.081 3.037 2.949 2.797 2.711 2.711 0.000 
8.500 25.120 0.984 1.172 1.358 1.502 1.655 1.798 1.906 2.037 2.203 2.430 2.544 2.635 2.714 2.809 2.881 2.922 2.973 3.015 2.972 2.884 2.735 2.650 2.650 0.000 
8.500 31.620 0.949 1.134 1.318 1.460 1.611 1.751 1.857 1.986 2.149 2.373 2.485 2.574 2.650 2.743 2.812 2.850 2.900 2.941 2.899 2.810 2.664 2.582 2.582 0.000 
8.500 39.810 0.908 1.089 1.271 1.411 1.559 1.696 1.801 1.927 2.087 2.307 2.417 2.504 2.577 2.668 2.734 2.770 2.818 2.858 2.816 2.727 2.584 2.505 2.505 0.000 
8.500 50.120 0.858 1.036 1.215 1.353 1.499 1.632 1.735 1.859 2.014 2.230 2.339 2.424 2.495 2.583 2.646 2.680 2.728 2.766 2.725 2.636 2.496 2.420 2.420 0.000 
8.500 63.100 0.800 0.974 1.150 1.285 1.428 1.557 1.658 1.779 1.931 2.143 2.250 2.334 2.402 2.488 2.550 2.581 2.628 2.665 2.625 2.537 2.400 2.327 2.327 0.000 
8.500 79.430 0.731 0.900 1.074 1.206 1.346 1.471 1.570 1.688 1.835 2.043 2.148 2.232 2.298 2.383 2.443 2.472 2.519 2.555 2.517 2.428 2.295 2.226 2.226 0.000 
8.500 100.000 0.648 0.813 0.983 1.113 1.250 1.370 1.466 1.582 1.724 1.927 2.032 2.117 2.181 2.267 2.326 2.353 2.401 2.437 2.401 2.312 2.182 2.117 2.117 0.000 
8.500 125.890 0.550 0.710 0.877 1.003 1.137 1.252 1.346 1.458 1.596 1.795 1.899 1.987 2.050 2.138 2.199 2.224 2.274 2.310 2.276 2.187 2.062 2.001 2.001 0.000 
8.500 158.490 0.432 0.587 0.750 0.873 1.003 1.114 1.205 1.314 1.447 1.642 1.746 1.839 1.903 1.996 2.059 2.084 2.137 2.175 2.143 2.055 1.933 1.876 1.876 0.000 
8.500 199.530 0.289 0.439 0.599 0.718 0.845 0.950 1.039 1.144 1.272 1.464 1.570 1.670 1.737 1.837 1.906 1.932 1.989 2.030 2.002 1.914 1.797 1.744 1.744 0.000 
8.500 251.190 0.116 0.260 0.417 0.532 0.656 0.756 0.842 0.944 1.066 1.255 1.365 1.476 1.549 1.660 1.737 1.767 1.830 1.876 1.852 1.764 1.651 1.603 1.603 0.000 
8.500 316.230 -0.095 0.044 0.197 0.309 0.429 0.523 0.607 0.705 0.821 1.009 1.125 1.251 1.332 1.460 1.551 1.585 1.658 1.710 1.693 1.604 1.496 1.452 1.452 0.000 
8.500 398.110 -0.353 -0.220 -0.071 0.038 0.154 0.242 0.323 0.418 0.529 0.716 0.840 0.988 1.082 1.232 1.342 1.384 1.471 1.532 1.522 1.433 1.330 1.291 1.291 0.000 
8.500 501.190 -0.671 -0.543 -0.398 -0.293 -0.181 -0.098 -0.020 0.071 0.176 0.365 0.502 0.677 0.790 0.971 1.107 1.161 1.265 1.340 1.338 1.249 1.151 1.116 1.116 0.000 
8.500 630.960 -1.063 -0.941 -0.799 -0.699 -0.590 -0.513 -0.438 -0.351 -0.251 -0.059 0.095 0.307 0.445 0.668 0.840 0.909 1.037 1.129 1.139 1.050 0.956 0.927 0.927 0.000 
8.500 794.330 -1.549 -1.433 -1.295 -1.198 -1.093 -1.022 -0.950 -0.867 -0.773 -0.574 -0.398 -0.136 0.036 0.312 0.532 0.623 0.781 0.897 0.921 0.832 0.743 0.718 0.718 0.000 
8.500 1000.000 -2.152 -2.042 -1.908 -1.815 -1.714 -1.649 -1.579 -1.501 -1.412 -1.203 -0.997 -0.672 -0.455 -0.108 0.173 0.293 0.491 0.638 0.680 0.591 0.507 0.487 0.487 0.000 
8.750 1.000 1.192 1.394 1.589 1.742 1.903 2.055 2.168 2.304 2.480 2.720 2.842 2.941 3.033 3.141 3.226 3.278 3.335 3.384 3.339 3.250 3.090 2.994 2.994 0.000 
8.750 1.260 1.191 1.392 1.586 1.740 1.900 2.053 2.165 2.301 2.477 2.717 2.838 2.937 3.029 3.137 3.222 3.274 3.330 3.379 3.334 3.245 3.085 2.989 2.989 0.000 
8.750 1.580 1.188 1.389 1.584 1.737 1.897 2.049 2.161 2.298 2.473 2.712 2.834 2.932 3.024 3.131 3.216 3.268 3.324 3.373 3.328 3.239 3.079 2.984 2.984 0.000 
8.750 2.000 1.185 1.386 1.580 1.733 1.893 2.045 2.157 2.293 2.468 2.707 2.828 2.926 3.018 3.125 3.209 3.260 3.317 3.365 3.320 3.231 3.072 2.976 2.976 0.000 
8.750 2.510 1.182 1.382 1.576 1.729 1.888 2.040 2.151 2.287 2.462 2.700 2.821 2.919 3.010 3.116 3.200 3.251 3.307 3.355 3.310 3.222 3.062 2.967 2.967 0.000 
8.750 3.160 1.177 1.377 1.571 1.723 1.882 2.033 2.145 2.280 2.455 2.692 2.812 2.910 3.000 3.106 3.189 3.240 3.295 3.343 3.298 3.210 3.051 2.956 2.956 0.000 
8.750 3.980 1.172 1.371 1.564 1.716 1.875 2.025 2.136 2.272 2.445 2.682 2.802 2.899 2.988 3.093 3.176 3.225 3.281 3.328 3.284 3.195 3.037 2.943 2.943 0.000 
8.750 5.010 1.165 1.363 1.556 1.708 1.866 2.015 2.126 2.261 2.434 2.669 2.788 2.885 2.973 3.078 3.159 3.208 3.263 3.310 3.265 3.177 3.019 2.926 2.926 0.000 
8.750 6.310 1.157 1.354 1.546 1.697 1.855 2.003 2.113 2.247 2.419 2.654 2.772 2.868 2.955 3.058 3.139 3.187 3.242 3.288 3.243 3.155 2.998 2.905 2.905 0.000 
8.750 7.940 1.146 1.342 1.534 1.684 1.841 1.988 2.098 2.231 2.402 2.635 2.753 2.847 2.933 3.035 3.114 3.161 3.215 3.261 3.217 3.128 2.972 2.880 2.880 0.000 
8.750 10.000 1.134 1.328 1.519 1.668 1.824 1.970 2.079 2.211 2.381 2.612 2.729 2.822 2.907 3.007 3.085 3.131 3.184 3.229 3.185 3.096 2.941 2.851 2.851 0.000 
8.750 12.590 1.118 1.311 1.501 1.649 1.804 1.948 2.056 2.187 2.355 2.585 2.700 2.792 2.875 2.974 3.049 3.094 3.146 3.191 3.146 3.058 2.904 2.815 2.815 0.000 
8.750 15.850 1.099 1.291 1.479 1.625 1.779 1.922 2.029 2.159 2.324 2.552 2.666 2.756 2.837 2.934 3.008 3.051 3.102 3.145 3.101 3.012 2.861 2.773 2.773 0.000 
8.750 19.950 1.077 1.266 1.452 1.597 1.749 1.890 1.996 2.124 2.288 2.513 2.625 2.714 2.793 2.888 2.959 3.000 3.050 3.092 3.049 2.960 2.810 2.724 2.724 0.000 
8.750 25.120 1.049 1.236 1.420 1.564 1.714 1.852 1.957 2.084 2.245 2.466 2.577 2.665 2.741 2.833 2.902 2.941 2.991 3.031 2.988 2.899 2.752 2.668 2.668 0.000 
8.750 31.620 1.016 1.200 1.383 1.524 1.673 1.808 1.911 2.036 2.194 2.412 2.522 2.607 2.681 2.771 2.837 2.874 2.922 2.962 2.919 2.830 2.685 2.604 2.604 0.000 
8.750 39.810 0.977 1.157 1.338 1.478 1.624 1.755 1.857 1.980 2.135 2.349 2.457 2.541 2.612 2.700 2.763 2.798 2.845 2.883 2.842 2.753 2.610 2.532 2.532 0.000 
8.750 50.120 0.930 1.107 1.285 1.422 1.566 1.694 1.794 1.914 2.066 2.277 2.382 2.465 2.533 2.619 2.680 2.712 2.759 2.796 2.755 2.666 2.527 2.451 2.451 0.000 
8.750 63.100 0.874 1.047 1.223 1.357 1.499 1.623 1.721 1.838 1.986 2.192 2.296 2.379 2.444 2.529 2.588 2.618 2.664 2.700 2.660 2.571 2.435 2.363 2.363 0.000 
8.750 79.430 0.807 0.976 1.149 1.281 1.419 1.539 1.635 1.750 1.893 2.095 2.198 2.280 2.344 2.428 2.486 2.513 2.560 2.595 2.556 2.468 2.335 2.266 2.266 0.000 
8.750 100.000 0.727 0.892 1.061 1.190 1.326 1.441 1.535 1.647 1.785 1.984 2.085 2.169 2.231 2.315 2.373 2.399 2.446 2.481 2.444 2.356 2.227 2.162 2.162 0.000 
8.750 125.890 0.631 0.791 0.958 1.083 1.215 1.326 1.417 1.526 1.660 1.854 1.956 2.042 2.104 2.190 2.249 2.274 2.323 2.358 2.324 2.235 2.110 2.049 2.049 0.000 
8.750 158.490 0.516 0.670 0.834 0.956 1.085 1.191 1.279 1.385 1.514 1.704 1.806 1.897 1.960 2.052 2.113 2.138 2.190 2.227 2.195 2.107 1.986 1.929 1.929 0.000 
8.750 199.530 0.375 0.525 0.685 0.804 0.929 1.030 1.116 1.218 1.342 1.529 1.633 1.732 1.798 1.896 1.964 1.990 2.046 2.086 2.058 1.969 1.853 1.800 1.800 0.000 
8.750 251.190 0.205 0.349 0.506 0.621 0.743 0.838 0.922 1.020 1.139 1.324 1.431 1.541 1.612 1.722 1.799 1.827 1.891 1.935 1.912 1.823 1.711 1.663 1.663 0.000 
8.750 316.230 -0.003 0.135 0.288 0.400 0.518 0.608 0.689 0.784 0.897 1.080 1.194 1.319 1.399 1.525 1.615 1.649 1.722 1.773 1.755 1.667 1.559 1.515 1.515 0.000 
8.750 398.110 -0.259 -0.126 0.023 0.131 0.246 0.330 0.409 0.500 0.607 0.790 0.913 1.058 1.152 1.301 1.410 1.452 1.538 1.599 1.588 1.499 1.396 1.357 1.357 0.000 
8.750 501.190 -0.574 -0.447 -0.301 -0.197 -0.086 -0.007 0.068 0.156 0.258 0.442 0.577 0.751 0.862 1.042 1.178 1.231 1.335 1.409 1.407 1.318 1.220 1.186 1.186 0.000 
8.750 630.960 -0.964 -0.842 -0.700 -0.600 -0.493 -0.420 -0.347 -0.264 -0.167 0.021 0.172 0.384 0.521 0.742 0.914 0.982 1.109 1.201 1.211 1.122 1.028 0.999 0.999 0.000 
8.750 794.330 -1.447 -1.331 -1.193 -1.097 -0.993 -0.926 -0.856 -0.777 -0.686 -0.491 -0.317 -0.057 0.114 0.390 0.608 0.699 0.857 0.972 0.996 0.907 0.818 0.793 0.793 0.000 
8.750 1000.000 -2.048 -1.938 -1.804 -1.711 -1.612 -1.550 -1.484 -1.408 -1.323 -1.118 -0.914 -0.590 -0.374 -0.028 0.253 0.372 0.570 0.716 0.758 0.669 0.585 0.565 0.565 0.000 
9.000 1.000 1.242 1.441 1.634 1.786 1.943 2.090 2.199 2.332 2.502 2.735 2.853 2.948 3.036 3.139 3.219 3.268 3.323 3.369 3.324 3.235 3.077 2.983 2.983 0.000 
9.000 1.260 1.240 1.439 1.632 1.784 1.941 2.088 2.197 2.329 2.499 2.732 2.850 2.944 3.032 3.135 3.215 3.264 3.318 3.365 3.319 3.231 3.073 2.979 2.979 0.000 
9.000 1.580 1.238 1.437 1.629 1.781 1.938 2.085 2.193 2.326 2.496 2.728 2.846 2.940 3.027 3.130 3.210 3.259 3.313 3.359 3.314 3.225 3.067 2.974 2.974 0.000 
9.000 2.000 1.236 1.434 1.626 1.778 1.935 2.081 2.189 2.322 2.491 2.724 2.841 2.935 3.022 3.124 3.204 3.252 3.306 3.352 3.307 3.218 3.060 2.967 2.967 0.000 
9.000 2.510 1.232 1.430 1.622 1.774 1.930 2.076 2.185 2.316 2.486 2.718 2.834 2.928 3.015 3.116 3.196 3.244 3.297 3.343 3.298 3.209 3.052 2.959 2.959 0.000 
9.000 3.160 1.228 1.426 1.618 1.769 1.925 2.070 2.178 2.310 2.479 2.710 2.826 2.920 3.006 3.107 3.186 3.233 3.287 3.333 3.287 3.199 3.042 2.949 2.949 0.000 
9.000 3.980 1.223 1.420 1.612 1.762 1.918 2.063 2.171 2.302 2.470 2.701 2.817 2.910 2.995 3.096 3.174 3.221 3.274 3.319 3.274 3.185 3.029 2.937 2.937 0.000 
9.000 5.010 1.217 1.413 1.604 1.754 1.910 2.054 2.161 2.292 2.460 2.689 2.805 2.897 2.982 3.081 3.159 3.205 3.258 3.303 3.258 3.169 3.013 2.922 2.922 0.000 
9.000 6.310 1.209 1.405 1.595 1.745 1.900 2.043 2.150 2.280 2.447 2.675 2.790 2.881 2.965 3.064 3.140 3.186 3.238 3.283 3.238 3.149 2.994 2.903 2.903 0.000 
9.000 7.940 1.200 1.394 1.584 1.733 1.887 2.029 2.136 2.265 2.431 2.658 2.772 2.863 2.945 3.043 3.118 3.163 3.214 3.258 3.214 3.125 2.970 2.881 2.881 0.000 
9.000 10.000 1.188 1.381 1.570 1.718 1.872 2.012 2.118 2.247 2.411 2.637 2.750 2.840 2.921 3.017 3.091 3.134 3.186 3.229 3.184 3.095 2.942 2.853 2.853 0.000 
9.000 12.590 1.174 1.365 1.553 1.700 1.853 1.992 2.097 2.225 2.388 2.612 2.724 2.812 2.892 2.987 3.059 3.101 3.151 3.194 3.149 3.060 2.909 2.821 2.821 0.000 
9.000 15.850 1.157 1.346 1.533 1.679 1.830 1.968 2.072 2.198 2.359 2.581 2.692 2.779 2.857 2.950 3.020 3.061 3.111 3.152 3.108 3.019 2.869 2.783 2.783 0.000 
9.000 19.950 1.135 1.323 1.508 1.653 1.803 1.938 2.041 2.166 2.325 2.545 2.654 2.740 2.815 2.907 2.975 3.014 3.063 3.103 3.059 2.971 2.822 2.737 2.737 0.000 
9.000 25.120 1.110 1.295 1.479 1.621 1.770 1.903 2.005 2.128 2.285 2.501 2.609 2.694 2.767 2.856 2.922 2.959 3.007 3.046 3.003 2.914 2.768 2.685 2.685 0.000 
9.000 31.620 1.079 1.261 1.443 1.584 1.730 1.861 1.961 2.083 2.237 2.450 2.556 2.639 2.710 2.798 2.861 2.896 2.943 2.981 2.939 2.850 2.705 2.625 2.625 0.000 
9.000 39.810 1.042 1.221 1.401 1.540 1.684 1.811 1.910 2.029 2.180 2.390 2.495 2.577 2.645 2.731 2.792 2.824 2.871 2.908 2.866 2.777 2.635 2.558 2.558 0.000 
9.000 50.120 0.997 1.173 1.350 1.487 1.629 1.753 1.850 1.967 2.114 2.321 2.424 2.504 2.570 2.654 2.713 2.743 2.789 2.825 2.784 2.695 2.556 2.482 2.482 0.000 
9.000 63.100 0.943 1.115 1.290 1.424 1.564 1.684 1.779 1.894 2.038 2.240 2.341 2.422 2.485 2.568 2.625 2.653 2.699 2.734 2.694 2.605 2.469 2.398 2.398 0.000 
9.000 79.430 0.879 1.047 1.219 1.350 1.487 1.603 1.696 1.808 1.948 2.146 2.246 2.327 2.389 2.471 2.527 2.553 2.599 2.633 2.595 2.506 2.373 2.305 2.305 0.000 
9.000 100.000 0.801 0.965 1.134 1.263 1.397 1.508 1.599 1.708 1.843 2.038 2.137 2.219 2.280 2.362 2.418 2.443 2.489 2.524 2.487 2.398 2.269 2.205 2.205 0.000 
9.000 125.890 0.708 0.867 1.033 1.158 1.289 1.396 1.485 1.591 1.721 1.912 2.011 2.096 2.156 2.241 2.298 2.322 2.370 2.405 2.371 2.282 2.157 2.097 2.097 0.000 
9.000 158.490 0.594 0.748 0.912 1.034 1.161 1.263 1.350 1.452 1.578 1.765 1.865 1.954 2.016 2.106 2.166 2.190 2.241 2.278 2.246 2.157 2.037 1.980 1.980 0.000 
9.000 199.530 0.457 0.606 0.766 0.884 1.008 1.105 1.189 1.289 1.409 1.593 1.695 1.792 1.857 1.954 2.020 2.046 2.101 2.141 2.113 2.024 1.907 1.855 1.855 0.000 
9.000 251.190 0.289 0.433 0.589 0.704 0.825 0.916 0.998 1.094 1.209 1.390 1.496 1.604 1.674 1.783 1.859 1.887 1.950 1.994 1.970 1.881 1.769 1.721 1.721 0.000 
9.000 316.230 0.083 0.221 0.374 0.486 0.603 0.689 0.768 0.860 0.970 1.150 1.261 1.385 1.464 1.590 1.679 1.712 1.784 1.835 1.817 1.728 1.621 1.577 1.577 0.000 
9.000 398.110 -0.170 -0.037 0.112 0.220 0.333 0.414 0.490 0.578 0.683 0.863 0.983 1.128 1.220 1.368 1.477 1.518 1.603 1.664 1.653 1.564 1.461 1.422 1.422 0.000 
9.000 501.190 -0.483 -0.355 -0.210 -0.106 0.004 0.079 0.152 0.237 0.336 0.517 0.650 0.823 0.934 1.113 1.248 1.300 1.404 1.477 1.475 1.387 1.288 1.254 1.254 0.000 
9.000 630.960 -0.870 -0.748 -0.607 -0.506 -0.400 -0.331 -0.260 -0.179 -0.086 0.099 0.248 0.459 0.595 0.816 0.986 1.054 1.181 1.273 1.282 1.193 1.100 1.070 1.070 0.000 
9.000 794.330 -1.351 -1.235 -1.097 -1.000 -0.898 -0.834 -0.767 -0.690 -0.602 -0.411 -0.239 0.021 0.191 0.466 0.684 0.774 0.931 1.047 1.070 0.981 0.892 0.867 0.867 0.000 
9.000 1000.000 -1.949 -1.839 -1.705 -1.613 -1.514 -1.456 -1.392 -1.318 -1.236 -1.035 -0.833 -0.509 -0.294 0.051 0.331 0.450 0.647 0.793 0.835 0.746 0.662 0.642 0.642 0.000 
9.250 1.000 1.288 1.484 1.676 1.826 1.981 2.123 2.229 2.358 2.524 2.751 2.865 2.955 3.039 3.137 3.213 3.259 3.311 3.355 3.310 3.221 3.065 2.973 2.973 0.000 
9.250 1.260 1.287 1.483 1.674 1.824 1.979 2.121 2.226 2.355 2.521 2.748 2.862 2.952 3.036 3.134 3.209 3.255 3.307 3.351 3.306 3.217 3.061 2.969 2.969 0.000 
9.250 1.580 1.285 1.481 1.672 1.822 1.977 2.118 2.224 2.352 2.518 2.745 2.858 2.948 3.031 3.129 3.205 3.250 3.302 3.346 3.301 3.212 3.056 2.965 2.965 0.000 
9.250 2.000 1.282 1.478 1.669 1.819 1.973 2.114 2.220 2.349 2.514 2.740 2.853 2.943 3.026 3.124 3.199 3.244 3.296 3.340 3.295 3.206 3.050 2.959 2.959 0.000 
9.250 2.510 1.279 1.475 1.666 1.815 1.969 2.110 2.216 2.344 2.509 2.735 2.848 2.937 3.020 3.117 3.192 3.237 3.288 3.332 3.287 3.198 3.043 2.952 2.952 0.000 
9.250 3.160 1.276 1.471 1.661 1.810 1.965 2.105 2.210 2.338 2.503 2.728 2.841 2.930 3.012 3.109 3.183 3.228 3.279 3.323 3.277 3.188 3.033 2.943 2.943 0.000 
9.250 3.980 1.271 1.466 1.656 1.805 1.958 2.098 2.203 2.331 2.495 2.720 2.832 2.921 3.002 3.098 3.172 3.216 3.267 3.311 3.265 3.176 3.022 2.932 2.932 0.000 
9.250 5.010 1.266 1.459 1.649 1.798 1.951 2.090 2.195 2.322 2.485 2.709 2.821 2.909 2.990 3.086 3.159 3.202 3.253 3.296 3.250 3.162 3.008 2.918 2.918 0.000 
9.250 6.310 1.259 1.452 1.641 1.789 1.941 2.080 2.184 2.311 2.473 2.696 2.807 2.895 2.975 3.070 3.142 3.185 3.235 3.278 3.232 3.144 2.990 2.901 2.901 0.000 
9.250 7.940 1.250 1.442 1.630 1.778 1.930 2.067 2.171 2.297 2.458 2.680 2.791 2.878 2.957 3.051 3.122 3.163 3.213 3.255 3.210 3.122 2.969 2.881 2.881 0.000 
9.250 10.000 1.239 1.430 1.618 1.764 1.916 2.052 2.155 2.280 2.441 2.661 2.771 2.857 2.935 3.027 3.097 3.138 3.187 3.229 3.184 3.095 2.943 2.856 2.856 0.000 
9.250 12.590 1.226 1.415 1.602 1.748 1.898 2.033 2.135 2.260 2.419 2.638 2.746 2.832 2.908 2.999 3.067 3.107 3.156 3.196 3.152 3.063 2.913 2.827 2.827 0.000 
9.250 15.850 1.210 1.398 1.583 1.728 1.877 2.010 2.112 2.235 2.392 2.609 2.717 2.801 2.876 2.965 3.032 3.070 3.118 3.158 3.114 3.025 2.876 2.791 2.791 0.000 
9.250 19.950 1.190 1.376 1.560 1.703 1.851 1.983 2.083 2.205 2.360 2.575 2.681 2.764 2.837 2.925 2.990 3.027 3.074 3.113 3.069 2.980 2.833 2.750 2.750 0.000 
9.250 25.120 1.166 1.350 1.533 1.674 1.821 1.949 2.049 2.169 2.322 2.534 2.639 2.721 2.792 2.878 2.941 2.976 3.023 3.060 3.017 2.928 2.783 2.702 2.702 0.000 
9.250 31.620 1.137 1.318 1.499 1.639 1.784 1.910 2.008 2.127 2.277 2.486 2.590 2.670 2.739 2.823 2.884 2.917 2.963 3.000 2.957 2.868 2.725 2.646 2.646 0.000 
9.250 39.810 1.102 1.280 1.459 1.597 1.739 1.863 1.960 2.076 2.224 2.430 2.532 2.611 2.677 2.760 2.819 2.850 2.895 2.931 2.888 2.800 2.659 2.582 2.582 0.000 
9.250 50.120 1.059 1.234 1.411 1.546 1.687 1.807 1.902 2.017 2.161 2.363 2.464 2.542 2.606 2.688 2.744 2.773 2.818 2.853 2.811 2.723 2.585 2.511 2.511 0.000 
9.250 63.100 1.008 1.179 1.353 1.486 1.625 1.741 1.834 1.946 2.087 2.286 2.385 2.463 2.525 2.605 2.660 2.687 2.732 2.766 2.726 2.637 2.502 2.431 2.431 0.000 
9.250 79.430 0.945 1.112 1.284 1.415 1.551 1.663 1.754 1.864 2.000 2.195 2.293 2.372 2.432 2.512 2.566 2.592 2.636 2.670 2.631 2.542 2.411 2.343 2.343 0.000 
9.250 100.000 0.870 1.033 1.202 1.330 1.463 1.571 1.660 1.766 1.899 2.090 2.187 2.267 2.326 2.408 2.462 2.486 2.532 2.565 2.528 2.439 2.311 2.247 2.247 0.000 
9.250 125.890 0.779 0.937 1.103 1.228 1.358 1.461 1.548 1.652 1.780 1.967 2.064 2.147 2.207 2.290 2.346 2.369 2.417 2.451 2.416 2.327 2.203 2.143 2.143 0.000 
9.250 158.490 0.668 0.822 0.985 1.106 1.233 1.332 1.416 1.517 1.640 1.823 1.922 2.010 2.070 2.159 2.218 2.241 2.292 2.328 2.296 2.207 2.086 2.030 2.030 0.000 
9.250 199.530 0.533 0.682 0.841 0.959 1.083 1.176 1.259 1.356 1.474 1.654 1.755 1.850 1.914 2.010 2.076 2.100 2.156 2.195 2.166 2.077 1.961 1.909 1.909 0.000 
9.250 251.190 0.367 0.511 0.667 0.782 0.902 0.990 1.070 1.163 1.276 1.455 1.559 1.666 1.735 1.843 1.918 1.945 2.007 2.051 2.027 1.938 1.826 1.779 1.779 0.000 
9.250 316.230 0.164 0.302 0.455 0.566 0.682 0.766 0.843 0.933 1.040 1.217 1.327 1.450 1.528 1.653 1.741 1.773 1.846 1.896 1.878 1.789 1.681 1.638 1.638 0.000 
9.250 398.110 -0.087 0.046 0.195 0.303 0.415 0.493 0.567 0.654 0.756 0.933 1.052 1.195 1.287 1.434 1.542 1.583 1.668 1.728 1.717 1.628 1.525 1.486 1.486 0.000 
9.250 501.190 -0.397 -0.270 -0.124 -0.020 0.089 0.161 0.232 0.315 0.412 0.590 0.722 0.893 1.004 1.182 1.316 1.368 1.471 1.545 1.543 1.454 1.355 1.321 1.321 0.000 
9.250 630.960 -0.781 -0.660 -0.518 -0.418 -0.313 -0.246 -0.178 -0.098 -0.007 0.175 0.323 0.532 0.668 0.888 1.058 1.125 1.252 1.343 1.353 1.264 1.170 1.140 1.140 0.000 
9.250 794.330 -1.260 -1.144 -1.006 -0.910 -0.808 -0.747 -0.682 -0.606 -0.521 -0.332 -0.161 0.097 0.267 0.541 0.758 0.848 1.005 1.120 1.143 1.054 0.965 0.941 0.941 0.000 
9.250 1000.000 -1.856 -1.746 -1.612 -1.519 -1.422 -1.366 -1.304 -1.232 -1.153 -0.954 -0.753 -0.430 -0.216 0.129 0.408 0.527 0.724 0.870 0.911 0.822 0.738 0.718 0.718 0.000 
