GhofraniAtkinson2014Cascadia_CanadaSHM6-trial modified from OpenQuake implementation, distance is rrup. Log10 ground motion values in cgs units, PGV and Sa(T<0.1s) not valid
          10 31 26 : nmag, ndist, nperiod
          10.000 9.090 7.140 5.880 4.550 3.700 3.030 2.440 1.920 1.560 1.250 1.010 0.810 0.650 0.530 0.420 0.340 0.270 0.220 0.180 0.140 0.110 0.090 0.070 PGA PGV 
          0.538 0.538 0.575 0.611 0.642 0.662 0.685 0.702 0.713 0.682 0.652 0.632 0.648 0.682 0.729 0.785 0.833 0.852 0.852 0.861 0.892 0.909 0.906 0.874 0.795 0.550
7.000 1.000 0.238 0.311 0.530 0.681 0.850 1.035 1.246 1.493 1.715 1.805 1.869 1.908 2.014 2.138 2.269 2.406 2.476 2.486 2.495 2.526 2.544 2.519 2.416 2.267 2.038 0.955 
7.000 1.260 0.238 0.311 0.530 0.681 0.850 1.035 1.246 1.493 1.715 1.805 1.869 1.908 2.014 2.137 2.269 2.406 2.475 2.485 2.494 2.525 2.544 2.518 2.415 2.266 2.038 0.955 
7.000 1.580 0.239 0.311 0.530 0.680 0.850 1.035 1.246 1.493 1.714 1.804 1.868 1.907 2.013 2.136 2.268 2.405 2.474 2.484 2.493 2.524 2.543 2.517 2.414 2.266 2.037 0.955 
7.000 2.000 0.239 0.311 0.530 0.680 0.850 1.035 1.245 1.492 1.714 1.804 1.868 1.907 2.012 2.136 2.267 2.404 2.473 2.483 2.492 2.523 2.542 2.516 2.413 2.265 2.036 0.955 
7.000 2.510 0.239 0.311 0.529 0.680 0.850 1.035 1.245 1.492 1.713 1.803 1.867 1.906 2.011 2.134 2.266 2.403 2.472 2.482 2.491 2.522 2.540 2.515 2.412 2.263 2.035 0.954 
7.000 3.160 0.239 0.310 0.529 0.680 0.850 1.034 1.244 1.491 1.712 1.802 1.866 1.904 2.010 2.133 2.264 2.401 2.470 2.480 2.489 2.520 2.538 2.513 2.410 2.261 2.033 0.953 
7.000 3.980 0.239 0.310 0.529 0.680 0.849 1.034 1.244 1.490 1.711 1.801 1.864 1.903 2.008 2.131 2.262 2.399 2.468 2.478 2.487 2.518 2.536 2.510 2.408 2.259 2.031 0.952 
7.000 5.010 0.239 0.310 0.528 0.679 0.849 1.033 1.243 1.489 1.710 1.799 1.862 1.901 2.006 2.128 2.259 2.396 2.465 2.475 2.484 2.515 2.533 2.507 2.405 2.256 2.028 0.951 
7.000 6.310 0.239 0.309 0.527 0.678 0.848 1.032 1.241 1.488 1.708 1.797 1.860 1.898 2.002 2.125 2.255 2.392 2.461 2.471 2.480 2.511 2.529 2.503 2.401 2.252 2.024 0.949 
7.000 7.940 0.238 0.307 0.526 0.677 0.846 1.030 1.239 1.485 1.705 1.794 1.856 1.894 1.998 2.120 2.251 2.387 2.456 2.466 2.475 2.506 2.524 2.498 2.395 2.247 2.019 0.947 
7.000 10.000 0.236 0.305 0.524 0.675 0.844 1.027 1.236 1.482 1.701 1.789 1.851 1.888 1.992 2.114 2.244 2.380 2.449 2.459 2.468 2.499 2.517 2.491 2.388 2.240 2.013 0.943 
7.000 12.590 0.234 0.302 0.520 0.671 0.840 1.023 1.232 1.477 1.696 1.783 1.845 1.881 1.984 2.105 2.235 2.371 2.440 2.450 2.458 2.489 2.507 2.481 2.378 2.230 2.004 0.938 
7.000 15.850 0.229 0.296 0.515 0.666 0.835 1.017 1.225 1.470 1.688 1.774 1.835 1.870 1.973 2.093 2.223 2.358 2.427 2.437 2.445 2.476 2.494 2.468 2.365 2.217 1.991 0.930 
7.000 19.950 0.222 0.288 0.507 0.658 0.827 1.008 1.216 1.459 1.676 1.761 1.821 1.856 1.957 2.077 2.206 2.341 2.409 2.419 2.428 2.458 2.476 2.449 2.347 2.200 1.974 0.919 
7.000 25.120 0.211 0.276 0.495 0.646 0.814 0.995 1.201 1.444 1.659 1.743 1.802 1.835 1.935 2.054 2.183 2.317 2.385 2.395 2.403 2.434 2.451 2.424 2.322 2.175 1.951 0.904 
7.000 31.620 0.194 0.258 0.477 0.627 0.796 0.975 1.181 1.422 1.635 1.718 1.775 1.807 1.905 2.023 2.151 2.285 2.352 2.361 2.370 2.400 2.418 2.390 2.288 2.142 1.918 0.881 
7.000 39.810 0.170 0.232 0.451 0.601 0.769 0.947 1.152 1.391 1.602 1.683 1.738 1.768 1.864 1.981 2.107 2.240 2.307 2.316 2.325 2.355 2.372 2.344 2.242 2.096 1.874 0.849 
7.000 50.120 0.136 0.196 0.415 0.566 0.733 0.909 1.112 1.349 1.558 1.635 1.689 1.716 1.810 1.925 2.050 2.181 2.247 2.257 2.265 2.295 2.311 2.283 2.181 2.036 1.816 0.806 
7.000 63.100 0.090 0.149 0.368 0.519 0.686 0.859 1.060 1.295 1.500 1.574 1.625 1.649 1.739 1.852 1.975 2.106 2.171 2.180 2.187 2.218 2.233 2.205 2.103 1.959 1.741 0.750 
7.000 79.430 0.034 0.091 0.310 0.461 0.627 0.798 0.995 1.227 1.428 1.498 1.545 1.565 1.651 1.761 1.882 2.011 2.075 2.083 2.091 2.121 2.136 2.107 2.005 1.862 1.647 0.681 
7.000 100.000 -0.033 0.022 0.241 0.392 0.557 0.724 0.919 1.146 1.341 1.406 1.449 1.463 1.545 1.651 1.770 1.896 1.958 1.967 1.974 2.004 2.018 1.987 1.886 1.745 1.533 0.598 
7.000 125.890 -0.109 -0.055 0.163 0.314 0.478 0.640 0.831 1.053 1.241 1.299 1.337 1.345 1.420 1.522 1.637 1.760 1.821 1.829 1.835 1.866 1.878 1.846 1.745 1.606 1.399 0.502 
7.000 158.490 -0.192 -0.140 0.079 0.230 0.392 0.548 0.734 0.949 1.129 1.178 1.209 1.209 1.275 1.372 1.483 1.603 1.661 1.668 1.674 1.705 1.715 1.682 1.581 1.444 1.243 0.394 
7.000 199.530 -0.280 -0.230 -0.011 0.140 0.300 0.449 0.628 0.835 1.004 1.042 1.065 1.054 1.111 1.200 1.306 1.421 1.476 1.483 1.488 1.518 1.527 1.492 1.391 1.258 1.063 0.276 
7.000 251.190 -0.371 -0.323 -0.104 0.047 0.204 0.344 0.514 0.712 0.866 0.891 0.903 0.879 0.923 1.003 1.102 1.212 1.264 1.269 1.273 1.304 1.310 1.272 1.172 1.043 0.857 0.146 
7.000 316.230 -0.465 -0.418 -0.200 -0.049 0.105 0.233 0.393 0.578 0.714 0.723 0.721 0.681 0.708 0.778 0.868 0.971 1.018 1.022 1.025 1.055 1.058 1.017 0.917 0.794 0.619 0.005 
7.000 398.110 -0.560 -0.516 -0.297 -0.146 0.004 0.117 0.264 0.432 0.547 0.534 0.514 0.454 0.461 0.517 0.597 0.690 0.732 0.734 0.735 0.766 0.764 0.719 0.620 0.503 0.342 -0.149 
7.000 501.190 -0.656 -0.614 -0.395 -0.244 -0.100 -0.005 0.126 0.273 0.360 0.320 0.279 0.193 0.174 0.212 0.279 0.361 0.395 0.396 0.395 0.425 0.419 0.368 0.271 0.162 0.018 -0.320 
7.000 630.960 -0.753 -0.713 -0.494 -0.343 -0.205 -0.133 -0.024 0.098 0.149 0.076 0.008 -0.111 -0.162 -0.146 -0.096 -0.029 -0.003 -0.006 -0.009 0.021 0.009 -0.049 -0.145 -0.243 -0.365 -0.509 
7.000 794.330 -0.851 -0.812 -0.593 -0.442 -0.312 -0.270 -0.187 -0.098 -0.090 -0.206 -0.309 -0.468 -0.560 -0.572 -0.544 -0.494 -0.480 -0.486 -0.492 -0.462 -0.483 -0.548 -0.643 -0.728 -0.822 -0.723 
7.000 1000.000 -0.948 -0.912 -0.693 -0.542 -0.422 -0.417 -0.366 -0.319 -0.367 -0.536 -0.682 -0.893 -1.036 -1.083 -1.081 -1.054 -1.055 -1.064 -1.075 -1.045 -1.076 -1.152 -1.244 -1.313 -1.372 -0.966 
7.250 1.000 0.355 0.427 0.633 0.776 0.938 1.119 1.326 1.568 1.786 1.873 1.934 1.972 2.078 2.199 2.327 2.460 2.525 2.532 2.539 2.567 2.584 2.560 2.458 2.311 2.086 1.025 
7.250 1.260 0.355 0.427 0.633 0.776 0.938 1.119 1.326 1.568 1.786 1.873 1.934 1.972 2.077 2.198 2.327 2.460 2.524 2.531 2.538 2.566 2.584 2.560 2.458 2.310 2.085 1.025 
7.250 1.580 0.355 0.427 0.633 0.776 0.938 1.119 1.325 1.568 1.786 1.873 1.933 1.971 2.076 2.197 2.326 2.459 2.523 2.530 2.538 2.565 2.583 2.559 2.457 2.310 2.085 1.025 
7.250 2.000 0.356 0.427 0.632 0.776 0.938 1.119 1.325 1.568 1.785 1.872 1.933 1.971 2.076 2.196 2.325 2.458 2.522 2.529 2.536 2.564 2.582 2.558 2.456 2.308 2.084 1.024 
7.250 2.510 0.356 0.427 0.632 0.776 0.937 1.119 1.325 1.567 1.785 1.871 1.932 1.970 2.074 2.195 2.324 2.456 2.521 2.528 2.535 2.563 2.580 2.556 2.454 2.307 2.082 1.024 
7.250 3.160 0.356 0.426 0.632 0.776 0.937 1.118 1.324 1.567 1.784 1.871 1.931 1.968 2.073 2.194 2.322 2.455 2.519 2.526 2.533 2.561 2.579 2.554 2.453 2.305 2.081 1.023 
7.250 3.980 0.356 0.426 0.632 0.776 0.937 1.118 1.324 1.566 1.783 1.869 1.929 1.967 2.071 2.192 2.320 2.453 2.517 2.524 2.531 2.559 2.576 2.552 2.450 2.303 2.079 1.022 
7.250 5.010 0.356 0.426 0.631 0.775 0.936 1.117 1.323 1.565 1.781 1.868 1.927 1.965 2.069 2.189 2.317 2.450 2.514 2.521 2.528 2.556 2.573 2.549 2.447 2.300 2.076 1.021 
7.250 6.310 0.355 0.425 0.630 0.774 0.935 1.116 1.321 1.563 1.779 1.865 1.925 1.962 2.065 2.186 2.314 2.446 2.510 2.517 2.524 2.552 2.569 2.545 2.443 2.296 2.072 1.019 
7.250 7.940 0.354 0.423 0.629 0.773 0.934 1.114 1.319 1.561 1.776 1.862 1.921 1.958 2.061 2.181 2.309 2.441 2.505 2.512 2.519 2.547 2.564 2.540 2.438 2.291 2.067 1.017 
7.250 10.000 0.353 0.421 0.627 0.771 0.931 1.111 1.316 1.557 1.773 1.857 1.916 1.952 2.055 2.175 2.302 2.434 2.498 2.505 2.512 2.540 2.557 2.532 2.431 2.284 2.060 1.013 
7.250 12.590 0.350 0.418 0.623 0.767 0.928 1.107 1.312 1.552 1.767 1.851 1.909 1.945 2.047 2.166 2.293 2.425 2.489 2.496 2.502 2.530 2.547 2.523 2.421 2.274 2.051 1.008 
7.250 15.850 0.346 0.412 0.618 0.762 0.922 1.101 1.305 1.545 1.759 1.842 1.900 1.934 2.036 2.154 2.281 2.412 2.476 2.483 2.489 2.517 2.534 2.509 2.408 2.261 2.039 1.000 
7.250 19.950 0.339 0.404 0.610 0.754 0.914 1.092 1.296 1.534 1.747 1.830 1.886 1.920 2.020 2.138 2.264 2.395 2.458 2.465 2.472 2.500 2.516 2.491 2.389 2.244 2.022 0.989 
7.250 25.120 0.328 0.392 0.598 0.741 0.902 1.079 1.281 1.519 1.730 1.811 1.867 1.899 1.998 2.115 2.241 2.371 2.434 2.441 2.447 2.475 2.491 2.466 2.365 2.219 1.998 0.973 
7.250 31.620 0.311 0.374 0.580 0.723 0.883 1.059 1.261 1.497 1.707 1.786 1.840 1.871 1.968 2.084 2.209 2.338 2.401 2.407 2.414 2.442 2.458 2.432 2.330 2.186 1.966 0.951 
7.250 39.810 0.286 0.348 0.554 0.697 0.857 1.031 1.231 1.466 1.674 1.751 1.803 1.832 1.927 2.042 2.166 2.294 2.356 2.362 2.369 2.396 2.412 2.386 2.285 2.140 1.922 0.919 
7.250 50.120 0.252 0.312 0.518 0.662 0.820 0.993 1.192 1.424 1.629 1.704 1.754 1.780 1.873 1.985 2.108 2.235 2.297 2.303 2.309 2.336 2.352 2.325 2.224 2.080 1.864 0.876 
7.250 63.100 0.207 0.265 0.471 0.615 0.773 0.943 1.140 1.370 1.571 1.642 1.690 1.713 1.802 1.913 2.033 2.159 2.220 2.226 2.231 2.259 2.274 2.246 2.145 2.003 1.788 0.820 
7.250 79.430 0.150 0.207 0.413 0.557 0.714 0.882 1.075 1.302 1.499 1.566 1.610 1.629 1.714 1.822 1.940 2.065 2.124 2.129 2.135 2.163 2.176 2.148 2.047 1.906 1.694 0.751 
7.250 100.000 0.083 0.138 0.344 0.488 0.644 0.808 0.999 1.221 1.412 1.474 1.514 1.527 1.608 1.712 1.828 1.950 2.008 2.013 2.018 2.046 2.058 2.029 1.928 1.789 1.581 0.667 
7.250 125.890 0.007 0.061 0.266 0.410 0.565 0.724 0.911 1.128 1.313 1.367 1.402 1.409 1.483 1.583 1.695 1.814 1.870 1.875 1.879 1.907 1.918 1.888 1.787 1.650 1.446 0.572 
7.250 158.490 -0.076 -0.024 0.182 0.326 0.479 0.632 0.813 1.025 1.200 1.246 1.274 1.273 1.338 1.433 1.541 1.657 1.710 1.714 1.718 1.746 1.755 1.724 1.623 1.488 1.290 0.464 
7.250 199.530 -0.164 -0.114 0.092 0.236 0.387 0.533 0.708 0.911 1.075 1.111 1.130 1.118 1.174 1.261 1.364 1.475 1.526 1.529 1.532 1.560 1.567 1.533 1.433 1.302 1.111 0.346 
7.250 251.190 -0.255 -0.207 -0.001 0.143 0.291 0.428 0.594 0.787 0.937 0.959 0.968 0.943 0.986 1.064 1.161 1.266 1.313 1.315 1.317 1.345 1.350 1.313 1.214 1.087 0.904 0.216 
7.250 316.230 -0.349 -0.302 -0.097 0.047 0.193 0.317 0.473 0.653 0.786 0.791 0.785 0.745 0.771 0.839 0.926 1.025 1.067 1.068 1.069 1.097 1.098 1.058 0.960 0.838 0.666 0.075 
7.250 398.110 -0.444 -0.400 -0.194 -0.050 0.091 0.201 0.344 0.507 0.618 0.602 0.579 0.518 0.524 0.578 0.655 0.744 0.781 0.780 0.779 0.807 0.805 0.761 0.663 0.547 0.390 -0.079 
7.250 501.190 -0.540 -0.498 -0.292 -0.148 -0.012 0.079 0.206 0.348 0.431 0.388 0.344 0.257 0.237 0.273 0.337 0.415 0.445 0.442 0.439 0.466 0.459 0.410 0.313 0.206 0.066 -0.250 
7.250 630.960 -0.637 -0.597 -0.391 -0.247 -0.117 -0.049 0.056 0.173 0.221 0.144 0.073 -0.047 -0.099 -0.085 -0.038 0.025 0.046 0.040 0.035 0.063 0.049 -0.007 -0.102 -0.199 -0.317 -0.439 
7.250 794.330 -0.735 -0.696 -0.490 -0.347 -0.225 -0.186 -0.107 -0.023 -0.019 -0.138 -0.244 -0.404 -0.497 -0.511 -0.485 -0.440 -0.431 -0.440 -0.448 -0.421 -0.443 -0.506 -0.600 -0.684 -0.774 -0.653 
7.250 1000.000 -0.832 -0.796 -0.590 -0.446 -0.335 -0.333 -0.286 -0.244 -0.296 -0.468 -0.617 -0.829 -0.973 -1.022 -1.023 -1.000 -1.005 -1.018 -1.031 -1.003 -1.036 -1.110 -1.202 -1.269 -1.324 -0.897 
7.500 1.000 0.472 0.543 0.736 0.872 1.025 1.203 1.406 1.644 1.857 1.942 1.999 2.036 2.141 2.259 2.386 2.514 2.574 2.578 2.583 2.608 2.624 2.602 2.501 2.355 2.134 1.095 
7.500 1.260 0.472 0.543 0.736 0.872 1.025 1.203 1.406 1.644 1.857 1.941 1.999 2.036 2.140 2.259 2.385 2.513 2.574 2.577 2.582 2.607 2.624 2.601 2.500 2.354 2.133 1.095 
7.500 1.580 0.472 0.543 0.736 0.872 1.025 1.203 1.405 1.643 1.857 1.941 1.998 2.035 2.139 2.258 2.384 2.513 2.573 2.576 2.582 2.607 2.623 2.600 2.499 2.354 2.132 1.095 
7.500 2.000 0.472 0.543 0.735 0.872 1.025 1.203 1.405 1.643 1.856 1.940 1.998 2.035 2.139 2.257 2.383 2.512 2.572 2.575 2.581 2.606 2.622 2.599 2.498 2.352 2.131 1.094 
7.500 2.510 0.472 0.543 0.735 0.872 1.025 1.203 1.405 1.643 1.856 1.940 1.997 2.034 2.137 2.256 2.382 2.510 2.570 2.574 2.579 2.604 2.620 2.598 2.497 2.351 2.130 1.094 
7.500 3.160 0.472 0.542 0.735 0.872 1.025 1.202 1.404 1.642 1.855 1.939 1.996 2.032 2.136 2.255 2.381 2.509 2.569 2.572 2.577 2.602 2.619 2.596 2.495 2.349 2.128 1.093 
7.500 3.980 0.472 0.542 0.735 0.871 1.024 1.202 1.404 1.641 1.854 1.937 1.994 2.031 2.134 2.253 2.378 2.506 2.566 2.570 2.575 2.600 2.616 2.594 2.493 2.347 2.126 1.092 
7.500 5.010 0.472 0.542 0.734 0.871 1.024 1.201 1.403 1.640 1.853 1.936 1.992 2.029 2.132 2.250 2.376 2.504 2.563 2.567 2.572 2.597 2.613 2.591 2.490 2.344 2.123 1.091 
7.500 6.310 0.472 0.541 0.733 0.870 1.023 1.200 1.401 1.638 1.851 1.933 1.990 2.026 2.129 2.247 2.372 2.500 2.560 2.563 2.568 2.593 2.609 2.587 2.486 2.340 2.120 1.089 
7.500 7.940 0.471 0.539 0.732 0.869 1.021 1.198 1.399 1.636 1.848 1.930 1.986 2.022 2.124 2.242 2.367 2.495 2.554 2.558 2.563 2.588 2.604 2.581 2.480 2.335 2.115 1.087 
7.500 10.000 0.469 0.537 0.730 0.866 1.019 1.195 1.396 1.633 1.844 1.926 1.981 2.016 2.118 2.236 2.361 2.488 2.547 2.551 2.556 2.581 2.597 2.574 2.473 2.328 2.108 1.083 
7.500 12.590 0.467 0.534 0.726 0.863 1.015 1.191 1.392 1.628 1.838 1.919 1.974 2.009 2.110 2.227 2.352 2.479 2.538 2.542 2.547 2.572 2.587 2.564 2.463 2.318 2.099 1.078 
7.500 15.850 0.462 0.528 0.721 0.858 1.010 1.185 1.385 1.620 1.830 1.910 1.965 1.998 2.099 2.215 2.339 2.466 2.525 2.529 2.534 2.559 2.574 2.551 2.450 2.305 2.087 1.070 
7.500 19.950 0.455 0.520 0.713 0.850 1.002 1.176 1.376 1.610 1.818 1.898 1.951 1.984 2.083 2.199 2.323 2.449 2.508 2.511 2.516 2.541 2.556 2.533 2.432 2.288 2.070 1.059 
7.500 25.120 0.444 0.508 0.701 0.837 0.989 1.163 1.361 1.594 1.802 1.880 1.932 1.963 2.061 2.176 2.299 2.425 2.483 2.487 2.491 2.516 2.531 2.508 2.407 2.263 2.046 1.043 
7.500 31.620 0.427 0.490 0.682 0.819 0.971 1.143 1.341 1.572 1.778 1.854 1.905 1.935 2.031 2.145 2.267 2.392 2.450 2.453 2.458 2.483 2.498 2.474 2.373 2.230 2.014 1.021 
7.500 39.810 0.402 0.464 0.656 0.793 0.944 1.115 1.311 1.542 1.745 1.819 1.868 1.896 1.990 2.103 2.224 2.348 2.405 2.408 2.413 2.438 2.452 2.428 2.327 2.184 1.970 0.989 
7.500 50.120 0.368 0.428 0.621 0.757 0.908 1.077 1.272 1.500 1.700 1.772 1.819 1.844 1.936 2.046 2.166 2.289 2.346 2.349 2.353 2.378 2.392 2.367 2.266 2.124 1.911 0.946 
7.500 63.100 0.323 0.381 0.574 0.711 0.860 1.028 1.220 1.445 1.642 1.711 1.755 1.777 1.865 1.974 2.092 2.213 2.269 2.272 2.275 2.300 2.314 2.288 2.188 2.047 1.836 0.890 
7.500 79.430 0.266 0.323 0.516 0.652 0.801 0.966 1.155 1.378 1.570 1.634 1.675 1.693 1.777 1.883 1.999 2.119 2.173 2.175 2.179 2.204 2.216 2.190 2.090 1.950 1.742 0.820 
7.500 100.000 0.199 0.254 0.447 0.584 0.732 0.892 1.079 1.297 1.484 1.542 1.579 1.591 1.671 1.773 1.886 2.004 2.057 2.059 2.062 2.087 2.098 2.071 1.971 1.833 1.628 0.737 
7.500 125.890 0.123 0.177 0.369 0.506 0.653 0.808 0.991 1.204 1.384 1.436 1.467 1.473 1.546 1.643 1.753 1.868 1.919 1.921 1.923 1.948 1.958 1.930 1.830 1.694 1.494 0.641 
7.500 158.490 0.040 0.092 0.285 0.421 0.566 0.716 0.893 1.100 1.271 1.314 1.339 1.337 1.401 1.494 1.599 1.710 1.759 1.760 1.762 1.787 1.796 1.765 1.666 1.532 1.338 0.534 
7.500 199.530 -0.048 0.002 0.195 0.332 0.475 0.617 0.788 0.986 1.146 1.179 1.195 1.182 1.237 1.322 1.422 1.529 1.575 1.575 1.576 1.601 1.607 1.575 1.476 1.346 1.158 0.416 
7.500 251.190 -0.139 -0.091 0.102 0.238 0.379 0.512 0.674 0.862 1.008 1.028 1.033 1.007 1.049 1.125 1.219 1.320 1.362 1.361 1.361 1.386 1.390 1.355 1.257 1.131 0.952 0.286 
7.500 316.230 -0.233 -0.186 0.006 0.143 0.280 0.401 0.553 0.728 0.857 0.859 0.850 0.809 0.834 0.900 0.985 1.078 1.117 1.114 1.113 1.138 1.138 1.100 1.002 0.882 0.714 0.145 
7.500 398.110 -0.328 -0.284 -0.091 0.046 0.179 0.285 0.424 0.583 0.689 0.670 0.644 0.582 0.587 0.639 0.713 0.798 0.830 0.826 0.823 0.848 0.845 0.802 0.705 0.591 0.437 -0.009 
7.500 501.190 -0.424 -0.382 -0.189 -0.053 0.075 0.164 0.286 0.424 0.502 0.457 0.409 0.321 0.300 0.334 0.395 0.469 0.494 0.488 0.483 0.508 0.499 0.452 0.356 0.250 0.113 -0.180 
7.500 630.960 -0.521 -0.481 -0.288 -0.151 -0.030 0.035 0.136 0.248 0.292 0.212 0.138 0.017 -0.036 -0.024 0.020 0.079 0.095 0.086 0.079 0.104 0.089 0.035 -0.060 -0.155 -0.270 -0.370 
7.500 794.330 -0.619 -0.580 -0.387 -0.251 -0.137 -0.102 -0.027 0.053 0.052 -0.070 -0.179 -0.340 -0.434 -0.450 -0.427 -0.386 -0.381 -0.394 -0.404 -0.379 -0.403 -0.465 -0.558 -0.640 -0.727 -0.583 
7.500 1000.000 -0.716 -0.680 -0.487 -0.350 -0.247 -0.249 -0.206 -0.168 -0.224 -0.400 -0.552 -0.765 -0.910 -0.961 -0.965 -0.946 -0.956 -0.972 -0.987 -0.962 -0.996 -1.068 -1.159 -1.225 -1.277 -0.827 
7.750 1.000 0.589 0.659 0.839 0.968 1.113 1.287 1.486 1.719 1.929 2.010 2.064 2.100 2.204 2.320 2.444 2.568 2.623 2.624 2.627 2.649 2.664 2.644 2.543 2.399 2.181 1.165 
7.750 1.260 0.589 0.659 0.839 0.968 1.113 1.287 1.485 1.719 1.928 2.010 2.064 2.100 2.203 2.320 2.443 2.567 2.623 2.623 2.626 2.649 2.664 2.643 2.543 2.398 2.181 1.165 
7.750 1.580 0.589 0.659 0.839 0.968 1.113 1.287 1.485 1.719 1.928 2.009 2.063 2.099 2.202 2.319 2.443 2.566 2.622 2.622 2.626 2.648 2.663 2.642 2.542 2.397 2.180 1.165 
7.750 2.000 0.589 0.659 0.838 0.968 1.112 1.287 1.485 1.718 1.928 2.009 2.063 2.099 2.202 2.318 2.442 2.565 2.621 2.621 2.625 2.647 2.662 2.641 2.541 2.396 2.179 1.164 
7.750 2.510 0.589 0.659 0.838 0.968 1.112 1.287 1.485 1.718 1.927 2.008 2.062 2.098 2.201 2.317 2.440 2.564 2.620 2.620 2.623 2.645 2.661 2.640 2.539 2.395 2.178 1.164 
7.750 3.160 0.589 0.659 0.838 0.968 1.112 1.286 1.484 1.717 1.926 2.007 2.061 2.096 2.199 2.315 2.439 2.562 2.618 2.618 2.622 2.644 2.659 2.638 2.538 2.393 2.176 1.163 
7.750 3.980 0.589 0.658 0.838 0.967 1.112 1.286 1.484 1.716 1.925 2.006 2.059 2.095 2.197 2.313 2.437 2.560 2.616 2.616 2.619 2.641 2.656 2.636 2.535 2.391 2.174 1.162 
7.750 5.010 0.589 0.658 0.837 0.967 1.111 1.285 1.483 1.715 1.924 2.004 2.057 2.093 2.195 2.311 2.434 2.557 2.613 2.613 2.616 2.638 2.653 2.632 2.532 2.388 2.171 1.161 
7.750 6.310 0.589 0.657 0.836 0.966 1.110 1.284 1.481 1.714 1.922 2.002 2.055 2.090 2.192 2.307 2.430 2.554 2.609 2.609 2.612 2.634 2.649 2.628 2.528 2.384 2.167 1.159 
7.750 7.940 0.588 0.655 0.835 0.964 1.109 1.282 1.479 1.711 1.919 1.998 2.051 2.086 2.187 2.303 2.425 2.549 2.604 2.604 2.607 2.629 2.644 2.623 2.523 2.379 2.163 1.156 
7.750 10.000 0.586 0.653 0.833 0.962 1.106 1.280 1.476 1.708 1.915 1.994 2.046 2.080 2.181 2.296 2.419 2.542 2.597 2.597 2.600 2.622 2.637 2.616 2.516 2.372 2.156 1.153 
7.750 12.590 0.583 0.650 0.829 0.959 1.103 1.276 1.472 1.703 1.909 1.988 2.039 2.073 2.173 2.288 2.410 2.533 2.587 2.588 2.591 2.613 2.627 2.606 2.506 2.362 2.147 1.148 
7.750 15.850 0.579 0.644 0.824 0.954 1.097 1.269 1.465 1.696 1.901 1.979 2.030 2.062 2.162 2.276 2.398 2.520 2.575 2.575 2.578 2.600 2.614 2.593 2.493 2.349 2.134 1.140 
7.750 19.950 0.572 0.636 0.816 0.945 1.089 1.260 1.456 1.685 1.890 1.966 2.016 2.048 2.146 2.260 2.381 2.503 2.557 2.557 2.560 2.582 2.596 2.575 2.474 2.332 2.117 1.129 
7.750 25.120 0.560 0.624 0.804 0.933 1.076 1.247 1.441 1.670 1.873 1.948 1.997 2.027 2.124 2.237 2.358 2.479 2.533 2.533 2.535 2.558 2.572 2.550 2.450 2.307 2.094 1.113 
7.750 31.620 0.543 0.606 0.785 0.915 1.058 1.227 1.421 1.648 1.849 1.923 1.970 1.999 2.094 2.206 2.326 2.446 2.500 2.499 2.502 2.524 2.538 2.516 2.415 2.274 2.061 1.090 
7.750 39.810 0.519 0.580 0.759 0.889 1.032 1.199 1.391 1.617 1.816 1.887 1.933 1.960 2.053 2.164 2.282 2.402 2.455 2.454 2.457 2.479 2.492 2.469 2.370 2.228 2.017 1.059 
7.750 50.120 0.484 0.544 0.724 0.853 0.995 1.161 1.352 1.575 1.772 1.840 1.884 1.908 1.999 2.107 2.224 2.343 2.395 2.395 2.397 2.419 2.432 2.409 2.309 2.168 1.959 1.016 
7.750 63.100 0.439 0.497 0.677 0.807 0.948 1.112 1.300 1.521 1.714 1.779 1.820 1.841 1.928 2.034 2.150 2.267 2.318 2.318 2.320 2.342 2.354 2.330 2.230 2.091 1.884 0.960 
7.750 79.430 0.382 0.439 0.619 0.748 0.889 1.050 1.235 1.453 1.641 1.702 1.740 1.757 1.840 1.944 2.057 2.172 2.222 2.221 2.223 2.245 2.256 2.232 2.132 1.994 1.790 0.890 
7.750 100.000 0.315 0.370 0.550 0.680 0.819 0.976 1.158 1.372 1.555 1.611 1.644 1.655 1.734 1.834 1.944 2.058 2.106 2.105 2.106 2.128 2.138 2.113 2.013 1.877 1.676 0.807 
7.750 125.890 0.239 0.293 0.472 0.602 0.740 0.892 1.071 1.279 1.455 1.504 1.532 1.537 1.609 1.704 1.812 1.922 1.969 1.967 1.967 1.990 1.998 1.971 1.872 1.738 1.542 0.711 
7.750 158.490 0.156 0.208 0.388 0.517 0.654 0.800 0.973 1.175 1.342 1.383 1.404 1.401 1.465 1.554 1.658 1.764 1.809 1.806 1.806 1.828 1.836 1.807 1.708 1.576 1.386 0.604 
7.750 199.530 0.069 0.118 0.298 0.428 0.562 0.701 0.868 1.061 1.217 1.247 1.260 1.246 1.300 1.383 1.480 1.583 1.624 1.621 1.620 1.642 1.647 1.617 1.518 1.390 1.206 0.485 
7.750 251.190 -0.023 0.025 0.205 0.334 0.466 0.596 0.754 0.938 1.080 1.096 1.098 1.071 1.112 1.186 1.277 1.374 1.412 1.407 1.405 1.428 1.430 1.397 1.299 1.175 1.000 0.356 
7.750 316.230 -0.117 -0.070 0.109 0.239 0.367 0.485 0.633 0.804 0.928 0.927 0.915 0.873 0.897 0.960 1.043 1.132 1.166 1.160 1.157 1.179 1.178 1.142 1.045 0.926 0.762 0.215 
7.750 398.110 -0.212 -0.168 0.012 0.142 0.266 0.369 0.504 0.658 0.761 0.739 0.709 0.646 0.650 0.699 0.771 0.852 0.879 0.872 0.867 0.889 0.885 0.844 0.748 0.635 0.485 0.060 
7.750 501.190 -0.308 -0.266 -0.086 0.043 0.163 0.248 0.366 0.499 0.574 0.525 0.474 0.385 0.363 0.395 0.454 0.523 0.543 0.534 0.527 0.549 0.539 0.493 0.398 0.294 0.161 -0.110 
7.750 630.960 -0.405 -0.365 -0.185 -0.056 0.057 0.119 0.216 0.324 0.363 0.281 0.203 0.081 0.027 0.037 0.078 0.133 0.144 0.132 0.123 0.145 0.129 0.077 -0.017 -0.111 -0.222 -0.300 
7.750 794.330 -0.503 -0.464 -0.284 -0.155 -0.050 -0.018 0.053 0.128 0.123 -0.002 -0.114 -0.276 -0.371 -0.389 -0.369 -0.332 -0.332 -0.348 -0.360 -0.338 -0.363 -0.423 -0.515 -0.596 -0.679 -0.513 
7.750 1000.000 -0.600 -0.564 -0.384 -0.254 -0.160 -0.165 -0.127 -0.093 -0.153 -0.331 -0.487 -0.701 -0.847 -0.900 -0.907 -0.892 -0.907 -0.926 -0.943 -0.921 -0.956 -1.026 -1.117 -1.181 -1.229 -0.757 
8.000 1.000 0.706 0.775 0.942 1.064 1.200 1.371 1.566 1.794 2.000 2.078 2.129 2.164 2.267 2.381 2.502 2.622 2.673 2.670 2.671 2.691 2.705 2.685 2.586 2.443 2.229 1.235 
8.000 1.260 0.706 0.775 0.942 1.064 1.200 1.371 1.565 1.794 2.000 2.078 2.129 2.164 2.266 2.381 2.502 2.621 2.672 2.669 2.671 2.690 2.704 2.685 2.585 2.442 2.229 1.235 
8.000 1.580 0.706 0.775 0.942 1.064 1.200 1.371 1.565 1.794 1.999 2.077 2.128 2.163 2.266 2.380 2.501 2.620 2.671 2.668 2.670 2.689 2.703 2.684 2.584 2.441 2.228 1.234 
8.000 2.000 0.706 0.775 0.941 1.064 1.200 1.371 1.565 1.794 1.999 2.077 2.128 2.163 2.265 2.379 2.500 2.619 2.670 2.667 2.669 2.688 2.702 2.683 2.583 2.440 2.227 1.234 
8.000 2.510 0.706 0.775 0.941 1.064 1.200 1.371 1.565 1.793 1.998 2.076 2.127 2.162 2.264 2.378 2.499 2.618 2.669 2.666 2.667 2.687 2.701 2.681 2.582 2.439 2.226 1.234 
8.000 3.160 0.706 0.775 0.941 1.064 1.199 1.370 1.564 1.793 1.998 2.075 2.126 2.160 2.262 2.376 2.497 2.616 2.667 2.664 2.666 2.685 2.699 2.680 2.580 2.437 2.224 1.233 
8.000 3.980 0.706 0.774 0.941 1.063 1.199 1.370 1.563 1.792 1.997 2.074 2.124 2.159 2.260 2.374 2.495 2.614 2.665 2.662 2.663 2.683 2.697 2.677 2.578 2.435 2.222 1.232 
8.000 5.010 0.706 0.774 0.940 1.063 1.198 1.369 1.563 1.791 1.995 2.072 2.122 2.157 2.258 2.372 2.492 2.611 2.662 2.659 2.660 2.680 2.693 2.674 2.575 2.432 2.219 1.231 
8.000 6.310 0.705 0.773 0.939 1.062 1.197 1.368 1.561 1.789 1.993 2.070 2.120 2.154 2.255 2.368 2.489 2.607 2.658 2.655 2.656 2.676 2.690 2.670 2.571 2.428 2.215 1.229 
8.000 7.940 0.704 0.771 0.938 1.060 1.196 1.366 1.559 1.787 1.990 2.067 2.116 2.150 2.250 2.364 2.484 2.602 2.653 2.650 2.651 2.671 2.684 2.665 2.565 2.423 2.210 1.226 
8.000 10.000 0.703 0.769 0.936 1.058 1.194 1.364 1.556 1.783 1.986 2.062 2.111 2.144 2.244 2.357 2.477 2.596 2.646 2.643 2.644 2.664 2.677 2.658 2.558 2.416 2.204 1.223 
8.000 12.590 0.700 0.766 0.932 1.055 1.190 1.360 1.552 1.778 1.981 2.056 2.104 2.137 2.236 2.349 2.468 2.586 2.637 2.634 2.635 2.654 2.667 2.648 2.548 2.406 2.194 1.217 
8.000 15.850 0.695 0.760 0.927 1.049 1.185 1.353 1.545 1.771 1.973 2.047 2.095 2.126 2.225 2.337 2.456 2.574 2.624 2.621 2.622 2.641 2.654 2.634 2.535 2.393 2.182 1.210 
8.000 19.950 0.688 0.752 0.919 1.041 1.176 1.344 1.535 1.761 1.961 2.034 2.081 2.112 2.209 2.321 2.439 2.557 2.606 2.603 2.604 2.623 2.636 2.616 2.517 2.375 2.165 1.199 
8.000 25.120 0.677 0.740 0.907 1.029 1.164 1.331 1.521 1.745 1.944 2.016 2.062 2.091 2.188 2.298 2.416 2.533 2.582 2.579 2.580 2.599 2.612 2.591 2.492 2.351 2.141 1.183 
8.000 31.620 0.660 0.722 0.888 1.011 1.145 1.311 1.500 1.723 1.920 1.991 2.035 2.063 2.157 2.267 2.384 2.500 2.549 2.545 2.546 2.565 2.578 2.557 2.458 2.318 2.109 1.160 
8.000 39.810 0.635 0.696 0.862 0.985 1.119 1.283 1.471 1.692 1.887 1.956 1.998 2.024 2.116 2.224 2.340 2.456 2.504 2.500 2.501 2.520 2.532 2.511 2.412 2.272 2.065 1.129 
8.000 50.120 0.601 0.660 0.827 0.949 1.083 1.245 1.432 1.651 1.843 1.908 1.949 1.972 2.062 2.168 2.283 2.397 2.444 2.441 2.441 2.460 2.472 2.450 2.351 2.212 2.007 1.086 
8.000 63.100 0.555 0.613 0.780 0.902 1.035 1.196 1.380 1.596 1.785 1.847 1.885 1.905 1.991 2.095 2.208 2.321 2.368 2.364 2.364 2.383 2.394 2.372 2.273 2.135 1.931 1.030 
8.000 79.430 0.499 0.555 0.722 0.844 0.976 1.134 1.315 1.528 1.713 1.771 1.805 1.821 1.903 2.005 2.115 2.226 2.272 2.267 2.267 2.286 2.297 2.273 2.175 2.038 1.838 0.960 
8.000 100.000 0.432 0.487 0.653 0.775 0.907 1.060 1.238 1.448 1.626 1.679 1.709 1.719 1.797 1.895 2.003 2.111 2.155 2.151 2.150 2.169 2.178 2.154 2.056 1.921 1.724 0.877 
8.000 125.890 0.356 0.409 0.575 0.698 0.828 0.977 1.151 1.355 1.526 1.572 1.597 1.601 1.672 1.765 1.870 1.976 2.018 2.013 2.011 2.031 2.039 2.013 1.915 1.782 1.589 0.781 
8.000 158.490 0.273 0.324 0.491 0.613 0.741 0.884 1.053 1.251 1.414 1.451 1.469 1.465 1.528 1.615 1.716 1.818 1.858 1.852 1.850 1.870 1.876 1.849 1.751 1.620 1.433 0.674 
8.000 199.530 0.185 0.234 0.401 0.523 0.650 0.785 0.948 1.137 1.289 1.315 1.324 1.310 1.363 1.444 1.539 1.636 1.673 1.667 1.664 1.683 1.688 1.658 1.561 1.434 1.254 0.555 
8.000 251.190 0.093 0.141 0.308 0.430 0.554 0.680 0.834 1.013 1.151 1.164 1.163 1.135 1.175 1.247 1.335 1.427 1.461 1.453 1.449 1.469 1.470 1.439 1.342 1.219 1.047 0.426 
8.000 316.230 -0.001 0.046 0.212 0.335 0.455 0.570 0.713 0.879 0.999 0.996 0.980 0.937 0.960 1.021 1.101 1.186 1.215 1.206 1.201 1.220 1.219 1.184 1.087 0.970 0.809 0.285 
8.000 398.110 -0.096 -0.052 0.115 0.237 0.354 0.453 0.584 0.734 0.832 0.807 0.774 0.710 0.713 0.760 0.830 0.906 0.929 0.918 0.911 0.931 0.925 0.886 0.790 0.679 0.533 0.130 
8.000 501.190 -0.192 -0.150 0.017 0.139 0.250 0.332 0.446 0.574 0.645 0.593 0.539 0.449 0.426 0.456 0.512 0.576 0.592 0.580 0.571 0.590 0.579 0.535 0.441 0.338 0.209 -0.040 
8.000 630.960 -0.289 -0.249 -0.082 0.040 0.145 0.203 0.296 0.399 0.434 0.349 0.268 0.145 0.090 0.098 0.137 0.187 0.194 0.178 0.167 0.186 0.169 0.118 0.025 -0.068 -0.174 -0.230 
8.000 794.330 -0.387 -0.348 -0.181 -0.059 0.037 0.066 0.133 0.203 0.195 0.067 -0.049 -0.212 -0.308 -0.328 -0.311 -0.278 -0.283 -0.302 -0.316 -0.297 -0.322 -0.381 -0.473 -0.552 -0.631 -0.443 
8.000 1000.000 -0.484 -0.447 -0.281 -0.159 -0.072 -0.081 -0.047 -0.018 -0.082 -0.263 -0.422 -0.637 -0.784 -0.839 -0.848 -0.839 -0.858 -0.880 -0.899 -0.880 -0.916 -0.985 -1.074 -1.137 -1.181 -0.687 
8.250 1.000 0.823 0.891 1.045 1.160 1.287 1.456 1.645 1.870 2.071 2.146 2.194 2.228 2.330 2.442 2.560 2.676 2.722 2.716 2.715 2.732 2.745 2.727 2.628 2.487 2.277 1.305 
8.250 1.260 0.823 0.891 1.045 1.160 1.287 1.455 1.645 1.870 2.071 2.146 2.194 2.228 2.329 2.442 2.560 2.675 2.721 2.715 2.715 2.731 2.744 2.726 2.628 2.486 2.276 1.305 
8.250 1.580 0.823 0.891 1.044 1.160 1.287 1.455 1.645 1.869 2.071 2.146 2.193 2.227 2.329 2.441 2.559 2.674 2.720 2.714 2.714 2.730 2.743 2.726 2.627 2.485 2.275 1.304 
8.250 2.000 0.823 0.891 1.044 1.160 1.287 1.455 1.645 1.869 2.070 2.145 2.193 2.227 2.328 2.440 2.558 2.673 2.719 2.713 2.713 2.729 2.742 2.725 2.626 2.484 2.274 1.304 
8.250 2.510 0.823 0.891 1.044 1.160 1.287 1.455 1.645 1.869 2.070 2.144 2.192 2.226 2.327 2.439 2.557 2.672 2.718 2.712 2.711 2.728 2.741 2.723 2.624 2.483 2.273 1.303 
8.250 3.160 0.823 0.891 1.044 1.159 1.287 1.454 1.644 1.868 2.069 2.144 2.191 2.224 2.325 2.437 2.555 2.670 2.716 2.710 2.710 2.726 2.739 2.721 2.623 2.481 2.272 1.303 
8.250 3.980 0.823 0.890 1.044 1.159 1.286 1.454 1.643 1.867 2.068 2.142 2.189 2.223 2.323 2.435 2.553 2.668 2.714 2.708 2.707 2.724 2.737 2.719 2.620 2.479 2.269 1.302 
8.250 5.010 0.822 0.890 1.043 1.158 1.286 1.453 1.642 1.866 2.066 2.141 2.187 2.221 2.321 2.433 2.550 2.665 2.711 2.705 2.704 2.721 2.734 2.716 2.617 2.476 2.267 1.301 
8.250 6.310 0.822 0.889 1.042 1.158 1.285 1.452 1.641 1.864 2.064 2.138 2.185 2.218 2.318 2.429 2.547 2.661 2.707 2.701 2.700 2.717 2.730 2.712 2.613 2.472 2.263 1.299 
8.250 7.940 0.821 0.887 1.041 1.156 1.283 1.450 1.639 1.862 2.062 2.135 2.181 2.214 2.313 2.424 2.542 2.656 2.702 2.696 2.695 2.712 2.724 2.706 2.608 2.467 2.258 1.296 
8.250 10.000 0.819 0.885 1.039 1.154 1.281 1.448 1.636 1.859 2.058 2.130 2.176 2.208 2.307 2.418 2.535 2.650 2.695 2.689 2.688 2.705 2.717 2.699 2.601 2.460 2.251 1.293 
8.250 12.590 0.817 0.882 1.035 1.151 1.278 1.444 1.632 1.854 2.052 2.124 2.169 2.201 2.299 2.410 2.526 2.640 2.686 2.680 2.679 2.695 2.708 2.689 2.591 2.450 2.242 1.287 
8.250 15.850 0.812 0.877 1.030 1.145 1.272 1.438 1.625 1.846 2.044 2.115 2.160 2.190 2.288 2.398 2.514 2.628 2.673 2.667 2.666 2.682 2.694 2.676 2.578 2.437 2.230 1.280 
8.250 19.950 0.805 0.868 1.022 1.137 1.264 1.428 1.615 1.836 2.032 2.103 2.146 2.176 2.272 2.381 2.497 2.610 2.655 2.649 2.648 2.665 2.676 2.658 2.559 2.419 2.213 1.269 
8.250 25.120 0.793 0.856 1.010 1.125 1.251 1.415 1.601 1.821 2.016 2.084 2.127 2.155 2.251 2.359 2.474 2.587 2.631 2.625 2.624 2.640 2.652 2.633 2.535 2.395 2.189 1.253 
8.250 31.620 0.776 0.838 0.991 1.107 1.233 1.395 1.580 1.799 1.992 2.059 2.100 2.127 2.221 2.328 2.442 2.554 2.598 2.591 2.590 2.607 2.618 2.599 2.500 2.361 2.157 1.230 
8.250 39.810 0.751 0.812 0.965 1.081 1.206 1.367 1.551 1.768 1.959 2.024 2.063 2.088 2.180 2.285 2.399 2.509 2.553 2.546 2.545 2.561 2.572 2.553 2.455 2.316 2.113 1.198 
8.250 50.120 0.717 0.776 0.930 1.045 1.170 1.329 1.511 1.726 1.914 1.977 2.014 2.036 2.125 2.229 2.341 2.451 2.494 2.487 2.485 2.501 2.512 2.492 2.394 2.256 2.054 1.156 
8.250 63.100 0.672 0.729 0.883 0.998 1.123 1.280 1.460 1.672 1.856 1.915 1.950 1.969 2.054 2.156 2.267 2.375 2.417 2.409 2.408 2.424 2.434 2.413 2.315 2.179 1.979 1.100 
8.250 79.430 0.615 0.671 0.825 0.940 1.064 1.218 1.395 1.604 1.784 1.839 1.870 1.885 1.966 2.065 2.174 2.280 2.321 2.313 2.311 2.328 2.337 2.315 2.217 2.082 1.885 1.030 
8.250 100.000 0.548 0.603 0.756 0.871 0.994 1.144 1.318 1.523 1.698 1.747 1.774 1.783 1.860 1.956 2.061 2.165 2.205 2.197 2.194 2.211 2.219 2.196 2.098 1.965 1.771 0.947 
8.250 125.890 0.472 0.525 0.678 0.794 0.915 1.061 1.231 1.430 1.598 1.640 1.662 1.665 1.735 1.826 1.928 2.030 2.067 2.059 2.056 2.072 2.079 2.055 1.957 1.826 1.637 0.851 
8.250 158.490 0.389 0.440 0.594 0.709 0.829 0.968 1.133 1.326 1.485 1.519 1.534 1.529 1.591 1.676 1.774 1.872 1.907 1.898 1.894 1.911 1.916 1.890 1.793 1.664 1.481 0.744 
8.250 199.530 0.301 0.351 0.504 0.619 0.737 0.869 1.027 1.212 1.360 1.384 1.389 1.374 1.426 1.504 1.597 1.690 1.723 1.713 1.708 1.725 1.728 1.700 1.603 1.478 1.301 0.625 
8.250 251.190 0.209 0.257 0.411 0.526 0.641 0.764 0.914 1.088 1.222 1.232 1.228 1.199 1.238 1.308 1.394 1.481 1.510 1.499 1.493 1.510 1.510 1.480 1.384 1.263 1.095 0.496 
8.250 316.230 0.116 0.162 0.315 0.430 0.542 0.654 0.793 0.954 1.071 1.064 1.045 1.001 1.023 1.082 1.160 1.240 1.264 1.252 1.245 1.262 1.259 1.225 1.130 1.014 0.857 0.355 
8.250 398.110 0.020 0.064 0.218 0.333 0.441 0.538 0.664 0.809 0.903 0.875 0.839 0.774 0.776 0.821 0.888 0.959 0.978 0.964 0.955 0.972 0.965 0.928 0.833 0.723 0.581 0.200 
8.250 501.190 -0.076 -0.034 0.120 0.235 0.338 0.416 0.526 0.650 0.716 0.661 0.604 0.513 0.489 0.517 0.570 0.630 0.642 0.626 0.615 0.631 0.619 0.577 0.483 0.382 0.257 0.030 
8.250 630.960 -0.173 -0.133 0.021 0.136 0.232 0.287 0.376 0.474 0.506 0.417 0.333 0.209 0.153 0.158 0.195 0.241 0.243 0.224 0.211 0.228 0.209 0.160 0.068 -0.024 -0.127 -0.160 
8.250 794.330 -0.270 -0.232 -0.078 0.037 0.125 0.150 0.213 0.279 0.266 0.135 0.016 -0.148 -0.245 -0.268 -0.252 -0.225 -0.234 -0.256 -0.272 -0.256 -0.282 -0.340 -0.430 -0.508 -0.584 -0.374 
8.250 1000.000 -0.368 -0.331 -0.178 -0.063 0.015 0.003 0.033 0.058 -0.010 -0.195 -0.357 -0.573 -0.721 -0.778 -0.790 -0.785 -0.808 -0.834 -0.855 -0.838 -0.875 -0.943 -1.032 -1.093 -1.134 -0.617 
8.500 1.000 0.939 1.007 1.148 1.256 1.375 1.540 1.725 1.945 2.143 2.215 2.259 2.292 2.393 2.503 2.619 2.729 2.771 2.762 2.759 2.773 2.785 2.769 2.671 2.531 2.325 1.375 
8.500 1.260 0.940 1.007 1.148 1.256 1.375 1.539 1.725 1.945 2.142 2.214 2.259 2.292 2.392 2.502 2.618 2.729 2.771 2.761 2.759 2.772 2.784 2.768 2.670 2.530 2.324 1.374 
8.500 1.580 0.940 1.007 1.147 1.256 1.375 1.539 1.725 1.945 2.142 2.214 2.258 2.291 2.392 2.502 2.617 2.728 2.770 2.760 2.758 2.772 2.783 2.767 2.669 2.529 2.323 1.374 
8.500 2.000 0.940 1.007 1.147 1.256 1.375 1.539 1.725 1.944 2.141 2.213 2.258 2.291 2.391 2.501 2.616 2.727 2.769 2.759 2.757 2.771 2.782 2.766 2.668 2.528 2.322 1.374 
8.500 2.510 0.940 1.007 1.147 1.255 1.375 1.539 1.724 1.944 2.141 2.213 2.257 2.290 2.390 2.500 2.615 2.726 2.767 2.758 2.755 2.769 2.781 2.765 2.667 2.527 2.321 1.373 
8.500 3.160 0.940 1.007 1.147 1.255 1.374 1.538 1.724 1.943 2.140 2.212 2.256 2.289 2.388 2.498 2.614 2.724 2.766 2.756 2.754 2.767 2.779 2.763 2.665 2.525 2.319 1.373 
8.500 3.980 0.939 1.006 1.147 1.255 1.374 1.538 1.723 1.943 2.139 2.210 2.254 2.287 2.386 2.496 2.612 2.722 2.763 2.754 2.751 2.765 2.777 2.761 2.663 2.523 2.317 1.372 
8.500 5.010 0.939 1.006 1.146 1.254 1.373 1.537 1.722 1.941 2.138 2.209 2.252 2.285 2.384 2.493 2.609 2.719 2.760 2.751 2.748 2.762 2.774 2.758 2.660 2.520 2.314 1.370 
8.500 6.310 0.939 1.005 1.145 1.253 1.372 1.536 1.721 1.940 2.136 2.206 2.250 2.282 2.381 2.490 2.605 2.715 2.757 2.747 2.745 2.758 2.770 2.754 2.656 2.516 2.311 1.369 
8.500 7.940 0.938 1.003 1.144 1.252 1.371 1.534 1.719 1.937 2.133 2.203 2.246 2.278 2.376 2.485 2.600 2.710 2.751 2.742 2.739 2.753 2.764 2.748 2.650 2.511 2.306 1.366 
8.500 10.000 0.936 1.001 1.142 1.250 1.369 1.532 1.716 1.934 2.129 2.199 2.241 2.272 2.370 2.479 2.594 2.703 2.744 2.735 2.732 2.746 2.757 2.741 2.643 2.504 2.299 1.362 
8.500 12.590 0.933 0.998 1.138 1.246 1.365 1.528 1.712 1.929 2.123 2.192 2.234 2.265 2.362 2.470 2.585 2.694 2.735 2.726 2.723 2.737 2.748 2.731 2.633 2.494 2.290 1.357 
8.500 15.850 0.929 0.993 1.133 1.241 1.360 1.522 1.705 1.922 2.115 2.183 2.225 2.254 2.351 2.459 2.573 2.682 2.722 2.713 2.710 2.724 2.735 2.718 2.620 2.481 2.277 1.350 
8.500 19.950 0.921 0.984 1.125 1.233 1.351 1.512 1.695 1.911 2.104 2.171 2.211 2.240 2.335 2.442 2.556 2.664 2.705 2.695 2.692 2.706 2.717 2.700 2.602 2.463 2.260 1.339 
8.500 25.120 0.910 0.972 1.113 1.221 1.339 1.499 1.681 1.896 2.087 2.153 2.192 2.219 2.314 2.420 2.532 2.640 2.680 2.671 2.668 2.681 2.692 2.675 2.577 2.439 2.237 1.323 
8.500 31.620 0.893 0.954 1.094 1.203 1.320 1.479 1.660 1.874 2.063 2.127 2.165 2.191 2.284 2.389 2.500 2.608 2.647 2.637 2.634 2.648 2.658 2.641 2.543 2.405 2.204 1.300 
8.500 39.810 0.868 0.928 1.068 1.177 1.294 1.451 1.631 1.843 2.030 2.092 2.128 2.152 2.243 2.346 2.457 2.563 2.602 2.592 2.589 2.603 2.612 2.595 2.497 2.360 2.160 1.268 
8.500 50.120 0.833 0.892 1.033 1.141 1.258 1.413 1.591 1.801 1.985 2.045 2.079 2.100 2.188 2.290 2.399 2.505 2.543 2.532 2.529 2.543 2.552 2.534 2.436 2.300 2.102 1.225 
8.500 63.100 0.788 0.845 0.986 1.094 1.210 1.364 1.540 1.747 1.927 1.984 2.015 2.033 2.117 2.217 2.325 2.429 2.466 2.455 2.452 2.465 2.474 2.455 2.358 2.223 2.027 1.170 
8.500 79.430 0.731 0.787 0.928 1.036 1.151 1.302 1.475 1.679 1.855 1.907 1.935 1.949 2.029 2.126 2.232 2.334 2.370 2.359 2.355 2.369 2.377 2.357 2.260 2.126 1.933 1.100 
8.500 100.000 0.664 0.719 0.859 0.967 1.081 1.228 1.398 1.598 1.769 1.815 1.839 1.847 1.923 2.016 2.119 2.219 2.254 2.243 2.238 2.252 2.259 2.238 2.141 2.009 1.819 1.017 
8.500 125.890 0.588 0.641 0.781 0.890 1.002 1.145 1.310 1.505 1.669 1.709 1.727 1.729 1.798 1.887 1.986 2.083 2.116 2.105 2.100 2.113 2.119 2.097 2.000 1.870 1.685 0.921 
8.500 158.490 0.505 0.556 0.697 0.805 0.916 1.052 1.213 1.401 1.556 1.587 1.599 1.593 1.654 1.737 1.832 1.926 1.956 1.944 1.938 1.952 1.956 1.932 1.836 1.708 1.529 0.814 
8.500 199.530 0.417 0.467 0.607 0.715 0.824 0.953 1.107 1.288 1.431 1.452 1.454 1.438 1.489 1.565 1.655 1.744 1.772 1.759 1.752 1.766 1.768 1.742 1.646 1.522 1.349 0.695 
8.500 251.190 0.325 0.373 0.514 0.622 0.729 0.848 0.994 1.164 1.294 1.301 1.292 1.263 1.301 1.369 1.452 1.535 1.559 1.545 1.538 1.551 1.550 1.522 1.427 1.307 1.143 0.566 
8.500 316.230 0.232 0.278 0.418 0.526 0.630 0.738 0.873 1.030 1.142 1.132 1.110 1.065 1.086 1.143 1.218 1.294 1.314 1.298 1.289 1.303 1.299 1.267 1.172 1.057 0.905 0.425 
8.500 398.110 0.136 0.180 0.321 0.429 0.528 0.622 0.744 0.884 0.974 0.943 0.904 0.838 0.839 0.882 0.946 1.013 1.027 1.010 0.999 1.013 1.005 0.969 0.875 0.767 0.628 0.270 
8.500 501.190 0.040 0.082 0.223 0.331 0.425 0.500 0.605 0.725 0.787 0.730 0.669 0.577 0.553 0.578 0.628 0.684 0.691 0.671 0.659 0.673 0.659 0.619 0.526 0.426 0.304 0.100 
8.500 630.960 -0.057 -0.017 0.124 0.232 0.320 0.371 0.456 0.550 0.577 0.485 0.397 0.273 0.216 0.219 0.253 0.295 0.292 0.270 0.255 0.269 0.249 0.202 0.110 0.020 -0.079 -0.090 
8.500 794.330 -0.154 -0.116 0.025 0.133 0.212 0.234 0.293 0.354 0.337 0.203 0.081 -0.084 -0.182 -0.207 -0.194 -0.171 -0.184 -0.210 -0.228 -0.214 -0.242 -0.298 -0.388 -0.464 -0.536 -0.304 
8.500 1000.000 -0.252 -0.215 -0.075 0.033 0.102 0.087 0.113 0.133 0.061 -0.127 -0.292 -0.509 -0.658 -0.718 -0.732 -0.731 -0.759 -0.788 -0.811 -0.797 -0.835 -0.901 -0.989 -1.049 -1.086 -0.547 
8.750 1.000 1.056 1.123 1.251 1.352 1.462 1.624 1.805 2.021 2.214 2.283 2.324 2.356 2.456 2.564 2.677 2.783 2.820 2.808 2.803 2.814 2.825 2.811 2.713 2.575 2.372 1.445 
8.750 1.260 1.056 1.123 1.250 1.352 1.462 1.623 1.805 2.020 2.214 2.283 2.324 2.356 2.455 2.563 2.676 2.783 2.820 2.807 2.803 2.814 2.824 2.810 2.713 2.574 2.372 1.444 
8.750 1.580 1.056 1.123 1.250 1.352 1.462 1.623 1.805 2.020 2.213 2.282 2.323 2.355 2.455 2.563 2.676 2.782 2.819 2.806 2.802 2.813 2.823 2.809 2.712 2.573 2.371 1.444 
8.750 2.000 1.056 1.123 1.250 1.351 1.462 1.623 1.805 2.020 2.213 2.282 2.323 2.355 2.454 2.562 2.675 2.781 2.818 2.805 2.801 2.812 2.822 2.808 2.711 2.572 2.370 1.444 
8.750 2.510 1.056 1.123 1.250 1.351 1.462 1.623 1.804 2.019 2.212 2.281 2.322 2.354 2.453 2.560 2.673 2.780 2.817 2.804 2.800 2.810 2.821 2.807 2.709 2.571 2.369 1.443 
8.750 3.160 1.056 1.123 1.250 1.351 1.462 1.623 1.804 2.019 2.211 2.280 2.321 2.353 2.451 2.559 2.672 2.778 2.815 2.802 2.798 2.809 2.819 2.805 2.708 2.569 2.367 1.442 
8.750 3.980 1.056 1.122 1.250 1.351 1.461 1.622 1.803 2.018 2.210 2.279 2.319 2.351 2.449 2.557 2.670 2.776 2.813 2.800 2.796 2.806 2.817 2.802 2.705 2.567 2.365 1.442 
8.750 5.010 1.056 1.122 1.249 1.350 1.461 1.621 1.802 2.017 2.209 2.277 2.317 2.349 2.447 2.554 2.667 2.773 2.810 2.797 2.793 2.803 2.814 2.799 2.702 2.564 2.362 1.440 
8.750 6.310 1.055 1.121 1.248 1.349 1.460 1.620 1.801 2.015 2.207 2.275 2.315 2.346 2.444 2.551 2.663 2.769 2.806 2.793 2.789 2.799 2.810 2.795 2.698 2.560 2.358 1.438 
8.750 7.940 1.054 1.119 1.247 1.348 1.458 1.618 1.799 2.013 2.204 2.271 2.311 2.342 2.439 2.546 2.659 2.764 2.801 2.788 2.783 2.794 2.805 2.790 2.693 2.555 2.353 1.436 
8.750 10.000 1.053 1.117 1.245 1.346 1.456 1.616 1.796 2.009 2.200 2.267 2.306 2.336 2.433 2.540 2.652 2.757 2.794 2.781 2.776 2.787 2.797 2.783 2.686 2.548 2.347 1.432 
8.750 12.590 1.050 1.114 1.241 1.342 1.452 1.612 1.791 2.004 2.195 2.261 2.299 2.329 2.425 2.531 2.643 2.748 2.784 2.771 2.767 2.778 2.788 2.773 2.676 2.538 2.338 1.427 
8.750 15.850 1.045 1.109 1.236 1.337 1.447 1.606 1.785 1.997 2.186 2.252 2.290 2.318 2.414 2.520 2.631 2.735 2.772 2.759 2.754 2.765 2.775 2.760 2.663 2.525 2.325 1.420 
8.750 19.950 1.038 1.100 1.228 1.329 1.439 1.596 1.775 1.987 2.175 2.239 2.276 2.304 2.398 2.503 2.614 2.718 2.754 2.741 2.736 2.747 2.757 2.741 2.644 2.507 2.308 1.409 
8.750 25.120 1.026 1.088 1.216 1.317 1.426 1.583 1.761 1.971 2.158 2.221 2.257 2.283 2.377 2.481 2.591 2.694 2.730 2.717 2.712 2.723 2.732 2.717 2.620 2.483 2.284 1.393 
8.750 31.620 1.009 1.070 1.197 1.299 1.408 1.563 1.740 1.949 2.134 2.196 2.230 2.255 2.347 2.449 2.559 2.662 2.697 2.683 2.678 2.689 2.698 2.682 2.585 2.449 2.252 1.370 
8.750 39.810 0.984 1.044 1.171 1.273 1.381 1.535 1.711 1.919 2.101 2.160 2.193 2.216 2.306 2.407 2.515 2.617 2.652 2.638 2.633 2.644 2.653 2.636 2.540 2.404 2.208 1.338 
8.750 50.120 0.950 1.008 1.136 1.237 1.345 1.497 1.671 1.877 2.057 2.113 2.144 2.164 2.251 2.351 2.458 2.558 2.592 2.578 2.573 2.584 2.592 2.575 2.479 2.344 2.150 1.295 
8.750 63.100 0.904 0.961 1.089 1.190 1.298 1.448 1.619 1.822 1.999 2.052 2.080 2.097 2.181 2.278 2.383 2.483 2.515 2.501 2.496 2.507 2.514 2.497 2.400 2.267 2.075 1.239 
8.750 79.430 0.847 0.903 1.031 1.132 1.239 1.386 1.555 1.755 1.927 1.975 2.000 2.013 2.092 2.187 2.290 2.388 2.419 2.405 2.399 2.410 2.417 2.399 2.302 2.170 1.981 1.170 
8.750 100.000 0.780 0.835 0.962 1.063 1.169 1.312 1.478 1.674 1.840 1.884 1.904 1.912 1.986 2.077 2.178 2.273 2.303 2.289 2.282 2.293 2.299 2.280 2.183 2.053 1.867 1.087 
8.750 125.890 0.704 0.757 0.884 0.985 1.090 1.229 1.390 1.581 1.740 1.777 1.792 1.793 1.861 1.948 2.045 2.137 2.166 2.151 2.144 2.155 2.159 2.138 2.042 1.914 1.732 0.991 
8.750 158.490 0.621 0.672 0.800 0.901 1.004 1.136 1.293 1.477 1.627 1.656 1.664 1.657 1.717 1.798 1.891 1.980 2.006 1.990 1.982 1.993 1.996 1.974 1.878 1.752 1.576 0.883 
8.750 199.530 0.533 0.583 0.710 0.811 0.912 1.037 1.187 1.363 1.502 1.520 1.519 1.502 1.552 1.626 1.714 1.798 1.821 1.805 1.796 1.807 1.808 1.784 1.688 1.566 1.397 0.765 
8.750 251.190 0.442 0.489 0.617 0.718 0.816 0.932 1.074 1.239 1.365 1.369 1.357 1.327 1.364 1.430 1.510 1.589 1.609 1.591 1.582 1.593 1.591 1.564 1.469 1.351 1.190 0.636 
8.750 316.230 0.348 0.394 0.521 0.622 0.717 0.822 0.953 1.105 1.213 1.200 1.175 1.129 1.149 1.204 1.276 1.348 1.363 1.344 1.333 1.344 1.339 1.309 1.215 1.101 0.952 0.494 
8.750 398.110 0.252 0.296 0.424 0.525 0.616 0.706 0.824 0.960 1.046 1.012 0.969 0.902 0.902 0.943 1.005 1.067 1.076 1.056 1.044 1.054 1.045 1.011 0.918 0.811 0.676 0.340 
8.750 501.190 0.156 0.198 0.326 0.427 0.512 0.584 0.685 0.801 0.859 0.798 0.734 0.641 0.616 0.639 0.687 0.738 0.740 0.717 0.703 0.714 0.700 0.660 0.568 0.470 0.352 0.170 
8.750 630.960 0.059 0.099 0.227 0.328 0.407 0.455 0.536 0.625 0.648 0.554 0.462 0.337 0.279 0.280 0.311 0.348 0.341 0.316 0.299 0.310 0.289 0.243 0.153 0.064 -0.031 -0.020 
8.750 794.330 -0.038 0.000 0.128 0.229 0.300 0.318 0.373 0.430 0.409 0.271 0.146 -0.020 -0.119 -0.146 -0.136 -0.117 -0.135 -0.164 -0.184 -0.173 -0.202 -0.256 -0.345 -0.420 -0.488 -0.234 
8.750 1000.000 -0.136 -0.099 0.028 0.129 0.190 0.171 0.193 0.209 0.132 -0.058 -0.227 -0.445 -0.595 -0.657 -0.673 -0.677 -0.710 -0.742 -0.767 -0.756 -0.795 -0.859 -0.947 -1.005 -1.038 -0.477 
9.000 1.000 1.173 1.239 1.354 1.448 1.550 1.708 1.885 2.096 2.285 2.351 2.389 2.421 2.519 2.625 2.735 2.837 2.870 2.854 2.848 2.856 2.865 2.852 2.756 2.619 2.420 1.514 
9.000 1.260 1.173 1.239 1.353 1.448 1.550 1.707 1.885 2.096 2.285 2.351 2.389 2.420 2.518 2.624 2.735 2.836 2.869 2.853 2.847 2.855 2.864 2.852 2.755 2.618 2.419 1.514 
9.000 1.580 1.173 1.239 1.353 1.447 1.550 1.707 1.885 2.096 2.284 2.350 2.388 2.419 2.518 2.623 2.734 2.836 2.868 2.852 2.846 2.854 2.863 2.851 2.754 2.617 2.419 1.514 
9.000 2.000 1.173 1.239 1.353 1.447 1.550 1.707 1.885 2.095 2.284 2.350 2.388 2.419 2.517 2.623 2.733 2.835 2.867 2.851 2.845 2.853 2.862 2.850 2.753 2.616 2.418 1.514 
9.000 2.510 1.173 1.239 1.353 1.447 1.549 1.707 1.884 2.095 2.283 2.349 2.387 2.418 2.516 2.621 2.732 2.833 2.866 2.850 2.844 2.852 2.861 2.848 2.752 2.615 2.416 1.513 
9.000 3.160 1.173 1.239 1.353 1.447 1.549 1.707 1.884 2.094 2.283 2.348 2.386 2.417 2.514 2.620 2.730 2.832 2.864 2.848 2.842 2.850 2.859 2.847 2.750 2.613 2.415 1.512 
9.000 3.980 1.173 1.238 1.353 1.447 1.549 1.706 1.883 2.093 2.282 2.347 2.384 2.415 2.513 2.618 2.728 2.830 2.862 2.846 2.840 2.848 2.857 2.844 2.748 2.611 2.413 1.511 
9.000 5.010 1.173 1.238 1.352 1.446 1.548 1.705 1.882 2.092 2.280 2.345 2.382 2.413 2.510 2.615 2.725 2.827 2.859 2.843 2.837 2.845 2.854 2.841 2.745 2.608 2.410 1.510 
9.000 6.310 1.172 1.237 1.351 1.445 1.547 1.704 1.881 2.091 2.278 2.343 2.380 2.410 2.507 2.612 2.722 2.823 2.855 2.839 2.833 2.841 2.850 2.837 2.741 2.604 2.406 1.508 
9.000 7.940 1.171 1.235 1.350 1.444 1.546 1.702 1.879 2.088 2.275 2.340 2.376 2.406 2.502 2.607 2.717 2.818 2.850 2.834 2.827 2.836 2.845 2.832 2.735 2.599 2.401 1.506 
9.000 10.000 1.169 1.233 1.348 1.442 1.543 1.700 1.876 2.085 2.271 2.335 2.371 2.400 2.497 2.601 2.710 2.811 2.843 2.827 2.820 2.829 2.837 2.824 2.728 2.592 2.394 1.502 
9.000 12.590 1.166 1.230 1.344 1.438 1.540 1.696 1.871 2.080 2.266 2.329 2.364 2.393 2.488 2.592 2.701 2.802 2.834 2.817 2.811 2.819 2.828 2.815 2.718 2.582 2.385 1.497 
9.000 15.850 1.162 1.225 1.339 1.433 1.534 1.690 1.865 2.073 2.258 2.320 2.355 2.382 2.477 2.580 2.689 2.789 2.821 2.805 2.798 2.806 2.815 2.801 2.705 2.569 2.373 1.489 
9.000 19.950 1.154 1.216 1.331 1.425 1.526 1.681 1.855 2.062 2.246 2.307 2.341 2.368 2.461 2.564 2.672 2.772 2.803 2.787 2.780 2.788 2.797 2.783 2.687 2.551 2.356 1.478 
9.000 25.120 1.143 1.204 1.318 1.413 1.514 1.667 1.841 2.047 2.229 2.289 2.322 2.347 2.440 2.541 2.649 2.748 2.779 2.763 2.756 2.764 2.772 2.758 2.662 2.527 2.332 1.463 
9.000 31.620 1.126 1.186 1.300 1.394 1.495 1.647 1.820 2.025 2.206 2.264 2.295 2.319 2.410 2.510 2.617 2.715 2.746 2.729 2.722 2.730 2.738 2.724 2.628 2.493 2.300 1.440 
9.000 39.810 1.101 1.160 1.274 1.368 1.469 1.620 1.791 1.994 2.173 2.229 2.258 2.280 2.369 2.468 2.573 2.671 2.701 2.684 2.677 2.685 2.693 2.678 2.582 2.448 2.256 1.408 
9.000 50.120 1.066 1.124 1.239 1.333 1.432 1.581 1.751 1.952 2.128 2.181 2.209 2.228 2.314 2.412 2.516 2.612 2.641 2.624 2.617 2.625 2.632 2.617 2.521 2.388 2.197 1.365 
9.000 63.100 1.020 1.078 1.192 1.286 1.385 1.532 1.699 1.898 2.070 2.120 2.145 2.161 2.244 2.339 2.441 2.536 2.565 2.547 2.540 2.548 2.554 2.539 2.443 2.311 2.122 1.309 
9.000 79.430 0.964 1.019 1.134 1.228 1.326 1.470 1.635 1.830 1.998 2.044 2.065 2.077 2.156 2.248 2.348 2.442 2.469 2.451 2.443 2.451 2.457 2.440 2.345 2.214 2.028 1.240 
9.000 100.000 0.896 0.951 1.065 1.159 1.256 1.396 1.558 1.749 1.911 1.952 1.969 1.976 2.049 2.138 2.236 2.327 2.352 2.335 2.326 2.334 2.339 2.321 2.226 2.097 1.915 1.157 
9.000 125.890 0.820 0.873 0.987 1.081 1.177 1.313 1.470 1.656 1.811 1.845 1.857 1.857 1.924 2.009 2.103 2.191 2.215 2.197 2.188 2.196 2.199 2.180 2.085 1.958 1.780 1.061 
9.000 158.490 0.737 0.788 0.903 0.997 1.091 1.220 1.373 1.552 1.699 1.724 1.729 1.721 1.780 1.859 1.949 2.033 2.055 2.036 2.027 2.035 2.036 2.016 1.921 1.796 1.624 0.953 
9.000 199.530 0.649 0.699 0.813 0.907 0.999 1.121 1.267 1.438 1.574 1.588 1.584 1.566 1.615 1.687 1.772 1.852 1.870 1.851 1.840 1.848 1.848 1.825 1.731 1.610 1.445 0.835 
9.000 251.190 0.558 0.605 0.720 0.814 0.903 1.016 1.154 1.315 1.436 1.437 1.422 1.391 1.427 1.490 1.569 1.643 1.658 1.637 1.626 1.634 1.631 1.606 1.512 1.395 1.238 0.705 
9.000 316.230 0.464 0.510 0.624 0.718 0.805 0.906 1.033 1.181 1.285 1.269 1.240 1.193 1.213 1.265 1.334 1.402 1.412 1.390 1.377 1.385 1.379 1.351 1.257 1.145 1.000 0.564 
9.000 398.110 0.368 0.413 0.527 0.621 0.703 0.790 0.904 1.035 1.117 1.080 1.034 0.966 0.965 1.004 1.063 1.121 1.126 1.102 1.088 1.096 1.085 1.053 0.960 0.855 0.724 0.410 
9.000 501.190 0.272 0.314 0.429 0.523 0.600 0.668 0.765 0.876 0.930 0.866 0.799 0.705 0.679 0.699 0.745 0.792 0.789 0.763 0.747 0.755 0.740 0.702 0.611 0.514 0.400 0.239 
9.000 630.960 0.175 0.215 0.330 0.424 0.495 0.539 0.616 0.701 0.720 0.622 0.527 0.401 0.342 0.341 0.370 0.402 0.391 0.362 0.343 0.351 0.329 0.285 0.195 0.108 0.017 0.050 
9.000 794.330 0.078 0.116 0.230 0.325 0.387 0.402 0.453 0.505 0.480 0.340 0.211 0.044 -0.056 -0.085 -0.078 -0.063 -0.086 -0.118 -0.140 -0.132 -0.162 -0.214 -0.303 -0.376 -0.440 -0.164 
9.000 1000.000 -0.020 0.017 0.131 0.225 0.277 0.255 0.273 0.284 0.203 0.010 -0.162 -0.380 -0.532 -0.596 -0.615 -0.623 -0.661 -0.696 -0.723 -0.715 -0.755 -0.818 -0.904 -0.961 -0.990 -0.407 
9.250 1.000 1.290 1.355 1.456 1.543 1.637 1.792 1.965 2.171 2.356 2.419 2.454 2.485 2.582 2.686 2.794 2.891 2.919 2.900 2.892 2.897 2.905 2.894 2.798 2.663 2.468 1.584 
9.250 1.260 1.290 1.355 1.456 1.543 1.637 1.792 1.965 2.171 2.356 2.419 2.454 2.484 2.581 2.685 2.793 2.890 2.918 2.899 2.891 2.896 2.904 2.893 2.798 2.662 2.467 1.584 
9.250 1.580 1.290 1.355 1.456 1.543 1.637 1.791 1.965 2.171 2.356 2.419 2.453 2.484 2.581 2.684 2.792 2.890 2.917 2.898 2.890 2.895 2.904 2.893 2.797 2.661 2.466 1.584 
9.250 2.000 1.290 1.355 1.456 1.543 1.637 1.791 1.965 2.171 2.355 2.418 2.452 2.483 2.580 2.683 2.791 2.889 2.916 2.897 2.889 2.894 2.903 2.891 2.796 2.660 2.465 1.583 
9.250 2.510 1.290 1.355 1.456 1.543 1.637 1.791 1.964 2.170 2.355 2.417 2.452 2.482 2.579 2.682 2.790 2.887 2.915 2.896 2.888 2.893 2.901 2.890 2.794 2.659 2.464 1.583 
9.250 3.160 1.290 1.355 1.456 1.543 1.637 1.791 1.964 2.170 2.354 2.417 2.451 2.481 2.577 2.681 2.788 2.886 2.913 2.894 2.886 2.891 2.899 2.888 2.793 2.657 2.462 1.582 
9.250 3.980 1.290 1.354 1.456 1.543 1.636 1.790 1.963 2.169 2.353 2.415 2.449 2.479 2.576 2.679 2.786 2.883 2.911 2.892 2.884 2.889 2.897 2.886 2.790 2.655 2.460 1.581 
9.250 5.010 1.289 1.354 1.455 1.542 1.636 1.789 1.962 2.168 2.351 2.414 2.447 2.477 2.573 2.676 2.784 2.881 2.908 2.889 2.881 2.886 2.894 2.883 2.787 2.652 2.457 1.580 
9.250 6.310 1.289 1.353 1.454 1.541 1.635 1.788 1.961 2.166 2.349 2.411 2.445 2.474 2.570 2.673 2.780 2.877 2.904 2.885 2.877 2.882 2.890 2.879 2.783 2.648 2.454 1.578 
9.250 7.940 1.288 1.351 1.453 1.540 1.633 1.786 1.959 2.164 2.347 2.408 2.441 2.470 2.565 2.668 2.775 2.872 2.899 2.880 2.872 2.877 2.885 2.873 2.778 2.643 2.449 1.576 
9.250 10.000 1.286 1.349 1.451 1.538 1.631 1.784 1.956 2.160 2.343 2.403 2.436 2.464 2.560 2.662 2.769 2.865 2.892 2.873 2.865 2.870 2.878 2.866 2.771 2.636 2.442 1.572 
9.250 12.590 1.283 1.346 1.447 1.534 1.627 1.780 1.951 2.155 2.337 2.397 2.429 2.457 2.551 2.653 2.760 2.856 2.883 2.863 2.855 2.860 2.868 2.856 2.761 2.626 2.433 1.567 
9.250 15.850 1.278 1.341 1.442 1.529 1.622 1.774 1.945 2.148 2.329 2.388 2.420 2.446 2.540 2.641 2.747 2.843 2.870 2.851 2.842 2.847 2.855 2.843 2.748 2.613 2.421 1.559 
9.250 19.950 1.271 1.332 1.434 1.521 1.614 1.765 1.935 2.137 2.317 2.376 2.406 2.432 2.525 2.625 2.730 2.826 2.852 2.833 2.824 2.830 2.837 2.825 2.729 2.595 2.403 1.548 
9.250 25.120 1.259 1.320 1.421 1.508 1.601 1.751 1.921 2.122 2.301 2.357 2.387 2.411 2.503 2.602 2.707 2.802 2.828 2.809 2.800 2.805 2.812 2.800 2.705 2.571 2.380 1.532 
9.250 31.620 1.242 1.302 1.403 1.490 1.582 1.731 1.900 2.100 2.277 2.332 2.360 2.383 2.473 2.571 2.675 2.769 2.795 2.775 2.766 2.772 2.778 2.766 2.670 2.537 2.347 1.510 
9.250 39.810 1.217 1.276 1.377 1.464 1.556 1.704 1.871 2.069 2.244 2.297 2.323 2.344 2.432 2.529 2.632 2.725 2.750 2.730 2.721 2.726 2.733 2.720 2.625 2.492 2.303 1.478 
9.250 50.120 1.182 1.240 1.342 1.429 1.520 1.665 1.831 2.027 2.199 2.250 2.274 2.292 2.377 2.472 2.574 2.666 2.691 2.670 2.661 2.666 2.672 2.659 2.564 2.432 2.245 1.435 
9.250 63.100 1.137 1.194 1.295 1.382 1.472 1.616 1.779 1.973 2.141 2.188 2.210 2.225 2.307 2.400 2.500 2.590 2.614 2.593 2.584 2.589 2.594 2.580 2.485 2.355 2.170 1.379 
9.250 79.430 1.080 1.135 1.237 1.324 1.413 1.554 1.715 1.905 2.069 2.112 2.130 2.141 2.219 2.309 2.407 2.495 2.518 2.497 2.487 2.493 2.497 2.482 2.387 2.258 2.076 1.310 
9.250 100.000 1.013 1.067 1.168 1.255 1.344 1.480 1.638 1.824 1.983 2.020 2.034 2.040 2.112 2.199 2.294 2.381 2.402 2.380 2.370 2.376 2.379 2.363 2.268 2.141 1.962 1.226 
9.250 125.890 0.936 0.989 1.090 1.177 1.265 1.397 1.550 1.731 1.883 1.913 1.922 1.921 1.987 2.070 2.161 2.245 2.264 2.242 2.232 2.237 2.239 2.222 2.127 2.002 1.828 1.131 
9.250 158.490 0.853 0.904 1.006 1.093 1.178 1.305 1.453 1.628 1.770 1.792 1.794 1.785 1.843 1.920 2.007 2.087 2.104 2.082 2.071 2.076 2.076 2.057 1.963 1.840 1.672 1.023 
9.250 199.530 0.765 0.815 0.916 1.003 1.087 1.205 1.347 1.514 1.645 1.657 1.649 1.630 1.678 1.748 1.830 1.906 1.920 1.897 1.884 1.890 1.888 1.867 1.773 1.654 1.492 0.905 
9.250 251.190 0.674 0.721 0.823 0.910 0.991 1.100 1.234 1.390 1.507 1.505 1.487 1.455 1.490 1.551 1.627 1.697 1.707 1.683 1.670 1.675 1.671 1.647 1.554 1.439 1.286 0.775 
9.250 316.230 0.580 0.626 0.727 0.814 0.892 0.990 1.113 1.256 1.356 1.337 1.305 1.257 1.276 1.326 1.393 1.455 1.461 1.436 1.421 1.427 1.419 1.392 1.300 1.189 1.048 0.634 
9.250 398.110 0.485 0.529 0.630 0.717 0.791 0.874 0.984 1.110 1.188 1.148 1.099 1.030 1.029 1.065 1.121 1.175 1.175 1.148 1.132 1.137 1.125 1.094 1.003 0.899 0.771 0.480 
9.250 501.190 0.388 0.430 0.532 0.619 0.687 0.752 0.845 0.951 1.001 0.934 0.864 0.769 0.742 0.760 0.803 0.846 0.839 0.809 0.791 0.796 0.780 0.744 0.653 0.557 0.447 0.309 
9.250 630.960 0.291 0.331 0.433 0.520 0.582 0.623 0.696 0.776 0.791 0.690 0.592 0.465 0.405 0.402 0.428 0.456 0.440 0.408 0.387 0.393 0.369 0.327 0.238 0.152 0.064 0.120 
9.250 794.330 0.194 0.232 0.333 0.420 0.474 0.486 0.533 0.580 0.551 0.408 0.276 0.108 0.007 -0.024 -0.019 -0.009 -0.037 -0.072 -0.096 -0.091 -0.122 -0.173 -0.260 -0.332 -0.393 -0.094 
9.250 1000.000 0.096 0.133 0.234 0.321 0.365 0.339 0.353 0.359 0.275 0.078 -0.097 -0.316 -0.469 -0.535 -0.557 -0.569 -0.611 -0.651 -0.679 -0.673 -0.715 -0.776 -0.862 -0.917 -0.943 -0.338 
