ZhaoEtAl2006SInterCascadia_CanadaSHM6-trial modified from OpenQuake implementation, distance is rrup. Log10 ground motion values in cgs units, PGV and Sa(T<0.1s) not valid
          10 31 23 : nmag, ndist, nperiod
          10.000 5.000 4.000 3.000 2.500 2.000 1.500 1.250 1.000 0.900 0.800 0.700 0.600 0.500 0.400 0.300 0.250 0.200 0.150 0.100 0.050 PGA PGV 
          0.698 0.698 0.716 0.748 0.760 0.760 0.752 0.742 0.734 0.729 0.726 0.723 0.717 0.709 0.713 0.726 0.741 0.766 0.792 0.803 0.726 0.678 0.000 
7.000 1.000 0.959 1.549 1.852 2.179 2.345 2.552 2.642 2.704 2.687 2.754 2.816 2.833 2.836 2.895 2.938 2.888 2.863 2.795 2.782 2.634 2.446 2.378 0.000 
7.000 1.260 0.948 1.537 1.836 2.158 2.325 2.530 2.621 2.681 2.668 2.735 2.795 2.814 2.821 2.881 2.925 2.877 2.854 2.787 2.775 2.627 2.437 2.367 0.000 
7.000 1.580 0.935 1.523 1.817 2.132 2.300 2.504 2.595 2.654 2.645 2.711 2.771 2.791 2.801 2.864 2.910 2.864 2.842 2.777 2.766 2.619 2.426 2.355 0.000 
7.000 2.000 0.919 1.506 1.793 2.102 2.271 2.473 2.565 2.623 2.618 2.683 2.742 2.764 2.778 2.843 2.892 2.849 2.829 2.765 2.754 2.608 2.412 2.339 0.000 
7.000 2.510 0.899 1.484 1.766 2.067 2.237 2.437 2.529 2.586 2.586 2.651 2.708 2.733 2.751 2.817 2.869 2.830 2.812 2.750 2.740 2.595 2.395 2.320 0.000 
7.000 3.160 0.876 1.459 1.733 2.026 2.197 2.395 2.488 2.544 2.549 2.612 2.669 2.696 2.718 2.788 2.842 2.807 2.791 2.732 2.723 2.579 2.375 2.298 0.000 
7.000 3.980 0.849 1.429 1.695 1.980 2.152 2.347 2.441 2.495 2.506 2.569 2.624 2.653 2.680 2.753 2.811 2.780 2.766 2.710 2.702 2.559 2.350 2.271 0.000 
7.000 5.010 0.817 1.394 1.651 1.928 2.101 2.294 2.388 2.441 2.458 2.519 2.573 2.604 2.637 2.712 2.774 2.747 2.737 2.683 2.677 2.536 2.321 2.238 0.000 
7.000 6.310 0.780 1.353 1.602 1.870 2.044 2.235 2.329 2.381 2.403 2.463 2.516 2.549 2.587 2.665 2.731 2.709 2.702 2.652 2.647 2.507 2.286 2.200 0.000 
7.000 7.940 0.738 1.306 1.546 1.806 1.981 2.169 2.265 2.315 2.343 2.401 2.453 2.489 2.532 2.613 2.681 2.665 2.660 2.614 2.611 2.473 2.245 2.156 0.000 
7.000 10.000 0.690 1.254 1.484 1.736 1.913 2.099 2.195 2.244 2.276 2.334 2.384 2.422 2.470 2.553 2.626 2.614 2.613 2.570 2.568 2.432 2.198 2.105 0.000 
7.000 12.590 0.637 1.194 1.417 1.662 1.839 2.023 2.119 2.168 2.204 2.261 2.310 2.350 2.402 2.488 2.563 2.556 2.558 2.519 2.519 2.384 2.143 2.048 0.000 
7.000 15.850 0.579 1.129 1.344 1.583 1.760 1.942 2.039 2.086 2.127 2.183 2.230 2.272 2.328 2.416 2.494 2.491 2.496 2.461 2.462 2.329 2.080 1.982 0.000 
7.000 19.950 0.515 1.058 1.266 1.499 1.677 1.857 1.954 2.001 2.044 2.099 2.146 2.189 2.248 2.338 2.418 2.419 2.426 2.394 2.396 2.265 2.010 1.910 0.000 
7.000 25.120 0.446 0.980 1.182 1.411 1.589 1.768 1.864 1.911 1.958 2.011 2.057 2.101 2.163 2.254 2.336 2.339 2.348 2.318 2.321 2.191 1.931 1.829 0.000 
7.000 31.620 0.372 0.897 1.094 1.320 1.497 1.675 1.771 1.817 1.866 1.919 1.964 2.009 2.073 2.165 2.246 2.251 2.261 2.234 2.237 2.107 1.842 1.740 0.000 
7.000 39.810 0.293 0.808 1.002 1.226 1.402 1.578 1.673 1.720 1.771 1.823 1.867 1.912 1.978 2.069 2.150 2.155 2.166 2.139 2.142 2.013 1.745 1.643 0.000 
7.000 50.120 0.209 0.714 0.905 1.128 1.302 1.477 1.572 1.619 1.671 1.722 1.765 1.811 1.877 1.968 2.047 2.051 2.060 2.034 2.036 1.906 1.637 1.537 0.000 
7.000 63.100 0.120 0.614 0.803 1.026 1.199 1.373 1.466 1.514 1.566 1.617 1.659 1.704 1.771 1.859 1.936 1.937 1.945 1.918 1.918 1.785 1.517 1.421 0.000 
7.000 79.430 0.026 0.508 0.697 0.921 1.092 1.264 1.356 1.404 1.457 1.506 1.547 1.592 1.659 1.744 1.816 1.813 1.818 1.788 1.785 1.649 1.384 1.294 0.000 
7.000 100.000 -0.075 0.395 0.586 0.813 0.980 1.150 1.240 1.290 1.343 1.391 1.431 1.475 1.540 1.622 1.687 1.677 1.677 1.643 1.635 1.496 1.237 1.154 0.000 
7.000 125.890 -0.182 0.276 0.469 0.700 0.862 1.031 1.118 1.170 1.222 1.269 1.307 1.350 1.414 1.489 1.547 1.527 1.520 1.481 1.467 1.321 1.071 1.000 0.000 
7.000 158.490 -0.297 0.148 0.346 0.582 0.739 0.905 0.990 1.044 1.094 1.139 1.176 1.217 1.278 1.346 1.392 1.360 1.345 1.297 1.275 1.120 0.885 0.827 0.000 
7.000 199.530 -0.422 0.011 0.214 0.458 0.608 0.772 0.852 0.909 0.958 1.000 1.035 1.073 1.131 1.190 1.222 1.173 1.146 1.087 1.054 0.889 0.672 0.632 0.000 
7.000 251.190 -0.558 -0.139 0.073 0.327 0.468 0.628 0.704 0.764 0.811 0.850 0.883 0.918 0.970 1.017 1.030 0.961 0.919 0.845 0.799 0.620 0.426 0.410 0.000 
7.000 316.230 -0.709 -0.303 -0.080 0.187 0.317 0.473 0.542 0.607 0.650 0.686 0.716 0.746 0.793 0.824 0.814 0.717 0.656 0.564 0.500 0.304 0.141 0.154 0.000 
7.000 398.110 -0.877 -0.485 -0.247 0.036 0.152 0.303 0.363 0.434 0.473 0.505 0.531 0.556 0.594 0.606 0.566 0.435 0.350 0.233 0.148 -0.072 -0.194 -0.144 0.000 
7.000 501.190 -1.068 -0.689 -0.433 -0.129 -0.031 0.114 0.164 0.243 0.276 0.302 0.324 0.342 0.369 0.356 0.279 0.105 -0.012 -0.158 -0.272 -0.520 -0.592 -0.494 0.000 
7.000 630.960 -1.286 -0.921 -0.642 -0.311 -0.236 -0.099 -0.062 0.027 0.053 0.072 0.088 0.097 0.112 0.067 -0.057 -0.287 -0.442 -0.627 -0.776 -1.061 -1.068 -0.910 0.000 
7.000 794.330 -1.539 -1.188 -0.880 -0.515 -0.468 -0.341 -0.320 -0.220 -0.203 -0.192 -0.183 -0.185 -0.188 -0.272 -0.455 -0.754 -0.959 -1.193 -1.386 -1.716 -1.642 -1.408 0.000 
7.000 1000.000 -1.836 -1.499 -1.153 -0.746 -0.734 -0.620 -0.620 -0.504 -0.499 -0.498 -0.498 -0.515 -0.539 -0.673 -0.931 -1.317 -1.585 -1.880 -2.129 -2.518 -2.340 -2.011 0.000 
7.250 1.000 1.029 1.614 1.925 2.254 2.416 2.620 2.701 2.758 2.728 2.793 2.853 2.864 2.861 2.923 2.964 2.913 2.884 2.811 2.795 2.643 2.455 2.389 0.000 
7.250 1.260 1.021 1.605 1.912 2.236 2.400 2.603 2.684 2.740 2.713 2.777 2.836 2.849 2.848 2.911 2.954 2.904 2.876 2.804 2.789 2.638 2.448 2.381 0.000 
7.250 1.580 1.011 1.593 1.896 2.216 2.380 2.581 2.663 2.718 2.695 2.758 2.817 2.831 2.833 2.897 2.942 2.894 2.867 2.797 2.781 2.631 2.439 2.371 0.000 
7.250 2.000 0.998 1.579 1.877 2.190 2.356 2.555 2.638 2.692 2.673 2.735 2.793 2.809 2.814 2.880 2.926 2.881 2.856 2.787 2.772 2.622 2.428 2.358 0.000 
7.250 2.510 0.982 1.562 1.855 2.161 2.327 2.525 2.608 2.661 2.647 2.708 2.765 2.782 2.792 2.859 2.908 2.865 2.842 2.774 2.760 2.612 2.414 2.343 0.000 
7.250 3.160 0.964 1.541 1.827 2.126 2.294 2.489 2.574 2.625 2.616 2.676 2.732 2.751 2.765 2.834 2.885 2.846 2.824 2.759 2.746 2.599 2.398 2.324 0.000 
7.250 3.980 0.941 1.517 1.795 2.086 2.255 2.448 2.533 2.583 2.580 2.639 2.693 2.715 2.733 2.804 2.859 2.823 2.804 2.741 2.729 2.583 2.377 2.302 0.000 
7.250 5.010 0.915 1.487 1.758 2.040 2.210 2.402 2.487 2.536 2.538 2.596 2.649 2.673 2.696 2.770 2.827 2.795 2.778 2.719 2.708 2.563 2.353 2.275 0.000 
7.250 6.310 0.884 1.453 1.715 1.988 2.160 2.349 2.435 2.482 2.490 2.547 2.598 2.625 2.653 2.729 2.789 2.762 2.748 2.692 2.683 2.539 2.323 2.243 0.000 
7.250 7.940 0.848 1.412 1.665 1.930 2.103 2.290 2.377 2.423 2.436 2.493 2.542 2.571 2.604 2.682 2.746 2.723 2.713 2.660 2.652 2.510 2.288 2.205 0.000 
7.250 10.000 0.807 1.366 1.610 1.867 2.041 2.225 2.313 2.358 2.377 2.432 2.479 2.511 2.549 2.630 2.696 2.678 2.671 2.622 2.615 2.475 2.247 2.161 0.000 
7.250 12.590 0.760 1.314 1.549 1.798 1.973 2.155 2.243 2.287 2.311 2.365 2.411 2.445 2.487 2.570 2.640 2.626 2.622 2.577 2.572 2.433 2.199 2.110 0.000 
7.250 15.850 0.707 1.255 1.482 1.723 1.899 2.079 2.168 2.211 2.239 2.292 2.337 2.372 2.419 2.504 2.576 2.567 2.566 2.524 2.521 2.384 2.143 2.051 0.000 
7.250 19.950 0.649 1.189 1.408 1.644 1.820 1.998 2.087 2.129 2.162 2.214 2.257 2.294 2.345 2.432 2.506 2.500 2.502 2.464 2.462 2.327 2.079 1.985 0.000 
7.250 25.120 0.585 1.117 1.330 1.560 1.736 1.913 2.002 2.043 2.079 2.130 2.173 2.211 2.265 2.353 2.428 2.425 2.429 2.395 2.394 2.260 2.006 1.910 0.000 
7.250 31.620 0.516 1.039 1.246 1.472 1.648 1.823 1.912 1.953 1.992 2.042 2.083 2.122 2.180 2.267 2.343 2.342 2.348 2.316 2.316 2.183 1.923 1.827 0.000 
7.250 39.810 0.441 0.955 1.157 1.380 1.555 1.728 1.817 1.858 1.900 1.948 1.989 2.029 2.088 2.175 2.251 2.251 2.257 2.227 2.227 2.094 1.831 1.735 0.000 
7.250 50.120 0.361 0.865 1.063 1.284 1.458 1.630 1.718 1.759 1.802 1.850 1.890 1.930 1.990 2.077 2.151 2.150 2.156 2.127 2.126 1.993 1.728 1.634 0.000 
7.250 63.100 0.275 0.768 0.964 1.185 1.357 1.527 1.614 1.656 1.700 1.747 1.785 1.826 1.887 1.972 2.043 2.040 2.045 2.015 2.013 1.878 1.613 1.522 0.000 
7.250 79.430 0.184 0.665 0.860 1.081 1.251 1.420 1.506 1.548 1.593 1.639 1.676 1.716 1.777 1.859 1.926 1.918 1.921 1.889 1.884 1.747 1.484 1.398 0.000 
7.250 100.000 0.086 0.555 0.751 0.974 1.141 1.307 1.391 1.435 1.480 1.524 1.560 1.599 1.660 1.738 1.799 1.785 1.783 1.748 1.738 1.597 1.339 1.261 0.000 
7.250 125.890 -0.020 0.437 0.635 0.862 1.025 1.189 1.271 1.316 1.361 1.404 1.438 1.476 1.535 1.607 1.660 1.637 1.629 1.588 1.573 1.426 1.176 1.109 0.000 
7.250 158.490 -0.133 0.311 0.513 0.745 0.902 1.064 1.143 1.191 1.234 1.275 1.308 1.344 1.401 1.465 1.507 1.472 1.455 1.406 1.383 1.229 0.992 0.938 0.000 
7.250 199.530 -0.257 0.175 0.382 0.622 0.772 0.931 1.006 1.057 1.099 1.137 1.168 1.201 1.255 1.310 1.338 1.286 1.258 1.198 1.165 1.000 0.781 0.745 0.000 
7.250 251.190 -0.392 0.027 0.242 0.491 0.633 0.789 0.858 0.912 0.952 0.988 1.016 1.046 1.095 1.138 1.147 1.075 1.032 0.958 0.912 0.733 0.537 0.524 0.000 
7.250 316.230 -0.542 -0.136 0.089 0.352 0.482 0.634 0.697 0.756 0.792 0.824 0.850 0.876 0.918 0.946 0.932 0.832 0.770 0.678 0.615 0.418 0.253 0.269 0.000 
7.250 398.110 -0.710 -0.318 -0.078 0.201 0.317 0.464 0.518 0.583 0.616 0.643 0.666 0.686 0.720 0.728 0.685 0.551 0.465 0.349 0.263 0.044 -0.081 -0.027 0.000 
7.250 501.190 -0.900 -0.521 -0.263 0.036 0.134 0.275 0.319 0.392 0.419 0.441 0.459 0.472 0.495 0.479 0.398 0.221 0.104 -0.042 -0.155 -0.403 -0.478 -0.377 0.000 
7.250 630.960 -1.118 -0.753 -0.472 -0.146 -0.070 0.063 0.094 0.176 0.196 0.211 0.223 0.227 0.238 0.190 0.062 -0.170 -0.326 -0.510 -0.659 -0.943 -0.954 -0.792 0.000 
7.250 794.330 -1.371 -1.019 -0.709 -0.349 -0.302 -0.179 -0.164 -0.070 -0.059 -0.052 -0.048 -0.055 -0.061 -0.149 -0.336 -0.637 -0.842 -1.075 -1.268 -1.598 -1.527 -1.291 0.000 
7.250 1000.000 -1.668 -1.330 -0.982 -0.580 -0.568 -0.458 -0.464 -0.354 -0.355 -0.359 -0.363 -0.385 -0.412 -0.550 -0.812 -1.200 -1.468 -1.762 -2.011 -2.398 -2.225 -1.893 0.000 
7.500 1.000 1.089 1.668 1.987 2.317 2.477 2.678 2.750 2.802 2.761 2.822 2.881 2.888 2.878 2.944 2.986 2.934 2.901 2.824 2.805 2.651 2.463 2.398 0.000 
7.500 1.260 1.083 1.661 1.977 2.303 2.464 2.664 2.736 2.788 2.749 2.810 2.868 2.876 2.868 2.935 2.978 2.927 2.895 2.819 2.800 2.647 2.457 2.392 0.000 
7.500 1.580 1.074 1.652 1.964 2.286 2.447 2.646 2.719 2.770 2.734 2.795 2.852 2.861 2.856 2.923 2.968 2.919 2.888 2.813 2.794 2.641 2.450 2.384 0.000 
7.500 2.000 1.065 1.640 1.949 2.266 2.428 2.625 2.699 2.749 2.717 2.776 2.833 2.843 2.841 2.909 2.955 2.908 2.878 2.805 2.786 2.634 2.441 2.374 0.000 
7.500 2.510 1.052 1.627 1.930 2.241 2.404 2.600 2.675 2.723 2.695 2.754 2.810 2.822 2.823 2.892 2.940 2.895 2.867 2.795 2.777 2.626 2.430 2.361 0.000 
7.500 3.160 1.037 1.610 1.907 2.212 2.376 2.570 2.646 2.693 2.670 2.728 2.782 2.796 2.801 2.871 2.921 2.879 2.852 2.782 2.766 2.615 2.416 2.346 0.000 
7.500 3.980 1.019 1.590 1.881 2.177 2.344 2.536 2.612 2.658 2.640 2.697 2.750 2.766 2.775 2.847 2.898 2.859 2.835 2.767 2.751 2.602 2.399 2.328 0.000 
7.500 5.010 0.998 1.565 1.849 2.138 2.305 2.495 2.572 2.617 2.605 2.661 2.712 2.730 2.743 2.817 2.871 2.836 2.814 2.748 2.734 2.585 2.379 2.306 0.000 
7.500 6.310 0.972 1.536 1.812 2.092 2.261 2.449 2.527 2.571 2.564 2.619 2.669 2.689 2.707 2.783 2.839 2.807 2.788 2.726 2.712 2.565 2.354 2.279 0.000 
7.500 7.940 0.942 1.502 1.769 2.041 2.211 2.396 2.476 2.518 2.517 2.571 2.619 2.641 2.665 2.742 2.801 2.774 2.757 2.698 2.686 2.541 2.324 2.247 0.000 
7.500 10.000 0.907 1.462 1.721 1.984 2.155 2.338 2.418 2.459 2.464 2.517 2.563 2.588 2.616 2.695 2.758 2.734 2.721 2.665 2.655 2.511 2.289 2.209 0.000 
7.500 12.590 0.866 1.416 1.666 1.920 2.093 2.274 2.355 2.394 2.405 2.456 2.501 2.528 2.561 2.642 2.707 2.688 2.678 2.626 2.618 2.475 2.247 2.164 0.000 
7.500 15.850 0.820 1.364 1.605 1.851 2.025 2.203 2.285 2.324 2.340 2.390 2.433 2.462 2.500 2.582 2.650 2.634 2.628 2.580 2.573 2.432 2.197 2.112 0.000 
7.500 19.950 0.768 1.305 1.537 1.777 1.952 2.128 2.210 2.247 2.268 2.317 2.359 2.390 2.432 2.516 2.585 2.573 2.569 2.526 2.520 2.381 2.140 2.053 0.000 
7.500 25.120 0.710 1.239 1.464 1.697 1.872 2.046 2.129 2.166 2.191 2.239 2.279 2.311 2.358 2.442 2.513 2.504 2.503 2.463 2.459 2.321 2.074 1.985 0.000 
7.500 31.620 0.646 1.167 1.385 1.613 1.788 1.960 2.043 2.079 2.108 2.155 2.194 2.227 2.277 2.362 2.433 2.426 2.427 2.390 2.387 2.251 1.998 1.908 0.000 
7.500 39.810 0.576 1.088 1.300 1.524 1.699 1.869 1.952 1.988 2.020 2.065 2.103 2.137 2.190 2.274 2.345 2.340 2.342 2.307 2.305 2.169 1.911 1.822 0.000 
7.500 50.120 0.500 1.002 1.209 1.431 1.605 1.774 1.856 1.892 1.926 1.970 2.007 2.042 2.096 2.179 2.249 2.243 2.246 2.213 2.210 2.074 1.813 1.725 0.000 
7.500 63.100 0.418 0.910 1.114 1.334 1.506 1.673 1.754 1.791 1.827 1.870 1.905 1.940 1.996 2.077 2.144 2.137 2.139 2.106 2.101 1.965 1.703 1.618 0.000 
7.500 79.430 0.330 0.810 1.012 1.233 1.402 1.568 1.648 1.685 1.722 1.764 1.798 1.833 1.889 1.967 2.030 2.019 2.019 1.984 1.978 1.839 1.579 1.498 0.000 
7.500 100.000 0.234 0.703 0.905 1.127 1.293 1.457 1.535 1.574 1.611 1.652 1.684 1.718 1.774 1.849 1.906 1.888 1.884 1.847 1.837 1.694 1.438 1.365 0.000 
7.500 125.890 0.131 0.588 0.791 1.016 1.179 1.340 1.416 1.456 1.493 1.532 1.563 1.596 1.651 1.720 1.769 1.743 1.732 1.690 1.675 1.527 1.278 1.215 0.000 
7.500 158.490 0.020 0.464 0.670 0.900 1.057 1.216 1.289 1.331 1.368 1.405 1.434 1.466 1.518 1.580 1.618 1.579 1.561 1.512 1.489 1.333 1.097 1.047 0.000 
7.500 199.530 -0.102 0.329 0.541 0.778 0.928 1.084 1.153 1.198 1.233 1.268 1.295 1.324 1.373 1.426 1.449 1.395 1.366 1.306 1.273 1.107 0.888 0.856 0.000 
7.500 251.190 -0.236 0.182 0.402 0.648 0.789 0.942 1.006 1.054 1.088 1.119 1.144 1.170 1.215 1.255 1.260 1.185 1.142 1.068 1.022 0.843 0.646 0.636 0.000 
7.500 316.230 -0.385 0.020 0.250 0.508 0.639 0.787 0.845 0.898 0.929 0.957 0.979 1.000 1.039 1.063 1.046 0.944 0.882 0.790 0.727 0.530 0.363 0.383 0.000 
7.500 398.110 -0.552 -0.160 0.083 0.358 0.475 0.618 0.667 0.727 0.753 0.777 0.795 0.811 0.841 0.846 0.799 0.664 0.577 0.462 0.377 0.158 0.030 0.088 0.000 
7.500 501.190 -0.741 -0.363 -0.102 0.194 0.292 0.429 0.469 0.535 0.556 0.574 0.588 0.597 0.617 0.597 0.513 0.334 0.217 0.072 -0.041 -0.288 -0.365 -0.261 0.000 
7.500 630.960 -0.959 -0.594 -0.310 0.012 0.088 0.217 0.244 0.320 0.334 0.345 0.353 0.353 0.360 0.309 0.178 -0.056 -0.212 -0.395 -0.543 -0.826 -0.840 -0.676 0.000 
7.500 794.330 -1.211 -0.860 -0.547 -0.191 -0.143 -0.024 -0.014 0.074 0.079 0.082 0.083 0.071 0.062 -0.029 -0.220 -0.522 -0.728 -0.960 -1.152 -1.480 -1.413 -1.173 0.000 
7.500 1000.000 -1.508 -1.170 -0.820 -0.422 -0.409 -0.303 -0.314 -0.210 -0.217 -0.225 -0.233 -0.258 -0.289 -0.430 -0.695 -1.085 -1.353 -1.646 -1.894 -2.280 -2.110 -1.775 0.000 
7.750 1.000 1.139 1.712 2.038 2.370 2.527 2.726 2.789 2.837 2.785 2.844 2.902 2.904 2.889 2.960 3.003 2.952 2.916 2.835 2.813 2.659 2.469 2.406 0.000 
7.750 1.260 1.133 1.706 2.030 2.359 2.517 2.715 2.778 2.826 2.776 2.834 2.892 2.894 2.881 2.952 2.997 2.947 2.911 2.831 2.809 2.655 2.464 2.401 0.000 
7.750 1.580 1.127 1.699 2.020 2.345 2.504 2.701 2.765 2.812 2.764 2.822 2.879 2.883 2.872 2.943 2.988 2.939 2.904 2.826 2.804 2.650 2.458 2.394 0.000 
7.750 2.000 1.119 1.690 2.008 2.328 2.488 2.684 2.749 2.795 2.750 2.808 2.864 2.868 2.860 2.932 2.978 2.931 2.897 2.819 2.798 2.645 2.451 2.386 0.000 
7.750 2.510 1.110 1.679 1.992 2.308 2.469 2.663 2.729 2.774 2.733 2.790 2.845 2.851 2.845 2.918 2.965 2.920 2.887 2.811 2.791 2.638 2.442 2.376 0.000 
7.750 3.160 1.098 1.665 1.974 2.284 2.446 2.638 2.705 2.749 2.713 2.769 2.822 2.830 2.827 2.901 2.950 2.906 2.875 2.801 2.781 2.629 2.431 2.364 0.000 
7.750 3.980 1.084 1.649 1.952 2.255 2.418 2.609 2.677 2.720 2.688 2.743 2.795 2.805 2.806 2.880 2.931 2.890 2.861 2.788 2.769 2.618 2.417 2.349 0.000 
7.750 5.010 1.066 1.629 1.926 2.221 2.386 2.575 2.644 2.685 2.659 2.713 2.764 2.775 2.780 2.856 2.908 2.870 2.843 2.773 2.755 2.604 2.400 2.331 0.000 
7.750 6.310 1.045 1.605 1.894 2.182 2.348 2.535 2.605 2.645 2.624 2.677 2.727 2.740 2.749 2.826 2.881 2.846 2.821 2.754 2.737 2.587 2.380 2.308 0.000 
7.750 7.940 1.020 1.576 1.858 2.137 2.305 2.489 2.560 2.599 2.584 2.636 2.684 2.699 2.714 2.792 2.848 2.817 2.795 2.730 2.715 2.566 2.355 2.281 0.000 
7.750 10.000 0.991 1.543 1.816 2.086 2.255 2.437 2.510 2.547 2.538 2.589 2.635 2.653 2.672 2.751 2.810 2.782 2.763 2.702 2.688 2.541 2.324 2.249 0.000 
7.750 12.590 0.956 1.503 1.767 2.029 2.200 2.379 2.453 2.489 2.486 2.535 2.579 2.600 2.624 2.704 2.765 2.741 2.726 2.668 2.656 2.510 2.288 2.211 0.000 
7.750 15.850 0.916 1.457 1.712 1.966 2.138 2.315 2.390 2.424 2.427 2.475 2.518 2.540 2.569 2.650 2.714 2.694 2.681 2.627 2.617 2.473 2.245 2.165 0.000 
7.750 19.950 0.871 1.405 1.651 1.897 2.070 2.245 2.320 2.354 2.362 2.409 2.449 2.474 2.508 2.590 2.655 2.638 2.629 2.579 2.570 2.428 2.194 2.112 0.000 
7.750 25.120 0.819 1.346 1.584 1.822 1.996 2.169 2.245 2.278 2.291 2.336 2.375 2.401 2.439 2.522 2.588 2.575 2.569 2.523 2.515 2.374 2.134 2.051 0.000 
7.750 31.620 0.761 1.280 1.510 1.742 1.916 2.087 2.163 2.196 2.213 2.257 2.295 2.322 2.364 2.447 2.514 2.503 2.499 2.456 2.450 2.310 2.064 1.981 0.000 
7.750 39.810 0.697 1.206 1.430 1.657 1.831 2.000 2.076 2.108 2.130 2.172 2.208 2.237 2.282 2.365 2.431 2.421 2.419 2.380 2.374 2.235 1.984 1.901 0.000 
7.750 50.120 0.626 1.126 1.344 1.568 1.741 1.907 1.984 2.016 2.040 2.082 2.116 2.145 2.193 2.274 2.340 2.330 2.329 2.291 2.285 2.147 1.893 1.810 0.000 
7.750 63.100 0.548 1.038 1.252 1.473 1.645 1.810 1.885 1.918 1.945 1.985 2.018 2.047 2.097 2.176 2.239 2.228 2.226 2.190 2.183 2.044 1.788 1.708 0.000 
7.750 79.430 0.464 0.943 1.153 1.374 1.544 1.707 1.781 1.814 1.843 1.881 1.913 1.943 1.993 2.070 2.128 2.114 2.110 2.073 2.065 1.924 1.668 1.593 0.000 
7.750 100.000 0.372 0.839 1.049 1.270 1.437 1.598 1.671 1.704 1.734 1.772 1.801 1.831 1.882 1.954 2.007 1.986 1.980 1.940 1.929 1.785 1.532 1.464 0.000 
7.750 125.890 0.271 0.727 0.937 1.161 1.324 1.483 1.553 1.589 1.619 1.654 1.682 1.711 1.761 1.827 1.872 1.844 1.832 1.788 1.771 1.623 1.377 1.318 0.000 
7.750 158.490 0.162 0.606 0.818 1.046 1.204 1.360 1.428 1.465 1.495 1.529 1.555 1.582 1.630 1.689 1.723 1.683 1.663 1.613 1.589 1.433 1.198 1.153 0.000 
7.750 199.530 0.042 0.473 0.690 0.925 1.076 1.229 1.293 1.333 1.362 1.393 1.417 1.442 1.487 1.536 1.557 1.501 1.470 1.410 1.377 1.211 0.992 0.964 0.000 
7.750 251.190 -0.090 0.328 0.552 0.796 0.938 1.088 1.147 1.190 1.217 1.246 1.267 1.288 1.329 1.367 1.369 1.293 1.248 1.174 1.128 0.950 0.752 0.747 0.000 
7.750 316.230 -0.238 0.167 0.401 0.657 0.789 0.934 0.987 1.035 1.059 1.084 1.102 1.119 1.154 1.176 1.156 1.053 0.989 0.898 0.836 0.640 0.472 0.496 0.000 
7.750 398.110 -0.404 -0.012 0.236 0.508 0.625 0.765 0.810 0.864 0.884 0.904 0.919 0.931 0.958 0.960 0.910 0.773 0.686 0.572 0.488 0.270 0.141 0.201 0.000 
7.750 501.190 -0.592 -0.214 0.051 0.344 0.443 0.577 0.612 0.673 0.688 0.703 0.713 0.718 0.734 0.712 0.625 0.445 0.327 0.184 0.072 -0.174 -0.254 -0.146 0.000 
7.750 630.960 -0.809 -0.444 -0.156 0.162 0.239 0.365 0.387 0.458 0.466 0.474 0.478 0.474 0.478 0.424 0.290 0.055 -0.101 -0.283 -0.429 -0.711 -0.727 -0.560 0.000 
7.750 794.330 -1.061 -0.710 -0.393 -0.041 0.008 0.124 0.129 0.212 0.211 0.211 0.208 0.193 0.180 0.086 -0.107 -0.411 -0.616 -0.846 -1.037 -1.364 -1.300 -1.057 0.000 
7.750 1000.000 -1.357 -1.019 -0.666 -0.271 -0.258 -0.155 -0.170 -0.072 -0.084 -0.095 -0.107 -0.137 -0.171 -0.314 -0.582 -0.973 -1.240 -1.531 -1.778 -2.163 -1.996 -1.658 0.000 
8.000 1.000 1.178 1.745 2.079 2.413 2.568 2.765 2.820 2.864 2.802 2.858 2.915 2.913 2.894 2.971 3.016 2.967 2.927 2.844 2.820 2.665 2.474 2.412 0.000 
8.000 1.260 1.174 1.741 2.073 2.404 2.560 2.756 2.811 2.855 2.795 2.850 2.907 2.906 2.888 2.965 3.011 2.962 2.923 2.841 2.817 2.662 2.470 2.408 0.000 
8.000 1.580 1.169 1.735 2.065 2.393 2.549 2.744 2.801 2.844 2.786 2.841 2.897 2.897 2.881 2.957 3.004 2.956 2.918 2.836 2.813 2.658 2.466 2.403 0.000 
8.000 2.000 1.163 1.728 2.055 2.379 2.537 2.731 2.788 2.830 2.775 2.830 2.885 2.885 2.871 2.948 2.995 2.949 2.912 2.831 2.808 2.653 2.460 2.397 0.000 
8.000 2.510 1.156 1.719 2.043 2.363 2.521 2.714 2.772 2.814 2.761 2.816 2.870 2.871 2.859 2.937 2.985 2.940 2.904 2.824 2.801 2.648 2.452 2.389 0.000 
8.000 3.160 1.147 1.709 2.028 2.343 2.502 2.694 2.752 2.794 2.745 2.798 2.852 2.855 2.845 2.923 2.972 2.929 2.894 2.816 2.794 2.640 2.443 2.379 0.000 
8.000 3.980 1.135 1.695 2.010 2.319 2.480 2.670 2.729 2.769 2.725 2.778 2.830 2.834 2.828 2.906 2.957 2.915 2.882 2.805 2.784 2.631 2.432 2.366 0.000 
8.000 5.010 1.121 1.679 1.988 2.291 2.453 2.641 2.702 2.741 2.701 2.753 2.804 2.809 2.807 2.886 2.937 2.898 2.867 2.792 2.772 2.620 2.418 2.351 0.000 
8.000 6.310 1.104 1.659 1.962 2.257 2.421 2.607 2.669 2.707 2.672 2.723 2.772 2.780 2.781 2.861 2.914 2.878 2.848 2.776 2.757 2.605 2.401 2.333 0.000 
8.000 7.940 1.084 1.636 1.931 2.218 2.384 2.568 2.631 2.667 2.638 2.688 2.736 2.746 2.751 2.831 2.886 2.853 2.826 2.756 2.738 2.588 2.379 2.310 0.000 
8.000 10.000 1.060 1.607 1.895 2.174 2.341 2.522 2.587 2.622 2.599 2.648 2.693 2.705 2.716 2.796 2.853 2.823 2.799 2.732 2.715 2.566 2.354 2.283 0.000 
8.000 12.590 1.031 1.574 1.853 2.123 2.292 2.471 2.537 2.570 2.554 2.601 2.645 2.659 2.674 2.756 2.814 2.787 2.766 2.703 2.687 2.540 2.322 2.250 0.000 
8.000 15.850 0.997 1.534 1.805 2.066 2.236 2.413 2.481 2.513 2.502 2.548 2.590 2.606 2.626 2.708 2.769 2.745 2.727 2.667 2.653 2.507 2.285 2.211 0.000 
8.000 19.950 0.957 1.489 1.750 2.003 2.175 2.349 2.418 2.448 2.444 2.488 2.528 2.547 2.572 2.654 2.716 2.695 2.681 2.625 2.612 2.468 2.240 2.164 0.000 
8.000 25.120 0.912 1.436 1.689 1.934 2.107 2.278 2.348 2.378 2.379 2.422 2.460 2.480 2.510 2.592 2.655 2.638 2.626 2.574 2.563 2.420 2.186 2.110 0.000 
8.000 31.620 0.860 1.376 1.621 1.859 2.032 2.202 2.272 2.301 2.307 2.349 2.385 2.407 2.441 2.523 2.587 2.572 2.562 2.514 2.504 2.363 2.124 2.046 0.000 
8.000 39.810 0.802 1.309 1.547 1.779 1.952 2.119 2.190 2.218 2.229 2.270 2.304 2.327 2.365 2.446 2.509 2.496 2.489 2.444 2.435 2.294 2.050 1.973 0.000 
8.000 50.120 0.736 1.235 1.465 1.693 1.866 2.031 2.102 2.130 2.144 2.183 2.216 2.240 2.281 2.361 2.423 2.410 2.404 2.361 2.353 2.213 1.965 1.889 0.000 
8.000 63.100 0.664 1.152 1.378 1.602 1.773 1.937 2.007 2.035 2.053 2.091 2.121 2.146 2.190 2.267 2.327 2.312 2.307 2.266 2.257 2.116 1.866 1.793 0.000 
8.000 79.430 0.584 1.062 1.283 1.505 1.675 1.837 1.906 1.935 1.955 1.991 2.020 2.045 2.090 2.164 2.220 2.202 2.196 2.155 2.145 2.003 1.752 1.683 0.000 
8.000 100.000 0.496 0.962 1.182 1.404 1.571 1.730 1.798 1.828 1.850 1.884 1.911 1.936 1.982 2.052 2.102 2.079 2.069 2.027 2.015 1.870 1.621 1.559 0.000 
8.000 125.890 0.399 0.854 1.073 1.297 1.460 1.617 1.683 1.714 1.737 1.769 1.795 1.819 1.864 1.928 1.970 1.939 1.925 1.880 1.862 1.713 1.470 1.417 0.000 
8.000 158.490 0.293 0.736 0.956 1.184 1.342 1.496 1.559 1.592 1.615 1.645 1.669 1.692 1.735 1.793 1.824 1.782 1.760 1.708 1.684 1.528 1.296 1.255 0.000 
8.000 199.530 0.175 0.606 0.830 1.064 1.215 1.366 1.426 1.461 1.484 1.512 1.533 1.553 1.594 1.642 1.660 1.602 1.570 1.509 1.476 1.311 1.093 1.069 0.000 
8.000 251.190 0.045 0.463 0.693 0.936 1.079 1.226 1.281 1.320 1.341 1.366 1.384 1.401 1.438 1.474 1.474 1.396 1.350 1.277 1.231 1.053 0.856 0.855 0.000 
8.000 316.230 -0.101 0.304 0.544 0.798 0.930 1.073 1.122 1.165 1.184 1.205 1.220 1.233 1.265 1.285 1.262 1.157 1.094 1.003 0.941 0.746 0.578 0.606 0.000 
8.000 398.110 -0.265 0.126 0.379 0.649 0.767 0.905 0.946 0.995 1.009 1.026 1.038 1.046 1.069 1.070 1.017 0.879 0.792 0.679 0.596 0.379 0.249 0.313 0.000 
8.000 501.190 -0.453 -0.075 0.195 0.486 0.586 0.718 0.748 0.805 0.814 0.825 0.832 0.833 0.847 0.823 0.733 0.552 0.435 0.292 0.182 -0.062 -0.144 -0.033 0.000 
8.000 630.960 -0.668 -0.304 -0.012 0.305 0.383 0.506 0.524 0.590 0.593 0.597 0.598 0.590 0.591 0.535 0.399 0.164 0.007 -0.173 -0.318 -0.597 -0.616 -0.445 0.000 
8.000 794.330 -0.920 -0.569 -0.248 0.102 0.152 0.265 0.267 0.345 0.339 0.335 0.329 0.309 0.294 0.198 0.002 -0.302 -0.507 -0.735 -0.924 -1.249 -1.187 -0.941 0.000 
8.000 1000.000 -1.215 -0.878 -0.520 -0.128 -0.113 -0.013 -0.032 0.061 0.044 0.029 0.014 -0.019 -0.056 -0.202 -0.472 -0.863 -1.130 -1.419 -1.664 -2.046 -1.883 -1.542 0.000 
8.250 1.000 1.208 1.769 2.111 2.446 2.600 2.794 2.842 2.883 2.812 2.866 2.922 2.917 2.894 2.977 3.025 2.978 2.936 2.851 2.826 2.671 2.479 2.418 0.000 
8.250 1.260 1.205 1.766 2.106 2.439 2.593 2.787 2.836 2.876 2.806 2.860 2.916 2.911 2.889 2.972 3.021 2.974 2.933 2.848 2.823 2.668 2.475 2.414 0.000 
8.250 1.580 1.201 1.761 2.099 2.430 2.585 2.778 2.827 2.868 2.799 2.852 2.908 2.904 2.883 2.966 3.015 2.970 2.929 2.844 2.820 2.665 2.472 2.410 0.000 
8.250 2.000 1.196 1.756 2.092 2.419 2.575 2.768 2.817 2.857 2.790 2.843 2.898 2.895 2.876 2.959 3.008 2.964 2.923 2.840 2.815 2.661 2.467 2.405 0.000 
8.250 2.510 1.191 1.749 2.082 2.406 2.563 2.754 2.804 2.843 2.780 2.832 2.887 2.884 2.867 2.949 3.000 2.956 2.917 2.834 2.810 2.656 2.461 2.399 0.000 
8.250 3.160 1.183 1.740 2.070 2.390 2.547 2.738 2.789 2.827 2.767 2.818 2.872 2.870 2.855 2.938 2.989 2.947 2.908 2.827 2.803 2.650 2.453 2.390 0.000 
8.250 3.980 1.174 1.729 2.055 2.370 2.529 2.718 2.770 2.807 2.751 2.802 2.854 2.854 2.841 2.924 2.976 2.935 2.898 2.818 2.795 2.642 2.444 2.380 0.000 
8.250 5.010 1.164 1.716 2.038 2.347 2.507 2.694 2.747 2.784 2.731 2.781 2.833 2.833 2.824 2.907 2.960 2.921 2.886 2.807 2.785 2.632 2.432 2.368 0.000 
8.250 6.310 1.150 1.700 2.016 2.319 2.480 2.666 2.720 2.755 2.708 2.757 2.807 2.809 2.803 2.887 2.941 2.904 2.870 2.794 2.772 2.620 2.418 2.353 0.000 
8.250 7.940 1.134 1.681 1.990 2.286 2.449 2.632 2.688 2.722 2.680 2.728 2.776 2.780 2.778 2.862 2.917 2.882 2.851 2.777 2.756 2.605 2.400 2.334 0.000 
8.250 10.000 1.114 1.657 1.960 2.247 2.412 2.593 2.651 2.683 2.647 2.694 2.740 2.746 2.748 2.832 2.889 2.857 2.828 2.756 2.737 2.587 2.378 2.311 0.000 
8.250 12.590 1.090 1.629 1.924 2.203 2.369 2.548 2.607 2.639 2.608 2.654 2.698 2.706 2.713 2.797 2.855 2.826 2.799 2.731 2.713 2.564 2.351 2.283 0.000 
8.250 15.850 1.062 1.595 1.882 2.152 2.320 2.497 2.558 2.587 2.563 2.608 2.650 2.660 2.672 2.756 2.815 2.788 2.765 2.700 2.683 2.536 2.318 2.249 0.000 
8.250 19.950 1.028 1.556 1.834 2.096 2.265 2.440 2.501 2.530 2.512 2.555 2.595 2.607 2.624 2.708 2.768 2.744 2.724 2.663 2.647 2.501 2.279 2.209 0.000 
8.250 25.120 0.989 1.510 1.779 2.032 2.203 2.375 2.438 2.466 2.454 2.495 2.533 2.548 2.569 2.652 2.713 2.693 2.675 2.618 2.604 2.459 2.232 2.161 0.000 
8.250 31.620 0.943 1.457 1.717 1.963 2.135 2.304 2.369 2.395 2.389 2.429 2.465 2.481 2.507 2.589 2.650 2.632 2.618 2.564 2.551 2.407 2.175 2.104 0.000 
8.250 39.810 0.891 1.397 1.649 1.888 2.060 2.227 2.292 2.317 2.317 2.355 2.389 2.407 2.437 2.518 2.579 2.562 2.550 2.499 2.488 2.345 2.109 2.037 0.000 
8.250 50.120 0.832 1.328 1.573 1.806 1.979 2.143 2.209 2.233 2.238 2.275 2.306 2.325 2.359 2.439 2.498 2.481 2.471 2.424 2.413 2.270 2.030 1.960 0.000 
8.250 63.100 0.765 1.252 1.490 1.719 1.891 2.053 2.118 2.143 2.151 2.187 2.216 2.236 2.273 2.350 2.407 2.389 2.380 2.334 2.323 2.181 1.938 1.870 0.000 
8.250 79.430 0.690 1.167 1.400 1.626 1.796 1.956 2.021 2.046 2.058 2.091 2.119 2.139 2.178 2.252 2.305 2.284 2.274 2.230 2.218 2.074 1.830 1.766 0.000 
8.250 100.000 0.607 1.072 1.303 1.528 1.695 1.853 1.917 1.942 1.956 1.988 2.014 2.034 2.074 2.143 2.190 2.165 2.153 2.107 2.093 1.947 1.705 1.647 0.000 
8.250 125.890 0.514 0.968 1.197 1.423 1.587 1.742 1.804 1.831 1.846 1.876 1.900 1.919 1.959 2.023 2.063 2.030 2.013 1.965 1.946 1.796 1.559 1.511 0.000 
8.250 158.490 0.412 0.853 1.083 1.312 1.471 1.623 1.683 1.711 1.728 1.755 1.777 1.795 1.834 1.890 1.919 1.875 1.852 1.798 1.774 1.618 1.389 1.353 0.000 
8.250 199.530 0.297 0.727 0.959 1.193 1.346 1.495 1.551 1.582 1.598 1.623 1.642 1.659 1.695 1.742 1.757 1.698 1.665 1.603 1.570 1.405 1.190 1.171 0.000 
8.250 251.190 0.169 0.586 0.824 1.067 1.211 1.357 1.408 1.442 1.457 1.479 1.495 1.509 1.542 1.576 1.573 1.494 1.448 1.374 1.329 1.152 0.957 0.960 0.000 
8.250 316.230 0.026 0.430 0.677 0.930 1.064 1.205 1.250 1.289 1.302 1.320 1.333 1.342 1.370 1.389 1.363 1.258 1.194 1.104 1.043 0.849 0.682 0.713 0.000 
8.250 398.110 -0.137 0.254 0.513 0.782 0.902 1.038 1.075 1.119 1.129 1.142 1.151 1.155 1.176 1.175 1.120 0.982 0.894 0.782 0.700 0.485 0.355 0.423 0.000 
8.250 501.190 -0.323 0.055 0.331 0.620 0.722 0.851 0.878 0.930 0.934 0.943 0.947 0.944 0.955 0.929 0.837 0.656 0.539 0.397 0.289 0.046 -0.036 0.079 0.000 
8.250 630.960 -0.538 -0.173 0.124 0.439 0.519 0.640 0.654 0.716 0.714 0.715 0.713 0.702 0.700 0.642 0.504 0.269 0.113 -0.066 -0.209 -0.486 -0.506 -0.332 0.000 
8.250 794.330 -0.788 -0.437 -0.111 0.237 0.289 0.400 0.398 0.471 0.460 0.453 0.444 0.422 0.403 0.306 0.108 -0.196 -0.400 -0.627 -0.813 -1.136 -1.076 -0.827 0.000 
8.250 1000.000 -1.082 -0.745 -0.383 0.008 0.023 0.122 0.099 0.188 0.166 0.148 0.130 0.093 0.054 -0.093 -0.366 -0.757 -1.023 -1.310 -1.552 -1.932 -1.771 -1.426 0.000 
8.500 1.000 1.228 1.784 2.133 2.470 2.623 2.816 2.857 2.895 2.815 2.867 2.923 2.915 2.889 2.978 3.030 2.987 2.943 2.855 2.830 2.676 2.482 2.422 0.000 
8.500 1.260 1.226 1.781 2.129 2.465 2.618 2.810 2.852 2.890 2.811 2.862 2.918 2.910 2.885 2.974 3.026 2.983 2.940 2.853 2.828 2.674 2.480 2.420 0.000 
8.500 1.580 1.223 1.777 2.124 2.458 2.611 2.803 2.845 2.883 2.805 2.856 2.912 2.904 2.880 2.970 3.022 2.979 2.936 2.850 2.825 2.671 2.477 2.416 0.000 
8.500 2.000 1.219 1.773 2.118 2.449 2.603 2.795 2.837 2.874 2.798 2.849 2.904 2.897 2.874 2.964 3.016 2.974 2.932 2.846 2.821 2.668 2.473 2.412 0.000 
8.500 2.510 1.215 1.767 2.110 2.438 2.593 2.784 2.827 2.864 2.790 2.840 2.895 2.888 2.867 2.956 3.009 2.968 2.926 2.842 2.817 2.664 2.468 2.407 0.000 
8.500 3.160 1.209 1.760 2.101 2.425 2.581 2.771 2.815 2.851 2.780 2.830 2.883 2.878 2.858 2.947 3.001 2.960 2.919 2.836 2.811 2.658 2.461 2.400 0.000 
8.500 3.980 1.202 1.752 2.089 2.409 2.566 2.755 2.800 2.835 2.767 2.816 2.869 2.864 2.847 2.936 2.990 2.951 2.911 2.828 2.804 2.652 2.453 2.392 0.000 
8.500 5.010 1.194 1.741 2.075 2.390 2.548 2.735 2.781 2.815 2.751 2.800 2.851 2.848 2.833 2.922 2.976 2.939 2.900 2.819 2.795 2.643 2.444 2.382 0.000 
8.500 6.310 1.183 1.728 2.057 2.367 2.526 2.712 2.759 2.792 2.732 2.780 2.830 2.828 2.816 2.905 2.960 2.924 2.887 2.807 2.785 2.633 2.431 2.369 0.000 
8.500 7.940 1.170 1.712 2.036 2.339 2.500 2.684 2.733 2.764 2.709 2.756 2.805 2.804 2.795 2.884 2.940 2.906 2.871 2.793 2.771 2.620 2.416 2.353 0.000 
8.500 10.000 1.154 1.693 2.010 2.306 2.469 2.651 2.701 2.732 2.682 2.728 2.775 2.776 2.771 2.859 2.916 2.884 2.851 2.775 2.754 2.604 2.398 2.334 0.000 
8.500 12.590 1.135 1.670 1.980 2.268 2.432 2.612 2.664 2.693 2.649 2.694 2.739 2.742 2.741 2.829 2.887 2.857 2.826 2.753 2.733 2.584 2.375 2.310 0.000 
8.500 15.850 1.111 1.641 1.944 2.224 2.390 2.567 2.621 2.649 2.611 2.654 2.697 2.702 2.706 2.793 2.852 2.824 2.796 2.727 2.708 2.559 2.346 2.281 0.000 
8.500 19.950 1.083 1.608 1.902 2.173 2.341 2.516 2.572 2.598 2.567 2.609 2.649 2.656 2.664 2.751 2.810 2.785 2.760 2.694 2.676 2.529 2.312 2.246 0.000 
8.500 25.120 1.050 1.568 1.854 2.117 2.286 2.458 2.515 2.540 2.516 2.556 2.594 2.603 2.616 2.702 2.762 2.739 2.717 2.654 2.637 2.491 2.270 2.204 0.000 
8.500 31.620 1.011 1.522 1.799 2.053 2.224 2.394 2.452 2.476 2.458 2.496 2.532 2.543 2.561 2.645 2.705 2.684 2.665 2.605 2.590 2.445 2.220 2.153 0.000 
8.500 39.810 0.965 1.468 1.736 1.984 2.155 2.322 2.382 2.405 2.392 2.429 2.463 2.475 2.497 2.580 2.639 2.620 2.603 2.547 2.533 2.388 2.159 2.093 0.000 
8.500 50.120 0.912 1.406 1.667 1.907 2.079 2.244 2.304 2.326 2.319 2.355 2.386 2.400 2.426 2.507 2.564 2.545 2.530 2.477 2.464 2.320 2.087 2.023 0.000 
8.500 63.100 0.851 1.336 1.589 1.825 1.996 2.158 2.219 2.241 2.239 2.272 2.301 2.316 2.346 2.424 2.478 2.459 2.445 2.394 2.381 2.237 2.001 1.939 0.000 
8.500 79.430 0.782 1.257 1.504 1.736 1.906 2.066 2.126 2.148 2.150 2.182 2.208 2.224 2.256 2.331 2.381 2.359 2.345 2.296 2.282 2.137 1.900 1.842 0.000 
8.500 100.000 0.704 1.168 1.411 1.641 1.809 1.966 2.025 2.048 2.053 2.083 2.107 2.123 2.157 2.227 2.272 2.245 2.229 2.180 2.164 2.017 1.781 1.730 0.000 
8.500 125.890 0.616 1.069 1.310 1.539 1.704 1.858 1.916 1.939 1.947 1.975 1.997 2.012 2.047 2.110 2.148 2.114 2.094 2.043 2.023 1.873 1.641 1.598 0.000 
8.500 158.490 0.517 0.958 1.199 1.430 1.590 1.742 1.797 1.823 1.832 1.857 1.877 1.891 1.925 1.981 2.008 1.963 1.937 1.882 1.857 1.700 1.476 1.446 0.000 
8.500 199.530 0.407 0.836 1.078 1.314 1.468 1.616 1.668 1.696 1.705 1.728 1.745 1.757 1.790 1.836 1.849 1.789 1.755 1.691 1.658 1.493 1.282 1.269 0.000 
8.500 251.190 0.282 0.698 0.945 1.189 1.335 1.479 1.527 1.557 1.566 1.586 1.600 1.609 1.639 1.672 1.668 1.589 1.541 1.466 1.422 1.245 1.053 1.061 0.000 
8.500 316.230 0.141 0.545 0.800 1.054 1.189 1.329 1.370 1.406 1.413 1.428 1.439 1.445 1.469 1.487 1.460 1.355 1.290 1.199 1.139 0.947 0.782 0.818 0.000 
8.500 398.110 -0.020 0.371 0.638 0.907 1.028 1.163 1.196 1.237 1.241 1.252 1.259 1.260 1.277 1.275 1.218 1.080 0.993 0.881 0.800 0.587 0.458 0.530 0.000 
8.500 501.190 -0.204 0.174 0.456 0.745 0.849 0.977 1.001 1.049 1.048 1.054 1.056 1.049 1.057 1.030 0.937 0.756 0.639 0.499 0.392 0.152 0.070 0.189 0.000 
8.500 630.960 -0.417 -0.053 0.251 0.566 0.647 0.767 0.778 0.836 0.829 0.827 0.823 0.808 0.804 0.745 0.605 0.370 0.215 0.038 -0.103 -0.378 -0.399 -0.221 0.000 
8.500 794.330 -0.666 -0.315 0.017 0.364 0.418 0.527 0.522 0.592 0.576 0.566 0.555 0.529 0.508 0.410 0.210 -0.093 -0.297 -0.521 -0.705 -1.025 -0.967 -0.714 0.000 
8.500 1000.000 -0.959 -0.622 -0.254 0.135 0.153 0.250 0.224 0.309 0.283 0.262 0.241 0.201 0.159 0.011 -0.263 -0.653 -0.919 -1.203 -1.442 -1.819 -1.660 -1.312 0.000 
8.750 1.000 1.239 1.789 2.146 2.486 2.638 2.830 2.865 2.900 2.812 2.862 2.918 2.907 2.879 2.976 3.032 2.992 2.947 2.858 2.833 2.681 2.486 2.427 0.000 
8.750 1.260 1.237 1.787 2.143 2.481 2.634 2.825 2.860 2.896 2.809 2.858 2.914 2.903 2.876 2.973 3.029 2.990 2.944 2.856 2.831 2.679 2.484 2.424 0.000 
8.750 1.580 1.235 1.784 2.139 2.476 2.629 2.820 2.855 2.890 2.804 2.854 2.910 2.899 2.872 2.969 3.025 2.986 2.941 2.854 2.829 2.677 2.481 2.422 0.000 
8.750 2.000 1.232 1.780 2.134 2.469 2.622 2.813 2.849 2.884 2.799 2.848 2.904 2.893 2.867 2.964 3.020 2.982 2.938 2.851 2.826 2.674 2.478 2.418 0.000 
8.750 2.510 1.229 1.776 2.128 2.460 2.614 2.804 2.841 2.875 2.793 2.841 2.896 2.886 2.861 2.958 3.014 2.977 2.933 2.847 2.822 2.670 2.473 2.414 0.000 
8.750 3.160 1.225 1.770 2.121 2.450 2.605 2.794 2.831 2.865 2.784 2.833 2.887 2.878 2.854 2.950 3.007 2.970 2.927 2.842 2.817 2.666 2.468 2.408 0.000 
8.750 3.980 1.219 1.764 2.111 2.437 2.593 2.781 2.819 2.852 2.774 2.822 2.875 2.867 2.845 2.941 2.998 2.962 2.920 2.835 2.811 2.660 2.461 2.401 0.000 
8.750 5.010 1.213 1.755 2.100 2.421 2.578 2.765 2.804 2.837 2.762 2.809 2.861 2.854 2.834 2.930 2.987 2.952 2.911 2.827 2.803 2.653 2.453 2.393 0.000 
8.750 6.310 1.204 1.745 2.085 2.402 2.560 2.746 2.786 2.818 2.747 2.793 2.844 2.838 2.820 2.916 2.973 2.940 2.900 2.817 2.794 2.644 2.443 2.382 0.000 
8.750 7.940 1.194 1.732 2.068 2.379 2.538 2.723 2.765 2.795 2.728 2.774 2.823 2.818 2.803 2.898 2.957 2.924 2.886 2.805 2.782 2.632 2.430 2.369 0.000 
8.750 10.000 1.181 1.716 2.047 2.352 2.512 2.695 2.738 2.767 2.705 2.750 2.798 2.795 2.783 2.877 2.936 2.905 2.869 2.790 2.768 2.618 2.414 2.353 0.000 
8.750 12.590 1.166 1.696 2.021 2.319 2.482 2.662 2.707 2.735 2.678 2.722 2.768 2.766 2.758 2.852 2.911 2.882 2.847 2.771 2.750 2.601 2.394 2.333 0.000 
8.750 15.850 1.147 1.673 1.991 2.281 2.445 2.624 2.671 2.697 2.646 2.689 2.733 2.733 2.729 2.821 2.881 2.853 2.821 2.747 2.727 2.579 2.369 2.308 0.000 
8.750 19.950 1.123 1.644 1.955 2.237 2.403 2.579 2.628 2.653 2.608 2.649 2.691 2.693 2.693 2.785 2.844 2.819 2.789 2.718 2.699 2.552 2.339 2.277 0.000 
8.750 25.120 1.095 1.610 1.913 2.186 2.354 2.528 2.578 2.602 2.564 2.603 2.643 2.647 2.652 2.742 2.801 2.778 2.751 2.683 2.665 2.518 2.302 2.240 0.000 
8.750 31.620 1.062 1.570 1.864 2.129 2.299 2.470 2.522 2.544 2.513 2.551 2.588 2.593 2.603 2.691 2.750 2.728 2.704 2.639 2.622 2.476 2.257 2.196 0.000 
8.750 39.810 1.022 1.523 1.809 2.066 2.236 2.404 2.458 2.479 2.454 2.490 2.525 2.532 2.546 2.632 2.691 2.670 2.648 2.587 2.570 2.425 2.203 2.142 0.000 
8.750 50.120 0.975 1.467 1.745 1.995 2.166 2.332 2.386 2.407 2.388 2.422 2.454 2.463 2.481 2.565 2.621 2.601 2.581 2.523 2.507 2.362 2.137 2.078 0.000 
8.750 63.100 0.921 1.404 1.674 1.918 2.089 2.252 2.307 2.327 2.314 2.346 2.375 2.385 2.408 2.488 2.542 2.520 2.501 2.446 2.431 2.286 2.058 2.001 0.000 
8.750 79.430 0.858 1.331 1.594 1.834 2.004 2.164 2.219 2.239 2.231 2.261 2.288 2.299 2.324 2.400 2.450 2.426 2.408 2.354 2.338 2.192 1.963 1.911 0.000 
8.750 100.000 0.786 1.248 1.506 1.742 1.911 2.068 2.123 2.143 2.139 2.167 2.192 2.203 2.231 2.301 2.345 2.317 2.297 2.244 2.227 2.079 1.851 1.805 0.000 
8.750 125.890 0.703 1.155 1.409 1.644 1.810 1.964 2.018 2.039 2.038 2.064 2.085 2.096 2.126 2.190 2.226 2.191 2.168 2.113 2.093 1.941 1.717 1.680 0.000 
8.750 158.490 0.610 1.050 1.303 1.539 1.700 1.851 1.903 1.925 1.927 1.950 1.969 1.979 2.008 2.065 2.090 2.044 2.016 1.958 1.932 1.775 1.558 1.533 0.000 
8.750 199.530 0.503 0.931 1.185 1.425 1.580 1.728 1.777 1.801 1.804 1.824 1.840 1.848 1.877 1.923 1.935 1.875 1.838 1.773 1.739 1.575 1.369 1.361 0.000 
8.750 251.190 0.382 0.798 1.056 1.302 1.449 1.593 1.637 1.665 1.668 1.685 1.698 1.703 1.729 1.762 1.757 1.677 1.628 1.553 1.508 1.333 1.145 1.158 0.000 
8.750 316.230 0.244 0.648 0.912 1.169 1.305 1.444 1.483 1.515 1.516 1.530 1.539 1.541 1.562 1.580 1.551 1.446 1.381 1.290 1.231 1.040 0.878 0.918 0.000 
8.750 398.110 0.087 0.477 0.752 1.023 1.146 1.280 1.311 1.348 1.347 1.356 1.361 1.358 1.372 1.370 1.312 1.175 1.086 0.975 0.896 0.685 0.558 0.634 0.000 
8.750 501.190 -0.095 0.282 0.573 0.862 0.968 1.095 1.117 1.161 1.156 1.159 1.159 1.149 1.154 1.127 1.032 0.852 0.735 0.596 0.491 0.253 0.172 0.295 0.000 
8.750 630.960 -0.306 0.057 0.369 0.684 0.767 0.886 0.895 0.949 0.938 0.934 0.927 0.909 0.902 0.843 0.702 0.468 0.313 0.138 -0.001 -0.273 -0.293 -0.111 0.000 
8.750 794.330 -0.554 -0.203 0.136 0.483 0.539 0.647 0.640 0.706 0.686 0.673 0.660 0.631 0.607 0.509 0.308 0.006 -0.197 -0.419 -0.601 -0.917 -0.859 -0.603 0.000 
8.750 1000.000 -0.846 -0.509 -0.134 0.254 0.275 0.370 0.343 0.424 0.393 0.370 0.347 0.304 0.260 0.111 -0.164 -0.553 -0.817 -1.099 -1.335 -1.708 -1.550 -1.199 0.000 
9.000 1.000 1.241 1.785 2.151 2.493 2.644 2.836 2.865 2.898 2.803 2.851 2.908 2.894 2.864 2.969 3.029 2.995 2.948 2.860 2.835 2.686 2.489 2.430 0.000 
9.000 1.260 1.240 1.783 2.148 2.489 2.641 2.832 2.862 2.895 2.801 2.848 2.905 2.891 2.861 2.966 3.027 2.993 2.946 2.858 2.833 2.684 2.487 2.429 0.000 
9.000 1.580 1.238 1.781 2.145 2.485 2.637 2.828 2.858 2.891 2.797 2.845 2.901 2.888 2.858 2.963 3.024 2.990 2.944 2.856 2.831 2.682 2.485 2.426 0.000 
9.000 2.000 1.236 1.778 2.141 2.479 2.632 2.822 2.853 2.885 2.793 2.841 2.896 2.883 2.855 2.959 3.020 2.987 2.941 2.853 2.829 2.679 2.482 2.423 0.000 
9.000 2.510 1.233 1.775 2.136 2.473 2.626 2.816 2.847 2.879 2.788 2.835 2.890 2.878 2.850 2.954 3.015 2.982 2.937 2.849 2.825 2.676 2.478 2.420 0.000 
9.000 3.160 1.230 1.770 2.130 2.464 2.618 2.807 2.839 2.870 2.782 2.828 2.883 2.871 2.844 2.948 3.009 2.977 2.932 2.845 2.821 2.672 2.474 2.415 0.000 
9.000 3.980 1.226 1.765 2.123 2.454 2.609 2.797 2.829 2.860 2.774 2.820 2.874 2.863 2.837 2.941 3.002 2.970 2.926 2.840 2.816 2.667 2.468 2.409 0.000 
9.000 5.010 1.221 1.758 2.113 2.441 2.597 2.784 2.817 2.848 2.764 2.810 2.863 2.852 2.828 2.931 2.993 2.961 2.918 2.833 2.809 2.661 2.461 2.402 0.000 
9.000 6.310 1.214 1.749 2.102 2.425 2.582 2.768 2.803 2.833 2.751 2.797 2.849 2.839 2.817 2.920 2.981 2.951 2.908 2.824 2.801 2.653 2.452 2.393 0.000 
9.000 7.940 1.206 1.739 2.088 2.407 2.565 2.749 2.785 2.814 2.736 2.781 2.832 2.823 2.803 2.905 2.967 2.937 2.896 2.814 2.791 2.643 2.441 2.382 0.000 
9.000 10.000 1.196 1.726 2.070 2.384 2.543 2.726 2.764 2.791 2.718 2.762 2.811 2.804 2.787 2.888 2.949 2.921 2.881 2.800 2.778 2.630 2.427 2.368 0.000 
9.000 12.590 1.183 1.710 2.049 2.356 2.517 2.699 2.738 2.764 2.696 2.739 2.786 2.780 2.766 2.866 2.928 2.901 2.863 2.783 2.762 2.615 2.410 2.351 0.000 
9.000 15.850 1.168 1.690 2.024 2.324 2.487 2.666 2.707 2.732 2.669 2.711 2.756 2.752 2.741 2.840 2.902 2.876 2.840 2.763 2.742 2.595 2.388 2.329 0.000 
9.000 19.950 1.149 1.666 1.993 2.286 2.450 2.628 2.670 2.694 2.637 2.677 2.721 2.718 2.711 2.809 2.870 2.846 2.812 2.737 2.717 2.571 2.362 2.303 0.000 
9.000 25.120 1.126 1.637 1.957 2.242 2.408 2.583 2.627 2.650 2.599 2.638 2.679 2.678 2.675 2.771 2.832 2.809 2.778 2.705 2.686 2.540 2.329 2.271 0.000 
9.000 31.620 1.097 1.603 1.915 2.191 2.359 2.531 2.577 2.599 2.555 2.592 2.630 2.631 2.633 2.727 2.787 2.765 2.736 2.666 2.648 2.503 2.289 2.231 0.000 
9.000 39.810 1.063 1.561 1.865 2.134 2.303 2.473 2.520 2.541 2.503 2.539 2.574 2.577 2.583 2.674 2.733 2.712 2.685 2.619 2.601 2.456 2.239 2.183 0.000 
9.000 50.120 1.023 1.513 1.808 2.069 2.239 2.406 2.456 2.475 2.444 2.477 2.510 2.514 2.525 2.613 2.670 2.648 2.624 2.560 2.543 2.398 2.179 2.125 0.000 
9.000 63.100 0.975 1.456 1.744 1.998 2.168 2.332 2.382 2.401 2.376 2.408 2.438 2.443 2.458 2.542 2.596 2.573 2.550 2.489 2.472 2.327 2.106 2.055 0.000 
9.000 79.430 0.918 1.390 1.670 1.919 2.088 2.250 2.301 2.319 2.300 2.329 2.357 2.363 2.381 2.461 2.510 2.485 2.462 2.404 2.386 2.240 2.018 1.972 0.000 
9.000 100.000 0.852 1.313 1.588 1.832 2.001 2.159 2.210 2.228 2.214 2.241 2.266 2.272 2.294 2.367 2.411 2.382 2.358 2.300 2.281 2.133 1.912 1.872 0.000 
9.000 125.890 0.775 1.226 1.496 1.738 1.904 2.059 2.109 2.128 2.118 2.143 2.164 2.171 2.194 2.261 2.297 2.261 2.234 2.175 2.153 2.002 1.785 1.754 0.000 
9.000 158.490 0.687 1.126 1.394 1.636 1.798 1.950 1.998 2.018 2.012 2.034 2.052 2.058 2.082 2.140 2.165 2.119 2.088 2.026 1.999 1.843 1.633 1.613 0.000 
9.000 199.530 0.586 1.013 1.280 1.525 1.682 1.830 1.876 1.898 1.893 1.912 1.927 1.932 1.955 2.003 2.014 1.954 1.915 1.847 1.813 1.649 1.450 1.447 0.000 
9.000 251.190 0.469 0.885 1.154 1.405 1.554 1.698 1.739 1.765 1.760 1.776 1.788 1.790 1.811 1.846 1.840 1.760 1.710 1.632 1.588 1.413 1.231 1.249 0.000 
9.000 316.230 0.336 0.738 1.014 1.274 1.412 1.551 1.588 1.617 1.612 1.624 1.632 1.630 1.647 1.666 1.637 1.533 1.466 1.374 1.316 1.126 0.969 1.014 0.000 
9.000 398.110 0.181 0.571 0.857 1.130 1.255 1.389 1.418 1.452 1.445 1.452 1.456 1.450 1.460 1.459 1.401 1.264 1.175 1.063 0.986 0.776 0.653 0.734 0.000 
9.000 501.190 0.002 0.379 0.679 0.971 1.079 1.206 1.225 1.267 1.256 1.257 1.255 1.243 1.245 1.218 1.123 0.944 0.827 0.688 0.585 0.350 0.271 0.399 0.000 
9.000 630.960 -0.207 0.157 0.477 0.794 0.879 0.998 1.005 1.056 1.040 1.033 1.025 1.005 0.995 0.936 0.794 0.562 0.407 0.233 0.097 -0.172 -0.191 -0.005 0.000 
9.000 794.330 -0.452 -0.102 0.245 0.594 0.652 0.760 0.751 0.813 0.790 0.775 0.759 0.727 0.702 0.603 0.402 0.102 -0.101 -0.321 -0.500 -0.813 -0.754 -0.494 0.000 
9.000 1000.000 -0.743 -0.406 -0.024 0.366 0.389 0.484 0.455 0.532 0.498 0.472 0.447 0.401 0.355 0.207 -0.069 -0.456 -0.719 -0.998 -1.232 -1.601 -1.443 -1.088 0.000 
9.250 1.000 1.234 1.772 2.147 2.492 2.643 2.834 2.859 2.890 2.789 2.835 2.892 2.877 2.845 2.958 3.024 2.995 2.948 2.859 2.836 2.690 2.491 2.434 0.000 
9.250 1.260 1.233 1.771 2.145 2.489 2.641 2.831 2.857 2.887 2.787 2.833 2.890 2.874 2.843 2.956 3.022 2.993 2.946 2.858 2.835 2.689 2.490 2.432 0.000 
9.250 1.580 1.232 1.769 2.142 2.485 2.638 2.828 2.853 2.884 2.784 2.830 2.887 2.872 2.840 2.954 3.020 2.991 2.944 2.856 2.833 2.687 2.488 2.430 0.000 
9.250 2.000 1.230 1.767 2.139 2.481 2.634 2.824 2.849 2.880 2.781 2.827 2.883 2.868 2.837 2.950 3.016 2.988 2.942 2.853 2.830 2.684 2.485 2.428 0.000 
9.250 2.510 1.228 1.764 2.135 2.476 2.629 2.818 2.844 2.875 2.777 2.823 2.878 2.864 2.834 2.946 3.012 2.984 2.938 2.850 2.828 2.682 2.482 2.425 0.000 
9.250 3.160 1.225 1.760 2.130 2.469 2.623 2.812 2.838 2.868 2.772 2.817 2.872 2.858 2.829 2.941 3.007 2.980 2.934 2.847 2.824 2.678 2.478 2.421 0.000 
9.250 3.980 1.222 1.756 2.124 2.461 2.615 2.803 2.831 2.860 2.765 2.810 2.865 2.851 2.823 2.935 3.001 2.974 2.929 2.842 2.819 2.673 2.473 2.416 0.000 
9.250 5.010 1.218 1.750 2.117 2.450 2.605 2.793 2.821 2.850 2.757 2.802 2.856 2.843 2.816 2.927 2.993 2.966 2.922 2.836 2.813 2.668 2.467 2.410 0.000 
9.250 6.310 1.213 1.743 2.107 2.438 2.594 2.780 2.809 2.838 2.748 2.792 2.845 2.832 2.807 2.918 2.984 2.957 2.913 2.828 2.806 2.661 2.459 2.402 0.000 
9.250 7.940 1.207 1.735 2.096 2.422 2.579 2.765 2.795 2.823 2.736 2.779 2.831 2.819 2.796 2.906 2.971 2.946 2.903 2.819 2.797 2.652 2.450 2.393 0.000 
9.250 10.000 1.199 1.724 2.082 2.403 2.562 2.746 2.777 2.804 2.721 2.764 2.814 2.804 2.782 2.891 2.957 2.932 2.890 2.807 2.786 2.640 2.438 2.381 0.000 
9.250 12.590 1.189 1.711 2.064 2.380 2.540 2.723 2.756 2.782 2.703 2.744 2.794 2.784 2.765 2.873 2.938 2.914 2.874 2.792 2.771 2.626 2.422 2.366 0.000 
9.250 15.850 1.176 1.694 2.043 2.353 2.515 2.696 2.730 2.755 2.680 2.721 2.769 2.760 2.744 2.851 2.916 2.892 2.854 2.774 2.753 2.609 2.403 2.347 0.000 
9.250 19.950 1.161 1.674 2.017 2.321 2.484 2.663 2.699 2.723 2.654 2.693 2.739 2.732 2.719 2.824 2.888 2.866 2.829 2.751 2.731 2.586 2.380 2.324 0.000 
9.250 25.120 1.142 1.650 1.986 2.283 2.447 2.624 2.663 2.685 2.622 2.660 2.703 2.698 2.689 2.791 2.855 2.833 2.798 2.723 2.703 2.559 2.351 2.296 0.000 
9.250 31.620 1.118 1.620 1.950 2.238 2.405 2.579 2.619 2.640 2.584 2.620 2.661 2.657 2.652 2.752 2.814 2.794 2.761 2.687 2.668 2.524 2.315 2.261 0.000 
9.250 39.810 1.089 1.584 1.907 2.187 2.355 2.527 2.569 2.589 2.539 2.574 2.612 2.609 2.609 2.706 2.766 2.746 2.715 2.644 2.625 2.481 2.270 2.218 0.000 
9.250 50.120 1.055 1.542 1.856 2.129 2.298 2.467 2.511 2.530 2.486 2.519 2.554 2.554 2.557 2.651 2.709 2.688 2.659 2.591 2.572 2.428 2.215 2.165 0.000 
9.250 63.100 1.012 1.491 1.798 2.064 2.233 2.399 2.445 2.462 2.426 2.457 2.489 2.489 2.497 2.586 2.641 2.619 2.591 2.525 2.507 2.362 2.148 2.102 0.000 
9.250 79.430 0.962 1.432 1.731 1.990 2.160 2.323 2.369 2.387 2.356 2.385 2.414 2.415 2.427 2.511 2.561 2.536 2.509 2.445 2.426 2.280 2.066 2.025 0.000 
9.250 100.000 0.902 1.362 1.655 1.909 2.078 2.238 2.284 2.302 2.277 2.303 2.329 2.331 2.346 2.423 2.468 2.438 2.411 2.348 2.327 2.179 1.967 1.932 0.000 
9.250 125.890 0.832 1.281 1.569 1.820 1.986 2.143 2.189 2.207 2.187 2.211 2.233 2.236 2.253 2.323 2.359 2.323 2.293 2.229 2.206 2.055 1.846 1.820 0.000 
9.250 158.490 0.750 1.188 1.472 1.722 1.885 2.038 2.083 2.102 2.086 2.107 2.126 2.128 2.146 2.207 2.233 2.187 2.152 2.086 2.059 1.902 1.700 1.686 0.000 
9.250 199.530 0.654 1.081 1.363 1.615 1.773 1.922 1.965 1.985 1.972 1.990 2.005 2.006 2.024 2.075 2.086 2.027 1.985 1.913 1.879 1.715 1.524 1.526 0.000 
9.250 251.190 0.543 0.957 1.241 1.498 1.648 1.793 1.832 1.855 1.844 1.858 1.870 1.868 1.885 1.922 1.916 1.837 1.784 1.704 1.660 1.486 1.311 1.334 0.000 
9.250 316.230 0.413 0.815 1.104 1.369 1.509 1.649 1.683 1.710 1.699 1.709 1.717 1.712 1.725 1.746 1.717 1.614 1.545 1.452 1.394 1.205 1.054 1.105 0.000 
9.250 398.110 0.263 0.652 0.950 1.228 1.355 1.489 1.516 1.548 1.536 1.541 1.543 1.534 1.541 1.541 1.483 1.348 1.259 1.146 1.069 0.862 0.743 0.829 0.000 
9.250 501.190 0.087 0.464 0.775 1.070 1.181 1.308 1.325 1.365 1.349 1.348 1.345 1.330 1.329 1.303 1.208 1.031 0.914 0.775 0.674 0.441 0.366 0.498 0.000 
9.250 630.960 -0.119 0.245 0.575 0.894 0.983 1.102 1.107 1.155 1.135 1.127 1.117 1.094 1.081 1.023 0.882 0.651 0.497 0.324 0.190 -0.077 -0.093 0.098 0.000 
9.250 794.330 -0.362 -0.012 0.345 0.696 0.757 0.865 0.854 0.914 0.886 0.869 0.853 0.818 0.790 0.692 0.491 0.193 -0.008 -0.227 -0.403 -0.713 -0.652 -0.388 0.000 
9.250 1000.000 -0.650 -0.314 0.077 0.469 0.495 0.590 0.559 0.634 0.596 0.568 0.542 0.494 0.445 0.297 0.022 -0.363 -0.625 -0.902 -1.132 -1.497 -1.339 -0.980 0.000 
