AtkinsonMacias2009_CanadaSHM6-trial modified from OpenQuake implementation, distance is rrup. Log10 ground motion values in cgs units, PGV and Sa(T<0.1s) not valid
          10 31 26 : nmag, ndist, nperiod
          10.000 7.692 6.250 5.000 4.000 3.125 2.500 2.000 1.587 1.266 1.000 0.794 0.633 0.500 0.400 0.316 0.250 0.200 0.159 0.125 0.100 0.079 0.063 0.050 PGA PGV 
          0.875 0.806 0.783 0.737 0.691 0.691 0.691 0.691 0.668 0.668 0.668 0.645 0.645 0.622 0.622 0.622 0.622 0.622 0.622 0.622 0.622 0.622 0.599 0.599 0.553 0.000 
7.000 1.000 1.243 1.489 1.675 1.883 2.066 2.242 2.377 2.508 2.631 2.697 2.826 2.887 2.940 3.017 3.076 3.132 3.160 3.257 3.278 3.324 3.415 3.446 3.461 3.468 3.206 0.000 
7.000 1.260 1.242 1.488 1.675 1.882 2.065 2.242 2.377 2.508 2.630 2.696 2.826 2.886 2.940 3.017 3.076 3.132 3.159 3.256 3.278 3.323 3.414 3.445 3.460 3.466 3.205 0.000 
7.000 1.580 1.242 1.487 1.674 1.881 2.065 2.241 2.376 2.507 2.629 2.696 2.825 2.885 2.939 3.016 3.075 3.131 3.158 3.255 3.276 3.322 3.413 3.443 3.458 3.464 3.204 0.000 
7.000 2.000 1.240 1.486 1.673 1.880 2.064 2.239 2.375 2.506 2.628 2.695 2.824 2.884 2.938 3.015 3.074 3.129 3.157 3.254 3.274 3.319 3.410 3.440 3.455 3.461 3.201 0.000 
7.000 2.510 1.238 1.484 1.671 1.878 2.062 2.238 2.373 2.504 2.626 2.693 2.822 2.882 2.936 3.013 3.072 3.127 3.154 3.251 3.271 3.316 3.406 3.436 3.450 3.456 3.197 0.000 
7.000 3.160 1.236 1.481 1.668 1.876 2.059 2.234 2.370 2.501 2.623 2.690 2.819 2.879 2.933 3.010 3.068 3.124 3.151 3.247 3.267 3.310 3.400 3.429 3.443 3.448 3.190 0.000 
7.000 3.980 1.231 1.477 1.664 1.871 2.054 2.230 2.365 2.496 2.618 2.685 2.814 2.875 2.929 3.005 3.064 3.119 3.145 3.240 3.260 3.302 3.390 3.418 3.431 3.436 3.181 0.000 
7.000 5.010 1.224 1.469 1.657 1.864 2.047 2.223 2.358 2.489 2.611 2.679 2.808 2.868 2.922 2.998 3.056 3.111 3.137 3.230 3.249 3.289 3.375 3.402 3.413 3.417 3.166 0.000 
7.000 6.310 1.214 1.459 1.647 1.855 2.037 2.212 2.347 2.478 2.600 2.669 2.797 2.858 2.912 2.988 3.045 3.099 3.124 3.215 3.232 3.270 3.353 3.378 3.387 3.390 3.143 0.000 
7.000 7.940 1.199 1.444 1.632 1.840 2.022 2.196 2.331 2.462 2.584 2.654 2.782 2.844 2.897 2.973 3.029 3.082 3.106 3.194 3.209 3.243 3.322 3.343 3.349 3.350 3.111 0.000 
7.000 10.000 1.178 1.423 1.612 1.820 2.002 2.175 2.310 2.441 2.563 2.633 2.761 2.823 2.876 2.951 3.006 3.058 3.080 3.163 3.176 3.205 3.277 3.294 3.296 3.295 3.066 0.000 
7.000 12.590 1.150 1.395 1.585 1.794 1.974 2.146 2.281 2.412 2.533 2.606 2.733 2.796 2.849 2.922 2.975 3.026 3.045 3.123 3.131 3.153 3.218 3.230 3.226 3.221 3.006 0.000 
7.000 15.850 1.116 1.359 1.552 1.760 1.940 2.110 2.244 2.375 2.496 2.571 2.697 2.761 2.813 2.885 2.935 2.985 3.001 3.071 3.075 3.088 3.143 3.147 3.136 3.128 2.931 0.000 
7.000 19.950 1.074 1.317 1.511 1.719 1.898 2.066 2.200 2.331 2.451 2.529 2.654 2.718 2.769 2.840 2.887 2.933 2.946 3.007 3.005 3.008 3.052 3.048 3.029 3.016 2.839 0.000 
7.000 25.120 1.026 1.268 1.464 1.673 1.850 2.016 2.149 2.279 2.399 2.479 2.602 2.667 2.717 2.785 2.829 2.873 2.881 2.932 2.924 2.915 2.947 2.933 2.905 2.888 2.734 0.000 
7.000 31.620 0.974 1.215 1.413 1.621 1.797 1.959 2.092 2.222 2.341 2.423 2.544 2.609 2.658 2.723 2.762 2.803 2.805 2.846 2.831 2.809 2.828 2.805 2.768 2.745 2.618 0.000 
7.000 39.810 0.918 1.158 1.357 1.565 1.739 1.899 2.030 2.159 2.276 2.360 2.480 2.544 2.591 2.653 2.686 2.723 2.720 2.749 2.727 2.693 2.699 2.666 2.620 2.592 2.492 0.000 
7.000 50.120 0.860 1.098 1.299 1.507 1.679 1.834 1.964 2.092 2.207 2.292 2.409 2.472 2.516 2.574 2.602 2.634 2.625 2.642 2.612 2.566 2.559 2.517 2.463 2.430 2.359 0.000 
7.000 63.100 0.800 1.037 1.238 1.445 1.615 1.766 1.895 2.020 2.133 2.219 2.332 2.392 2.433 2.486 2.508 2.534 2.518 2.525 2.487 2.429 2.410 2.359 2.298 2.262 2.219 0.000 
7.000 79.430 0.739 0.975 1.176 1.381 1.548 1.696 1.822 1.944 2.054 2.139 2.248 2.304 2.341 2.388 2.402 2.422 2.400 2.395 2.350 2.282 2.251 2.194 2.128 2.088 2.074 0.000 
7.000 100.000 0.677 0.911 1.112 1.315 1.479 1.621 1.746 1.864 1.970 2.052 2.156 2.207 2.238 2.279 2.285 2.297 2.267 2.252 2.199 2.123 2.083 2.021 1.951 1.910 1.924 0.000 
7.000 125.890 0.615 0.847 1.046 1.246 1.407 1.543 1.666 1.778 1.880 1.958 2.056 2.099 2.123 2.156 2.153 2.156 2.118 2.094 2.034 1.951 1.905 1.840 1.770 1.728 1.769 0.000 
7.000 158.490 0.552 0.782 0.978 1.174 1.332 1.461 1.580 1.686 1.783 1.854 1.945 1.978 1.994 2.019 2.004 1.997 1.951 1.919 1.851 1.764 1.716 1.651 1.583 1.543 1.609 0.000 
7.000 199.530 0.489 0.717 0.908 1.098 1.252 1.374 1.490 1.587 1.678 1.739 1.822 1.843 1.849 1.862 1.835 1.816 1.761 1.723 1.649 1.561 1.514 1.453 1.393 1.355 1.444 0.000 
7.000 251.190 0.426 0.652 0.835 1.018 1.168 1.281 1.392 1.479 1.562 1.611 1.685 1.689 1.682 1.684 1.643 1.608 1.545 1.502 1.423 1.339 1.297 1.246 1.198 1.166 1.275 0.000 
7.000 316.230 0.363 0.586 0.759 0.933 1.077 1.180 1.285 1.359 1.434 1.466 1.530 1.514 1.491 1.478 1.420 1.368 1.295 1.251 1.168 1.093 1.064 1.027 0.998 0.976 1.100 0.000 
7.000 398.110 0.300 0.520 0.679 0.841 0.978 1.069 1.168 1.226 1.291 1.301 1.353 1.310 1.269 1.238 1.161 1.089 1.005 0.964 0.877 0.819 0.810 0.795 0.794 0.784 0.918 0.000 
7.000 501.190 0.237 0.452 0.594 0.741 0.870 0.946 1.038 1.076 1.129 1.110 1.148 1.073 1.008 0.956 0.857 0.759 0.664 0.630 0.542 0.508 0.531 0.548 0.584 0.592 0.729 0.000 
7.000 630.960 0.174 0.384 0.503 0.629 0.749 0.808 0.890 0.903 0.943 0.887 0.909 0.793 0.700 0.622 0.496 0.367 0.261 0.239 0.152 0.154 0.221 0.280 0.368 0.399 0.530 0.000 
7.000 794.330 0.111 0.315 0.403 0.505 0.613 0.651 0.721 0.704 0.727 0.624 0.626 0.459 0.330 0.222 0.063 -0.103 -0.222 -0.223 -0.307 -0.255 -0.129 -0.011 0.144 0.206 0.319 0.000 
7.000 1000.000 0.048 0.245 0.293 0.363 0.457 0.469 0.526 0.470 0.473 0.311 0.290 0.057 -0.115 -0.260 -0.459 -0.670 -0.804 -0.775 -0.853 -0.734 -0.527 -0.333 -0.090 0.012 0.094 0.000 
7.250 1.000 1.355 1.580 1.759 1.944 2.113 2.272 2.399 2.522 2.631 2.699 2.810 2.871 2.930 2.996 3.050 3.100 3.124 3.199 3.219 3.261 3.331 3.352 3.362 3.359 3.097 0.000 
7.250 1.260 1.355 1.580 1.759 1.944 2.113 2.272 2.399 2.522 2.631 2.698 2.810 2.871 2.929 2.996 3.050 3.100 3.123 3.198 3.219 3.261 3.330 3.352 3.361 3.358 3.096 0.000 
7.250 1.580 1.354 1.579 1.758 1.944 2.112 2.271 2.398 2.521 2.630 2.698 2.809 2.870 2.929 2.995 3.049 3.100 3.123 3.197 3.218 3.260 3.329 3.350 3.360 3.357 3.095 0.000 
7.250 2.000 1.353 1.579 1.757 1.943 2.111 2.270 2.397 2.520 2.630 2.697 2.808 2.870 2.928 2.995 3.048 3.099 3.122 3.196 3.217 3.258 3.328 3.348 3.357 3.355 3.093 0.000 
7.250 2.510 1.352 1.577 1.756 1.942 2.110 2.269 2.396 2.519 2.628 2.696 2.807 2.868 2.927 2.993 3.047 3.097 3.120 3.194 3.215 3.256 3.325 3.345 3.354 3.351 3.090 0.000 
7.250 3.160 1.350 1.575 1.754 1.940 2.108 2.267 2.394 2.517 2.626 2.694 2.805 2.866 2.925 2.991 3.045 3.095 3.118 3.191 3.212 3.252 3.320 3.341 3.349 3.346 3.086 0.000 
7.250 3.980 1.347 1.572 1.751 1.937 2.105 2.264 2.390 2.514 2.623 2.691 2.802 2.863 2.922 2.988 3.041 3.091 3.114 3.187 3.206 3.246 3.314 3.333 3.341 3.338 3.079 0.000 
7.250 5.010 1.342 1.567 1.746 1.932 2.100 2.259 2.385 2.509 2.618 2.686 2.797 2.859 2.917 2.983 3.036 3.085 3.108 3.180 3.199 3.237 3.303 3.322 3.329 3.325 3.069 0.000 
7.250 6.310 1.335 1.560 1.739 1.925 2.093 2.251 2.378 2.501 2.610 2.679 2.790 2.851 2.910 2.975 3.028 3.077 3.098 3.169 3.187 3.223 3.288 3.305 3.310 3.305 3.053 0.000 
7.250 7.940 1.324 1.548 1.729 1.914 2.082 2.240 2.366 2.489 2.598 2.668 2.778 2.840 2.899 2.964 3.015 3.064 3.085 3.153 3.169 3.203 3.264 3.279 3.282 3.276 3.029 0.000 
7.250 10.000 1.308 1.533 1.713 1.899 2.066 2.223 2.350 2.473 2.582 2.652 2.762 2.825 2.883 2.947 2.998 3.046 3.065 3.130 3.144 3.174 3.231 3.242 3.242 3.234 2.995 0.000 
7.250 12.590 1.287 1.510 1.692 1.878 2.045 2.201 2.327 2.450 2.558 2.630 2.740 2.803 2.860 2.924 2.973 3.020 3.037 3.097 3.109 3.133 3.184 3.191 3.186 3.176 2.948 0.000 
7.250 15.850 1.258 1.481 1.664 1.850 2.016 2.171 2.297 2.420 2.528 2.601 2.710 2.773 2.831 2.893 2.940 2.985 3.000 3.054 3.061 3.078 3.122 3.123 3.113 3.099 2.885 0.000 
7.250 19.950 1.222 1.445 1.629 1.815 1.980 2.133 2.258 2.381 2.489 2.564 2.672 2.736 2.792 2.853 2.897 2.940 2.952 2.998 3.001 3.009 3.043 3.037 3.020 3.003 2.807 0.000 
7.250 25.120 1.180 1.402 1.587 1.774 1.937 2.088 2.213 2.335 2.442 2.520 2.626 2.690 2.746 2.804 2.845 2.885 2.892 2.930 2.927 2.925 2.948 2.934 2.909 2.888 2.713 0.000 
7.250 31.620 1.131 1.352 1.540 1.726 1.888 2.036 2.160 2.282 2.388 2.467 2.572 2.636 2.690 2.746 2.783 2.820 2.822 2.850 2.841 2.828 2.838 2.815 2.782 2.756 2.605 0.000 
7.250 39.810 1.078 1.298 1.487 1.673 1.833 1.978 2.101 2.222 2.327 2.408 2.510 2.574 2.626 2.679 2.711 2.744 2.741 2.758 2.742 2.717 2.715 2.683 2.642 2.611 2.486 0.000 
7.250 50.120 1.022 1.241 1.431 1.616 1.775 1.916 2.038 2.157 2.260 2.342 2.442 2.504 2.553 2.602 2.629 2.657 2.649 2.655 2.631 2.595 2.580 2.539 2.490 2.455 2.357 0.000 
7.250 63.100 0.964 1.181 1.372 1.556 1.712 1.849 1.970 2.087 2.187 2.270 2.366 2.426 2.472 2.516 2.536 2.559 2.544 2.539 2.508 2.460 2.434 2.385 2.330 2.291 2.221 0.000 
7.250 79.430 0.903 1.119 1.310 1.493 1.647 1.779 1.898 2.012 2.110 2.191 2.283 2.339 2.381 2.420 2.432 2.449 2.427 2.411 2.373 2.315 2.278 2.223 2.161 2.119 2.077 0.000 
7.250 100.000 0.842 1.057 1.247 1.427 1.578 1.706 1.823 1.933 2.026 2.105 2.192 2.243 2.279 2.311 2.316 2.325 2.296 2.270 2.224 2.157 2.112 2.051 1.987 1.943 1.929 0.000 
7.250 125.890 0.780 0.993 1.181 1.359 1.507 1.629 1.743 1.847 1.936 2.011 2.093 2.135 2.165 2.190 2.185 2.185 2.148 2.113 2.059 1.986 1.934 1.871 1.806 1.762 1.775 0.000 
7.250 158.490 0.718 0.929 1.114 1.287 1.432 1.547 1.658 1.756 1.840 1.908 1.983 2.015 2.037 2.052 2.037 2.026 1.981 1.938 1.878 1.801 1.746 1.683 1.621 1.578 1.616 0.000 
7.250 199.530 0.655 0.864 1.044 1.212 1.352 1.460 1.567 1.657 1.735 1.793 1.860 1.880 1.891 1.896 1.868 1.846 1.792 1.742 1.676 1.598 1.544 1.486 1.431 1.391 1.452 0.000 
7.250 251.190 0.592 0.798 0.971 1.132 1.268 1.367 1.469 1.549 1.619 1.665 1.723 1.727 1.725 1.718 1.676 1.638 1.575 1.522 1.450 1.376 1.329 1.279 1.236 1.202 1.282 0.000 
7.250 316.230 0.529 0.732 0.896 1.047 1.177 1.266 1.363 1.429 1.492 1.521 1.568 1.551 1.534 1.512 1.453 1.399 1.326 1.271 1.195 1.131 1.096 1.060 1.037 1.012 1.108 0.000 
7.250 398.110 0.466 0.666 0.816 0.955 1.078 1.155 1.246 1.296 1.349 1.355 1.391 1.348 1.312 1.273 1.195 1.119 1.036 0.984 0.905 0.856 0.842 0.829 0.832 0.820 0.926 0.000 
7.250 501.190 0.403 0.599 0.730 0.854 0.970 1.032 1.115 1.146 1.186 1.165 1.186 1.111 1.052 0.991 0.890 0.790 0.696 0.651 0.570 0.546 0.563 0.581 0.623 0.628 0.737 0.000 
7.250 630.960 0.340 0.531 0.639 0.743 0.849 0.894 0.968 0.973 1.000 0.942 0.947 0.831 0.743 0.657 0.529 0.398 0.292 0.260 0.180 0.192 0.252 0.314 0.407 0.435 0.538 0.000 
7.250 794.330 0.277 0.462 0.539 0.618 0.713 0.736 0.799 0.774 0.784 0.679 0.665 0.497 0.374 0.257 0.097 -0.072 -0.191 -0.202 -0.279 -0.217 -0.097 0.023 0.183 0.242 0.327 0.000 
7.250 1000.000 0.214 0.392 0.429 0.477 0.558 0.555 0.604 0.540 0.530 0.366 0.328 0.095 -0.071 -0.226 -0.425 -0.639 -0.773 -0.754 -0.825 -0.696 -0.496 -0.299 -0.051 0.049 0.102 0.000 
7.500 1.000 1.465 1.671 1.842 2.008 2.163 2.308 2.427 2.542 2.640 2.707 2.803 2.864 2.926 2.983 3.032 3.077 3.096 3.152 3.172 3.210 3.262 3.275 3.280 3.270 3.011 0.000 
7.500 1.260 1.465 1.671 1.841 2.008 2.163 2.308 2.426 2.542 2.639 2.707 2.803 2.864 2.925 2.982 3.031 3.076 3.096 3.152 3.171 3.209 3.262 3.275 3.279 3.269 3.011 0.000 
7.500 1.580 1.465 1.671 1.841 2.007 2.162 2.307 2.426 2.541 2.639 2.707 2.803 2.864 2.925 2.982 3.031 3.076 3.095 3.151 3.171 3.209 3.261 3.274 3.278 3.268 3.010 0.000 
7.500 2.000 1.464 1.670 1.840 2.007 2.162 2.307 2.425 2.541 2.638 2.706 2.802 2.863 2.924 2.981 3.030 3.075 3.095 3.150 3.170 3.208 3.260 3.273 3.277 3.267 3.009 0.000 
7.500 2.510 1.463 1.669 1.839 2.006 2.161 2.306 2.424 2.540 2.637 2.705 2.801 2.862 2.924 2.980 3.029 3.074 3.093 3.149 3.168 3.206 3.258 3.270 3.274 3.264 3.007 0.000 
7.500 3.160 1.462 1.668 1.838 2.004 2.159 2.304 2.423 2.538 2.636 2.704 2.800 2.861 2.922 2.979 3.028 3.073 3.091 3.147 3.166 3.203 3.254 3.267 3.270 3.261 3.004 0.000 
7.500 3.980 1.459 1.665 1.836 2.002 2.157 2.302 2.420 2.536 2.633 2.701 2.797 2.858 2.920 2.976 3.025 3.070 3.089 3.143 3.162 3.199 3.250 3.262 3.265 3.254 2.999 0.000 
7.500 5.010 1.456 1.662 1.832 1.999 2.154 2.298 2.417 2.532 2.630 2.698 2.794 2.855 2.916 2.973 3.021 3.066 3.084 3.138 3.157 3.192 3.242 3.253 3.256 3.245 2.991 0.000 
7.500 6.310 1.450 1.656 1.827 1.993 2.148 2.292 2.411 2.526 2.624 2.693 2.788 2.849 2.911 2.967 3.015 3.059 3.077 3.130 3.148 3.182 3.230 3.241 3.242 3.231 2.979 0.000 
7.500 7.940 1.442 1.648 1.819 1.986 2.140 2.284 2.402 2.518 2.615 2.684 2.780 2.841 2.902 2.958 3.006 3.049 3.067 3.118 3.134 3.167 3.213 3.221 3.221 3.209 2.961 0.000 
7.500 10.000 1.430 1.636 1.807 1.974 2.128 2.271 2.390 2.505 2.602 2.672 2.767 2.829 2.890 2.945 2.992 3.035 3.051 3.100 3.115 3.144 3.187 3.193 3.190 3.177 2.935 0.000 
7.500 12.590 1.413 1.618 1.791 1.957 2.111 2.253 2.372 2.487 2.584 2.655 2.749 2.811 2.872 2.927 2.972 3.014 3.029 3.074 3.086 3.111 3.149 3.152 3.146 3.131 2.898 0.000 
7.500 15.850 1.390 1.594 1.768 1.934 2.088 2.229 2.347 2.462 2.559 2.631 2.725 2.787 2.847 2.901 2.944 2.985 2.997 3.038 3.047 3.066 3.098 3.096 3.086 3.068 2.847 0.000 
7.500 19.950 1.359 1.564 1.738 1.905 2.057 2.197 2.314 2.429 2.525 2.599 2.692 2.755 2.814 2.866 2.907 2.946 2.956 2.990 2.995 3.007 3.031 3.023 3.007 2.986 2.780 0.000 
7.500 25.120 1.322 1.525 1.701 1.868 2.019 2.156 2.273 2.388 2.484 2.559 2.651 2.714 2.772 2.822 2.861 2.897 2.903 2.929 2.929 2.933 2.947 2.932 2.909 2.884 2.697 0.000 
7.500 31.620 1.278 1.480 1.658 1.824 1.974 2.109 2.225 2.339 2.434 2.511 2.601 2.664 2.721 2.769 2.803 2.837 2.838 2.855 2.850 2.843 2.846 2.823 2.793 2.764 2.598 0.000 
7.500 39.810 1.228 1.430 1.608 1.774 1.923 2.055 2.170 2.283 2.376 2.455 2.543 2.605 2.661 2.705 2.735 2.765 2.762 2.768 2.757 2.739 2.730 2.699 2.661 2.628 2.486 0.000 
7.500 50.120 1.174 1.375 1.554 1.720 1.866 1.995 2.109 2.221 2.312 2.392 2.477 2.538 2.591 2.632 2.656 2.682 2.673 2.669 2.650 2.621 2.601 2.561 2.516 2.479 2.363 0.000 
7.500 63.100 1.117 1.316 1.497 1.661 1.806 1.930 2.043 2.152 2.242 2.322 2.404 2.462 2.511 2.548 2.566 2.586 2.571 2.557 2.531 2.491 2.459 2.412 2.360 2.319 2.230 0.000 
7.500 79.430 1.058 1.256 1.436 1.599 1.741 1.862 1.973 2.079 2.165 2.244 2.322 2.377 2.422 2.453 2.464 2.478 2.456 2.431 2.398 2.348 2.306 2.252 2.195 2.151 2.090 0.000 
7.500 100.000 0.998 1.194 1.374 1.534 1.673 1.789 1.898 2.000 2.083 2.159 2.232 2.281 2.321 2.346 2.349 2.355 2.326 2.291 2.250 2.192 2.142 2.083 2.023 1.977 1.943 0.000 
7.500 125.890 0.936 1.131 1.309 1.466 1.602 1.712 1.818 1.915 1.994 2.066 2.133 2.175 2.208 2.225 2.219 2.216 2.180 2.136 2.087 2.023 1.966 1.905 1.844 1.798 1.790 0.000 
7.500 158.490 0.874 1.067 1.241 1.395 1.527 1.631 1.734 1.824 1.898 1.963 2.024 2.056 2.080 2.089 2.071 2.058 2.014 1.962 1.907 1.838 1.778 1.717 1.659 1.615 1.632 0.000 
7.500 199.530 0.812 1.002 1.172 1.320 1.448 1.544 1.644 1.725 1.793 1.849 1.902 1.921 1.936 1.933 1.904 1.878 1.825 1.767 1.706 1.636 1.578 1.521 1.470 1.429 1.469 0.000 
7.500 251.190 0.749 0.937 1.099 1.240 1.364 1.451 1.546 1.618 1.678 1.721 1.765 1.768 1.770 1.755 1.712 1.672 1.609 1.547 1.480 1.415 1.363 1.314 1.276 1.240 1.300 0.000 
7.500 316.230 0.686 0.871 1.023 1.155 1.273 1.350 1.440 1.498 1.550 1.577 1.610 1.593 1.579 1.550 1.490 1.432 1.360 1.297 1.226 1.170 1.130 1.096 1.077 1.050 1.125 0.000 
7.500 398.110 0.623 0.805 0.944 1.063 1.175 1.239 1.323 1.365 1.407 1.412 1.433 1.390 1.357 1.310 1.231 1.153 1.070 1.010 0.936 0.896 0.877 0.865 0.873 0.859 0.944 0.000 
7.500 501.190 0.560 0.737 0.858 0.963 1.067 1.117 1.192 1.215 1.245 1.221 1.229 1.152 1.097 1.029 0.927 0.824 0.730 0.677 0.601 0.586 0.598 0.618 0.664 0.667 0.755 0.000 
7.500 630.960 0.497 0.670 0.767 0.852 0.946 0.978 1.045 1.043 1.059 0.998 0.990 0.872 0.788 0.695 0.566 0.432 0.326 0.286 0.211 0.232 0.287 0.351 0.448 0.474 0.556 0.000 
7.500 794.330 0.434 0.601 0.667 0.727 0.810 0.821 0.876 0.843 0.843 0.735 0.707 0.538 0.419 0.295 0.134 -0.038 -0.156 -0.176 -0.248 -0.177 -0.062 0.060 0.224 0.281 0.345 0.000 
7.500 1000.000 0.371 0.530 0.557 0.585 0.654 0.640 0.681 0.609 0.589 0.422 0.371 0.137 -0.026 -0.187 -0.388 -0.605 -0.738 -0.728 -0.793 -0.656 -0.460 -0.262 -0.010 0.088 0.120 0.000 
7.750 1.000 1.571 1.760 1.921 2.071 2.214 2.347 2.458 2.566 2.654 2.721 2.804 2.864 2.926 2.975 3.019 3.059 3.075 3.115 3.133 3.167 3.205 3.211 3.211 3.196 2.946 0.000 
7.750 1.260 1.571 1.759 1.921 2.071 2.214 2.347 2.458 2.565 2.654 2.721 2.804 2.864 2.926 2.975 3.019 3.059 3.074 3.115 3.133 3.167 3.204 3.211 3.210 3.195 2.945 0.000 
7.750 1.580 1.571 1.759 1.921 2.070 2.214 2.347 2.458 2.565 2.653 2.721 2.804 2.864 2.926 2.975 3.019 3.059 3.074 3.115 3.132 3.166 3.204 3.210 3.210 3.194 2.945 0.000 
7.750 2.000 1.570 1.759 1.920 2.070 2.213 2.347 2.457 2.565 2.653 2.721 2.803 2.863 2.925 2.974 3.018 3.058 3.074 3.114 3.132 3.165 3.203 3.209 3.208 3.193 2.944 0.000 
7.750 2.510 1.570 1.758 1.919 2.069 2.213 2.346 2.457 2.564 2.652 2.720 2.803 2.863 2.925 2.974 3.018 3.058 3.073 3.113 3.130 3.164 3.201 3.207 3.207 3.191 2.942 0.000 
7.750 3.160 1.569 1.757 1.918 2.068 2.212 2.345 2.455 2.563 2.651 2.719 2.802 2.861 2.924 2.972 3.016 3.056 3.071 3.111 3.129 3.162 3.199 3.205 3.204 3.189 2.940 0.000 
7.750 3.980 1.567 1.755 1.917 2.066 2.210 2.343 2.454 2.561 2.649 2.717 2.800 2.860 2.922 2.971 3.014 3.054 3.069 3.109 3.126 3.159 3.195 3.201 3.200 3.184 2.936 0.000 
7.750 5.010 1.564 1.752 1.914 2.064 2.207 2.340 2.451 2.558 2.646 2.714 2.797 2.857 2.919 2.968 3.011 3.051 3.066 3.105 3.122 3.154 3.190 3.195 3.193 3.177 2.931 0.000 
7.750 6.310 1.560 1.748 1.910 2.060 2.203 2.336 2.447 2.554 2.642 2.710 2.793 2.853 2.915 2.963 3.007 3.046 3.060 3.099 3.115 3.146 3.181 3.185 3.182 3.166 2.922 0.000 
7.750 7.940 1.554 1.742 1.904 2.054 2.197 2.329 2.440 2.547 2.635 2.704 2.786 2.846 2.908 2.956 2.999 3.038 3.052 3.089 3.104 3.134 3.167 3.170 3.166 3.149 2.908 0.000 
7.750 10.000 1.545 1.733 1.895 2.045 2.188 2.319 2.430 2.537 2.625 2.694 2.776 2.837 2.898 2.946 2.988 3.027 3.040 3.075 3.089 3.116 3.147 3.148 3.142 3.124 2.888 0.000 
7.750 12.590 1.531 1.719 1.882 2.032 2.174 2.305 2.415 2.523 2.610 2.680 2.762 2.822 2.884 2.931 2.972 3.010 3.021 3.054 3.066 3.090 3.117 3.115 3.107 3.088 2.858 0.000 
7.750 15.850 1.512 1.699 1.863 2.013 2.155 2.285 2.395 2.502 2.589 2.660 2.742 2.802 2.863 2.909 2.949 2.986 2.995 3.024 3.033 3.053 3.075 3.070 3.058 3.036 2.816 0.000 
7.750 19.950 1.486 1.673 1.838 1.988 2.129 2.258 2.367 2.474 2.561 2.633 2.714 2.774 2.835 2.880 2.917 2.952 2.960 2.983 2.989 3.002 3.018 3.007 2.991 2.967 2.759 0.000 
7.750 25.120 1.453 1.640 1.805 1.955 2.095 2.222 2.332 2.438 2.524 2.598 2.677 2.738 2.798 2.841 2.876 2.909 2.913 2.929 2.931 2.937 2.944 2.927 2.905 2.878 2.686 0.000 
7.750 31.620 1.414 1.599 1.766 1.916 2.054 2.179 2.288 2.394 2.479 2.554 2.632 2.693 2.751 2.792 2.823 2.853 2.854 2.862 2.858 2.855 2.852 2.829 2.800 2.769 2.597 0.000 
7.750 39.810 1.367 1.552 1.720 1.869 2.007 2.129 2.237 2.341 2.425 2.502 2.578 2.638 2.694 2.732 2.760 2.786 2.782 2.781 2.771 2.758 2.744 2.713 2.678 2.643 2.493 0.000 
7.750 50.120 1.316 1.500 1.669 1.817 1.953 2.072 2.179 2.282 2.364 2.442 2.515 2.574 2.628 2.662 2.684 2.706 2.697 2.686 2.670 2.646 2.621 2.582 2.540 2.501 2.376 0.000 
7.750 63.100 1.261 1.443 1.613 1.761 1.894 2.009 2.115 2.216 2.296 2.374 2.444 2.500 2.551 2.581 2.597 2.614 2.599 2.577 2.554 2.520 2.484 2.438 2.389 2.347 2.248 0.000 
7.750 79.430 1.203 1.384 1.554 1.700 1.831 1.942 2.046 2.144 2.221 2.298 2.364 2.417 2.463 2.488 2.497 2.508 2.486 2.454 2.424 2.380 2.335 2.282 2.228 2.183 2.111 0.000 
7.750 100.000 1.144 1.323 1.492 1.636 1.765 1.870 1.972 2.066 2.140 2.214 2.276 2.323 2.364 2.383 2.384 2.387 2.358 2.317 2.279 2.227 2.173 2.116 2.059 2.012 1.966 0.000 
7.750 125.890 1.083 1.260 1.428 1.569 1.694 1.794 1.893 1.982 2.052 2.122 2.178 2.217 2.252 2.263 2.255 2.250 2.213 2.163 2.118 2.059 2.000 1.940 1.882 1.835 1.815 0.000 
7.750 158.490 1.021 1.197 1.361 1.498 1.620 1.713 1.809 1.892 1.956 2.020 2.069 2.099 2.125 2.128 2.109 2.093 2.048 1.990 1.939 1.876 1.813 1.754 1.699 1.653 1.658 0.000 
7.750 199.530 0.959 1.132 1.291 1.423 1.541 1.627 1.719 1.793 1.852 1.906 1.947 1.965 1.981 1.973 1.942 1.914 1.860 1.796 1.739 1.676 1.614 1.559 1.511 1.468 1.496 0.000 
7.750 251.190 0.897 1.067 1.219 1.343 1.457 1.534 1.622 1.686 1.737 1.778 1.811 1.812 1.816 1.795 1.750 1.708 1.645 1.577 1.514 1.455 1.399 1.353 1.318 1.280 1.328 0.000 
7.750 316.230 0.834 1.002 1.143 1.258 1.366 1.433 1.516 1.567 1.610 1.634 1.656 1.637 1.626 1.590 1.529 1.469 1.397 1.327 1.260 1.210 1.167 1.135 1.119 1.091 1.153 0.000 
7.750 398.110 0.771 0.935 1.064 1.166 1.268 1.323 1.399 1.434 1.467 1.469 1.480 1.434 1.404 1.351 1.271 1.190 1.107 1.041 0.970 0.937 0.914 0.904 0.916 0.900 0.972 0.000 
7.750 501.190 0.708 0.868 0.978 1.066 1.159 1.200 1.268 1.283 1.305 1.279 1.275 1.197 1.144 1.070 0.967 0.861 0.767 0.708 0.636 0.627 0.636 0.657 0.706 0.708 0.783 0.000 
7.750 630.960 0.645 0.800 0.887 0.955 1.039 1.062 1.121 1.111 1.119 1.056 1.036 0.917 0.835 0.736 0.606 0.469 0.364 0.317 0.246 0.273 0.326 0.391 0.490 0.516 0.585 0.000 
7.750 794.330 0.582 0.731 0.787 0.830 0.903 0.904 0.952 0.912 0.903 0.793 0.754 0.583 0.466 0.337 0.173 -0.000 -0.118 -0.145 -0.213 -0.136 -0.024 0.099 0.267 0.323 0.374 0.000 
7.750 1000.000 0.519 0.661 0.678 0.688 0.747 0.723 0.757 0.678 0.649 0.480 0.417 0.182 0.021 -0.146 -0.348 -0.568 -0.700 -0.697 -0.758 -0.614 -0.422 -0.222 0.033 0.129 0.149 0.000 
8.000 1.000 1.672 1.844 1.996 2.132 2.266 2.390 2.493 2.592 2.673 2.740 2.812 2.870 2.931 2.973 3.012 3.047 3.059 3.087 3.102 3.131 3.157 3.157 3.152 3.133 2.898 0.000 
8.000 1.260 1.672 1.844 1.996 2.132 2.265 2.390 2.493 2.592 2.673 2.740 2.812 2.870 2.931 2.973 3.012 3.047 3.058 3.087 3.101 3.131 3.157 3.157 3.152 3.132 2.898 0.000 
8.000 1.580 1.672 1.844 1.996 2.132 2.265 2.389 2.493 2.592 2.672 2.740 2.812 2.869 2.931 2.973 3.012 3.047 3.058 3.087 3.101 3.130 3.156 3.157 3.151 3.132 2.897 0.000 
8.000 2.000 1.672 1.844 1.996 2.132 2.265 2.389 2.492 2.591 2.672 2.739 2.811 2.869 2.930 2.973 3.012 3.047 3.058 3.086 3.100 3.130 3.155 3.156 3.151 3.131 2.896 0.000 
8.000 2.510 1.671 1.843 1.995 2.131 2.264 2.389 2.492 2.591 2.671 2.739 2.811 2.869 2.930 2.972 3.011 3.046 3.057 3.085 3.100 3.129 3.154 3.155 3.149 3.130 2.895 0.000 
8.000 3.160 1.670 1.842 1.994 2.130 2.264 2.388 2.491 2.590 2.670 2.738 2.810 2.868 2.929 2.971 3.010 3.045 3.056 3.084 3.098 3.127 3.152 3.153 3.147 3.127 2.893 0.000 
8.000 3.980 1.669 1.841 1.993 2.129 2.262 2.386 2.489 2.589 2.669 2.737 2.809 2.866 2.927 2.970 3.008 3.043 3.054 3.082 3.096 3.125 3.150 3.149 3.144 3.124 2.891 0.000 
8.000 5.010 1.667 1.839 1.991 2.127 2.260 2.384 2.487 2.586 2.667 2.734 2.806 2.864 2.925 2.967 3.006 3.041 3.052 3.079 3.093 3.121 3.145 3.145 3.139 3.118 2.886 0.000 
8.000 6.310 1.664 1.836 1.988 2.124 2.257 2.381 2.484 2.583 2.663 2.731 2.803 2.861 2.922 2.964 3.002 3.037 3.047 3.074 3.087 3.115 3.138 3.137 3.130 3.110 2.879 0.000 
8.000 7.940 1.659 1.831 1.983 2.119 2.252 2.376 2.479 2.578 2.658 2.726 2.798 2.856 2.917 2.958 2.996 3.031 3.041 3.066 3.079 3.105 3.128 3.125 3.118 3.097 2.869 0.000 
8.000 10.000 1.652 1.823 1.976 2.112 2.245 2.368 2.471 2.570 2.650 2.719 2.790 2.848 2.909 2.950 2.988 3.021 3.031 3.055 3.067 3.091 3.111 3.108 3.099 3.077 2.853 0.000 
8.000 12.590 1.641 1.812 1.965 2.101 2.234 2.356 2.459 2.558 2.638 2.707 2.778 2.836 2.897 2.938 2.974 3.007 3.016 3.038 3.048 3.070 3.087 3.082 3.071 3.048 2.829 0.000 
8.000 15.850 1.625 1.796 1.950 2.086 2.218 2.340 2.442 2.541 2.621 2.691 2.761 2.820 2.880 2.920 2.955 2.987 2.994 3.013 3.021 3.039 3.052 3.044 3.030 3.006 2.794 0.000 
8.000 19.950 1.603 1.774 1.929 2.065 2.196 2.316 2.419 2.517 2.597 2.668 2.738 2.796 2.855 2.894 2.928 2.959 2.964 2.978 2.983 2.996 3.004 2.991 2.974 2.947 2.746 0.000 
8.000 25.120 1.575 1.745 1.900 2.036 2.167 2.286 2.388 2.486 2.565 2.637 2.706 2.764 2.823 2.860 2.891 2.920 2.922 2.930 2.932 2.938 2.939 2.922 2.899 2.870 2.683 0.000 
8.000 31.620 1.539 1.709 1.865 2.001 2.130 2.247 2.348 2.446 2.524 2.597 2.665 2.723 2.780 2.816 2.844 2.870 2.869 2.870 2.867 2.865 2.857 2.833 2.805 2.772 2.603 0.000 
8.000 39.810 1.497 1.665 1.823 1.958 2.086 2.200 2.301 2.397 2.474 2.549 2.614 2.672 2.728 2.760 2.784 2.807 2.802 2.794 2.786 2.775 2.758 2.727 2.692 2.656 2.507 0.000 
8.000 50.120 1.448 1.616 1.774 1.909 2.035 2.146 2.246 2.341 2.416 2.492 2.555 2.611 2.665 2.694 2.713 2.732 2.721 2.705 2.690 2.669 2.641 2.603 2.562 2.522 2.396 0.000 
8.000 63.100 1.395 1.562 1.721 1.854 1.979 2.086 2.184 2.278 2.351 2.426 2.486 2.540 2.591 2.616 2.629 2.643 2.627 2.600 2.579 2.548 2.510 2.465 2.418 2.375 2.273 0.000 
8.000 79.430 1.339 1.504 1.663 1.795 1.917 2.021 2.117 2.207 2.278 2.352 2.409 2.459 2.505 2.525 2.532 2.540 2.517 2.481 2.452 2.412 2.365 2.313 2.261 2.215 2.140 0.000 
8.000 100.000 1.281 1.444 1.602 1.732 1.851 1.950 2.044 2.131 2.198 2.270 2.322 2.367 2.408 2.422 2.421 2.421 2.392 2.346 2.310 2.262 2.206 2.150 2.095 2.048 1.999 0.000 
8.000 125.890 1.220 1.382 1.538 1.665 1.782 1.875 1.967 2.048 2.111 2.179 2.225 2.263 2.297 2.304 2.294 2.285 2.249 2.194 2.151 2.097 2.035 1.976 1.921 1.873 1.850 0.000 
8.000 158.490 1.159 1.319 1.472 1.595 1.708 1.794 1.883 1.958 2.016 2.077 2.117 2.145 2.172 2.169 2.149 2.130 2.085 2.023 1.973 1.915 1.851 1.793 1.740 1.693 1.694 0.000 
8.000 199.530 1.097 1.255 1.403 1.520 1.629 1.708 1.793 1.860 1.912 1.964 1.996 2.012 2.028 2.015 1.983 1.952 1.899 1.830 1.775 1.716 1.653 1.599 1.553 1.509 1.533 0.000 
8.000 251.190 1.035 1.190 1.331 1.441 1.545 1.615 1.696 1.753 1.798 1.837 1.861 1.860 1.864 1.839 1.792 1.747 1.684 1.612 1.551 1.496 1.439 1.394 1.361 1.323 1.365 0.000 
8.000 316.230 0.972 1.124 1.255 1.356 1.455 1.515 1.591 1.634 1.671 1.693 1.706 1.685 1.674 1.634 1.571 1.509 1.436 1.363 1.298 1.252 1.208 1.177 1.163 1.134 1.192 0.000 
8.000 398.110 0.909 1.058 1.175 1.264 1.356 1.404 1.474 1.501 1.528 1.528 1.530 1.483 1.453 1.396 1.313 1.230 1.148 1.077 1.008 0.979 0.955 0.947 0.960 0.943 1.011 0.000 
8.000 501.190 0.846 0.991 1.090 1.164 1.248 1.282 1.343 1.351 1.366 1.338 1.326 1.246 1.193 1.115 1.009 0.901 0.808 0.744 0.674 0.670 0.677 0.700 0.751 0.752 0.822 0.000 
8.000 630.960 0.784 0.923 0.999 1.053 1.128 1.144 1.196 1.179 1.180 1.115 1.087 0.966 0.884 0.781 0.649 0.510 0.405 0.354 0.285 0.317 0.367 0.433 0.535 0.559 0.623 0.000 
8.000 794.330 0.720 0.854 0.899 0.928 0.992 0.986 1.027 0.979 0.964 0.853 0.805 0.632 0.515 0.381 0.217 0.041 -0.078 -0.108 -0.174 -0.092 0.018 0.142 0.311 0.367 0.413 0.000 
8.000 1000.000 0.657 0.784 0.790 0.787 0.836 0.805 0.832 0.745 0.710 0.540 0.468 0.231 0.070 -0.101 -0.305 -0.527 -0.659 -0.660 -0.719 -0.571 -0.381 -0.179 0.078 0.173 0.188 0.000 
8.250 1.000 1.767 1.924 2.067 2.192 2.316 2.434 2.530 2.621 2.696 2.762 2.826 2.881 2.939 2.976 3.010 3.040 3.047 3.066 3.076 3.100 3.117 3.112 3.102 3.080 2.866 0.000 
8.250 1.260 1.767 1.924 2.067 2.191 2.316 2.434 2.530 2.621 2.695 2.762 2.826 2.881 2.939 2.976 3.010 3.040 3.047 3.066 3.076 3.100 3.117 3.112 3.102 3.079 2.866 0.000 
8.250 1.580 1.767 1.924 2.067 2.191 2.316 2.434 2.530 2.621 2.695 2.762 2.826 2.880 2.939 2.976 3.010 3.040 3.047 3.066 3.076 3.100 3.116 3.112 3.102 3.079 2.866 0.000 
8.250 2.000 1.767 1.924 2.066 2.191 2.316 2.433 2.529 2.620 2.695 2.762 2.825 2.880 2.938 2.975 3.009 3.039 3.047 3.065 3.075 3.099 3.116 3.111 3.101 3.078 2.865 0.000 
8.250 2.510 1.766 1.923 2.066 2.191 2.315 2.433 2.529 2.620 2.695 2.761 2.825 2.880 2.938 2.975 3.009 3.039 3.046 3.065 3.075 3.098 3.115 3.110 3.100 3.077 2.864 0.000 
8.250 3.160 1.766 1.923 2.065 2.190 2.315 2.432 2.528 2.619 2.694 2.761 2.824 2.879 2.937 2.974 3.008 3.038 3.045 3.064 3.074 3.097 3.113 3.108 3.098 3.075 2.863 0.000 
8.250 3.980 1.765 1.922 2.064 2.189 2.314 2.431 2.527 2.618 2.693 2.760 2.823 2.878 2.936 2.973 3.007 3.037 3.044 3.062 3.072 3.095 3.111 3.106 3.096 3.073 2.861 0.000 
8.250 5.010 1.763 1.920 2.063 2.187 2.312 2.430 2.525 2.616 2.691 2.758 2.822 2.876 2.934 2.971 3.005 3.035 3.041 3.060 3.069 3.092 3.108 3.102 3.092 3.068 2.857 0.000 
8.250 6.310 1.761 1.918 2.060 2.185 2.310 2.427 2.523 2.614 2.688 2.755 2.819 2.874 2.932 2.968 3.002 3.031 3.038 3.056 3.065 3.087 3.102 3.096 3.085 3.062 2.852 0.000 
8.250 7.940 1.757 1.914 2.056 2.181 2.306 2.423 2.519 2.609 2.684 2.751 2.815 2.869 2.927 2.964 2.997 3.026 3.033 3.050 3.058 3.080 3.094 3.087 3.075 3.051 2.843 0.000 
8.250 10.000 1.751 1.908 2.051 2.176 2.300 2.417 2.512 2.603 2.678 2.745 2.808 2.863 2.921 2.957 2.990 3.019 3.025 3.040 3.048 3.068 3.081 3.073 3.060 3.036 2.830 0.000 
8.250 12.590 1.742 1.899 2.042 2.167 2.291 2.407 2.503 2.593 2.668 2.736 2.799 2.854 2.911 2.947 2.979 3.007 3.012 3.026 3.033 3.051 3.061 3.051 3.037 3.012 2.811 0.000 
8.250 15.850 1.729 1.886 2.029 2.154 2.278 2.393 2.489 2.579 2.653 2.722 2.784 2.839 2.897 2.932 2.963 2.990 2.994 3.005 3.010 3.025 3.032 3.020 3.004 2.977 2.782 0.000 
8.250 19.950 1.711 1.867 2.011 2.136 2.259 2.374 2.469 2.559 2.633 2.702 2.764 2.819 2.876 2.910 2.939 2.966 2.968 2.975 2.978 2.989 2.991 2.976 2.956 2.928 2.742 0.000 
8.250 25.120 1.686 1.842 1.987 2.111 2.234 2.347 2.442 2.532 2.605 2.675 2.736 2.791 2.847 2.880 2.907 2.932 2.932 2.934 2.933 2.938 2.935 2.915 2.891 2.861 2.687 0.000 
8.250 31.620 1.654 1.809 1.955 2.080 2.201 2.312 2.406 2.496 2.568 2.640 2.699 2.754 2.809 2.840 2.864 2.887 2.883 2.879 2.875 2.873 2.861 2.836 2.808 2.774 2.616 0.000 
8.250 39.810 1.615 1.770 1.916 2.040 2.160 2.269 2.363 2.451 2.523 2.595 2.653 2.707 2.760 2.789 2.810 2.829 2.822 2.810 2.800 2.790 2.770 2.739 2.704 2.668 2.528 0.000 
8.250 50.120 1.570 1.723 1.871 1.994 2.113 2.219 2.311 2.398 2.468 2.541 2.597 2.650 2.701 2.726 2.742 2.758 2.746 2.726 2.710 2.691 2.661 2.623 2.583 2.543 2.424 0.000 
8.250 63.100 1.520 1.672 1.820 1.942 2.058 2.161 2.252 2.337 2.405 2.479 2.532 2.582 2.630 2.651 2.662 2.673 2.655 2.626 2.604 2.575 2.536 2.491 2.445 2.402 2.307 0.000 
8.250 79.430 1.465 1.616 1.764 1.885 1.999 2.097 2.187 2.269 2.335 2.407 2.456 2.503 2.547 2.564 2.568 2.573 2.549 2.510 2.481 2.444 2.395 2.345 2.294 2.248 2.178 0.000 
8.250 100.000 1.408 1.557 1.704 1.823 1.934 2.028 2.116 2.194 2.256 2.326 2.371 2.413 2.452 2.463 2.459 2.457 2.427 2.378 2.343 2.297 2.240 2.186 2.132 2.084 2.040 0.000 
8.250 125.890 1.348 1.496 1.641 1.757 1.865 1.953 2.039 2.112 2.171 2.236 2.276 2.311 2.343 2.346 2.334 2.323 2.286 2.229 2.186 2.135 2.072 2.015 1.961 1.912 1.893 0.000 
8.250 158.490 1.288 1.433 1.575 1.687 1.792 1.874 1.956 2.023 2.076 2.136 2.169 2.194 2.219 2.213 2.190 2.170 2.124 2.060 2.011 1.955 1.890 1.833 1.782 1.735 1.740 0.000 
8.250 199.530 1.226 1.369 1.506 1.613 1.714 1.788 1.867 1.926 1.973 2.023 2.049 2.062 2.077 2.061 2.026 1.993 1.939 1.868 1.813 1.758 1.693 1.641 1.597 1.553 1.579 0.000 
8.250 251.190 1.164 1.305 1.434 1.534 1.630 1.696 1.770 1.819 1.859 1.897 1.914 1.911 1.913 1.885 1.836 1.789 1.726 1.651 1.591 1.539 1.481 1.437 1.405 1.367 1.413 0.000 
8.250 316.230 1.101 1.239 1.359 1.449 1.540 1.595 1.664 1.700 1.733 1.753 1.760 1.736 1.724 1.681 1.616 1.551 1.479 1.403 1.339 1.296 1.251 1.221 1.208 1.179 1.240 0.000 
8.250 398.110 1.039 1.173 1.279 1.357 1.442 1.485 1.548 1.568 1.590 1.589 1.584 1.534 1.503 1.443 1.358 1.273 1.190 1.118 1.050 1.023 0.999 0.991 1.006 0.989 1.059 0.000 
8.250 501.190 0.976 1.106 1.194 1.257 1.333 1.362 1.417 1.417 1.428 1.399 1.380 1.298 1.243 1.162 1.055 0.945 0.851 0.785 0.716 0.715 0.721 0.745 0.797 0.798 0.871 0.000 
8.250 630.960 0.913 1.038 1.103 1.146 1.213 1.224 1.270 1.245 1.243 1.176 1.141 1.018 0.935 0.829 0.695 0.554 0.448 0.396 0.327 0.362 0.411 0.479 0.582 0.606 0.673 0.000 
8.250 794.330 0.850 0.969 1.003 1.021 1.077 1.067 1.102 1.046 1.027 0.914 0.859 0.685 0.566 0.429 0.263 0.085 -0.034 -0.066 -0.131 -0.047 0.062 0.188 0.358 0.413 0.462 0.000 
8.250 1000.000 0.787 0.899 0.894 0.879 0.921 0.886 0.906 0.812 0.773 0.601 0.523 0.284 0.121 -0.053 -0.259 -0.483 -0.615 -0.618 -0.676 -0.525 -0.336 -0.134 0.125 0.220 0.237 0.000 
8.500 1.000 1.856 1.999 2.132 2.248 2.366 2.480 2.568 2.651 2.722 2.788 2.846 2.896 2.950 2.983 3.011 3.037 3.040 3.052 3.057 3.074 3.084 3.074 3.060 3.035 2.849 0.000 
8.500 1.260 1.856 1.999 2.132 2.248 2.366 2.479 2.568 2.651 2.722 2.788 2.845 2.896 2.949 2.983 3.011 3.037 3.040 3.052 3.057 3.074 3.083 3.074 3.059 3.034 2.849 0.000 
8.500 1.580 1.856 1.999 2.132 2.248 2.366 2.479 2.568 2.651 2.722 2.788 2.845 2.896 2.949 2.983 3.011 3.036 3.039 3.052 3.056 3.074 3.083 3.074 3.059 3.034 2.849 0.000 
8.500 2.000 1.855 1.999 2.131 2.248 2.365 2.479 2.568 2.651 2.722 2.787 2.845 2.896 2.949 2.982 3.011 3.036 3.039 3.052 3.056 3.073 3.083 3.073 3.059 3.034 2.848 0.000 
8.500 2.510 1.855 1.999 2.131 2.248 2.365 2.479 2.568 2.650 2.721 2.787 2.845 2.896 2.949 2.982 3.010 3.036 3.039 3.051 3.055 3.073 3.082 3.073 3.058 3.033 2.848 0.000 
8.500 3.160 1.855 1.998 2.131 2.247 2.365 2.478 2.567 2.650 2.721 2.786 2.844 2.895 2.948 2.981 3.010 3.035 3.038 3.050 3.055 3.072 3.081 3.071 3.056 3.031 2.847 0.000 
8.500 3.980 1.854 1.997 2.130 2.246 2.364 2.477 2.566 2.649 2.720 2.786 2.843 2.894 2.947 2.981 3.009 3.034 3.037 3.049 3.053 3.070 3.079 3.069 3.054 3.029 2.845 0.000 
8.500 5.010 1.852 1.996 2.129 2.245 2.363 2.476 2.565 2.647 2.718 2.784 2.842 2.893 2.946 2.979 3.007 3.032 3.035 3.047 3.051 3.067 3.076 3.066 3.051 3.026 2.842 0.000 
8.500 6.310 1.851 1.994 2.127 2.243 2.360 2.474 2.563 2.645 2.716 2.782 2.840 2.891 2.944 2.977 3.005 3.030 3.032 3.044 3.047 3.064 3.072 3.061 3.046 3.020 2.838 0.000 
8.500 7.940 1.847 1.991 2.124 2.240 2.357 2.471 2.559 2.642 2.713 2.779 2.836 2.887 2.940 2.973 3.001 3.026 3.028 3.039 3.042 3.057 3.065 3.054 3.038 3.012 2.831 0.000 
8.500 10.000 1.843 1.986 2.119 2.235 2.353 2.465 2.554 2.637 2.707 2.774 2.831 2.882 2.935 2.967 2.995 3.019 3.021 3.031 3.034 3.048 3.054 3.043 3.026 2.999 2.820 0.000 
8.500 12.590 1.835 1.979 2.112 2.228 2.345 2.458 2.546 2.629 2.699 2.766 2.823 2.874 2.927 2.959 2.986 3.010 3.011 3.019 3.021 3.034 3.038 3.025 3.007 2.980 2.804 0.000 
8.500 15.850 1.825 1.968 2.101 2.218 2.334 2.446 2.535 2.617 2.687 2.754 2.811 2.862 2.914 2.946 2.972 2.995 2.996 3.002 3.002 3.012 3.014 2.999 2.979 2.951 2.781 0.000 
8.500 19.950 1.809 1.952 2.086 2.202 2.318 2.429 2.518 2.600 2.670 2.738 2.794 2.845 2.897 2.927 2.952 2.974 2.973 2.976 2.974 2.981 2.979 2.961 2.939 2.909 2.747 0.000 
8.500 25.120 1.788 1.930 2.065 2.181 2.296 2.406 2.494 2.576 2.645 2.714 2.769 2.820 2.871 2.901 2.924 2.944 2.941 2.940 2.935 2.937 2.930 2.909 2.883 2.851 2.699 0.000 
8.500 31.620 1.760 1.901 2.037 2.153 2.267 2.375 2.463 2.544 2.613 2.682 2.737 2.787 2.837 2.865 2.885 2.904 2.898 2.891 2.883 2.879 2.865 2.839 2.809 2.775 2.636 0.000 
8.500 39.810 1.724 1.865 2.001 2.117 2.230 2.336 2.423 2.503 2.571 2.642 2.694 2.744 2.793 2.818 2.835 2.851 2.841 2.828 2.815 2.803 2.782 2.750 2.715 2.678 2.556 0.000 
8.500 50.120 1.682 1.822 1.959 2.074 2.186 2.289 2.375 2.454 2.520 2.591 2.642 2.690 2.737 2.760 2.772 2.784 2.771 2.749 2.731 2.711 2.680 2.643 2.602 2.562 2.460 0.000 
8.500 63.100 1.634 1.773 1.910 2.024 2.134 2.234 2.318 2.396 2.460 2.531 2.579 2.626 2.670 2.688 2.696 2.703 2.684 2.654 2.630 2.601 2.561 2.517 2.471 2.428 2.348 0.000 
8.500 79.430 1.581 1.719 1.856 1.968 2.076 2.172 2.255 2.330 2.392 2.462 2.507 2.550 2.590 2.604 2.605 2.607 2.582 2.542 2.512 2.475 2.426 2.377 2.326 2.280 2.224 0.000 
8.500 100.000 1.525 1.661 1.797 1.908 2.013 2.104 2.185 2.256 2.315 2.383 2.424 2.462 2.497 2.505 2.499 2.494 2.463 2.414 2.377 2.332 2.276 2.222 2.169 2.121 2.090 0.000 
8.500 125.890 1.467 1.601 1.735 1.843 1.945 2.031 2.110 2.176 2.231 2.295 2.330 2.361 2.390 2.391 2.376 2.363 2.324 2.267 2.223 2.172 2.111 2.054 2.001 1.953 1.946 0.000 
8.500 158.490 1.407 1.539 1.670 1.773 1.872 1.952 2.028 2.087 2.138 2.195 2.224 2.246 2.267 2.260 2.235 2.211 2.165 2.101 2.050 1.996 1.931 1.875 1.825 1.778 1.794 0.000 
8.500 199.530 1.345 1.476 1.602 1.699 1.794 1.867 1.939 1.990 2.035 2.084 2.106 2.115 2.126 2.109 2.071 2.036 1.982 1.911 1.855 1.800 1.737 1.685 1.641 1.597 1.636 0.000 
8.500 251.190 1.283 1.411 1.530 1.621 1.711 1.774 1.842 1.884 1.922 1.958 1.971 1.965 1.963 1.934 1.883 1.833 1.770 1.696 1.634 1.583 1.526 1.483 1.451 1.413 1.470 0.000 
8.500 316.230 1.221 1.346 1.455 1.536 1.621 1.674 1.737 1.766 1.796 1.815 1.818 1.791 1.775 1.731 1.663 1.597 1.524 1.449 1.383 1.341 1.296 1.268 1.255 1.226 1.298 0.000 
8.500 398.110 1.159 1.280 1.375 1.445 1.523 1.564 1.621 1.633 1.653 1.651 1.642 1.590 1.555 1.493 1.407 1.319 1.236 1.164 1.095 1.069 1.045 1.039 1.053 1.037 1.118 0.000 
8.500 501.190 1.096 1.213 1.290 1.344 1.415 1.442 1.490 1.483 1.492 1.461 1.438 1.353 1.295 1.213 1.104 0.991 0.897 0.832 0.762 0.761 0.768 0.793 0.845 0.846 0.930 0.000 
8.500 630.960 1.033 1.145 1.199 1.233 1.294 1.304 1.343 1.311 1.306 1.239 1.200 1.074 0.987 0.880 0.744 0.601 0.495 0.443 0.373 0.408 0.459 0.527 0.630 0.654 0.732 0.000 
8.500 794.330 0.970 1.076 1.099 1.109 1.158 1.146 1.175 1.112 1.090 0.976 0.918 0.741 0.619 0.481 0.312 0.132 0.013 -0.019 -0.085 -0.000 0.110 0.237 0.407 0.462 0.522 0.000 
8.500 1000.000 0.907 1.006 0.990 0.967 1.003 0.965 0.980 0.878 0.837 0.663 0.582 0.340 0.174 -0.002 -0.209 -0.435 -0.568 -0.570 -0.630 -0.478 -0.288 -0.085 0.174 0.269 0.297 0.000 
8.750 1.000 1.937 2.069 2.191 2.302 2.414 2.526 2.608 2.682 2.751 2.816 2.870 2.916 2.963 2.994 3.016 3.037 3.036 3.044 3.042 3.051 3.056 3.043 3.023 2.997 2.846 0.000 
8.750 1.260 1.937 2.069 2.191 2.302 2.414 2.526 2.608 2.682 2.751 2.816 2.870 2.916 2.963 2.994 3.016 3.037 3.036 3.044 3.042 3.051 3.056 3.043 3.023 2.997 2.846 0.000 
8.750 1.580 1.937 2.069 2.191 2.302 2.414 2.526 2.608 2.682 2.751 2.816 2.870 2.916 2.963 2.993 3.016 3.037 3.036 3.044 3.042 3.051 3.056 3.042 3.022 2.996 2.846 0.000 
8.750 2.000 1.937 2.069 2.191 2.301 2.413 2.526 2.608 2.682 2.751 2.816 2.870 2.916 2.962 2.993 3.016 3.037 3.035 3.044 3.041 3.051 3.055 3.042 3.022 2.996 2.846 0.000 
8.750 2.510 1.937 2.068 2.190 2.301 2.413 2.525 2.607 2.682 2.751 2.816 2.870 2.916 2.962 2.993 3.016 3.036 3.035 3.043 3.041 3.050 3.055 3.041 3.021 2.995 2.845 0.000 
8.750 3.160 1.936 2.068 2.190 2.301 2.413 2.525 2.607 2.681 2.750 2.815 2.869 2.915 2.962 2.992 3.015 3.036 3.034 3.043 3.040 3.049 3.054 3.040 3.020 2.994 2.844 0.000 
8.750 3.980 1.936 2.067 2.189 2.300 2.412 2.524 2.606 2.681 2.749 2.814 2.868 2.915 2.961 2.992 3.014 3.035 3.034 3.042 3.039 3.048 3.053 3.039 3.019 2.992 2.843 0.000 
8.750 5.010 1.935 2.066 2.188 2.299 2.411 2.523 2.605 2.679 2.748 2.813 2.867 2.914 2.960 2.990 3.013 3.033 3.032 3.040 3.037 3.046 3.050 3.036 3.016 2.990 2.841 0.000 
8.750 6.310 1.933 2.065 2.187 2.298 2.409 2.521 2.603 2.678 2.746 2.812 2.865 2.912 2.958 2.988 3.011 3.031 3.030 3.037 3.034 3.043 3.047 3.032 3.012 2.985 2.837 0.000 
8.750 7.940 1.931 2.062 2.184 2.295 2.407 2.519 2.601 2.675 2.744 2.809 2.863 2.909 2.955 2.985 3.008 3.028 3.026 3.033 3.030 3.038 3.041 3.026 3.005 2.978 2.831 0.000 
8.750 10.000 1.927 2.058 2.180 2.291 2.403 2.514 2.596 2.671 2.739 2.805 2.858 2.905 2.950 2.981 3.003 3.023 3.020 3.027 3.023 3.030 3.032 3.017 2.995 2.968 2.823 0.000 
8.750 12.590 1.921 2.052 2.174 2.285 2.397 2.508 2.590 2.664 2.733 2.798 2.852 2.898 2.944 2.974 2.995 3.015 3.012 3.017 3.012 3.018 3.019 3.002 2.980 2.952 2.810 0.000 
8.750 15.850 1.912 2.043 2.166 2.276 2.388 2.498 2.580 2.654 2.722 2.788 2.841 2.888 2.933 2.963 2.983 3.002 2.999 3.002 2.996 3.000 2.999 2.981 2.956 2.928 2.790 0.000 
8.750 19.950 1.899 2.030 2.153 2.263 2.374 2.484 2.566 2.639 2.707 2.774 2.827 2.873 2.918 2.947 2.966 2.984 2.979 2.980 2.972 2.973 2.969 2.949 2.922 2.893 2.761 0.000 
8.750 25.120 1.880 2.011 2.134 2.245 2.355 2.464 2.545 2.619 2.686 2.753 2.805 2.851 2.896 2.923 2.941 2.958 2.951 2.949 2.939 2.935 2.927 2.903 2.874 2.843 2.720 0.000 
8.750 31.620 1.855 1.985 2.109 2.220 2.329 2.436 2.517 2.590 2.657 2.725 2.776 2.822 2.865 2.891 2.907 2.922 2.913 2.905 2.892 2.883 2.869 2.841 2.808 2.775 2.664 0.000 
8.750 39.810 1.823 1.952 2.077 2.187 2.295 2.401 2.481 2.553 2.619 2.688 2.737 2.782 2.825 2.849 2.861 2.873 2.861 2.847 2.830 2.815 2.793 2.761 2.724 2.687 2.592 0.000 
8.750 50.120 1.784 1.912 2.038 2.147 2.254 2.357 2.436 2.507 2.572 2.641 2.689 2.732 2.773 2.794 2.803 2.811 2.795 2.774 2.752 2.729 2.699 2.661 2.619 2.580 2.502 0.000 
8.750 63.100 1.739 1.866 1.991 2.100 2.205 2.304 2.383 2.452 2.515 2.584 2.629 2.671 2.709 2.726 2.730 2.735 2.714 2.684 2.656 2.625 2.587 2.543 2.496 2.454 2.397 0.000 
8.750 79.430 1.688 1.814 1.939 2.046 2.149 2.245 2.322 2.388 2.449 2.518 2.560 2.598 2.632 2.645 2.643 2.642 2.615 2.577 2.543 2.504 2.457 2.409 2.357 2.313 2.279 0.000 
8.750 100.000 1.633 1.758 1.882 1.987 2.088 2.179 2.254 2.317 2.375 2.441 2.479 2.513 2.542 2.549 2.540 2.532 2.499 2.453 2.412 2.366 2.312 2.259 2.205 2.158 2.148 0.000 
8.750 125.890 1.576 1.699 1.821 1.923 2.021 2.106 2.179 2.237 2.292 2.354 2.387 2.414 2.437 2.438 2.420 2.404 2.364 2.309 2.262 2.210 2.151 2.095 2.041 1.994 2.007 0.000 
8.750 158.490 1.516 1.637 1.757 1.854 1.949 2.028 2.098 2.150 2.200 2.256 2.283 2.301 2.316 2.309 2.281 2.255 2.208 2.145 2.092 2.036 1.974 1.919 1.868 1.822 1.858 0.000 
8.750 199.530 1.455 1.574 1.689 1.781 1.871 1.944 2.010 2.054 2.098 2.145 2.165 2.171 2.177 2.159 2.119 2.082 2.026 1.958 1.899 1.843 1.782 1.731 1.687 1.644 1.701 0.000 
8.750 251.190 1.394 1.510 1.618 1.703 1.788 1.852 1.914 1.948 1.986 2.020 2.032 2.022 2.015 1.985 1.932 1.880 1.816 1.744 1.680 1.628 1.573 1.531 1.498 1.461 1.537 0.000 
8.750 316.230 1.332 1.445 1.542 1.618 1.698 1.752 1.809 1.830 1.860 1.878 1.879 1.849 1.828 1.783 1.714 1.645 1.571 1.499 1.430 1.387 1.345 1.317 1.304 1.275 1.366 0.000 
8.750 398.110 1.269 1.379 1.463 1.527 1.601 1.642 1.693 1.698 1.718 1.714 1.704 1.648 1.608 1.547 1.458 1.368 1.285 1.215 1.143 1.116 1.095 1.089 1.103 1.086 1.187 0.000 
8.750 501.190 1.206 1.312 1.378 1.427 1.493 1.519 1.563 1.548 1.557 1.524 1.501 1.412 1.349 1.267 1.156 1.041 0.947 0.884 0.811 0.809 0.818 0.844 0.895 0.896 0.999 0.000 
8.750 630.960 1.144 1.245 1.287 1.316 1.372 1.382 1.416 1.377 1.371 1.303 1.262 1.133 1.042 0.934 0.796 0.651 0.545 0.495 0.422 0.457 0.509 0.579 0.681 0.705 0.801 0.000 
8.750 794.330 1.081 1.176 1.187 1.191 1.236 1.225 1.247 1.177 1.156 1.040 0.981 0.800 0.673 0.535 0.365 0.183 0.063 0.034 -0.035 0.048 0.161 0.288 0.458 0.513 0.592 0.000 
8.750 1000.000 1.018 1.106 1.078 1.050 1.081 1.043 1.052 0.944 0.902 0.727 0.644 0.399 0.229 0.053 -0.157 -0.384 -0.518 -0.517 -0.580 -0.429 -0.237 -0.033 0.225 0.320 0.367 0.000 
9.000 1.000 2.012 2.133 2.244 2.352 2.460 2.573 2.649 2.715 2.783 2.847 2.900 2.941 2.978 3.008 3.025 3.041 3.035 3.042 3.031 3.032 3.034 3.017 2.991 2.965 2.857 0.000 
9.000 1.260 2.012 2.132 2.244 2.352 2.460 2.573 2.649 2.715 2.783 2.847 2.900 2.941 2.978 3.008 3.025 3.041 3.035 3.042 3.031 3.032 3.034 3.017 2.991 2.965 2.857 0.000 
9.000 1.580 2.012 2.132 2.244 2.352 2.460 2.573 2.648 2.714 2.783 2.847 2.900 2.940 2.978 3.008 3.025 3.041 3.035 3.042 3.031 3.032 3.034 3.017 2.991 2.965 2.857 0.000 
9.000 2.000 2.011 2.132 2.244 2.352 2.460 2.573 2.648 2.714 2.783 2.847 2.899 2.940 2.978 3.007 3.024 3.040 3.035 3.042 3.031 3.032 3.034 3.016 2.991 2.964 2.856 0.000 
9.000 2.510 2.011 2.132 2.243 2.351 2.459 2.572 2.648 2.714 2.783 2.847 2.899 2.940 2.977 3.007 3.024 3.040 3.034 3.042 3.031 3.031 3.033 3.016 2.990 2.964 2.856 0.000 
9.000 3.160 2.011 2.132 2.243 2.351 2.459 2.572 2.648 2.714 2.782 2.846 2.899 2.940 2.977 3.007 3.024 3.040 3.034 3.041 3.030 3.030 3.032 3.015 2.989 2.963 2.855 0.000 
9.000 3.980 2.010 2.131 2.243 2.351 2.458 2.571 2.647 2.713 2.782 2.846 2.898 2.939 2.976 3.006 3.023 3.039 3.033 3.040 3.029 3.029 3.031 3.014 2.988 2.961 2.854 0.000 
9.000 5.010 2.010 2.130 2.242 2.350 2.458 2.570 2.646 2.712 2.781 2.845 2.897 2.938 2.975 3.005 3.022 3.038 3.032 3.039 3.027 3.028 3.029 3.012 2.986 2.959 2.852 0.000 
9.000 6.310 2.008 2.129 2.240 2.348 2.456 2.569 2.645 2.711 2.779 2.843 2.896 2.937 2.974 3.004 3.020 3.036 3.030 3.037 3.025 3.025 3.026 3.008 2.982 2.956 2.849 0.000 
9.000 7.940 2.006 2.127 2.238 2.346 2.454 2.567 2.642 2.708 2.777 2.841 2.893 2.934 2.972 3.001 3.018 3.033 3.027 3.033 3.021 3.021 3.022 3.003 2.977 2.950 2.844 0.000 
9.000 10.000 2.003 2.124 2.235 2.343 2.451 2.563 2.639 2.705 2.773 2.837 2.890 2.931 2.968 2.997 3.013 3.029 3.022 3.028 3.016 3.014 3.014 2.996 2.968 2.941 2.837 0.000 
9.000 12.590 1.998 2.118 2.230 2.338 2.446 2.558 2.633 2.699 2.768 2.832 2.884 2.925 2.962 2.991 3.007 3.022 3.015 3.019 3.007 3.004 3.003 2.983 2.956 2.928 2.826 0.000 
9.000 15.850 1.990 2.111 2.223 2.331 2.438 2.550 2.625 2.691 2.759 2.824 2.876 2.916 2.953 2.982 2.997 3.011 3.004 3.007 2.993 2.989 2.986 2.965 2.936 2.908 2.810 0.000 
9.000 19.950 1.979 2.099 2.212 2.319 2.426 2.537 2.613 2.678 2.746 2.811 2.863 2.903 2.940 2.968 2.982 2.996 2.987 2.988 2.973 2.966 2.960 2.938 2.907 2.878 2.785 0.000 
9.000 25.120 1.963 2.083 2.196 2.303 2.410 2.520 2.595 2.660 2.728 2.793 2.844 2.885 2.920 2.947 2.960 2.973 2.962 2.960 2.943 2.933 2.924 2.898 2.865 2.835 2.749 0.000 
9.000 31.620 1.941 2.061 2.174 2.281 2.387 2.496 2.570 2.635 2.702 2.768 2.818 2.858 2.893 2.919 2.930 2.940 2.928 2.921 2.901 2.887 2.873 2.844 2.808 2.775 2.700 0.000 
9.000 39.810 1.912 2.031 2.145 2.252 2.356 2.463 2.537 2.601 2.668 2.734 2.783 2.823 2.856 2.880 2.888 2.896 2.881 2.869 2.845 2.825 2.805 2.772 2.731 2.696 2.635 0.000 
9.000 50.120 1.876 1.994 2.108 2.214 2.318 2.422 2.496 2.558 2.624 2.691 2.738 2.776 2.808 2.829 2.833 2.839 2.820 2.801 2.773 2.746 2.718 2.680 2.635 2.598 2.553 0.000 
9.000 63.100 1.833 1.950 2.064 2.170 2.271 2.373 2.445 2.506 2.570 2.637 2.682 2.718 2.748 2.765 2.765 2.766 2.743 2.717 2.683 2.648 2.613 2.569 2.520 2.480 2.454 0.000 
9.000 79.430 1.785 1.900 2.014 2.118 2.218 2.316 2.387 2.445 2.507 2.573 2.615 2.648 2.674 2.688 2.682 2.678 2.649 2.615 2.575 2.533 2.489 2.441 2.387 2.345 2.341 0.000 
9.000 100.000 1.732 1.846 1.959 2.061 2.158 2.251 2.320 2.376 2.435 2.499 2.537 2.566 2.587 2.595 2.582 2.572 2.537 2.494 2.449 2.399 2.348 2.296 2.240 2.196 2.215 0.000 
9.000 125.890 1.675 1.788 1.899 1.998 2.092 2.180 2.247 2.298 2.353 2.414 2.447 2.469 2.485 2.486 2.465 2.447 2.405 2.354 2.303 2.247 2.191 2.137 2.081 2.036 2.078 0.000 
9.000 158.490 1.617 1.727 1.835 1.930 2.021 2.103 2.167 2.212 2.263 2.317 2.345 2.358 2.366 2.359 2.328 2.300 2.252 2.194 2.135 2.077 2.018 1.964 1.911 1.867 1.931 0.000 
9.000 199.530 1.556 1.665 1.768 1.857 1.944 2.019 2.080 2.116 2.162 2.208 2.229 2.230 2.228 2.212 2.169 2.129 2.073 2.009 1.945 1.886 1.829 1.779 1.733 1.691 1.777 0.000 
9.000 251.190 1.495 1.601 1.697 1.779 1.862 1.928 1.984 2.011 2.050 2.084 2.096 2.082 2.068 2.040 1.983 1.930 1.864 1.797 1.728 1.673 1.622 1.581 1.546 1.510 1.614 0.000 
9.000 316.230 1.433 1.536 1.622 1.695 1.772 1.828 1.880 1.894 1.925 1.942 1.945 1.910 1.882 1.839 1.766 1.696 1.621 1.553 1.480 1.434 1.396 1.369 1.353 1.326 1.444 0.000 
9.000 398.110 1.371 1.470 1.543 1.604 1.674 1.718 1.764 1.762 1.784 1.779 1.770 1.710 1.663 1.603 1.512 1.420 1.336 1.270 1.194 1.165 1.147 1.142 1.153 1.138 1.266 0.000 
9.000 501.190 1.308 1.404 1.458 1.504 1.566 1.596 1.634 1.612 1.623 1.590 1.567 1.475 1.405 1.324 1.210 1.094 0.999 0.940 0.863 0.858 0.871 0.898 0.947 0.949 1.079 0.000 
9.000 630.960 1.245 1.336 1.367 1.393 1.446 1.458 1.487 1.441 1.437 1.368 1.329 1.196 1.097 0.992 0.851 0.704 0.597 0.552 0.475 0.506 0.563 0.633 0.733 0.758 0.881 0.000 
9.000 794.330 1.182 1.267 1.267 1.268 1.310 1.301 1.318 1.242 1.222 1.106 1.047 0.863 0.729 0.593 0.420 0.236 0.116 0.092 0.018 0.099 0.215 0.343 0.510 0.566 0.672 0.000 
9.000 1000.000 1.119 1.197 1.158 1.127 1.155 1.120 1.123 1.008 0.968 0.793 0.711 0.462 0.285 0.111 -0.101 -0.330 -0.464 -0.459 -0.526 -0.379 -0.182 0.022 0.277 0.373 0.447 0.000 
9.250 1.000 2.079 2.190 2.290 2.398 2.504 2.620 2.690 2.747 2.818 2.880 2.934 2.969 2.995 3.025 3.036 3.048 3.037 3.046 3.025 3.015 3.017 2.996 2.964 2.939 2.880 0.000 
9.250 1.260 2.079 2.190 2.290 2.398 2.504 2.620 2.690 2.747 2.818 2.880 2.934 2.969 2.995 3.025 3.036 3.048 3.037 3.046 3.025 3.015 3.017 2.996 2.964 2.938 2.880 0.000 
9.250 1.580 2.078 2.190 2.290 2.398 2.504 2.620 2.690 2.747 2.818 2.880 2.934 2.969 2.995 3.025 3.036 3.047 3.037 3.046 3.025 3.015 3.016 2.996 2.964 2.938 2.880 0.000 
9.250 2.000 2.078 2.190 2.290 2.398 2.503 2.620 2.689 2.747 2.817 2.880 2.934 2.968 2.995 3.025 3.036 3.047 3.037 3.045 3.025 3.015 3.016 2.996 2.964 2.938 2.879 0.000 
9.250 2.510 2.078 2.190 2.290 2.398 2.503 2.620 2.689 2.747 2.817 2.880 2.934 2.968 2.995 3.025 3.036 3.047 3.037 3.045 3.024 3.014 3.016 2.995 2.963 2.938 2.879 0.000 
9.250 3.160 2.078 2.189 2.290 2.398 2.503 2.619 2.689 2.746 2.817 2.880 2.933 2.968 2.994 3.024 3.035 3.047 3.036 3.045 3.024 3.014 3.015 2.994 2.962 2.937 2.878 0.000 
9.250 3.980 2.077 2.189 2.289 2.397 2.502 2.619 2.688 2.746 2.816 2.879 2.933 2.967 2.994 3.024 3.035 3.046 3.036 3.044 3.023 3.013 3.014 2.993 2.961 2.936 2.877 0.000 
9.250 5.010 2.077 2.188 2.289 2.396 2.502 2.618 2.688 2.745 2.816 2.878 2.932 2.967 2.993 3.023 3.034 3.045 3.035 3.043 3.022 3.012 3.013 2.992 2.960 2.934 2.876 0.000 
9.250 6.310 2.076 2.187 2.288 2.395 2.501 2.617 2.686 2.744 2.814 2.877 2.931 2.965 2.992 3.022 3.032 3.044 3.033 3.041 3.020 3.009 3.010 2.989 2.957 2.931 2.873 0.000 
9.250 7.940 2.074 2.185 2.286 2.394 2.499 2.615 2.685 2.742 2.812 2.875 2.929 2.963 2.990 3.019 3.030 3.041 3.030 3.038 3.016 3.006 3.006 2.985 2.952 2.926 2.870 0.000 
9.250 10.000 2.071 2.182 2.283 2.391 2.496 2.612 2.682 2.739 2.809 2.872 2.926 2.960 2.987 3.016 3.026 3.037 3.026 3.033 3.012 3.000 3.000 2.978 2.945 2.919 2.864 0.000 
9.250 12.590 2.067 2.178 2.279 2.387 2.492 2.607 2.677 2.734 2.804 2.868 2.921 2.955 2.982 3.011 3.021 3.031 3.020 3.026 3.004 2.992 2.991 2.968 2.934 2.908 2.854 0.000 
9.250 15.850 2.061 2.172 2.273 2.380 2.485 2.600 2.670 2.727 2.797 2.860 2.913 2.948 2.974 3.003 3.012 3.022 3.010 3.015 2.992 2.979 2.976 2.952 2.918 2.891 2.840 0.000 
9.250 19.950 2.051 2.162 2.263 2.371 2.475 2.590 2.659 2.716 2.786 2.850 2.902 2.937 2.962 2.991 2.999 3.009 2.996 2.999 2.975 2.959 2.954 2.929 2.893 2.865 2.819 0.000 
9.250 25.120 2.037 2.148 2.249 2.357 2.461 2.575 2.644 2.700 2.770 2.834 2.886 2.920 2.945 2.973 2.980 2.989 2.974 2.975 2.949 2.930 2.922 2.895 2.857 2.828 2.788 0.000 
9.250 31.620 2.018 2.128 2.230 2.337 2.440 2.553 2.622 2.678 2.747 2.812 2.863 2.897 2.921 2.947 2.953 2.960 2.944 2.940 2.912 2.889 2.877 2.847 2.806 2.775 2.745 0.000 
9.250 39.810 1.992 2.101 2.204 2.310 2.413 2.524 2.592 2.647 2.716 2.781 2.831 2.864 2.888 2.912 2.915 2.920 2.901 2.893 2.861 2.834 2.816 2.782 2.738 2.705 2.686 0.000 
9.250 50.120 1.959 2.067 2.170 2.276 2.377 2.486 2.553 2.608 2.675 2.741 2.789 2.821 2.843 2.865 2.865 2.867 2.845 2.831 2.794 2.761 2.736 2.698 2.650 2.614 2.611 0.000 
9.250 63.100 1.918 2.026 2.129 2.234 2.334 2.440 2.506 2.559 2.625 2.690 2.737 2.767 2.786 2.805 2.801 2.798 2.772 2.751 2.710 2.670 2.638 2.594 2.542 2.504 2.519 0.000 
9.250 79.430 1.872 1.979 2.081 2.185 2.282 2.385 2.450 2.500 2.565 2.629 2.673 2.700 2.716 2.731 2.721 2.714 2.683 2.654 2.608 2.560 2.520 2.472 2.417 2.376 2.411 0.000 
9.250 100.000 1.820 1.926 2.027 2.129 2.224 2.322 2.386 2.433 2.495 2.557 2.598 2.621 2.632 2.642 2.625 2.612 2.575 2.538 2.486 2.431 2.385 2.333 2.275 2.233 2.290 0.000 
9.250 125.890 1.765 1.869 1.968 2.067 2.160 2.253 2.314 2.357 2.415 2.474 2.510 2.527 2.533 2.536 2.511 2.490 2.447 2.402 2.344 2.284 2.233 2.179 2.120 2.077 2.157 0.000 
9.250 158.490 1.707 1.809 1.906 2.000 2.089 2.176 2.235 2.272 2.326 2.379 2.410 2.418 2.416 2.412 2.377 2.347 2.297 2.245 2.181 2.117 2.064 2.010 1.954 1.912 2.013 0.000 
9.250 199.530 1.648 1.747 1.839 1.928 2.013 2.093 2.148 2.178 2.227 2.271 2.295 2.291 2.280 2.266 2.220 2.178 2.120 2.064 1.993 1.930 1.877 1.828 1.779 1.740 1.861 0.000 
9.250 251.190 1.587 1.684 1.768 1.850 1.931 2.002 2.054 2.073 2.116 2.148 2.164 2.145 2.122 2.096 2.037 1.981 1.915 1.854 1.779 1.719 1.673 1.632 1.595 1.561 1.700 0.000 
9.250 316.230 1.525 1.619 1.694 1.767 1.842 1.903 1.949 1.956 1.991 2.007 2.013 1.974 1.937 1.897 1.822 1.749 1.673 1.612 1.533 1.482 1.449 1.422 1.404 1.378 1.531 0.000 
9.250 398.110 1.463 1.554 1.614 1.675 1.744 1.793 1.833 1.825 1.850 1.845 1.839 1.775 1.719 1.662 1.568 1.475 1.389 1.331 1.248 1.214 1.201 1.197 1.206 1.192 1.354 0.000 
9.250 501.190 1.400 1.487 1.530 1.576 1.637 1.671 1.704 1.675 1.690 1.656 1.637 1.540 1.462 1.384 1.268 1.150 1.053 1.002 0.918 0.909 0.927 0.954 1.000 1.004 1.168 0.000 
9.250 630.960 1.338 1.419 1.439 1.465 1.516 1.534 1.557 1.504 1.505 1.435 1.399 1.262 1.155 1.052 0.909 0.761 0.653 0.615 0.532 0.558 0.619 0.690 0.786 0.813 0.971 0.000 
9.250 794.330 1.275 1.351 1.339 1.340 1.380 1.377 1.389 1.305 1.289 1.173 1.118 0.930 0.787 0.654 0.479 0.293 0.172 0.155 0.075 0.151 0.272 0.400 0.564 0.622 0.762 0.000 
9.250 1000.000 1.212 1.281 1.230 1.199 1.225 1.196 1.194 1.072 1.036 0.860 0.782 0.529 0.343 0.173 -0.042 -0.273 -0.408 -0.396 -0.469 -0.326 -0.125 0.080 0.332 0.430 0.538 0.000 
