GhofraniAtkinson2014Cascadia_CanadaSHM6-trial modified from OpenQuake implementation, distance is rrup. Log10 ground motion values in cgs units, PGV and Sa(T<0.1s) not valid
          10 31 26 : nmag, ndist, nperiod
          10.000 9.090 7.140 5.880 4.550 3.700 3.030 2.440 1.920 1.560 1.250 1.010 0.810 0.650 0.530 0.420 0.340 0.270 0.220 0.180 0.140 0.110 0.090 0.070 PGA PGV 
          0.538 0.538 0.575 0.611 0.642 0.662 0.685 0.702 0.713 0.682 0.652 0.632 0.648 0.682 0.729 0.785 0.833 0.852 0.852 0.861 0.892 0.909 0.906 0.874 0.795 0.550
7.000 1.000 0.238 0.311 0.530 0.681 0.850 1.035 1.246 1.494 1.720 1.808 1.869 1.908 2.018 2.151 2.294 2.442 2.519 2.532 2.542 2.555 2.558 2.519 2.416 2.267 2.038 0.978 
7.000 1.260 0.238 0.311 0.530 0.681 0.850 1.035 1.246 1.494 1.720 1.808 1.869 1.908 2.018 2.150 2.294 2.441 2.519 2.531 2.541 2.554 2.557 2.518 2.415 2.266 2.038 0.978 
7.000 1.580 0.239 0.311 0.530 0.680 0.850 1.035 1.246 1.493 1.719 1.807 1.868 1.907 2.017 2.150 2.293 2.440 2.518 2.530 2.540 2.553 2.556 2.517 2.414 2.266 2.037 0.978 
7.000 2.000 0.239 0.311 0.530 0.680 0.850 1.035 1.245 1.493 1.719 1.807 1.868 1.907 2.016 2.149 2.292 2.439 2.517 2.529 2.539 2.552 2.555 2.516 2.413 2.265 2.036 0.978 
7.000 2.510 0.239 0.311 0.529 0.680 0.850 1.035 1.245 1.493 1.718 1.806 1.867 1.906 2.015 2.147 2.291 2.438 2.515 2.528 2.538 2.551 2.554 2.515 2.412 2.263 2.035 0.977 
7.000 3.160 0.239 0.310 0.529 0.680 0.850 1.034 1.244 1.492 1.717 1.805 1.866 1.904 2.014 2.146 2.289 2.436 2.514 2.526 2.536 2.549 2.552 2.513 2.410 2.261 2.033 0.976 
7.000 3.980 0.239 0.310 0.529 0.680 0.849 1.034 1.244 1.491 1.716 1.804 1.864 1.903 2.012 2.144 2.287 2.434 2.511 2.524 2.534 2.547 2.549 2.510 2.408 2.259 2.031 0.975 
7.000 5.010 0.239 0.310 0.528 0.679 0.849 1.033 1.243 1.490 1.715 1.802 1.862 1.901 2.009 2.141 2.284 2.431 2.509 2.521 2.531 2.544 2.546 2.507 2.405 2.256 2.028 0.974 
7.000 6.310 0.239 0.309 0.527 0.678 0.848 1.032 1.241 1.488 1.713 1.800 1.860 1.898 2.006 2.138 2.281 2.427 2.505 2.517 2.527 2.540 2.542 2.503 2.401 2.252 2.024 0.972 
7.000 7.940 0.238 0.307 0.526 0.677 0.846 1.030 1.239 1.486 1.710 1.796 1.856 1.894 2.002 2.133 2.276 2.422 2.499 2.512 2.522 2.535 2.537 2.498 2.395 2.247 2.019 0.970 
7.000 10.000 0.236 0.305 0.524 0.675 0.844 1.027 1.236 1.483 1.706 1.792 1.851 1.888 1.996 2.127 2.269 2.416 2.493 2.505 2.515 2.528 2.530 2.491 2.388 2.240 2.013 0.966 
7.000 12.590 0.234 0.302 0.520 0.671 0.840 1.023 1.232 1.478 1.701 1.786 1.845 1.881 1.988 2.118 2.260 2.406 2.483 2.495 2.505 2.518 2.520 2.481 2.378 2.230 2.004 0.961 
7.000 15.850 0.229 0.296 0.515 0.666 0.835 1.017 1.225 1.470 1.692 1.777 1.835 1.870 1.976 2.106 2.248 2.394 2.470 2.482 2.492 2.505 2.507 2.468 2.365 2.217 1.991 0.953 
7.000 19.950 0.222 0.288 0.507 0.658 0.827 1.008 1.216 1.460 1.681 1.764 1.821 1.856 1.961 2.090 2.231 2.376 2.453 2.465 2.475 2.488 2.489 2.449 2.347 2.200 1.974 0.942 
7.000 25.120 0.211 0.276 0.495 0.646 0.814 0.995 1.201 1.444 1.664 1.746 1.802 1.835 1.939 2.068 2.208 2.353 2.429 2.440 2.450 2.463 2.465 2.424 2.322 2.175 1.951 0.927 
7.000 31.620 0.194 0.258 0.477 0.627 0.796 0.975 1.181 1.422 1.640 1.720 1.775 1.807 1.909 2.036 2.176 2.320 2.395 2.407 2.417 2.430 2.431 2.390 2.288 2.142 1.918 0.904 
7.000 39.810 0.170 0.232 0.451 0.601 0.769 0.947 1.152 1.392 1.607 1.685 1.738 1.768 1.868 1.994 2.132 2.276 2.350 2.362 2.372 2.384 2.385 2.344 2.242 2.096 1.874 0.872 
7.000 50.120 0.136 0.196 0.415 0.566 0.733 0.909 1.112 1.350 1.563 1.638 1.689 1.716 1.813 1.938 2.075 2.217 2.291 2.302 2.312 2.325 2.325 2.283 2.181 2.036 1.816 0.829 
7.000 63.100 0.090 0.149 0.368 0.519 0.686 0.859 1.060 1.295 1.505 1.577 1.625 1.649 1.743 1.865 2.000 2.141 2.214 2.225 2.234 2.247 2.247 2.205 2.103 1.959 1.741 0.773 
7.000 79.430 0.034 0.091 0.310 0.461 0.627 0.798 0.995 1.228 1.433 1.500 1.545 1.565 1.655 1.774 1.907 2.046 2.118 2.129 2.138 2.151 2.149 2.107 2.005 1.862 1.647 0.704 
7.000 100.000 -0.033 0.022 0.241 0.392 0.557 0.724 0.919 1.147 1.346 1.409 1.449 1.463 1.549 1.664 1.795 1.931 2.002 2.012 2.021 2.034 2.031 1.987 1.886 1.745 1.533 0.621 
7.000 125.890 -0.109 -0.055 0.163 0.314 0.478 0.640 0.831 1.054 1.246 1.302 1.337 1.345 1.423 1.535 1.662 1.796 1.865 1.874 1.882 1.895 1.892 1.846 1.745 1.606 1.399 0.525 
7.000 158.490 -0.192 -0.140 0.079 0.230 0.392 0.548 0.734 0.950 1.134 1.181 1.209 1.209 1.279 1.385 1.508 1.638 1.705 1.714 1.721 1.734 1.729 1.682 1.581 1.444 1.243 0.417 
7.000 199.530 -0.280 -0.230 -0.011 0.140 0.300 0.449 0.628 0.836 1.009 1.045 1.065 1.054 1.114 1.213 1.331 1.456 1.520 1.528 1.535 1.548 1.540 1.492 1.391 1.258 1.063 0.299 
7.000 251.190 -0.371 -0.323 -0.104 0.047 0.204 0.344 0.514 0.712 0.871 0.894 0.903 0.879 0.927 1.017 1.128 1.247 1.307 1.315 1.320 1.333 1.323 1.272 1.172 1.043 0.857 0.169 
7.000 316.230 -0.465 -0.418 -0.200 -0.049 0.105 0.233 0.393 0.578 0.719 0.725 0.721 0.681 0.712 0.791 0.893 1.006 1.062 1.068 1.072 1.085 1.072 1.017 0.917 0.794 0.619 0.028 
7.000 398.110 -0.560 -0.516 -0.297 -0.146 0.004 0.117 0.264 0.433 0.552 0.537 0.514 0.454 0.465 0.530 0.622 0.725 0.775 0.780 0.782 0.795 0.778 0.719 0.620 0.503 0.342 -0.126 
7.000 501.190 -0.656 -0.614 -0.395 -0.244 -0.100 -0.005 0.126 0.274 0.365 0.323 0.279 0.193 0.178 0.226 0.304 0.396 0.439 0.441 0.442 0.455 0.432 0.368 0.271 0.162 0.018 -0.297 
7.000 630.960 -0.753 -0.713 -0.494 -0.343 -0.205 -0.133 -0.024 0.098 0.154 0.079 0.008 -0.111 -0.158 -0.133 -0.071 0.007 0.040 0.040 0.038 0.051 0.022 -0.049 -0.145 -0.243 -0.365 -0.486 
7.000 794.330 -0.851 -0.812 -0.593 -0.442 -0.312 -0.270 -0.187 -0.097 -0.085 -0.204 -0.309 -0.468 -0.557 -0.559 -0.519 -0.458 -0.436 -0.440 -0.445 -0.433 -0.469 -0.548 -0.643 -0.728 -0.822 -0.700 
7.000 1000.000 -0.948 -0.912 -0.693 -0.542 -0.422 -0.417 -0.366 -0.318 -0.362 -0.533 -0.682 -0.893 -1.032 -1.070 -1.056 -1.019 -1.011 -1.019 -1.028 -1.015 -1.063 -1.152 -1.244 -1.313 -1.372 -0.943 
7.250 1.000 0.355 0.427 0.633 0.776 0.938 1.119 1.326 1.569 1.791 1.876 1.934 1.972 2.081 2.212 2.353 2.495 2.568 2.578 2.586 2.596 2.598 2.560 2.458 2.311 2.086 1.048 
7.250 1.260 0.355 0.427 0.633 0.776 0.938 1.119 1.326 1.569 1.791 1.876 1.934 1.972 2.081 2.211 2.352 2.495 2.568 2.577 2.585 2.595 2.597 2.560 2.458 2.310 2.085 1.048 
7.250 1.580 0.355 0.427 0.633 0.776 0.938 1.119 1.325 1.569 1.791 1.875 1.933 1.971 2.080 2.210 2.351 2.494 2.567 2.576 2.585 2.595 2.596 2.559 2.457 2.310 2.085 1.048 
7.250 2.000 0.356 0.427 0.632 0.776 0.938 1.119 1.325 1.568 1.790 1.875 1.933 1.971 2.079 2.209 2.350 2.493 2.566 2.575 2.583 2.594 2.595 2.558 2.456 2.308 2.084 1.047 
7.250 2.510 0.356 0.427 0.632 0.776 0.937 1.119 1.325 1.568 1.790 1.874 1.932 1.970 2.078 2.208 2.349 2.492 2.565 2.574 2.582 2.592 2.594 2.556 2.454 2.307 2.082 1.047 
7.250 3.160 0.356 0.426 0.632 0.776 0.937 1.118 1.324 1.567 1.789 1.873 1.931 1.968 2.077 2.207 2.347 2.490 2.563 2.572 2.580 2.590 2.592 2.554 2.453 2.305 2.081 1.046 
7.250 3.980 0.356 0.426 0.632 0.776 0.937 1.118 1.324 1.566 1.788 1.872 1.929 1.967 2.075 2.205 2.345 2.488 2.561 2.570 2.578 2.588 2.590 2.552 2.450 2.303 2.079 1.045 
7.250 5.010 0.356 0.426 0.631 0.775 0.936 1.117 1.323 1.565 1.786 1.870 1.927 1.965 2.073 2.202 2.343 2.485 2.558 2.567 2.575 2.585 2.587 2.549 2.447 2.300 2.076 1.044 
7.250 6.310 0.355 0.425 0.630 0.774 0.935 1.116 1.321 1.564 1.784 1.868 1.925 1.962 2.069 2.199 2.339 2.481 2.554 2.563 2.571 2.581 2.583 2.545 2.443 2.296 2.072 1.042 
7.250 7.940 0.354 0.423 0.629 0.773 0.934 1.114 1.319 1.561 1.781 1.865 1.921 1.958 2.065 2.194 2.334 2.476 2.549 2.558 2.566 2.576 2.577 2.540 2.438 2.291 2.067 1.040 
7.250 10.000 0.353 0.421 0.627 0.771 0.931 1.111 1.316 1.558 1.777 1.860 1.916 1.952 2.059 2.188 2.327 2.469 2.542 2.551 2.559 2.569 2.570 2.532 2.431 2.284 2.060 1.036 
7.250 12.590 0.350 0.418 0.623 0.767 0.928 1.107 1.312 1.553 1.772 1.854 1.909 1.945 2.051 2.179 2.319 2.460 2.532 2.541 2.549 2.560 2.561 2.523 2.421 2.274 2.051 1.031 
7.250 15.850 0.346 0.412 0.618 0.762 0.922 1.101 1.305 1.546 1.764 1.845 1.900 1.934 2.040 2.167 2.306 2.448 2.520 2.528 2.537 2.547 2.547 2.509 2.408 2.261 2.039 1.023 
7.250 19.950 0.339 0.404 0.610 0.754 0.914 1.092 1.296 1.535 1.752 1.832 1.886 1.920 2.024 2.151 2.289 2.430 2.502 2.511 2.519 2.529 2.529 2.491 2.389 2.244 2.022 1.012 
7.250 25.120 0.328 0.392 0.598 0.741 0.902 1.079 1.281 1.520 1.735 1.814 1.867 1.899 2.002 2.128 2.266 2.406 2.478 2.486 2.494 2.504 2.505 2.466 2.365 2.219 1.998 0.996 
7.250 31.620 0.311 0.374 0.580 0.723 0.883 1.059 1.261 1.498 1.712 1.789 1.840 1.871 1.972 2.097 2.234 2.374 2.445 2.453 2.461 2.471 2.471 2.432 2.330 2.186 1.966 0.974 
7.250 39.810 0.286 0.348 0.554 0.697 0.857 1.031 1.231 1.467 1.679 1.754 1.803 1.832 1.931 2.055 2.191 2.329 2.400 2.408 2.416 2.426 2.425 2.386 2.285 2.140 1.922 0.942 
7.250 50.120 0.252 0.312 0.518 0.662 0.820 0.993 1.192 1.425 1.634 1.706 1.754 1.780 1.877 1.999 2.133 2.271 2.340 2.348 2.356 2.366 2.365 2.325 2.224 2.080 1.864 0.899 
7.250 63.100 0.207 0.265 0.471 0.615 0.773 0.943 1.140 1.371 1.576 1.645 1.690 1.713 1.806 1.926 2.059 2.195 2.263 2.271 2.278 2.289 2.287 2.246 2.145 2.003 1.788 0.843 
7.250 79.430 0.150 0.207 0.413 0.557 0.714 0.882 1.075 1.303 1.504 1.569 1.610 1.629 1.718 1.835 1.966 2.100 2.167 2.175 2.182 2.192 2.190 2.148 2.047 1.906 1.694 0.774 
7.250 100.000 0.083 0.138 0.344 0.488 0.644 0.808 0.999 1.222 1.417 1.477 1.514 1.527 1.612 1.725 1.853 1.985 2.051 2.058 2.065 2.075 2.071 2.029 1.928 1.789 1.581 0.690 
7.250 125.890 0.007 0.061 0.266 0.410 0.565 0.724 0.911 1.129 1.317 1.370 1.402 1.409 1.487 1.596 1.720 1.850 1.914 1.920 1.926 1.936 1.932 1.888 1.787 1.650 1.446 0.595 
7.250 158.490 -0.076 -0.024 0.182 0.326 0.479 0.632 0.813 1.025 1.205 1.249 1.274 1.273 1.342 1.446 1.566 1.692 1.754 1.760 1.765 1.775 1.769 1.724 1.623 1.488 1.290 0.487 
7.250 199.530 -0.164 -0.114 0.092 0.236 0.387 0.533 0.708 0.911 1.080 1.113 1.130 1.118 1.177 1.274 1.389 1.510 1.569 1.574 1.579 1.589 1.581 1.533 1.433 1.302 1.111 0.369 
7.250 251.190 -0.255 -0.207 -0.001 0.143 0.291 0.428 0.594 0.788 0.942 0.962 0.968 0.943 0.990 1.077 1.186 1.301 1.357 1.361 1.364 1.374 1.363 1.313 1.214 1.087 0.904 0.239 
7.250 316.230 -0.349 -0.302 -0.097 0.047 0.193 0.317 0.473 0.654 0.791 0.794 0.785 0.745 0.775 0.852 0.952 1.060 1.111 1.114 1.116 1.126 1.112 1.058 0.960 0.838 0.666 0.098 
7.250 398.110 -0.444 -0.400 -0.194 -0.050 0.091 0.201 0.344 0.508 0.623 0.605 0.579 0.518 0.528 0.591 0.680 0.779 0.825 0.826 0.826 0.836 0.818 0.761 0.663 0.547 0.390 -0.056 
7.250 501.190 -0.540 -0.498 -0.292 -0.148 -0.012 0.079 0.206 0.349 0.436 0.391 0.344 0.257 0.241 0.286 0.362 0.450 0.488 0.487 0.486 0.496 0.472 0.410 0.313 0.206 0.066 -0.227 
7.250 630.960 -0.637 -0.597 -0.391 -0.247 -0.117 -0.049 0.056 0.174 0.226 0.147 0.073 -0.047 -0.095 -0.072 -0.013 0.061 0.090 0.086 0.082 0.092 0.062 -0.007 -0.102 -0.199 -0.317 -0.416 
7.250 794.330 -0.735 -0.696 -0.490 -0.347 -0.225 -0.186 -0.107 -0.022 -0.014 -0.135 -0.244 -0.404 -0.494 -0.498 -0.460 -0.405 -0.387 -0.394 -0.401 -0.391 -0.429 -0.506 -0.600 -0.684 -0.774 -0.630 
7.250 1000.000 -0.832 -0.796 -0.590 -0.446 -0.335 -0.333 -0.286 -0.243 -0.291 -0.465 -0.617 -0.829 -0.969 -1.009 -0.998 -0.965 -0.962 -0.973 -0.984 -0.974 -1.023 -1.110 -1.202 -1.269 -1.324 -0.874 
7.500 1.000 0.472 0.543 0.736 0.872 1.025 1.203 1.406 1.644 1.862 1.944 1.999 2.036 2.144 2.273 2.411 2.549 2.618 2.624 2.630 2.637 2.638 2.602 2.501 2.355 2.134 1.118 
7.500 1.260 0.472 0.543 0.736 0.872 1.025 1.203 1.406 1.644 1.862 1.944 1.999 2.036 2.144 2.272 2.410 2.549 2.617 2.623 2.629 2.637 2.637 2.601 2.500 2.354 2.133 1.118 
7.500 1.580 0.472 0.543 0.736 0.872 1.025 1.203 1.405 1.644 1.862 1.944 1.998 2.035 2.143 2.271 2.409 2.548 2.616 2.622 2.629 2.636 2.636 2.600 2.499 2.354 2.132 1.118 
7.500 2.000 0.472 0.543 0.735 0.872 1.025 1.203 1.405 1.644 1.861 1.943 1.998 2.035 2.142 2.270 2.408 2.547 2.615 2.621 2.628 2.635 2.635 2.599 2.498 2.352 2.131 1.117 
7.500 2.510 0.472 0.543 0.735 0.872 1.025 1.203 1.405 1.643 1.861 1.942 1.997 2.034 2.141 2.269 2.407 2.546 2.614 2.620 2.626 2.633 2.634 2.598 2.497 2.351 2.130 1.117 
7.500 3.160 0.472 0.542 0.735 0.872 1.025 1.202 1.404 1.643 1.860 1.941 1.996 2.032 2.140 2.268 2.406 2.544 2.612 2.618 2.624 2.632 2.632 2.596 2.495 2.349 2.128 1.116 
7.500 3.980 0.472 0.542 0.735 0.871 1.024 1.202 1.404 1.642 1.859 1.940 1.994 2.031 2.138 2.266 2.404 2.542 2.610 2.616 2.622 2.629 2.630 2.594 2.493 2.347 2.126 1.115 
7.500 5.010 0.472 0.542 0.734 0.871 1.024 1.201 1.403 1.641 1.857 1.939 1.992 2.029 2.136 2.263 2.401 2.539 2.607 2.613 2.619 2.626 2.627 2.591 2.490 2.344 2.123 1.114 
7.500 6.310 0.472 0.541 0.733 0.870 1.023 1.200 1.401 1.639 1.856 1.936 1.990 2.026 2.132 2.260 2.397 2.535 2.603 2.609 2.615 2.623 2.623 2.587 2.486 2.340 2.120 1.112 
7.500 7.940 0.471 0.539 0.732 0.869 1.021 1.198 1.399 1.637 1.853 1.933 1.986 2.022 2.128 2.255 2.392 2.530 2.598 2.604 2.610 2.617 2.617 2.581 2.480 2.335 2.115 1.110 
7.500 10.000 0.469 0.537 0.730 0.866 1.019 1.195 1.396 1.633 1.849 1.928 1.981 2.016 2.122 2.249 2.386 2.523 2.591 2.597 2.603 2.610 2.610 2.574 2.473 2.328 2.108 1.106 
7.500 12.590 0.467 0.534 0.726 0.863 1.015 1.191 1.392 1.628 1.843 1.922 1.974 2.009 2.114 2.240 2.377 2.514 2.582 2.587 2.594 2.601 2.601 2.564 2.463 2.318 2.099 1.101 
7.500 15.850 0.462 0.528 0.721 0.858 1.010 1.185 1.385 1.621 1.835 1.913 1.965 1.998 2.103 2.228 2.365 2.501 2.569 2.574 2.581 2.588 2.587 2.551 2.450 2.305 2.087 1.093 
7.500 19.950 0.455 0.520 0.713 0.850 1.002 1.176 1.376 1.611 1.823 1.901 1.951 1.984 2.087 2.212 2.348 2.484 2.551 2.557 2.563 2.570 2.570 2.533 2.432 2.288 2.070 1.082 
7.500 25.120 0.444 0.508 0.701 0.837 0.989 1.163 1.361 1.595 1.807 1.882 1.932 1.963 2.065 2.189 2.324 2.460 2.527 2.532 2.538 2.546 2.545 2.508 2.407 2.263 2.046 1.066 
7.500 31.620 0.427 0.490 0.682 0.819 0.971 1.143 1.341 1.573 1.783 1.857 1.905 1.935 2.035 2.158 2.292 2.428 2.494 2.499 2.505 2.512 2.511 2.474 2.373 2.230 2.014 1.044 
7.500 39.810 0.402 0.464 0.656 0.793 0.944 1.115 1.311 1.542 1.750 1.822 1.868 1.896 1.994 2.116 2.249 2.383 2.449 2.454 2.460 2.467 2.465 2.428 2.327 2.184 1.970 1.012 
7.500 50.120 0.368 0.428 0.621 0.757 0.908 1.077 1.272 1.501 1.705 1.775 1.819 1.844 1.940 2.059 2.191 2.324 2.389 2.394 2.400 2.407 2.405 2.367 2.266 2.124 1.911 0.969 
7.500 63.100 0.323 0.381 0.574 0.711 0.860 1.028 1.220 1.446 1.647 1.713 1.755 1.777 1.869 1.987 2.117 2.249 2.313 2.317 2.323 2.330 2.327 2.288 2.188 2.047 1.836 0.913 
7.500 79.430 0.266 0.323 0.516 0.652 0.801 0.966 1.155 1.378 1.575 1.637 1.675 1.693 1.781 1.896 2.024 2.154 2.217 2.221 2.226 2.233 2.230 2.190 2.090 1.950 1.742 0.843 
7.500 100.000 0.199 0.254 0.447 0.584 0.732 0.892 1.079 1.298 1.489 1.545 1.579 1.591 1.675 1.786 1.911 2.039 2.100 2.104 2.109 2.116 2.112 2.071 1.971 1.833 1.628 0.760 
7.500 125.890 0.123 0.177 0.369 0.506 0.653 0.808 0.991 1.205 1.389 1.438 1.467 1.473 1.550 1.657 1.779 1.903 1.963 1.966 1.970 1.978 1.972 1.930 1.830 1.694 1.494 0.665 
7.500 158.490 0.040 0.092 0.285 0.421 0.566 0.716 0.893 1.101 1.276 1.317 1.339 1.337 1.405 1.507 1.624 1.746 1.803 1.806 1.809 1.816 1.809 1.765 1.666 1.532 1.338 0.557 
7.500 199.530 -0.048 0.002 0.195 0.332 0.475 0.617 0.788 0.987 1.151 1.182 1.195 1.182 1.240 1.335 1.447 1.564 1.619 1.620 1.623 1.630 1.621 1.575 1.476 1.346 1.158 0.439 
7.500 251.190 -0.139 -0.091 0.102 0.238 0.379 0.512 0.674 0.863 1.013 1.030 1.033 1.007 1.053 1.138 1.244 1.355 1.406 1.407 1.408 1.416 1.403 1.355 1.257 1.131 0.952 0.309 
7.500 316.230 -0.233 -0.186 0.006 0.143 0.280 0.401 0.553 0.729 0.862 0.862 0.850 0.809 0.838 0.913 1.010 1.114 1.160 1.160 1.160 1.167 1.152 1.100 1.002 0.882 0.714 0.168 
7.500 398.110 -0.328 -0.284 -0.091 0.046 0.179 0.285 0.424 0.584 0.694 0.673 0.644 0.582 0.591 0.652 0.738 0.833 0.874 0.872 0.870 0.877 0.858 0.802 0.705 0.591 0.437 0.014 
7.500 501.190 -0.424 -0.382 -0.189 -0.053 0.075 0.164 0.286 0.424 0.507 0.459 0.409 0.321 0.304 0.347 0.421 0.504 0.537 0.533 0.530 0.537 0.512 0.452 0.356 0.250 0.113 -0.157 
7.500 630.960 -0.521 -0.481 -0.288 -0.151 -0.030 0.035 0.136 0.249 0.297 0.215 0.138 0.017 -0.032 -0.011 0.045 0.114 0.139 0.132 0.126 0.133 0.102 0.035 -0.060 -0.155 -0.270 -0.347 
7.500 794.330 -0.619 -0.580 -0.387 -0.251 -0.137 -0.102 -0.027 0.053 0.057 -0.067 -0.179 -0.340 -0.430 -0.437 -0.402 -0.351 -0.338 -0.348 -0.357 -0.350 -0.389 -0.465 -0.558 -0.640 -0.727 -0.560 
7.500 1000.000 -0.716 -0.680 -0.487 -0.350 -0.247 -0.249 -0.206 -0.168 -0.219 -0.397 -0.552 -0.765 -0.906 -0.948 -0.940 -0.911 -0.913 -0.927 -0.940 -0.933 -0.982 -1.068 -1.159 -1.225 -1.277 -0.804 
7.750 1.000 0.589 0.659 0.839 0.968 1.113 1.287 1.486 1.720 1.934 2.013 2.064 2.100 2.207 2.333 2.469 2.603 2.667 2.669 2.674 2.679 2.678 2.644 2.543 2.399 2.181 1.188 
7.750 1.260 0.589 0.659 0.839 0.968 1.113 1.287 1.485 1.720 1.933 2.012 2.064 2.100 2.207 2.333 2.468 2.603 2.666 2.669 2.674 2.678 2.677 2.643 2.543 2.398 2.181 1.188 
7.750 1.580 0.589 0.659 0.839 0.968 1.113 1.287 1.485 1.719 1.933 2.012 2.063 2.099 2.206 2.332 2.468 2.602 2.666 2.668 2.673 2.677 2.676 2.642 2.542 2.397 2.180 1.188 
7.750 2.000 0.589 0.659 0.838 0.968 1.112 1.287 1.485 1.719 1.933 2.011 2.063 2.099 2.205 2.331 2.467 2.601 2.665 2.667 2.672 2.676 2.675 2.641 2.541 2.396 2.179 1.187 
7.750 2.510 0.589 0.659 0.838 0.968 1.112 1.287 1.485 1.719 1.932 2.011 2.062 2.098 2.204 2.330 2.466 2.599 2.663 2.666 2.670 2.675 2.674 2.640 2.539 2.395 2.178 1.187 
7.750 3.160 0.589 0.659 0.838 0.968 1.112 1.286 1.484 1.718 1.931 2.010 2.061 2.096 2.203 2.329 2.464 2.598 2.661 2.664 2.669 2.673 2.672 2.638 2.538 2.393 2.176 1.186 
7.750 3.980 0.589 0.658 0.838 0.967 1.112 1.286 1.484 1.717 1.930 2.008 2.059 2.095 2.201 2.327 2.462 2.596 2.659 2.662 2.666 2.671 2.670 2.636 2.535 2.391 2.174 1.185 
7.750 5.010 0.589 0.658 0.837 0.967 1.111 1.285 1.483 1.716 1.929 2.007 2.057 2.093 2.199 2.324 2.459 2.593 2.656 2.659 2.663 2.668 2.667 2.632 2.532 2.388 2.171 1.184 
7.750 6.310 0.589 0.657 0.836 0.966 1.110 1.284 1.481 1.714 1.927 2.004 2.055 2.090 2.195 2.320 2.455 2.589 2.652 2.655 2.659 2.664 2.663 2.628 2.528 2.384 2.167 1.182 
7.750 7.940 0.588 0.655 0.835 0.964 1.109 1.282 1.479 1.712 1.924 2.001 2.051 2.086 2.191 2.316 2.451 2.584 2.647 2.650 2.654 2.659 2.657 2.623 2.523 2.379 2.163 1.179 
7.750 10.000 0.586 0.653 0.833 0.962 1.106 1.280 1.476 1.709 1.920 1.997 2.046 2.080 2.185 2.310 2.444 2.577 2.640 2.643 2.647 2.652 2.650 2.616 2.516 2.372 2.156 1.176 
7.750 12.590 0.583 0.650 0.829 0.959 1.103 1.276 1.472 1.704 1.914 1.990 2.039 2.073 2.177 2.301 2.435 2.568 2.631 2.633 2.638 2.642 2.641 2.606 2.506 2.362 2.147 1.171 
7.750 15.850 0.579 0.644 0.824 0.954 1.097 1.269 1.465 1.696 1.906 1.981 2.030 2.062 2.166 2.289 2.423 2.555 2.618 2.620 2.625 2.629 2.628 2.593 2.493 2.349 2.134 1.163 
7.750 19.950 0.572 0.636 0.816 0.945 1.089 1.260 1.456 1.686 1.895 1.969 2.016 2.048 2.150 2.273 2.406 2.538 2.600 2.603 2.607 2.611 2.610 2.575 2.474 2.332 2.117 1.152 
7.750 25.120 0.560 0.624 0.804 0.933 1.076 1.247 1.441 1.671 1.878 1.951 1.997 2.027 2.128 2.250 2.383 2.514 2.576 2.578 2.582 2.587 2.585 2.550 2.450 2.307 2.094 1.136 
7.750 31.620 0.543 0.606 0.785 0.915 1.058 1.227 1.421 1.649 1.854 1.925 1.970 1.999 2.098 2.219 2.351 2.481 2.543 2.545 2.549 2.553 2.551 2.516 2.415 2.274 2.061 1.113 
7.750 39.810 0.519 0.580 0.759 0.889 1.032 1.199 1.391 1.618 1.821 1.890 1.933 1.960 2.057 2.177 2.307 2.437 2.498 2.500 2.504 2.508 2.506 2.469 2.370 2.228 2.017 1.082 
7.750 50.120 0.484 0.544 0.724 0.853 0.995 1.161 1.352 1.576 1.777 1.843 1.884 1.908 2.003 2.120 2.250 2.378 2.439 2.440 2.444 2.448 2.445 2.409 2.309 2.168 1.959 1.039 
7.750 63.100 0.439 0.497 0.677 0.807 0.948 1.112 1.300 1.522 1.719 1.782 1.820 1.841 1.932 2.048 2.175 2.302 2.362 2.363 2.367 2.371 2.367 2.330 2.230 2.091 1.884 0.983 
7.750 79.430 0.382 0.439 0.619 0.748 0.889 1.050 1.235 1.454 1.646 1.705 1.740 1.757 1.844 1.957 2.082 2.208 2.266 2.267 2.270 2.274 2.270 2.232 2.132 1.994 1.790 0.913 
7.750 100.000 0.315 0.370 0.550 0.680 0.819 0.976 1.158 1.373 1.560 1.613 1.644 1.655 1.738 1.847 1.970 2.093 2.150 2.150 2.153 2.157 2.152 2.113 2.013 1.877 1.676 0.830 
7.750 125.890 0.239 0.293 0.472 0.602 0.740 0.892 1.071 1.280 1.460 1.507 1.532 1.537 1.613 1.717 1.837 1.957 2.012 2.012 2.014 2.019 2.012 1.971 1.872 1.738 1.542 0.734 
7.750 158.490 0.156 0.208 0.388 0.517 0.654 0.800 0.973 1.176 1.347 1.385 1.404 1.401 1.468 1.568 1.683 1.800 1.852 1.852 1.853 1.858 1.849 1.807 1.708 1.576 1.386 0.627 
7.750 199.530 0.069 0.118 0.298 0.428 0.562 0.701 0.868 1.062 1.222 1.250 1.260 1.246 1.304 1.396 1.506 1.618 1.668 1.666 1.667 1.671 1.661 1.617 1.518 1.390 1.206 0.509 
7.750 251.190 -0.023 0.025 0.205 0.334 0.466 0.596 0.754 0.938 1.085 1.099 1.098 1.071 1.116 1.199 1.302 1.409 1.455 1.453 1.452 1.457 1.444 1.397 1.299 1.175 1.000 0.379 
7.750 316.230 -0.117 -0.070 0.109 0.239 0.367 0.485 0.633 0.804 0.933 0.930 0.915 0.873 0.901 0.973 1.068 1.168 1.209 1.206 1.204 1.208 1.192 1.142 1.045 0.926 0.762 0.238 
7.750 398.110 -0.212 -0.168 0.012 0.142 0.266 0.369 0.504 0.659 0.765 0.741 0.709 0.646 0.654 0.713 0.797 0.887 0.923 0.918 0.914 0.919 0.898 0.844 0.748 0.635 0.485 0.083 
7.750 501.190 -0.308 -0.266 -0.086 0.043 0.163 0.248 0.366 0.500 0.579 0.528 0.474 0.385 0.367 0.408 0.479 0.558 0.587 0.579 0.574 0.578 0.552 0.493 0.398 0.294 0.161 -0.087 
7.750 630.960 -0.405 -0.365 -0.185 -0.056 0.057 0.119 0.216 0.324 0.368 0.283 0.203 0.081 0.031 0.050 0.104 0.168 0.188 0.178 0.170 0.174 0.142 0.077 -0.017 -0.111 -0.222 -0.277 
7.750 794.330 -0.503 -0.464 -0.284 -0.155 -0.050 -0.018 0.053 0.129 0.128 0.001 -0.114 -0.276 -0.367 -0.376 -0.344 -0.297 -0.289 -0.302 -0.313 -0.309 -0.349 -0.423 -0.515 -0.596 -0.679 -0.490 
7.750 1000.000 -0.600 -0.564 -0.384 -0.254 -0.160 -0.165 -0.127 -0.092 -0.148 -0.329 -0.487 -0.701 -0.843 -0.887 -0.881 -0.857 -0.863 -0.881 -0.896 -0.892 -0.942 -1.026 -1.117 -1.181 -1.229 -0.734 
8.000 1.000 0.706 0.775 0.942 1.064 1.200 1.371 1.566 1.795 2.005 2.081 2.129 2.164 2.270 2.394 2.527 2.657 2.716 2.715 2.718 2.720 2.718 2.685 2.586 2.443 2.229 1.258 
8.000 1.260 0.706 0.775 0.942 1.064 1.200 1.371 1.565 1.795 2.005 2.081 2.129 2.164 2.270 2.394 2.527 2.656 2.716 2.715 2.718 2.719 2.717 2.685 2.585 2.442 2.229 1.258 
8.000 1.580 0.706 0.775 0.942 1.064 1.200 1.371 1.565 1.795 2.004 2.080 2.128 2.163 2.269 2.393 2.526 2.656 2.715 2.714 2.717 2.718 2.716 2.684 2.584 2.441 2.228 1.257 
8.000 2.000 0.706 0.775 0.941 1.064 1.200 1.371 1.565 1.794 2.004 2.080 2.128 2.163 2.268 2.392 2.525 2.655 2.714 2.713 2.716 2.717 2.715 2.683 2.583 2.440 2.227 1.257 
8.000 2.510 0.706 0.775 0.941 1.064 1.200 1.371 1.565 1.794 2.003 2.079 2.127 2.162 2.267 2.391 2.524 2.653 2.712 2.712 2.714 2.716 2.714 2.681 2.582 2.439 2.226 1.257 
8.000 3.160 0.706 0.775 0.941 1.064 1.199 1.370 1.564 1.793 2.003 2.078 2.126 2.160 2.266 2.389 2.522 2.652 2.711 2.710 2.713 2.714 2.712 2.680 2.580 2.437 2.224 1.256 
8.000 3.980 0.706 0.774 0.941 1.063 1.199 1.370 1.563 1.793 2.001 2.077 2.124 2.159 2.264 2.387 2.520 2.649 2.708 2.708 2.710 2.712 2.710 2.677 2.578 2.435 2.222 1.255 
8.000 5.010 0.706 0.774 0.940 1.063 1.198 1.369 1.563 1.791 2.000 2.075 2.122 2.157 2.262 2.385 2.517 2.647 2.706 2.705 2.707 2.709 2.707 2.674 2.575 2.432 2.219 1.254 
8.000 6.310 0.705 0.773 0.939 1.062 1.197 1.368 1.561 1.790 1.998 2.073 2.120 2.154 2.258 2.381 2.514 2.643 2.702 2.701 2.703 2.705 2.703 2.670 2.571 2.428 2.215 1.252 
8.000 7.940 0.704 0.771 0.938 1.060 1.196 1.366 1.559 1.787 1.995 2.069 2.116 2.150 2.254 2.377 2.509 2.638 2.696 2.696 2.698 2.700 2.698 2.665 2.565 2.423 2.210 1.249 
8.000 10.000 0.703 0.769 0.936 1.058 1.194 1.364 1.556 1.784 1.991 2.065 2.111 2.144 2.248 2.370 2.502 2.631 2.690 2.689 2.691 2.693 2.690 2.658 2.558 2.416 2.204 1.246 
8.000 12.590 0.700 0.766 0.932 1.055 1.190 1.360 1.552 1.779 1.986 2.059 2.104 2.137 2.240 2.362 2.493 2.622 2.680 2.679 2.682 2.683 2.681 2.648 2.548 2.406 2.194 1.241 
8.000 15.850 0.695 0.760 0.927 1.049 1.185 1.353 1.545 1.772 1.978 2.050 2.095 2.126 2.229 2.350 2.481 2.609 2.667 2.666 2.669 2.670 2.668 2.634 2.535 2.393 2.182 1.233 
8.000 19.950 0.688 0.752 0.919 1.041 1.176 1.344 1.535 1.761 1.966 2.037 2.081 2.112 2.213 2.334 2.464 2.592 2.650 2.649 2.651 2.653 2.650 2.616 2.517 2.375 2.165 1.222 
8.000 25.120 0.677 0.740 0.907 1.029 1.164 1.331 1.521 1.746 1.949 2.019 2.062 2.091 2.191 2.311 2.441 2.568 2.626 2.624 2.627 2.628 2.625 2.591 2.492 2.351 2.141 1.206 
8.000 31.620 0.660 0.722 0.888 1.011 1.145 1.311 1.500 1.724 1.925 1.993 2.035 2.063 2.161 2.280 2.409 2.535 2.592 2.591 2.593 2.595 2.591 2.557 2.458 2.318 2.109 1.183 
8.000 39.810 0.635 0.696 0.862 0.985 1.119 1.283 1.471 1.693 1.892 1.958 1.998 2.024 2.120 2.237 2.366 2.491 2.547 2.546 2.548 2.549 2.546 2.511 2.412 2.272 2.065 1.152 
8.000 50.120 0.601 0.660 0.827 0.949 1.083 1.245 1.432 1.651 1.848 1.911 1.949 1.972 2.066 2.181 2.308 2.432 2.488 2.486 2.488 2.490 2.485 2.450 2.351 2.212 2.007 1.109 
8.000 63.100 0.555 0.613 0.780 0.902 1.035 1.196 1.380 1.597 1.790 1.850 1.885 1.905 1.995 2.108 2.233 2.356 2.411 2.409 2.411 2.412 2.407 2.372 2.273 2.135 1.931 1.053 
8.000 79.430 0.499 0.555 0.722 0.844 0.976 1.134 1.315 1.529 1.718 1.773 1.805 1.821 1.907 2.018 2.140 2.262 2.315 2.313 2.314 2.316 2.310 2.273 2.175 2.038 1.838 0.983 
8.000 100.000 0.432 0.487 0.653 0.775 0.907 1.060 1.238 1.448 1.631 1.682 1.709 1.719 1.801 1.908 2.028 2.147 2.199 2.196 2.197 2.199 2.192 2.154 2.056 1.921 1.724 0.900 
8.000 125.890 0.356 0.409 0.575 0.698 0.828 0.977 1.151 1.355 1.531 1.575 1.597 1.601 1.676 1.778 1.895 2.011 2.062 2.058 2.058 2.060 2.052 2.013 1.915 1.782 1.589 0.804 
8.000 158.490 0.273 0.324 0.491 0.613 0.741 0.884 1.053 1.251 1.419 1.454 1.469 1.465 1.531 1.628 1.741 1.853 1.902 1.898 1.897 1.899 1.889 1.849 1.751 1.620 1.433 0.697 
8.000 199.530 0.185 0.234 0.401 0.523 0.650 0.785 0.948 1.138 1.294 1.318 1.324 1.310 1.367 1.457 1.564 1.672 1.717 1.712 1.711 1.713 1.701 1.658 1.561 1.434 1.254 0.578 
8.000 251.190 0.093 0.141 0.308 0.430 0.554 0.680 0.834 1.014 1.156 1.167 1.163 1.135 1.179 1.260 1.361 1.463 1.504 1.499 1.496 1.498 1.484 1.439 1.342 1.219 1.047 0.449 
8.000 316.230 -0.001 0.046 0.212 0.335 0.455 0.570 0.713 0.880 1.004 0.998 0.980 0.937 0.964 1.034 1.126 1.221 1.259 1.252 1.248 1.250 1.232 1.184 1.087 0.970 0.809 0.308 
8.000 398.110 -0.096 -0.052 0.115 0.237 0.354 0.453 0.584 0.734 0.837 0.810 0.774 0.710 0.717 0.773 0.855 0.941 0.972 0.964 0.958 0.960 0.938 0.886 0.790 0.679 0.533 0.153 
8.000 501.190 -0.192 -0.150 0.017 0.139 0.250 0.332 0.446 0.575 0.650 0.596 0.539 0.449 0.430 0.469 0.537 0.612 0.636 0.625 0.618 0.620 0.593 0.535 0.441 0.338 0.209 -0.017 
8.000 630.960 -0.289 -0.249 -0.082 0.040 0.145 0.203 0.296 0.400 0.439 0.352 0.268 0.145 0.094 0.111 0.162 0.222 0.237 0.224 0.214 0.216 0.182 0.118 0.025 -0.068 -0.174 -0.207 
8.000 794.330 -0.387 -0.348 -0.181 -0.059 0.037 0.066 0.133 0.204 0.200 0.069 -0.049 -0.212 -0.304 -0.315 -0.285 -0.243 -0.239 -0.256 -0.269 -0.268 -0.309 -0.381 -0.473 -0.552 -0.631 -0.420 
8.000 1000.000 -0.484 -0.447 -0.281 -0.159 -0.072 -0.081 -0.047 -0.017 -0.077 -0.260 -0.422 -0.637 -0.780 -0.826 -0.823 -0.803 -0.814 -0.835 -0.852 -0.850 -0.902 -0.985 -1.074 -1.137 -1.181 -0.664 
8.250 1.000 0.823 0.891 1.045 1.160 1.287 1.456 1.645 1.871 2.076 2.149 2.194 2.228 2.334 2.455 2.586 2.711 2.765 2.761 2.762 2.761 2.758 2.727 2.628 2.487 2.277 1.328 
8.250 1.260 0.823 0.891 1.045 1.160 1.287 1.455 1.645 1.870 2.076 2.149 2.194 2.228 2.333 2.455 2.585 2.710 2.765 2.761 2.762 2.760 2.757 2.726 2.628 2.486 2.276 1.328 
8.250 1.580 0.823 0.891 1.044 1.160 1.287 1.455 1.645 1.870 2.076 2.148 2.193 2.227 2.332 2.454 2.584 2.709 2.764 2.760 2.761 2.760 2.757 2.726 2.627 2.485 2.275 1.327 
8.250 2.000 0.823 0.891 1.044 1.160 1.287 1.455 1.645 1.870 2.075 2.148 2.193 2.227 2.331 2.453 2.583 2.708 2.763 2.759 2.760 2.759 2.755 2.725 2.626 2.484 2.274 1.327 
8.250 2.510 0.823 0.891 1.044 1.160 1.287 1.455 1.645 1.869 2.075 2.147 2.192 2.226 2.330 2.452 2.582 2.707 2.762 2.758 2.758 2.757 2.754 2.723 2.624 2.483 2.273 1.326 
8.250 3.160 0.823 0.891 1.044 1.159 1.287 1.454 1.644 1.869 2.074 2.146 2.191 2.224 2.329 2.450 2.580 2.706 2.760 2.756 2.757 2.755 2.752 2.721 2.623 2.481 2.272 1.326 
8.250 3.980 0.823 0.890 1.044 1.159 1.286 1.454 1.643 1.868 2.073 2.145 2.189 2.223 2.327 2.448 2.578 2.703 2.758 2.754 2.754 2.753 2.750 2.719 2.620 2.479 2.269 1.325 
8.250 5.010 0.822 0.890 1.043 1.158 1.286 1.453 1.642 1.867 2.071 2.143 2.187 2.221 2.325 2.446 2.576 2.700 2.755 2.751 2.751 2.750 2.747 2.716 2.617 2.476 2.267 1.324 
8.250 6.310 0.822 0.889 1.042 1.158 1.285 1.452 1.641 1.865 2.069 2.141 2.185 2.218 2.321 2.442 2.572 2.697 2.751 2.747 2.748 2.746 2.743 2.712 2.613 2.472 2.263 1.322 
8.250 7.940 0.821 0.887 1.041 1.156 1.283 1.450 1.639 1.863 2.067 2.138 2.181 2.214 2.317 2.438 2.567 2.692 2.746 2.742 2.742 2.741 2.738 2.706 2.608 2.467 2.258 1.319 
8.250 10.000 0.819 0.885 1.039 1.154 1.281 1.448 1.636 1.859 2.063 2.133 2.176 2.208 2.311 2.431 2.561 2.685 2.739 2.735 2.735 2.734 2.731 2.699 2.601 2.460 2.251 1.316 
8.250 12.590 0.817 0.882 1.035 1.151 1.278 1.444 1.632 1.854 2.057 2.127 2.169 2.201 2.303 2.423 2.552 2.676 2.729 2.725 2.726 2.725 2.721 2.689 2.591 2.450 2.242 1.310 
8.250 15.850 0.812 0.877 1.030 1.145 1.272 1.438 1.625 1.847 2.049 2.118 2.160 2.190 2.292 2.411 2.539 2.663 2.717 2.712 2.713 2.712 2.708 2.676 2.578 2.437 2.230 1.303 
8.250 19.950 0.805 0.868 1.022 1.137 1.264 1.428 1.615 1.837 2.037 2.105 2.146 2.176 2.276 2.395 2.523 2.646 2.699 2.695 2.695 2.694 2.690 2.658 2.559 2.419 2.213 1.292 
8.250 25.120 0.793 0.856 1.010 1.125 1.251 1.415 1.601 1.821 2.020 2.087 2.127 2.155 2.254 2.372 2.499 2.622 2.675 2.670 2.671 2.669 2.665 2.633 2.535 2.395 2.189 1.276 
8.250 31.620 0.776 0.838 0.991 1.107 1.233 1.395 1.580 1.799 1.997 2.062 2.100 2.127 2.224 2.341 2.467 2.589 2.642 2.637 2.637 2.636 2.631 2.599 2.500 2.361 2.157 1.253 
8.250 39.810 0.751 0.812 0.965 1.081 1.206 1.367 1.551 1.769 1.964 2.027 2.063 2.088 2.183 2.298 2.424 2.545 2.597 2.592 2.592 2.591 2.586 2.553 2.455 2.316 2.113 1.221 
8.250 50.120 0.717 0.776 0.930 1.045 1.170 1.329 1.511 1.727 1.919 1.979 2.014 2.036 2.129 2.242 2.366 2.486 2.537 2.532 2.532 2.531 2.525 2.492 2.394 2.256 2.054 1.179 
8.250 63.100 0.672 0.729 0.883 0.998 1.123 1.280 1.460 1.672 1.861 1.918 1.950 1.969 2.058 2.169 2.292 2.410 2.460 2.455 2.455 2.454 2.447 2.413 2.315 2.179 1.979 1.123 
8.250 79.430 0.615 0.671 0.825 0.940 1.064 1.218 1.395 1.605 1.789 1.842 1.870 1.885 1.970 2.078 2.199 2.315 2.364 2.359 2.358 2.357 2.350 2.315 2.217 2.082 1.885 1.053 
8.250 100.000 0.548 0.603 0.756 0.871 0.994 1.144 1.318 1.524 1.703 1.750 1.774 1.783 1.864 1.969 2.086 2.201 2.248 2.242 2.241 2.240 2.232 2.196 2.098 1.965 1.771 0.970 
8.250 125.890 0.472 0.525 0.678 0.794 0.915 1.061 1.231 1.431 1.603 1.643 1.662 1.665 1.739 1.839 1.953 2.065 2.111 2.104 2.103 2.101 2.092 2.055 1.957 1.826 1.637 0.874 
8.250 158.490 0.389 0.440 0.594 0.709 0.829 0.968 1.133 1.327 1.490 1.522 1.534 1.529 1.594 1.689 1.799 1.907 1.951 1.944 1.941 1.940 1.929 1.890 1.793 1.664 1.481 0.767 
8.250 199.530 0.301 0.351 0.504 0.619 0.737 0.869 1.027 1.213 1.365 1.386 1.389 1.374 1.430 1.518 1.622 1.726 1.766 1.758 1.755 1.754 1.741 1.700 1.603 1.478 1.301 0.648 
8.250 251.190 0.209 0.257 0.411 0.526 0.641 0.764 0.914 1.089 1.227 1.235 1.228 1.199 1.242 1.321 1.419 1.517 1.554 1.545 1.541 1.539 1.524 1.480 1.384 1.263 1.095 0.519 
8.250 316.230 0.116 0.162 0.315 0.430 0.542 0.654 0.793 0.955 1.076 1.067 1.045 1.001 1.027 1.095 1.185 1.275 1.308 1.298 1.292 1.291 1.272 1.225 1.130 1.014 0.857 0.378 
8.250 398.110 0.020 0.064 0.218 0.333 0.441 0.538 0.664 0.810 0.908 0.878 0.839 0.774 0.780 0.834 0.913 0.995 1.022 1.010 1.002 1.001 0.978 0.928 0.833 0.723 0.581 0.223 
8.250 501.190 -0.076 -0.034 0.120 0.235 0.338 0.416 0.526 0.651 0.721 0.664 0.604 0.513 0.493 0.530 0.595 0.666 0.685 0.671 0.662 0.661 0.633 0.577 0.483 0.382 0.257 0.053 
8.250 630.960 -0.173 -0.133 0.021 0.136 0.232 0.287 0.376 0.475 0.511 0.420 0.333 0.209 0.157 0.171 0.220 0.276 0.287 0.270 0.258 0.257 0.222 0.160 0.068 -0.024 -0.127 -0.137 
8.250 794.330 -0.270 -0.232 -0.078 0.037 0.125 0.150 0.213 0.280 0.271 0.138 0.016 -0.148 -0.241 -0.255 -0.227 -0.189 -0.190 -0.210 -0.225 -0.226 -0.269 -0.340 -0.430 -0.508 -0.584 -0.351 
8.250 1000.000 -0.368 -0.331 -0.178 -0.063 0.015 0.003 0.033 0.059 -0.005 -0.192 -0.357 -0.573 -0.717 -0.765 -0.765 -0.749 -0.765 -0.789 -0.808 -0.809 -0.862 -0.943 -1.032 -1.093 -1.134 -0.594 
8.500 1.000 0.939 1.007 1.148 1.256 1.375 1.540 1.725 1.946 2.147 2.217 2.259 2.292 2.397 2.516 2.644 2.765 2.815 2.807 2.806 2.802 2.798 2.769 2.671 2.531 2.325 1.398 
8.500 1.260 0.940 1.007 1.148 1.256 1.375 1.539 1.725 1.946 2.147 2.217 2.259 2.292 2.396 2.515 2.643 2.764 2.814 2.807 2.806 2.802 2.797 2.768 2.670 2.530 2.324 1.397 
8.500 1.580 0.940 1.007 1.147 1.256 1.375 1.539 1.725 1.946 2.147 2.217 2.258 2.291 2.395 2.515 2.643 2.763 2.813 2.806 2.805 2.801 2.797 2.767 2.669 2.529 2.323 1.397 
8.500 2.000 0.940 1.007 1.147 1.256 1.375 1.539 1.725 1.945 2.146 2.216 2.258 2.291 2.395 2.514 2.642 2.762 2.812 2.805 2.804 2.800 2.796 2.766 2.668 2.528 2.322 1.397 
8.500 2.510 0.940 1.007 1.147 1.255 1.375 1.539 1.724 1.945 2.146 2.215 2.257 2.290 2.393 2.513 2.640 2.761 2.811 2.804 2.803 2.798 2.794 2.765 2.667 2.527 2.321 1.396 
8.500 3.160 0.940 1.007 1.147 1.255 1.374 1.538 1.724 1.944 2.145 2.214 2.256 2.289 2.392 2.511 2.639 2.759 2.809 2.802 2.801 2.797 2.792 2.763 2.665 2.525 2.319 1.396 
8.500 3.980 0.939 1.006 1.147 1.255 1.374 1.538 1.723 1.943 2.144 2.213 2.254 2.287 2.390 2.509 2.637 2.757 2.807 2.800 2.798 2.794 2.790 2.761 2.663 2.523 2.317 1.395 
8.500 5.010 0.939 1.006 1.146 1.254 1.373 1.537 1.722 1.942 2.143 2.212 2.252 2.285 2.388 2.507 2.634 2.754 2.804 2.797 2.796 2.791 2.787 2.758 2.660 2.520 2.314 1.393 
8.500 6.310 0.939 1.005 1.145 1.253 1.372 1.536 1.721 1.941 2.141 2.209 2.250 2.282 2.385 2.503 2.630 2.751 2.800 2.793 2.792 2.788 2.783 2.754 2.656 2.516 2.311 1.392 
8.500 7.940 0.938 1.003 1.144 1.252 1.371 1.534 1.719 1.938 2.138 2.206 2.246 2.278 2.380 2.498 2.625 2.745 2.795 2.788 2.786 2.782 2.778 2.748 2.650 2.511 2.306 1.389 
8.500 10.000 0.936 1.001 1.142 1.250 1.369 1.532 1.716 1.935 2.134 2.201 2.241 2.272 2.374 2.492 2.619 2.739 2.788 2.781 2.779 2.775 2.771 2.741 2.643 2.504 2.299 1.385 
8.500 12.590 0.933 0.998 1.138 1.246 1.365 1.528 1.712 1.930 2.128 2.195 2.234 2.265 2.366 2.484 2.610 2.729 2.779 2.771 2.770 2.766 2.761 2.731 2.633 2.494 2.290 1.380 
8.500 15.850 0.929 0.993 1.133 1.241 1.360 1.522 1.705 1.923 2.120 2.186 2.225 2.254 2.355 2.472 2.598 2.717 2.766 2.758 2.757 2.753 2.748 2.718 2.620 2.481 2.277 1.373 
8.500 19.950 0.921 0.984 1.125 1.233 1.351 1.512 1.695 1.912 2.108 2.174 2.211 2.240 2.339 2.455 2.581 2.700 2.748 2.741 2.739 2.735 2.730 2.700 2.602 2.463 2.260 1.362 
8.500 25.120 0.910 0.972 1.113 1.221 1.339 1.499 1.681 1.897 2.092 2.155 2.192 2.219 2.317 2.433 2.558 2.676 2.724 2.716 2.715 2.711 2.705 2.675 2.577 2.439 2.237 1.346 
8.500 31.620 0.893 0.954 1.094 1.203 1.320 1.479 1.660 1.875 2.068 2.130 2.165 2.191 2.287 2.402 2.526 2.643 2.691 2.683 2.681 2.677 2.671 2.641 2.543 2.405 2.204 1.323 
8.500 39.810 0.868 0.928 1.068 1.177 1.294 1.451 1.631 1.844 2.035 2.095 2.128 2.152 2.246 2.359 2.482 2.599 2.646 2.638 2.636 2.632 2.626 2.595 2.497 2.360 2.160 1.291 
8.500 50.120 0.833 0.892 1.033 1.141 1.258 1.413 1.591 1.802 1.990 2.048 2.079 2.100 2.192 2.303 2.424 2.540 2.586 2.578 2.576 2.572 2.565 2.534 2.436 2.300 2.102 1.248 
8.500 63.100 0.788 0.845 0.986 1.094 1.210 1.364 1.540 1.748 1.932 1.986 2.015 2.033 2.121 2.230 2.350 2.464 2.510 2.501 2.499 2.495 2.487 2.455 2.358 2.223 2.027 1.193 
8.500 79.430 0.731 0.787 0.928 1.036 1.151 1.302 1.475 1.680 1.860 1.910 1.935 1.949 2.033 2.139 2.257 2.369 2.414 2.405 2.402 2.398 2.390 2.357 2.260 2.126 1.933 1.123 
8.500 100.000 0.664 0.719 0.859 0.967 1.081 1.228 1.398 1.599 1.774 1.818 1.839 1.847 1.927 2.029 2.144 2.254 2.297 2.288 2.285 2.281 2.272 2.238 2.141 2.009 1.819 1.040 
8.500 125.890 0.588 0.641 0.781 0.890 1.002 1.145 1.310 1.506 1.674 1.711 1.727 1.729 1.802 1.900 2.012 2.119 2.160 2.150 2.147 2.143 2.132 2.097 2.000 1.870 1.685 0.944 
8.500 158.490 0.505 0.556 0.697 0.805 0.916 1.052 1.213 1.402 1.561 1.590 1.599 1.593 1.657 1.750 1.858 1.961 2.000 1.990 1.985 1.981 1.969 1.932 1.836 1.708 1.529 0.837 
8.500 199.530 0.417 0.467 0.607 0.715 0.824 0.953 1.107 1.288 1.436 1.455 1.454 1.438 1.493 1.578 1.680 1.779 1.816 1.804 1.799 1.795 1.781 1.742 1.646 1.522 1.349 0.718 
8.500 251.190 0.325 0.373 0.514 0.622 0.729 0.848 0.994 1.165 1.298 1.303 1.292 1.263 1.305 1.382 1.477 1.570 1.603 1.591 1.585 1.581 1.564 1.522 1.427 1.307 1.143 0.589 
8.500 316.230 0.232 0.278 0.418 0.526 0.630 0.738 0.873 1.031 1.147 1.135 1.110 1.065 1.090 1.156 1.243 1.329 1.357 1.343 1.336 1.332 1.312 1.267 1.172 1.057 0.905 0.448 
8.500 398.110 0.136 0.180 0.321 0.429 0.528 0.622 0.744 0.885 0.979 0.946 0.904 0.838 0.843 0.895 0.971 1.049 1.071 1.055 1.047 1.042 1.018 0.969 0.875 0.767 0.628 0.293 
8.500 501.190 0.040 0.082 0.223 0.331 0.425 0.500 0.605 0.726 0.792 0.732 0.669 0.577 0.556 0.591 0.654 0.719 0.734 0.717 0.706 0.702 0.673 0.619 0.526 0.426 0.304 0.123 
8.500 630.960 -0.057 -0.017 0.124 0.232 0.320 0.371 0.456 0.551 0.582 0.488 0.397 0.273 0.220 0.232 0.278 0.330 0.336 0.316 0.302 0.298 0.262 0.202 0.110 0.020 -0.079 -0.067 
8.500 794.330 -0.154 -0.116 0.025 0.133 0.212 0.234 0.293 0.355 0.342 0.206 0.081 -0.084 -0.178 -0.194 -0.169 -0.135 -0.141 -0.164 -0.181 -0.185 -0.229 -0.298 -0.388 -0.464 -0.536 -0.281 
8.500 1000.000 -0.252 -0.215 -0.075 0.033 0.102 0.087 0.113 0.134 0.066 -0.124 -0.292 -0.509 -0.654 -0.705 -0.707 -0.696 -0.716 -0.743 -0.764 -0.768 -0.822 -0.901 -0.989 -1.049 -1.086 -0.524 
8.750 1.000 1.056 1.123 1.251 1.352 1.462 1.624 1.805 2.021 2.219 2.286 2.324 2.356 2.460 2.577 2.702 2.819 2.864 2.853 2.850 2.844 2.838 2.811 2.713 2.575 2.372 1.468 
8.750 1.260 1.056 1.123 1.250 1.352 1.462 1.623 1.805 2.021 2.219 2.285 2.324 2.356 2.459 2.576 2.702 2.818 2.863 2.853 2.850 2.843 2.838 2.810 2.713 2.574 2.372 1.467 
8.750 1.580 1.056 1.123 1.250 1.352 1.462 1.623 1.805 2.021 2.218 2.285 2.323 2.355 2.458 2.576 2.701 2.817 2.863 2.852 2.849 2.842 2.837 2.809 2.712 2.573 2.371 1.467 
8.750 2.000 1.056 1.123 1.250 1.351 1.462 1.623 1.805 2.021 2.218 2.284 2.323 2.355 2.458 2.575 2.700 2.816 2.862 2.851 2.848 2.841 2.836 2.808 2.711 2.572 2.370 1.467 
8.750 2.510 1.056 1.123 1.250 1.351 1.462 1.623 1.804 2.020 2.217 2.284 2.322 2.354 2.457 2.574 2.699 2.815 2.860 2.850 2.847 2.840 2.834 2.807 2.709 2.571 2.369 1.466 
8.750 3.160 1.056 1.123 1.250 1.351 1.462 1.623 1.804 2.020 2.216 2.283 2.321 2.353 2.455 2.572 2.697 2.813 2.858 2.848 2.845 2.838 2.832 2.805 2.708 2.569 2.367 1.466 
8.750 3.980 1.056 1.122 1.250 1.351 1.461 1.622 1.803 2.019 2.215 2.281 2.319 2.351 2.453 2.570 2.695 2.811 2.856 2.846 2.843 2.836 2.830 2.802 2.705 2.567 2.365 1.465 
8.750 5.010 1.056 1.122 1.249 1.350 1.461 1.621 1.802 2.018 2.214 2.280 2.317 2.349 2.451 2.567 2.692 2.808 2.853 2.843 2.840 2.833 2.827 2.799 2.702 2.564 2.362 1.463 
8.750 6.310 1.055 1.121 1.248 1.349 1.460 1.620 1.801 2.016 2.212 2.277 2.315 2.346 2.448 2.564 2.689 2.804 2.849 2.839 2.836 2.829 2.823 2.795 2.698 2.560 2.358 1.462 
8.750 7.940 1.054 1.119 1.247 1.348 1.458 1.618 1.799 2.014 2.209 2.274 2.311 2.342 2.443 2.559 2.684 2.799 2.844 2.834 2.830 2.824 2.818 2.790 2.693 2.555 2.353 1.459 
8.750 10.000 1.053 1.117 1.245 1.346 1.456 1.616 1.796 2.010 2.205 2.270 2.306 2.336 2.437 2.553 2.677 2.793 2.837 2.827 2.823 2.817 2.811 2.783 2.686 2.548 2.347 1.455 
8.750 12.590 1.050 1.114 1.241 1.342 1.452 1.612 1.791 2.005 2.200 2.263 2.299 2.329 2.429 2.544 2.668 2.783 2.828 2.817 2.814 2.807 2.801 2.773 2.676 2.538 2.338 1.450 
8.750 15.850 1.045 1.109 1.236 1.337 1.447 1.606 1.785 1.998 2.191 2.254 2.290 2.318 2.418 2.533 2.656 2.771 2.815 2.804 2.801 2.794 2.788 2.760 2.663 2.525 2.325 1.443 
8.750 19.950 1.038 1.100 1.228 1.329 1.439 1.596 1.775 1.987 2.180 2.242 2.276 2.304 2.402 2.516 2.639 2.753 2.797 2.787 2.783 2.776 2.770 2.741 2.644 2.507 2.308 1.432 
8.750 25.120 1.026 1.088 1.216 1.317 1.426 1.583 1.761 1.972 2.163 2.224 2.257 2.283 2.380 2.494 2.616 2.730 2.773 2.762 2.759 2.752 2.745 2.717 2.620 2.483 2.284 1.416 
8.750 31.620 1.009 1.070 1.197 1.299 1.408 1.563 1.740 1.950 2.139 2.198 2.230 2.255 2.350 2.462 2.584 2.697 2.740 2.729 2.725 2.718 2.712 2.682 2.585 2.449 2.252 1.393 
8.750 39.810 0.984 1.044 1.171 1.273 1.381 1.535 1.711 1.919 2.106 2.163 2.193 2.216 2.309 2.420 2.540 2.653 2.695 2.684 2.680 2.673 2.666 2.636 2.540 2.404 2.208 1.361 
8.750 50.120 0.950 1.008 1.136 1.237 1.345 1.497 1.671 1.877 2.062 2.116 2.144 2.164 2.255 2.364 2.483 2.594 2.636 2.624 2.620 2.613 2.605 2.575 2.479 2.344 2.150 1.318 
8.750 63.100 0.904 0.961 1.089 1.190 1.298 1.448 1.619 1.823 2.004 2.055 2.080 2.097 2.184 2.291 2.408 2.518 2.559 2.547 2.543 2.536 2.528 2.497 2.400 2.267 2.075 1.262 
8.750 79.430 0.847 0.903 1.031 1.132 1.239 1.386 1.555 1.755 1.932 1.978 2.000 2.013 2.096 2.200 2.315 2.423 2.463 2.451 2.446 2.439 2.430 2.399 2.302 2.170 1.981 1.193 
8.750 100.000 0.780 0.835 0.962 1.063 1.169 1.312 1.478 1.674 1.845 1.886 1.904 1.912 1.990 2.090 2.203 2.308 2.347 2.334 2.329 2.322 2.312 2.280 2.183 2.053 1.867 1.110 
8.750 125.890 0.704 0.757 0.884 0.985 1.090 1.229 1.390 1.581 1.745 1.780 1.792 1.793 1.865 1.961 2.070 2.173 2.209 2.196 2.191 2.184 2.172 2.138 2.042 1.914 1.732 1.014 
8.750 158.490 0.621 0.672 0.800 0.901 1.004 1.136 1.293 1.478 1.632 1.658 1.664 1.657 1.721 1.811 1.916 2.015 2.049 2.036 2.029 2.023 2.009 1.974 1.878 1.752 1.576 0.906 
8.750 199.530 0.533 0.583 0.710 0.811 0.912 1.037 1.187 1.364 1.507 1.523 1.519 1.502 1.556 1.639 1.739 1.833 1.865 1.850 1.843 1.836 1.821 1.784 1.688 1.566 1.397 0.788 
8.750 251.190 0.442 0.489 0.617 0.718 0.816 0.932 1.074 1.240 1.370 1.372 1.357 1.327 1.368 1.443 1.535 1.624 1.652 1.637 1.629 1.622 1.604 1.564 1.469 1.351 1.190 0.659 
8.750 316.230 0.348 0.394 0.521 0.622 0.717 0.822 0.953 1.106 1.218 1.203 1.175 1.129 1.153 1.217 1.301 1.383 1.406 1.389 1.380 1.373 1.352 1.309 1.215 1.101 0.952 0.517 
8.750 398.110 0.252 0.296 0.424 0.525 0.616 0.706 0.824 0.960 1.051 1.014 0.969 0.902 0.906 0.956 1.030 1.102 1.120 1.101 1.091 1.084 1.058 1.011 0.918 0.811 0.676 0.363 
8.750 501.190 0.156 0.198 0.326 0.427 0.512 0.584 0.685 0.801 0.864 0.801 0.734 0.641 0.619 0.652 0.712 0.773 0.784 0.763 0.750 0.743 0.713 0.660 0.568 0.470 0.352 0.193 
8.750 630.960 0.059 0.099 0.227 0.328 0.407 0.455 0.536 0.626 0.653 0.556 0.462 0.337 0.283 0.293 0.337 0.384 0.385 0.362 0.346 0.339 0.303 0.243 0.153 0.064 -0.031 0.003 
8.750 794.330 -0.038 0.000 0.128 0.229 0.300 0.318 0.373 0.430 0.413 0.274 0.146 -0.020 -0.115 -0.133 -0.111 -0.081 -0.092 -0.118 -0.137 -0.144 -0.189 -0.256 -0.345 -0.420 -0.488 -0.211 
8.750 1000.000 -0.136 -0.099 0.028 0.129 0.190 0.171 0.193 0.209 0.137 -0.056 -0.227 -0.445 -0.591 -0.644 -0.648 -0.642 -0.666 -0.697 -0.720 -0.727 -0.782 -0.859 -0.947 -1.005 -1.038 -0.454 
9.000 1.000 1.173 1.239 1.354 1.448 1.550 1.708 1.885 2.097 2.290 2.354 2.389 2.421 2.523 2.638 2.760 2.872 2.913 2.899 2.895 2.885 2.878 2.852 2.756 2.619 2.420 1.537 
9.000 1.260 1.173 1.239 1.353 1.448 1.550 1.707 1.885 2.097 2.290 2.354 2.389 2.420 2.522 2.637 2.760 2.872 2.913 2.899 2.894 2.884 2.878 2.852 2.755 2.618 2.419 1.537 
9.000 1.580 1.173 1.239 1.353 1.447 1.550 1.707 1.885 2.096 2.289 2.353 2.388 2.419 2.521 2.637 2.759 2.871 2.912 2.898 2.893 2.883 2.877 2.851 2.754 2.617 2.419 1.537 
9.000 2.000 1.173 1.239 1.353 1.447 1.550 1.707 1.885 2.096 2.289 2.353 2.388 2.419 2.521 2.636 2.758 2.870 2.911 2.897 2.892 2.882 2.876 2.850 2.753 2.616 2.418 1.537 
9.000 2.510 1.173 1.239 1.353 1.447 1.549 1.707 1.884 2.096 2.288 2.352 2.387 2.418 2.520 2.634 2.757 2.869 2.909 2.896 2.891 2.881 2.874 2.848 2.752 2.615 2.416 1.536 
9.000 3.160 1.173 1.239 1.353 1.447 1.549 1.707 1.884 2.095 2.288 2.351 2.386 2.417 2.518 2.633 2.755 2.867 2.908 2.894 2.889 2.879 2.873 2.847 2.750 2.613 2.415 1.535 
9.000 3.980 1.173 1.238 1.353 1.447 1.549 1.706 1.883 2.094 2.287 2.350 2.384 2.415 2.516 2.631 2.753 2.865 2.905 2.892 2.887 2.877 2.870 2.844 2.748 2.611 2.413 1.534 
9.000 5.010 1.173 1.238 1.352 1.446 1.548 1.705 1.882 2.093 2.285 2.348 2.382 2.413 2.514 2.628 2.750 2.862 2.903 2.889 2.884 2.874 2.867 2.841 2.745 2.608 2.410 1.533 
9.000 6.310 1.172 1.237 1.351 1.445 1.547 1.704 1.881 2.091 2.283 2.346 2.380 2.410 2.511 2.625 2.747 2.858 2.899 2.885 2.880 2.870 2.863 2.837 2.741 2.604 2.406 1.531 
9.000 7.940 1.171 1.235 1.350 1.444 1.546 1.702 1.879 2.089 2.280 2.342 2.376 2.406 2.506 2.620 2.742 2.853 2.893 2.879 2.875 2.865 2.858 2.832 2.735 2.599 2.401 1.529 
9.000 10.000 1.169 1.233 1.348 1.442 1.543 1.700 1.876 2.086 2.276 2.338 2.371 2.400 2.500 2.614 2.735 2.846 2.887 2.873 2.867 2.858 2.851 2.824 2.728 2.592 2.394 1.525 
9.000 12.590 1.166 1.230 1.344 1.438 1.540 1.696 1.871 2.081 2.271 2.332 2.364 2.393 2.492 2.605 2.726 2.837 2.877 2.863 2.858 2.848 2.841 2.815 2.718 2.582 2.385 1.520 
9.000 15.850 1.162 1.225 1.339 1.433 1.534 1.690 1.865 2.073 2.263 2.323 2.355 2.382 2.481 2.593 2.714 2.825 2.864 2.850 2.845 2.835 2.828 2.801 2.705 2.569 2.373 1.512 
9.000 19.950 1.154 1.216 1.331 1.425 1.526 1.681 1.855 2.063 2.251 2.310 2.341 2.368 2.465 2.577 2.697 2.807 2.847 2.832 2.827 2.818 2.810 2.783 2.687 2.551 2.356 1.501 
9.000 25.120 1.143 1.204 1.318 1.413 1.514 1.667 1.841 2.047 2.234 2.292 2.322 2.347 2.444 2.555 2.674 2.783 2.823 2.808 2.803 2.793 2.785 2.758 2.662 2.527 2.332 1.486 
9.000 31.620 1.126 1.186 1.300 1.394 1.495 1.647 1.820 2.025 2.211 2.266 2.295 2.319 2.413 2.523 2.642 2.751 2.789 2.775 2.769 2.760 2.752 2.724 2.628 2.493 2.300 1.463 
9.000 39.810 1.101 1.160 1.274 1.368 1.469 1.620 1.791 1.995 2.178 2.231 2.258 2.280 2.372 2.481 2.599 2.706 2.744 2.730 2.724 2.714 2.706 2.678 2.582 2.448 2.256 1.431 
9.000 50.120 1.066 1.124 1.239 1.333 1.432 1.581 1.751 1.953 2.133 2.184 2.209 2.228 2.318 2.425 2.541 2.648 2.685 2.670 2.664 2.655 2.646 2.617 2.521 2.388 2.197 1.388 
9.000 63.100 1.020 1.078 1.192 1.286 1.385 1.532 1.699 1.898 2.075 2.123 2.145 2.161 2.247 2.352 2.467 2.572 2.608 2.593 2.587 2.577 2.568 2.539 2.443 2.311 2.122 1.332 
9.000 79.430 0.964 1.019 1.134 1.228 1.326 1.470 1.635 1.831 2.003 2.046 2.065 2.077 2.159 2.261 2.374 2.477 2.512 2.497 2.490 2.481 2.470 2.440 2.345 2.214 2.028 1.263 
9.000 100.000 0.896 0.951 1.065 1.159 1.256 1.396 1.558 1.750 1.916 1.955 1.969 1.976 2.053 2.151 2.261 2.362 2.396 2.380 2.373 2.364 2.352 2.321 2.226 2.097 1.915 1.180 
9.000 125.890 0.820 0.873 0.987 1.081 1.177 1.313 1.470 1.657 1.816 1.848 1.857 1.857 1.928 2.022 2.128 2.226 2.259 2.242 2.235 2.225 2.212 2.180 2.085 1.958 1.780 1.084 
9.000 158.490 0.737 0.788 0.903 0.997 1.091 1.220 1.373 1.553 1.704 1.727 1.729 1.721 1.784 1.872 1.974 2.069 2.099 2.082 2.074 2.064 2.049 2.016 1.921 1.796 1.624 0.976 
9.000 199.530 0.649 0.699 0.813 0.907 0.999 1.121 1.267 1.439 1.579 1.591 1.584 1.566 1.619 1.700 1.797 1.887 1.914 1.896 1.887 1.878 1.861 1.825 1.731 1.610 1.445 0.858 
9.000 251.190 0.558 0.605 0.720 0.814 0.903 1.016 1.154 1.315 1.441 1.440 1.422 1.391 1.431 1.504 1.594 1.678 1.701 1.683 1.673 1.663 1.644 1.606 1.512 1.395 1.238 0.728 
9.000 316.230 0.464 0.510 0.624 0.718 0.805 0.906 1.033 1.181 1.289 1.271 1.240 1.193 1.216 1.278 1.360 1.437 1.456 1.435 1.424 1.415 1.392 1.351 1.257 1.145 1.000 0.587 
9.000 398.110 0.368 0.413 0.527 0.621 0.703 0.790 0.904 1.036 1.122 1.083 1.034 0.966 0.969 1.017 1.088 1.156 1.169 1.147 1.135 1.125 1.099 1.053 0.960 0.855 0.724 0.433 
9.000 501.190 0.272 0.314 0.429 0.523 0.600 0.668 0.765 0.877 0.935 0.869 0.799 0.705 0.682 0.713 0.770 0.827 0.833 0.809 0.794 0.785 0.753 0.702 0.611 0.514 0.400 0.262 
9.000 630.960 0.175 0.215 0.330 0.424 0.495 0.539 0.616 0.701 0.725 0.625 0.527 0.401 0.346 0.354 0.395 0.438 0.434 0.408 0.390 0.381 0.343 0.285 0.195 0.108 0.017 0.073 
9.000 794.330 0.078 0.116 0.230 0.325 0.387 0.402 0.453 0.506 0.485 0.342 0.211 0.044 -0.052 -0.072 -0.052 -0.028 -0.042 -0.072 -0.093 -0.103 -0.149 -0.214 -0.303 -0.376 -0.440 -0.141 
9.000 1000.000 -0.020 0.017 0.131 0.225 0.277 0.255 0.273 0.285 0.208 0.013 -0.162 -0.380 -0.528 -0.583 -0.590 -0.588 -0.617 -0.651 -0.676 -0.685 -0.742 -0.818 -0.904 -0.961 -0.990 -0.384 
9.250 1.000 1.290 1.355 1.456 1.543 1.637 1.792 1.965 2.172 2.361 2.422 2.454 2.485 2.586 2.699 2.819 2.926 2.962 2.945 2.939 2.926 2.918 2.894 2.798 2.663 2.468 1.607 
9.250 1.260 1.290 1.355 1.456 1.543 1.637 1.792 1.965 2.172 2.361 2.422 2.454 2.484 2.585 2.698 2.818 2.926 2.962 2.945 2.938 2.925 2.918 2.893 2.798 2.662 2.467 1.607 
9.250 1.580 1.290 1.355 1.456 1.543 1.637 1.791 1.965 2.172 2.361 2.421 2.453 2.484 2.585 2.697 2.817 2.925 2.961 2.944 2.937 2.925 2.917 2.893 2.797 2.661 2.466 1.607 
9.250 2.000 1.290 1.355 1.456 1.543 1.637 1.791 1.965 2.171 2.360 2.421 2.452 2.483 2.584 2.696 2.816 2.924 2.960 2.943 2.936 2.924 2.916 2.891 2.796 2.660 2.465 1.606 
9.250 2.510 1.290 1.355 1.456 1.543 1.637 1.791 1.964 2.171 2.360 2.420 2.452 2.482 2.583 2.695 2.815 2.923 2.959 2.942 2.935 2.922 2.914 2.890 2.794 2.659 2.464 1.606 
9.250 3.160 1.290 1.355 1.456 1.543 1.637 1.791 1.964 2.170 2.359 2.419 2.451 2.481 2.581 2.694 2.814 2.921 2.957 2.940 2.933 2.920 2.913 2.888 2.793 2.657 2.462 1.605 
9.250 3.980 1.290 1.354 1.456 1.543 1.636 1.790 1.963 2.169 2.358 2.418 2.449 2.479 2.579 2.692 2.811 2.919 2.955 2.938 2.931 2.918 2.910 2.886 2.790 2.655 2.460 1.604 
9.250 5.010 1.289 1.354 1.455 1.542 1.636 1.789 1.962 2.168 2.356 2.416 2.447 2.477 2.577 2.689 2.809 2.916 2.952 2.935 2.928 2.915 2.907 2.883 2.787 2.652 2.457 1.603 
9.250 6.310 1.289 1.353 1.454 1.541 1.635 1.788 1.961 2.167 2.354 2.414 2.445 2.474 2.574 2.686 2.805 2.912 2.948 2.931 2.924 2.911 2.903 2.879 2.783 2.648 2.454 1.601 
9.250 7.940 1.288 1.351 1.453 1.540 1.633 1.786 1.959 2.164 2.352 2.411 2.441 2.470 2.569 2.681 2.800 2.907 2.943 2.925 2.919 2.906 2.898 2.873 2.778 2.643 2.449 1.599 
9.250 10.000 1.286 1.349 1.451 1.538 1.631 1.784 1.956 2.161 2.348 2.406 2.436 2.464 2.563 2.675 2.794 2.900 2.936 2.918 2.912 2.899 2.891 2.866 2.771 2.636 2.442 1.595 
9.250 12.590 1.283 1.346 1.447 1.534 1.627 1.780 1.951 2.156 2.342 2.400 2.429 2.457 2.555 2.666 2.785 2.891 2.926 2.909 2.902 2.890 2.881 2.856 2.761 2.626 2.433 1.590 
9.250 15.850 1.278 1.341 1.442 1.529 1.622 1.774 1.945 2.149 2.334 2.391 2.420 2.446 2.544 2.654 2.773 2.878 2.914 2.896 2.889 2.877 2.868 2.843 2.748 2.613 2.421 1.582 
9.250 19.950 1.271 1.332 1.434 1.521 1.614 1.765 1.935 2.138 2.322 2.378 2.406 2.432 2.528 2.638 2.756 2.861 2.896 2.878 2.871 2.859 2.850 2.825 2.729 2.595 2.403 1.571 
9.250 25.120 1.259 1.320 1.421 1.508 1.601 1.751 1.921 2.123 2.306 2.360 2.387 2.411 2.507 2.615 2.732 2.837 2.872 2.854 2.847 2.834 2.826 2.800 2.705 2.571 2.380 1.555 
9.250 31.620 1.242 1.302 1.403 1.490 1.582 1.731 1.900 2.101 2.282 2.335 2.360 2.383 2.476 2.584 2.700 2.805 2.839 2.821 2.813 2.801 2.792 2.766 2.670 2.537 2.347 1.533 
9.250 39.810 1.217 1.276 1.377 1.464 1.556 1.704 1.871 2.070 2.249 2.300 2.323 2.344 2.436 2.542 2.657 2.760 2.794 2.776 2.768 2.756 2.746 2.720 2.625 2.492 2.303 1.501 
9.250 50.120 1.182 1.240 1.342 1.429 1.520 1.665 1.831 2.028 2.204 2.252 2.274 2.292 2.381 2.486 2.599 2.701 2.734 2.716 2.708 2.696 2.686 2.659 2.564 2.432 2.245 1.458 
9.250 63.100 1.137 1.194 1.295 1.382 1.472 1.616 1.779 1.974 2.146 2.191 2.210 2.225 2.310 2.413 2.525 2.626 2.657 2.639 2.631 2.619 2.608 2.580 2.485 2.355 2.170 1.402 
9.250 79.430 1.080 1.135 1.237 1.324 1.413 1.554 1.715 1.906 2.074 2.115 2.130 2.141 2.222 2.322 2.432 2.531 2.561 2.543 2.534 2.522 2.510 2.482 2.387 2.258 2.076 1.333 
9.250 100.000 1.013 1.067 1.168 1.255 1.344 1.480 1.638 1.825 1.988 2.023 2.034 2.040 2.116 2.212 2.319 2.416 2.445 2.426 2.417 2.405 2.392 2.363 2.268 2.141 1.962 1.249 
9.250 125.890 0.936 0.989 1.090 1.177 1.265 1.397 1.550 1.732 1.888 1.916 1.922 1.921 1.991 2.083 2.186 2.280 2.308 2.288 2.279 2.266 2.252 2.222 2.127 2.002 1.828 1.154 
9.250 158.490 0.853 0.904 1.006 1.093 1.178 1.305 1.453 1.628 1.775 1.795 1.794 1.785 1.847 1.933 2.032 2.123 2.148 2.128 2.118 2.105 2.090 2.057 1.963 1.840 1.672 1.046 
9.250 199.530 0.765 0.815 0.916 1.003 1.087 1.205 1.347 1.514 1.650 1.659 1.649 1.630 1.682 1.761 1.855 1.941 1.963 1.942 1.931 1.919 1.901 1.867 1.773 1.654 1.492 0.928 
9.250 251.190 0.674 0.721 0.823 0.910 0.991 1.100 1.234 1.391 1.512 1.508 1.487 1.455 1.494 1.564 1.652 1.732 1.751 1.729 1.717 1.704 1.684 1.647 1.554 1.439 1.286 0.798 
9.250 316.230 0.580 0.626 0.727 0.814 0.892 0.990 1.113 1.257 1.361 1.340 1.305 1.257 1.279 1.339 1.418 1.491 1.505 1.481 1.468 1.456 1.432 1.392 1.300 1.189 1.048 0.657 
9.250 398.110 0.485 0.529 0.630 0.717 0.791 0.874 0.984 1.111 1.193 1.151 1.099 1.030 1.032 1.078 1.146 1.210 1.219 1.193 1.179 1.166 1.139 1.094 1.003 0.899 0.771 0.503 
9.250 501.190 0.388 0.430 0.532 0.619 0.687 0.752 0.845 0.952 1.006 0.937 0.864 0.769 0.745 0.773 0.828 0.881 0.882 0.855 0.838 0.826 0.793 0.744 0.653 0.557 0.447 0.332 
9.250 630.960 0.291 0.331 0.433 0.520 0.582 0.623 0.696 0.777 0.796 0.693 0.592 0.465 0.409 0.415 0.453 0.491 0.484 0.454 0.434 0.422 0.383 0.327 0.238 0.152 0.064 0.143 
9.250 794.330 0.194 0.232 0.333 0.420 0.474 0.486 0.533 0.581 0.556 0.411 0.276 0.108 0.011 -0.011 0.006 0.026 0.007 -0.026 -0.049 -0.061 -0.109 -0.173 -0.260 -0.332 -0.393 -0.071 
9.250 1000.000 0.096 0.133 0.234 0.321 0.365 0.339 0.353 0.360 0.280 0.081 -0.097 -0.316 -0.465 -0.522 -0.532 -0.534 -0.568 -0.605 -0.632 -0.644 -0.702 -0.776 -0.862 -0.917 -0.943 -0.315 
