GhofraniAtkinson2014Cascadia_CanadaSHM6-trial modified from OpenQuake implementation, distance is rrup. Log10 ground motion values in cgs units, PGV and Sa(T<0.1s) not valid
          10 31 26 : nmag, ndist, nperiod
          10.000 9.090 7.140 5.880 4.550 3.700 3.030 2.440 1.920 1.560 1.250 1.010 0.810 0.650 0.530 0.420 0.340 0.270 0.220 0.180 0.140 0.110 0.090 0.070 PGA PGV 
          0.538 0.538 0.575 0.611 0.642 0.662 0.685 0.702 0.713 0.682 0.652 0.632 0.648 0.682 0.729 0.785 0.833 0.852 0.852 0.861 0.892 0.909 0.906 0.874 0.795 0.550
7.000 1.000 0.557 0.636 0.893 1.067 1.291 1.487 1.681 1.897 2.127 2.262 2.377 2.451 2.572 2.679 2.771 2.850 2.864 2.835 2.769 2.696 2.622 2.511 2.395 2.303 2.210 1.239 
7.000 1.260 0.557 0.636 0.893 1.066 1.291 1.487 1.681 1.897 2.127 2.262 2.377 2.450 2.572 2.678 2.770 2.850 2.863 2.834 2.768 2.696 2.621 2.510 2.394 2.303 2.210 1.238 
7.000 1.580 0.557 0.636 0.893 1.066 1.291 1.486 1.681 1.897 2.126 2.262 2.376 2.450 2.571 2.678 2.769 2.849 2.862 2.834 2.768 2.695 2.620 2.509 2.393 2.302 2.209 1.238 
7.000 2.000 0.557 0.635 0.893 1.066 1.291 1.486 1.681 1.896 2.126 2.261 2.376 2.449 2.570 2.677 2.768 2.848 2.861 2.833 2.767 2.694 2.619 2.508 2.392 2.301 2.208 1.238 
7.000 2.510 0.558 0.635 0.893 1.066 1.291 1.486 1.680 1.896 2.125 2.260 2.375 2.448 2.569 2.676 2.767 2.847 2.860 2.831 2.765 2.692 2.618 2.507 2.391 2.299 2.207 1.237 
7.000 3.160 0.558 0.635 0.892 1.066 1.291 1.486 1.680 1.895 2.125 2.259 2.374 2.447 2.568 2.674 2.765 2.845 2.858 2.829 2.763 2.691 2.616 2.505 2.389 2.298 2.205 1.237 
7.000 3.980 0.558 0.635 0.892 1.066 1.290 1.485 1.679 1.894 2.124 2.258 2.372 2.445 2.566 2.672 2.763 2.843 2.856 2.827 2.761 2.688 2.614 2.502 2.386 2.295 2.203 1.236 
7.000 5.010 0.558 0.634 0.891 1.065 1.290 1.484 1.678 1.893 2.122 2.256 2.370 2.443 2.564 2.670 2.761 2.840 2.853 2.824 2.758 2.685 2.611 2.499 2.383 2.292 2.200 1.234 
7.000 6.310 0.557 0.633 0.891 1.064 1.289 1.483 1.677 1.892 2.120 2.254 2.368 2.440 2.560 2.666 2.757 2.836 2.849 2.820 2.754 2.682 2.607 2.495 2.379 2.288 2.197 1.233 
7.000 7.940 0.557 0.632 0.889 1.063 1.287 1.481 1.675 1.889 2.117 2.251 2.364 2.436 2.556 2.661 2.752 2.831 2.844 2.815 2.749 2.676 2.602 2.490 2.374 2.283 2.192 1.230 
7.000 10.000 0.555 0.630 0.887 1.061 1.285 1.479 1.672 1.886 2.113 2.246 2.359 2.431 2.550 2.655 2.746 2.824 2.837 2.808 2.742 2.669 2.594 2.483 2.367 2.276 2.185 1.226 
7.000 12.590 0.553 0.626 0.884 1.057 1.281 1.475 1.668 1.881 2.108 2.240 2.352 2.423 2.542 2.647 2.737 2.815 2.827 2.799 2.733 2.660 2.585 2.473 2.357 2.267 2.176 1.221 
7.000 15.850 0.548 0.621 0.878 1.052 1.276 1.469 1.661 1.874 2.100 2.231 2.343 2.413 2.531 2.635 2.724 2.803 2.815 2.786 2.720 2.647 2.572 2.460 2.344 2.254 2.163 1.214 
7.000 19.950 0.541 0.613 0.870 1.044 1.268 1.460 1.651 1.863 2.088 2.218 2.329 2.398 2.515 2.618 2.708 2.785 2.797 2.768 2.702 2.629 2.554 2.442 2.326 2.236 2.146 1.203 
7.000 25.120 0.530 0.601 0.858 1.032 1.255 1.446 1.637 1.848 2.071 2.200 2.310 2.378 2.493 2.596 2.684 2.761 2.773 2.744 2.677 2.605 2.529 2.417 2.301 2.211 2.123 1.187 
7.000 31.620 0.513 0.582 0.840 1.013 1.237 1.426 1.616 1.826 2.048 2.175 2.283 2.349 2.463 2.565 2.652 2.729 2.740 2.710 2.644 2.571 2.495 2.382 2.267 2.178 2.090 1.164 
7.000 39.810 0.489 0.556 0.814 0.987 1.210 1.399 1.587 1.795 2.015 2.140 2.246 2.310 2.422 2.522 2.609 2.684 2.695 2.665 2.599 2.526 2.450 2.336 2.221 2.132 2.046 1.132 
7.000 50.120 0.454 0.521 0.778 0.952 1.174 1.360 1.547 1.753 1.970 2.092 2.197 2.258 2.368 2.466 2.551 2.626 2.635 2.606 2.539 2.466 2.389 2.275 2.160 2.072 1.988 1.089 
7.000 63.100 0.409 0.474 0.731 0.905 1.127 1.311 1.495 1.699 1.912 2.031 2.133 2.191 2.297 2.393 2.477 2.550 2.558 2.529 2.462 2.389 2.311 2.197 2.081 1.995 1.913 1.034 
7.000 79.430 0.353 0.416 0.673 0.847 1.068 1.249 1.431 1.631 1.840 1.955 2.053 2.107 2.209 2.302 2.384 2.455 2.463 2.432 2.365 2.292 2.214 2.099 1.983 1.898 1.819 0.964 
7.000 100.000 0.286 0.347 0.604 0.778 0.998 1.175 1.354 1.550 1.753 1.863 1.957 2.006 2.103 2.192 2.271 2.340 2.346 2.316 2.248 2.175 2.096 1.980 1.865 1.781 1.705 0.881 
7.000 125.890 0.210 0.269 0.527 0.700 0.919 1.092 1.266 1.457 1.653 1.756 1.845 1.887 1.978 2.063 2.138 2.204 2.209 2.178 2.109 2.037 1.956 1.838 1.724 1.642 1.571 0.785 
7.000 158.490 0.127 0.185 0.442 0.616 0.833 1.000 1.169 1.353 1.541 1.635 1.717 1.751 1.833 1.913 1.984 2.047 2.049 2.017 1.948 1.875 1.793 1.674 1.560 1.481 1.415 0.678 
7.000 199.530 0.039 0.095 0.352 0.526 0.741 0.900 1.063 1.239 1.416 1.499 1.572 1.596 1.669 1.741 1.807 1.865 1.864 1.832 1.762 1.689 1.605 1.484 1.370 1.294 1.235 0.559 
7.000 251.190 -0.052 0.002 0.259 0.433 0.645 0.795 0.950 1.116 1.278 1.348 1.410 1.422 1.481 1.545 1.604 1.656 1.652 1.618 1.547 1.475 1.388 1.264 1.150 1.079 1.029 0.430 
7.000 316.230 -0.146 -0.094 0.163 0.337 0.546 0.685 0.829 0.982 1.126 1.180 1.228 1.223 1.266 1.319 1.370 1.415 1.406 1.371 1.299 1.226 1.136 1.009 0.896 0.830 0.791 0.289 
7.000 398.110 -0.241 -0.191 0.066 0.240 0.445 0.569 0.700 0.836 0.959 0.991 1.022 0.997 1.019 1.058 1.098 1.134 1.120 1.083 1.009 0.936 0.842 0.711 0.599 0.539 0.514 0.134 
7.000 501.190 -0.338 -0.289 -0.032 0.142 0.341 0.447 0.561 0.677 0.772 0.777 0.787 0.736 0.732 0.754 0.780 0.805 0.783 0.745 0.669 0.596 0.497 0.360 0.249 0.198 0.190 -0.036 
7.000 630.960 -0.435 -0.388 -0.131 0.043 0.236 0.318 0.412 0.502 0.562 0.533 0.515 0.432 0.396 0.395 0.405 0.416 0.385 0.343 0.265 0.192 0.086 -0.056 -0.166 -0.207 -0.193 -0.226 
7.000 794.330 -0.532 -0.487 -0.230 -0.056 0.129 0.181 0.249 0.306 0.322 0.251 0.199 0.074 -0.002 -0.031 -0.042 -0.050 -0.092 -0.136 -0.218 -0.291 -0.405 -0.556 -0.664 -0.692 -0.650 -0.440 
7.000 1000.000 -0.630 -0.587 -0.330 -0.156 0.019 0.034 0.069 0.085 0.045 -0.079 -0.174 -0.350 -0.478 -0.542 -0.580 -0.610 -0.667 -0.715 -0.801 -0.874 -0.998 -1.159 -1.265 -1.277 -1.200 -0.683 
7.250 1.000 0.674 0.752 0.996 1.162 1.379 1.571 1.761 1.972 2.198 2.331 2.442 2.515 2.636 2.740 2.829 2.904 2.913 2.881 2.813 2.738 2.662 2.552 2.437 2.347 2.258 1.309 
7.250 1.260 0.674 0.752 0.996 1.162 1.379 1.571 1.761 1.972 2.198 2.330 2.442 2.514 2.635 2.739 2.828 2.904 2.912 2.880 2.813 2.737 2.661 2.552 2.436 2.347 2.258 1.308 
7.250 1.580 0.674 0.752 0.996 1.162 1.379 1.570 1.761 1.972 2.198 2.330 2.441 2.514 2.634 2.739 2.828 2.903 2.911 2.880 2.812 2.736 2.661 2.551 2.436 2.346 2.257 1.308 
7.250 2.000 0.674 0.751 0.996 1.162 1.379 1.570 1.761 1.972 2.197 2.329 2.441 2.513 2.634 2.738 2.827 2.902 2.910 2.878 2.811 2.735 2.660 2.550 2.435 2.345 2.256 1.308 
7.250 2.510 0.674 0.751 0.996 1.162 1.378 1.570 1.760 1.971 2.197 2.329 2.440 2.512 2.632 2.737 2.825 2.901 2.909 2.877 2.809 2.734 2.658 2.548 2.433 2.343 2.255 1.307 
7.250 3.160 0.674 0.751 0.995 1.162 1.378 1.570 1.760 1.971 2.196 2.328 2.439 2.511 2.631 2.735 2.824 2.899 2.907 2.875 2.808 2.732 2.656 2.547 2.431 2.342 2.253 1.306 
7.250 3.980 0.674 0.751 0.995 1.162 1.378 1.569 1.759 1.970 2.195 2.326 2.437 2.509 2.629 2.733 2.822 2.897 2.905 2.873 2.805 2.730 2.654 2.544 2.429 2.339 2.251 1.306 
7.250 5.010 0.674 0.750 0.994 1.161 1.377 1.568 1.758 1.969 2.193 2.325 2.435 2.507 2.627 2.730 2.819 2.894 2.902 2.870 2.802 2.727 2.651 2.541 2.426 2.336 2.248 1.304 
7.250 6.310 0.674 0.749 0.994 1.160 1.376 1.567 1.757 1.967 2.191 2.322 2.433 2.504 2.623 2.727 2.815 2.890 2.898 2.866 2.798 2.723 2.647 2.537 2.422 2.332 2.244 1.302 
7.250 7.940 0.673 0.748 0.992 1.159 1.375 1.565 1.755 1.965 2.189 2.319 2.429 2.500 2.619 2.722 2.810 2.885 2.893 2.861 2.793 2.718 2.642 2.532 2.417 2.327 2.239 1.300 
7.250 10.000 0.672 0.746 0.990 1.157 1.372 1.563 1.752 1.961 2.185 2.315 2.424 2.495 2.613 2.716 2.804 2.878 2.886 2.854 2.786 2.711 2.635 2.524 2.409 2.320 2.233 1.296 
7.250 12.590 0.669 0.742 0.987 1.153 1.369 1.559 1.747 1.956 2.179 2.308 2.417 2.487 2.605 2.707 2.795 2.869 2.877 2.845 2.777 2.701 2.625 2.515 2.400 2.311 2.224 1.291 
7.250 15.850 0.665 0.737 0.981 1.148 1.363 1.553 1.741 1.949 2.171 2.299 2.408 2.477 2.594 2.696 2.783 2.856 2.864 2.832 2.764 2.688 2.612 2.501 2.386 2.298 2.211 1.284 
7.250 19.950 0.658 0.729 0.973 1.140 1.355 1.544 1.731 1.938 2.159 2.287 2.394 2.462 2.578 2.679 2.766 2.839 2.846 2.814 2.746 2.670 2.594 2.483 2.368 2.280 2.194 1.273 
7.250 25.120 0.646 0.717 0.961 1.127 1.343 1.530 1.717 1.923 2.143 2.269 2.375 2.442 2.556 2.657 2.743 2.815 2.822 2.790 2.722 2.646 2.569 2.458 2.343 2.255 2.170 1.257 
7.250 31.620 0.630 0.698 0.943 1.109 1.324 1.510 1.696 1.901 2.119 2.243 2.348 2.413 2.526 2.626 2.711 2.783 2.789 2.756 2.688 2.612 2.535 2.424 2.309 2.222 2.138 1.234 
7.250 39.810 0.605 0.673 0.917 1.083 1.298 1.483 1.667 1.870 2.086 2.208 2.311 2.374 2.485 2.583 2.667 2.738 2.744 2.711 2.643 2.567 2.490 2.378 2.263 2.176 2.094 1.202 
7.250 50.120 0.571 0.637 0.881 1.048 1.261 1.444 1.627 1.829 2.041 2.161 2.262 2.322 2.431 2.527 2.609 2.679 2.684 2.652 2.583 2.507 2.429 2.317 2.202 2.116 2.036 1.159 
7.250 63.100 0.525 0.590 0.834 1.001 1.214 1.395 1.575 1.774 1.983 2.099 2.198 2.255 2.360 2.454 2.535 2.604 2.608 2.575 2.506 2.430 2.351 2.239 2.124 2.039 1.961 1.103 
7.250 79.430 0.469 0.532 0.776 0.943 1.155 1.333 1.511 1.706 1.911 2.023 2.118 2.171 2.272 2.363 2.442 2.509 2.512 2.478 2.409 2.333 2.254 2.140 2.026 1.942 1.867 1.034 
7.250 100.000 0.402 0.463 0.707 0.874 1.085 1.259 1.434 1.625 1.825 1.931 2.022 2.070 2.166 2.253 2.329 2.394 2.396 2.362 2.292 2.216 2.136 2.021 1.907 1.825 1.753 0.951 
7.250 125.890 0.326 0.385 0.630 0.796 1.006 1.176 1.346 1.532 1.725 1.824 1.910 1.951 2.041 2.124 2.197 2.258 2.258 2.224 2.153 2.078 1.996 1.880 1.766 1.686 1.618 0.855 
7.250 158.490 0.243 0.301 0.545 0.712 0.920 1.084 1.249 1.429 1.612 1.703 1.782 1.815 1.896 1.974 2.043 2.101 2.098 2.063 1.992 1.917 1.833 1.716 1.602 1.525 1.462 0.747 
7.250 199.530 0.155 0.211 0.455 0.622 0.828 0.984 1.143 1.315 1.487 1.568 1.637 1.660 1.732 1.802 1.865 1.919 1.914 1.878 1.806 1.730 1.645 1.525 1.412 1.338 1.283 0.629 
7.250 251.190 0.064 0.118 0.362 0.529 0.732 0.879 1.030 1.191 1.349 1.417 1.475 1.486 1.544 1.606 1.662 1.710 1.701 1.664 1.591 1.516 1.428 1.306 1.193 1.123 1.076 0.500 
7.250 316.230 -0.030 0.022 0.266 0.433 0.634 0.769 0.909 1.057 1.198 1.248 1.293 1.287 1.329 1.380 1.428 1.469 1.455 1.417 1.343 1.267 1.176 1.051 0.939 0.874 0.838 0.358 
7.250 398.110 -0.125 -0.075 0.169 0.336 0.532 0.653 0.780 0.911 1.030 1.059 1.087 1.061 1.082 1.119 1.156 1.188 1.169 1.129 1.053 0.978 0.882 0.753 0.642 0.583 0.562 0.204 
7.250 501.190 -0.222 -0.173 0.071 0.238 0.429 0.531 0.641 0.752 0.843 0.845 0.852 0.800 0.795 0.815 0.839 0.859 0.833 0.791 0.713 0.637 0.537 0.402 0.292 0.242 0.238 0.034 
7.250 630.960 -0.319 -0.272 -0.028 0.139 0.324 0.402 0.492 0.577 0.633 0.601 0.580 0.496 0.459 0.456 0.463 0.469 0.434 0.389 0.309 0.233 0.126 -0.015 -0.124 -0.163 -0.145 -0.156 
7.250 794.330 -0.416 -0.371 -0.127 0.039 0.216 0.265 0.329 0.381 0.393 0.319 0.264 0.138 0.061 0.030 0.016 0.004 -0.043 -0.090 -0.174 -0.250 -0.365 -0.514 -0.622 -0.648 -0.602 -0.370 
7.250 1000.000 -0.514 -0.471 -0.227 -0.060 0.106 0.118 0.149 0.160 0.117 -0.011 -0.109 -0.286 -0.415 -0.481 -0.522 -0.556 -0.617 -0.669 -0.757 -0.833 -0.958 -1.118 -1.223 -1.233 -1.152 -0.613 
7.500 1.000 0.791 0.868 1.099 1.258 1.466 1.655 1.841 2.048 2.270 2.399 2.507 2.579 2.699 2.801 2.887 2.958 2.962 2.927 2.857 2.779 2.702 2.594 2.480 2.391 2.306 1.378 
7.500 1.260 0.791 0.868 1.099 1.258 1.466 1.655 1.841 2.048 2.269 2.399 2.507 2.578 2.698 2.800 2.887 2.958 2.961 2.926 2.857 2.778 2.702 2.593 2.479 2.391 2.305 1.378 
7.500 1.580 0.791 0.868 1.099 1.258 1.466 1.654 1.841 2.047 2.269 2.398 2.506 2.578 2.697 2.800 2.886 2.957 2.961 2.926 2.856 2.777 2.701 2.593 2.478 2.390 2.305 1.378 
7.500 2.000 0.791 0.868 1.099 1.258 1.466 1.654 1.841 2.047 2.269 2.398 2.506 2.577 2.697 2.799 2.885 2.956 2.960 2.924 2.855 2.776 2.700 2.592 2.477 2.389 2.304 1.378 
7.500 2.510 0.791 0.867 1.099 1.258 1.466 1.654 1.840 2.047 2.268 2.397 2.505 2.576 2.695 2.797 2.884 2.954 2.958 2.923 2.853 2.775 2.698 2.590 2.476 2.387 2.302 1.377 
7.500 3.160 0.791 0.867 1.098 1.258 1.466 1.654 1.840 2.046 2.267 2.396 2.504 2.575 2.694 2.796 2.882 2.953 2.957 2.921 2.852 2.773 2.696 2.588 2.474 2.386 2.301 1.376 
7.500 3.980 0.791 0.867 1.098 1.257 1.465 1.653 1.839 2.045 2.266 2.395 2.502 2.573 2.692 2.794 2.880 2.951 2.954 2.919 2.849 2.771 2.694 2.586 2.471 2.383 2.298 1.375 
7.500 5.010 0.791 0.866 1.097 1.257 1.465 1.652 1.838 2.044 2.265 2.393 2.500 2.571 2.690 2.791 2.877 2.948 2.951 2.916 2.846 2.768 2.691 2.583 2.468 2.380 2.296 1.374 
7.500 6.310 0.791 0.865 1.097 1.256 1.464 1.651 1.837 2.042 2.263 2.391 2.498 2.568 2.687 2.788 2.874 2.944 2.947 2.912 2.842 2.764 2.687 2.579 2.464 2.376 2.292 1.372 
7.500 7.940 0.790 0.864 1.095 1.255 1.462 1.649 1.835 2.040 2.260 2.387 2.494 2.564 2.682 2.783 2.869 2.939 2.942 2.907 2.837 2.759 2.682 2.573 2.459 2.371 2.287 1.370 
7.500 10.000 0.788 0.862 1.093 1.252 1.460 1.647 1.832 2.037 2.256 2.383 2.489 2.559 2.676 2.777 2.862 2.932 2.935 2.900 2.830 2.752 2.675 2.566 2.452 2.364 2.280 1.366 
7.500 12.590 0.786 0.858 1.090 1.249 1.456 1.643 1.827 2.032 2.250 2.377 2.482 2.551 2.668 2.768 2.853 2.923 2.926 2.891 2.821 2.742 2.665 2.556 2.442 2.355 2.271 1.361 
7.500 15.850 0.781 0.853 1.084 1.244 1.451 1.637 1.821 2.024 2.242 2.368 2.473 2.541 2.657 2.757 2.841 2.910 2.913 2.878 2.808 2.729 2.652 2.543 2.429 2.342 2.259 1.353 
7.500 19.950 0.774 0.845 1.076 1.236 1.443 1.628 1.811 2.014 2.231 2.355 2.459 2.526 2.641 2.740 2.824 2.893 2.896 2.860 2.790 2.712 2.634 2.525 2.411 2.324 2.242 1.342 
7.500 25.120 0.763 0.833 1.064 1.223 1.430 1.614 1.797 1.999 2.214 2.337 2.440 2.506 2.619 2.718 2.801 2.869 2.871 2.836 2.766 2.687 2.609 2.500 2.386 2.299 2.218 1.327 
7.500 31.620 0.746 0.815 1.046 1.205 1.412 1.594 1.776 1.977 2.190 2.311 2.413 2.477 2.589 2.686 2.769 2.836 2.838 2.802 2.732 2.654 2.576 2.466 2.352 2.266 2.186 1.304 
7.500 39.810 0.721 0.789 1.020 1.179 1.385 1.567 1.747 1.946 2.157 2.276 2.376 2.438 2.548 2.644 2.725 2.792 2.793 2.757 2.687 2.608 2.530 2.420 2.306 2.220 2.142 1.272 
7.500 50.120 0.687 0.753 0.984 1.143 1.349 1.528 1.707 1.904 2.112 2.229 2.327 2.386 2.494 2.588 2.668 2.733 2.734 2.698 2.627 2.549 2.469 2.359 2.245 2.160 2.083 1.229 
7.500 63.100 0.642 0.706 0.937 1.097 1.301 1.479 1.655 1.849 2.055 2.168 2.263 2.319 2.423 2.515 2.593 2.657 2.657 2.621 2.550 2.471 2.391 2.280 2.166 2.083 2.008 1.173 
7.500 79.430 0.585 0.648 0.879 1.038 1.242 1.417 1.591 1.782 1.982 2.091 2.183 2.235 2.335 2.424 2.500 2.563 2.561 2.524 2.453 2.375 2.294 2.182 2.068 1.986 1.914 1.104 
7.500 100.000 0.518 0.579 0.810 0.970 1.173 1.343 1.514 1.701 1.896 1.999 2.087 2.134 2.229 2.314 2.388 2.448 2.445 2.408 2.336 2.258 2.176 2.063 1.950 1.869 1.801 1.021 
7.500 125.890 0.442 0.501 0.733 0.892 1.094 1.260 1.426 1.608 1.796 1.893 1.975 2.015 2.104 2.185 2.255 2.312 2.307 2.270 2.198 2.119 2.036 1.922 1.809 1.730 1.666 0.925 
7.500 158.490 0.359 0.417 0.648 0.807 1.007 1.168 1.329 1.504 1.683 1.772 1.847 1.879 1.959 2.035 2.101 2.154 2.147 2.109 2.036 1.958 1.873 1.757 1.645 1.569 1.510 0.817 
7.500 199.530 0.271 0.327 0.558 0.718 0.916 1.068 1.223 1.390 1.558 1.636 1.702 1.725 1.795 1.863 1.924 1.973 1.963 1.924 1.850 1.772 1.685 1.567 1.455 1.382 1.331 0.699 
7.500 251.190 0.180 0.234 0.465 0.624 0.820 0.963 1.110 1.266 1.421 1.485 1.540 1.550 1.607 1.667 1.720 1.764 1.750 1.710 1.635 1.557 1.468 1.347 1.235 1.167 1.124 0.569 
7.500 316.230 0.086 0.138 0.369 0.529 0.721 0.853 0.989 1.132 1.269 1.316 1.358 1.351 1.392 1.441 1.486 1.523 1.504 1.463 1.387 1.309 1.216 1.092 0.981 0.918 0.886 0.428 
7.500 398.110 -0.009 0.041 0.272 0.432 0.620 0.737 0.860 0.987 1.101 1.127 1.152 1.125 1.145 1.180 1.215 1.242 1.218 1.175 1.097 1.019 0.922 0.795 0.684 0.627 0.610 0.274 
7.500 501.190 -0.106 -0.057 0.174 0.333 0.516 0.615 0.721 0.828 0.915 0.914 0.917 0.864 0.858 0.876 0.897 0.913 0.882 0.837 0.757 0.679 0.577 0.444 0.334 0.286 0.286 0.103 
7.500 630.960 -0.203 -0.156 0.075 0.235 0.411 0.486 0.572 0.652 0.704 0.670 0.645 0.560 0.522 0.517 0.522 0.523 0.483 0.435 0.353 0.275 0.167 0.027 -0.081 -0.119 -0.097 -0.086 
7.500 794.330 -0.300 -0.255 -0.024 0.135 0.304 0.349 0.409 0.457 0.464 0.387 0.329 0.202 0.124 0.091 0.074 0.058 0.006 -0.045 -0.130 -0.209 -0.325 -0.473 -0.579 -0.604 -0.555 -0.300 
7.500 1000.000 -0.397 -0.355 -0.124 0.036 0.194 0.202 0.229 0.236 0.188 0.057 -0.044 -0.222 -0.352 -0.420 -0.463 -0.502 -0.568 -0.623 -0.713 -0.791 -0.918 -1.076 -1.180 -1.189 -1.104 -0.543 
7.750 1.000 0.908 0.984 1.202 1.354 1.554 1.739 1.921 2.123 2.341 2.467 2.572 2.643 2.762 2.862 2.945 3.012 3.011 2.973 2.901 2.820 2.742 2.636 2.522 2.435 2.354 1.448 
7.750 1.260 0.908 0.984 1.202 1.354 1.554 1.739 1.921 2.123 2.341 2.467 2.572 2.642 2.761 2.861 2.945 3.011 3.011 2.972 2.901 2.819 2.742 2.635 2.521 2.434 2.353 1.448 
7.750 1.580 0.908 0.984 1.202 1.354 1.554 1.738 1.921 2.123 2.340 2.466 2.571 2.642 2.760 2.860 2.944 3.011 3.010 2.971 2.900 2.819 2.741 2.634 2.521 2.434 2.352 1.448 
7.750 2.000 0.908 0.984 1.202 1.354 1.553 1.738 1.921 2.122 2.340 2.466 2.570 2.641 2.760 2.860 2.943 3.010 3.009 2.970 2.899 2.818 2.740 2.633 2.520 2.433 2.351 1.447 
7.750 2.510 0.908 0.983 1.201 1.354 1.553 1.738 1.920 2.122 2.339 2.465 2.570 2.640 2.759 2.858 2.942 3.008 3.008 2.969 2.897 2.816 2.738 2.632 2.518 2.431 2.350 1.447 
7.750 3.160 0.908 0.983 1.201 1.354 1.553 1.738 1.920 2.121 2.338 2.464 2.569 2.639 2.757 2.857 2.940 3.007 3.006 2.967 2.896 2.814 2.737 2.630 2.516 2.429 2.348 1.446 
7.750 3.980 0.908 0.983 1.201 1.353 1.553 1.737 1.919 2.120 2.337 2.463 2.567 2.637 2.755 2.855 2.938 3.004 3.004 2.965 2.893 2.812 2.734 2.628 2.514 2.427 2.346 1.445 
7.750 5.010 0.908 0.982 1.200 1.353 1.552 1.736 1.918 2.119 2.336 2.461 2.565 2.635 2.753 2.852 2.935 3.002 3.001 2.962 2.890 2.809 2.731 2.625 2.511 2.424 2.343 1.444 
7.750 6.310 0.907 0.981 1.199 1.352 1.551 1.735 1.917 2.118 2.334 2.459 2.563 2.632 2.750 2.849 2.932 2.998 2.997 2.958 2.887 2.805 2.727 2.621 2.507 2.420 2.340 1.442 
7.750 7.940 0.906 0.980 1.198 1.350 1.550 1.733 1.915 2.115 2.331 2.456 2.559 2.628 2.745 2.844 2.927 2.993 2.992 2.953 2.881 2.800 2.722 2.615 2.502 2.415 2.335 1.440 
7.750 10.000 0.905 0.978 1.196 1.348 1.547 1.731 1.912 2.112 2.327 2.451 2.554 2.623 2.739 2.838 2.920 2.986 2.985 2.946 2.874 2.793 2.715 2.608 2.494 2.408 2.328 1.436 
7.750 12.590 0.902 0.974 1.193 1.345 1.544 1.727 1.907 2.107 2.322 2.445 2.547 2.615 2.731 2.829 2.911 2.977 2.975 2.937 2.865 2.784 2.705 2.598 2.485 2.398 2.319 1.431 
7.750 15.850 0.898 0.969 1.187 1.340 1.538 1.721 1.901 2.100 2.314 2.436 2.538 2.605 2.720 2.817 2.899 2.964 2.962 2.924 2.852 2.771 2.692 2.585 2.471 2.385 2.306 1.423 
7.750 19.950 0.890 0.961 1.179 1.331 1.530 1.712 1.891 2.089 2.302 2.423 2.524 2.590 2.704 2.801 2.882 2.947 2.945 2.906 2.834 2.753 2.674 2.567 2.453 2.368 2.289 1.412 
7.750 25.120 0.879 0.949 1.167 1.319 1.517 1.698 1.877 2.074 2.285 2.405 2.505 2.570 2.682 2.778 2.859 2.923 2.921 2.882 2.810 2.728 2.649 2.542 2.428 2.343 2.266 1.396 
7.750 31.620 0.862 0.931 1.149 1.301 1.499 1.678 1.856 2.052 2.261 2.380 2.478 2.541 2.652 2.747 2.827 2.890 2.887 2.848 2.776 2.695 2.616 2.508 2.394 2.310 2.233 1.374 
7.750 39.810 0.837 0.905 1.123 1.275 1.473 1.651 1.827 2.021 2.228 2.344 2.441 2.502 2.611 2.705 2.784 2.846 2.843 2.803 2.731 2.650 2.570 2.462 2.348 2.264 2.189 1.342 
7.750 50.120 0.803 0.869 1.087 1.239 1.436 1.613 1.787 1.979 2.184 2.297 2.392 2.450 2.557 2.649 2.726 2.787 2.783 2.744 2.671 2.590 2.510 2.401 2.287 2.204 2.131 1.299 
7.750 63.100 0.758 0.822 1.040 1.193 1.389 1.563 1.735 1.925 2.126 2.236 2.328 2.383 2.486 2.576 2.652 2.711 2.706 2.667 2.594 2.513 2.432 2.322 2.209 2.127 2.056 1.243 
7.750 79.430 0.701 0.764 0.982 1.134 1.330 1.501 1.671 1.857 2.054 2.159 2.248 2.299 2.398 2.485 2.559 2.616 2.610 2.570 2.497 2.416 2.334 2.224 2.111 2.030 1.962 1.174 
7.750 100.000 0.634 0.695 0.913 1.066 1.260 1.427 1.594 1.776 1.967 2.068 2.152 2.198 2.292 2.375 2.446 2.502 2.494 2.454 2.380 2.299 2.216 2.105 1.992 1.913 1.848 1.090 
7.750 125.890 0.558 0.617 0.836 0.988 1.181 1.344 1.506 1.683 1.867 1.961 2.040 2.079 2.167 2.246 2.313 2.366 2.357 2.316 2.242 2.160 2.076 1.964 1.851 1.774 1.714 0.995 
7.750 158.490 0.475 0.533 0.751 0.903 1.095 1.252 1.409 1.579 1.755 1.840 1.912 1.943 2.023 2.096 2.159 2.208 2.197 2.155 2.080 1.999 1.913 1.799 1.687 1.613 1.558 0.887 
7.750 199.530 0.387 0.443 0.661 0.814 1.003 1.152 1.303 1.465 1.630 1.704 1.767 1.789 1.858 1.924 1.982 2.027 2.012 1.970 1.894 1.813 1.725 1.609 1.497 1.426 1.378 0.769 
7.750 251.190 0.296 0.350 0.568 0.720 0.907 1.047 1.190 1.342 1.492 1.553 1.605 1.614 1.670 1.727 1.779 1.818 1.800 1.756 1.680 1.598 1.508 1.389 1.278 1.211 1.172 0.639 
7.750 316.230 0.202 0.254 0.472 0.625 0.808 0.937 1.069 1.208 1.340 1.385 1.423 1.415 1.455 1.502 1.545 1.576 1.554 1.509 1.431 1.350 1.256 1.134 1.024 0.962 0.934 0.498 
7.750 398.110 0.107 0.157 0.375 0.527 0.707 0.821 0.940 1.062 1.173 1.196 1.217 1.189 1.208 1.241 1.273 1.296 1.267 1.221 1.141 1.060 0.963 0.836 0.727 0.671 0.657 0.344 
7.750 501.190 0.010 0.059 0.277 0.429 0.604 0.699 0.801 0.903 0.986 0.982 0.982 0.928 0.921 0.936 0.955 0.967 0.931 0.883 0.801 0.720 0.617 0.486 0.377 0.330 0.333 0.173 
7.750 630.960 -0.086 -0.040 0.178 0.330 0.498 0.570 0.652 0.728 0.775 0.738 0.710 0.624 0.585 0.578 0.580 0.577 0.532 0.481 0.397 0.316 0.207 0.069 -0.039 -0.075 -0.050 -0.016 
7.750 794.330 -0.184 -0.139 0.079 0.231 0.391 0.433 0.489 0.532 0.536 0.456 0.394 0.266 0.187 0.152 0.133 0.112 0.056 0.001 -0.086 -0.167 -0.285 -0.431 -0.537 -0.560 -0.507 -0.230 
7.750 1000.000 -0.281 -0.239 -0.021 0.132 0.281 0.286 0.309 0.311 0.259 0.126 0.021 -0.158 -0.289 -0.359 -0.405 -0.448 -0.519 -0.577 -0.669 -0.750 -0.878 -1.034 -1.138 -1.145 -1.057 -0.474 
8.000 1.000 1.024 1.100 1.305 1.450 1.641 1.823 2.001 2.199 2.412 2.535 2.637 2.707 2.825 2.923 3.004 3.066 3.061 3.019 2.945 2.861 2.782 2.678 2.565 2.479 2.401 1.518 
8.000 1.260 1.025 1.100 1.305 1.450 1.641 1.823 2.001 2.198 2.412 2.535 2.637 2.706 2.824 2.922 3.003 3.065 3.060 3.018 2.945 2.861 2.782 2.677 2.564 2.478 2.401 1.518 
8.000 1.580 1.025 1.100 1.305 1.450 1.641 1.822 2.001 2.198 2.412 2.535 2.636 2.706 2.824 2.921 3.002 3.064 3.059 3.017 2.944 2.860 2.781 2.676 2.563 2.478 2.400 1.518 
8.000 2.000 1.025 1.100 1.305 1.450 1.641 1.822 2.000 2.198 2.411 2.534 2.635 2.705 2.823 2.920 3.001 3.063 3.058 3.016 2.943 2.859 2.780 2.675 2.562 2.477 2.399 1.517 
8.000 2.510 1.025 1.099 1.304 1.450 1.641 1.822 2.000 2.197 2.411 2.533 2.635 2.704 2.822 2.919 3.000 3.062 3.057 3.015 2.942 2.857 2.778 2.674 2.561 2.475 2.398 1.517 
8.000 3.160 1.025 1.099 1.304 1.449 1.640 1.822 2.000 2.197 2.410 2.532 2.634 2.703 2.820 2.918 2.999 3.060 3.055 3.013 2.940 2.856 2.777 2.672 2.559 2.473 2.396 1.516 
8.000 3.980 1.025 1.099 1.304 1.449 1.640 1.821 1.999 2.196 2.409 2.531 2.632 2.701 2.818 2.916 2.996 3.058 3.053 3.011 2.938 2.853 2.774 2.669 2.556 2.471 2.394 1.515 
8.000 5.010 1.024 1.098 1.303 1.449 1.639 1.820 1.998 2.195 2.407 2.529 2.630 2.699 2.816 2.913 2.994 3.055 3.050 3.008 2.935 2.850 2.771 2.666 2.553 2.468 2.391 1.514 
8.000 6.310 1.024 1.097 1.302 1.448 1.638 1.819 1.997 2.193 2.405 2.527 2.628 2.696 2.813 2.910 2.990 3.052 3.046 3.004 2.931 2.847 2.767 2.662 2.549 2.464 2.387 1.512 
8.000 7.940 1.023 1.096 1.301 1.446 1.637 1.817 1.995 2.191 2.402 2.524 2.624 2.692 2.808 2.905 2.985 3.047 3.041 2.999 2.925 2.841 2.762 2.657 2.544 2.459 2.382 1.510 
8.000 10.000 1.021 1.094 1.299 1.444 1.635 1.815 1.992 2.187 2.399 2.519 2.619 2.687 2.802 2.899 2.979 3.040 3.034 2.992 2.918 2.834 2.755 2.650 2.537 2.452 2.376 1.506 
8.000 12.590 1.019 1.090 1.295 1.441 1.631 1.811 1.987 2.182 2.393 2.513 2.612 2.679 2.794 2.890 2.970 3.031 3.024 2.983 2.909 2.825 2.745 2.640 2.527 2.442 2.367 1.501 
8.000 15.850 1.014 1.085 1.290 1.435 1.626 1.805 1.981 2.175 2.385 2.504 2.603 2.669 2.783 2.878 2.958 3.018 3.012 2.970 2.896 2.812 2.732 2.627 2.514 2.429 2.354 1.493 
8.000 19.950 1.007 1.077 1.282 1.427 1.617 1.796 1.971 2.165 2.373 2.491 2.589 2.654 2.767 2.862 2.941 3.001 2.994 2.952 2.878 2.794 2.714 2.608 2.496 2.412 2.337 1.482 
8.000 25.120 0.996 1.065 1.270 1.415 1.605 1.782 1.957 2.149 2.356 2.473 2.570 2.634 2.746 2.839 2.917 2.977 2.970 2.928 2.854 2.770 2.689 2.583 2.471 2.387 2.313 1.466 
8.000 31.620 0.979 1.047 1.252 1.397 1.586 1.763 1.936 2.127 2.333 2.448 2.543 2.605 2.715 2.808 2.885 2.944 2.937 2.894 2.820 2.736 2.656 2.549 2.437 2.354 2.281 1.444 
8.000 39.810 0.954 1.021 1.226 1.371 1.560 1.735 1.907 2.096 2.300 2.413 2.506 2.566 2.674 2.766 2.842 2.900 2.892 2.849 2.775 2.691 2.610 2.503 2.391 2.308 2.237 1.412 
8.000 50.120 0.919 0.985 1.190 1.335 1.524 1.697 1.867 2.055 2.255 2.365 2.457 2.514 2.620 2.709 2.784 2.841 2.832 2.790 2.715 2.631 2.550 2.442 2.330 2.248 2.179 1.369 
8.000 63.100 0.874 0.938 1.143 1.288 1.476 1.647 1.815 2.000 2.197 2.304 2.393 2.447 2.549 2.637 2.710 2.765 2.755 2.713 2.638 2.554 2.472 2.364 2.251 2.171 2.104 1.313 
8.000 79.430 0.817 0.880 1.085 1.230 1.417 1.585 1.751 1.932 2.125 2.228 2.313 2.363 2.461 2.546 2.617 2.670 2.660 2.616 2.541 2.457 2.374 2.266 2.153 2.074 2.010 1.243 
8.000 100.000 0.750 0.811 1.016 1.161 1.348 1.511 1.674 1.852 2.038 2.136 2.217 2.262 2.355 2.436 2.504 2.556 2.543 2.500 2.424 2.340 2.256 2.146 2.035 1.957 1.896 1.160 
8.000 125.890 0.674 0.734 0.939 1.084 1.269 1.428 1.586 1.759 1.939 2.029 2.105 2.143 2.230 2.307 2.371 2.420 2.406 2.362 2.286 2.202 2.116 2.005 1.894 1.818 1.762 1.064 
8.000 158.490 0.591 0.649 0.854 0.999 1.182 1.336 1.489 1.655 1.826 1.908 1.977 2.007 2.086 2.157 2.217 2.262 2.246 2.201 2.124 2.040 1.954 1.841 1.730 1.657 1.606 0.957 
8.000 199.530 0.503 0.559 0.764 0.909 1.091 1.236 1.383 1.541 1.701 1.772 1.832 1.853 1.921 1.985 2.040 2.081 2.061 2.016 1.938 1.854 1.765 1.651 1.540 1.470 1.426 0.839 
8.000 251.190 0.412 0.466 0.671 0.816 0.995 1.131 1.270 1.417 1.563 1.621 1.670 1.678 1.733 1.788 1.837 1.872 1.849 1.802 1.724 1.640 1.548 1.431 1.320 1.255 1.220 0.709 
8.000 316.230 0.318 0.370 0.575 0.721 0.896 1.021 1.149 1.283 1.412 1.453 1.488 1.479 1.518 1.563 1.603 1.630 1.603 1.555 1.475 1.391 1.296 1.176 1.066 1.006 0.981 0.568 
8.000 398.110 0.223 0.273 0.478 0.623 0.795 0.905 1.020 1.138 1.244 1.264 1.282 1.253 1.271 1.302 1.331 1.350 1.317 1.267 1.186 1.101 1.003 0.878 0.769 0.715 0.705 0.414 
8.000 501.190 0.127 0.175 0.380 0.525 0.691 0.783 0.881 0.979 1.057 1.050 1.047 0.992 0.984 0.997 1.013 1.021 0.980 0.929 0.845 0.761 0.657 0.527 0.419 0.374 0.381 0.243 
8.000 630.960 0.030 0.076 0.281 0.426 0.586 0.654 0.732 0.803 0.847 0.806 0.775 0.688 0.648 0.639 0.638 0.631 0.582 0.527 0.441 0.357 0.247 0.110 0.004 -0.031 -0.002 0.053 
8.000 794.330 -0.068 -0.023 0.182 0.327 0.478 0.517 0.569 0.607 0.607 0.524 0.459 0.330 0.250 0.213 0.191 0.166 0.105 0.047 -0.042 -0.126 -0.245 -0.389 -0.494 -0.516 -0.459 -0.160 
8.000 1000.000 -0.165 -0.123 0.082 0.227 0.369 0.370 0.389 0.387 0.330 0.194 0.086 -0.094 -0.226 -0.298 -0.347 -0.394 -0.470 -0.531 -0.625 -0.709 -0.838 -0.993 -1.095 -1.101 -1.009 -0.404 
8.250 1.000 1.141 1.216 1.408 1.546 1.728 1.907 2.081 2.274 2.483 2.604 2.702 2.771 2.888 2.983 3.062 3.120 3.110 3.065 2.989 2.903 2.822 2.719 2.607 2.523 2.449 1.588 
8.250 1.260 1.141 1.216 1.408 1.546 1.728 1.907 2.081 2.274 2.483 2.603 2.702 2.770 2.887 2.983 3.061 3.119 3.109 3.064 2.989 2.902 2.822 2.719 2.606 2.522 2.448 1.588 
8.250 1.580 1.141 1.216 1.408 1.546 1.728 1.907 2.081 2.273 2.483 2.603 2.701 2.770 2.887 2.982 3.061 3.118 3.108 3.063 2.988 2.901 2.821 2.718 2.606 2.522 2.448 1.588 
8.250 2.000 1.142 1.216 1.408 1.546 1.728 1.906 2.080 2.273 2.482 2.602 2.700 2.769 2.886 2.981 3.060 3.117 3.107 3.062 2.987 2.900 2.820 2.717 2.605 2.521 2.447 1.587 
8.250 2.510 1.142 1.215 1.407 1.546 1.728 1.906 2.080 2.273 2.482 2.602 2.700 2.768 2.885 2.980 3.058 3.116 3.106 3.061 2.986 2.899 2.819 2.715 2.603 2.519 2.445 1.587 
8.250 3.160 1.142 1.215 1.407 1.545 1.728 1.906 2.080 2.272 2.481 2.601 2.699 2.767 2.883 2.979 3.057 3.114 3.104 3.059 2.984 2.897 2.817 2.713 2.601 2.517 2.444 1.586 
8.250 3.980 1.141 1.215 1.407 1.545 1.727 1.905 2.079 2.271 2.480 2.599 2.697 2.765 2.881 2.977 3.055 3.112 3.102 3.057 2.982 2.895 2.814 2.711 2.599 2.515 2.442 1.585 
8.250 5.010 1.141 1.214 1.406 1.544 1.727 1.904 2.078 2.270 2.479 2.598 2.695 2.763 2.879 2.974 3.052 3.109 3.099 3.054 2.979 2.892 2.811 2.708 2.596 2.512 2.439 1.584 
8.250 6.310 1.141 1.213 1.405 1.544 1.726 1.903 2.077 2.268 2.477 2.595 2.693 2.760 2.876 2.970 3.048 3.105 3.095 3.050 2.975 2.888 2.807 2.704 2.592 2.508 2.435 1.582 
8.250 7.940 1.140 1.212 1.404 1.542 1.724 1.901 2.075 2.266 2.474 2.592 2.689 2.756 2.871 2.966 3.044 3.100 3.090 3.045 2.969 2.883 2.802 2.699 2.587 2.503 2.430 1.579 
8.250 10.000 1.138 1.210 1.402 1.540 1.722 1.899 2.072 2.263 2.470 2.588 2.684 2.751 2.865 2.960 3.037 3.094 3.083 3.038 2.962 2.876 2.795 2.691 2.579 2.496 2.423 1.576 
8.250 12.590 1.135 1.206 1.398 1.537 1.719 1.895 2.067 2.258 2.464 2.581 2.677 2.743 2.857 2.951 3.028 3.084 3.074 3.029 2.953 2.866 2.785 2.682 2.570 2.486 2.414 1.571 
8.250 15.850 1.131 1.201 1.393 1.531 1.713 1.889 2.061 2.251 2.456 2.572 2.668 2.733 2.846 2.939 3.016 3.072 3.061 3.016 2.940 2.853 2.772 2.668 2.556 2.473 2.402 1.563 
8.250 19.950 1.123 1.193 1.385 1.523 1.705 1.880 2.051 2.240 2.444 2.560 2.654 2.718 2.830 2.923 2.999 3.055 3.043 2.998 2.922 2.835 2.754 2.650 2.538 2.456 2.385 1.552 
8.250 25.120 1.112 1.181 1.373 1.511 1.692 1.866 2.037 2.225 2.428 2.542 2.635 2.698 2.809 2.900 2.976 3.031 3.019 2.974 2.898 2.811 2.730 2.625 2.513 2.431 2.361 1.536 
8.250 31.620 1.095 1.163 1.355 1.493 1.674 1.847 2.016 2.203 2.404 2.516 2.608 2.669 2.779 2.869 2.944 2.998 2.986 2.940 2.864 2.777 2.696 2.591 2.479 2.398 2.329 1.513 
8.250 39.810 1.070 1.137 1.329 1.467 1.647 1.819 1.987 2.172 2.371 2.481 2.571 2.630 2.738 2.827 2.900 2.954 2.941 2.895 2.819 2.732 2.650 2.545 2.433 2.352 2.285 1.482 
8.250 50.120 1.036 1.101 1.293 1.431 1.611 1.781 1.947 2.130 2.326 2.434 2.522 2.578 2.683 2.770 2.843 2.895 2.881 2.836 2.759 2.672 2.590 2.484 2.372 2.292 2.227 1.439 
8.250 63.100 0.990 1.054 1.246 1.384 1.564 1.731 1.895 2.076 2.268 2.372 2.458 2.511 2.612 2.698 2.768 2.819 2.805 2.759 2.682 2.595 2.512 2.406 2.294 2.215 2.151 1.383 
8.250 79.430 0.934 0.996 1.188 1.326 1.505 1.669 1.831 2.008 2.196 2.296 2.378 2.427 2.524 2.607 2.675 2.724 2.709 2.662 2.585 2.498 2.414 2.307 2.196 2.118 2.057 1.313 
8.250 100.000 0.866 0.927 1.119 1.257 1.435 1.595 1.754 1.927 2.110 2.204 2.282 2.326 2.418 2.497 2.563 2.609 2.593 2.546 2.468 2.381 2.296 2.188 2.077 2.001 1.944 1.230 
8.250 125.890 0.790 0.850 1.042 1.180 1.356 1.512 1.666 1.834 2.010 2.097 2.170 2.207 2.293 2.367 2.430 2.474 2.455 2.408 2.330 2.243 2.157 2.047 1.936 1.862 1.809 1.134 
8.250 158.490 0.707 0.765 0.957 1.095 1.270 1.420 1.569 1.730 1.897 1.976 2.042 2.071 2.149 2.218 2.276 2.316 2.295 2.247 2.169 2.082 1.994 1.883 1.772 1.701 1.653 1.027 
8.250 199.530 0.620 0.675 0.867 1.005 1.178 1.320 1.463 1.616 1.772 1.841 1.897 1.917 1.984 2.046 2.099 2.134 2.111 2.062 1.982 1.895 1.805 1.692 1.582 1.514 1.474 0.908 
8.250 251.190 0.528 0.582 0.774 0.912 1.082 1.215 1.350 1.492 1.634 1.690 1.735 1.742 1.796 1.849 1.895 1.925 1.898 1.848 1.768 1.681 1.588 1.473 1.363 1.299 1.267 0.779 
8.250 316.230 0.434 0.486 0.678 0.816 0.983 1.105 1.229 1.358 1.483 1.521 1.553 1.543 1.581 1.624 1.661 1.684 1.652 1.601 1.519 1.432 1.336 1.218 1.109 1.050 1.029 0.638 
8.250 398.110 0.339 0.389 0.581 0.719 0.882 0.989 1.099 1.213 1.315 1.332 1.347 1.317 1.334 1.363 1.390 1.403 1.366 1.313 1.230 1.143 1.043 0.920 0.812 0.759 0.753 0.483 
8.250 501.190 0.243 0.291 0.483 0.621 0.779 0.867 0.961 1.054 1.128 1.118 1.112 1.056 1.047 1.058 1.072 1.074 1.030 0.975 0.889 0.802 0.697 0.569 0.462 0.418 0.429 0.313 
8.250 630.960 0.146 0.192 0.384 0.522 0.673 0.738 0.812 0.878 0.918 0.874 0.840 0.752 0.711 0.700 0.696 0.685 0.631 0.573 0.485 0.398 0.287 0.152 0.046 0.013 0.046 0.123 
8.250 794.330 0.048 0.093 0.285 0.423 0.566 0.601 0.649 0.683 0.678 0.592 0.524 0.394 0.313 0.274 0.249 0.220 0.154 0.093 0.002 -0.085 -0.205 -0.347 -0.452 -0.472 -0.411 -0.090 
8.250 1000.000 -0.049 -0.007 0.185 0.323 0.456 0.454 0.469 0.462 0.402 0.262 0.151 -0.030 -0.163 -0.237 -0.288 -0.341 -0.420 -0.485 -0.581 -0.668 -0.798 -0.951 -1.053 -1.057 -0.961 -0.334 
8.500 1.000 1.258 1.332 1.511 1.642 1.816 1.991 2.161 2.349 2.555 2.672 2.767 2.835 2.951 3.044 3.120 3.174 3.159 3.111 3.034 2.944 2.863 2.761 2.650 2.567 2.497 1.658 
8.500 1.260 1.258 1.332 1.511 1.642 1.816 1.991 2.161 2.349 2.554 2.672 2.767 2.834 2.950 3.044 3.120 3.173 3.158 3.110 3.033 2.943 2.862 2.760 2.649 2.566 2.496 1.658 
8.500 1.580 1.258 1.332 1.511 1.642 1.816 1.991 2.161 2.349 2.554 2.671 2.766 2.834 2.950 3.043 3.119 3.172 3.158 3.109 3.032 2.942 2.861 2.760 2.648 2.566 2.495 1.657 
8.500 2.000 1.258 1.332 1.511 1.642 1.816 1.990 2.160 2.348 2.554 2.671 2.765 2.833 2.949 3.042 3.118 3.171 3.157 3.108 3.031 2.941 2.860 2.758 2.647 2.565 2.494 1.657 
8.500 2.510 1.258 1.331 1.510 1.641 1.816 1.990 2.160 2.348 2.553 2.670 2.765 2.832 2.948 3.041 3.117 3.170 3.155 3.107 3.030 2.940 2.859 2.757 2.646 2.563 2.493 1.657 
8.500 3.160 1.258 1.331 1.510 1.641 1.815 1.990 2.160 2.347 2.552 2.669 2.763 2.831 2.946 3.039 3.115 3.168 3.154 3.105 3.028 2.938 2.857 2.755 2.644 2.561 2.491 1.656 
8.500 3.980 1.258 1.331 1.510 1.641 1.815 1.989 2.159 2.347 2.551 2.668 2.762 2.829 2.944 3.037 3.113 3.166 3.151 3.103 3.026 2.936 2.855 2.753 2.641 2.559 2.489 1.655 
8.500 5.010 1.258 1.330 1.509 1.640 1.814 1.988 2.158 2.345 2.550 2.666 2.760 2.827 2.942 3.035 3.110 3.163 3.148 3.100 3.023 2.933 2.852 2.750 2.638 2.556 2.486 1.654 
8.500 6.310 1.257 1.329 1.508 1.639 1.813 1.987 2.156 2.344 2.548 2.664 2.758 2.824 2.939 3.031 3.107 3.159 3.144 3.096 3.019 2.929 2.848 2.746 2.634 2.552 2.483 1.652 
8.500 7.940 1.256 1.328 1.507 1.638 1.812 1.985 2.154 2.341 2.545 2.660 2.754 2.820 2.934 3.027 3.102 3.154 3.139 3.091 3.014 2.924 2.842 2.740 2.629 2.547 2.478 1.649 
8.500 10.000 1.255 1.326 1.505 1.636 1.810 1.983 2.151 2.338 2.541 2.656 2.749 2.815 2.928 3.020 3.095 3.147 3.132 3.084 3.007 2.917 2.835 2.733 2.622 2.540 2.471 1.646 
8.500 12.590 1.252 1.322 1.501 1.632 1.806 1.979 2.147 2.333 2.535 2.650 2.742 2.807 2.920 3.012 3.086 3.138 3.123 3.075 2.997 2.907 2.825 2.723 2.612 2.530 2.462 1.640 
8.500 15.850 1.247 1.317 1.496 1.627 1.801 1.973 2.141 2.326 2.527 2.641 2.733 2.797 2.909 3.000 3.074 3.126 3.110 3.062 2.984 2.894 2.812 2.710 2.599 2.517 2.450 1.633 
8.500 19.950 1.240 1.309 1.488 1.619 1.792 1.964 2.131 2.315 2.516 2.628 2.719 2.782 2.893 2.984 3.057 3.108 3.093 3.044 2.966 2.877 2.794 2.692 2.581 2.500 2.432 1.622 
8.500 25.120 1.229 1.297 1.476 1.607 1.780 1.950 2.116 2.300 2.499 2.610 2.700 2.762 2.872 2.961 3.034 3.084 3.068 3.020 2.942 2.852 2.770 2.667 2.556 2.475 2.409 1.606 
8.500 31.620 1.211 1.279 1.458 1.589 1.761 1.931 2.096 2.278 2.475 2.584 2.673 2.733 2.842 2.930 3.002 3.052 3.035 2.986 2.908 2.819 2.736 2.633 2.522 2.442 2.376 1.583 
8.500 39.810 1.187 1.253 1.432 1.563 1.735 1.903 2.067 2.247 2.442 2.549 2.636 2.694 2.801 2.888 2.958 3.007 2.990 2.941 2.863 2.773 2.690 2.587 2.476 2.396 2.333 1.552 
8.500 50.120 1.152 1.217 1.396 1.527 1.699 1.865 2.027 2.205 2.398 2.502 2.587 2.642 2.746 2.831 2.901 2.949 2.931 2.882 2.803 2.714 2.630 2.526 2.415 2.336 2.274 1.509 
8.500 63.100 1.107 1.170 1.349 1.480 1.651 1.815 1.975 2.151 2.340 2.441 2.523 2.575 2.675 2.758 2.826 2.873 2.854 2.805 2.726 2.636 2.552 2.447 2.336 2.259 2.199 1.453 
8.500 79.430 1.050 1.112 1.291 1.422 1.592 1.753 1.910 2.083 2.267 2.364 2.443 2.491 2.587 2.668 2.733 2.778 2.758 2.708 2.629 2.540 2.455 2.349 2.238 2.162 2.105 1.383 
8.500 100.000 0.983 1.043 1.222 1.353 1.522 1.679 1.834 2.002 2.181 2.272 2.347 2.390 2.481 2.558 2.621 2.663 2.642 2.592 2.512 2.423 2.336 2.230 2.120 2.045 1.991 1.300 
8.500 125.890 0.907 0.966 1.145 1.276 1.443 1.596 1.746 1.909 2.081 2.166 2.235 2.271 2.356 2.428 2.488 2.528 2.504 2.454 2.374 2.284 2.197 2.089 1.979 1.906 1.857 1.204 
8.500 158.490 0.824 0.881 1.060 1.191 1.357 1.504 1.649 1.805 1.968 2.045 2.107 2.135 2.212 2.278 2.334 2.370 2.344 2.293 2.213 2.123 2.034 1.924 1.815 1.745 1.701 1.097 
8.500 199.530 0.736 0.791 0.970 1.101 1.265 1.405 1.543 1.692 1.843 1.909 1.962 1.981 2.047 2.107 2.157 2.188 2.160 2.108 2.026 1.937 1.846 1.734 1.625 1.558 1.521 0.978 
8.500 251.190 0.644 0.698 0.877 1.008 1.170 1.299 1.429 1.568 1.706 1.758 1.800 1.806 1.859 1.910 1.954 1.979 1.947 1.894 1.812 1.722 1.628 1.514 1.405 1.343 1.315 0.849 
8.500 316.230 0.550 0.602 0.781 0.912 1.071 1.189 1.308 1.434 1.554 1.589 1.618 1.607 1.644 1.684 1.719 1.738 1.701 1.647 1.563 1.474 1.377 1.259 1.151 1.094 1.077 0.708 
8.500 398.110 0.455 0.505 0.684 0.815 0.969 1.073 1.179 1.288 1.387 1.400 1.412 1.381 1.397 1.423 1.448 1.457 1.415 1.359 1.274 1.184 1.083 0.961 0.854 0.803 0.800 0.553 
8.500 501.190 0.359 0.407 0.586 0.717 0.866 0.951 1.041 1.129 1.200 1.187 1.177 1.120 1.111 1.119 1.130 1.128 1.079 1.021 0.933 0.844 0.737 0.611 0.504 0.462 0.476 0.383 
8.500 630.960 0.262 0.308 0.487 0.618 0.761 0.822 0.891 0.954 0.989 0.943 0.905 0.816 0.774 0.761 0.755 0.739 0.680 0.619 0.529 0.440 0.327 0.194 0.089 0.057 0.093 0.193 
8.500 794.330 0.164 0.209 0.388 0.519 0.653 0.685 0.728 0.758 0.749 0.660 0.589 0.458 0.376 0.335 0.307 0.273 0.203 0.139 0.046 -0.044 -0.164 -0.306 -0.409 -0.428 -0.364 -0.020 
8.500 1000.000 0.067 0.109 0.288 0.419 0.543 0.538 0.549 0.537 0.473 0.330 0.216 0.034 -0.100 -0.176 -0.230 -0.287 -0.371 -0.439 -0.537 -0.626 -0.758 -0.909 -1.010 -1.013 -0.914 -0.264 
8.750 1.000 1.375 1.448 1.614 1.738 1.903 2.075 2.241 2.425 2.626 2.740 2.832 2.899 3.014 3.105 3.179 3.227 3.208 3.157 3.078 2.985 2.903 2.803 2.692 2.611 2.544 1.728 
8.750 1.260 1.375 1.448 1.614 1.738 1.903 2.075 2.241 2.424 2.626 2.740 2.832 2.898 3.013 3.105 3.178 3.227 3.208 3.156 3.077 2.984 2.902 2.802 2.691 2.610 2.544 1.728 
8.750 1.580 1.375 1.448 1.614 1.738 1.903 2.075 2.241 2.424 2.625 2.739 2.831 2.898 3.013 3.104 3.177 3.226 3.207 3.155 3.076 2.984 2.901 2.801 2.691 2.610 2.543 1.727 
8.750 2.000 1.375 1.448 1.614 1.737 1.903 2.074 2.240 2.424 2.625 2.739 2.830 2.897 3.012 3.103 3.176 3.225 3.206 3.154 3.075 2.983 2.900 2.800 2.690 2.608 2.542 1.727 
8.750 2.510 1.375 1.447 1.613 1.737 1.903 2.074 2.240 2.423 2.624 2.738 2.830 2.896 3.011 3.102 3.175 3.224 3.205 3.153 3.074 2.981 2.899 2.799 2.688 2.607 2.541 1.726 
8.750 3.160 1.375 1.447 1.613 1.737 1.903 2.074 2.239 2.423 2.624 2.737 2.828 2.895 3.009 3.100 3.173 3.222 3.203 3.151 3.072 2.979 2.897 2.797 2.686 2.605 2.539 1.726 
8.750 3.980 1.375 1.447 1.613 1.737 1.902 2.073 2.239 2.422 2.623 2.736 2.827 2.893 3.007 3.098 3.171 3.220 3.201 3.149 3.070 2.977 2.895 2.795 2.684 2.603 2.537 1.725 
8.750 5.010 1.375 1.446 1.612 1.736 1.902 2.072 2.238 2.421 2.621 2.734 2.825 2.891 3.005 3.096 3.169 3.217 3.198 3.146 3.067 2.974 2.892 2.791 2.681 2.600 2.534 1.724 
8.750 6.310 1.374 1.445 1.611 1.735 1.901 2.071 2.236 2.419 2.619 2.732 2.822 2.888 3.002 3.092 3.165 3.213 3.194 3.142 3.063 2.970 2.888 2.787 2.677 2.596 2.530 1.722 
8.750 7.940 1.373 1.444 1.610 1.734 1.899 2.069 2.234 2.417 2.616 2.729 2.819 2.884 2.997 3.088 3.160 3.208 3.189 3.137 3.058 2.965 2.882 2.782 2.672 2.591 2.525 1.719 
8.750 10.000 1.371 1.442 1.608 1.732 1.897 2.067 2.231 2.413 2.612 2.724 2.814 2.879 2.991 3.081 3.154 3.201 3.182 3.130 3.051 2.958 2.875 2.775 2.664 2.584 2.519 1.716 
8.750 12.590 1.369 1.439 1.604 1.728 1.893 2.063 2.227 2.408 2.607 2.718 2.807 2.871 2.983 3.073 3.145 3.192 3.172 3.121 3.041 2.949 2.866 2.765 2.655 2.574 2.510 1.710 
8.750 15.850 1.364 1.433 1.599 1.723 1.888 2.057 2.220 2.401 2.599 2.709 2.798 2.861 2.972 3.061 3.132 3.180 3.159 3.108 3.028 2.936 2.852 2.752 2.641 2.561 2.497 1.703 
8.750 19.950 1.356 1.425 1.591 1.715 1.880 2.048 2.211 2.391 2.587 2.696 2.784 2.846 2.956 3.045 3.115 3.162 3.142 3.090 3.010 2.918 2.834 2.734 2.623 2.544 2.480 1.692 
8.750 25.120 1.345 1.413 1.579 1.703 1.867 2.034 2.196 2.375 2.570 2.678 2.765 2.826 2.935 3.022 3.092 3.138 3.118 3.066 2.986 2.893 2.810 2.709 2.598 2.519 2.457 1.676 
8.750 31.620 1.328 1.395 1.561 1.684 1.849 2.015 2.176 2.353 2.546 2.653 2.738 2.797 2.905 2.991 3.060 3.106 3.084 3.032 2.953 2.860 2.776 2.675 2.564 2.486 2.424 1.653 
8.750 39.810 1.303 1.369 1.535 1.658 1.822 1.987 2.147 2.323 2.513 2.617 2.701 2.758 2.864 2.948 3.017 3.061 3.040 2.987 2.907 2.815 2.730 2.629 2.518 2.440 2.380 1.621 
8.750 50.120 1.268 1.333 1.499 1.623 1.786 1.949 2.107 2.281 2.469 2.570 2.652 2.706 2.809 2.892 2.959 3.002 2.980 2.928 2.847 2.755 2.670 2.568 2.457 2.380 2.322 1.579 
8.750 63.100 1.223 1.286 1.452 1.576 1.739 1.899 2.055 2.226 2.411 2.509 2.588 2.639 2.739 2.819 2.885 2.927 2.903 2.851 2.770 2.678 2.592 2.489 2.379 2.303 2.247 1.523 
8.750 79.430 1.166 1.228 1.394 1.518 1.680 1.837 1.990 2.159 2.339 2.432 2.508 2.555 2.650 2.728 2.792 2.832 2.807 2.754 2.674 2.581 2.495 2.391 2.281 2.206 2.153 1.453 
8.750 100.000 1.099 1.159 1.325 1.449 1.610 1.763 1.914 2.078 2.252 2.341 2.412 2.454 2.544 2.619 2.679 2.717 2.691 2.638 2.556 2.464 2.377 2.272 2.162 2.089 2.039 1.370 
8.750 125.890 1.023 1.082 1.247 1.371 1.531 1.680 1.826 1.985 2.152 2.234 2.300 2.335 2.419 2.489 2.546 2.581 2.554 2.500 2.418 2.325 2.237 2.131 2.021 1.950 1.905 1.274 
8.750 158.490 0.940 0.997 1.163 1.287 1.445 1.588 1.729 1.881 2.040 2.113 2.172 2.199 2.275 2.339 2.392 2.424 2.394 2.339 2.257 2.164 2.074 1.966 1.857 1.788 1.749 1.167 
8.750 199.530 0.852 0.907 1.073 1.197 1.353 1.489 1.623 1.767 1.915 1.977 2.027 2.045 2.110 2.168 2.215 2.242 2.209 2.154 2.071 1.978 1.886 1.776 1.667 1.602 1.569 1.048 
8.750 251.190 0.760 0.814 0.980 1.104 1.257 1.383 1.509 1.643 1.777 1.826 1.865 1.870 1.922 1.971 2.012 2.033 1.997 1.940 1.856 1.763 1.668 1.556 1.448 1.387 1.363 0.919 
8.750 316.230 0.666 0.718 0.884 1.008 1.158 1.273 1.388 1.509 1.625 1.658 1.683 1.671 1.707 1.745 1.778 1.792 1.751 1.693 1.607 1.515 1.417 1.301 1.194 1.138 1.125 0.778 
8.750 398.110 0.571 0.621 0.787 0.911 1.057 1.157 1.259 1.364 1.458 1.469 1.477 1.445 1.460 1.484 1.506 1.511 1.464 1.405 1.318 1.225 1.123 1.003 0.897 0.847 0.848 0.623 
8.750 501.190 0.475 0.523 0.689 0.813 0.953 1.035 1.121 1.205 1.271 1.255 1.242 1.184 1.174 1.180 1.188 1.182 1.128 1.067 0.977 0.885 0.777 0.652 0.547 0.506 0.524 0.453 
8.750 630.960 0.378 0.424 0.590 0.714 0.848 0.906 0.971 1.029 1.060 1.011 0.970 0.880 0.837 0.822 0.813 0.793 0.729 0.665 0.574 0.481 0.367 0.236 0.131 0.101 0.141 0.263 
8.750 794.330 0.280 0.325 0.491 0.615 0.741 0.769 0.808 0.834 0.821 0.729 0.654 0.522 0.439 0.395 0.366 0.327 0.253 0.185 0.090 -0.002 -0.124 -0.264 -0.367 -0.384 -0.316 0.049 
8.750 1000.000 0.183 0.225 0.391 0.515 0.631 0.622 0.629 0.613 0.544 0.399 0.281 0.098 -0.037 -0.115 -0.172 -0.233 -0.322 -0.393 -0.493 -0.585 -0.717 -0.867 -0.968 -0.969 -0.866 -0.194 
9.000 1.000 1.492 1.564 1.717 1.834 1.991 2.159 2.321 2.500 2.697 2.808 2.897 2.963 3.077 3.166 3.237 3.281 3.258 3.203 3.122 3.026 2.943 2.844 2.735 2.655 2.592 1.798 
9.000 1.260 1.492 1.564 1.717 1.833 1.991 2.159 2.321 2.500 2.697 2.808 2.896 2.962 3.076 3.165 3.236 3.281 3.257 3.202 3.121 3.026 2.942 2.844 2.734 2.654 2.591 1.797 
9.000 1.580 1.492 1.564 1.717 1.833 1.991 2.159 2.320 2.500 2.697 2.808 2.896 2.962 3.076 3.165 3.235 3.280 3.256 3.201 3.120 3.025 2.941 2.843 2.733 2.654 2.591 1.797 
9.000 2.000 1.492 1.564 1.717 1.833 1.991 2.158 2.320 2.499 2.696 2.807 2.895 2.961 3.075 3.164 3.235 3.279 3.255 3.200 3.119 3.024 2.940 2.842 2.732 2.652 2.590 1.797 
9.000 2.510 1.492 1.564 1.716 1.833 1.990 2.158 2.320 2.499 2.696 2.806 2.895 2.960 3.074 3.163 3.233 3.278 3.254 3.199 3.118 3.022 2.939 2.840 2.731 2.651 2.588 1.796 
9.000 3.160 1.492 1.563 1.716 1.833 1.990 2.158 2.319 2.498 2.695 2.805 2.893 2.959 3.072 3.161 3.232 3.276 3.252 3.197 3.116 3.021 2.937 2.839 2.729 2.649 2.587 1.796 
9.000 3.980 1.492 1.563 1.716 1.833 1.990 2.157 2.319 2.497 2.694 2.804 2.892 2.957 3.071 3.159 3.230 3.274 3.250 3.195 3.114 3.018 2.935 2.836 2.726 2.647 2.585 1.795 
9.000 5.010 1.491 1.562 1.715 1.832 1.989 2.156 2.318 2.496 2.692 2.802 2.890 2.955 3.068 3.157 3.227 3.271 3.247 3.192 3.111 3.015 2.932 2.833 2.723 2.644 2.582 1.793 
9.000 6.310 1.491 1.562 1.714 1.831 1.988 2.155 2.316 2.495 2.690 2.800 2.887 2.952 3.065 3.153 3.223 3.267 3.243 3.188 3.107 3.012 2.928 2.829 2.719 2.640 2.578 1.792 
9.000 7.940 1.490 1.560 1.713 1.830 1.987 2.154 2.314 2.492 2.688 2.797 2.884 2.948 3.060 3.148 3.218 3.262 3.238 3.183 3.102 3.006 2.922 2.824 2.714 2.635 2.573 1.789 
9.000 10.000 1.488 1.558 1.711 1.828 1.984 2.151 2.311 2.489 2.684 2.792 2.879 2.943 3.055 3.142 3.212 3.255 3.231 3.176 3.095 2.999 2.915 2.817 2.707 2.628 2.566 1.785 
9.000 12.590 1.485 1.555 1.707 1.824 1.981 2.147 2.307 2.484 2.678 2.786 2.872 2.935 3.046 3.134 3.203 3.246 3.221 3.167 3.085 2.990 2.906 2.807 2.697 2.618 2.557 1.780 
9.000 15.850 1.480 1.549 1.702 1.819 1.975 2.141 2.300 2.477 2.670 2.777 2.863 2.925 3.035 3.122 3.191 3.233 3.209 3.154 3.072 2.977 2.893 2.794 2.684 2.605 2.545 1.773 
9.000 19.950 1.473 1.541 1.694 1.811 1.967 2.132 2.291 2.466 2.658 2.764 2.849 2.910 3.019 3.105 3.174 3.216 3.191 3.136 3.054 2.959 2.875 2.775 2.666 2.588 2.528 1.762 
9.000 25.120 1.462 1.529 1.682 1.799 1.955 2.118 2.276 2.451 2.642 2.746 2.830 2.890 2.998 3.083 3.150 3.192 3.167 3.112 3.030 2.935 2.850 2.750 2.641 2.563 2.504 1.746 
9.000 31.620 1.444 1.511 1.664 1.780 1.936 2.099 2.256 2.429 2.618 2.721 2.803 2.861 2.968 3.052 3.118 3.159 3.134 3.078 2.997 2.901 2.816 2.716 2.607 2.530 2.472 1.723 
9.000 39.810 1.419 1.485 1.638 1.754 1.910 2.071 2.226 2.398 2.585 2.686 2.766 2.822 2.927 3.009 3.075 3.115 3.089 3.033 2.951 2.856 2.770 2.670 2.561 2.484 2.428 1.691 
9.000 50.120 1.385 1.449 1.602 1.719 1.873 2.033 2.187 2.356 2.540 2.638 2.717 2.770 2.872 2.953 3.017 3.056 3.029 2.973 2.891 2.796 2.710 2.609 2.500 2.424 2.370 1.648 
9.000 63.100 1.339 1.402 1.555 1.672 1.826 1.983 2.135 2.302 2.482 2.577 2.653 2.703 2.802 2.880 2.943 2.980 2.952 2.896 2.814 2.719 2.632 2.531 2.421 2.347 2.294 1.593 
9.000 79.430 1.282 1.344 1.497 1.614 1.767 1.921 2.070 2.234 2.410 2.501 2.573 2.619 2.714 2.789 2.850 2.886 2.857 2.800 2.718 2.622 2.535 2.433 2.323 2.250 2.201 1.523 
9.000 100.000 1.215 1.275 1.428 1.545 1.697 1.847 1.994 2.153 2.324 2.409 2.477 2.518 2.607 2.679 2.737 2.771 2.740 2.684 2.601 2.505 2.417 2.313 2.205 2.133 2.087 1.440 
9.000 125.890 1.139 1.198 1.350 1.467 1.618 1.764 1.906 2.060 2.224 2.302 2.365 2.399 2.482 2.550 2.605 2.635 2.603 2.546 2.462 2.367 2.277 2.172 2.064 1.994 1.952 1.344 
9.000 158.490 1.056 1.113 1.266 1.383 1.532 1.672 1.808 1.956 2.111 2.181 2.237 2.263 2.338 2.400 2.451 2.478 2.443 2.385 2.301 2.205 2.114 2.008 1.900 1.832 1.796 1.237 
9.000 199.530 0.968 1.023 1.176 1.293 1.440 1.573 1.703 1.842 1.986 2.045 2.092 2.109 2.173 2.228 2.273 2.296 2.258 2.200 2.115 2.019 1.926 1.818 1.710 1.646 1.617 1.118 
9.000 251.190 0.876 0.930 1.083 1.200 1.344 1.467 1.589 1.719 1.848 1.894 1.930 1.934 1.985 2.032 2.070 2.087 2.046 1.986 1.900 1.805 1.708 1.598 1.490 1.431 1.410 0.989 
9.000 316.230 0.783 0.834 0.987 1.104 1.246 1.357 1.468 1.585 1.697 1.726 1.748 1.735 1.771 1.806 1.836 1.846 1.800 1.739 1.651 1.556 1.457 1.343 1.236 1.182 1.172 0.848 
9.000 398.110 0.687 0.737 0.890 1.007 1.144 1.241 1.339 1.439 1.529 1.537 1.542 1.509 1.523 1.545 1.564 1.565 1.514 1.451 1.362 1.266 1.163 1.045 0.939 0.891 0.896 0.693 
9.000 501.190 0.591 0.639 0.792 0.909 1.041 1.119 1.201 1.280 1.342 1.323 1.307 1.248 1.237 1.241 1.247 1.236 1.177 1.113 1.021 0.926 0.817 0.694 0.589 0.550 0.572 0.523 
9.000 630.960 0.494 0.540 0.693 0.810 0.936 0.990 1.051 1.105 1.132 1.079 1.035 0.944 0.900 0.882 0.871 0.846 0.779 0.711 0.618 0.522 0.407 0.277 0.174 0.145 0.189 0.333 
9.000 794.330 0.396 0.441 0.594 0.711 0.828 0.853 0.888 0.909 0.892 0.797 0.719 0.586 0.502 0.456 0.424 0.381 0.302 0.231 0.134 0.039 -0.084 -0.222 -0.324 -0.340 -0.268 0.119 
9.000 1000.000 0.299 0.341 0.494 0.611 0.718 0.706 0.709 0.688 0.616 0.467 0.346 0.162 0.026 -0.055 -0.114 -0.179 -0.273 -0.347 -0.448 -0.544 -0.677 -0.826 -0.925 -0.925 -0.818 -0.124 
9.250 1.000 1.609 1.680 1.820 1.929 2.078 2.243 2.401 2.575 2.769 2.877 2.962 3.027 3.140 3.227 3.295 3.335 3.307 3.249 3.166 3.068 2.983 2.886 2.777 2.699 2.640 1.868 
9.250 1.260 1.609 1.680 1.820 1.929 2.078 2.243 2.401 2.575 2.768 2.876 2.961 3.027 3.139 3.226 3.295 3.334 3.306 3.248 3.165 3.067 2.982 2.886 2.776 2.698 2.639 1.867 
9.250 1.580 1.609 1.680 1.820 1.929 2.078 2.243 2.400 2.575 2.768 2.876 2.961 3.026 3.139 3.226 3.294 3.334 3.305 3.247 3.164 3.066 2.981 2.885 2.776 2.698 2.638 1.867 
9.250 2.000 1.609 1.680 1.819 1.929 2.078 2.242 2.400 2.575 2.767 2.875 2.960 3.025 3.138 3.225 3.293 3.333 3.304 3.246 3.163 3.065 2.980 2.884 2.775 2.696 2.637 1.867 
9.250 2.510 1.609 1.680 1.819 1.929 2.078 2.242 2.400 2.574 2.767 2.875 2.960 3.024 3.137 3.224 3.292 3.331 3.303 3.245 3.162 3.064 2.979 2.882 2.773 2.695 2.636 1.866 
9.250 3.160 1.609 1.679 1.819 1.929 2.078 2.242 2.399 2.574 2.766 2.874 2.958 3.023 3.135 3.222 3.290 3.330 3.301 3.243 3.160 3.062 2.977 2.880 2.771 2.693 2.635 1.865 
9.250 3.980 1.609 1.679 1.819 1.929 2.077 2.241 2.399 2.573 2.765 2.872 2.957 3.021 3.134 3.220 3.288 3.328 3.299 3.241 3.158 3.060 2.975 2.878 2.769 2.691 2.632 1.865 
9.250 5.010 1.608 1.678 1.818 1.928 2.077 2.240 2.398 2.572 2.764 2.871 2.955 3.019 3.131 3.217 3.285 3.325 3.296 3.238 3.155 3.057 2.972 2.875 2.766 2.688 2.630 1.863 
9.250 6.310 1.608 1.678 1.817 1.927 2.076 2.239 2.396 2.570 2.762 2.868 2.952 3.016 3.128 3.214 3.281 3.321 3.292 3.234 3.151 3.053 2.968 2.871 2.762 2.684 2.626 1.861 
9.250 7.940 1.607 1.676 1.816 1.926 2.074 2.238 2.394 2.568 2.759 2.865 2.949 3.012 3.123 3.209 3.277 3.316 3.287 3.229 3.146 3.048 2.963 2.865 2.757 2.679 2.621 1.859 
9.250 10.000 1.605 1.674 1.814 1.924 2.072 2.235 2.391 2.564 2.755 2.861 2.944 3.007 3.118 3.203 3.270 3.309 3.280 3.222 3.139 3.041 2.955 2.858 2.749 2.672 2.614 1.855 
9.250 12.590 1.602 1.671 1.810 1.920 2.068 2.231 2.387 2.559 2.749 2.854 2.937 2.999 3.109 3.194 3.261 3.300 3.271 3.212 3.129 3.031 2.946 2.849 2.740 2.662 2.605 1.850 
9.250 15.850 1.597 1.665 1.805 1.915 2.063 2.225 2.380 2.552 2.741 2.845 2.927 2.989 3.098 3.183 3.249 3.287 3.258 3.200 3.116 3.018 2.933 2.835 2.726 2.649 2.593 1.843 
9.250 19.950 1.590 1.657 1.797 1.907 2.055 2.216 2.371 2.541 2.730 2.833 2.914 2.974 3.083 3.166 3.232 3.270 3.240 3.182 3.099 3.000 2.915 2.817 2.708 2.632 2.576 1.832 
9.250 25.120 1.578 1.645 1.785 1.894 2.042 2.202 2.356 2.526 2.713 2.815 2.895 2.954 3.061 3.144 3.209 3.246 3.216 3.158 3.074 2.976 2.890 2.792 2.683 2.607 2.552 1.816 
9.250 31.620 1.561 1.627 1.766 1.876 2.023 2.183 2.336 2.504 2.689 2.789 2.868 2.925 3.031 3.113 3.177 3.213 3.183 3.124 3.041 2.942 2.856 2.758 2.649 2.574 2.520 1.793 
9.250 39.810 1.536 1.601 1.741 1.850 1.997 2.155 2.306 2.473 2.656 2.754 2.831 2.886 2.990 3.070 3.133 3.169 3.138 3.079 2.995 2.897 2.811 2.712 2.603 2.528 2.476 1.761 
9.250 50.120 1.501 1.565 1.705 1.815 1.961 2.117 2.267 2.432 2.611 2.707 2.782 2.834 2.935 3.014 3.076 3.110 3.078 3.019 2.935 2.837 2.750 2.651 2.542 2.468 2.417 1.718 
9.250 63.100 1.456 1.518 1.658 1.768 1.913 2.067 2.215 2.377 2.553 2.645 2.718 2.767 2.865 2.941 3.001 3.034 3.002 2.942 2.858 2.760 2.672 2.572 2.464 2.391 2.342 1.662 
9.250 79.430 1.399 1.460 1.600 1.710 1.854 2.005 2.150 2.309 2.481 2.569 2.638 2.683 2.777 2.850 2.908 2.940 2.906 2.846 2.762 2.663 2.575 2.474 2.366 2.294 2.248 1.593 
9.250 100.000 1.331 1.391 1.531 1.641 1.785 1.932 2.074 2.228 2.395 2.477 2.542 2.582 2.670 2.740 2.796 2.825 2.790 2.730 2.645 2.546 2.457 2.355 2.247 2.177 2.134 1.510 
9.250 125.890 1.255 1.314 1.453 1.563 1.706 1.848 1.986 2.135 2.295 2.370 2.429 2.463 2.545 2.611 2.663 2.689 2.652 2.592 2.506 2.408 2.317 2.214 2.106 2.038 2.000 1.414 
9.250 158.490 1.172 1.229 1.369 1.479 1.619 1.756 1.888 2.032 2.182 2.249 2.302 2.327 2.401 2.461 2.509 2.531 2.492 2.431 2.345 2.247 2.154 2.049 1.942 1.876 1.844 1.306 
9.250 199.530 1.084 1.139 1.279 1.389 1.528 1.657 1.783 1.918 2.057 2.114 2.157 2.173 2.236 2.289 2.332 2.350 2.308 2.246 2.159 2.060 1.966 1.859 1.752 1.690 1.664 1.188 
9.250 251.190 0.993 1.046 1.186 1.296 1.432 1.551 1.669 1.794 1.920 1.963 1.995 1.998 2.048 2.093 2.128 2.141 2.095 2.032 1.944 1.846 1.749 1.639 1.533 1.475 1.458 1.059 
9.250 316.230 0.899 0.950 1.090 1.200 1.333 1.441 1.548 1.660 1.768 1.794 1.813 1.799 1.834 1.867 1.894 1.900 1.849 1.785 1.696 1.597 1.497 1.384 1.279 1.226 1.220 0.917 
9.250 398.110 0.803 0.853 0.993 1.103 1.232 1.325 1.419 1.514 1.600 1.605 1.607 1.573 1.587 1.606 1.623 1.619 1.563 1.497 1.406 1.308 1.203 1.087 0.982 0.935 0.943 0.763 
9.250 501.190 0.707 0.755 0.895 1.005 1.128 1.203 1.281 1.355 1.413 1.391 1.372 1.312 1.300 1.302 1.305 1.290 1.227 1.158 1.065 0.967 0.858 0.736 0.632 0.594 0.620 0.593 
9.250 630.960 0.610 0.656 0.796 0.906 1.023 1.074 1.131 1.180 1.203 1.147 1.100 1.008 0.963 0.943 0.930 0.900 0.828 0.757 0.662 0.563 0.447 0.319 0.216 0.189 0.236 0.403 
9.250 794.330 0.513 0.557 0.697 0.806 0.916 0.937 0.968 0.984 0.963 0.865 0.784 0.650 0.565 0.517 0.482 0.435 0.351 0.277 0.178 0.080 -0.044 -0.180 -0.282 -0.296 -0.221 0.189 
9.250 1000.000 0.415 0.457 0.597 0.707 0.806 0.791 0.788 0.763 0.687 0.535 0.411 0.226 0.089 0.006 -0.055 -0.125 -0.223 -0.301 -0.404 -0.503 -0.637 -0.784 -0.883 -0.881 -0.771 -0.054 
