ZhaoEtAl2006SSlabCascadia_CanadaSHM6-trial modified from OpenQuake implementation, distance is rrup. Log10 ground motion values in cgs units, PGV and Sa(T<0.1s) not valid
          14 31 23 : nmag, ndist, nperiod
          10.000 5.000 4.000 3.000 2.500 2.000 1.500 1.250 1.000 0.900 0.800 0.700 0.600 0.500 0.400 0.300 0.250 0.200 0.150 0.100 0.050 PGA PGV 
          0.708 0.708 0.705 0.721 0.732 0.733 0.721 0.716 0.717 0.714 0.713 0.714 0.712 0.707 0.715 0.728 0.743 0.764 0.794 0.811 0.743 0.684 0.000 
4.750 1.000 0.273 0.828 1.106 1.567 1.650 1.958 2.410 2.704 2.916 3.054 3.200 3.367 3.477 3.537 3.565 3.470 3.350 3.384 3.539 3.450 3.489 3.293 0.000 
4.750 1.260 0.204 0.757 1.023 1.468 1.555 1.858 2.296 2.580 2.792 2.928 3.072 3.237 3.351 3.421 3.460 3.378 3.269 3.303 3.452 3.365 3.383 3.185 0.000 
4.750 1.580 0.130 0.681 0.934 1.364 1.455 1.754 2.178 2.453 2.662 2.797 2.939 3.103 3.220 3.299 3.349 3.279 3.181 3.216 3.359 3.274 3.272 3.071 0.000 
4.750 2.000 0.052 0.599 0.842 1.256 1.351 1.647 2.056 2.322 2.529 2.662 2.802 2.965 3.085 3.171 3.233 3.175 3.088 3.123 3.260 3.177 3.155 2.952 0.000 
4.750 2.510 -0.031 0.512 0.744 1.145 1.244 1.536 1.931 2.188 2.393 2.524 2.662 2.824 2.946 3.040 3.111 3.065 2.988 3.025 3.155 3.074 3.033 2.827 0.000 
4.750 3.160 -0.117 0.422 0.644 1.032 1.135 1.422 1.804 2.051 2.254 2.383 2.520 2.679 2.804 2.904 2.985 2.949 2.884 2.920 3.045 2.966 2.905 2.698 0.000 
4.750 3.980 -0.207 0.327 0.540 0.915 1.022 1.306 1.675 1.912 2.113 2.240 2.375 2.532 2.658 2.764 2.854 2.829 2.773 2.810 2.929 2.851 2.772 2.564 0.000 
4.750 5.010 -0.299 0.229 0.434 0.797 0.908 1.188 1.543 1.772 1.969 2.095 2.228 2.382 2.510 2.621 2.719 2.704 2.658 2.695 2.807 2.731 2.634 2.425 0.000 
4.750 6.310 -0.393 0.128 0.325 0.677 0.792 1.069 1.410 1.629 1.823 1.948 2.079 2.231 2.359 2.475 2.580 2.574 2.539 2.575 2.681 2.606 2.492 2.284 0.000 
4.750 7.940 -0.489 0.024 0.214 0.555 0.674 0.947 1.275 1.485 1.676 1.799 1.928 2.077 2.207 2.327 2.438 2.441 2.415 2.450 2.550 2.477 2.347 2.138 0.000 
4.750 10.000 -0.587 -0.082 0.101 0.432 0.554 0.825 1.139 1.340 1.528 1.649 1.776 1.922 2.052 2.176 2.294 2.304 2.287 2.321 2.415 2.342 2.197 1.990 0.000 
4.750 12.590 -0.686 -0.190 -0.013 0.307 0.434 0.701 1.002 1.194 1.378 1.498 1.623 1.766 1.896 2.022 2.146 2.163 2.155 2.188 2.275 2.204 2.044 1.839 0.000 
4.750 15.850 -0.786 -0.300 -0.129 0.182 0.312 0.576 0.863 1.047 1.227 1.345 1.468 1.608 1.738 1.867 1.996 2.019 2.020 2.051 2.132 2.060 1.887 1.684 0.000 
4.750 19.950 -0.888 -0.412 -0.246 0.055 0.189 0.450 0.723 0.898 1.074 1.191 1.312 1.449 1.579 1.710 1.843 1.871 1.881 1.910 1.983 1.912 1.726 1.526 0.000 
4.750 25.120 -0.991 -0.526 -0.365 -0.073 0.064 0.322 0.582 0.748 0.920 1.035 1.154 1.288 1.417 1.550 1.687 1.720 1.737 1.764 1.830 1.759 1.560 1.365 0.000 
4.750 31.620 -1.095 -0.642 -0.485 -0.202 -0.062 0.193 0.439 0.596 0.764 0.878 0.995 1.125 1.253 1.387 1.528 1.565 1.589 1.614 1.672 1.600 1.390 1.199 0.000 
4.750 39.810 -1.202 -0.760 -0.607 -0.332 -0.189 0.062 0.294 0.443 0.607 0.718 0.833 0.959 1.087 1.222 1.365 1.404 1.436 1.457 1.507 1.434 1.214 1.029 0.000 
4.750 50.120 -1.310 -0.881 -0.732 -0.464 -0.319 -0.071 0.147 0.288 0.447 0.557 0.669 0.792 0.918 1.053 1.197 1.239 1.276 1.294 1.335 1.260 1.032 0.853 0.000 
4.750 63.100 -1.421 -1.005 -0.859 -0.598 -0.451 -0.207 -0.003 0.130 0.284 0.392 0.502 0.621 0.746 0.880 1.025 1.067 1.110 1.122 1.154 1.077 0.841 0.670 0.000 
4.750 79.430 -1.536 -1.133 -0.988 -0.734 -0.585 -0.345 -0.156 -0.031 0.118 0.224 0.332 0.446 0.569 0.701 0.845 0.887 0.934 0.940 0.961 0.881 0.640 0.478 0.000 
4.750 100.000 -1.655 -1.265 -1.122 -0.873 -0.724 -0.487 -0.314 -0.196 -0.052 0.051 0.156 0.266 0.387 0.517 0.658 0.697 0.747 0.745 0.755 0.670 0.426 0.276 0.000 
4.750 125.890 -1.780 -1.403 -1.260 -1.015 -0.867 -0.634 -0.477 -0.366 -0.227 -0.127 -0.024 0.080 0.198 0.324 0.461 0.494 0.545 0.535 0.532 0.441 0.197 0.061 0.000 
4.750 158.490 -1.912 -1.548 -1.405 -1.162 -1.015 -0.787 -0.646 -0.542 -0.409 -0.311 -0.212 -0.113 0.001 0.121 0.251 0.277 0.327 0.306 0.288 0.189 -0.053 -0.171 0.000 
4.750 199.530 -2.052 -1.702 -1.556 -1.314 -1.170 -0.948 -0.824 -0.726 -0.599 -0.505 -0.409 -0.316 -0.206 -0.094 0.026 0.040 0.086 0.052 0.017 -0.092 -0.327 -0.424 0.000 
4.750 251.190 -2.203 -1.867 -1.716 -1.473 -1.334 -1.118 -1.012 -0.919 -0.799 -0.709 -0.618 -0.531 -0.427 -0.325 -0.219 -0.221 -0.181 -0.232 -0.287 -0.410 -0.632 -0.703 0.000 
4.750 316.230 -2.368 -2.045 -1.888 -1.641 -1.509 -1.299 -1.213 -1.124 -1.012 -0.926 -0.840 -0.761 -0.664 -0.576 -0.488 -0.513 -0.483 -0.555 -0.634 -0.774 -0.976 -1.015 0.000 
4.750 398.110 -2.550 -2.241 -2.074 -1.820 -1.697 -1.495 -1.430 -1.345 -1.241 -1.161 -1.080 -1.010 -0.921 -0.851 -0.789 -0.842 -0.829 -0.926 -1.033 -1.195 -1.369 -1.368 0.000 
4.750 501.190 -2.755 -2.459 -2.278 -2.012 -1.903 -1.710 -1.668 -1.584 -1.490 -1.417 -1.342 -1.282 -1.205 -1.158 -1.128 -1.220 -1.229 -1.358 -1.499 -1.689 -1.825 -1.773 0.000 
4.750 630.960 -2.986 -2.705 -2.505 -2.221 -2.130 -1.948 -1.932 -1.848 -1.765 -1.700 -1.632 -1.585 -1.521 -1.503 -1.516 -1.658 -1.697 -1.866 -2.049 -2.275 -2.358 -2.243 0.000 
4.750 794.330 -3.252 -2.985 -2.760 -2.451 -2.385 -2.215 -2.229 -2.141 -2.072 -2.017 -1.958 -1.925 -1.879 -1.899 -1.966 -2.172 -2.251 -2.471 -2.704 -2.975 -2.989 -2.796 0.000 
4.750 1000.000 -3.562 -3.308 -3.051 -2.709 -2.674 -2.520 -2.567 -2.473 -2.419 -2.376 -2.328 -2.313 -2.288 -2.356 -2.494 -2.781 -2.914 -3.197 -3.492 -3.820 -3.743 -3.453 0.000 
5.000 1.000 0.412 0.962 1.263 1.735 1.818 2.123 2.562 2.846 3.039 3.170 3.308 3.462 3.556 3.601 3.611 3.498 3.368 3.392 3.538 3.442 3.490 3.312 0.000 
5.000 1.260 0.349 0.897 1.186 1.641 1.728 2.028 2.454 2.728 2.920 3.049 3.185 3.338 3.436 3.490 3.512 3.411 3.292 3.317 3.457 3.364 3.391 3.210 0.000 
5.000 1.580 0.281 0.827 1.103 1.542 1.634 1.929 2.340 2.605 2.796 2.923 3.057 3.209 3.311 3.374 3.407 3.319 3.211 3.236 3.371 3.279 3.287 3.103 0.000 
5.000 2.000 0.209 0.751 1.015 1.439 1.534 1.825 2.223 2.478 2.668 2.793 2.924 3.075 3.181 3.252 3.296 3.220 3.123 3.150 3.279 3.189 3.176 2.990 0.000 
5.000 2.510 0.131 0.670 0.923 1.331 1.431 1.718 2.102 2.347 2.535 2.659 2.788 2.938 3.047 3.125 3.180 3.116 3.030 3.057 3.180 3.093 3.060 2.871 0.000 
5.000 3.160 0.049 0.584 0.826 1.221 1.325 1.607 1.978 2.213 2.400 2.521 2.649 2.797 2.908 2.994 3.058 3.006 2.931 2.959 3.076 2.991 2.937 2.747 0.000 
5.000 3.980 -0.036 0.494 0.726 1.107 1.215 1.494 1.851 2.077 2.261 2.381 2.507 2.652 2.766 2.858 2.931 2.890 2.826 2.854 2.966 2.882 2.810 2.617 0.000 
5.000 5.010 -0.125 0.399 0.622 0.991 1.103 1.378 1.721 1.938 2.120 2.238 2.362 2.505 2.621 2.718 2.800 2.769 2.715 2.744 2.849 2.768 2.677 2.484 0.000 
5.000 6.310 -0.217 0.301 0.516 0.873 0.989 1.260 1.590 1.798 1.976 2.093 2.215 2.356 2.472 2.575 2.665 2.643 2.600 2.628 2.728 2.648 2.539 2.345 0.000 
5.000 7.940 -0.310 0.201 0.407 0.752 0.872 1.141 1.456 1.655 1.831 1.946 2.066 2.204 2.322 2.429 2.526 2.513 2.479 2.508 2.601 2.522 2.397 2.203 0.000 
5.000 10.000 -0.406 0.097 0.296 0.630 0.754 1.019 1.322 1.511 1.683 1.797 1.915 2.050 2.169 2.280 2.384 2.378 2.354 2.382 2.469 2.392 2.250 2.058 0.000 
5.000 12.590 -0.504 -0.010 0.183 0.507 0.635 0.896 1.185 1.366 1.535 1.646 1.762 1.895 2.014 2.128 2.238 2.240 2.225 2.252 2.333 2.256 2.099 1.908 0.000 
5.000 15.850 -0.603 -0.118 0.068 0.382 0.514 0.772 1.047 1.219 1.384 1.494 1.608 1.738 1.857 1.974 2.089 2.098 2.092 2.118 2.192 2.116 1.944 1.755 0.000 
5.000 19.950 -0.703 -0.229 -0.048 0.256 0.391 0.646 0.908 1.071 1.232 1.341 1.453 1.579 1.699 1.818 1.938 1.952 1.954 1.978 2.046 1.970 1.785 1.599 0.000 
5.000 25.120 -0.805 -0.342 -0.166 0.129 0.267 0.519 0.767 0.921 1.079 1.186 1.296 1.419 1.538 1.659 1.783 1.802 1.813 1.834 1.894 1.819 1.621 1.439 0.000 
5.000 31.620 -0.909 -0.457 -0.286 0.001 0.142 0.390 0.624 0.770 0.923 1.029 1.137 1.256 1.375 1.497 1.624 1.648 1.666 1.685 1.737 1.661 1.452 1.274 0.000 
5.000 39.810 -1.015 -0.575 -0.408 -0.130 0.014 0.260 0.480 0.617 0.766 0.870 0.975 1.092 1.209 1.332 1.462 1.488 1.513 1.529 1.574 1.496 1.277 1.105 0.000 
5.000 50.120 -1.123 -0.695 -0.532 -0.261 -0.115 0.127 0.333 0.462 0.607 0.708 0.812 0.924 1.041 1.164 1.295 1.324 1.355 1.367 1.402 1.324 1.095 0.929 0.000 
5.000 63.100 -1.234 -0.818 -0.658 -0.395 -0.247 -0.008 0.183 0.304 0.444 0.544 0.645 0.753 0.868 0.991 1.123 1.152 1.189 1.196 1.222 1.141 0.905 0.747 0.000 
5.000 79.430 -1.349 -0.946 -0.788 -0.531 -0.381 -0.147 0.030 0.143 0.278 0.376 0.475 0.579 0.692 0.813 0.944 0.972 1.013 1.014 1.030 0.946 0.704 0.556 0.000 
5.000 100.000 -1.468 -1.078 -0.921 -0.670 -0.519 -0.289 -0.127 -0.022 0.108 0.203 0.299 0.399 0.510 0.628 0.757 0.783 0.826 0.820 0.825 0.736 0.491 0.354 0.000 
5.000 125.890 -1.592 -1.216 -1.060 -0.812 -0.662 -0.436 -0.290 -0.191 -0.067 0.026 0.119 0.213 0.321 0.436 0.560 0.581 0.626 0.611 0.602 0.507 0.262 0.139 0.000 
5.000 158.490 -1.724 -1.360 -1.204 -0.959 -0.810 -0.589 -0.459 -0.367 -0.248 -0.159 -0.069 0.020 0.124 0.233 0.351 0.363 0.407 0.382 0.358 0.255 0.013 -0.093 0.000 
5.000 199.530 -1.864 -1.514 -1.355 -1.111 -0.965 -0.749 -0.637 -0.551 -0.438 -0.352 -0.266 -0.183 -0.083 0.018 0.125 0.126 0.167 0.128 0.088 -0.026 -0.261 -0.346 0.000 
5.000 251.190 -2.015 -1.679 -1.515 -1.270 -1.129 -0.919 -0.825 -0.744 -0.638 -0.556 -0.474 -0.398 -0.303 -0.213 -0.119 -0.135 -0.100 -0.156 -0.217 -0.344 -0.566 -0.625 0.000 
5.000 316.230 -2.180 -1.857 -1.687 -1.438 -1.304 -1.100 -1.026 -0.949 -0.851 -0.774 -0.696 -0.628 -0.540 -0.463 -0.389 -0.426 -0.402 -0.479 -0.563 -0.708 -0.910 -0.936 0.000 
5.000 398.110 -2.362 -2.053 -1.873 -1.616 -1.492 -1.296 -1.243 -1.169 -1.080 -1.008 -0.936 -0.876 -0.798 -0.739 -0.689 -0.755 -0.748 -0.850 -0.962 -1.129 -1.303 -1.289 0.000 
5.000 501.190 -2.566 -2.271 -2.077 -1.808 -1.698 -1.511 -1.481 -1.409 -1.329 -1.264 -1.198 -1.149 -1.082 -1.045 -1.028 -1.133 -1.148 -1.282 -1.428 -1.623 -1.759 -1.694 0.000 
5.000 630.960 -2.798 -2.517 -2.304 -2.017 -1.925 -1.749 -1.745 -1.672 -1.604 -1.547 -1.489 -1.451 -1.398 -1.391 -1.416 -1.571 -1.616 -1.790 -1.978 -2.208 -2.292 -2.165 0.000 
5.000 794.330 -3.064 -2.797 -2.559 -2.248 -2.180 -2.016 -2.042 -1.966 -1.911 -1.864 -1.814 -1.792 -1.755 -1.786 -1.866 -2.084 -2.170 -2.394 -2.633 -2.908 -2.923 -2.718 0.000 
5.000 1000.000 -3.374 -3.120 -2.850 -2.505 -2.469 -2.321 -2.380 -2.298 -2.258 -2.223 -2.184 -2.179 -2.165 -2.243 -2.394 -2.694 -2.833 -3.120 -3.421 -3.753 -3.677 -3.374 0.000 
5.250 1.000 0.544 1.089 1.412 1.895 1.978 2.280 2.708 2.982 3.156 3.280 3.411 3.553 3.632 3.663 3.658 3.529 3.389 3.404 3.541 3.438 3.494 3.331 0.000 
5.250 1.260 0.488 1.031 1.341 1.807 1.894 2.191 2.605 2.869 3.044 3.165 3.294 3.435 3.519 3.559 3.565 3.448 3.319 3.334 3.467 3.366 3.402 3.236 0.000 
5.250 1.580 0.427 0.967 1.265 1.713 1.805 2.097 2.497 2.752 2.925 3.045 3.172 3.312 3.400 3.449 3.466 3.361 3.243 3.260 3.386 3.288 3.304 3.135 0.000 
5.250 2.000 0.360 0.898 1.183 1.615 1.711 1.998 2.385 2.629 2.802 2.920 3.044 3.184 3.276 3.333 3.361 3.268 3.162 3.179 3.301 3.204 3.200 3.029 0.000 
5.250 2.510 0.288 0.823 1.095 1.512 1.612 1.895 2.268 2.503 2.675 2.791 2.913 3.051 3.147 3.212 3.250 3.169 3.074 3.093 3.209 3.115 3.090 2.916 0.000 
5.250 3.160 0.212 0.742 1.003 1.405 1.510 1.788 2.147 2.372 2.543 2.657 2.777 2.914 3.013 3.085 3.134 3.065 2.981 3.001 3.111 3.019 2.974 2.798 0.000 
5.250 3.980 0.131 0.657 0.907 1.295 1.403 1.678 2.023 2.239 2.408 2.520 2.638 2.773 2.875 2.954 3.012 2.954 2.882 2.902 3.007 2.917 2.852 2.674 0.000 
5.250 5.010 0.046 0.567 0.807 1.181 1.294 1.564 1.896 2.103 2.269 2.380 2.496 2.629 2.733 2.818 2.885 2.838 2.776 2.797 2.896 2.809 2.724 2.545 0.000 
5.250 6.310 -0.042 0.473 0.703 1.065 1.182 1.449 1.767 1.964 2.128 2.237 2.351 2.482 2.588 2.678 2.754 2.717 2.665 2.687 2.780 2.694 2.591 2.412 0.000 
5.250 7.940 -0.133 0.375 0.597 0.947 1.068 1.331 1.636 1.824 1.985 2.092 2.204 2.333 2.440 2.535 2.618 2.590 2.549 2.571 2.658 2.574 2.453 2.273 0.000 
5.250 10.000 -0.226 0.274 0.488 0.826 0.951 1.211 1.502 1.681 1.839 1.945 2.055 2.181 2.289 2.388 2.478 2.459 2.428 2.449 2.531 2.448 2.310 2.131 0.000 
5.250 12.590 -0.322 0.170 0.377 0.704 0.833 1.089 1.367 1.537 1.692 1.796 1.904 2.027 2.136 2.239 2.335 2.323 2.302 2.323 2.398 2.316 2.162 1.984 0.000 
5.250 15.850 -0.419 0.063 0.264 0.580 0.713 0.966 1.230 1.391 1.542 1.645 1.751 1.871 1.980 2.086 2.188 2.184 2.171 2.191 2.260 2.179 2.010 1.833 0.000 
5.250 19.950 -0.519 -0.046 0.149 0.455 0.591 0.841 1.092 1.244 1.391 1.492 1.596 1.713 1.822 1.931 2.038 2.040 2.036 2.054 2.116 2.036 1.853 1.679 0.000 
5.250 25.120 -0.620 -0.157 0.031 0.329 0.468 0.714 0.951 1.095 1.239 1.338 1.440 1.553 1.663 1.773 1.884 1.891 1.896 1.912 1.967 1.887 1.691 1.520 0.000 
5.250 31.620 -0.723 -0.272 -0.088 0.201 0.343 0.586 0.809 0.944 1.084 1.181 1.281 1.391 1.500 1.612 1.727 1.738 1.750 1.765 1.812 1.731 1.523 1.356 0.000 
5.250 39.810 -0.828 -0.388 -0.209 0.071 0.216 0.456 0.665 0.791 0.927 1.023 1.120 1.227 1.335 1.448 1.566 1.580 1.599 1.610 1.650 1.568 1.349 1.188 0.000 
5.250 50.120 -0.936 -0.508 -0.332 -0.060 0.087 0.324 0.519 0.637 0.768 0.862 0.957 1.060 1.167 1.280 1.399 1.416 1.442 1.449 1.480 1.397 1.168 1.013 0.000 
5.250 63.100 -1.046 -0.631 -0.459 -0.194 -0.044 0.188 0.369 0.479 0.606 0.698 0.791 0.890 0.995 1.108 1.228 1.245 1.276 1.279 1.300 1.215 0.979 0.832 0.000 
5.250 79.430 -1.161 -0.758 -0.588 -0.329 -0.179 0.050 0.216 0.318 0.440 0.530 0.620 0.715 0.819 0.930 1.049 1.066 1.101 1.098 1.109 1.021 0.779 0.641 0.000 
5.250 100.000 -1.279 -0.890 -0.721 -0.468 -0.317 -0.092 0.059 0.154 0.270 0.358 0.445 0.536 0.637 0.746 0.863 0.877 0.915 0.905 0.904 0.811 0.566 0.439 0.000 
5.250 125.890 -1.404 -1.027 -0.859 -0.610 -0.459 -0.239 -0.104 -0.016 0.095 0.180 0.265 0.350 0.449 0.553 0.666 0.675 0.715 0.696 0.682 0.583 0.337 0.225 0.000 
5.250 158.490 -1.535 -1.172 -1.003 -0.757 -0.607 -0.391 -0.273 -0.192 -0.086 -0.004 0.077 0.157 0.252 0.351 0.457 0.458 0.497 0.467 0.439 0.331 0.088 -0.007 0.000 
5.250 199.530 -1.675 -1.325 -1.154 -0.909 -0.762 -0.552 -0.450 -0.375 -0.276 -0.198 -0.120 -0.046 0.045 0.136 0.232 0.222 0.257 0.214 0.168 0.051 -0.185 -0.259 0.000 
5.250 251.190 -1.826 -1.490 -1.314 -1.068 -0.926 -0.721 -0.638 -0.568 -0.476 -0.402 -0.328 -0.261 -0.175 -0.095 -0.013 -0.039 -0.010 -0.070 -0.136 -0.267 -0.490 -0.538 0.000 
5.250 316.230 -1.991 -1.668 -1.486 -1.236 -1.101 -0.903 -0.839 -0.774 -0.689 -0.619 -0.550 -0.490 -0.412 -0.345 -0.282 -0.330 -0.312 -0.393 -0.482 -0.630 -0.834 -0.849 0.000 
5.250 398.110 -2.173 -1.864 -1.672 -1.414 -1.289 -1.099 -1.057 -0.994 -0.918 -0.854 -0.790 -0.739 -0.670 -0.620 -0.582 -0.660 -0.658 -0.764 -0.881 -1.051 -1.227 -1.202 0.000 
5.250 501.190 -2.377 -2.082 -1.876 -1.606 -1.495 -1.313 -1.295 -1.233 -1.167 -1.110 -1.052 -1.012 -0.953 -0.927 -0.921 -1.037 -1.057 -1.195 -1.347 -1.545 -1.682 -1.607 0.000 
5.250 630.960 -2.609 -2.327 -2.103 -1.815 -1.722 -1.551 -1.559 -1.497 -1.442 -1.392 -1.342 -1.314 -1.270 -1.273 -1.310 -1.475 -1.525 -1.703 -1.896 -2.130 -2.215 -2.078 0.000 
5.250 794.330 -2.875 -2.607 -2.358 -2.045 -1.977 -1.819 -1.855 -1.790 -1.748 -1.709 -1.668 -1.654 -1.627 -1.668 -1.759 -1.988 -2.080 -2.308 -2.551 -2.830 -2.846 -2.630 0.000 
5.250 1000.000 -3.184 -2.931 -2.649 -2.303 -2.266 -2.123 -2.193 -2.122 -2.096 -2.068 -2.038 -2.042 -2.036 -2.125 -2.287 -2.598 -2.742 -3.033 -3.339 -3.675 -3.600 -3.287 0.000 
5.500 1.000 0.670 1.210 1.554 2.047 2.129 2.428 2.845 3.111 3.267 3.385 3.509 3.640 3.705 3.725 3.707 3.563 3.414 3.419 3.549 3.440 3.502 3.351 0.000 
5.500 1.260 0.621 1.158 1.489 1.965 2.052 2.345 2.749 3.004 3.161 3.277 3.399 3.529 3.599 3.627 3.619 3.487 3.349 3.355 3.480 3.372 3.415 3.263 0.000 
5.500 1.580 0.566 1.101 1.419 1.877 1.969 2.257 2.647 2.893 3.049 3.163 3.283 3.413 3.487 3.523 3.526 3.406 3.279 3.286 3.406 3.300 3.324 3.169 0.000 
5.500 2.000 0.506 1.038 1.343 1.784 1.880 2.164 2.540 2.776 2.932 3.044 3.161 3.290 3.369 3.413 3.427 3.319 3.203 3.212 3.326 3.223 3.226 3.069 0.000 
5.500 2.510 0.440 0.970 1.262 1.686 1.786 2.066 2.428 2.654 2.810 2.920 3.035 3.163 3.245 3.298 3.322 3.226 3.122 3.132 3.241 3.140 3.123 2.963 0.000 
5.500 3.160 0.369 0.895 1.175 1.584 1.688 1.963 2.312 2.528 2.683 2.791 2.904 3.030 3.117 3.177 3.211 3.127 3.035 3.046 3.149 3.051 3.013 2.851 0.000 
5.500 3.980 0.294 0.816 1.083 1.477 1.586 1.856 2.192 2.398 2.552 2.658 2.769 2.894 2.983 3.050 3.095 3.022 2.941 2.953 3.052 2.956 2.898 2.733 0.000 
5.500 5.010 0.214 0.731 0.987 1.367 1.480 1.746 2.068 2.265 2.417 2.521 2.630 2.753 2.846 2.919 2.972 2.911 2.841 2.855 2.948 2.854 2.776 2.610 0.000 
5.500 6.310 0.130 0.641 0.887 1.253 1.371 1.633 1.942 2.129 2.279 2.381 2.488 2.609 2.704 2.783 2.845 2.794 2.735 2.750 2.837 2.746 2.648 2.481 0.000 
5.500 7.940 0.042 0.547 0.784 1.137 1.259 1.518 1.812 1.991 2.138 2.239 2.343 2.462 2.559 2.643 2.713 2.672 2.624 2.639 2.721 2.631 2.515 2.347 0.000 
5.500 10.000 -0.048 0.450 0.678 1.019 1.144 1.400 1.681 1.850 1.995 2.094 2.196 2.313 2.411 2.499 2.577 2.545 2.507 2.522 2.598 2.510 2.376 2.208 0.000 
5.500 12.590 -0.141 0.348 0.569 0.898 1.028 1.279 1.547 1.707 1.849 1.946 2.047 2.161 2.260 2.352 2.436 2.413 2.384 2.400 2.469 2.383 2.232 2.065 0.000 
5.500 15.850 -0.237 0.244 0.457 0.776 0.909 1.157 1.411 1.563 1.701 1.797 1.895 2.006 2.106 2.202 2.292 2.276 2.257 2.272 2.335 2.250 2.083 1.917 0.000 
5.500 19.950 -0.334 0.137 0.343 0.652 0.789 1.033 1.274 1.416 1.551 1.645 1.742 1.850 1.950 2.048 2.144 2.134 2.124 2.138 2.195 2.110 1.928 1.765 0.000 
5.500 25.120 -0.434 0.027 0.227 0.526 0.666 0.908 1.135 1.268 1.399 1.492 1.586 1.691 1.791 1.892 1.992 1.987 1.986 1.998 2.048 1.964 1.769 1.608 0.000 
5.500 31.620 -0.536 -0.086 0.109 0.399 0.542 0.780 0.993 1.118 1.245 1.336 1.428 1.530 1.630 1.732 1.836 1.836 1.843 1.853 1.895 1.810 1.603 1.446 0.000 
5.500 39.810 -0.640 -0.202 -0.011 0.270 0.416 0.650 0.849 0.966 1.089 1.178 1.268 1.366 1.465 1.569 1.675 1.679 1.693 1.700 1.735 1.649 1.431 1.279 0.000 
5.500 50.120 -0.747 -0.321 -0.134 0.139 0.287 0.518 0.703 0.811 0.930 1.017 1.105 1.199 1.298 1.402 1.510 1.516 1.537 1.540 1.566 1.479 1.251 1.105 0.000 
5.500 63.100 -0.858 -0.443 -0.260 0.006 0.156 0.384 0.554 0.654 0.769 0.853 0.939 1.029 1.126 1.230 1.339 1.346 1.372 1.371 1.388 1.299 1.062 0.924 0.000 
5.500 79.430 -0.971 -0.569 -0.389 -0.130 0.022 0.246 0.402 0.494 0.603 0.686 0.769 0.855 0.951 1.053 1.161 1.168 1.198 1.191 1.198 1.106 0.863 0.734 0.000 
5.500 100.000 -1.090 -0.701 -0.522 -0.268 -0.116 0.104 0.245 0.329 0.434 0.514 0.594 0.676 0.769 0.869 0.975 0.979 1.013 0.999 0.994 0.897 0.651 0.533 0.000 
5.500 125.890 -1.214 -0.838 -0.660 -0.410 -0.258 -0.043 0.082 0.160 0.259 0.337 0.414 0.491 0.581 0.677 0.779 0.778 0.813 0.790 0.772 0.670 0.423 0.319 0.000 
5.500 158.490 -1.345 -0.982 -0.803 -0.557 -0.406 -0.195 -0.087 -0.016 0.078 0.152 0.226 0.298 0.385 0.474 0.570 0.561 0.595 0.562 0.529 0.419 0.174 0.088 0.000 
5.500 199.530 -1.485 -1.135 -0.954 -0.709 -0.561 -0.356 -0.264 -0.199 -0.112 -0.041 0.030 0.095 0.177 0.260 0.345 0.325 0.356 0.309 0.259 0.138 -0.099 -0.164 0.000 
5.500 251.190 -1.636 -1.300 -1.114 -0.867 -0.725 -0.525 -0.452 -0.392 -0.312 -0.245 -0.178 -0.120 -0.043 0.029 0.101 0.065 0.089 0.025 -0.044 -0.179 -0.404 -0.443 0.000 
5.500 316.230 -1.800 -1.478 -1.286 -1.035 -0.899 -0.706 -0.653 -0.598 -0.524 -0.462 -0.400 -0.349 -0.280 -0.221 -0.168 -0.226 -0.213 -0.297 -0.390 -0.542 -0.747 -0.754 0.000 
5.500 398.110 -1.983 -1.674 -1.472 -1.213 -1.087 -0.902 -0.870 -0.818 -0.753 -0.697 -0.640 -0.598 -0.537 -0.496 -0.469 -0.556 -0.558 -0.668 -0.789 -0.963 -1.140 -1.107 0.000 
5.500 501.190 -2.187 -1.891 -1.676 -1.405 -1.293 -1.117 -1.108 -1.057 -1.003 -0.952 -0.902 -0.871 -0.820 -0.803 -0.808 -0.933 -0.958 -1.099 -1.255 -1.456 -1.595 -1.512 0.000 
5.500 630.960 -2.418 -2.137 -1.902 -1.614 -1.520 -1.355 -1.372 -1.321 -1.277 -1.235 -1.193 -1.173 -1.137 -1.148 -1.196 -1.370 -1.426 -1.607 -1.804 -2.041 -2.128 -1.982 0.000 
5.500 794.330 -2.684 -2.417 -2.157 -1.845 -1.775 -1.622 -1.669 -1.614 -1.584 -1.552 -1.518 -1.513 -1.494 -1.543 -1.646 -1.884 -1.980 -2.211 -2.459 -2.741 -2.759 -2.535 0.000 
5.500 1000.000 -2.994 -2.740 -2.448 -2.102 -2.064 -1.926 -2.007 -1.946 -1.931 -1.911 -1.888 -1.901 -1.903 -2.001 -2.173 -2.493 -2.642 -2.937 -3.247 -3.586 -3.513 -3.191 0.000 
5.750 1.000 0.791 1.325 1.688 2.190 2.271 2.568 2.974 3.232 3.371 3.484 3.603 3.724 3.775 3.786 3.756 3.601 3.444 3.440 3.563 3.446 3.514 3.373 0.000 
5.750 1.260 0.747 1.280 1.630 2.114 2.200 2.492 2.885 3.133 3.272 3.382 3.499 3.619 3.675 3.693 3.674 3.530 3.383 3.381 3.498 3.384 3.433 3.290 0.000 
5.750 1.580 0.699 1.229 1.566 2.033 2.124 2.410 2.790 3.027 3.167 3.275 3.390 3.509 3.570 3.596 3.587 3.454 3.318 3.317 3.429 3.317 3.347 3.203 0.000 
5.750 2.000 0.645 1.173 1.496 1.946 2.041 2.322 2.689 2.916 3.056 3.163 3.275 3.393 3.459 3.492 3.494 3.372 3.248 3.248 3.355 3.245 3.256 3.109 0.000 
5.750 2.510 0.586 1.111 1.421 1.853 1.953 2.230 2.582 2.800 2.940 3.044 3.154 3.272 3.342 3.383 3.395 3.285 3.173 3.174 3.276 3.169 3.159 3.010 0.000 
5.750 3.160 0.521 1.043 1.340 1.756 1.860 2.132 2.471 2.679 2.819 2.921 3.028 3.145 3.219 3.268 3.290 3.192 3.091 3.094 3.191 3.086 3.056 2.905 0.000 
5.750 3.980 0.451 0.969 1.254 1.654 1.763 2.030 2.356 2.554 2.692 2.793 2.898 3.013 3.091 3.147 3.179 3.093 3.004 3.008 3.100 2.998 2.947 2.794 0.000 
5.750 5.010 0.377 0.890 1.163 1.547 1.661 1.923 2.236 2.424 2.562 2.660 2.763 2.877 2.958 3.021 3.062 2.987 2.910 2.916 3.002 2.903 2.832 2.677 0.000 
5.750 6.310 0.298 0.805 1.067 1.437 1.555 1.814 2.113 2.292 2.428 2.524 2.625 2.737 2.821 2.890 2.940 2.876 2.810 2.817 2.898 2.801 2.710 2.553 0.000 
5.750 7.940 0.214 0.716 0.967 1.324 1.446 1.701 1.986 2.156 2.290 2.385 2.483 2.593 2.680 2.754 2.812 2.758 2.703 2.712 2.788 2.692 2.582 2.425 0.000 
5.750 10.000 0.128 0.622 0.864 1.208 1.334 1.585 1.857 2.017 2.149 2.242 2.338 2.446 2.534 2.613 2.679 2.635 2.591 2.600 2.670 2.577 2.448 2.290 0.000 
5.750 12.590 0.038 0.525 0.758 1.089 1.219 1.467 1.725 1.876 2.006 2.097 2.191 2.296 2.386 2.469 2.542 2.507 2.473 2.482 2.547 2.455 2.308 2.151 0.000 
5.750 15.850 -0.055 0.423 0.648 0.969 1.102 1.346 1.591 1.733 1.859 1.949 2.041 2.144 2.234 2.321 2.401 2.373 2.349 2.358 2.417 2.327 2.163 2.006 0.000 
5.750 19.950 -0.151 0.319 0.536 0.846 0.983 1.223 1.455 1.588 1.711 1.799 1.889 1.989 2.080 2.170 2.255 2.234 2.219 2.228 2.280 2.191 2.012 1.857 0.000 
5.750 25.120 -0.249 0.210 0.422 0.721 0.862 1.099 1.316 1.441 1.560 1.646 1.734 1.831 1.923 2.015 2.105 2.090 2.084 2.091 2.137 2.048 1.854 1.702 0.000 
5.750 31.620 -0.349 0.099 0.305 0.595 0.739 0.972 1.176 1.291 1.407 1.492 1.577 1.671 1.763 1.857 1.950 1.941 1.942 1.948 1.986 1.898 1.691 1.542 0.000 
5.750 39.810 -0.453 -0.015 0.185 0.466 0.613 0.843 1.033 1.140 1.252 1.334 1.418 1.508 1.599 1.694 1.791 1.786 1.795 1.798 1.828 1.739 1.521 1.377 0.000 
5.750 50.120 -0.559 -0.133 0.063 0.336 0.485 0.711 0.887 0.986 1.094 1.174 1.255 1.342 1.433 1.528 1.627 1.624 1.640 1.640 1.662 1.571 1.342 1.204 0.000 
5.750 63.100 -0.668 -0.254 -0.062 0.203 0.355 0.577 0.739 0.829 0.933 1.011 1.090 1.172 1.262 1.357 1.457 1.455 1.477 1.472 1.485 1.393 1.155 1.024 0.000 
5.750 79.430 -0.781 -0.380 -0.190 0.068 0.221 0.440 0.586 0.669 0.768 0.844 0.920 0.999 1.087 1.180 1.280 1.278 1.304 1.294 1.296 1.201 0.957 0.835 0.000 
5.750 100.000 -0.899 -0.511 -0.323 -0.070 0.083 0.298 0.430 0.505 0.599 0.673 0.746 0.820 0.906 0.997 1.094 1.090 1.119 1.102 1.093 0.993 0.745 0.635 0.000 
5.750 125.890 -1.023 -0.647 -0.460 -0.212 -0.059 0.152 0.267 0.336 0.424 0.495 0.566 0.635 0.718 0.805 0.898 0.889 0.920 0.894 0.873 0.767 0.518 0.421 0.000 
5.750 158.490 -1.154 -0.791 -0.604 -0.358 -0.206 -0.001 0.098 0.160 0.243 0.311 0.378 0.442 0.521 0.603 0.690 0.673 0.703 0.666 0.630 0.517 0.270 0.191 0.000 
5.750 199.530 -1.294 -0.944 -0.755 -0.510 -0.361 -0.161 -0.079 -0.023 0.054 0.118 0.182 0.239 0.315 0.389 0.465 0.437 0.464 0.414 0.361 0.237 -0.003 -0.061 0.000 
5.750 251.190 -1.444 -1.108 -0.914 -0.668 -0.525 -0.330 -0.266 -0.216 -0.146 -0.086 -0.026 0.025 0.094 0.159 0.221 0.177 0.197 0.131 0.058 -0.080 -0.307 -0.339 0.000 
5.750 316.230 -1.609 -1.287 -1.086 -0.836 -0.699 -0.512 -0.467 -0.421 -0.359 -0.303 -0.248 -0.205 -0.142 -0.092 -0.048 -0.114 -0.105 -0.191 -0.288 -0.443 -0.650 -0.650 0.000 
5.750 398.110 -1.791 -1.482 -1.272 -1.014 -0.887 -0.707 -0.684 -0.641 -0.588 -0.537 -0.488 -0.453 -0.400 -0.367 -0.348 -0.443 -0.449 -0.562 -0.687 -0.863 -1.043 -1.003 0.000 
5.750 501.190 -1.995 -1.700 -1.475 -1.206 -1.093 -0.922 -0.922 -0.881 -0.837 -0.793 -0.750 -0.726 -0.683 -0.673 -0.687 -0.820 -0.849 -0.993 -1.152 -1.356 -1.498 -1.408 0.000 
5.750 630.960 -2.226 -1.945 -1.702 -1.415 -1.320 -1.160 -1.186 -1.144 -1.111 -1.076 -1.040 -1.028 -0.999 -1.018 -1.075 -1.258 -1.317 -1.501 -1.701 -1.941 -2.031 -1.878 0.000 
5.750 794.330 -2.492 -2.225 -1.957 -1.645 -1.575 -1.427 -1.483 -1.438 -1.418 -1.392 -1.366 -1.368 -1.356 -1.413 -1.525 -1.771 -1.871 -2.105 -2.356 -2.641 -2.661 -2.431 0.000 
5.750 1000.000 -2.802 -2.548 -2.248 -1.903 -1.864 -1.731 -1.821 -1.769 -1.765 -1.752 -1.736 -1.756 -1.766 -1.870 -2.052 -2.380 -2.533 -2.830 -3.143 -3.485 -3.415 -3.087 0.000 
6.000 1.000 0.907 1.435 1.814 2.325 2.404 2.698 3.095 3.347 3.468 3.576 3.692 3.803 3.842 3.846 3.808 3.644 3.478 3.467 3.582 3.459 3.531 3.397 0.000 
6.000 1.260 0.868 1.395 1.762 2.255 2.340 2.629 3.012 3.254 3.376 3.482 3.595 3.705 3.748 3.760 3.731 3.576 3.422 3.411 3.521 3.401 3.455 3.320 0.000 
6.000 1.580 0.826 1.351 1.705 2.180 2.270 2.554 2.924 3.155 3.278 3.382 3.492 3.602 3.650 3.668 3.649 3.505 3.361 3.352 3.457 3.338 3.374 3.238 0.000 
6.000 2.000 0.778 1.301 1.642 2.099 2.194 2.473 2.830 3.050 3.174 3.276 3.383 3.492 3.545 3.571 3.561 3.428 3.297 3.288 3.388 3.272 3.289 3.151 0.000 
6.000 2.510 0.725 1.245 1.573 2.013 2.112 2.386 2.729 2.940 3.064 3.164 3.269 3.377 3.435 3.468 3.468 3.347 3.227 3.220 3.315 3.201 3.198 3.058 0.000 
6.000 3.160 0.667 1.184 1.498 1.921 2.025 2.294 2.624 2.825 2.949 3.047 3.149 3.257 3.319 3.359 3.369 3.259 3.151 3.146 3.236 3.125 3.102 2.960 0.000 
6.000 3.980 0.603 1.117 1.418 1.824 1.932 2.197 2.514 2.704 2.829 2.924 3.024 3.131 3.197 3.244 3.264 3.166 3.069 3.066 3.151 3.043 2.999 2.856 0.000 
6.000 5.010 0.535 1.044 1.332 1.722 1.835 2.095 2.398 2.579 2.703 2.797 2.894 2.999 3.070 3.123 3.153 3.066 2.981 2.980 3.060 2.954 2.890 2.745 0.000 
6.000 6.310 0.461 0.965 1.241 1.616 1.734 1.989 2.279 2.451 2.574 2.665 2.760 2.864 2.937 2.997 3.036 2.960 2.887 2.887 2.963 2.859 2.775 2.628 0.000 
6.000 7.940 0.383 0.881 1.146 1.506 1.628 1.879 2.156 2.318 2.440 2.529 2.622 2.724 2.800 2.866 2.913 2.848 2.786 2.788 2.859 2.758 2.653 2.505 0.000 
6.000 10.000 0.300 0.792 1.046 1.393 1.519 1.766 2.030 2.182 2.302 2.390 2.480 2.580 2.659 2.729 2.785 2.730 2.679 2.682 2.747 2.649 2.525 2.375 0.000 
6.000 12.590 0.214 0.698 0.943 1.277 1.407 1.650 1.900 2.044 2.161 2.247 2.335 2.433 2.514 2.589 2.652 2.606 2.566 2.570 2.629 2.533 2.390 2.240 0.000 
6.000 15.850 0.124 0.601 0.836 1.158 1.292 1.532 1.768 1.902 2.017 2.101 2.187 2.283 2.365 2.444 2.513 2.476 2.446 2.450 2.504 2.409 2.249 2.100 0.000 
6.000 19.950 0.031 0.499 0.727 1.037 1.175 1.411 1.634 1.759 1.871 1.953 2.037 2.129 2.213 2.295 2.370 2.340 2.320 2.324 2.372 2.278 2.102 1.954 0.000 
6.000 25.120 -0.065 0.393 0.614 0.914 1.055 1.287 1.497 1.613 1.722 1.802 1.884 1.973 2.058 2.142 2.223 2.199 2.188 2.191 2.232 2.140 1.948 1.802 0.000 
6.000 31.620 -0.163 0.284 0.498 0.788 0.933 1.161 1.357 1.465 1.570 1.649 1.728 1.815 1.899 1.985 2.070 2.052 2.049 2.051 2.085 1.993 1.787 1.645 0.000 
6.000 39.810 -0.265 0.171 0.380 0.661 0.808 1.033 1.215 1.314 1.416 1.492 1.570 1.653 1.737 1.825 1.913 1.899 1.904 1.903 1.930 1.838 1.619 1.481 0.000 
6.000 50.120 -0.370 0.055 0.259 0.531 0.681 0.903 1.070 1.161 1.258 1.333 1.408 1.488 1.571 1.660 1.750 1.739 1.751 1.747 1.766 1.672 1.443 1.311 0.000 
6.000 63.100 -0.478 -0.065 0.135 0.399 0.551 0.769 0.922 1.004 1.098 1.171 1.243 1.319 1.401 1.489 1.581 1.571 1.589 1.582 1.591 1.495 1.257 1.132 0.000 
6.000 79.430 -0.591 -0.190 0.007 0.265 0.418 0.632 0.770 0.845 0.934 1.004 1.074 1.145 1.227 1.314 1.405 1.395 1.417 1.405 1.404 1.305 1.060 0.944 0.000 
6.000 100.000 -0.708 -0.320 -0.125 0.127 0.281 0.491 0.614 0.681 0.765 0.833 0.900 0.967 1.046 1.131 1.220 1.208 1.234 1.214 1.202 1.099 0.850 0.745 0.000 
6.000 125.890 -0.831 -0.456 -0.262 -0.015 0.139 0.344 0.452 0.512 0.591 0.656 0.720 0.782 0.859 0.940 1.024 1.008 1.035 1.007 0.983 0.874 0.623 0.532 0.000 
6.000 158.490 -0.962 -0.600 -0.405 -0.161 -0.009 0.192 0.283 0.336 0.410 0.472 0.533 0.590 0.663 0.738 0.816 0.792 0.819 0.780 0.741 0.625 0.376 0.301 0.000 
6.000 199.530 -1.101 -0.752 -0.556 -0.312 -0.163 0.032 0.106 0.153 0.221 0.279 0.337 0.388 0.456 0.524 0.592 0.557 0.580 0.529 0.472 0.346 0.103 0.050 0.000 
6.000 251.190 -1.252 -0.916 -0.715 -0.471 -0.327 -0.137 -0.081 -0.039 0.021 0.076 0.129 0.173 0.236 0.294 0.348 0.297 0.314 0.246 0.170 0.030 -0.200 -0.228 0.000 
6.000 316.230 -1.416 -1.094 -0.886 -0.638 -0.501 -0.318 -0.282 -0.244 -0.191 -0.141 -0.093 -0.056 -0.000 0.044 0.080 0.006 0.013 -0.076 -0.175 -0.333 -0.543 -0.538 0.000 
6.000 398.110 -1.598 -1.289 -1.072 -0.816 -0.689 -0.514 -0.499 -0.464 -0.420 -0.376 -0.333 -0.305 -0.257 -0.231 -0.220 -0.322 -0.332 -0.446 -0.574 -0.753 -0.936 -0.891 0.000 
6.000 501.190 -1.802 -1.507 -1.276 -1.008 -0.895 -0.728 -0.737 -0.704 -0.669 -0.631 -0.595 -0.577 -0.541 -0.537 -0.559 -0.699 -0.731 -0.877 -1.039 -1.246 -1.391 -1.295 0.000 
6.000 630.960 -2.033 -1.752 -1.502 -1.217 -1.122 -0.966 -1.001 -0.967 -0.944 -0.914 -0.885 -0.879 -0.857 -0.883 -0.947 -1.137 -1.199 -1.384 -1.588 -1.830 -1.923 -1.765 0.000 
6.000 794.330 -2.299 -2.032 -1.757 -1.448 -1.376 -1.233 -1.297 -1.261 -1.251 -1.231 -1.210 -1.219 -1.214 -1.278 -1.397 -1.650 -1.753 -1.988 -2.242 -2.530 -2.554 -2.318 0.000 
6.000 1000.000 -2.608 -2.355 -2.048 -1.705 -1.665 -1.538 -1.635 -1.592 -1.598 -1.590 -1.580 -1.607 -1.623 -1.735 -1.924 -2.259 -2.415 -2.714 -3.030 -3.374 -3.308 -2.974 0.000 
6.250 1.000 1.018 1.540 1.934 2.451 2.529 2.821 3.208 3.453 3.559 3.664 3.776 3.878 3.906 3.907 3.862 3.691 3.518 3.500 3.609 3.480 3.554 3.425 0.000 
6.250 1.260 0.984 1.506 1.888 2.388 2.470 2.757 3.132 3.367 3.473 3.576 3.685 3.787 3.819 3.825 3.789 3.627 3.465 3.447 3.551 3.424 3.482 3.352 0.000 
6.250 1.580 0.947 1.467 1.836 2.319 2.407 2.689 3.050 3.275 3.382 3.482 3.589 3.690 3.727 3.739 3.712 3.560 3.409 3.392 3.491 3.366 3.406 3.275 0.000 
6.250 2.000 0.905 1.423 1.780 2.245 2.337 2.614 2.962 3.177 3.285 3.383 3.487 3.588 3.629 3.648 3.630 3.488 3.349 3.333 3.427 3.304 3.326 3.194 0.000 
6.250 2.510 0.858 1.374 1.717 2.165 2.262 2.534 2.869 3.074 3.183 3.278 3.380 3.479 3.525 3.551 3.543 3.412 3.284 3.269 3.358 3.238 3.241 3.107 0.000 
6.250 3.160 0.806 1.319 1.649 2.079 2.181 2.448 2.770 2.964 3.074 3.168 3.266 3.365 3.416 3.448 3.449 3.330 3.214 3.201 3.285 3.167 3.150 3.016 0.000 
6.250 3.980 0.749 1.258 1.575 1.987 2.094 2.356 2.665 2.850 2.960 3.051 3.147 3.245 3.301 3.340 3.350 3.242 3.138 3.127 3.206 3.091 3.054 2.918 0.000 
6.250 5.010 0.687 1.192 1.495 1.890 2.003 2.260 2.555 2.730 2.840 2.929 3.023 3.120 3.179 3.225 3.245 3.148 3.056 3.047 3.122 3.009 2.952 2.814 0.000 
6.250 6.310 0.619 1.120 1.410 1.789 1.906 2.158 2.441 2.605 2.716 2.803 2.893 2.989 3.053 3.105 3.134 3.048 2.968 2.961 3.031 2.921 2.843 2.703 0.000 
6.250 7.940 0.546 1.041 1.319 1.683 1.804 2.053 2.322 2.477 2.586 2.671 2.759 2.854 2.921 2.978 3.016 2.941 2.873 2.868 2.933 2.826 2.728 2.586 0.000 
6.250 10.000 0.469 0.958 1.224 1.573 1.699 1.943 2.199 2.344 2.453 2.536 2.621 2.714 2.784 2.847 2.893 2.828 2.771 2.768 2.828 2.724 2.606 2.463 0.000 
6.250 12.590 0.387 0.869 1.125 1.460 1.590 1.830 2.072 2.209 2.315 2.396 2.480 2.570 2.643 2.710 2.764 2.709 2.663 2.661 2.716 2.614 2.476 2.333 0.000 
6.250 15.850 0.301 0.775 1.021 1.344 1.478 1.714 1.943 2.070 2.174 2.253 2.335 2.423 2.497 2.569 2.630 2.583 2.548 2.547 2.597 2.497 2.340 2.198 0.000 
6.250 19.950 0.211 0.677 0.914 1.225 1.363 1.595 1.810 1.928 2.030 2.107 2.186 2.272 2.348 2.423 2.490 2.452 2.426 2.426 2.469 2.371 2.198 2.056 0.000 
6.250 25.120 0.118 0.574 0.804 1.103 1.244 1.473 1.675 1.784 1.883 1.958 2.035 2.118 2.195 2.273 2.345 2.314 2.298 2.297 2.335 2.238 2.048 1.908 0.000 
6.250 31.620 0.022 0.468 0.690 0.979 1.124 1.349 1.537 1.637 1.733 1.806 1.881 1.961 2.038 2.118 2.195 2.169 2.162 2.161 2.191 2.095 1.890 1.753 0.000 
6.250 39.810 -0.078 0.357 0.574 0.853 1.000 1.222 1.396 1.487 1.580 1.651 1.723 1.800 1.878 1.959 2.040 2.019 2.020 2.016 2.040 1.943 1.725 1.592 0.000 
6.250 50.120 -0.181 0.242 0.454 0.724 0.874 1.092 1.252 1.335 1.424 1.493 1.563 1.636 1.713 1.796 1.878 1.861 1.869 1.863 1.878 1.781 1.551 1.423 0.000 
6.250 63.100 -0.289 0.124 0.330 0.593 0.745 0.959 1.105 1.179 1.264 1.331 1.399 1.468 1.544 1.627 1.711 1.695 1.709 1.699 1.706 1.607 1.367 1.247 0.000 
6.250 79.430 -0.400 -0.000 0.203 0.459 0.612 0.822 0.953 1.020 1.100 1.166 1.230 1.295 1.371 1.452 1.536 1.520 1.539 1.524 1.521 1.419 1.172 1.060 0.000 
6.250 100.000 -0.517 -0.129 0.072 0.322 0.476 0.681 0.797 0.857 0.932 0.995 1.057 1.118 1.191 1.270 1.352 1.334 1.356 1.335 1.321 1.215 0.963 0.862 0.000 
6.250 125.890 -0.639 -0.264 -0.064 0.180 0.334 0.536 0.636 0.688 0.758 0.818 0.877 0.933 1.004 1.079 1.157 1.135 1.159 1.129 1.102 0.991 0.737 0.650 0.000 
6.250 158.490 -0.769 -0.407 -0.207 0.035 0.187 0.384 0.468 0.513 0.578 0.635 0.690 0.741 0.808 0.878 0.949 0.919 0.943 0.903 0.862 0.743 0.491 0.420 0.000 
6.250 199.530 -0.908 -0.559 -0.357 -0.117 0.033 0.224 0.291 0.330 0.389 0.442 0.494 0.539 0.602 0.664 0.726 0.685 0.705 0.653 0.594 0.465 0.219 0.170 0.000 
6.250 251.190 -1.058 -0.723 -0.517 -0.275 -0.130 0.055 0.103 0.138 0.190 0.239 0.287 0.325 0.383 0.434 0.482 0.425 0.440 0.370 0.292 0.149 -0.084 -0.108 0.000 
6.250 316.230 -1.222 -0.900 -0.688 -0.442 -0.304 -0.126 -0.097 -0.067 -0.023 0.022 0.065 0.096 0.146 0.185 0.214 0.135 0.139 0.049 -0.052 -0.212 -0.426 -0.418 0.000 
6.250 398.110 -1.404 -1.095 -0.873 -0.620 -0.492 -0.322 -0.314 -0.287 -0.251 -0.212 -0.174 -0.153 -0.111 -0.090 -0.086 -0.193 -0.205 -0.320 -0.450 -0.632 -0.819 -0.770 0.000 
6.250 501.190 -1.607 -1.313 -1.077 -0.812 -0.698 -0.536 -0.552 -0.526 -0.500 -0.468 -0.436 -0.425 -0.394 -0.396 -0.424 -0.570 -0.604 -0.751 -0.915 -1.124 -1.273 -1.175 0.000 
6.250 630.960 -1.839 -1.558 -1.303 -1.021 -0.925 -0.774 -0.816 -0.790 -0.775 -0.750 -0.726 -0.727 -0.710 -0.741 -0.812 -1.007 -1.071 -1.258 -1.464 -1.709 -1.805 -1.644 0.000 
6.250 794.330 -2.104 -1.837 -1.558 -1.251 -1.179 -1.041 -1.112 -1.083 -1.081 -1.067 -1.052 -1.067 -1.067 -1.136 -1.261 -1.520 -1.625 -1.862 -2.118 -2.408 -2.435 -2.197 0.000 
6.250 1000.000 -2.414 -2.160 -1.849 -1.509 -1.468 -1.345 -1.450 -1.415 -1.428 -1.426 -1.422 -1.454 -1.476 -1.593 -1.789 -2.129 -2.288 -2.587 -2.905 -3.252 -3.189 -2.853 0.000 
6.500 1.000 1.125 1.642 2.048 2.570 2.645 2.935 3.313 3.553 3.644 3.746 3.855 3.951 3.969 3.968 3.920 3.743 3.564 3.539 3.643 3.508 3.584 3.456 0.000 
6.500 1.260 1.096 1.612 2.006 2.512 2.592 2.877 3.243 3.473 3.565 3.664 3.771 3.865 3.887 3.891 3.850 3.683 3.515 3.490 3.588 3.455 3.515 3.387 0.000 
6.500 1.580 1.063 1.578 1.961 2.450 2.535 2.815 3.167 3.388 3.480 3.577 3.681 3.775 3.801 3.810 3.778 3.619 3.462 3.438 3.531 3.400 3.443 3.315 0.000 
6.500 2.000 1.027 1.539 1.910 2.382 2.472 2.747 3.087 3.297 3.390 3.485 3.586 3.679 3.709 3.725 3.700 3.551 3.406 3.383 3.470 3.342 3.367 3.239 0.000 
6.500 2.510 0.986 1.496 1.854 2.308 2.403 2.673 3.000 3.200 3.294 3.387 3.485 3.577 3.612 3.634 3.618 3.480 3.345 3.324 3.406 3.280 3.287 3.158 0.000 
6.500 3.160 0.940 1.448 1.792 2.228 2.329 2.594 2.908 3.097 3.193 3.283 3.379 3.470 3.510 3.537 3.531 3.403 3.280 3.260 3.338 3.215 3.203 3.072 0.000 
6.500 3.980 0.889 1.394 1.725 2.143 2.248 2.508 2.809 2.989 3.085 3.173 3.266 3.356 3.401 3.435 3.438 3.321 3.210 3.192 3.265 3.144 3.112 2.981 0.000 
6.500 5.010 0.833 1.334 1.651 2.052 2.162 2.417 2.705 2.875 2.972 3.057 3.148 3.237 3.287 3.326 3.338 3.233 3.134 3.118 3.186 3.068 3.017 2.883 0.000 
6.500 6.310 0.771 1.268 1.572 1.955 2.071 2.321 2.596 2.755 2.853 2.936 3.024 3.112 3.166 3.212 3.233 3.138 3.051 3.038 3.102 2.986 2.914 2.780 0.000 
6.500 7.940 0.705 1.196 1.487 1.854 1.974 2.220 2.482 2.631 2.729 2.810 2.895 2.982 3.040 3.091 3.121 3.038 2.963 2.951 3.011 2.898 2.806 2.669 0.000 
6.500 10.000 0.633 1.118 1.397 1.748 1.873 2.115 2.363 2.503 2.600 2.679 2.761 2.847 2.908 2.965 3.003 2.930 2.867 2.857 2.912 2.802 2.690 2.552 0.000 
6.500 12.590 0.556 1.035 1.302 1.639 1.768 2.005 2.241 2.371 2.467 2.544 2.623 2.707 2.772 2.833 2.879 2.816 2.764 2.757 2.807 2.699 2.567 2.429 0.000 
6.500 15.850 0.474 0.946 1.202 1.525 1.659 1.892 2.114 2.235 2.329 2.404 2.482 2.563 2.630 2.696 2.749 2.695 2.654 2.648 2.693 2.588 2.436 2.298 0.000 
6.500 19.950 0.389 0.852 1.098 1.409 1.546 1.775 1.984 2.096 2.188 2.261 2.336 2.415 2.484 2.554 2.613 2.568 2.538 2.532 2.572 2.469 2.299 2.161 0.000 
6.500 25.120 0.299 0.753 0.991 1.289 1.431 1.656 1.851 1.953 2.043 2.115 2.187 2.264 2.334 2.406 2.472 2.433 2.413 2.408 2.442 2.341 2.153 2.017 0.000 
6.500 31.620 0.205 0.650 0.879 1.167 1.312 1.533 1.715 1.808 1.895 1.965 2.035 2.108 2.180 2.254 2.325 2.292 2.282 2.276 2.304 2.203 2.000 1.866 0.000 
6.500 39.810 0.108 0.542 0.765 1.042 1.190 1.407 1.575 1.660 1.744 1.811 1.879 1.950 2.021 2.098 2.172 2.144 2.142 2.136 2.156 2.056 1.838 1.708 0.000 
6.500 50.120 0.006 0.429 0.646 0.915 1.065 1.279 1.432 1.509 1.589 1.654 1.719 1.787 1.859 1.936 2.012 1.989 1.994 1.985 1.998 1.897 1.667 1.542 0.000 
6.500 63.100 -0.099 0.312 0.524 0.784 0.937 1.146 1.286 1.354 1.431 1.494 1.556 1.620 1.691 1.768 1.846 1.825 1.836 1.824 1.828 1.726 1.486 1.368 0.000 
6.500 79.430 -0.209 0.190 0.398 0.651 0.805 1.011 1.135 1.196 1.268 1.329 1.389 1.448 1.518 1.594 1.672 1.651 1.668 1.651 1.646 1.541 1.293 1.183 0.000 
6.500 100.000 -0.325 0.062 0.268 0.514 0.669 0.870 0.980 1.033 1.101 1.159 1.216 1.271 1.339 1.413 1.490 1.467 1.487 1.464 1.448 1.339 1.085 0.986 0.000 
6.500 125.890 -0.446 -0.072 0.132 0.374 0.528 0.725 0.819 0.864 0.927 0.983 1.037 1.088 1.153 1.224 1.296 1.269 1.291 1.260 1.231 1.117 0.861 0.775 0.000 
6.500 158.490 -0.576 -0.214 -0.010 0.228 0.381 0.574 0.651 0.690 0.747 0.800 0.850 0.896 0.958 1.023 1.089 1.055 1.077 1.036 0.992 0.871 0.616 0.547 0.000 
6.500 199.530 -0.714 -0.366 -0.160 0.077 0.227 0.414 0.475 0.507 0.559 0.608 0.655 0.694 0.753 0.810 0.866 0.821 0.839 0.786 0.725 0.594 0.345 0.297 0.000 
6.500 251.190 -0.864 -0.529 -0.319 -0.081 0.064 0.245 0.288 0.315 0.360 0.405 0.448 0.480 0.533 0.581 0.623 0.562 0.574 0.504 0.424 0.280 0.043 0.020 0.000 
6.500 316.230 -1.027 -0.706 -0.489 -0.248 -0.110 0.065 0.087 0.110 0.148 0.188 0.226 0.251 0.297 0.331 0.355 0.272 0.274 0.184 0.080 -0.081 -0.299 -0.290 0.000 
6.500 398.110 -1.209 -0.901 -0.675 -0.426 -0.297 -0.131 -0.130 -0.109 -0.081 -0.046 -0.013 0.003 0.041 0.057 0.056 -0.056 -0.069 -0.185 -0.317 -0.500 -0.691 -0.642 0.000 
6.500 501.190 -1.412 -1.118 -0.878 -0.617 -0.503 -0.345 -0.367 -0.348 -0.329 -0.302 -0.275 -0.269 -0.242 -0.249 -0.283 -0.432 -0.468 -0.615 -0.781 -0.992 -1.145 -1.045 0.000 
6.500 630.960 -1.643 -1.362 -1.104 -0.826 -0.730 -0.583 -0.631 -0.612 -0.604 -0.584 -0.565 -0.571 -0.558 -0.594 -0.670 -0.869 -0.935 -1.122 -1.329 -1.576 -1.677 -1.515 0.000 
6.500 794.330 -1.909 -1.642 -1.359 -1.056 -0.984 -0.850 -0.928 -0.905 -0.910 -0.901 -0.890 -0.911 -0.915 -0.989 -1.120 -1.382 -1.489 -1.726 -1.983 -2.275 -2.307 -2.067 0.000 
6.500 1000.000 -2.218 -1.965 -1.650 -1.314 -1.273 -1.154 -1.265 -1.237 -1.258 -1.260 -1.260 -1.298 -1.324 -1.446 -1.646 -1.991 -2.151 -2.451 -2.770 -3.119 -3.061 -2.723 0.000 
6.750 1.000 1.230 1.741 2.156 2.681 2.753 3.041 3.411 3.647 3.725 3.823 3.932 4.021 4.031 4.031 3.981 3.801 3.617 3.587 3.685 3.545 3.621 3.492 0.000 
6.750 1.260 1.204 1.714 2.119 2.629 2.706 2.989 3.346 3.573 3.651 3.747 3.853 3.940 3.954 3.959 3.915 3.743 3.570 3.540 3.632 3.495 3.555 3.427 0.000 
6.750 1.580 1.175 1.684 2.078 2.572 2.654 2.933 3.277 3.493 3.572 3.666 3.769 3.856 3.873 3.882 3.846 3.683 3.520 3.490 3.578 3.442 3.486 3.358 0.000 
6.750 2.000 1.143 1.651 2.033 2.510 2.598 2.871 3.203 3.409 3.488 3.580 3.680 3.766 3.787 3.801 3.773 3.619 3.467 3.438 3.521 3.387 3.414 3.286 0.000 
6.750 2.510 1.108 1.613 1.983 2.442 2.535 2.804 3.123 3.319 3.399 3.489 3.586 3.671 3.696 3.716 3.695 3.552 3.411 3.383 3.460 3.329 3.338 3.211 0.000 
6.750 3.160 1.067 1.570 1.928 2.369 2.467 2.731 3.037 3.223 3.304 3.392 3.486 3.570 3.600 3.625 3.613 3.480 3.351 3.324 3.397 3.267 3.259 3.130 0.000 
6.750 3.980 1.023 1.523 1.867 2.290 2.394 2.652 2.946 3.121 3.204 3.289 3.380 3.463 3.499 3.529 3.526 3.402 3.285 3.260 3.328 3.202 3.174 3.045 0.000 
6.750 5.010 0.973 1.469 1.799 2.205 2.314 2.567 2.848 3.013 3.097 3.180 3.268 3.351 3.391 3.427 3.433 3.320 3.215 3.192 3.255 3.131 3.084 2.954 0.000 
6.750 6.310 0.918 1.410 1.726 2.114 2.228 2.477 2.745 2.900 2.985 3.065 3.151 3.232 3.277 3.318 3.333 3.231 3.138 3.118 3.177 3.055 2.989 2.857 0.000 
6.750 7.940 0.857 1.345 1.648 2.019 2.137 2.381 2.636 2.781 2.867 2.945 3.028 3.108 3.157 3.204 3.227 3.136 3.055 3.037 3.092 2.973 2.886 2.753 0.000 
6.750 10.000 0.791 1.273 1.563 1.918 2.041 2.280 2.522 2.658 2.743 2.819 2.899 2.978 3.031 3.083 3.115 3.035 2.966 2.950 3.000 2.884 2.777 2.643 0.000 
6.750 12.590 0.720 1.196 1.473 1.812 1.940 2.175 2.404 2.529 2.615 2.689 2.766 2.843 2.900 2.957 2.996 2.926 2.869 2.855 2.901 2.788 2.660 2.525 0.000 
6.750 15.850 0.644 1.112 1.378 1.702 1.835 2.065 2.281 2.397 2.482 2.553 2.628 2.703 2.763 2.824 2.871 2.810 2.765 2.753 2.794 2.684 2.536 2.401 0.000 
6.750 19.950 0.563 1.023 1.278 1.589 1.726 1.952 2.154 2.261 2.344 2.414 2.485 2.559 2.621 2.686 2.740 2.688 2.653 2.643 2.679 2.571 2.404 2.269 0.000 
6.750 25.120 0.477 0.929 1.174 1.472 1.612 1.834 2.024 2.121 2.203 2.270 2.339 2.410 2.475 2.543 2.602 2.558 2.534 2.525 2.555 2.449 2.264 2.130 0.000 
6.750 31.620 0.387 0.829 1.065 1.352 1.496 1.714 1.890 1.978 2.057 2.123 2.189 2.258 2.323 2.394 2.458 2.421 2.406 2.397 2.421 2.317 2.116 1.984 0.000 
6.750 39.810 0.292 0.724 0.953 1.229 1.376 1.590 1.752 1.832 1.908 1.971 2.035 2.101 2.167 2.240 2.308 2.276 2.270 2.261 2.278 2.174 1.958 1.830 0.000 
6.750 50.120 0.193 0.615 0.837 1.102 1.252 1.463 1.611 1.682 1.755 1.816 1.878 1.940 2.007 2.080 2.151 2.123 2.125 2.114 2.124 2.020 1.791 1.667 0.000 
6.750 63.100 0.090 0.500 0.717 0.973 1.125 1.332 1.466 1.528 1.598 1.657 1.716 1.775 1.841 1.914 1.987 1.962 1.971 1.957 1.958 1.853 1.612 1.495 0.000 
6.750 79.430 -0.019 0.380 0.592 0.841 0.995 1.197 1.316 1.371 1.436 1.493 1.549 1.604 1.670 1.742 1.815 1.790 1.805 1.786 1.779 1.671 1.422 1.312 0.000 
6.750 100.000 -0.133 0.253 0.463 0.705 0.860 1.058 1.162 1.208 1.270 1.324 1.377 1.428 1.492 1.562 1.634 1.607 1.626 1.602 1.583 1.472 1.216 1.117 0.000 
6.750 125.890 -0.253 0.120 0.328 0.565 0.719 0.913 1.001 1.041 1.097 1.149 1.199 1.245 1.307 1.373 1.441 1.411 1.431 1.399 1.369 1.252 0.994 0.908 0.000 
6.750 158.490 -0.382 -0.021 0.186 0.420 0.573 0.762 0.834 0.867 0.918 0.966 1.013 1.054 1.112 1.174 1.235 1.197 1.218 1.176 1.131 1.008 0.750 0.681 0.000 
6.750 199.530 -0.519 -0.171 0.037 0.269 0.420 0.603 0.658 0.685 0.730 0.775 0.818 0.853 0.907 0.961 1.013 0.964 0.982 0.928 0.866 0.732 0.480 0.432 0.000 
6.750 251.190 -0.668 -0.334 -0.121 0.112 0.257 0.434 0.471 0.493 0.531 0.572 0.611 0.639 0.688 0.732 0.770 0.706 0.718 0.647 0.566 0.420 0.179 0.156 0.000 
6.750 316.230 -0.832 -0.510 -0.292 -0.055 0.083 0.254 0.271 0.288 0.319 0.355 0.390 0.411 0.453 0.483 0.503 0.417 0.418 0.328 0.223 0.060 -0.163 -0.153 0.000 
6.750 398.110 -1.013 -0.705 -0.477 -0.233 -0.104 0.058 0.054 0.069 0.091 0.122 0.151 0.163 0.196 0.209 0.204 0.089 0.075 -0.041 -0.173 -0.358 -0.554 -0.505 0.000 
6.750 501.190 -1.216 -0.921 -0.680 -0.424 -0.309 -0.156 -0.183 -0.170 -0.157 -0.134 -0.111 -0.109 -0.086 -0.096 -0.134 -0.287 -0.323 -0.470 -0.637 -0.850 -1.007 -0.908 0.000 
6.750 630.960 -1.446 -1.166 -0.906 -0.633 -0.536 -0.393 -0.447 -0.433 -0.432 -0.416 -0.401 -0.411 -0.402 -0.441 -0.521 -0.723 -0.790 -0.977 -1.185 -1.433 -1.539 -1.377 0.000 
6.750 794.330 -1.712 -1.445 -1.161 -0.863 -0.791 -0.660 -0.743 -0.727 -0.738 -0.732 -0.726 -0.751 -0.759 -0.836 -0.971 -1.236 -1.343 -1.580 -1.838 -2.131 -2.168 -1.929 0.000 
6.750 1000.000 -2.021 -1.768 -1.451 -1.120 -1.079 -0.964 -1.081 -1.058 -1.085 -1.091 -1.096 -1.138 -1.168 -1.293 -1.497 -1.845 -2.005 -2.305 -2.625 -2.975 -2.922 -2.585 0.000 
7.000 1.000 1.332 1.838 2.259 2.786 2.855 3.141 3.502 3.735 3.801 3.898 4.006 4.090 4.094 4.097 4.046 3.865 3.677 3.642 3.735 3.591 3.666 3.534 0.000 
7.000 1.260 1.309 1.814 2.226 2.738 2.813 3.094 3.443 3.666 3.732 3.826 3.931 4.014 4.020 4.027 3.983 3.810 3.632 3.597 3.685 3.542 3.602 3.471 0.000 
7.000 1.580 1.284 1.788 2.190 2.687 2.766 3.043 3.379 3.592 3.658 3.751 3.853 3.934 3.944 3.954 3.917 3.752 3.585 3.550 3.633 3.492 3.536 3.406 0.000 
7.000 2.000 1.256 1.758 2.150 2.630 2.715 2.987 3.311 3.514 3.580 3.670 3.770 3.850 3.863 3.878 3.848 3.692 3.535 3.500 3.578 3.439 3.467 3.338 0.000 
7.000 2.510 1.225 1.725 2.105 2.569 2.659 2.926 3.237 3.430 3.497 3.585 3.682 3.761 3.778 3.798 3.775 3.628 3.482 3.448 3.521 3.384 3.395 3.266 0.000 
7.000 3.160 1.190 1.688 2.056 2.502 2.597 2.859 3.158 3.341 3.409 3.495 3.589 3.666 3.688 3.712 3.698 3.560 3.426 3.393 3.461 3.326 3.320 3.190 0.000 
7.000 3.980 1.151 1.646 2.001 2.429 2.530 2.787 3.074 3.246 3.316 3.399 3.490 3.566 3.593 3.622 3.615 3.487 3.365 3.334 3.397 3.265 3.240 3.110 0.000 
7.000 5.010 1.107 1.599 1.940 2.350 2.456 2.709 2.983 3.145 3.216 3.297 3.384 3.461 3.492 3.526 3.528 3.410 3.299 3.270 3.329 3.199 3.156 3.025 0.000 
7.000 6.310 1.058 1.546 1.874 2.266 2.377 2.625 2.886 3.038 3.111 3.189 3.273 3.349 3.385 3.424 3.434 3.327 3.228 3.201 3.255 3.128 3.066 2.935 0.000 
7.000 7.940 1.003 1.487 1.801 2.176 2.292 2.535 2.784 2.925 2.999 3.075 3.156 3.231 3.271 3.316 3.334 3.238 3.151 3.127 3.176 3.052 2.970 2.838 0.000 
7.000 10.000 0.944 1.422 1.723 2.080 2.202 2.439 2.675 2.807 2.882 2.956 3.034 3.107 3.152 3.201 3.228 3.142 3.067 3.045 3.091 2.969 2.867 2.734 0.000 
7.000 12.590 0.879 1.351 1.638 1.979 2.106 2.339 2.562 2.683 2.759 2.830 2.905 2.977 3.026 3.080 3.115 3.039 2.976 2.957 2.998 2.880 2.757 2.623 0.000 
7.000 15.850 0.808 1.274 1.548 1.874 2.005 2.233 2.444 2.555 2.631 2.700 2.772 2.842 2.895 2.953 2.995 2.929 2.878 2.861 2.898 2.782 2.640 2.505 0.000 
7.000 19.950 0.732 1.190 1.453 1.764 1.899 2.123 2.321 2.423 2.497 2.564 2.634 2.702 2.758 2.820 2.869 2.811 2.772 2.757 2.789 2.676 2.514 2.380 0.000 
7.000 25.120 0.651 1.101 1.353 1.650 1.790 2.009 2.193 2.286 2.360 2.424 2.491 2.557 2.616 2.681 2.735 2.686 2.658 2.645 2.671 2.560 2.380 2.246 0.000 
7.000 31.620 0.565 1.006 1.248 1.532 1.676 1.891 2.062 2.146 2.217 2.280 2.344 2.408 2.468 2.535 2.596 2.554 2.536 2.523 2.544 2.435 2.236 2.105 0.000 
7.000 39.810 0.474 0.905 1.139 1.411 1.558 1.769 1.927 2.001 2.071 2.131 2.192 2.254 2.315 2.384 2.449 2.413 2.404 2.391 2.406 2.298 2.083 1.955 0.000 
7.000 50.120 0.378 0.798 1.025 1.287 1.437 1.644 1.787 1.853 1.920 1.978 2.037 2.095 2.157 2.227 2.295 2.263 2.263 2.249 2.257 2.149 1.920 1.796 0.000 
7.000 63.100 0.277 0.686 0.906 1.159 1.311 1.515 1.644 1.701 1.765 1.821 1.876 1.931 1.993 2.064 2.133 2.105 2.111 2.095 2.095 1.987 1.746 1.627 0.000 
7.000 79.430 0.171 0.569 0.784 1.028 1.182 1.381 1.495 1.545 1.605 1.658 1.711 1.762 1.824 1.894 1.963 1.936 1.948 1.928 1.919 1.809 1.558 1.448 0.000 
7.000 100.000 0.059 0.444 0.655 0.893 1.048 1.242 1.342 1.384 1.439 1.490 1.540 1.587 1.648 1.715 1.783 1.755 1.771 1.746 1.727 1.613 1.355 1.255 0.000 
7.000 125.890 -0.060 0.313 0.522 0.754 0.908 1.099 1.182 1.217 1.268 1.316 1.363 1.405 1.464 1.528 1.592 1.559 1.579 1.547 1.515 1.396 1.135 1.047 0.000 
7.000 158.490 -0.188 0.173 0.381 0.610 0.763 0.948 1.016 1.044 1.089 1.134 1.178 1.215 1.270 1.329 1.387 1.348 1.367 1.325 1.280 1.154 0.893 0.822 0.000 
7.000 199.530 -0.324 0.023 0.233 0.460 0.610 0.790 0.840 0.862 0.902 0.943 0.983 1.015 1.066 1.117 1.166 1.116 1.132 1.078 1.016 0.881 0.625 0.574 0.000 
7.000 251.190 -0.473 -0.138 0.075 0.302 0.448 0.622 0.654 0.670 0.704 0.741 0.777 0.802 0.848 0.889 0.924 0.858 0.869 0.799 0.718 0.569 0.324 0.299 0.000 
7.000 316.230 -0.635 -0.314 -0.095 0.136 0.274 0.441 0.454 0.466 0.492 0.525 0.556 0.573 0.613 0.641 0.657 0.570 0.571 0.481 0.376 0.211 -0.016 -0.009 0.000 
7.000 398.110 -0.816 -0.508 -0.280 -0.041 0.087 0.246 0.238 0.247 0.265 0.292 0.317 0.326 0.357 0.367 0.359 0.243 0.228 0.113 -0.020 -0.206 -0.406 -0.360 0.000 
7.000 501.190 -1.018 -0.724 -0.483 -0.233 -0.118 0.032 0.000 0.008 0.016 0.037 0.056 0.054 0.074 0.062 0.021 -0.133 -0.169 -0.316 -0.483 -0.697 -0.859 -0.763 0.000 
7.000 630.960 -1.249 -0.968 -0.708 -0.441 -0.344 -0.205 -0.263 -0.255 -0.258 -0.245 -0.234 -0.248 -0.241 -0.283 -0.366 -0.569 -0.636 -0.822 -1.030 -1.279 -1.390 -1.231 0.000 
7.000 794.330 -1.514 -1.247 -0.963 -0.671 -0.599 -0.472 -0.559 -0.548 -0.564 -0.562 -0.559 -0.587 -0.598 -0.677 -0.815 -1.081 -1.189 -1.425 -1.683 -1.977 -2.020 -1.783 0.000 
7.000 1000.000 -1.823 -1.570 -1.253 -0.928 -0.887 -0.776 -0.897 -0.879 -0.911 -0.921 -0.928 -0.974 -1.007 -1.134 -1.341 -1.690 -1.850 -2.149 -2.469 -2.820 -2.773 -2.438 0.000 
7.250 1.000 1.433 1.933 2.359 2.885 2.951 3.234 3.588 3.819 3.875 3.970 4.078 4.158 4.157 4.165 4.116 3.936 3.745 3.706 3.795 3.647 3.719 3.582 0.000 
7.250 1.260 1.413 1.912 2.329 2.841 2.912 3.191 3.533 3.754 3.809 3.902 4.007 4.086 4.087 4.098 4.055 3.883 3.701 3.662 3.746 3.599 3.657 3.521 0.000 
7.250 1.580 1.390 1.888 2.296 2.794 2.870 3.145 3.474 3.685 3.740 3.831 3.934 4.010 4.014 4.029 3.992 3.827 3.656 3.617 3.696 3.551 3.593 3.458 0.000 
7.250 2.000 1.366 1.862 2.260 2.743 2.824 3.095 3.411 3.612 3.667 3.756 3.856 3.931 3.938 3.956 3.926 3.770 3.609 3.570 3.643 3.500 3.527 3.393 0.000 
7.250 2.510 1.338 1.833 2.221 2.687 2.773 3.039 3.344 3.535 3.590 3.677 3.774 3.847 3.858 3.880 3.857 3.709 3.559 3.520 3.589 3.447 3.458 3.325 0.000 
7.250 3.160 1.308 1.800 2.177 2.626 2.718 2.979 3.271 3.452 3.508 3.593 3.687 3.759 3.773 3.800 3.784 3.645 3.506 3.468 3.532 3.392 3.386 3.254 0.000 
7.250 3.980 1.273 1.764 2.128 2.559 2.657 2.913 3.193 3.363 3.421 3.503 3.594 3.665 3.684 3.715 3.706 3.576 3.449 3.413 3.471 3.334 3.311 3.178 0.000 
7.250 5.010 1.235 1.722 2.073 2.487 2.590 2.841 3.109 3.269 3.328 3.408 3.496 3.566 3.589 3.624 3.624 3.504 3.388 3.353 3.407 3.272 3.231 3.099 0.000 
7.250 6.310 1.192 1.676 2.013 2.409 2.518 2.764 3.019 3.169 3.230 3.307 3.391 3.461 3.489 3.528 3.536 3.426 3.322 3.289 3.339 3.206 3.147 3.014 0.000 
7.250 7.940 1.144 1.623 1.947 2.325 2.439 2.680 2.923 3.062 3.125 3.200 3.281 3.350 3.383 3.427 3.442 3.342 3.250 3.220 3.265 3.135 3.057 2.923 0.000 
7.250 10.000 1.090 1.565 1.875 2.235 2.354 2.591 2.821 2.950 3.014 3.087 3.164 3.232 3.270 3.318 3.342 3.252 3.172 3.144 3.185 3.058 2.960 2.826 0.000 
7.250 12.590 1.031 1.501 1.797 2.140 2.264 2.495 2.714 2.832 2.898 2.968 3.042 3.109 3.151 3.203 3.235 3.155 3.087 3.062 3.099 2.975 2.857 2.722 0.000 
7.250 15.850 0.967 1.430 1.713 2.039 2.168 2.395 2.600 2.709 2.775 2.843 2.914 2.980 3.025 3.082 3.121 3.050 2.995 2.973 3.005 2.884 2.746 2.611 0.000 
7.250 19.950 0.897 1.352 1.623 1.933 2.067 2.289 2.482 2.581 2.647 2.712 2.780 2.844 2.894 2.954 2.999 2.938 2.895 2.875 2.903 2.784 2.627 2.492 0.000 
7.250 25.120 0.821 1.268 1.527 1.823 1.961 2.179 2.359 2.448 2.514 2.577 2.642 2.704 2.756 2.820 2.871 2.819 2.786 2.769 2.791 2.676 2.499 2.364 0.000 
7.250 31.620 0.740 1.178 1.426 1.709 1.851 2.064 2.231 2.311 2.375 2.436 2.498 2.558 2.613 2.679 2.736 2.691 2.669 2.653 2.670 2.556 2.361 2.229 0.000 
7.250 39.810 0.653 1.082 1.320 1.590 1.736 1.945 2.098 2.169 2.232 2.290 2.350 2.407 2.464 2.532 2.593 2.554 2.542 2.527 2.538 2.426 2.214 2.084 0.000 
7.250 50.120 0.561 0.980 1.209 1.468 1.617 1.822 1.961 2.023 2.084 2.140 2.197 2.251 2.309 2.378 2.442 2.409 2.406 2.389 2.395 2.283 2.055 1.930 0.000 
7.250 63.100 0.463 0.871 1.094 1.343 1.494 1.694 1.819 1.873 1.931 1.985 2.038 2.090 2.148 2.217 2.284 2.253 2.258 2.240 2.238 2.126 1.885 1.765 0.000 
7.250 79.430 0.359 0.756 0.973 1.213 1.366 1.562 1.673 1.718 1.773 1.824 1.875 1.923 1.981 2.049 2.116 2.087 2.098 2.077 2.066 1.952 1.701 1.588 0.000 
7.250 100.000 0.249 0.634 0.847 1.079 1.233 1.425 1.521 1.559 1.609 1.658 1.705 1.749 1.806 1.873 1.938 1.908 1.924 1.898 1.877 1.761 1.502 1.399 0.000 
7.250 125.890 0.132 0.505 0.714 0.941 1.095 1.282 1.362 1.393 1.439 1.485 1.529 1.568 1.624 1.687 1.749 1.715 1.734 1.701 1.669 1.547 1.284 1.193 0.000 
7.250 158.490 0.006 0.366 0.575 0.798 0.950 1.132 1.196 1.220 1.261 1.304 1.345 1.379 1.432 1.489 1.545 1.505 1.524 1.483 1.436 1.308 1.044 0.970 0.000 
7.250 199.530 -0.129 0.218 0.427 0.648 0.798 0.975 1.021 1.039 1.075 1.114 1.151 1.179 1.228 1.278 1.325 1.274 1.291 1.237 1.175 1.037 0.778 0.724 0.000 
7.250 251.190 -0.276 0.058 0.270 0.491 0.637 0.807 0.836 0.848 0.877 0.912 0.945 0.967 1.011 1.051 1.084 1.018 1.029 0.960 0.878 0.728 0.479 0.450 0.000 
7.250 316.230 -0.438 -0.117 0.101 0.325 0.464 0.627 0.636 0.644 0.667 0.697 0.725 0.739 0.777 0.803 0.818 0.731 0.732 0.643 0.538 0.371 0.140 0.143 0.000 
7.250 398.110 -0.618 -0.311 -0.083 0.148 0.277 0.432 0.420 0.425 0.439 0.464 0.487 0.492 0.521 0.530 0.520 0.404 0.390 0.276 0.144 -0.044 -0.250 -0.207 0.000 
7.250 501.190 -0.820 -0.526 -0.286 -0.043 0.072 0.219 0.183 0.187 0.191 0.209 0.226 0.221 0.239 0.225 0.183 0.030 -0.007 -0.152 -0.318 -0.534 -0.702 -0.609 0.000 
7.250 630.960 -1.050 -0.770 -0.511 -0.251 -0.154 -0.018 -0.080 -0.076 -0.082 -0.073 -0.064 -0.081 -0.076 -0.119 -0.203 -0.406 -0.473 -0.657 -0.865 -1.115 -1.232 -1.078 0.000 
7.250 794.330 -1.315 -1.048 -0.765 -0.481 -0.408 -0.285 -0.376 -0.369 -0.388 -0.389 -0.389 -0.420 -0.432 -0.513 -0.652 -0.918 -1.025 -1.259 -1.517 -1.812 -1.861 -1.629 0.000 
7.250 1000.000 -1.624 -1.371 -1.056 -0.738 -0.697 -0.589 -0.713 -0.700 -0.735 -0.748 -0.758 -0.807 -0.841 -0.969 -1.178 -1.526 -1.686 -1.983 -2.303 -2.655 -2.614 -2.284 0.000 
7.500 1.000 1.533 2.027 2.455 2.979 3.041 3.322 3.670 3.899 3.946 4.040 4.149 4.226 4.222 4.237 4.191 4.014 3.820 3.778 3.865 3.712 3.781 3.637 0.000 
7.500 1.260 1.515 2.008 2.428 2.939 3.006 3.283 3.618 3.838 3.884 3.976 4.082 4.157 4.154 4.172 4.132 3.962 3.778 3.736 3.817 3.666 3.720 3.577 0.000 
7.500 1.580 1.494 1.987 2.398 2.895 2.967 3.241 3.564 3.773 3.818 3.908 4.012 4.085 4.084 4.105 4.071 3.909 3.735 3.692 3.767 3.618 3.658 3.516 0.000 
7.500 2.000 1.473 1.964 2.366 2.848 2.926 3.195 3.505 3.705 3.750 3.838 3.939 4.010 4.012 4.036 4.008 3.853 3.689 3.647 3.717 3.569 3.594 3.454 0.000 
7.500 2.510 1.448 1.938 2.330 2.797 2.880 3.145 3.443 3.632 3.678 3.764 3.862 3.931 3.936 3.963 3.942 3.795 3.642 3.599 3.664 3.519 3.528 3.389 0.000 
7.500 3.160 1.421 1.909 2.291 2.742 2.830 3.090 3.376 3.555 3.601 3.685 3.780 3.848 3.857 3.887 3.873 3.734 3.591 3.550 3.610 3.466 3.459 3.321 0.000 
7.500 3.980 1.391 1.877 2.247 2.681 2.775 3.031 3.305 3.473 3.520 3.602 3.694 3.761 3.773 3.807 3.800 3.669 3.538 3.497 3.553 3.411 3.387 3.250 0.000 
7.500 5.010 1.358 1.841 2.199 2.615 2.715 2.965 3.227 3.386 3.434 3.513 3.602 3.668 3.684 3.722 3.722 3.601 3.481 3.442 3.492 3.352 3.312 3.174 0.000 
7.500 6.310 1.320 1.800 2.145 2.544 2.649 2.894 3.144 3.292 3.342 3.419 3.504 3.569 3.590 3.632 3.639 3.527 3.419 3.382 3.427 3.290 3.232 3.095 0.000 
7.500 7.940 1.278 1.753 2.085 2.466 2.577 2.817 3.055 3.192 3.245 3.319 3.401 3.465 3.491 3.536 3.551 3.449 3.352 3.317 3.358 3.224 3.147 3.010 0.000 
7.500 10.000 1.231 1.702 2.020 2.382 2.499 2.734 2.959 3.087 3.141 3.212 3.291 3.354 3.385 3.434 3.456 3.364 3.280 3.247 3.284 3.152 3.057 2.919 0.000 
7.500 12.590 1.178 1.644 1.948 2.293 2.414 2.645 2.858 2.975 3.031 3.100 3.175 3.237 3.272 3.326 3.355 3.273 3.201 3.171 3.203 3.074 2.959 2.822 0.000 
7.500 15.850 1.120 1.579 1.870 2.197 2.324 2.550 2.751 2.858 2.915 2.981 3.053 3.114 3.153 3.210 3.247 3.174 3.115 3.087 3.115 2.989 2.855 2.717 0.000 
7.500 19.950 1.056 1.508 1.786 2.097 2.228 2.449 2.637 2.735 2.792 2.856 2.924 2.984 3.028 3.088 3.132 3.068 3.021 2.996 3.020 2.896 2.742 2.605 0.000 
7.500 25.120 0.986 1.431 1.695 1.991 2.127 2.343 2.519 2.606 2.664 2.726 2.791 2.849 2.896 2.959 3.009 2.954 2.918 2.896 2.915 2.794 2.621 2.484 0.000 
7.500 31.620 0.910 1.346 1.599 1.880 2.021 2.232 2.395 2.473 2.530 2.589 2.651 2.708 2.758 2.823 2.879 2.831 2.806 2.786 2.800 2.682 2.490 2.354 0.000 
7.500 39.810 0.828 1.255 1.498 1.765 1.909 2.116 2.266 2.334 2.391 2.448 2.507 2.561 2.613 2.681 2.740 2.700 2.685 2.666 2.675 2.558 2.348 2.215 0.000 
7.500 50.120 0.740 1.157 1.390 1.646 1.793 1.996 2.132 2.191 2.246 2.301 2.356 2.408 2.462 2.531 2.594 2.558 2.553 2.534 2.537 2.421 2.196 2.066 0.000 
7.500 63.100 0.646 1.053 1.278 1.522 1.672 1.871 1.992 2.044 2.096 2.148 2.201 2.249 2.304 2.373 2.438 2.407 2.410 2.390 2.385 2.270 2.030 1.906 0.000 
7.500 79.430 0.546 0.941 1.159 1.394 1.547 1.740 1.848 1.891 1.941 1.990 2.039 2.084 2.140 2.208 2.274 2.244 2.254 2.231 2.219 2.102 1.851 1.733 0.000 
7.500 100.000 0.438 0.822 1.035 1.262 1.416 1.605 1.697 1.732 1.779 1.825 1.872 1.913 1.968 2.034 2.098 2.068 2.083 2.056 2.034 1.915 1.655 1.547 0.000 
7.500 125.890 0.323 0.695 0.905 1.125 1.279 1.463 1.540 1.568 1.610 1.654 1.697 1.734 1.787 1.850 1.911 1.878 1.896 1.863 1.829 1.706 1.440 1.345 0.000 
7.500 158.490 0.200 0.559 0.767 0.983 1.135 1.314 1.375 1.396 1.434 1.474 1.514 1.546 1.597 1.654 1.709 1.669 1.688 1.647 1.600 1.470 1.203 1.124 0.000 
7.500 199.530 0.066 0.413 0.620 0.834 0.984 1.158 1.201 1.216 1.249 1.285 1.321 1.347 1.394 1.444 1.490 1.440 1.457 1.404 1.341 1.202 0.939 0.880 0.000 
7.500 251.190 -0.080 0.254 0.464 0.678 0.823 0.991 1.016 1.026 1.052 1.085 1.116 1.136 1.178 1.218 1.251 1.186 1.197 1.129 1.047 0.896 0.642 0.608 0.000 
7.500 316.230 -0.241 0.080 0.296 0.513 0.651 0.811 0.818 0.823 0.842 0.870 0.896 0.908 0.945 0.971 0.985 0.899 0.901 0.814 0.709 0.541 0.305 0.302 0.000 
7.500 398.110 -0.420 -0.113 0.112 0.336 0.464 0.617 0.602 0.604 0.615 0.637 0.658 0.662 0.690 0.699 0.688 0.574 0.560 0.448 0.316 0.127 -0.083 -0.047 0.000 
7.500 501.190 -0.621 -0.328 -0.090 0.145 0.260 0.404 0.366 0.366 0.368 0.383 0.398 0.391 0.408 0.394 0.352 0.200 0.164 0.021 -0.145 -0.361 -0.534 -0.448 0.000 
7.500 630.960 -0.851 -0.571 -0.315 -0.063 0.034 0.167 0.103 0.103 0.094 0.101 0.109 0.090 0.094 0.051 -0.034 -0.236 -0.301 -0.483 -0.690 -0.941 -1.064 -0.916 0.000 
7.500 794.330 -1.115 -0.849 -0.569 -0.292 -0.220 -0.100 -0.193 -0.189 -0.212 -0.214 -0.216 -0.249 -0.263 -0.343 -0.483 -0.747 -0.853 -1.085 -1.342 -1.637 -1.692 -1.466 0.000 
7.500 1000.000 -1.424 -1.171 -0.859 -0.549 -0.508 -0.403 -0.530 -0.520 -0.558 -0.573 -0.585 -0.636 -0.671 -0.799 -1.009 -1.355 -1.514 -1.808 -2.127 -2.479 -2.444 -2.121 0.000 
7.750 1.000 1.633 2.121 2.548 3.068 3.127 3.406 3.748 3.976 4.016 4.109 4.220 4.295 4.289 4.312 4.271 4.100 3.904 3.859 3.944 3.788 3.853 3.698 0.000 
7.750 1.260 1.616 2.103 2.523 3.031 3.094 3.369 3.699 3.917 3.956 4.047 4.155 4.228 4.223 4.249 4.214 4.049 3.863 3.818 3.897 3.742 3.793 3.640 0.000 
7.750 1.580 1.597 2.084 2.496 2.991 3.059 3.331 3.648 3.856 3.894 3.983 4.089 4.160 4.156 4.185 4.155 3.997 3.821 3.775 3.849 3.696 3.732 3.581 0.000 
7.750 2.000 1.578 2.063 2.467 2.948 3.021 3.289 3.594 3.792 3.829 3.917 4.019 4.088 4.087 4.118 4.094 3.943 3.777 3.732 3.799 3.648 3.670 3.520 0.000 
7.750 2.510 1.556 2.040 2.435 2.901 2.980 3.243 3.536 3.725 3.761 3.847 3.946 4.014 4.015 4.049 4.031 3.887 3.731 3.686 3.749 3.599 3.606 3.457 0.000 
7.750 3.160 1.532 2.015 2.400 2.850 2.935 3.194 3.474 3.653 3.690 3.773 3.870 3.935 3.939 3.976 3.965 3.829 3.684 3.639 3.696 3.548 3.539 3.392 0.000 
7.750 3.980 1.506 1.986 2.361 2.795 2.885 3.140 3.408 3.577 3.614 3.695 3.789 3.853 3.860 3.900 3.895 3.767 3.633 3.589 3.641 3.495 3.470 3.325 0.000 
7.750 5.010 1.476 1.954 2.318 2.735 2.831 3.081 3.337 3.495 3.534 3.613 3.703 3.766 3.777 3.820 3.822 3.702 3.579 3.536 3.583 3.440 3.398 3.253 0.000 
7.750 6.310 1.444 1.918 2.269 2.670 2.771 3.016 3.260 3.408 3.448 3.525 3.612 3.674 3.689 3.735 3.744 3.633 3.521 3.480 3.522 3.381 3.323 3.178 0.000 
7.750 7.940 1.407 1.878 2.216 2.598 2.705 2.945 3.178 3.315 3.357 3.432 3.515 3.576 3.595 3.645 3.661 3.559 3.459 3.419 3.457 3.318 3.242 3.098 0.000 
7.750 10.000 1.365 1.832 2.157 2.521 2.634 2.869 3.089 3.216 3.261 3.332 3.412 3.472 3.496 3.549 3.572 3.480 3.392 3.354 3.387 3.251 3.157 3.013 0.000 
7.750 12.590 1.318 1.780 2.091 2.438 2.556 2.786 2.995 3.111 3.157 3.226 3.303 3.362 3.391 3.447 3.477 3.394 3.318 3.283 3.312 3.178 3.066 2.922 0.000 
7.750 15.850 1.267 1.723 2.020 2.348 2.472 2.697 2.894 3.000 3.048 3.114 3.187 3.245 3.278 3.338 3.375 3.301 3.237 3.205 3.230 3.098 2.967 2.824 0.000 
7.750 19.950 1.209 1.658 1.942 2.253 2.382 2.602 2.786 2.882 2.932 2.996 3.065 3.122 3.160 3.222 3.265 3.201 3.149 3.120 3.140 3.012 2.861 2.718 0.000 
7.750 25.120 1.145 1.587 1.857 2.152 2.286 2.501 2.673 2.759 2.810 2.871 2.937 2.992 3.034 3.099 3.148 3.092 3.053 3.026 3.042 2.916 2.746 2.604 0.000 
7.750 31.620 1.075 1.509 1.767 2.046 2.184 2.395 2.554 2.630 2.681 2.740 2.802 2.856 2.901 2.968 3.023 2.975 2.947 2.922 2.934 2.810 2.622 2.481 0.000 
7.750 39.810 0.999 1.424 1.670 1.935 2.077 2.283 2.429 2.496 2.547 2.603 2.662 2.713 2.762 2.831 2.890 2.849 2.831 2.808 2.815 2.693 2.487 2.348 0.000 
7.750 50.120 0.916 1.331 1.567 1.819 1.965 2.165 2.298 2.356 2.406 2.460 2.516 2.564 2.615 2.685 2.748 2.712 2.705 2.683 2.683 2.563 2.340 2.205 0.000 
7.750 63.100 0.826 1.231 1.458 1.698 1.847 2.043 2.162 2.211 2.260 2.311 2.363 2.409 2.461 2.531 2.597 2.565 2.566 2.544 2.538 2.418 2.180 2.050 0.000 
7.750 79.430 0.730 1.124 1.343 1.572 1.723 1.915 2.020 2.061 2.107 2.155 2.204 2.247 2.300 2.369 2.435 2.406 2.415 2.391 2.377 2.256 2.005 1.883 0.000 
7.750 100.000 0.626 1.009 1.221 1.442 1.594 1.781 1.872 1.905 1.948 1.993 2.039 2.078 2.131 2.198 2.263 2.234 2.248 2.220 2.197 2.075 1.814 1.700 0.000 
7.750 125.890 0.514 0.885 1.093 1.307 1.459 1.641 1.716 1.742 1.781 1.824 1.866 1.901 1.953 2.016 2.078 2.046 2.064 2.031 1.997 1.870 1.603 1.502 0.000 
7.750 158.490 0.392 0.751 0.957 1.166 1.317 1.494 1.553 1.571 1.607 1.646 1.685 1.715 1.764 1.823 1.878 1.840 1.859 1.818 1.771 1.639 1.370 1.283 0.000 
7.750 199.530 0.260 0.606 0.812 1.018 1.167 1.338 1.380 1.392 1.423 1.458 1.493 1.517 1.564 1.615 1.661 1.613 1.630 1.579 1.516 1.375 1.108 1.042 0.000 
7.750 251.190 0.116 0.449 0.657 0.863 1.007 1.172 1.196 1.203 1.227 1.258 1.289 1.307 1.349 1.390 1.423 1.360 1.372 1.306 1.224 1.071 0.814 0.772 0.000 
7.750 316.230 -0.044 0.277 0.489 0.698 0.835 0.994 0.998 1.001 1.018 1.044 1.070 1.081 1.116 1.144 1.159 1.075 1.078 0.992 0.888 0.719 0.478 0.468 0.000 
7.750 398.110 -0.221 0.086 0.307 0.522 0.650 0.800 0.783 0.782 0.792 0.813 0.833 0.835 0.862 0.872 0.863 0.751 0.738 0.629 0.498 0.308 0.092 0.121 0.000 
7.750 501.190 -0.422 -0.128 0.105 0.332 0.446 0.587 0.547 0.545 0.545 0.559 0.573 0.565 0.581 0.569 0.527 0.377 0.344 0.203 0.039 -0.178 -0.358 -0.279 0.000 
7.750 630.960 -0.651 -0.371 -0.119 0.124 0.220 0.350 0.285 0.283 0.272 0.278 0.284 0.264 0.267 0.225 0.141 -0.057 -0.121 -0.300 -0.506 -0.757 -0.886 -0.746 0.000 
7.750 794.330 -0.915 -0.648 -0.373 -0.105 -0.033 0.084 -0.011 -0.010 -0.033 -0.038 -0.040 -0.075 -0.088 -0.168 -0.306 -0.568 -0.672 -0.901 -1.156 -1.452 -1.514 -1.296 0.000 
7.750 1000.000 -1.223 -0.970 -0.662 -0.362 -0.321 -0.219 -0.348 -0.340 -0.379 -0.396 -0.409 -0.461 -0.496 -0.624 -0.832 -1.175 -1.332 -1.623 -1.940 -2.293 -2.265 -1.950 0.000 
8.000 1.000 1.732 2.215 2.639 3.153 3.208 3.485 3.823 4.050 4.085 4.178 4.291 4.366 4.358 4.392 4.358 4.192 3.996 3.950 4.032 3.874 3.933 3.767 0.000 
8.000 1.260 1.716 2.198 2.616 3.118 3.178 3.451 3.776 3.994 4.027 4.119 4.229 4.301 4.295 4.330 4.302 4.143 3.956 3.909 3.986 3.829 3.874 3.710 0.000 
8.000 1.580 1.699 2.181 2.591 3.081 3.145 3.415 3.728 3.936 3.967 4.057 4.165 4.234 4.230 4.268 4.244 4.092 3.915 3.868 3.939 3.783 3.815 3.652 0.000 
8.000 2.000 1.681 2.162 2.564 3.041 3.111 3.377 3.677 3.875 3.905 3.993 4.098 4.166 4.163 4.203 4.185 4.040 3.872 3.825 3.891 3.737 3.754 3.593 0.000 
8.000 2.510 1.662 2.141 2.535 2.998 3.073 3.335 3.623 3.812 3.841 3.927 4.029 4.095 4.094 4.136 4.124 3.986 3.828 3.781 3.841 3.689 3.691 3.532 0.000 
8.000 3.160 1.641 2.118 2.504 2.952 3.032 3.290 3.566 3.745 3.774 3.858 3.957 4.021 4.022 4.067 4.061 3.929 3.782 3.735 3.790 3.640 3.627 3.469 0.000 
8.000 3.980 1.617 2.093 2.469 2.902 2.987 3.241 3.505 3.674 3.703 3.785 3.881 3.943 3.947 3.995 3.995 3.871 3.734 3.688 3.738 3.588 3.560 3.404 0.000 
8.000 5.010 1.592 2.065 2.430 2.847 2.938 3.188 3.439 3.598 3.628 3.708 3.801 3.861 3.868 3.919 3.925 3.809 3.683 3.638 3.682 3.535 3.491 3.336 0.000 
8.000 6.310 1.563 2.033 2.387 2.788 2.884 3.129 3.369 3.517 3.548 3.626 3.716 3.775 3.785 3.839 3.851 3.743 3.629 3.584 3.624 3.479 3.419 3.265 0.000 
8.000 7.940 1.530 1.997 2.339 2.722 2.825 3.065 3.293 3.431 3.464 3.539 3.625 3.683 3.698 3.754 3.773 3.674 3.571 3.527 3.562 3.419 3.343 3.190 0.000 
8.000 10.000 1.494 1.957 2.286 2.651 2.760 2.995 3.211 3.339 3.374 3.446 3.529 3.586 3.605 3.664 3.689 3.599 3.507 3.466 3.497 3.355 3.262 3.110 0.000 
8.000 12.590 1.453 1.911 2.227 2.574 2.689 2.919 3.123 3.240 3.277 3.347 3.426 3.482 3.506 3.567 3.599 3.518 3.439 3.399 3.426 3.287 3.175 3.024 0.000 
8.000 15.850 1.407 1.860 2.162 2.491 2.611 2.836 3.029 3.135 3.175 3.242 3.317 3.372 3.400 3.465 3.503 3.431 3.363 3.327 3.348 3.212 3.083 2.932 0.000 
8.000 19.950 1.356 1.802 2.091 2.402 2.527 2.747 2.928 3.024 3.066 3.130 3.202 3.255 3.288 3.355 3.400 3.336 3.281 3.247 3.264 3.131 2.983 2.833 0.000 
8.000 25.120 1.298 1.738 2.012 2.307 2.437 2.652 2.820 2.907 2.950 3.012 3.079 3.132 3.169 3.238 3.288 3.233 3.191 3.159 3.172 3.041 2.874 2.725 0.000 
8.000 31.620 1.234 1.666 1.928 2.205 2.341 2.550 2.707 2.783 2.827 2.886 2.950 3.001 3.043 3.113 3.169 3.122 3.091 3.062 3.070 2.942 2.756 2.609 0.000 
8.000 39.810 1.164 1.587 1.836 2.099 2.238 2.443 2.587 2.654 2.698 2.755 2.815 2.864 2.909 2.981 3.041 3.001 2.981 2.954 2.958 2.831 2.628 2.483 0.000 
8.000 50.120 1.087 1.500 1.738 1.986 2.130 2.330 2.460 2.518 2.563 2.616 2.673 2.720 2.768 2.840 2.904 2.870 2.860 2.835 2.833 2.708 2.487 2.346 0.000 
8.000 63.100 1.002 1.406 1.633 1.869 2.016 2.211 2.328 2.377 2.420 2.471 2.525 2.569 2.619 2.691 2.758 2.728 2.727 2.702 2.694 2.570 2.334 2.197 0.000 
8.000 79.430 0.910 1.303 1.522 1.746 1.896 2.086 2.189 2.229 2.271 2.319 2.369 2.411 2.461 2.533 2.600 2.573 2.580 2.554 2.539 2.414 2.165 2.035 0.000 
8.000 100.000 0.810 1.192 1.404 1.619 1.769 1.955 2.043 2.075 2.115 2.160 2.207 2.244 2.296 2.365 2.431 2.404 2.418 2.389 2.365 2.239 1.979 1.857 0.000 
8.000 125.890 0.701 1.072 1.278 1.485 1.636 1.817 1.890 1.914 1.951 1.993 2.036 2.070 2.120 2.186 2.249 2.220 2.238 2.204 2.170 2.040 1.772 1.663 0.000 
8.000 158.490 0.583 0.941 1.144 1.346 1.496 1.671 1.728 1.746 1.779 1.817 1.856 1.885 1.934 1.995 2.052 2.017 2.037 1.996 1.949 1.814 1.543 1.448 0.000 
8.000 199.530 0.454 0.799 1.001 1.199 1.347 1.516 1.557 1.568 1.597 1.631 1.666 1.690 1.736 1.789 1.837 1.792 1.811 1.760 1.697 1.554 1.285 1.210 0.000 
8.000 251.190 0.311 0.644 0.848 1.045 1.188 1.351 1.374 1.380 1.403 1.433 1.463 1.481 1.522 1.566 1.601 1.541 1.555 1.490 1.409 1.254 0.993 0.943 0.000 
8.000 316.230 0.153 0.473 0.681 0.881 1.018 1.174 1.177 1.178 1.195 1.220 1.246 1.256 1.291 1.321 1.338 1.258 1.262 1.179 1.076 0.906 0.660 0.640 0.000 
8.000 398.110 -0.023 0.284 0.500 0.706 0.833 0.981 0.963 0.961 0.970 0.989 1.009 1.011 1.038 1.051 1.043 0.935 0.925 0.818 0.688 0.497 0.276 0.295 0.000 
8.000 501.190 -0.222 0.071 0.299 0.516 0.630 0.768 0.728 0.724 0.723 0.736 0.750 0.741 0.759 0.748 0.708 0.563 0.531 0.394 0.231 0.013 -0.172 -0.104 0.000 
8.000 630.960 -0.450 -0.170 0.075 0.309 0.404 0.532 0.466 0.462 0.451 0.456 0.462 0.441 0.445 0.405 0.324 0.129 0.068 -0.108 -0.312 -0.564 -0.700 -0.569 0.000 
8.000 794.330 -0.713 -0.447 -0.178 0.080 0.151 0.267 0.170 0.170 0.146 0.141 0.138 0.103 0.090 0.013 -0.124 -0.381 -0.482 -0.708 -0.961 -1.258 -1.326 -1.118 0.000 
8.000 1000.000 -1.021 -0.768 -0.467 -0.176 -0.136 -0.036 -0.166 -0.160 -0.200 -0.217 -0.231 -0.283 -0.317 -0.442 -0.649 -0.988 -1.142 -1.429 -1.744 -2.097 -2.077 -1.771 0.000 
