AtkinsonBoore2003SSlabCascadia_CanadaSHM6-trial modified from OpenQuake implementation, distance is rrup. Log10 ground motion values in cgs units, PGV and Sa(T<0.1s) not valid
          14 31 11 : nmag, ndist, nperiod
          10.000 5.000 3.000 2.000 1.000 0.400 0.200 0.100 0.040 PGA PGV 
          0.691 0.691 0.691 0.691 0.668 0.645 0.645 0.645 0.576 0.622 0.000 
4.750 1.000 0.343 0.954 1.519 2.260 2.950 3.129 3.274 3.067 3.033 2.787 0.000 
4.750 1.260 0.298 0.907 1.471 2.211 2.902 3.080 3.226 3.018 2.985 2.738 0.000 
4.750 1.580 0.237 0.843 1.405 2.145 2.836 3.042 3.180 2.969 2.933 2.690 0.000 
4.750 2.000 0.156 0.759 1.319 2.059 2.749 3.034 3.150 2.931 2.889 2.654 0.000 
4.750 2.510 0.056 0.655 1.212 1.952 2.642 3.005 3.100 2.873 2.824 2.598 0.000 
4.750 3.160 -0.061 0.533 1.087 1.826 2.516 2.949 3.025 2.790 2.736 2.517 0.000 
4.750 3.980 -0.193 0.396 0.946 1.685 2.374 2.865 2.926 2.684 2.625 2.413 0.000 
4.750 5.010 -0.337 0.247 0.793 1.531 2.220 2.755 2.804 2.557 2.494 2.287 0.000 
4.750 6.310 -0.487 0.089 0.630 1.368 2.056 2.604 2.649 2.400 2.336 2.131 0.000 
4.750 7.940 -0.643 -0.074 0.462 1.198 1.886 2.434 2.478 2.229 2.165 1.960 0.000 
4.750 10.000 -0.801 -0.240 0.289 1.024 1.710 2.258 2.303 2.053 1.988 1.784 0.000 
4.750 12.590 -0.961 -0.410 0.114 0.847 1.531 2.079 2.123 1.873 1.808 1.605 0.000 
4.750 15.850 -1.122 -0.580 -0.064 0.667 1.350 1.897 1.941 1.690 1.624 1.422 0.000 
4.750 19.950 -1.283 -0.752 -0.243 0.485 1.165 1.713 1.756 1.503 1.437 1.236 0.000 
4.750 25.120 -1.445 -0.924 -0.423 0.301 0.978 1.526 1.568 1.314 1.247 1.048 0.000 
4.750 31.620 -1.606 -1.098 -0.605 0.114 0.789 1.336 1.377 1.121 1.054 0.856 0.000 
4.750 39.810 -1.768 -1.271 -0.787 -0.074 0.596 1.142 1.182 0.925 0.856 0.661 0.000 
4.750 50.120 -1.931 -1.446 -0.971 -0.265 0.399 0.945 0.984 0.723 0.653 0.461 0.000 
4.750 63.100 -2.094 -1.622 -1.156 -0.460 0.197 0.743 0.780 0.516 0.443 0.256 0.000 
4.750 79.430 -2.258 -1.799 -1.342 -0.658 -0.010 0.535 0.569 0.301 0.226 0.044 0.000 
4.750 100.000 -2.424 -1.979 -1.531 -0.861 -0.225 0.319 0.350 0.077 -0.002 -0.177 0.000 
4.750 125.890 -2.592 -2.160 -1.722 -1.071 -0.449 0.093 0.122 -0.159 -0.241 -0.408 0.000 
4.750 158.490 -2.763 -2.344 -1.915 -1.289 -0.684 -0.144 -0.120 -0.410 -0.497 -0.653 0.000 
4.750 199.530 -2.938 -2.532 -2.113 -1.517 -0.935 -0.396 -0.378 -0.679 -0.772 -0.915 0.000 
4.750 251.190 -3.117 -2.725 -2.316 -1.757 -1.203 -0.667 -0.657 -0.971 -1.072 -1.199 0.000 
4.750 316.230 -3.302 -2.924 -2.524 -2.013 -1.495 -0.962 -0.961 -1.293 -1.404 -1.510 0.000 
4.750 398.110 -3.495 -3.130 -2.740 -2.289 -1.816 -1.287 -1.297 -1.652 -1.775 -1.854 0.000 
4.750 501.190 -3.697 -3.346 -2.966 -2.590 -2.173 -1.650 -1.675 -2.057 -2.195 -2.242 0.000 
4.750 630.960 -3.910 -3.574 -3.204 -2.922 -2.577 -2.060 -2.103 -2.520 -2.678 -2.683 0.000 
4.750 794.330 -4.139 -3.816 -3.456 -3.294 -3.039 -2.530 -2.596 -3.057 -3.240 -3.193 0.000 
4.750 1000.000 -4.387 -4.078 -3.728 -3.716 -3.574 -3.076 -3.170 -3.687 -3.900 -3.787 0.000 
5.000 1.000 0.469 1.075 1.616 2.326 2.987 3.139 3.264 3.050 3.008 2.776 0.000 
5.000 1.260 0.442 1.046 1.586 2.296 2.956 3.108 3.233 3.019 2.977 2.746 0.000 
5.000 1.580 0.403 1.003 1.542 2.252 2.912 3.064 3.189 2.975 2.933 2.702 0.000 
5.000 2.000 0.347 0.945 1.481 2.191 2.851 3.061 3.171 2.950 2.904 2.678 0.000 
5.000 2.510 0.273 0.867 1.401 2.110 2.771 3.049 3.140 2.912 2.860 2.642 0.000 
5.000 3.160 0.179 0.770 1.300 2.010 2.670 3.018 3.090 2.854 2.796 2.586 0.000 
5.000 3.980 0.068 0.653 1.180 1.889 2.549 2.962 3.016 2.773 2.710 2.507 0.000 
5.000 5.010 -0.059 0.521 1.044 1.752 2.411 2.879 2.918 2.669 2.601 2.405 0.000 
5.000 6.310 -0.198 0.376 0.894 1.602 2.260 2.771 2.798 2.545 2.473 2.281 0.000 
5.000 7.940 -0.345 0.222 0.735 1.441 2.099 2.620 2.645 2.389 2.316 2.127 0.000 
5.000 10.000 -0.497 0.061 0.569 1.274 1.930 2.452 2.476 2.220 2.147 1.957 0.000 
5.000 12.590 -0.653 -0.104 0.398 1.101 1.756 2.277 2.301 2.044 1.971 1.782 0.000 
5.000 15.850 -0.811 -0.271 0.224 0.924 1.578 2.099 2.122 1.864 1.790 1.603 0.000 
5.000 19.950 -0.970 -0.441 0.047 0.744 1.396 1.917 1.939 1.681 1.606 1.420 0.000 
5.000 25.120 -1.130 -0.611 -0.131 0.562 1.211 1.731 1.753 1.493 1.418 1.233 0.000 
5.000 31.620 -1.291 -0.783 -0.311 0.378 1.023 1.543 1.564 1.302 1.226 1.043 0.000 
5.000 39.810 -1.452 -0.956 -0.492 0.191 0.831 1.351 1.371 1.107 1.030 0.850 0.000 
5.000 50.120 -1.613 -1.129 -0.675 0.001 0.636 1.155 1.174 0.907 0.828 0.651 0.000 
5.000 63.100 -1.775 -1.304 -0.858 -0.192 0.435 0.954 0.971 0.701 0.620 0.447 0.000 
5.000 79.430 -1.939 -1.480 -1.044 -0.389 0.229 0.747 0.761 0.487 0.403 0.236 0.000 
5.000 100.000 -2.104 -1.658 -1.231 -0.592 0.015 0.532 0.544 0.264 0.177 0.016 0.000 
5.000 125.890 -2.271 -1.839 -1.421 -0.801 -0.207 0.308 0.316 0.029 -0.062 -0.214 0.000 
5.000 158.490 -2.441 -2.022 -1.614 -1.017 -0.442 0.072 0.075 -0.221 -0.316 -0.458 0.000 
5.000 199.530 -2.614 -2.209 -1.810 -1.244 -0.691 -0.179 -0.182 -0.489 -0.590 -0.719 0.000 
5.000 251.190 -2.793 -2.401 -2.012 -1.483 -0.959 -0.449 -0.459 -0.780 -0.889 -1.002 0.000 
5.000 316.230 -2.977 -2.598 -2.219 -1.738 -1.250 -0.743 -0.762 -1.101 -1.220 -1.311 0.000 
5.000 398.110 -3.168 -2.804 -2.434 -2.013 -1.569 -1.067 -1.098 -1.458 -1.590 -1.655 0.000 
5.000 501.190 -3.369 -3.019 -2.659 -2.313 -1.926 -1.429 -1.474 -1.862 -2.009 -2.041 0.000 
5.000 630.960 -3.582 -3.245 -2.896 -2.644 -2.329 -1.838 -1.901 -2.325 -2.491 -2.482 0.000 
5.000 794.330 -3.810 -3.487 -3.147 -3.015 -2.790 -2.307 -2.393 -2.861 -3.051 -2.990 0.000 
5.000 1000.000 -4.057 -3.748 -3.418 -3.436 -3.324 -2.852 -2.966 -3.489 -3.711 -3.584 0.000 
5.250 1.000 0.581 1.181 1.699 2.379 3.010 3.135 3.240 3.019 2.969 2.752 0.000 
5.250 1.260 0.566 1.164 1.681 2.360 2.991 3.116 3.221 3.001 2.950 2.733 0.000 
5.250 1.580 0.542 1.138 1.654 2.333 2.964 3.089 3.194 2.973 2.923 2.706 0.000 
5.250 2.000 0.507 1.100 1.614 2.293 2.924 3.083 3.179 2.954 2.901 2.688 0.000 
5.250 2.510 0.457 1.047 1.558 2.237 2.868 3.079 3.160 2.931 2.873 2.665 0.000 
5.250 3.160 0.389 0.975 1.484 2.163 2.793 3.064 3.129 2.893 2.830 2.629 0.000 
5.250 3.980 0.302 0.884 1.389 2.067 2.698 3.031 3.079 2.836 2.768 2.574 0.000 
5.250 5.010 0.197 0.773 1.275 1.953 2.582 2.975 3.007 2.757 2.684 2.497 0.000 
5.250 6.310 0.076 0.646 1.143 1.820 2.449 2.893 2.911 2.655 2.578 2.397 0.000 
5.250 7.940 -0.058 0.505 0.997 1.673 2.301 2.787 2.794 2.533 2.452 2.276 0.000 
5.250 10.000 -0.201 0.354 0.841 1.515 2.143 2.637 2.641 2.379 2.297 2.122 0.000 
5.250 12.590 -0.351 0.196 0.677 1.350 1.975 2.470 2.474 2.211 2.129 1.955 0.000 
5.250 15.850 -0.504 0.034 0.508 1.178 1.802 2.297 2.300 2.036 1.953 1.780 0.000 
5.250 19.950 -0.661 -0.132 0.335 1.002 1.624 2.118 2.121 1.856 1.773 1.601 0.000 
5.250 25.120 -0.818 -0.300 0.159 0.823 1.442 1.936 1.938 1.671 1.587 1.417 0.000 
5.250 31.620 -0.977 -0.470 -0.019 0.640 1.256 1.750 1.750 1.482 1.397 1.230 0.000 
5.250 39.810 -1.136 -0.641 -0.198 0.455 1.066 1.559 1.559 1.289 1.203 1.037 0.000 
5.250 50.120 -1.297 -0.814 -0.379 0.267 0.872 1.365 1.363 1.090 1.002 0.840 0.000 
5.250 63.100 -1.458 -0.987 -0.561 0.075 0.673 1.165 1.162 0.885 0.796 0.638 0.000 
5.250 79.430 -1.620 -1.162 -0.745 -0.121 0.468 0.959 0.953 0.673 0.581 0.428 0.000 
5.250 100.000 -1.784 -1.339 -0.932 -0.322 0.255 0.746 0.737 0.451 0.355 0.209 0.000 
5.250 125.890 -1.951 -1.519 -1.120 -0.530 0.034 0.523 0.510 0.217 0.118 -0.020 0.000 
5.250 158.490 -2.120 -1.701 -1.312 -0.746 -0.200 0.288 0.271 -0.032 -0.136 -0.263 0.000 
5.250 199.530 -2.292 -1.887 -1.508 -0.971 -0.448 0.037 0.015 -0.299 -0.409 -0.523 0.000 
5.250 251.190 -2.469 -2.078 -1.708 -1.209 -0.715 -0.232 -0.262 -0.589 -0.707 -0.804 0.000 
5.250 316.230 -2.652 -2.274 -1.914 -1.463 -1.004 -0.525 -0.564 -0.909 -1.036 -1.113 0.000 
5.250 398.110 -2.843 -2.479 -2.129 -1.737 -1.323 -0.848 -0.898 -1.265 -1.405 -1.456 0.000 
5.250 501.190 -3.043 -2.692 -2.352 -2.036 -1.679 -1.208 -1.273 -1.668 -1.823 -1.841 0.000 
5.250 630.960 -3.255 -2.918 -2.588 -2.366 -2.080 -1.617 -1.700 -2.129 -2.304 -2.280 0.000 
5.250 794.330 -3.482 -3.159 -2.838 -2.736 -2.540 -2.085 -2.190 -2.664 -2.864 -2.788 0.000 
5.250 1000.000 -3.728 -3.419 -3.108 -3.156 -3.073 -2.628 -2.763 -3.292 -3.522 -3.380 0.000 
5.500 1.000 0.684 1.278 1.774 2.423 3.024 3.123 3.207 2.980 2.921 2.719 0.000 
5.500 1.260 0.676 1.269 1.764 2.412 3.013 3.112 3.196 2.969 2.910 2.708 0.000 
5.500 1.580 0.663 1.254 1.747 2.396 2.997 3.103 3.186 2.958 2.898 2.697 0.000 
5.500 2.000 0.643 1.231 1.723 2.371 2.972 3.104 3.179 2.949 2.887 2.688 0.000 
5.500 2.510 0.612 1.197 1.687 2.335 2.936 3.102 3.168 2.934 2.869 2.674 0.000 
5.500 3.160 0.568 1.149 1.636 2.284 2.885 3.095 3.149 2.910 2.841 2.652 0.000 
5.500 3.980 0.506 1.083 1.568 2.215 2.815 3.077 3.117 2.872 2.800 2.616 0.000 
5.500 5.010 0.426 0.998 1.479 2.126 2.726 3.043 3.068 2.817 2.740 2.562 0.000 
5.500 6.310 0.327 0.894 1.370 2.016 2.616 2.988 2.998 2.741 2.659 2.487 0.000 
5.500 7.940 0.211 0.771 1.243 1.888 2.487 2.908 2.904 2.641 2.555 2.389 0.000 
5.500 10.000 0.082 0.635 1.101 1.745 2.343 2.803 2.789 2.521 2.432 2.271 0.000 
5.500 12.590 -0.058 0.487 0.948 1.590 2.187 2.655 2.638 2.369 2.278 2.119 0.000 
5.500 15.850 -0.204 0.332 0.787 1.427 2.021 2.489 2.472 2.202 2.111 1.952 0.000 
5.500 19.950 -0.355 0.171 0.619 1.256 1.848 2.316 2.298 2.027 1.936 1.779 0.000 
5.500 25.120 -0.509 0.007 0.447 1.081 1.670 2.138 2.119 1.847 1.754 1.599 0.000 
5.500 31.620 -0.665 -0.160 0.273 0.901 1.487 1.954 1.935 1.661 1.567 1.414 0.000 
5.500 39.810 -0.823 -0.329 0.096 0.718 1.300 1.767 1.746 1.469 1.375 1.224 0.000 
5.500 50.120 -0.982 -0.500 -0.084 0.532 1.108 1.574 1.552 1.273 1.176 1.029 0.000 
5.500 63.100 -1.142 -0.672 -0.264 0.341 0.910 1.376 1.352 1.069 0.971 0.828 0.000 
5.500 79.430 -1.303 -0.846 -0.447 0.147 0.706 1.171 1.145 0.858 0.757 0.619 0.000 
5.500 100.000 -1.466 -1.021 -0.632 -0.053 0.495 0.959 0.930 0.637 0.534 0.402 0.000 
5.500 125.890 -1.631 -1.200 -0.820 -0.260 0.274 0.737 0.704 0.405 0.297 0.174 0.000 
5.500 158.490 -1.799 -1.381 -1.011 -0.474 0.042 0.503 0.466 0.157 0.045 -0.068 0.000 
5.500 199.530 -1.971 -1.566 -1.205 -0.699 -0.205 0.254 0.211 -0.109 -0.227 -0.327 0.000 
5.500 251.190 -2.147 -1.756 -1.404 -0.936 -0.471 -0.014 -0.064 -0.398 -0.524 -0.607 0.000 
5.500 316.230 -2.329 -1.951 -1.610 -1.189 -0.759 -0.306 -0.365 -0.716 -0.853 -0.915 0.000 
5.500 398.110 -2.519 -2.155 -1.823 -1.462 -1.077 -0.628 -0.699 -1.072 -1.220 -1.256 0.000 
5.500 501.190 -2.718 -2.367 -2.045 -1.759 -1.432 -0.988 -1.073 -1.474 -1.638 -1.641 0.000 
5.500 630.960 -2.929 -2.592 -2.280 -2.089 -1.832 -1.395 -1.498 -1.934 -2.118 -2.079 0.000 
5.500 794.330 -3.155 -2.832 -2.530 -2.458 -2.291 -1.862 -1.988 -2.468 -2.676 -2.585 0.000 
5.500 1000.000 -3.400 -3.091 -2.798 -2.877 -2.823 -2.404 -2.559 -3.095 -3.333 -3.177 0.000 
5.750 1.000 0.782 1.371 1.846 2.463 3.034 3.124 3.183 2.948 2.878 2.693 0.000 
5.750 1.260 0.778 1.366 1.840 2.457 3.028 3.125 3.182 2.946 2.876 2.691 0.000 
5.750 1.580 0.772 1.358 1.830 2.448 3.018 3.125 3.179 2.942 2.871 2.688 0.000 
5.750 2.000 0.761 1.345 1.816 2.433 3.004 3.124 3.175 2.936 2.864 2.682 0.000 
5.750 2.510 0.744 1.325 1.794 2.411 2.982 3.123 3.168 2.927 2.853 2.674 0.000 
5.750 3.160 0.718 1.295 1.762 2.378 2.949 3.118 3.156 2.912 2.836 2.659 0.000 
5.750 3.980 0.678 1.252 1.715 2.332 2.902 3.109 3.136 2.888 2.809 2.637 0.000 
5.750 5.010 0.623 1.191 1.652 2.268 2.838 3.090 3.105 2.851 2.769 2.601 0.000 
5.750 6.310 0.549 1.112 1.569 2.184 2.754 3.056 3.057 2.798 2.711 2.549 0.000 
5.750 7.940 0.456 1.014 1.466 2.080 2.649 3.001 2.989 2.724 2.632 2.477 0.000 
5.750 10.000 0.347 0.897 1.344 1.957 2.525 2.922 2.898 2.627 2.532 2.382 0.000 
5.750 12.590 0.222 0.765 1.207 1.818 2.385 2.820 2.784 2.509 2.411 2.265 0.000 
5.750 15.850 0.087 0.621 1.057 1.666 2.231 2.672 2.635 2.358 2.259 2.115 0.000 
5.750 19.950 -0.056 0.468 0.897 1.504 2.067 2.508 2.470 2.192 2.092 1.950 0.000 
5.750 25.120 -0.205 0.310 0.732 1.335 1.895 2.336 2.297 2.018 1.917 1.776 0.000 
5.750 31.620 -0.357 0.147 0.561 1.159 1.716 2.157 2.117 1.836 1.734 1.596 0.000 
5.750 39.810 -0.512 -0.019 0.387 0.980 1.532 1.972 1.931 1.648 1.545 1.409 0.000 
5.750 50.120 -0.669 -0.188 0.210 0.795 1.342 1.782 1.739 1.454 1.349 1.216 0.000 
5.750 63.100 -0.827 -0.358 0.031 0.607 1.146 1.585 1.541 1.252 1.146 1.017 0.000 
5.750 79.430 -0.987 -0.530 -0.150 0.414 0.944 1.382 1.336 1.043 0.934 0.810 0.000 
5.750 100.000 -1.149 -0.705 -0.333 0.215 0.734 1.172 1.122 0.823 0.711 0.594 0.000 
5.750 125.890 -1.313 -0.882 -0.520 0.010 0.515 0.951 0.898 0.592 0.476 0.367 0.000 
5.750 158.490 -1.480 -1.062 -0.709 -0.203 0.284 0.718 0.661 0.346 0.225 0.127 0.000 
5.750 199.530 -1.651 -1.246 -0.903 -0.427 0.038 0.470 0.407 0.081 -0.046 -0.131 0.000 
5.750 251.190 -1.826 -1.435 -1.101 -0.663 -0.227 0.203 0.133 -0.207 -0.342 -0.411 0.000 
5.750 316.230 -2.007 -1.629 -1.305 -0.915 -0.514 -0.088 -0.167 -0.525 -0.669 -0.717 0.000 
5.750 398.110 -2.196 -1.832 -1.517 -1.186 -0.831 -0.409 -0.500 -0.879 -1.036 -1.058 0.000 
5.750 501.190 -2.394 -2.043 -1.739 -1.483 -1.185 -0.767 -0.873 -1.280 -1.452 -1.441 0.000 
5.750 630.960 -2.604 -2.267 -1.973 -1.811 -1.584 -1.173 -1.297 -1.739 -1.931 -1.878 0.000 
5.750 794.330 -2.829 -2.506 -2.221 -2.179 -2.042 -1.639 -1.786 -2.272 -2.489 -2.383 0.000 
5.750 1000.000 -3.073 -2.764 -2.489 -2.597 -2.573 -2.181 -2.356 -2.898 -3.145 -2.974 0.000 
6.000 1.000 0.877 1.461 1.916 2.502 3.042 3.144 3.173 2.926 2.844 2.679 0.000 
6.000 1.260 0.876 1.458 1.912 2.498 3.038 3.144 3.171 2.924 2.843 2.677 0.000 
6.000 1.580 0.874 1.454 1.907 2.493 3.033 3.144 3.170 2.922 2.840 2.675 0.000 
6.000 2.000 0.869 1.448 1.899 2.484 3.025 3.143 3.167 2.918 2.836 2.672 0.000 
6.000 2.510 0.861 1.436 1.886 2.471 3.012 3.142 3.162 2.912 2.829 2.666 0.000 
6.000 3.160 0.846 1.419 1.866 2.452 2.992 3.139 3.155 2.903 2.818 2.657 0.000 
6.000 3.980 0.824 1.393 1.837 2.422 2.962 3.133 3.142 2.888 2.801 2.643 0.000 
6.000 5.010 0.789 1.354 1.795 2.380 2.920 3.122 3.123 2.865 2.775 2.621 0.000 
6.000 6.310 0.739 1.299 1.737 2.321 2.860 3.102 3.092 2.830 2.737 2.587 0.000 
6.000 7.940 0.672 1.226 1.660 2.243 2.782 3.067 3.045 2.778 2.681 2.536 0.000 
6.000 10.000 0.586 1.133 1.562 2.145 2.682 3.013 2.979 2.706 2.606 2.466 0.000 
6.000 12.590 0.482 1.022 1.446 2.026 2.563 2.937 2.890 2.613 2.508 2.374 0.000 
6.000 15.850 0.363 0.895 1.312 1.891 2.426 2.836 2.779 2.497 2.389 2.260 0.000 
6.000 19.950 0.232 0.754 1.166 1.742 2.275 2.689 2.631 2.347 2.238 2.111 0.000 
6.000 25.120 0.092 0.605 1.009 1.582 2.112 2.526 2.467 2.182 2.072 1.946 0.000 
6.000 31.620 -0.055 0.448 0.845 1.413 1.940 2.354 2.294 2.007 1.897 1.772 0.000 
6.000 39.810 -0.205 0.287 0.676 1.238 1.760 2.174 2.113 1.824 1.712 1.591 0.000 
6.000 50.120 -0.359 0.121 0.503 1.057 1.574 1.987 1.925 1.633 1.520 1.401 0.000 
6.000 63.100 -0.515 -0.047 0.326 0.871 1.381 1.794 1.729 1.434 1.319 1.205 0.000 
6.000 79.430 -0.673 -0.217 0.147 0.680 1.181 1.593 1.526 1.226 1.109 1.000 0.000 
6.000 100.000 -0.834 -0.390 -0.035 0.483 0.973 1.384 1.314 1.009 0.888 0.786 0.000 
6.000 125.890 -0.997 -0.566 -0.220 0.279 0.755 1.164 1.091 0.779 0.654 0.560 0.000 
6.000 158.490 -1.162 -0.745 -0.408 0.067 0.525 0.933 0.855 0.534 0.405 0.321 0.000 
6.000 199.530 -1.332 -0.928 -0.601 -0.155 0.280 0.686 0.603 0.270 0.135 0.064 0.000 
6.000 251.190 -1.506 -1.115 -0.798 -0.390 0.017 0.420 0.330 -0.017 -0.160 -0.214 0.000 
6.000 316.230 -1.686 -1.309 -1.001 -0.640 -0.270 0.130 0.031 -0.333 -0.486 -0.519 0.000 
6.000 398.110 -1.874 -1.510 -1.212 -0.911 -0.585 -0.190 -0.301 -0.686 -0.852 -0.859 0.000 
6.000 501.190 -2.071 -1.721 -1.433 -1.207 -0.938 -0.547 -0.673 -1.086 -1.267 -1.241 0.000 
6.000 630.960 -2.280 -1.943 -1.665 -1.534 -1.336 -0.952 -1.096 -1.545 -1.745 -1.677 0.000 
6.000 794.330 -2.504 -2.181 -1.913 -1.901 -1.793 -1.417 -1.584 -2.076 -2.301 -2.182 0.000 
6.000 1000.000 -2.747 -2.438 -2.180 -2.318 -2.323 -1.957 -2.153 -2.701 -2.957 -2.771 0.000 
6.250 1.000 0.972 1.550 1.986 2.540 3.049 3.161 3.159 2.901 2.808 2.662 0.000 
6.250 1.260 0.973 1.549 1.984 2.538 3.047 3.161 3.158 2.900 2.807 2.661 0.000 
6.250 1.580 0.972 1.547 1.981 2.535 3.044 3.160 3.157 2.899 2.805 2.659 0.000 
6.250 2.000 0.971 1.544 1.976 2.530 3.039 3.160 3.155 2.897 2.803 2.657 0.000 
6.250 2.510 0.967 1.538 1.969 2.522 3.032 3.158 3.152 2.893 2.798 2.654 0.000 
6.250 3.160 0.961 1.529 1.957 2.511 3.020 3.156 3.147 2.887 2.792 2.648 0.000 
6.250 3.980 0.949 1.514 1.940 2.493 3.002 3.152 3.140 2.878 2.781 2.639 0.000 
6.250 5.010 0.930 1.491 1.914 2.467 2.976 3.145 3.127 2.863 2.765 2.625 0.000 
6.250 6.310 0.900 1.456 1.876 2.428 2.937 3.133 3.108 2.841 2.740 2.604 0.000 
6.250 7.940 0.856 1.407 1.822 2.374 2.882 3.112 3.078 2.807 2.703 2.571 0.000 
6.250 10.000 0.795 1.339 1.751 2.301 2.809 3.078 3.033 2.757 2.650 2.522 0.000 
6.250 12.590 0.715 1.253 1.659 2.208 2.715 3.025 2.968 2.688 2.578 2.455 0.000 
6.250 15.850 0.618 1.147 1.548 2.095 2.600 2.950 2.882 2.597 2.483 2.365 0.000 
6.250 19.950 0.504 1.024 1.419 1.964 2.467 2.852 2.774 2.483 2.366 2.253 0.000 
6.250 25.120 0.377 0.888 1.276 1.817 2.318 2.706 2.626 2.334 2.216 2.105 0.000 
6.250 31.620 0.240 0.741 1.122 1.659 2.156 2.544 2.463 2.170 2.051 1.941 0.000 
6.250 39.810 0.096 0.587 0.960 1.491 1.984 2.371 2.290 1.994 1.874 1.767 0.000 
6.250 50.120 -0.053 0.426 0.791 1.315 1.803 2.189 2.107 1.808 1.686 1.583 0.000 
6.250 63.100 -0.206 0.262 0.618 1.133 1.614 1.999 1.915 1.613 1.489 1.390 0.000 
6.250 79.430 -0.362 0.094 0.442 0.945 1.416 1.801 1.715 1.408 1.282 1.188 0.000 
6.250 100.000 -0.520 -0.077 0.262 0.750 1.210 1.594 1.505 1.193 1.064 0.976 0.000 
6.250 125.890 -0.682 -0.251 0.079 0.548 0.994 1.377 1.284 0.965 0.832 0.752 0.000 
6.250 158.490 -0.846 -0.429 -0.108 0.338 0.766 1.147 1.049 0.722 0.584 0.515 0.000 
6.250 199.530 -1.014 -0.610 -0.299 0.117 0.522 0.901 0.798 0.459 0.315 0.259 0.000 
6.250 251.190 -1.188 -0.797 -0.495 -0.117 0.260 0.637 0.526 0.174 0.022 -0.018 0.000 
6.250 316.230 -1.367 -0.989 -0.697 -0.367 -0.025 0.348 0.228 -0.142 -0.303 -0.322 0.000 
6.250 398.110 -1.553 -1.190 -0.907 -0.636 -0.340 0.029 -0.102 -0.494 -0.668 -0.660 0.000 
6.250 501.190 -1.749 -1.399 -1.127 -0.931 -0.691 -0.327 -0.473 -0.893 -1.082 -1.042 0.000 
6.250 630.960 -1.957 -1.621 -1.358 -1.257 -1.089 -0.731 -0.895 -1.350 -1.559 -1.477 0.000 
6.250 794.330 -2.180 -1.858 -1.605 -1.623 -1.545 -1.195 -1.382 -1.881 -2.114 -1.980 0.000 
6.250 1000.000 -2.422 -2.114 -1.870 -2.039 -2.073 -1.734 -1.950 -2.504 -2.769 -2.568 0.000 
6.500 1.000 1.067 1.640 2.057 2.578 3.056 3.175 3.143 2.874 2.769 2.642 0.000 
6.500 1.260 1.068 1.639 2.056 2.577 3.055 3.174 3.142 2.874 2.769 2.642 0.000 
6.500 1.580 1.069 1.639 2.054 2.575 3.053 3.174 3.141 2.873 2.768 2.641 0.000 
6.500 2.000 1.069 1.637 2.051 2.572 3.050 3.173 3.140 2.871 2.766 2.639 0.000 
6.500 2.510 1.069 1.635 2.047 2.568 3.046 3.172 3.138 2.869 2.763 2.637 0.000 
6.500 3.160 1.067 1.630 2.041 2.561 3.039 3.171 3.135 2.865 2.759 2.634 0.000 
6.500 3.980 1.062 1.622 2.031 2.551 3.029 3.168 3.130 2.860 2.753 2.628 0.000 
6.500 5.010 1.053 1.609 2.015 2.535 3.013 3.163 3.123 2.851 2.743 2.620 0.000 
6.500 6.310 1.037 1.589 1.992 2.512 2.989 3.156 3.111 2.837 2.728 2.606 0.000 
6.500 7.940 1.012 1.558 1.957 2.477 2.954 3.143 3.092 2.815 2.704 2.585 0.000 
6.500 10.000 0.973 1.514 1.908 2.427 2.904 3.122 3.062 2.782 2.669 2.554 0.000 
6.500 12.590 0.918 1.452 1.842 2.360 2.835 3.088 3.019 2.735 2.618 2.507 0.000 
6.500 15.850 0.845 1.371 1.756 2.272 2.746 3.036 2.957 2.668 2.548 2.442 0.000 
6.500 19.950 0.753 1.271 1.650 2.163 2.636 2.963 2.873 2.579 2.456 2.355 0.000 
6.500 25.120 0.644 1.154 1.526 2.036 2.506 2.866 2.767 2.468 2.341 2.245 0.000 
6.500 31.620 0.522 1.021 1.386 1.893 2.359 2.720 2.620 2.320 2.192 2.097 0.000 
6.500 39.810 0.388 0.877 1.235 1.736 2.198 2.559 2.457 2.155 2.026 1.934 0.000 
6.500 50.120 0.246 0.725 1.074 1.568 2.025 2.385 2.282 1.977 1.847 1.758 0.000 
6.500 63.100 0.099 0.566 0.907 1.391 1.842 2.201 2.096 1.788 1.656 1.571 0.000 
6.500 79.430 -0.053 0.401 0.735 1.207 1.649 2.007 1.900 1.588 1.453 1.373 0.000 
6.500 100.000 -0.209 0.233 0.558 1.015 1.446 1.803 1.693 1.375 1.238 1.164 0.000 
6.500 125.890 -0.368 0.061 0.377 0.816 1.232 1.588 1.475 1.150 1.008 0.943 0.000 
6.500 158.490 -0.531 -0.115 0.192 0.607 1.005 1.360 1.242 0.908 0.762 0.707 0.000 
6.500 199.530 -0.698 -0.295 0.002 0.388 0.764 1.116 0.992 0.648 0.495 0.454 0.000 
6.500 251.190 -0.870 -0.480 -0.193 0.155 0.503 0.853 0.722 0.363 0.203 0.178 0.000 
6.500 316.230 -1.048 -0.671 -0.394 -0.093 0.219 0.566 0.425 0.049 -0.121 -0.125 0.000 
6.500 398.110 -1.234 -0.870 -0.602 -0.362 -0.095 0.248 0.096 -0.302 -0.484 -0.462 0.000 
6.500 501.190 -1.429 -1.079 -0.821 -0.655 -0.445 -0.107 -0.273 -0.700 -0.897 -0.842 0.000 
6.500 630.960 -1.636 -1.300 -1.051 -0.980 -0.841 -0.510 -0.694 -1.156 -1.373 -1.276 0.000 
6.500 794.330 -1.858 -1.535 -1.297 -1.345 -1.296 -0.973 -1.180 -1.686 -1.927 -1.778 0.000 
6.500 1000.000 -2.099 -1.790 -1.561 -1.760 -1.824 -1.511 -1.747 -2.308 -2.581 -2.366 0.000 
6.750 1.000 1.162 1.729 2.129 2.617 3.063 3.185 3.124 2.845 2.728 2.620 0.000 
6.750 1.260 1.164 1.729 2.129 2.616 3.062 3.185 3.124 2.844 2.728 2.620 0.000 
6.750 1.580 1.165 1.729 2.128 2.615 3.061 3.185 3.123 2.844 2.727 2.619 0.000 
6.750 2.000 1.166 1.729 2.126 2.613 3.060 3.184 3.123 2.843 2.726 2.619 0.000 
6.750 2.510 1.167 1.728 2.124 2.611 3.057 3.184 3.121 2.842 2.724 2.617 0.000 
6.750 3.160 1.168 1.726 2.120 2.607 3.053 3.182 3.119 2.839 2.722 2.615 0.000 
6.750 3.980 1.167 1.723 2.114 2.601 3.047 3.181 3.116 2.836 2.718 2.612 0.000 
6.750 5.010 1.164 1.716 2.105 2.592 3.038 3.178 3.112 2.830 2.712 2.606 0.000 
6.750 6.310 1.157 1.705 2.091 2.578 3.024 3.173 3.104 2.822 2.703 2.598 0.000 
6.750 7.940 1.145 1.688 2.070 2.557 3.002 3.165 3.092 2.808 2.688 2.585 0.000 
6.750 10.000 1.123 1.661 2.039 2.525 2.970 3.151 3.074 2.787 2.666 2.565 0.000 
6.750 12.590 1.089 1.621 1.995 2.479 2.924 3.130 3.046 2.756 2.632 2.535 0.000 
6.750 15.850 1.040 1.564 1.934 2.417 2.860 3.097 3.004 2.710 2.584 2.490 0.000 
6.750 19.950 0.973 1.489 1.853 2.334 2.776 3.046 2.944 2.646 2.516 2.427 0.000 
6.750 25.120 0.888 1.395 1.752 2.231 2.670 2.974 2.862 2.560 2.426 2.342 0.000 
6.750 31.620 0.785 1.282 1.633 2.107 2.544 2.878 2.757 2.450 2.313 2.234 0.000 
6.750 39.810 0.666 1.154 1.497 1.966 2.399 2.733 2.610 2.301 2.164 2.087 0.000 
6.750 50.120 0.536 1.013 1.348 1.811 2.238 2.571 2.448 2.136 1.997 1.923 0.000 
6.750 63.100 0.396 0.862 1.190 1.643 2.063 2.396 2.271 1.956 1.815 1.745 0.000 
6.750 79.430 0.250 0.704 1.023 1.465 1.876 2.208 2.081 1.762 1.618 1.554 0.000 
6.750 100.000 0.098 0.540 0.850 1.277 1.678 2.009 1.879 1.554 1.408 1.350 0.000 
6.750 125.890 -0.058 0.371 0.673 1.081 1.468 1.797 1.663 1.332 1.182 1.132 0.000 
6.750 158.490 -0.219 0.198 0.490 0.875 1.244 1.572 1.433 1.093 0.938 0.898 0.000 
6.750 199.530 -0.384 0.019 0.302 0.657 1.004 1.330 1.186 0.835 0.673 0.647 0.000 
6.750 251.190 -0.555 -0.164 0.109 0.427 0.745 1.068 0.917 0.552 0.383 0.373 0.000 
6.750 316.230 -0.731 -0.354 -0.090 0.180 0.462 0.782 0.622 0.239 0.061 0.071 0.000 
6.750 398.110 -0.916 -0.552 -0.298 -0.087 0.150 0.466 0.294 -0.110 -0.301 -0.265 0.000 
6.750 501.190 -1.110 -0.760 -0.515 -0.380 -0.199 0.112 -0.074 -0.507 -0.713 -0.643 0.000 
6.750 630.960 -1.316 -0.979 -0.744 -0.704 -0.594 -0.290 -0.494 -0.962 -1.188 -1.076 0.000 
6.750 794.330 -1.537 -1.214 -0.989 -1.068 -1.048 -0.752 -0.979 -1.490 -1.741 -1.577 0.000 
6.750 1000.000 -1.777 -1.468 -1.253 -1.481 -1.575 -1.289 -1.545 -2.112 -2.393 -2.164 0.000 
7.000 1.000 1.258 1.819 2.203 2.655 3.068 3.193 3.103 2.812 2.684 2.596 0.000 
7.000 1.260 1.260 1.820 2.202 2.655 3.068 3.193 3.103 2.812 2.684 2.596 0.000 
7.000 1.580 1.261 1.820 2.202 2.654 3.068 3.193 3.102 2.812 2.683 2.595 0.000 
7.000 2.000 1.263 1.820 2.201 2.654 3.067 3.192 3.102 2.811 2.683 2.595 0.000 
7.000 2.510 1.265 1.820 2.200 2.652 3.065 3.192 3.101 2.811 2.682 2.594 0.000 
7.000 3.160 1.266 1.820 2.198 2.650 3.063 3.191 3.100 2.809 2.680 2.593 0.000 
7.000 3.980 1.268 1.818 2.194 2.647 3.060 3.190 3.098 2.807 2.678 2.591 0.000 
7.000 5.010 1.268 1.816 2.189 2.641 3.054 3.188 3.095 2.804 2.674 2.587 0.000 
7.000 6.310 1.267 1.810 2.181 2.633 3.046 3.185 3.091 2.798 2.669 2.582 0.000 
7.000 7.940 1.262 1.801 2.169 2.621 3.033 3.179 3.083 2.790 2.660 2.574 0.000 
7.000 10.000 1.252 1.786 2.150 2.601 3.013 3.171 3.072 2.777 2.646 2.562 0.000 
7.000 12.590 1.235 1.762 2.122 2.573 2.984 3.158 3.054 2.757 2.624 2.543 0.000 
7.000 15.850 1.206 1.727 2.082 2.531 2.942 3.136 3.027 2.727 2.592 2.513 0.000 
7.000 19.950 1.162 1.676 2.025 2.473 2.882 3.103 2.986 2.683 2.546 2.471 0.000 
7.000 25.120 1.101 1.607 1.950 2.395 2.802 3.054 2.928 2.621 2.481 2.410 0.000 
7.000 31.620 1.022 1.518 1.855 2.296 2.701 2.984 2.848 2.537 2.393 2.327 0.000 
7.000 39.810 0.924 1.410 1.740 2.177 2.578 2.885 2.742 2.426 2.279 2.218 0.000 
7.000 50.120 0.810 1.286 1.608 2.038 2.434 2.741 2.597 2.278 2.130 2.072 0.000 
7.000 63.100 0.683 1.147 1.462 1.883 2.273 2.579 2.434 2.112 1.962 1.907 0.000 
7.000 79.430 0.545 0.998 1.305 1.715 2.096 2.402 2.254 1.928 1.776 1.726 0.000 
7.000 100.000 0.400 0.841 1.139 1.534 1.905 2.209 2.059 1.727 1.572 1.529 0.000 
7.000 125.890 0.248 0.677 0.965 1.343 1.699 2.003 1.848 1.510 1.351 1.316 0.000 
7.000 158.490 0.091 0.507 0.786 1.140 1.479 1.781 1.622 1.275 1.112 1.087 0.000 
7.000 199.530 -0.072 0.331 0.601 0.926 1.242 1.542 1.377 1.020 0.850 0.838 0.000 
7.000 251.190 -0.241 0.149 0.410 0.697 0.985 1.282 1.111 0.739 0.562 0.566 0.000 
7.000 316.230 -0.416 -0.039 0.212 0.452 0.705 0.998 0.818 0.429 0.241 0.267 0.000 
7.000 398.110 -0.599 -0.236 0.006 0.186 0.394 0.684 0.492 0.080 -0.119 -0.068 0.000 
7.000 501.190 -0.792 -0.442 -0.210 -0.105 0.046 0.331 0.124 -0.315 -0.529 -0.445 0.000 
7.000 630.960 -0.997 -0.661 -0.438 -0.428 -0.348 -0.070 -0.294 -0.768 -1.003 -0.877 0.000 
7.000 794.330 -1.217 -0.894 -0.681 -0.790 -0.800 -0.530 -0.778 -1.296 -1.555 -1.377 0.000 
7.000 1000.000 -1.456 -1.147 -0.944 -1.203 -1.326 -1.067 -1.343 -1.916 -2.206 -1.962 0.000 
7.250 1.000 1.354 1.910 2.278 2.694 3.073 3.198 3.079 2.777 2.636 2.568 0.000 
7.250 1.260 1.356 1.910 2.277 2.693 3.072 3.198 3.079 2.777 2.636 2.568 0.000 
7.250 1.580 1.357 1.911 2.277 2.693 3.072 3.197 3.078 2.776 2.636 2.568 0.000 
7.250 2.000 1.359 1.911 2.277 2.693 3.072 3.197 3.078 2.776 2.635 2.568 0.000 
7.250 2.510 1.361 1.912 2.276 2.692 3.071 3.197 3.078 2.775 2.635 2.567 0.000 
7.250 3.160 1.363 1.912 2.275 2.691 3.070 3.196 3.077 2.775 2.634 2.566 0.000 
7.250 3.980 1.366 1.912 2.273 2.689 3.068 3.195 3.076 2.773 2.632 2.565 0.000 
7.250 5.010 1.368 1.911 2.270 2.686 3.065 3.194 3.074 2.771 2.630 2.563 0.000 
7.250 6.310 1.370 1.909 2.265 2.681 3.060 3.192 3.071 2.768 2.627 2.560 0.000 
7.250 7.940 1.370 1.905 2.258 2.674 3.052 3.189 3.067 2.763 2.621 2.555 0.000 
7.250 10.000 1.367 1.897 2.247 2.662 3.041 3.183 3.059 2.755 2.613 2.547 0.000 
7.250 12.590 1.360 1.885 2.231 2.645 3.023 3.175 3.048 2.743 2.600 2.535 0.000 
7.250 15.850 1.346 1.864 2.205 2.619 2.996 3.161 3.031 2.724 2.579 2.517 0.000 
7.250 19.950 1.322 1.832 2.168 2.581 2.957 3.140 3.005 2.695 2.549 2.489 0.000 
7.250 25.120 1.283 1.786 2.117 2.527 2.901 3.108 2.965 2.652 2.504 2.448 0.000 
7.250 31.620 1.228 1.722 2.046 2.453 2.826 3.059 2.909 2.592 2.440 2.389 0.000 
7.250 39.810 1.155 1.639 1.956 2.359 2.728 2.990 2.831 2.509 2.355 2.308 0.000 
7.250 50.120 1.062 1.536 1.846 2.243 2.608 2.888 2.723 2.397 2.239 2.197 0.000 
7.250 63.100 0.953 1.416 1.718 2.107 2.465 2.745 2.578 2.249 2.090 2.051 0.000 
7.250 79.430 0.829 1.281 1.575 1.953 2.303 2.582 2.413 2.080 1.919 1.885 0.000 
7.250 100.000 0.693 1.133 1.419 1.783 2.122 2.400 2.229 1.891 1.727 1.699 0.000 
7.250 125.890 0.548 0.976 1.253 1.599 1.925 2.201 2.027 1.682 1.514 1.494 0.000 
7.250 158.490 0.396 0.811 1.079 1.402 1.710 1.985 1.806 1.453 1.280 1.270 0.000 
7.250 199.530 0.236 0.639 0.898 1.191 1.478 1.750 1.566 1.201 1.023 1.026 0.000 
7.250 251.190 0.070 0.460 0.709 0.965 1.224 1.494 1.302 0.924 0.738 0.757 0.000 
7.250 316.230 -0.103 0.274 0.514 0.722 0.945 1.213 1.012 0.616 0.420 0.460 0.000 
7.250 398.110 -0.284 0.079 0.309 0.459 0.637 0.900 0.687 0.270 0.062 0.128 0.000 
7.250 501.190 -0.476 -0.126 0.095 0.169 0.291 0.549 0.322 -0.123 -0.347 -0.248 0.000 
7.250 630.960 -0.679 -0.343 -0.132 -0.152 -0.102 0.149 -0.095 -0.576 -0.819 -0.678 0.000 
7.250 794.330 -0.898 -0.576 -0.374 -0.514 -0.553 -0.310 -0.578 -1.102 -1.369 -1.177 0.000 
7.250 1000.000 -1.136 -0.827 -0.636 -0.925 -1.078 -0.845 -1.141 -1.721 -2.019 -1.761 0.000 
7.500 1.000 1.450 2.000 2.353 2.731 3.074 3.198 3.050 2.736 2.583 2.537 0.000 
7.500 1.260 1.451 2.000 2.353 2.731 3.074 3.198 3.050 2.736 2.583 2.536 0.000 
7.500 1.580 1.453 2.001 2.353 2.731 3.074 3.198 3.050 2.736 2.583 2.536 0.000 
7.500 2.000 1.455 2.002 2.353 2.730 3.073 3.198 3.050 2.736 2.583 2.536 0.000 
7.500 2.510 1.457 2.002 2.352 2.730 3.073 3.198 3.050 2.735 2.582 2.536 0.000 
7.500 3.160 1.460 2.003 2.352 2.729 3.072 3.198 3.049 2.735 2.582 2.535 0.000 
7.500 3.980 1.463 2.003 2.351 2.728 3.071 3.197 3.049 2.734 2.581 2.535 0.000 
7.500 5.010 1.466 2.004 2.349 2.726 3.069 3.196 3.048 2.733 2.580 2.533 0.000 
7.500 6.310 1.469 2.004 2.347 2.724 3.067 3.195 3.046 2.731 2.578 2.532 0.000 
7.500 7.940 1.471 2.002 2.343 2.719 3.062 3.193 3.043 2.728 2.574 2.529 0.000 
7.500 10.000 1.473 1.999 2.336 2.713 3.055 3.189 3.039 2.723 2.569 2.524 0.000 
7.500 12.590 1.472 1.993 2.326 2.703 3.045 3.184 3.032 2.715 2.561 2.516 0.000 
7.500 15.850 1.468 1.983 2.311 2.687 3.029 3.175 3.021 2.703 2.548 2.505 0.000 
7.500 19.950 1.457 1.965 2.289 2.663 3.004 3.162 3.004 2.685 2.529 2.487 0.000 
7.500 25.120 1.437 1.937 2.255 2.628 2.968 3.141 2.979 2.657 2.499 2.460 0.000 
7.500 31.620 1.404 1.895 2.207 2.578 2.916 3.108 2.940 2.616 2.456 2.420 0.000 
7.500 39.810 1.354 1.837 2.142 2.509 2.844 3.060 2.885 2.557 2.394 2.362 0.000 
7.500 50.120 1.286 1.759 2.057 2.419 2.750 2.991 2.808 2.475 2.309 2.283 0.000 
7.500 63.100 1.199 1.661 1.952 2.306 2.631 2.884 2.696 2.359 2.191 2.169 0.000 
7.500 79.430 1.094 1.544 1.827 2.171 2.489 2.741 2.552 2.211 2.041 2.023 0.000 
7.500 100.000 0.973 1.412 1.686 2.017 2.325 2.576 2.384 2.038 1.865 1.853 0.000 
7.500 125.890 0.838 1.266 1.532 1.845 2.140 2.389 2.194 1.842 1.665 1.661 0.000 
7.500 158.490 0.694 1.108 1.366 1.656 1.934 2.182 1.982 1.622 1.440 1.446 0.000 
7.500 199.530 0.540 0.942 1.190 1.452 1.708 1.954 1.748 1.377 1.190 1.208 0.000 
7.500 251.190 0.378 0.767 1.006 1.230 1.459 1.702 1.490 1.105 0.910 0.944 0.000 
7.500 316.230 0.208 0.584 0.813 0.991 1.184 1.424 1.203 0.800 0.596 0.651 0.000 
7.500 398.110 0.028 0.391 0.611 0.730 0.878 1.114 0.881 0.457 0.240 0.321 0.000 
7.500 501.190 -0.161 0.188 0.398 0.442 0.534 0.765 0.518 0.066 -0.166 -0.052 0.000 
7.500 630.960 -0.363 -0.028 0.173 0.122 0.143 0.368 0.102 -0.384 -0.636 -0.481 0.000 
7.500 794.330 -0.581 -0.259 -0.068 -0.238 -0.307 -0.090 -0.378 -0.909 -1.185 -0.977 0.000 
7.500 1000.000 -0.817 -0.509 -0.328 -0.648 -0.830 -0.624 -0.940 -1.526 -1.833 -1.560 0.000 
7.750 1.000 1.546 2.090 2.430 2.766 3.071 3.194 3.017 2.689 2.523 2.499 0.000 
7.750 1.260 1.547 2.090 2.430 2.766 3.071 3.194 3.017 2.689 2.523 2.499 0.000 
7.750 1.580 1.548 2.091 2.430 2.765 3.071 3.194 3.017 2.689 2.523 2.499 0.000 
7.750 2.000 1.550 2.091 2.429 2.765 3.071 3.194 3.017 2.689 2.523 2.499 0.000 
7.750 2.510 1.552 2.092 2.429 2.765 3.070 3.194 3.016 2.689 2.523 2.499 0.000 
7.750 3.160 1.555 2.093 2.429 2.765 3.070 3.194 3.016 2.688 2.522 2.498 0.000 
7.750 3.980 1.558 2.094 2.428 2.764 3.069 3.193 3.016 2.688 2.522 2.498 0.000 
7.750 5.010 1.561 2.095 2.427 2.763 3.068 3.193 3.015 2.687 2.521 2.497 0.000 
7.750 6.310 1.565 2.096 2.426 2.762 3.067 3.192 3.014 2.686 2.520 2.496 0.000 
7.750 7.940 1.569 2.096 2.424 2.759 3.064 3.191 3.012 2.684 2.518 2.494 0.000 
7.750 10.000 1.573 2.095 2.420 2.755 3.060 3.188 3.009 2.681 2.515 2.491 0.000 
7.750 12.590 1.576 2.093 2.414 2.749 3.054 3.185 3.005 2.676 2.510 2.487 0.000 
7.750 15.850 1.577 2.089 2.406 2.740 3.044 3.179 2.998 2.669 2.502 2.479 0.000 
7.750 19.950 1.575 2.080 2.392 2.726 3.029 3.171 2.988 2.657 2.489 2.468 0.000 
7.750 25.120 1.567 2.065 2.372 2.704 3.006 3.157 2.972 2.640 2.471 2.451 0.000 
7.750 31.620 1.551 2.040 2.341 2.671 2.973 3.136 2.947 2.612 2.442 2.425 0.000 
7.750 39.810 1.522 2.003 2.297 2.625 2.924 3.104 2.909 2.572 2.400 2.386 0.000 
7.750 50.120 1.478 1.949 2.237 2.560 2.855 3.056 2.855 2.514 2.339 2.329 0.000 
7.750 63.100 1.416 1.876 2.157 2.473 2.764 2.987 2.778 2.433 2.254 2.250 0.000 
7.750 79.430 1.333 1.783 2.056 2.363 2.647 2.872 2.661 2.312 2.132 2.131 0.000 
7.750 100.000 1.232 1.670 1.935 2.230 2.505 2.729 2.515 2.162 1.979 1.984 0.000 
7.750 125.890 1.114 1.540 1.796 2.075 2.337 2.560 2.343 1.983 1.797 1.809 0.000 
7.750 158.490 0.981 1.395 1.642 1.899 2.145 2.366 2.145 1.777 1.587 1.608 0.000 
7.750 199.530 0.836 1.237 1.476 1.704 1.928 2.148 1.922 1.543 1.347 1.381 0.000 
7.750 251.190 0.680 1.069 1.298 1.490 1.687 1.904 1.671 1.279 1.075 1.125 0.000 
7.750 316.230 0.514 0.890 1.109 1.255 1.417 1.631 1.389 0.980 0.766 0.837 0.000 
7.750 398.110 0.338 0.700 0.911 0.998 1.115 1.325 1.072 0.641 0.415 0.511 0.000 
7.750 501.190 0.151 0.500 0.701 0.713 0.774 0.979 0.711 0.253 0.012 0.141 0.000 
7.750 630.960 -0.049 0.286 0.477 0.395 0.386 0.584 0.298 -0.195 -0.455 -0.285 0.000 
7.750 794.330 -0.265 0.057 0.238 0.037 -0.062 0.128 -0.180 -0.717 -1.002 -0.780 0.000 
7.750 1000.000 -0.501 -0.192 -0.021 -0.371 -0.583 -0.403 -0.741 -1.333 -1.649 -1.361 0.000 
8.000 1.000 1.640 2.178 2.506 2.796 3.061 3.183 2.975 2.633 2.453 2.453 0.000 
8.000 1.260 1.641 2.179 2.506 2.796 3.061 3.183 2.975 2.633 2.453 2.453 0.000 
8.000 1.580 1.643 2.179 2.506 2.796 3.061 3.183 2.975 2.633 2.453 2.453 0.000 
8.000 2.000 1.645 2.180 2.506 2.796 3.061 3.183 2.975 2.633 2.453 2.453 0.000 
8.000 2.510 1.647 2.181 2.506 2.796 3.061 3.183 2.975 2.633 2.453 2.453 0.000 
8.000 3.160 1.649 2.182 2.505 2.796 3.060 3.183 2.975 2.633 2.453 2.453 0.000 
8.000 3.980 1.652 2.183 2.505 2.796 3.060 3.183 2.975 2.632 2.452 2.452 0.000 
8.000 5.010 1.656 2.184 2.505 2.795 3.059 3.182 2.974 2.632 2.452 2.452 0.000 
8.000 6.310 1.660 2.185 2.504 2.794 3.059 3.182 2.974 2.631 2.451 2.451 0.000 
8.000 7.940 1.664 2.186 2.502 2.793 3.057 3.181 2.973 2.630 2.450 2.450 0.000 
8.000 10.000 1.669 2.187 2.500 2.791 3.055 3.179 2.971 2.628 2.448 2.448 0.000 
8.000 12.590 1.674 2.187 2.497 2.787 3.051 3.177 2.968 2.625 2.445 2.445 0.000 
8.000 15.850 1.678 2.186 2.492 2.782 3.045 3.174 2.964 2.620 2.440 2.441 0.000 
8.000 19.950 1.681 2.183 2.484 2.773 3.036 3.168 2.957 2.613 2.432 2.434 0.000 
8.000 25.120 1.681 2.176 2.472 2.760 3.022 3.159 2.947 2.602 2.420 2.423 0.000 
8.000 31.620 1.676 2.163 2.454 2.740 3.001 3.145 2.931 2.584 2.402 2.406 0.000 
8.000 39.810 1.663 2.141 2.426 2.710 2.969 3.124 2.906 2.558 2.374 2.380 0.000 
8.000 50.120 1.639 2.108 2.386 2.666 2.923 3.092 2.869 2.518 2.332 2.342 0.000 
8.000 63.100 1.600 2.059 2.330 2.605 2.857 3.043 2.815 2.460 2.272 2.285 0.000 
8.000 79.430 1.542 1.991 2.254 2.521 2.768 2.966 2.733 2.373 2.182 2.201 0.000 
8.000 100.000 1.465 1.902 2.158 2.414 2.652 2.849 2.614 2.250 2.057 2.081 0.000 
8.000 125.890 1.368 1.793 2.040 2.281 2.508 2.704 2.466 2.097 1.900 1.930 0.000 
8.000 158.490 1.252 1.665 1.903 2.124 2.335 2.530 2.288 1.911 1.711 1.750 0.000 
8.000 199.530 1.119 1.520 1.750 1.943 2.134 2.327 2.079 1.693 1.487 1.537 0.000 
8.000 251.190 0.973 1.361 1.582 1.739 1.904 2.094 1.840 1.440 1.227 1.293 0.000 
8.000 316.230 0.814 1.189 1.400 1.513 1.643 1.830 1.567 1.150 0.927 1.014 0.000 
8.000 398.110 0.643 1.005 1.207 1.261 1.347 1.530 1.256 0.818 0.583 0.695 0.000 
8.000 501.190 0.459 0.808 1.000 0.980 1.011 1.189 0.900 0.435 0.185 0.329 0.000 
8.000 630.960 0.262 0.597 0.780 0.666 0.626 0.797 0.491 -0.009 -0.278 -0.093 0.000 
8.000 794.330 0.048 0.370 0.543 0.310 0.181 0.344 0.015 -0.529 -0.822 -0.585 0.000 
8.000 1000.000 -0.186 0.122 0.285 -0.096 -0.338 -0.185 -0.543 -1.142 -1.466 -1.163 0.000 
