GarciaEtAl2005SSlab_CanadaSHM6-trial modified from OpenQuake implementation, distance is rhypo. Log10 ground motion values in cgs units, PGV and Sa(T<0.1s) not valid
          14 31 18 : nmag, ndist, nperiod
          10.000 5.000 4.000 3.000 2.000 1.500 1.000 0.750 0.500 0.400 0.300 0.200 0.100 0.070 0.050 0.040 PGA PGV 
          0.567 0.567 0.583 0.605 0.607 0.645 0.638 0.631 0.609 0.626 0.637 0.644 0.770 0.775 0.773 0.733 0.657 0.593
4.750 1.000 -0.524 0.031 0.269 0.581 0.968 1.246 1.584 1.806 2.113 2.266 2.482 2.664 2.895 2.848 2.780 2.717 2.460 0.763 
4.750 1.260 -0.548 0.005 0.244 0.555 0.942 1.221 1.558 1.780 2.087 2.240 2.456 2.638 2.869 2.822 2.754 2.691 2.434 0.737 
4.750 1.580 -0.580 -0.030 0.208 0.520 0.907 1.185 1.523 1.745 2.052 2.204 2.420 2.602 2.833 2.786 2.718 2.655 2.398 0.702 
4.750 2.000 -0.624 -0.077 0.162 0.473 0.860 1.139 1.476 1.698 2.005 2.157 2.373 2.555 2.786 2.739 2.671 2.607 2.351 0.655 
4.750 2.510 -0.678 -0.134 0.104 0.415 0.802 1.081 1.418 1.640 1.946 2.099 2.314 2.496 2.727 2.680 2.612 2.548 2.292 0.596 
4.750 3.160 -0.742 -0.203 0.035 0.347 0.733 1.012 1.349 1.570 1.877 2.029 2.244 2.426 2.656 2.609 2.541 2.478 2.221 0.527 
4.750 3.980 -0.815 -0.281 -0.043 0.269 0.655 0.933 1.270 1.492 1.798 1.950 2.165 2.346 2.576 2.529 2.461 2.397 2.141 0.448 
4.750 5.010 -0.894 -0.366 -0.128 0.183 0.570 0.848 1.184 1.405 1.711 1.863 2.077 2.258 2.488 2.440 2.372 2.309 2.053 0.361 
4.750 6.310 -0.977 -0.456 -0.218 0.093 0.479 0.756 1.093 1.313 1.619 1.770 1.984 2.164 2.393 2.345 2.277 2.214 1.959 0.269 
4.750 7.940 -1.064 -0.551 -0.312 -0.002 0.384 0.661 0.997 1.217 1.522 1.672 1.885 2.065 2.293 2.246 2.177 2.114 1.859 0.172 
4.750 10.000 -1.153 -0.648 -0.410 -0.099 0.286 0.562 0.898 1.118 1.421 1.571 1.783 1.962 2.190 2.141 2.073 2.010 1.756 0.072 
4.750 12.590 -1.243 -0.747 -0.509 -0.199 0.185 0.462 0.797 1.016 1.318 1.467 1.678 1.856 2.082 2.033 1.965 1.902 1.649 -0.031 
4.750 15.850 -1.333 -0.847 -0.609 -0.300 0.083 0.359 0.693 0.911 1.212 1.360 1.569 1.745 1.970 1.921 1.853 1.790 1.538 -0.137 
4.750 19.950 -1.425 -0.949 -0.712 -0.402 -0.021 0.254 0.587 0.804 1.103 1.249 1.457 1.632 1.855 1.805 1.736 1.674 1.423 -0.246 
4.750 25.120 -1.517 -1.052 -0.815 -0.506 -0.126 0.147 0.479 0.695 0.992 1.136 1.340 1.513 1.734 1.684 1.615 1.552 1.303 -0.357 
4.750 31.620 -1.610 -1.156 -0.919 -0.612 -0.234 0.039 0.369 0.582 0.876 1.018 1.219 1.390 1.608 1.556 1.487 1.425 1.178 -0.472 
4.750 39.810 -1.704 -1.262 -1.026 -0.719 -0.344 -0.073 0.256 0.466 0.757 0.895 1.092 1.260 1.474 1.422 1.352 1.290 1.046 -0.591 
4.750 50.120 -1.799 -1.370 -1.134 -0.828 -0.456 -0.188 0.138 0.346 0.632 0.767 0.959 1.122 1.332 1.278 1.208 1.146 0.906 -0.715 
4.750 63.100 -1.896 -1.479 -1.244 -0.940 -0.572 -0.306 0.017 0.221 0.500 0.630 0.816 0.974 1.178 1.122 1.052 0.990 0.755 -0.845 
4.750 79.430 -1.995 -1.591 -1.357 -1.055 -0.692 -0.430 -0.111 0.088 0.361 0.485 0.662 0.814 1.011 0.952 0.881 0.820 0.591 -0.983 
4.750 100.000 -2.097 -1.706 -1.473 -1.174 -0.817 -0.559 -0.245 -0.052 0.211 0.327 0.494 0.638 0.825 0.764 0.692 0.632 0.410 -1.132 
4.750 125.890 -2.203 -1.825 -1.593 -1.298 -0.949 -0.696 -0.389 -0.204 0.048 0.155 0.308 0.443 0.618 0.553 0.480 0.420 0.208 -1.292 
4.750 158.490 -2.313 -1.949 -1.719 -1.428 -1.089 -0.843 -0.543 -0.368 -0.131 -0.036 0.100 0.223 0.383 0.313 0.239 0.180 -0.021 -1.469 
4.750 199.530 -2.430 -2.080 -1.851 -1.565 -1.239 -1.002 -0.712 -0.549 -0.331 -0.251 -0.136 -0.029 0.113 0.037 -0.039 -0.096 -0.282 -1.665 
4.750 251.190 -2.555 -2.218 -1.992 -1.713 -1.403 -1.177 -0.899 -0.752 -0.556 -0.496 -0.407 -0.319 -0.200 -0.285 -0.362 -0.418 -0.586 -1.887 
4.750 316.230 -2.689 -2.366 -2.144 -1.873 -1.583 -1.370 -1.108 -0.980 -0.814 -0.778 -0.722 -0.659 -0.570 -0.664 -0.744 -0.798 -0.942 -2.140 
4.750 398.110 -2.836 -2.527 -2.308 -2.048 -1.784 -1.588 -1.346 -1.243 -1.113 -1.107 -1.093 -1.062 -1.009 -1.115 -1.199 -1.250 -1.365 -2.432 
4.750 501.190 -2.998 -2.703 -2.490 -2.243 -2.010 -1.837 -1.619 -1.547 -1.464 -1.496 -1.534 -1.542 -1.535 -1.657 -1.745 -1.793 -1.871 -2.774 
4.750 630.960 -3.181 -2.899 -2.692 -2.462 -2.270 -2.124 -1.937 -1.904 -1.879 -1.959 -2.064 -2.121 -2.173 -2.314 -2.407 -2.451 -2.482 -3.179 
4.750 794.330 -3.388 -3.120 -2.921 -2.713 -2.571 -2.459 -2.311 -2.327 -2.376 -2.517 -2.704 -2.824 -2.949 -3.115 -3.214 -3.254 -3.226 -3.663 
4.750 1000.000 -3.626 -3.372 -3.184 -3.002 -2.924 -2.855 -2.757 -2.834 -2.976 -3.193 -3.485 -3.682 -3.900 -4.097 -4.205 -4.238 -4.136 -4.246 
5.000 1.000 -0.382 0.167 0.398 0.698 1.073 1.342 1.667 1.877 2.175 2.320 2.532 2.703 2.925 2.883 2.818 2.756 2.499 0.833 
5.000 1.260 -0.397 0.151 0.382 0.682 1.057 1.326 1.650 1.861 2.159 2.304 2.516 2.687 2.908 2.866 2.801 2.740 2.483 0.817 
5.000 1.580 -0.418 0.128 0.358 0.658 1.034 1.303 1.627 1.837 2.135 2.280 2.492 2.663 2.884 2.842 2.777 2.716 2.459 0.793 
5.000 2.000 -0.447 0.095 0.326 0.626 1.001 1.270 1.594 1.804 2.102 2.247 2.459 2.630 2.851 2.809 2.744 2.682 2.425 0.760 
5.000 2.510 -0.487 0.052 0.282 0.582 0.957 1.226 1.550 1.760 2.058 2.203 2.415 2.585 2.806 2.764 2.699 2.638 2.381 0.716 
5.000 3.160 -0.538 -0.003 0.227 0.527 0.902 1.171 1.495 1.705 2.003 2.147 2.359 2.529 2.750 2.708 2.643 2.581 2.325 0.661 
5.000 3.980 -0.599 -0.069 0.161 0.461 0.836 1.104 1.428 1.638 1.935 2.079 2.291 2.461 2.682 2.639 2.574 2.513 2.256 0.594 
5.000 5.010 -0.669 -0.145 0.086 0.385 0.760 1.028 1.352 1.561 1.858 2.002 2.213 2.383 2.603 2.561 2.495 2.434 2.178 0.516 
5.000 6.310 -0.746 -0.228 0.002 0.302 0.676 0.944 1.267 1.476 1.773 1.916 2.126 2.296 2.515 2.473 2.407 2.346 2.091 0.431 
5.000 7.940 -0.828 -0.318 -0.088 0.212 0.586 0.853 1.176 1.385 1.681 1.823 2.033 2.202 2.421 2.378 2.313 2.251 1.996 0.339 
5.000 10.000 -0.914 -0.411 -0.181 0.118 0.491 0.758 1.081 1.289 1.584 1.726 1.934 2.102 2.320 2.277 2.212 2.150 1.896 0.242 
5.000 12.590 -1.002 -0.508 -0.278 0.021 0.393 0.660 0.981 1.189 1.483 1.624 1.831 1.998 2.215 2.171 2.106 2.045 1.791 0.141 
5.000 15.850 -1.092 -0.607 -0.378 -0.079 0.292 0.558 0.879 1.086 1.378 1.518 1.723 1.889 2.105 2.061 1.995 1.934 1.682 0.037 
5.000 19.950 -1.183 -0.708 -0.479 -0.181 0.189 0.454 0.775 0.980 1.270 1.409 1.612 1.776 1.990 1.946 1.880 1.819 1.568 -0.070 
5.000 25.120 -1.274 -0.811 -0.582 -0.284 0.084 0.348 0.667 0.871 1.159 1.295 1.496 1.659 1.870 1.825 1.759 1.698 1.449 -0.181 
5.000 31.620 -1.367 -0.915 -0.686 -0.389 -0.023 0.240 0.557 0.759 1.044 1.178 1.376 1.536 1.744 1.698 1.632 1.571 1.324 -0.296 
5.000 39.810 -1.461 -1.020 -0.792 -0.496 -0.133 0.129 0.444 0.643 0.925 1.056 1.249 1.406 1.611 1.563 1.497 1.436 1.193 -0.414 
5.000 50.120 -1.556 -1.128 -0.900 -0.605 -0.245 0.014 0.327 0.523 0.800 0.927 1.116 1.268 1.469 1.420 1.352 1.292 1.052 -0.538 
5.000 63.100 -1.653 -1.237 -1.010 -0.717 -0.361 -0.104 0.205 0.398 0.669 0.791 0.973 1.121 1.315 1.264 1.197 1.137 0.902 -0.668 
5.000 79.430 -1.752 -1.349 -1.122 -0.832 -0.481 -0.228 0.078 0.265 0.529 0.646 0.819 0.961 1.148 1.094 1.026 0.967 0.737 -0.807 
5.000 100.000 -1.854 -1.464 -1.238 -0.951 -0.606 -0.357 -0.056 0.125 0.379 0.488 0.651 0.785 0.963 0.906 0.837 0.778 0.556 -0.955 
5.000 125.890 -1.960 -1.583 -1.359 -1.075 -0.738 -0.495 -0.200 -0.026 0.217 0.316 0.465 0.589 0.756 0.695 0.625 0.567 0.355 -1.116 
5.000 158.490 -2.071 -1.707 -1.485 -1.205 -0.878 -0.641 -0.354 -0.191 0.037 0.125 0.257 0.369 0.521 0.455 0.384 0.327 0.126 -1.292 
5.000 199.530 -2.188 -1.838 -1.617 -1.342 -1.028 -0.800 -0.523 -0.372 -0.162 -0.090 0.022 0.118 0.251 0.179 0.106 0.051 -0.135 -1.489 
5.000 251.190 -2.312 -1.976 -1.758 -1.490 -1.192 -0.975 -0.710 -0.574 -0.388 -0.335 -0.249 -0.173 -0.063 -0.142 -0.217 -0.272 -0.439 -1.710 
5.000 316.230 -2.447 -2.124 -1.909 -1.650 -1.372 -1.168 -0.919 -0.803 -0.646 -0.617 -0.565 -0.513 -0.432 -0.521 -0.599 -0.651 -0.795 -1.963 
5.000 398.110 -2.593 -2.284 -2.074 -1.825 -1.572 -1.386 -1.157 -1.065 -0.945 -0.946 -0.936 -0.915 -0.871 -0.973 -1.054 -1.103 -1.218 -2.255 
5.000 501.190 -2.756 -2.461 -2.255 -2.020 -1.799 -1.635 -1.430 -1.369 -1.295 -1.335 -1.377 -1.395 -1.398 -1.515 -1.600 -1.646 -1.724 -2.597 
5.000 630.960 -2.938 -2.657 -2.458 -2.239 -2.059 -1.922 -1.748 -1.726 -1.711 -1.798 -1.906 -1.974 -2.035 -2.171 -2.262 -2.304 -2.335 -3.002 
5.000 794.330 -3.145 -2.878 -2.687 -2.490 -2.360 -2.257 -2.123 -2.150 -2.208 -2.356 -2.547 -2.677 -2.812 -2.972 -3.069 -3.107 -3.079 -3.486 
5.000 1000.000 -3.383 -3.130 -2.949 -2.779 -2.713 -2.653 -2.568 -2.657 -2.807 -3.032 -3.328 -3.536 -3.763 -3.955 -4.060 -4.091 -3.989 -4.070 
5.250 1.000 -0.249 0.295 0.518 0.807 1.170 1.429 1.740 1.939 2.228 2.365 2.573 2.733 2.945 2.908 2.846 2.786 2.529 0.894 
5.250 1.260 -0.257 0.286 0.508 0.797 1.160 1.419 1.731 1.929 2.218 2.355 2.563 2.723 2.935 2.898 2.835 2.776 2.519 0.885 
5.250 1.580 -0.269 0.271 0.494 0.782 1.146 1.405 1.716 1.914 2.204 2.340 2.548 2.708 2.920 2.883 2.820 2.761 2.504 0.870 
5.250 2.000 -0.288 0.250 0.472 0.761 1.124 1.383 1.694 1.893 2.182 2.319 2.527 2.687 2.898 2.861 2.798 2.739 2.482 0.848 
5.250 2.510 -0.315 0.220 0.442 0.731 1.094 1.353 1.664 1.862 2.151 2.288 2.496 2.656 2.867 2.830 2.767 2.708 2.451 0.818 
5.250 3.160 -0.351 0.179 0.402 0.690 1.053 1.312 1.623 1.821 2.110 2.247 2.454 2.614 2.825 2.788 2.726 2.666 2.409 0.777 
5.250 3.980 -0.399 0.127 0.350 0.638 1.001 1.260 1.571 1.769 2.057 2.194 2.401 2.560 2.771 2.734 2.671 2.612 2.356 0.724 
5.250 5.010 -0.457 0.064 0.286 0.575 0.937 1.196 1.507 1.704 1.993 2.129 2.335 2.495 2.705 2.668 2.605 2.546 2.290 0.659 
5.250 6.310 -0.524 -0.009 0.213 0.501 0.863 1.122 1.432 1.630 1.917 2.053 2.259 2.418 2.628 2.590 2.528 2.468 2.213 0.584 
5.250 7.940 -0.599 -0.091 0.131 0.419 0.781 1.039 1.349 1.546 1.833 1.968 2.174 2.332 2.541 2.503 2.441 2.381 2.126 0.500 
5.250 10.000 -0.680 -0.180 0.042 0.330 0.691 0.949 1.259 1.455 1.741 1.876 2.080 2.238 2.446 2.408 2.345 2.286 2.032 0.408 
5.250 12.590 -0.765 -0.273 -0.051 0.237 0.597 0.854 1.163 1.359 1.644 1.777 1.981 2.137 2.345 2.306 2.243 2.184 1.931 0.311 
5.250 15.850 -0.852 -0.370 -0.148 0.139 0.499 0.755 1.064 1.258 1.542 1.674 1.876 2.031 2.237 2.198 2.135 2.076 1.824 0.209 
5.250 19.950 -0.942 -0.469 -0.247 0.039 0.398 0.653 0.960 1.154 1.436 1.566 1.766 1.920 2.124 2.085 2.021 1.962 1.711 0.103 
5.250 25.120 -1.033 -0.570 -0.349 -0.063 0.294 0.548 0.854 1.046 1.326 1.454 1.652 1.803 2.005 1.965 1.902 1.843 1.594 -0.006 
5.250 31.620 -1.125 -0.674 -0.453 -0.167 0.187 0.440 0.745 0.935 1.211 1.338 1.532 1.681 1.880 1.839 1.775 1.716 1.470 -0.120 
5.250 39.810 -1.218 -0.779 -0.558 -0.274 0.078 0.330 0.632 0.820 1.093 1.216 1.406 1.552 1.747 1.705 1.641 1.582 1.339 -0.238 
5.250 50.120 -1.313 -0.886 -0.666 -0.383 -0.034 0.215 0.515 0.700 0.968 1.088 1.272 1.415 1.605 1.561 1.497 1.439 1.199 -0.362 
5.250 63.100 -1.410 -0.995 -0.775 -0.494 -0.150 0.097 0.394 0.575 0.837 0.952 1.130 1.267 1.452 1.406 1.341 1.283 1.048 -0.492 
5.250 79.430 -1.509 -1.107 -0.888 -0.609 -0.269 -0.026 0.267 0.443 0.698 0.806 0.976 1.107 1.285 1.236 1.171 1.113 0.884 -0.630 
5.250 100.000 -1.612 -1.222 -1.004 -0.728 -0.395 -0.156 0.132 0.302 0.548 0.649 0.808 0.931 1.100 1.048 0.982 0.925 0.703 -0.778 
5.250 125.890 -1.717 -1.341 -1.125 -0.852 -0.526 -0.293 -0.011 0.151 0.385 0.477 0.623 0.736 0.893 0.837 0.770 0.714 0.501 -0.939 
5.250 158.490 -1.828 -1.465 -1.250 -0.982 -0.666 -0.440 -0.166 -0.014 0.206 0.285 0.415 0.516 0.658 0.598 0.529 0.474 0.273 -1.115 
5.250 199.530 -1.945 -1.595 -1.383 -1.119 -0.817 -0.599 -0.334 -0.195 0.006 0.071 0.179 0.264 0.388 0.322 0.251 0.198 0.011 -1.312 
5.250 251.190 -2.070 -1.733 -1.523 -1.267 -0.980 -0.773 -0.521 -0.397 -0.219 -0.174 -0.092 -0.026 0.074 0.000 -0.072 -0.125 -0.292 -1.533 
5.250 316.230 -2.204 -1.882 -1.675 -1.427 -1.160 -0.967 -0.730 -0.626 -0.477 -0.456 -0.407 -0.366 -0.295 -0.379 -0.454 -0.504 -0.648 -1.786 
5.250 398.110 -2.351 -2.042 -1.839 -1.602 -1.361 -1.185 -0.968 -0.888 -0.776 -0.785 -0.778 -0.768 -0.734 -0.830 -0.908 -0.956 -1.071 -2.078 
5.250 501.190 -2.514 -2.218 -2.021 -1.797 -1.588 -1.433 -1.241 -1.192 -1.127 -1.174 -1.219 -1.249 -1.261 -1.372 -1.455 -1.499 -1.577 -2.420 
5.250 630.960 -2.696 -2.414 -2.223 -2.016 -1.847 -1.720 -1.559 -1.549 -1.542 -1.637 -1.749 -1.827 -1.898 -2.029 -2.117 -2.157 -2.188 -2.825 
5.250 794.330 -2.903 -2.635 -2.452 -2.266 -2.148 -2.055 -1.934 -1.972 -2.039 -2.195 -2.390 -2.530 -2.674 -2.830 -2.924 -2.960 -2.932 -3.309 
5.250 1000.000 -3.141 -2.888 -2.715 -2.556 -2.501 -2.451 -2.379 -2.480 -2.639 -2.871 -3.170 -3.389 -3.626 -3.812 -3.915 -3.944 -3.842 -3.893 
5.500 1.000 -0.121 0.418 0.632 0.910 1.261 1.510 1.808 1.995 2.275 2.404 2.608 2.757 2.959 2.926 2.867 2.809 2.552 0.950 
5.500 1.260 -0.125 0.412 0.626 0.904 1.255 1.505 1.803 1.989 2.269 2.398 2.602 2.751 2.953 2.921 2.861 2.803 2.546 0.944 
5.500 1.580 -0.132 0.403 0.618 0.895 1.246 1.496 1.794 1.980 2.260 2.389 2.593 2.742 2.944 2.911 2.852 2.794 2.537 0.935 
5.500 2.000 -0.143 0.390 0.605 0.882 1.233 1.483 1.780 1.967 2.247 2.376 2.579 2.728 2.930 2.898 2.838 2.780 2.524 0.922 
5.500 2.510 -0.159 0.371 0.585 0.863 1.214 1.463 1.761 1.947 2.227 2.356 2.559 2.708 2.910 2.878 2.818 2.760 2.504 0.902 
5.500 3.160 -0.183 0.343 0.558 0.835 1.186 1.435 1.733 1.919 2.199 2.327 2.531 2.680 2.881 2.849 2.789 2.731 2.475 0.874 
5.500 3.980 -0.216 0.306 0.520 0.797 1.148 1.397 1.695 1.881 2.160 2.289 2.492 2.641 2.842 2.809 2.750 2.692 2.436 0.835 
5.500 5.010 -0.260 0.257 0.471 0.748 1.099 1.348 1.645 1.831 2.110 2.238 2.441 2.589 2.790 2.758 2.698 2.640 2.385 0.785 
5.500 6.310 -0.315 0.196 0.410 0.687 1.038 1.287 1.584 1.769 2.048 2.176 2.378 2.526 2.726 2.694 2.634 2.576 2.321 0.723 
5.500 7.940 -0.380 0.125 0.339 0.616 0.966 1.214 1.511 1.696 1.975 2.102 2.303 2.451 2.651 2.618 2.558 2.500 2.245 0.650 
5.500 10.000 -0.453 0.045 0.259 0.536 0.885 1.133 1.429 1.614 1.891 2.018 2.219 2.365 2.564 2.531 2.471 2.413 2.159 0.567 
5.500 12.590 -0.532 -0.042 0.172 0.448 0.796 1.044 1.340 1.524 1.800 1.926 2.125 2.271 2.469 2.435 2.375 2.318 2.064 0.475 
5.500 15.850 -0.616 -0.135 0.079 0.355 0.702 0.949 1.244 1.427 1.702 1.827 2.025 2.169 2.366 2.332 2.271 2.214 1.962 0.378 
5.500 19.950 -0.703 -0.232 -0.018 0.257 0.604 0.850 1.144 1.326 1.599 1.722 1.918 2.061 2.256 2.221 2.161 2.103 1.852 0.275 
5.500 25.120 -0.792 -0.331 -0.118 0.157 0.502 0.747 1.040 1.220 1.491 1.612 1.805 1.946 2.139 2.103 2.043 1.986 1.737 0.167 
5.500 31.620 -0.883 -0.433 -0.220 0.054 0.396 0.640 0.931 1.110 1.378 1.496 1.687 1.825 2.015 1.979 1.918 1.861 1.614 0.055 
5.500 39.810 -0.976 -0.538 -0.325 -0.052 0.288 0.530 0.819 0.995 1.260 1.375 1.561 1.697 1.883 1.845 1.784 1.727 1.484 -0.063 
5.500 50.120 -1.071 -0.644 -0.432 -0.161 0.176 0.416 0.703 0.876 1.136 1.248 1.428 1.560 1.741 1.702 1.641 1.584 1.344 -0.186 
5.500 63.100 -1.168 -0.753 -0.542 -0.272 0.061 0.298 0.582 0.751 1.005 1.112 1.286 1.413 1.589 1.548 1.485 1.429 1.194 -0.316 
5.500 79.430 -1.267 -0.865 -0.654 -0.386 -0.058 0.175 0.455 0.619 0.866 0.967 1.133 1.253 1.421 1.378 1.315 1.260 1.030 -0.453 
5.500 100.000 -1.369 -0.980 -0.770 -0.505 -0.183 0.046 0.321 0.479 0.716 0.810 0.965 1.078 1.237 1.190 1.127 1.072 0.850 -0.601 
5.500 125.890 -1.475 -1.099 -0.890 -0.629 -0.315 -0.091 0.178 0.328 0.553 0.637 0.780 0.882 1.030 0.979 0.915 0.861 0.648 -0.762 
5.500 158.490 -1.586 -1.223 -1.016 -0.759 -0.455 -0.238 0.023 0.164 0.374 0.446 0.572 0.662 0.795 0.740 0.674 0.621 0.420 -0.939 
5.500 199.530 -1.703 -1.353 -1.148 -0.896 -0.605 -0.397 -0.146 -0.018 0.175 0.232 0.336 0.411 0.525 0.464 0.396 0.344 0.158 -1.135 
5.500 251.190 -1.827 -1.491 -1.289 -1.044 -0.769 -0.571 -0.332 -0.220 -0.051 -0.013 0.065 0.120 0.211 0.142 0.073 0.022 -0.146 -1.356 
5.500 316.230 -1.962 -1.639 -1.440 -1.203 -0.949 -0.765 -0.542 -0.449 -0.309 -0.295 -0.250 -0.219 -0.158 -0.237 -0.309 -0.357 -0.502 -1.609 
5.500 398.110 -2.109 -1.800 -1.605 -1.379 -1.150 -0.983 -0.779 -0.711 -0.608 -0.624 -0.621 -0.622 -0.597 -0.688 -0.763 -0.809 -0.924 -1.901 
5.500 501.190 -2.271 -1.976 -1.787 -1.574 -1.376 -1.231 -1.052 -1.015 -0.958 -1.013 -1.062 -1.102 -1.123 -1.230 -1.310 -1.353 -1.430 -2.244 
5.500 630.960 -2.453 -2.172 -1.989 -1.793 -1.636 -1.518 -1.370 -1.372 -1.373 -1.476 -1.592 -1.681 -1.761 -1.887 -1.972 -2.011 -2.042 -2.649 
5.500 794.330 -2.660 -2.393 -2.218 -2.043 -1.937 -1.853 -1.745 -1.795 -1.870 -2.034 -2.232 -2.384 -2.537 -2.688 -2.779 -2.813 -2.785 -3.132 
5.500 1000.000 -2.899 -2.645 -2.481 -2.332 -2.290 -2.249 -2.190 -2.302 -2.470 -2.710 -3.013 -3.242 -3.488 -3.670 -3.769 -3.797 -3.696 -3.716 
5.750 1.000 0.003 0.537 0.743 1.009 1.348 1.588 1.872 2.047 2.317 2.438 2.638 2.775 2.967 2.940 2.883 2.827 2.571 1.000 
5.750 1.260 0.001 0.533 0.740 1.006 1.345 1.584 1.869 2.043 2.314 2.435 2.634 2.772 2.964 2.936 2.879 2.823 2.567 0.997 
5.750 1.580 -0.002 0.528 0.735 1.001 1.340 1.579 1.864 2.038 2.309 2.429 2.629 2.767 2.958 2.931 2.874 2.818 2.562 0.992 
5.750 2.000 -0.008 0.520 0.727 0.993 1.332 1.571 1.856 2.030 2.301 2.421 2.621 2.758 2.950 2.923 2.866 2.810 2.554 0.984 
5.750 2.510 -0.017 0.509 0.715 0.981 1.320 1.559 1.844 2.018 2.289 2.409 2.609 2.746 2.938 2.910 2.853 2.797 2.541 0.972 
5.750 3.160 -0.031 0.491 0.697 0.963 1.302 1.542 1.826 2.000 2.271 2.391 2.590 2.728 2.919 2.892 2.835 2.779 2.523 0.954 
5.750 3.980 -0.052 0.466 0.672 0.938 1.277 1.516 1.800 1.975 2.245 2.365 2.564 2.701 2.893 2.865 2.808 2.752 2.496 0.928 
5.750 5.010 -0.082 0.431 0.637 0.903 1.242 1.481 1.765 1.939 2.209 2.329 2.528 2.665 2.856 2.828 2.771 2.715 2.460 0.892 
5.750 6.310 -0.123 0.385 0.591 0.857 1.195 1.434 1.718 1.892 2.161 2.281 2.479 2.616 2.807 2.779 2.722 2.666 2.411 0.845 
5.750 7.940 -0.175 0.327 0.533 0.799 1.137 1.376 1.659 1.833 2.102 2.221 2.418 2.555 2.745 2.717 2.660 2.604 2.349 0.785 
5.750 10.000 -0.236 0.258 0.464 0.730 1.067 1.306 1.589 1.762 2.030 2.149 2.345 2.481 2.670 2.642 2.585 2.529 2.275 0.713 
5.750 12.590 -0.307 0.180 0.386 0.651 0.988 1.226 1.508 1.680 1.948 2.066 2.261 2.396 2.584 2.556 2.498 2.443 2.189 0.631 
5.750 15.850 -0.385 0.094 0.300 0.564 0.900 1.137 1.419 1.591 1.857 1.973 2.167 2.301 2.488 2.459 2.401 2.346 2.094 0.541 
5.750 19.950 -0.467 0.002 0.207 0.472 0.806 1.043 1.324 1.494 1.758 1.873 2.065 2.197 2.383 2.353 2.295 2.240 1.989 0.442 
5.750 25.120 -0.554 -0.095 0.111 0.374 0.707 0.943 1.222 1.391 1.653 1.766 1.956 2.086 2.269 2.239 2.181 2.126 1.877 0.338 
5.750 31.620 -0.644 -0.195 0.010 0.273 0.604 0.838 1.116 1.283 1.542 1.653 1.839 1.967 2.147 2.116 2.058 2.003 1.756 0.227 
5.750 39.810 -0.735 -0.298 -0.093 0.168 0.497 0.729 1.006 1.170 1.425 1.534 1.716 1.840 2.017 1.985 1.926 1.871 1.627 0.111 
5.750 50.120 -0.829 -0.404 -0.199 0.061 0.386 0.617 0.891 1.052 1.303 1.407 1.584 1.705 1.877 1.843 1.784 1.729 1.489 -0.011 
5.750 63.100 -0.926 -0.512 -0.308 -0.050 0.272 0.499 0.770 0.927 1.172 1.272 1.442 1.558 1.724 1.689 1.629 1.575 1.339 -0.140 
5.750 79.430 -1.025 -0.623 -0.420 -0.164 0.152 0.377 0.643 0.796 1.034 1.127 1.289 1.399 1.558 1.520 1.459 1.406 1.176 -0.277 
5.750 100.000 -1.127 -0.738 -0.536 -0.282 0.028 0.248 0.509 0.656 0.884 0.970 1.122 1.224 1.373 1.332 1.271 1.218 0.996 -0.425 
5.750 125.890 -1.232 -0.857 -0.656 -0.406 -0.104 0.111 0.366 0.505 0.722 0.798 0.936 1.029 1.167 1.121 1.059 1.007 0.794 -0.586 
5.750 158.490 -1.343 -0.981 -0.782 -0.536 -0.244 -0.036 0.212 0.341 0.543 0.607 0.729 0.809 0.932 0.882 0.819 0.767 0.566 -0.762 
5.750 199.530 -1.460 -1.111 -0.914 -0.673 -0.394 -0.195 0.043 0.159 0.343 0.392 0.493 0.557 0.662 0.606 0.541 0.491 0.304 -0.958 
5.750 251.190 -1.585 -1.249 -1.055 -0.821 -0.558 -0.369 -0.144 -0.043 0.118 0.148 0.222 0.267 0.349 0.285 0.218 0.169 0.001 -1.179 
5.750 316.230 -1.719 -1.397 -1.206 -0.980 -0.737 -0.563 -0.353 -0.271 -0.140 -0.134 -0.093 -0.073 -0.021 -0.094 -0.164 -0.210 -0.355 -1.432 
5.750 398.110 -1.866 -1.558 -1.371 -1.156 -0.938 -0.781 -0.590 -0.533 -0.439 -0.463 -0.464 -0.475 -0.459 -0.546 -0.618 -0.662 -0.778 -1.725 
5.750 501.190 -2.029 -1.734 -1.552 -1.350 -1.165 -1.029 -0.863 -0.838 -0.789 -0.852 -0.905 -0.955 -0.986 -1.088 -1.165 -1.206 -1.284 -2.067 
5.750 630.960 -2.211 -1.930 -1.755 -1.570 -1.425 -1.316 -1.181 -1.194 -1.205 -1.315 -1.434 -1.534 -1.623 -1.744 -1.827 -1.864 -1.895 -2.472 
5.750 794.330 -2.418 -2.151 -1.984 -1.820 -1.725 -1.651 -1.556 -1.618 -1.702 -1.873 -2.075 -2.237 -2.400 -2.545 -2.634 -2.666 -2.639 -2.956 
5.750 1000.000 -2.656 -2.403 -2.246 -2.109 -2.078 -2.047 -2.001 -2.125 -2.302 -2.549 -2.856 -3.096 -3.351 -3.527 -3.624 -3.650 -3.549 -3.539 
6.000 1.000 0.125 0.653 0.851 1.106 1.433 1.662 1.933 2.096 2.357 2.469 2.664 2.790 2.972 2.949 2.895 2.841 2.585 1.048 
6.000 1.260 0.124 0.651 0.850 1.104 1.431 1.660 1.931 2.094 2.355 2.467 2.662 2.788 2.970 2.947 2.893 2.839 2.583 1.046 
6.000 1.580 0.123 0.648 0.847 1.101 1.428 1.657 1.928 2.091 2.352 2.464 2.659 2.785 2.967 2.944 2.889 2.836 2.580 1.043 
6.000 2.000 0.121 0.644 0.842 1.097 1.423 1.653 1.924 2.086 2.347 2.459 2.654 2.780 2.962 2.939 2.885 2.831 2.575 1.039 
6.000 2.510 0.116 0.637 0.835 1.090 1.416 1.646 1.917 2.079 2.340 2.452 2.647 2.773 2.954 2.932 2.877 2.823 2.568 1.031 
6.000 3.160 0.109 0.626 0.824 1.079 1.405 1.635 1.906 2.068 2.329 2.441 2.635 2.762 2.943 2.920 2.866 2.812 2.556 1.020 
6.000 3.980 0.097 0.610 0.809 1.063 1.389 1.619 1.890 2.052 2.312 2.424 2.619 2.745 2.926 2.903 2.849 2.795 2.539 1.004 
6.000 5.010 0.078 0.587 0.785 1.040 1.366 1.595 1.866 2.028 2.289 2.400 2.594 2.720 2.901 2.878 2.824 2.770 2.515 0.980 
6.000 6.310 0.051 0.555 0.753 1.007 1.333 1.563 1.833 1.995 2.255 2.367 2.560 2.686 2.866 2.844 2.789 2.735 2.480 0.947 
6.000 7.940 0.013 0.512 0.710 0.964 1.290 1.519 1.789 1.950 2.210 2.321 2.514 2.639 2.820 2.797 2.742 2.688 2.434 0.902 
6.000 10.000 -0.035 0.457 0.655 0.909 1.234 1.463 1.733 1.894 2.153 2.263 2.456 2.580 2.760 2.736 2.682 2.628 2.374 0.845 
6.000 12.590 -0.094 0.391 0.589 0.842 1.167 1.395 1.664 1.825 2.083 2.193 2.384 2.508 2.686 2.663 2.608 2.554 2.301 0.775 
6.000 15.850 -0.162 0.314 0.512 0.765 1.089 1.317 1.585 1.745 2.002 2.110 2.300 2.423 2.600 2.576 2.521 2.468 2.215 0.694 
6.000 19.950 -0.238 0.229 0.427 0.680 1.002 1.229 1.497 1.655 1.910 2.018 2.206 2.327 2.503 2.478 2.423 2.369 2.119 0.603 
6.000 25.120 -0.320 0.138 0.335 0.587 0.908 1.134 1.401 1.558 1.811 1.916 2.102 2.221 2.395 2.369 2.314 2.261 2.012 0.504 
6.000 31.620 -0.406 0.041 0.238 0.489 0.809 1.033 1.298 1.453 1.703 1.807 1.989 2.106 2.277 2.250 2.195 2.142 1.895 0.397 
6.000 39.810 -0.496 -0.060 0.137 0.387 0.704 0.927 1.190 1.343 1.589 1.690 1.868 1.982 2.149 2.121 2.066 2.013 1.769 0.283 
6.000 50.120 -0.589 -0.164 0.032 0.281 0.595 0.816 1.076 1.226 1.468 1.565 1.738 1.848 2.010 1.981 1.925 1.872 1.632 0.163 
6.000 63.100 -0.684 -0.271 -0.076 0.172 0.481 0.699 0.957 1.103 1.339 1.431 1.597 1.702 1.859 1.828 1.772 1.719 1.484 0.035 
6.000 79.430 -0.783 -0.382 -0.187 0.058 0.362 0.577 0.831 0.972 1.201 1.287 1.445 1.544 1.693 1.660 1.603 1.551 1.321 -0.102 
6.000 100.000 -0.885 -0.496 -0.303 -0.060 0.238 0.449 0.697 0.832 1.052 1.130 1.278 1.369 1.509 1.473 1.415 1.364 1.141 -0.249 
6.000 125.890 -0.990 -0.615 -0.422 -0.183 0.107 0.312 0.555 0.682 0.890 0.958 1.093 1.174 1.303 1.263 1.204 1.153 0.940 -0.409 
6.000 158.490 -1.101 -0.739 -0.548 -0.313 -0.033 0.165 0.400 0.517 0.711 0.768 0.886 0.955 1.069 1.024 0.963 0.914 0.712 -0.586 
6.000 199.530 -1.218 -0.869 -0.680 -0.450 -0.183 0.007 0.232 0.336 0.512 0.553 0.650 0.704 0.799 0.748 0.686 0.638 0.451 -0.782 
6.000 251.190 -1.342 -1.007 -0.821 -0.598 -0.346 -0.168 0.045 0.134 0.286 0.309 0.379 0.413 0.486 0.427 0.362 0.316 0.148 -1.003 
6.000 316.230 -1.477 -1.155 -0.972 -0.757 -0.526 -0.361 -0.164 -0.094 0.028 0.027 0.064 0.074 0.117 0.048 -0.019 -0.064 -0.208 -1.256 
6.000 398.110 -1.624 -1.315 -1.136 -0.933 -0.727 -0.579 -0.402 -0.356 -0.271 -0.302 -0.307 -0.328 -0.322 -0.403 -0.473 -0.516 -0.631 -1.548 
6.000 501.190 -1.786 -1.492 -1.318 -1.127 -0.954 -0.827 -0.675 -0.660 -0.621 -0.691 -0.748 -0.809 -0.849 -0.945 -1.020 -1.059 -1.137 -1.890 
6.000 630.960 -1.969 -1.688 -1.520 -1.347 -1.213 -1.114 -0.993 -1.017 -1.036 -1.154 -1.277 -1.387 -1.486 -1.602 -1.682 -1.717 -1.748 -2.295 
6.000 794.330 -2.176 -1.908 -1.749 -1.597 -1.514 -1.449 -1.367 -1.441 -1.533 -1.712 -1.918 -2.090 -2.262 -2.403 -2.489 -2.519 -2.492 -2.779 
6.000 1000.000 -2.414 -2.161 -2.012 -1.886 -1.867 -1.846 -1.813 -1.948 -2.133 -2.388 -2.699 -2.949 -3.214 -3.385 -3.479 -3.504 -3.402 -3.362 
6.250 1.000 0.245 0.768 0.958 1.201 1.515 1.735 1.992 2.142 2.393 2.497 2.687 2.801 2.972 2.954 2.902 2.850 2.596 1.093 
6.250 1.260 0.246 0.767 0.957 1.200 1.514 1.734 1.991 2.141 2.392 2.496 2.685 2.800 2.971 2.953 2.901 2.849 2.594 1.092 
6.250 1.580 0.245 0.765 0.955 1.198 1.512 1.732 1.989 2.139 2.390 2.494 2.684 2.798 2.969 2.951 2.899 2.847 2.593 1.090 
6.250 2.000 0.245 0.763 0.953 1.196 1.510 1.729 1.987 2.137 2.388 2.491 2.681 2.795 2.966 2.948 2.896 2.844 2.590 1.088 
6.250 2.510 0.243 0.759 0.949 1.192 1.506 1.725 1.983 2.132 2.384 2.487 2.677 2.791 2.962 2.944 2.892 2.840 2.585 1.084 
6.250 3.160 0.240 0.752 0.943 1.185 1.499 1.719 1.976 2.126 2.377 2.481 2.670 2.784 2.955 2.937 2.885 2.833 2.579 1.077 
6.250 3.980 0.234 0.743 0.933 1.176 1.490 1.709 1.966 2.116 2.367 2.470 2.660 2.774 2.945 2.927 2.875 2.823 2.568 1.067 
6.250 5.010 0.223 0.728 0.919 1.161 1.475 1.695 1.952 2.101 2.352 2.455 2.644 2.758 2.929 2.911 2.859 2.807 2.553 1.052 
6.250 6.310 0.207 0.707 0.898 1.140 1.454 1.673 1.930 2.079 2.330 2.433 2.622 2.736 2.906 2.888 2.836 2.784 2.530 1.030 
6.250 7.940 0.183 0.678 0.868 1.110 1.424 1.643 1.899 2.048 2.299 2.401 2.590 2.703 2.873 2.855 2.803 2.751 2.497 0.999 
6.250 10.000 0.148 0.637 0.827 1.070 1.383 1.601 1.858 2.007 2.256 2.358 2.546 2.659 2.828 2.810 2.758 2.706 2.453 0.956 
6.250 12.590 0.103 0.585 0.775 1.017 1.330 1.548 1.804 1.952 2.201 2.302 2.489 2.602 2.770 2.751 2.699 2.647 2.395 0.901 
6.250 15.850 0.047 0.521 0.711 0.953 1.265 1.482 1.738 1.885 2.133 2.233 2.419 2.530 2.697 2.678 2.626 2.574 2.323 0.833 
6.250 19.950 -0.019 0.447 0.636 0.878 1.188 1.405 1.660 1.806 2.052 2.152 2.335 2.445 2.611 2.591 2.539 2.487 2.237 0.753 
6.250 25.120 -0.093 0.363 0.552 0.793 1.102 1.318 1.572 1.717 1.961 2.058 2.240 2.348 2.512 2.491 2.439 2.387 2.138 0.662 
6.250 31.620 -0.174 0.272 0.461 0.701 1.008 1.223 1.475 1.618 1.859 1.955 2.133 2.239 2.400 2.379 2.326 2.274 2.028 0.561 
6.250 39.810 -0.260 0.175 0.364 0.603 0.907 1.121 1.371 1.512 1.749 1.842 2.016 2.119 2.276 2.254 2.201 2.150 1.906 0.452 
6.250 50.120 -0.350 0.073 0.262 0.499 0.801 1.012 1.260 1.398 1.631 1.720 1.889 1.988 2.141 2.117 2.063 2.013 1.772 0.334 
6.250 63.100 -0.444 -0.032 0.155 0.391 0.689 0.898 1.142 1.276 1.504 1.588 1.750 1.845 1.992 1.966 1.912 1.862 1.626 0.208 
6.250 79.430 -0.542 -0.142 0.045 0.279 0.572 0.777 1.017 1.147 1.367 1.445 1.599 1.688 1.827 1.799 1.744 1.695 1.465 0.072 
6.250 100.000 -0.643 -0.255 -0.070 0.162 0.448 0.649 0.885 1.008 1.219 1.289 1.433 1.514 1.645 1.613 1.558 1.508 1.286 -0.074 
6.250 125.890 -0.748 -0.373 -0.189 0.039 0.317 0.513 0.742 0.858 1.057 1.118 1.249 1.320 1.439 1.404 1.347 1.298 1.085 -0.234 
6.250 158.490 -0.859 -0.497 -0.314 -0.090 0.178 0.367 0.588 0.694 0.879 0.928 1.042 1.100 1.205 1.165 1.107 1.059 0.858 -0.409 
6.250 199.530 -0.976 -0.627 -0.446 -0.228 0.028 0.208 0.420 0.513 0.680 0.713 0.807 0.850 0.936 0.889 0.830 0.784 0.597 -0.605 
6.250 251.190 -1.100 -0.765 -0.587 -0.375 -0.135 0.034 0.234 0.311 0.454 0.469 0.536 0.559 0.622 0.568 0.507 0.462 0.294 -0.826 
6.250 316.230 -1.235 -0.913 -0.738 -0.534 -0.315 -0.160 0.025 0.083 0.197 0.187 0.221 0.220 0.253 0.190 0.126 0.083 -0.062 -1.079 
6.250 398.110 -1.381 -1.073 -0.902 -0.710 -0.516 -0.377 -0.213 -0.179 -0.102 -0.142 -0.150 -0.182 -0.185 -0.261 -0.329 -0.369 -0.484 -1.371 
6.250 501.190 -1.544 -1.249 -1.084 -0.904 -0.742 -0.626 -0.486 -0.483 -0.452 -0.530 -0.591 -0.662 -0.712 -0.803 -0.875 -0.912 -0.990 -1.713 
6.250 630.960 -1.726 -1.445 -1.286 -1.124 -1.002 -0.912 -0.804 -0.840 -0.868 -0.993 -1.120 -1.241 -1.349 -1.460 -1.537 -1.570 -1.602 -2.118 
6.250 794.330 -1.933 -1.666 -1.515 -1.374 -1.303 -1.248 -1.178 -1.263 -1.365 -1.551 -1.761 -1.944 -2.125 -2.261 -2.344 -2.372 -2.345 -2.602 
6.250 1000.000 -2.172 -1.918 -1.778 -1.663 -1.656 -1.644 -1.624 -1.771 -1.964 -2.227 -2.541 -2.803 -3.077 -3.243 -3.334 -3.357 -3.255 -3.185 
6.500 1.000 0.364 0.882 1.064 1.295 1.596 1.805 2.049 2.186 2.427 2.522 2.705 2.808 2.968 2.955 2.905 2.855 2.602 1.135 
6.500 1.260 0.365 0.881 1.063 1.294 1.595 1.805 2.048 2.185 2.426 2.521 2.705 2.807 2.967 2.954 2.905 2.855 2.601 1.135 
6.500 1.580 0.366 0.880 1.062 1.293 1.595 1.804 2.047 2.184 2.425 2.520 2.704 2.806 2.966 2.953 2.903 2.853 2.600 1.134 
6.500 2.000 0.366 0.879 1.061 1.292 1.593 1.802 2.046 2.183 2.424 2.518 2.702 2.805 2.965 2.951 2.902 2.852 2.598 1.132 
6.500 2.510 0.366 0.876 1.058 1.290 1.591 1.800 2.043 2.180 2.421 2.516 2.700 2.802 2.962 2.949 2.899 2.849 2.596 1.130 
6.500 3.160 0.365 0.873 1.055 1.286 1.587 1.796 2.040 2.177 2.417 2.512 2.696 2.798 2.958 2.945 2.895 2.845 2.592 1.126 
6.500 3.980 0.362 0.867 1.049 1.280 1.581 1.791 2.034 2.171 2.411 2.506 2.690 2.792 2.952 2.938 2.889 2.839 2.586 1.120 
6.500 5.010 0.357 0.858 1.040 1.272 1.573 1.782 2.025 2.162 2.402 2.497 2.680 2.783 2.942 2.929 2.879 2.829 2.576 1.111 
6.500 6.310 0.349 0.845 1.027 1.258 1.559 1.768 2.011 2.148 2.389 2.483 2.666 2.768 2.928 2.914 2.865 2.815 2.561 1.097 
6.500 7.940 0.335 0.826 1.008 1.239 1.540 1.749 1.992 2.128 2.368 2.462 2.645 2.747 2.906 2.892 2.843 2.793 2.540 1.077 
6.500 10.000 0.313 0.799 0.981 1.212 1.512 1.720 1.963 2.099 2.339 2.432 2.615 2.716 2.875 2.861 2.812 2.762 2.509 1.048 
6.500 12.590 0.282 0.761 0.943 1.174 1.473 1.682 1.924 2.060 2.299 2.392 2.573 2.674 2.832 2.818 2.768 2.718 2.466 1.007 
6.500 15.850 0.240 0.712 0.893 1.124 1.423 1.631 1.873 2.008 2.245 2.338 2.518 2.618 2.775 2.760 2.711 2.661 2.410 0.955 
6.500 19.950 0.187 0.650 0.832 1.062 1.360 1.567 1.808 1.942 2.179 2.270 2.449 2.547 2.703 2.688 2.638 2.588 2.338 0.888 
6.500 25.120 0.124 0.578 0.759 0.988 1.285 1.492 1.731 1.864 2.099 2.188 2.365 2.462 2.616 2.600 2.550 2.500 2.252 0.809 
6.500 31.620 0.051 0.495 0.676 0.905 1.200 1.405 1.644 1.775 2.007 2.094 2.268 2.362 2.513 2.497 2.447 2.397 2.151 0.717 
6.500 39.810 -0.029 0.405 0.585 0.813 1.105 1.309 1.546 1.675 1.903 1.988 2.157 2.249 2.397 2.379 2.329 2.280 2.036 0.614 
6.500 50.120 -0.116 0.307 0.487 0.714 1.003 1.205 1.439 1.565 1.789 1.870 2.035 2.123 2.266 2.247 2.197 2.148 1.908 0.501 
6.500 63.100 -0.207 0.204 0.384 0.609 0.894 1.093 1.325 1.447 1.665 1.742 1.900 1.984 2.121 2.100 2.049 2.000 1.765 0.378 
6.500 79.430 -0.302 0.097 0.276 0.498 0.779 0.975 1.202 1.319 1.531 1.601 1.751 1.829 1.959 1.936 1.884 1.836 1.606 0.245 
6.500 100.000 -0.402 -0.015 0.162 0.382 0.657 0.848 1.071 1.182 1.384 1.447 1.587 1.657 1.778 1.751 1.699 1.651 1.429 0.100 
6.500 125.890 -0.507 -0.133 0.044 0.260 0.527 0.713 0.929 1.033 1.223 1.277 1.404 1.464 1.573 1.543 1.489 1.443 1.229 -0.059 
6.500 158.490 -0.617 -0.256 -0.081 0.132 0.388 0.567 0.776 0.870 1.046 1.087 1.197 1.245 1.340 1.305 1.250 1.204 1.003 -0.234 
6.500 199.530 -0.734 -0.385 -0.212 -0.005 0.239 0.409 0.608 0.690 0.847 0.873 0.963 0.995 1.072 1.030 0.974 0.929 0.742 -0.430 
6.500 251.190 -0.858 -0.523 -0.353 -0.152 0.076 0.235 0.422 0.488 0.622 0.629 0.693 0.705 0.759 0.710 0.651 0.608 0.440 -0.650 
6.500 316.230 -0.992 -0.671 -0.504 -0.312 -0.104 0.042 0.213 0.260 0.365 0.348 0.378 0.366 0.390 0.331 0.270 0.229 0.084 -0.903 
6.500 398.110 -1.139 -0.831 -0.668 -0.487 -0.304 -0.176 -0.024 -0.002 0.066 0.019 0.007 -0.036 -0.049 -0.120 -0.184 -0.223 -0.338 -1.195 
6.500 501.190 -1.302 -1.007 -0.849 -0.681 -0.531 -0.424 -0.297 -0.306 -0.284 -0.370 -0.434 -0.516 -0.575 -0.661 -0.730 -0.766 -0.844 -1.537 
6.500 630.960 -1.484 -1.203 -1.052 -0.901 -0.791 -0.711 -0.615 -0.663 -0.699 -0.833 -0.963 -1.095 -1.212 -1.318 -1.392 -1.423 -1.455 -1.941 
6.500 794.330 -1.691 -1.424 -1.281 -1.151 -1.091 -1.046 -0.990 -1.086 -1.196 -1.390 -1.604 -1.797 -1.988 -2.119 -2.199 -2.226 -2.199 -2.425 
6.500 1000.000 -1.929 -1.676 -1.543 -1.440 -1.444 -1.442 -1.435 -1.593 -1.796 -2.066 -2.384 -2.656 -2.939 -3.101 -3.190 -3.210 -3.109 -3.008 
6.750 1.000 0.482 0.994 1.168 1.387 1.675 1.874 2.103 2.227 2.457 2.542 2.720 2.810 2.958 2.949 2.902 2.854 2.602 1.174 
6.750 1.260 0.483 0.994 1.167 1.387 1.675 1.873 2.103 2.227 2.457 2.542 2.720 2.810 2.958 2.949 2.902 2.854 2.602 1.174 
6.750 1.580 0.484 0.993 1.167 1.386 1.674 1.873 2.102 2.226 2.456 2.541 2.719 2.809 2.957 2.948 2.901 2.853 2.601 1.173 
6.750 2.000 0.485 0.992 1.166 1.385 1.673 1.872 2.101 2.225 2.455 2.540 2.718 2.808 2.956 2.947 2.900 2.852 2.600 1.172 
6.750 2.510 0.485 0.991 1.165 1.384 1.672 1.871 2.100 2.224 2.454 2.539 2.717 2.807 2.955 2.946 2.899 2.851 2.599 1.171 
6.750 3.160 0.486 0.989 1.163 1.382 1.670 1.869 2.098 2.222 2.452 2.537 2.714 2.804 2.952 2.943 2.896 2.848 2.597 1.169 
6.750 3.980 0.485 0.986 1.159 1.379 1.667 1.865 2.094 2.218 2.448 2.533 2.711 2.801 2.949 2.940 2.893 2.845 2.593 1.165 
6.750 5.010 0.484 0.981 1.154 1.374 1.661 1.860 2.089 2.213 2.443 2.528 2.705 2.795 2.943 2.934 2.887 2.839 2.587 1.160 
6.750 6.310 0.480 0.973 1.147 1.366 1.653 1.852 2.081 2.205 2.434 2.519 2.696 2.786 2.934 2.925 2.878 2.830 2.578 1.152 
6.750 7.940 0.473 0.961 1.135 1.354 1.641 1.840 2.069 2.192 2.422 2.506 2.683 2.773 2.920 2.911 2.864 2.816 2.565 1.139 
6.750 10.000 0.461 0.943 1.117 1.336 1.623 1.822 2.050 2.174 2.403 2.487 2.663 2.753 2.900 2.890 2.843 2.796 2.544 1.120 
6.750 12.590 0.442 0.918 1.092 1.311 1.598 1.796 2.024 2.147 2.375 2.459 2.635 2.724 2.870 2.861 2.814 2.766 2.515 1.093 
6.750 15.850 0.414 0.883 1.057 1.275 1.561 1.759 1.987 2.109 2.337 2.420 2.595 2.683 2.829 2.819 2.772 2.724 2.474 1.054 
6.750 19.950 0.376 0.836 1.010 1.228 1.513 1.711 1.938 2.059 2.286 2.368 2.541 2.628 2.773 2.762 2.715 2.667 2.418 1.003 
6.750 25.120 0.326 0.778 0.951 1.169 1.453 1.649 1.875 1.996 2.220 2.301 2.472 2.558 2.701 2.690 2.642 2.595 2.347 0.938 
6.750 31.620 0.264 0.707 0.880 1.097 1.379 1.574 1.799 1.918 2.140 2.219 2.388 2.471 2.612 2.600 2.553 2.505 2.259 0.859 
6.750 39.810 0.193 0.625 0.798 1.014 1.294 1.488 1.711 1.828 2.047 2.123 2.288 2.369 2.506 2.493 2.445 2.398 2.155 0.766 
6.750 50.120 0.113 0.535 0.707 0.922 1.199 1.391 1.612 1.726 1.941 2.013 2.174 2.251 2.384 2.369 2.321 2.274 2.035 0.660 
6.750 63.100 0.027 0.437 0.609 0.822 1.095 1.285 1.503 1.613 1.822 1.890 2.044 2.117 2.244 2.228 2.179 2.133 1.897 0.543 
6.750 79.430 -0.066 0.333 0.503 0.715 0.983 1.169 1.383 1.489 1.691 1.753 1.899 1.966 2.086 2.068 2.019 1.972 1.743 0.413 
6.750 100.000 -0.164 0.223 0.392 0.601 0.864 1.045 1.255 1.354 1.547 1.602 1.738 1.796 1.908 1.887 1.836 1.791 1.568 0.271 
6.750 125.890 -0.267 0.107 0.275 0.481 0.735 0.911 1.115 1.207 1.388 1.433 1.556 1.605 1.705 1.680 1.629 1.584 1.371 0.114 
6.750 158.490 -0.376 -0.015 0.152 0.353 0.597 0.767 0.962 1.045 1.212 1.245 1.351 1.388 1.474 1.444 1.391 1.347 1.146 -0.060 
6.750 199.530 -0.492 -0.144 0.021 0.217 0.449 0.609 0.795 0.865 1.014 1.032 1.118 1.139 1.206 1.170 1.116 1.073 0.886 -0.255 
6.750 251.190 -0.616 -0.281 -0.119 0.070 0.286 0.436 0.609 0.664 0.789 0.789 0.848 0.850 0.894 0.850 0.794 0.753 0.584 -0.475 
6.750 316.230 -0.750 -0.429 -0.270 -0.089 0.107 0.243 0.401 0.436 0.532 0.508 0.534 0.511 0.526 0.472 0.413 0.374 0.229 -0.727 
6.750 398.110 -0.897 -0.589 -0.434 -0.264 -0.094 0.026 0.164 0.174 0.234 0.179 0.164 0.110 0.088 0.022 -0.040 -0.077 -0.193 -1.019 
6.750 501.190 -1.060 -0.765 -0.615 -0.459 -0.320 -0.222 -0.109 -0.129 -0.116 -0.209 -0.277 -0.370 -0.439 -0.520 -0.586 -0.620 -0.698 -1.360 
6.750 630.960 -1.242 -0.961 -0.818 -0.678 -0.579 -0.509 -0.427 -0.486 -0.531 -0.672 -0.806 -0.949 -1.075 -1.176 -1.247 -1.277 -1.309 -1.765 
6.750 794.330 -1.449 -1.182 -1.047 -0.928 -0.880 -0.844 -0.801 -0.909 -1.028 -1.229 -1.447 -1.651 -1.851 -1.977 -2.055 -2.079 -2.052 -2.249 
6.750 1000.000 -1.687 -1.434 -1.309 -1.217 -1.233 -1.240 -1.246 -1.416 -1.627 -1.905 -2.227 -2.510 -2.803 -2.959 -3.045 -3.063 -2.962 -2.832 
7.000 1.000 0.599 1.105 1.270 1.478 1.752 1.939 2.154 2.265 2.483 2.558 2.729 2.805 2.941 2.936 2.892 2.846 2.596 1.209 
7.000 1.260 0.600 1.105 1.270 1.477 1.751 1.939 2.154 2.264 2.483 2.558 2.728 2.805 2.941 2.936 2.892 2.846 2.596 1.209 
7.000 1.580 0.601 1.104 1.270 1.477 1.751 1.939 2.154 2.264 2.482 2.557 2.728 2.805 2.941 2.936 2.891 2.845 2.596 1.208 
7.000 2.000 0.602 1.104 1.269 1.477 1.751 1.938 2.153 2.264 2.482 2.557 2.727 2.804 2.940 2.935 2.891 2.845 2.595 1.208 
7.000 2.510 0.603 1.103 1.269 1.476 1.750 1.938 2.152 2.263 2.481 2.556 2.727 2.803 2.939 2.934 2.890 2.844 2.594 1.207 
7.000 3.160 0.604 1.102 1.267 1.475 1.749 1.936 2.151 2.261 2.480 2.555 2.725 2.802 2.938 2.933 2.888 2.842 2.593 1.206 
7.000 3.980 0.605 1.100 1.266 1.473 1.747 1.935 2.149 2.259 2.478 2.553 2.723 2.800 2.936 2.931 2.886 2.840 2.591 1.204 
7.000 5.010 0.605 1.097 1.263 1.470 1.744 1.932 2.146 2.256 2.474 2.549 2.720 2.796 2.932 2.927 2.883 2.837 2.587 1.200 
7.000 6.310 0.604 1.093 1.258 1.465 1.739 1.927 2.141 2.251 2.469 2.544 2.715 2.791 2.927 2.922 2.877 2.831 2.582 1.195 
7.000 7.940 0.602 1.086 1.251 1.458 1.732 1.920 2.134 2.244 2.462 2.536 2.706 2.783 2.918 2.913 2.869 2.823 2.573 1.188 
7.000 10.000 0.596 1.075 1.240 1.447 1.721 1.908 2.123 2.232 2.450 2.524 2.694 2.770 2.905 2.900 2.856 2.810 2.561 1.176 
7.000 12.590 0.586 1.059 1.224 1.431 1.704 1.892 2.106 2.215 2.432 2.506 2.675 2.751 2.886 2.880 2.836 2.790 2.541 1.158 
7.000 15.850 0.570 1.036 1.201 1.408 1.680 1.867 2.081 2.190 2.406 2.480 2.648 2.723 2.857 2.852 2.807 2.761 2.513 1.133 
7.000 19.950 0.545 1.003 1.168 1.375 1.647 1.833 2.046 2.154 2.370 2.442 2.610 2.684 2.817 2.811 2.766 2.720 2.473 1.096 
7.000 25.120 0.509 0.959 1.124 1.330 1.601 1.787 1.999 2.106 2.320 2.391 2.557 2.630 2.762 2.755 2.710 2.664 2.418 1.047 
7.000 31.620 0.462 0.902 1.067 1.273 1.542 1.727 1.938 2.044 2.256 2.325 2.488 2.560 2.689 2.682 2.637 2.591 2.347 0.983 
7.000 39.810 0.403 0.833 0.998 1.202 1.470 1.653 1.863 1.967 2.176 2.243 2.403 2.471 2.598 2.589 2.544 2.499 2.257 0.903 
7.000 50.120 0.333 0.753 0.917 1.120 1.385 1.567 1.774 1.875 2.080 2.144 2.299 2.365 2.487 2.478 2.432 2.387 2.148 0.809 
7.000 63.100 0.254 0.663 0.826 1.028 1.289 1.468 1.673 1.771 1.970 2.030 2.179 2.240 2.357 2.346 2.299 2.255 2.020 0.699 
7.000 79.430 0.166 0.564 0.726 0.926 1.183 1.358 1.559 1.653 1.845 1.899 2.041 2.096 2.206 2.192 2.146 2.101 1.872 0.576 
7.000 100.000 0.072 0.457 0.619 0.816 1.067 1.238 1.434 1.522 1.705 1.752 1.884 1.931 2.033 2.016 1.968 1.925 1.703 0.438 
7.000 125.890 -0.029 0.344 0.505 0.699 0.941 1.107 1.297 1.377 1.550 1.587 1.706 1.744 1.834 1.813 1.765 1.722 1.509 0.284 
7.000 158.490 -0.137 0.224 0.383 0.572 0.805 0.965 1.147 1.217 1.375 1.401 1.503 1.529 1.604 1.579 1.529 1.488 1.286 0.112 
7.000 199.530 -0.252 0.096 0.253 0.437 0.657 0.808 0.981 1.039 1.179 1.189 1.271 1.281 1.339 1.307 1.256 1.215 1.028 -0.081 
7.000 251.190 -0.375 -0.041 0.114 0.292 0.496 0.636 0.796 0.839 0.956 0.947 1.002 0.993 1.028 0.989 0.935 0.896 0.728 -0.300 
7.000 316.230 -0.509 -0.188 -0.037 0.133 0.317 0.444 0.588 0.612 0.699 0.667 0.689 0.655 0.660 0.612 0.556 0.518 0.373 -0.552 
7.000 398.110 -0.655 -0.347 -0.201 -0.042 0.117 0.227 0.352 0.351 0.401 0.339 0.319 0.254 0.223 0.162 0.103 0.068 -0.048 -0.843 
7.000 501.190 -0.818 -0.523 -0.381 -0.236 -0.109 -0.021 0.079 0.047 0.052 -0.049 -0.121 -0.225 -0.303 -0.379 -0.443 -0.474 -0.553 -1.184 
7.000 630.960 -1.000 -0.719 -0.584 -0.455 -0.368 -0.308 -0.238 -0.309 -0.363 -0.512 -0.650 -0.803 -0.939 -1.035 -1.104 -1.131 -1.163 -1.589 
7.000 794.330 -1.207 -0.940 -0.812 -0.705 -0.669 -0.643 -0.612 -0.732 -0.860 -1.069 -1.290 -1.505 -1.715 -1.835 -1.910 -1.933 -1.906 -2.072 
7.000 1000.000 -1.445 -1.192 -1.075 -0.994 -1.022 -1.039 -1.058 -1.239 -1.459 -1.744 -2.070 -2.364 -2.666 -2.817 -2.900 -2.917 -2.816 -2.655 
7.250 1.000 0.714 1.214 1.371 1.566 1.825 2.002 2.201 2.297 2.503 2.567 2.729 2.792 2.915 2.913 2.871 2.828 2.581 1.238 
7.250 1.260 0.714 1.214 1.371 1.566 1.825 2.002 2.201 2.297 2.503 2.567 2.729 2.792 2.915 2.913 2.871 2.827 2.581 1.238 
7.250 1.580 0.715 1.213 1.371 1.566 1.825 2.002 2.201 2.297 2.503 2.567 2.729 2.792 2.915 2.913 2.871 2.827 2.581 1.238 
7.250 2.000 0.717 1.213 1.370 1.565 1.825 2.001 2.201 2.297 2.502 2.567 2.729 2.792 2.914 2.913 2.871 2.827 2.580 1.237 
7.250 2.510 0.718 1.213 1.370 1.565 1.824 2.001 2.200 2.296 2.502 2.566 2.728 2.791 2.914 2.912 2.870 2.826 2.580 1.237 
7.250 3.160 0.719 1.212 1.369 1.564 1.824 2.000 2.199 2.296 2.501 2.565 2.728 2.790 2.913 2.911 2.869 2.826 2.579 1.236 
7.250 3.980 0.721 1.211 1.368 1.563 1.823 1.999 2.198 2.294 2.500 2.564 2.726 2.789 2.911 2.910 2.868 2.824 2.578 1.235 
7.250 5.010 0.722 1.209 1.367 1.561 1.821 1.997 2.197 2.293 2.498 2.562 2.724 2.787 2.909 2.908 2.866 2.822 2.576 1.233 
7.250 6.310 0.723 1.207 1.364 1.559 1.818 1.994 2.194 2.290 2.495 2.559 2.721 2.784 2.906 2.905 2.862 2.819 2.572 1.230 
7.250 7.940 0.723 1.203 1.360 1.555 1.814 1.990 2.189 2.285 2.490 2.554 2.716 2.779 2.901 2.899 2.857 2.813 2.567 1.226 
7.250 10.000 0.722 1.196 1.354 1.548 1.807 1.983 2.183 2.278 2.483 2.547 2.709 2.771 2.893 2.891 2.849 2.805 2.559 1.218 
7.250 12.590 0.718 1.187 1.344 1.538 1.797 1.973 2.172 2.268 2.472 2.536 2.697 2.759 2.880 2.879 2.837 2.793 2.547 1.207 
7.250 15.850 0.709 1.172 1.329 1.523 1.782 1.958 2.156 2.252 2.456 2.519 2.679 2.741 2.862 2.860 2.818 2.774 2.529 1.191 
7.250 19.950 0.695 1.151 1.308 1.502 1.760 1.935 2.133 2.228 2.431 2.493 2.653 2.714 2.834 2.832 2.790 2.746 2.501 1.166 
7.250 25.120 0.673 1.120 1.277 1.471 1.728 1.903 2.100 2.194 2.396 2.457 2.615 2.675 2.794 2.792 2.749 2.706 2.462 1.131 
7.250 31.620 0.640 1.078 1.235 1.428 1.684 1.858 2.055 2.147 2.347 2.407 2.563 2.621 2.739 2.736 2.693 2.650 2.407 1.083 
7.250 39.810 0.595 1.024 1.181 1.373 1.627 1.800 1.995 2.086 2.283 2.341 2.494 2.550 2.665 2.661 2.618 2.575 2.335 1.020 
7.250 50.120 0.538 0.957 1.113 1.304 1.556 1.727 1.920 2.009 2.203 2.257 2.406 2.459 2.570 2.565 2.522 2.479 2.242 0.940 
7.250 63.100 0.470 0.878 1.033 1.223 1.471 1.640 1.830 1.916 2.104 2.155 2.299 2.347 2.453 2.446 2.403 2.360 2.127 0.842 
7.250 79.430 0.390 0.787 0.942 1.130 1.373 1.539 1.726 1.807 1.989 2.034 2.170 2.214 2.313 2.304 2.260 2.218 1.990 0.728 
7.250 100.000 0.302 0.687 0.840 1.026 1.264 1.425 1.608 1.683 1.857 1.895 2.021 2.057 2.148 2.136 2.091 2.049 1.828 0.597 
7.250 125.890 0.205 0.578 0.730 0.912 1.143 1.299 1.476 1.543 1.706 1.735 1.849 1.875 1.955 1.939 1.893 1.852 1.640 0.448 
7.250 158.490 0.100 0.460 0.611 0.789 1.010 1.159 1.328 1.387 1.535 1.552 1.650 1.664 1.730 1.710 1.662 1.622 1.421 0.280 
7.250 199.530 -0.013 0.334 0.483 0.656 0.864 1.005 1.165 1.211 1.341 1.343 1.421 1.420 1.467 1.441 1.392 1.353 1.167 0.089 
7.250 251.190 -0.135 0.199 0.345 0.512 0.704 0.834 0.981 1.012 1.120 1.103 1.154 1.134 1.158 1.124 1.074 1.036 0.868 -0.128 
7.250 316.230 -0.268 0.053 0.196 0.354 0.526 0.643 0.775 0.786 0.864 0.824 0.842 0.797 0.793 0.749 0.696 0.660 0.516 -0.378 
7.250 398.110 -0.414 -0.106 0.033 0.180 0.327 0.427 0.539 0.526 0.567 0.497 0.473 0.398 0.357 0.301 0.244 0.211 0.096 -0.668 
7.250 501.190 -0.576 -0.282 -0.148 -0.014 0.101 0.179 0.267 0.223 0.218 0.110 0.034 -0.081 -0.168 -0.240 -0.300 -0.330 -0.409 -1.009 
7.250 630.960 -0.758 -0.477 -0.350 -0.233 -0.158 -0.107 -0.050 -0.133 -0.196 -0.352 -0.494 -0.658 -0.804 -0.895 -0.961 -0.987 -1.019 -1.413 
7.250 794.330 -0.965 -0.698 -0.579 -0.482 -0.458 -0.441 -0.424 -0.556 -0.692 -0.909 -1.134 -1.360 -1.579 -1.694 -1.767 -1.788 -1.761 -1.896 
7.250 1000.000 -1.203 -0.950 -0.841 -0.771 -0.811 -0.837 -0.869 -1.063 -1.291 -1.584 -1.914 -2.218 -2.530 -2.676 -2.757 -2.771 -2.671 -2.479 
7.500 1.000 0.826 1.320 1.469 1.651 1.895 2.060 2.243 2.324 2.516 2.568 2.720 2.768 2.876 2.878 2.838 2.796 2.554 1.260 
7.500 1.260 0.827 1.320 1.469 1.651 1.895 2.060 2.243 2.324 2.516 2.568 2.720 2.768 2.876 2.877 2.838 2.796 2.554 1.260 
7.500 1.580 0.828 1.320 1.469 1.651 1.895 2.060 2.243 2.324 2.515 2.568 2.720 2.768 2.875 2.877 2.837 2.796 2.553 1.260 
7.500 2.000 0.829 1.320 1.469 1.651 1.895 2.059 2.243 2.324 2.515 2.567 2.720 2.767 2.875 2.877 2.837 2.796 2.553 1.260 
7.500 2.510 0.830 1.320 1.469 1.651 1.895 2.059 2.243 2.324 2.515 2.567 2.720 2.767 2.875 2.877 2.837 2.795 2.553 1.259 
7.500 3.160 0.832 1.320 1.468 1.650 1.894 2.059 2.242 2.323 2.515 2.567 2.719 2.767 2.874 2.876 2.836 2.795 2.552 1.259 
7.500 3.980 0.833 1.319 1.468 1.650 1.894 2.058 2.242 2.322 2.514 2.566 2.718 2.766 2.874 2.875 2.836 2.794 2.552 1.258 
7.500 5.010 0.835 1.318 1.467 1.649 1.893 2.057 2.240 2.321 2.513 2.565 2.717 2.765 2.872 2.874 2.834 2.793 2.550 1.257 
7.500 6.310 0.837 1.317 1.465 1.647 1.891 2.055 2.239 2.320 2.511 2.563 2.715 2.763 2.870 2.872 2.832 2.791 2.548 1.255 
7.500 7.940 0.839 1.314 1.463 1.645 1.889 2.053 2.236 2.317 2.508 2.560 2.712 2.760 2.867 2.869 2.829 2.787 2.545 1.252 
7.500 10.000 0.839 1.310 1.459 1.641 1.885 2.049 2.232 2.313 2.504 2.556 2.708 2.755 2.862 2.864 2.824 2.782 2.540 1.248 
7.500 12.590 0.839 1.305 1.453 1.635 1.879 2.043 2.226 2.306 2.497 2.549 2.700 2.747 2.854 2.856 2.816 2.775 2.533 1.241 
7.500 15.850 0.836 1.296 1.444 1.626 1.869 2.033 2.216 2.296 2.487 2.538 2.689 2.736 2.842 2.844 2.804 2.762 2.521 1.231 
7.500 19.950 0.830 1.282 1.431 1.612 1.855 2.019 2.201 2.281 2.471 2.522 2.672 2.718 2.824 2.825 2.785 2.744 2.503 1.215 
7.500 25.120 0.818 1.263 1.411 1.592 1.834 1.997 2.179 2.259 2.447 2.497 2.646 2.692 2.797 2.798 2.758 2.716 2.476 1.192 
7.500 31.620 0.798 1.234 1.382 1.563 1.804 1.967 2.148 2.226 2.413 2.462 2.609 2.653 2.757 2.757 2.717 2.676 2.437 1.158 
7.500 39.810 0.768 1.195 1.343 1.523 1.762 1.924 2.104 2.181 2.365 2.412 2.557 2.599 2.701 2.701 2.660 2.619 2.382 1.111 
7.500 50.120 0.725 1.143 1.290 1.469 1.707 1.867 2.045 2.120 2.301 2.346 2.487 2.526 2.625 2.623 2.583 2.542 2.307 1.047 
7.500 63.100 0.670 1.077 1.224 1.402 1.636 1.794 1.970 2.042 2.219 2.260 2.396 2.432 2.525 2.523 2.481 2.441 2.210 0.966 
7.500 79.430 0.603 0.998 1.145 1.321 1.551 1.706 1.879 1.946 2.117 2.153 2.282 2.313 2.400 2.396 2.354 2.314 2.087 0.865 
7.500 100.000 0.523 0.907 1.053 1.226 1.451 1.602 1.770 1.833 1.996 2.024 2.145 2.168 2.248 2.240 2.198 2.158 1.938 0.745 
7.500 125.890 0.433 0.805 0.949 1.120 1.337 1.483 1.646 1.701 1.853 1.873 1.981 1.995 2.064 2.053 2.010 1.971 1.760 0.604 
7.500 158.490 0.333 0.692 0.835 1.002 1.209 1.349 1.504 1.550 1.688 1.697 1.789 1.792 1.847 1.831 1.786 1.748 1.548 0.442 
7.500 199.530 0.223 0.570 0.710 0.872 1.067 1.199 1.344 1.378 1.498 1.492 1.565 1.552 1.589 1.567 1.521 1.484 1.299 0.255 
7.500 251.190 0.103 0.437 0.575 0.730 0.909 1.030 1.164 1.182 1.280 1.255 1.302 1.270 1.284 1.255 1.207 1.172 1.004 0.041 
7.500 316.230 -0.029 0.292 0.427 0.574 0.733 0.841 0.959 0.958 1.027 0.978 0.992 0.936 0.922 0.883 0.832 0.799 0.654 -0.207 
7.500 398.110 -0.174 0.134 0.265 0.401 0.535 0.625 0.724 0.699 0.732 0.653 0.625 0.539 0.487 0.436 0.382 0.351 0.236 -0.496 
7.500 501.190 -0.335 -0.041 0.085 0.208 0.310 0.379 0.453 0.397 0.384 0.267 0.187 0.061 -0.036 -0.102 -0.160 -0.188 -0.267 -0.836 
7.500 630.960 -0.516 -0.236 -0.117 -0.011 0.052 0.094 0.137 0.042 -0.030 -0.194 -0.340 -0.515 -0.670 -0.756 -0.820 -0.844 -0.875 -1.239 
7.500 794.330 -0.723 -0.456 -0.345 -0.260 -0.248 -0.241 -0.237 -0.380 -0.525 -0.750 -0.979 -1.216 -1.445 -1.555 -1.625 -1.644 -1.617 -1.721 
7.500 1000.000 -0.961 -0.708 -0.607 -0.549 -0.600 -0.636 -0.682 -0.887 -1.124 -1.425 -1.759 -2.074 -2.395 -2.536 -2.614 -2.627 -2.526 -2.304 
7.750 1.000 0.936 1.424 1.564 1.733 1.960 2.112 2.278 2.343 2.518 2.557 2.698 2.728 2.820 2.824 2.786 2.747 2.510 1.272 
7.750 1.260 0.936 1.424 1.564 1.733 1.960 2.112 2.278 2.343 2.518 2.557 2.697 2.728 2.819 2.824 2.786 2.747 2.510 1.272 
7.750 1.580 0.937 1.424 1.564 1.733 1.960 2.112 2.278 2.343 2.518 2.557 2.697 2.728 2.819 2.824 2.786 2.747 2.510 1.272 
7.750 2.000 0.938 1.424 1.564 1.733 1.960 2.111 2.278 2.343 2.518 2.557 2.697 2.728 2.819 2.824 2.786 2.747 2.510 1.272 
7.750 2.510 0.940 1.424 1.564 1.732 1.960 2.111 2.278 2.343 2.518 2.557 2.697 2.728 2.819 2.824 2.786 2.747 2.510 1.272 
7.750 3.160 0.941 1.424 1.564 1.732 1.960 2.111 2.278 2.342 2.518 2.556 2.697 2.728 2.819 2.823 2.785 2.746 2.509 1.272 
7.750 3.980 0.943 1.423 1.563 1.732 1.959 2.111 2.277 2.342 2.517 2.556 2.696 2.727 2.818 2.823 2.785 2.746 2.509 1.271 
7.750 5.010 0.945 1.423 1.563 1.731 1.959 2.110 2.277 2.341 2.517 2.555 2.696 2.726 2.817 2.822 2.784 2.745 2.508 1.270 
7.750 6.310 0.947 1.422 1.562 1.730 1.958 2.109 2.276 2.340 2.516 2.554 2.694 2.725 2.816 2.821 2.783 2.744 2.507 1.269 
7.750 7.940 0.949 1.421 1.560 1.729 1.956 2.108 2.274 2.339 2.514 2.552 2.693 2.723 2.814 2.819 2.781 2.742 2.505 1.268 
7.750 10.000 0.951 1.418 1.558 1.727 1.954 2.105 2.272 2.336 2.511 2.550 2.690 2.720 2.811 2.816 2.778 2.739 2.502 1.265 
7.750 12.590 0.953 1.415 1.555 1.723 1.950 2.102 2.268 2.332 2.507 2.545 2.685 2.715 2.806 2.811 2.773 2.734 2.497 1.261 
7.750 15.850 0.954 1.410 1.550 1.718 1.945 2.096 2.262 2.326 2.501 2.539 2.678 2.708 2.799 2.803 2.765 2.726 2.490 1.255 
7.750 19.950 0.952 1.402 1.541 1.710 1.936 2.087 2.253 2.317 2.491 2.528 2.667 2.697 2.787 2.791 2.753 2.714 2.478 1.245 
7.750 25.120 0.947 1.389 1.529 1.697 1.923 2.073 2.239 2.302 2.475 2.512 2.650 2.679 2.769 2.772 2.734 2.695 2.460 1.230 
7.750 31.620 0.937 1.371 1.510 1.678 1.903 2.053 2.218 2.280 2.453 2.488 2.625 2.653 2.741 2.745 2.706 2.667 2.433 1.207 
7.750 39.810 0.919 1.344 1.484 1.651 1.875 2.024 2.188 2.249 2.419 2.454 2.588 2.615 2.701 2.704 2.665 2.627 2.394 1.174 
7.750 50.120 0.891 1.307 1.446 1.612 1.834 1.982 2.145 2.204 2.372 2.404 2.536 2.560 2.643 2.645 2.607 2.568 2.337 1.127 
7.750 63.100 0.851 1.257 1.395 1.561 1.780 1.926 2.086 2.143 2.307 2.336 2.463 2.484 2.564 2.564 2.526 2.487 2.260 1.063 
7.750 79.430 0.798 1.192 1.330 1.494 1.710 1.853 2.011 2.064 2.222 2.247 2.368 2.384 2.458 2.457 2.418 2.380 2.157 0.979 
7.750 100.000 0.731 1.114 1.251 1.413 1.623 1.763 1.916 1.965 2.115 2.134 2.246 2.256 2.323 2.319 2.279 2.242 2.025 0.874 
7.750 125.890 0.651 1.022 1.158 1.316 1.520 1.655 1.803 1.845 1.985 1.995 2.096 2.098 2.154 2.147 2.106 2.069 1.860 0.745 
7.750 158.490 0.558 0.917 1.051 1.206 1.400 1.529 1.670 1.703 1.830 1.829 1.915 1.905 1.948 1.936 1.894 1.858 1.660 0.592 
7.750 199.530 0.453 0.800 0.932 1.082 1.264 1.385 1.517 1.538 1.648 1.632 1.698 1.674 1.700 1.682 1.639 1.604 1.419 0.413 
7.750 251.190 0.337 0.670 0.801 0.944 1.111 1.221 1.341 1.347 1.434 1.401 1.442 1.398 1.401 1.377 1.331 1.298 1.131 0.204 
7.750 316.230 0.208 0.528 0.655 0.790 0.937 1.035 1.139 1.126 1.185 1.128 1.136 1.069 1.044 1.009 0.961 0.930 0.786 -0.040 
7.750 398.110 0.065 0.372 0.495 0.619 0.742 0.822 0.907 0.870 0.892 0.805 0.773 0.675 0.613 0.567 0.515 0.486 0.372 -0.327 
7.750 501.190 -0.095 0.198 0.316 0.427 0.518 0.577 0.637 0.570 0.546 0.422 0.337 0.200 0.093 0.031 -0.025 -0.050 -0.128 -0.664 
7.750 630.960 -0.276 0.004 0.116 0.210 0.261 0.292 0.322 0.216 0.134 -0.038 -0.188 -0.374 -0.540 -0.621 -0.682 -0.704 -0.735 -1.066 
7.750 794.330 -0.482 -0.215 -0.112 -0.039 -0.039 -0.041 -0.050 -0.206 -0.360 -0.593 -0.826 -1.074 -1.313 -1.418 -1.485 -1.503 -1.475 -1.548 
7.750 1000.000 -0.719 -0.467 -0.374 -0.327 -0.390 -0.436 -0.495 -0.711 -0.958 -1.267 -1.605 -1.931 -2.262 -2.398 -2.473 -2.484 -2.383 -2.129 
8.000 1.000 1.041 1.524 1.655 1.809 2.018 2.156 2.304 2.351 2.508 2.531 2.657 2.669 2.741 2.747 2.711 2.674 2.445 1.272 
8.000 1.260 1.042 1.524 1.655 1.809 2.018 2.156 2.304 2.351 2.508 2.531 2.657 2.669 2.741 2.747 2.711 2.674 2.445 1.272 
8.000 1.580 1.043 1.524 1.655 1.809 2.018 2.156 2.304 2.351 2.508 2.531 2.657 2.668 2.741 2.747 2.711 2.674 2.445 1.272 
8.000 2.000 1.044 1.524 1.655 1.809 2.018 2.156 2.304 2.351 2.508 2.531 2.656 2.668 2.741 2.747 2.711 2.674 2.445 1.271 
8.000 2.510 1.045 1.524 1.654 1.809 2.018 2.156 2.304 2.350 2.508 2.531 2.656 2.668 2.740 2.747 2.711 2.674 2.445 1.271 
8.000 3.160 1.046 1.523 1.654 1.809 2.018 2.155 2.304 2.350 2.507 2.530 2.656 2.668 2.740 2.747 2.711 2.674 2.445 1.271 
8.000 3.980 1.048 1.523 1.654 1.809 2.018 2.155 2.304 2.350 2.507 2.530 2.656 2.668 2.740 2.746 2.710 2.674 2.444 1.271 
8.000 5.010 1.050 1.523 1.654 1.808 2.017 2.155 2.303 2.350 2.507 2.530 2.655 2.667 2.739 2.746 2.710 2.673 2.444 1.271 
8.000 6.310 1.052 1.522 1.653 1.808 2.017 2.154 2.303 2.349 2.506 2.529 2.655 2.667 2.739 2.745 2.709 2.672 2.443 1.270 
8.000 7.940 1.055 1.522 1.653 1.807 2.016 2.153 2.302 2.348 2.505 2.528 2.654 2.665 2.737 2.744 2.708 2.671 2.442 1.269 
8.000 10.000 1.058 1.520 1.651 1.806 2.015 2.152 2.300 2.347 2.503 2.526 2.652 2.663 2.735 2.742 2.706 2.669 2.440 1.267 
8.000 12.590 1.060 1.518 1.649 1.804 2.012 2.150 2.298 2.344 2.501 2.524 2.649 2.661 2.732 2.739 2.703 2.666 2.437 1.265 
8.000 15.850 1.063 1.515 1.646 1.801 2.009 2.146 2.294 2.340 2.497 2.519 2.644 2.656 2.727 2.734 2.698 2.661 2.432 1.261 
8.000 19.950 1.064 1.511 1.641 1.796 2.004 2.141 2.289 2.335 2.491 2.513 2.637 2.649 2.720 2.726 2.690 2.653 2.425 1.255 
8.000 25.120 1.064 1.503 1.634 1.788 1.996 2.133 2.280 2.326 2.481 2.503 2.627 2.637 2.708 2.714 2.677 2.641 2.413 1.245 
8.000 31.620 1.060 1.492 1.622 1.776 1.983 2.120 2.267 2.312 2.466 2.487 2.610 2.620 2.689 2.695 2.659 2.622 2.395 1.230 
8.000 39.810 1.051 1.475 1.605 1.758 1.965 2.100 2.247 2.290 2.444 2.463 2.585 2.593 2.661 2.666 2.630 2.594 2.368 1.208 
8.000 50.120 1.036 1.449 1.580 1.732 1.937 2.072 2.217 2.259 2.410 2.428 2.547 2.554 2.620 2.624 2.588 2.552 2.327 1.175 
8.000 63.100 1.010 1.414 1.544 1.695 1.898 2.031 2.175 2.215 2.363 2.378 2.493 2.497 2.560 2.563 2.526 2.490 2.269 1.128 
8.000 79.430 0.972 1.365 1.494 1.645 1.844 1.975 2.116 2.153 2.296 2.308 2.418 2.418 2.476 2.478 2.440 2.405 2.187 1.063 
8.000 100.000 0.920 1.302 1.431 1.579 1.774 1.902 2.039 2.072 2.208 2.214 2.316 2.311 2.362 2.362 2.324 2.288 2.076 0.976 
8.000 125.890 0.853 1.223 1.351 1.497 1.685 1.809 1.941 1.968 2.095 2.093 2.185 2.171 2.213 2.210 2.171 2.136 1.931 0.864 
8.000 158.490 0.772 1.130 1.256 1.398 1.578 1.695 1.821 1.839 1.954 1.942 2.019 1.995 2.025 2.017 1.977 1.943 1.748 0.725 
8.000 199.530 0.675 1.021 1.145 1.283 1.451 1.561 1.678 1.685 1.782 1.757 1.815 1.777 1.790 1.777 1.736 1.703 1.521 0.557 
8.000 251.190 0.565 0.898 1.020 1.151 1.304 1.404 1.509 1.502 1.578 1.534 1.568 1.512 1.503 1.482 1.439 1.408 1.244 0.356 
8.000 316.230 0.440 0.760 0.879 1.002 1.136 1.223 1.313 1.287 1.335 1.268 1.271 1.191 1.154 1.124 1.078 1.049 0.907 0.118 
8.000 398.110 0.300 0.607 0.722 0.835 0.944 1.014 1.085 1.035 1.047 0.951 0.913 0.802 0.730 0.688 0.639 0.612 0.499 -0.163 
8.000 501.190 0.142 0.436 0.545 0.645 0.723 0.771 0.818 0.738 0.705 0.571 0.481 0.332 0.214 0.157 0.104 0.080 0.003 -0.498 
8.000 630.960 -0.037 0.243 0.346 0.429 0.467 0.489 0.505 0.386 0.295 0.114 -0.041 -0.239 -0.415 -0.491 -0.549 -0.569 -0.600 -0.897 
8.000 794.330 -0.242 0.024 0.120 0.181 0.169 0.157 0.134 -0.034 -0.198 -0.439 -0.677 -0.936 -1.185 -1.286 -1.350 -1.365 -1.338 -1.377 
8.000 1000.000 -0.479 -0.226 -0.141 -0.106 -0.182 -0.237 -0.309 -0.538 -0.794 -1.111 -1.453 -1.790 -2.132 -2.263 -2.336 -2.345 -2.243 -1.957 
