GarciaEtAl2005SSlab_CanadaSHM6-trial modified from OpenQuake implementation, distance is rhypo. Log10 ground motion values in cgs units, PGV and Sa(T<0.1s) not valid
          14 31 18 : nmag, ndist, nperiod
          10.000 5.000 4.000 3.000 2.000 1.500 1.000 0.750 0.500 0.400 0.300 0.200 0.100 0.070 0.050 0.040 PGA PGV 
          0.567 0.567 0.583 0.605 0.607 0.645 0.638 0.631 0.609 0.626 0.637 0.644 0.770 0.775 0.773 0.733 0.657 0.593
4.750 1.000 0.042 0.670 0.968 1.341 1.741 1.922 2.096 2.216 2.460 2.545 2.692 2.739 2.829 2.739 2.681 2.657 2.552 1.142 
4.750 1.260 0.018 0.644 0.942 1.316 1.717 1.902 2.081 2.205 2.449 2.536 2.683 2.730 2.817 2.727 2.668 2.644 2.538 1.127 
4.750 1.580 -0.015 0.609 0.907 1.281 1.684 1.874 2.061 2.188 2.435 2.522 2.669 2.716 2.802 2.711 2.651 2.626 2.518 1.106 
4.750 2.000 -0.058 0.563 0.861 1.235 1.641 1.838 2.035 2.166 2.415 2.503 2.651 2.698 2.780 2.688 2.628 2.602 2.492 1.078 
4.750 2.510 -0.112 0.505 0.803 1.178 1.586 1.792 2.000 2.137 2.389 2.479 2.627 2.674 2.752 2.659 2.598 2.572 2.459 1.043 
4.750 3.160 -0.176 0.436 0.734 1.110 1.522 1.737 1.959 2.102 2.356 2.448 2.597 2.643 2.718 2.623 2.560 2.533 2.417 0.999 
4.750 3.980 -0.249 0.358 0.657 1.032 1.448 1.673 1.910 2.060 2.317 2.411 2.560 2.606 2.676 2.580 2.516 2.488 2.369 0.948 
4.750 5.010 -0.328 0.273 0.572 0.948 1.367 1.603 1.854 2.011 2.271 2.367 2.516 2.562 2.627 2.530 2.464 2.435 2.313 0.890 
4.750 6.310 -0.411 0.183 0.481 0.858 1.281 1.527 1.792 1.955 2.219 2.316 2.466 2.511 2.571 2.472 2.405 2.375 2.250 0.826 
4.750 7.940 -0.498 0.089 0.387 0.764 1.190 1.445 1.724 1.893 2.160 2.258 2.408 2.453 2.508 2.407 2.339 2.308 2.180 0.756 
4.750 10.000 -0.587 -0.008 0.290 0.667 1.096 1.360 1.651 1.826 2.095 2.193 2.344 2.387 2.437 2.336 2.266 2.235 2.104 0.680 
4.750 12.590 -0.677 -0.107 0.191 0.568 1.000 1.271 1.573 1.752 2.023 2.122 2.272 2.314 2.360 2.257 2.186 2.154 2.021 0.599 
4.750 15.850 -0.767 -0.208 0.091 0.468 0.901 1.179 1.490 1.673 1.944 2.044 2.192 2.234 2.275 2.170 2.099 2.066 1.932 0.513 
4.750 19.950 -0.859 -0.310 -0.011 0.365 0.800 1.083 1.402 1.588 1.859 1.959 2.106 2.145 2.182 2.076 2.003 1.970 1.836 0.421 
4.750 25.120 -0.951 -0.413 -0.115 0.262 0.697 0.984 1.309 1.497 1.768 1.866 2.011 2.049 2.081 1.974 1.900 1.866 1.732 0.324 
4.750 31.620 -1.044 -0.517 -0.219 0.157 0.591 0.881 1.211 1.400 1.669 1.766 1.908 1.943 1.971 1.862 1.787 1.754 1.620 0.221 
4.750 39.810 -1.138 -0.623 -0.325 0.050 0.483 0.775 1.107 1.296 1.564 1.658 1.796 1.828 1.851 1.740 1.665 1.631 1.499 0.112 
4.750 50.120 -1.233 -0.730 -0.433 -0.060 0.372 0.664 0.999 1.186 1.450 1.541 1.674 1.703 1.719 1.607 1.530 1.497 1.368 -0.005 
4.750 63.100 -1.329 -0.840 -0.543 -0.171 0.257 0.549 0.883 1.069 1.328 1.414 1.541 1.565 1.574 1.459 1.382 1.349 1.224 -0.129 
4.750 79.430 -1.429 -0.952 -0.656 -0.286 0.138 0.428 0.761 0.943 1.195 1.276 1.395 1.412 1.413 1.296 1.218 1.185 1.065 -0.262 
4.750 100.000 -1.531 -1.067 -0.772 -0.405 0.013 0.301 0.631 0.807 1.050 1.124 1.232 1.241 1.233 1.112 1.034 1.001 0.888 -0.407 
4.750 125.890 -1.636 -1.186 -0.893 -0.529 -0.118 0.165 0.490 0.659 0.891 0.955 1.051 1.050 1.030 0.905 0.825 0.793 0.689 -0.565 
4.750 158.490 -1.747 -1.310 -1.019 -0.658 -0.258 0.019 0.337 0.497 0.715 0.767 0.846 0.833 0.797 0.668 0.586 0.555 0.463 -0.740 
4.750 199.530 -1.864 -1.441 -1.151 -0.796 -0.408 -0.139 0.169 0.318 0.517 0.554 0.612 0.583 0.529 0.393 0.310 0.280 0.202 -0.935 
4.750 251.190 -1.989 -1.579 -1.292 -0.944 -0.572 -0.313 -0.017 0.116 0.292 0.310 0.342 0.294 0.216 0.073 -0.013 -0.041 -0.100 -1.155 
4.750 316.230 -2.123 -1.727 -1.443 -1.104 -0.752 -0.507 -0.225 -0.112 0.035 0.029 0.027 -0.046 -0.152 -0.306 -0.394 -0.420 -0.456 -1.408 
4.750 398.110 -2.270 -1.887 -1.608 -1.279 -0.952 -0.725 -0.463 -0.374 -0.264 -0.300 -0.344 -0.448 -0.591 -0.757 -0.848 -0.872 -0.878 -1.700 
4.750 501.190 -2.432 -2.064 -1.789 -1.474 -1.179 -0.973 -0.736 -0.678 -0.614 -0.688 -0.785 -0.928 -1.118 -1.299 -1.394 -1.415 -1.384 -2.042 
4.750 630.960 -2.614 -2.260 -1.992 -1.693 -1.439 -1.260 -1.054 -1.035 -1.030 -1.152 -1.314 -1.507 -1.755 -1.956 -2.056 -2.073 -1.996 -2.447 
4.750 794.330 -2.821 -2.481 -2.221 -1.943 -1.740 -1.595 -1.428 -1.458 -1.527 -1.709 -1.955 -2.209 -2.531 -2.756 -2.863 -2.876 -2.739 -2.931 
4.750 1000.000 -3.060 -2.733 -2.483 -2.233 -2.093 -1.991 -1.874 -1.965 -2.126 -2.385 -2.736 -3.068 -3.483 -3.739 -3.854 -3.860 -3.650 -3.514 
5.000 1.000 0.183 0.807 1.096 1.458 1.844 2.009 2.161 2.266 2.498 2.575 2.717 2.753 2.836 2.751 2.697 2.675 2.573 1.196 
5.000 1.260 0.169 0.790 1.080 1.442 1.829 1.996 2.152 2.258 2.492 2.569 2.711 2.747 2.829 2.744 2.689 2.668 2.564 1.186 
5.000 1.580 0.148 0.767 1.057 1.419 1.807 1.978 2.139 2.248 2.482 2.560 2.703 2.739 2.819 2.734 2.678 2.656 2.551 1.173 
5.000 2.000 0.119 0.734 1.024 1.387 1.776 1.953 2.121 2.233 2.469 2.548 2.691 2.727 2.804 2.719 2.662 2.640 2.533 1.154 
5.000 2.510 0.079 0.691 0.981 1.344 1.736 1.919 2.096 2.213 2.451 2.531 2.674 2.710 2.784 2.698 2.641 2.618 2.509 1.128 
5.000 3.160 0.028 0.636 0.926 1.289 1.684 1.875 2.064 2.186 2.427 2.508 2.652 2.688 2.758 2.671 2.613 2.589 2.478 1.094 
5.000 3.980 -0.033 0.570 0.860 1.224 1.622 1.823 2.025 2.153 2.397 2.479 2.624 2.659 2.726 2.637 2.577 2.552 2.438 1.053 
5.000 5.010 -0.103 0.494 0.785 1.149 1.551 1.761 1.978 2.113 2.360 2.444 2.589 2.624 2.686 2.595 2.534 2.509 2.391 1.004 
5.000 6.310 -0.180 0.411 0.701 1.066 1.471 1.693 1.924 2.066 2.316 2.402 2.547 2.582 2.638 2.546 2.484 2.457 2.337 0.948 
5.000 7.940 -0.262 0.322 0.612 0.977 1.386 1.618 1.864 2.012 2.266 2.353 2.498 2.532 2.584 2.490 2.426 2.399 2.275 0.886 
5.000 10.000 -0.348 0.228 0.518 0.883 1.296 1.538 1.798 1.953 2.208 2.297 2.442 2.475 2.522 2.426 2.361 2.333 2.206 0.817 
5.000 12.590 -0.436 0.131 0.421 0.787 1.202 1.453 1.726 1.886 2.144 2.234 2.379 2.411 2.452 2.355 2.288 2.259 2.130 0.742 
5.000 15.850 -0.526 0.032 0.322 0.688 1.105 1.364 1.649 1.814 2.073 2.164 2.307 2.338 2.374 2.276 2.208 2.178 2.047 0.661 
5.000 19.950 -0.617 -0.069 0.221 0.586 1.006 1.271 1.566 1.735 1.995 2.085 2.228 2.257 2.288 2.188 2.119 2.088 1.957 0.574 
5.000 25.120 -0.708 -0.172 0.119 0.483 0.904 1.175 1.478 1.650 1.910 2.000 2.140 2.167 2.193 2.091 2.021 1.990 1.858 0.482 
5.000 31.620 -0.801 -0.275 0.014 0.379 0.799 1.075 1.384 1.558 1.817 1.905 2.043 2.068 2.088 1.985 1.914 1.882 1.751 0.383 
5.000 39.810 -0.895 -0.381 -0.092 0.272 0.692 0.970 1.284 1.459 1.716 1.802 1.936 1.958 1.972 1.868 1.795 1.764 1.633 0.277 
5.000 50.120 -0.990 -0.488 -0.199 0.163 0.581 0.862 1.178 1.353 1.607 1.690 1.819 1.836 1.845 1.738 1.665 1.633 1.505 0.164 
5.000 63.100 -1.087 -0.598 -0.309 0.052 0.467 0.748 1.066 1.238 1.487 1.566 1.689 1.702 1.703 1.594 1.520 1.488 1.364 0.042 
5.000 79.430 -1.186 -0.710 -0.422 -0.063 0.348 0.628 0.946 1.115 1.357 1.431 1.545 1.552 1.545 1.432 1.357 1.326 1.207 -0.090 
5.000 100.000 -1.288 -0.825 -0.538 -0.182 0.224 0.501 0.816 0.981 1.215 1.281 1.385 1.384 1.366 1.251 1.175 1.144 1.032 -0.233 
5.000 125.890 -1.394 -0.944 -0.659 -0.306 0.093 0.366 0.677 0.834 1.057 1.114 1.205 1.194 1.164 1.045 0.968 0.937 0.834 -0.390 
5.000 158.490 -1.505 -1.068 -0.784 -0.435 -0.047 0.220 0.525 0.673 0.882 0.926 1.001 0.978 0.933 0.809 0.730 0.700 0.608 -0.564 
5.000 199.530 -1.621 -1.198 -0.917 -0.573 -0.197 0.062 0.358 0.494 0.684 0.714 0.768 0.729 0.666 0.535 0.454 0.426 0.348 -0.758 
5.000 251.190 -1.746 -1.336 -1.057 -0.721 -0.360 -0.112 0.172 0.293 0.460 0.471 0.499 0.440 0.353 0.215 0.132 0.105 0.046 -0.979 
5.000 316.230 -1.881 -1.485 -1.209 -0.880 -0.540 -0.305 -0.037 0.065 0.203 0.190 0.184 0.101 -0.015 -0.164 -0.249 -0.274 -0.309 -1.231 
5.000 398.110 -2.027 -1.645 -1.373 -1.056 -0.741 -0.523 -0.274 -0.197 -0.095 -0.139 -0.186 -0.301 -0.454 -0.614 -0.703 -0.725 -0.732 -1.523 
5.000 501.190 -2.190 -1.821 -1.555 -1.251 -0.968 -0.771 -0.547 -0.501 -0.446 -0.527 -0.627 -0.781 -0.980 -1.157 -1.249 -1.268 -1.238 -1.865 
5.000 630.960 -2.372 -2.017 -1.757 -1.470 -1.227 -1.058 -0.865 -0.857 -0.861 -0.991 -1.157 -1.360 -1.618 -1.813 -1.911 -1.926 -1.849 -2.270 
5.000 794.330 -2.579 -2.238 -1.986 -1.720 -1.528 -1.393 -1.239 -1.281 -1.358 -1.548 -1.798 -2.063 -2.394 -2.614 -2.718 -2.729 -2.593 -2.754 
5.000 1000.000 -2.817 -2.491 -2.249 -2.009 -1.881 -1.789 -1.685 -1.788 -1.958 -2.224 -2.578 -2.922 -3.345 -3.596 -3.709 -3.713 -3.503 -3.337 
5.250 1.000 0.317 0.935 1.216 1.567 1.938 2.089 2.221 2.311 2.533 2.601 2.738 2.763 2.838 2.760 2.708 2.689 2.588 1.244 
5.250 1.260 0.309 0.925 1.207 1.557 1.929 2.081 2.216 2.307 2.529 2.597 2.735 2.760 2.834 2.755 2.704 2.684 2.583 1.239 
5.250 1.580 0.297 0.910 1.192 1.543 1.915 2.070 2.208 2.300 2.523 2.592 2.730 2.755 2.828 2.749 2.697 2.677 2.575 1.230 
5.250 2.000 0.278 0.889 1.171 1.522 1.896 2.054 2.196 2.291 2.515 2.584 2.722 2.747 2.819 2.739 2.687 2.667 2.564 1.218 
5.250 2.510 0.251 0.859 1.141 1.492 1.868 2.030 2.180 2.277 2.503 2.573 2.711 2.736 2.806 2.725 2.672 2.652 2.547 1.201 
5.250 3.160 0.215 0.818 1.100 1.452 1.830 1.999 2.157 2.259 2.486 2.558 2.696 2.721 2.787 2.706 2.652 2.632 2.525 1.177 
5.250 3.980 0.167 0.767 1.049 1.400 1.781 1.958 2.127 2.234 2.464 2.537 2.676 2.700 2.763 2.681 2.626 2.604 2.495 1.145 
5.250 5.010 0.109 0.703 0.985 1.337 1.722 1.908 2.090 2.203 2.436 2.510 2.649 2.674 2.732 2.648 2.592 2.570 2.458 1.106 
5.250 6.310 0.042 0.630 0.912 1.264 1.652 1.849 2.045 2.165 2.401 2.477 2.616 2.640 2.694 2.609 2.551 2.528 2.412 1.059 
5.250 7.940 -0.033 0.548 0.830 1.183 1.575 1.782 1.994 2.120 2.359 2.437 2.577 2.600 2.648 2.561 2.502 2.478 2.359 1.005 
5.250 10.000 -0.114 0.460 0.742 1.095 1.490 1.708 1.935 2.069 2.311 2.389 2.529 2.552 2.594 2.506 2.446 2.420 2.299 0.944 
5.250 12.590 -0.199 0.366 0.649 1.002 1.401 1.629 1.871 2.011 2.255 2.335 2.475 2.496 2.533 2.443 2.381 2.355 2.230 0.876 
5.250 15.850 -0.286 0.270 0.552 0.905 1.307 1.545 1.800 1.946 2.193 2.273 2.412 2.432 2.464 2.372 2.308 2.281 2.154 0.802 
5.250 19.950 -0.376 0.170 0.453 0.806 1.210 1.456 1.724 1.874 2.122 2.203 2.341 2.360 2.385 2.292 2.226 2.199 2.070 0.721 
5.250 25.120 -0.467 0.069 0.351 0.704 1.110 1.363 1.641 1.796 2.044 2.125 2.261 2.277 2.297 2.202 2.135 2.107 1.977 0.634 
5.250 31.620 -0.559 -0.034 0.247 0.600 1.007 1.266 1.552 1.710 1.958 2.038 2.171 2.185 2.199 2.102 2.034 2.005 1.875 0.540 
5.250 39.810 -0.652 -0.139 0.142 0.494 0.900 1.164 1.457 1.617 1.863 1.941 2.071 2.082 2.089 1.990 1.921 1.892 1.763 0.439 
5.250 50.120 -0.747 -0.246 0.035 0.385 0.791 1.057 1.355 1.515 1.759 1.833 1.959 1.966 1.966 1.865 1.795 1.765 1.639 0.329 
5.250 63.100 -0.844 -0.356 -0.075 0.274 0.677 0.945 1.246 1.404 1.644 1.715 1.833 1.835 1.829 1.725 1.654 1.624 1.501 0.210 
5.250 79.430 -0.943 -0.467 -0.188 0.160 0.558 0.826 1.128 1.284 1.517 1.583 1.693 1.689 1.674 1.567 1.495 1.466 1.347 0.081 
5.250 100.000 -1.045 -0.583 -0.304 0.041 0.435 0.701 1.001 1.153 1.377 1.436 1.536 1.524 1.498 1.388 1.315 1.286 1.174 -0.060 
5.250 125.890 -1.151 -0.702 -0.424 -0.083 0.304 0.566 0.863 1.008 1.222 1.271 1.358 1.337 1.298 1.184 1.109 1.081 0.978 -0.216 
5.250 158.490 -1.262 -0.826 -0.550 -0.212 0.164 0.421 0.712 0.848 1.048 1.085 1.156 1.122 1.068 0.949 0.873 0.845 0.753 -0.388 
5.250 199.530 -1.379 -0.956 -0.682 -0.350 0.014 0.264 0.546 0.670 0.852 0.874 0.924 0.874 0.802 0.676 0.598 0.572 0.494 -0.582 
5.250 251.190 -1.504 -1.094 -0.823 -0.497 -0.149 0.090 0.360 0.470 0.628 0.631 0.655 0.586 0.490 0.356 0.277 0.252 0.192 -0.802 
5.250 316.230 -1.638 -1.242 -0.974 -0.657 -0.329 -0.103 0.152 0.242 0.371 0.350 0.341 0.247 0.122 -0.022 -0.104 -0.127 -0.163 -1.054 
5.250 398.110 -1.785 -1.403 -1.139 -0.833 -0.530 -0.321 -0.085 -0.019 0.073 0.022 -0.029 -0.154 -0.317 -0.472 -0.558 -0.578 -0.585 -1.346 
5.250 501.190 -1.947 -1.579 -1.321 -1.027 -0.756 -0.569 -0.358 -0.323 -0.277 -0.367 -0.470 -0.634 -0.843 -1.014 -1.104 -1.121 -1.091 -1.688 
5.250 630.960 -2.130 -1.775 -1.523 -1.247 -1.016 -0.856 -0.676 -0.680 -0.692 -0.830 -0.999 -1.213 -1.480 -1.671 -1.766 -1.779 -1.702 -2.093 
5.250 794.330 -2.337 -1.996 -1.752 -1.497 -1.317 -1.191 -1.050 -1.104 -1.189 -1.387 -1.640 -1.916 -2.257 -2.472 -2.573 -2.582 -2.446 -2.577 
5.250 1000.000 -2.575 -2.248 -2.015 -1.786 -1.670 -1.587 -1.496 -1.611 -1.789 -2.063 -2.421 -2.775 -3.208 -3.454 -3.564 -3.566 -3.356 -3.161 
5.500 1.000 0.444 1.057 1.331 1.669 2.027 2.165 2.278 2.354 2.565 2.624 2.757 2.771 2.838 2.765 2.716 2.700 2.600 1.289 
5.500 1.260 0.441 1.051 1.325 1.664 2.022 2.160 2.275 2.351 2.563 2.622 2.755 2.769 2.835 2.762 2.714 2.697 2.597 1.286 
5.500 1.580 0.434 1.042 1.316 1.655 2.014 2.153 2.271 2.348 2.560 2.619 2.752 2.766 2.832 2.758 2.710 2.693 2.592 1.281 
5.500 2.000 0.423 1.029 1.303 1.642 2.002 2.143 2.264 2.342 2.555 2.615 2.748 2.762 2.826 2.752 2.704 2.686 2.585 1.274 
5.500 2.510 0.407 1.010 1.284 1.623 1.984 2.128 2.253 2.333 2.547 2.608 2.741 2.755 2.818 2.744 2.694 2.677 2.575 1.262 
5.500 3.160 0.383 0.982 1.256 1.596 1.958 2.107 2.238 2.321 2.536 2.598 2.731 2.745 2.806 2.731 2.681 2.663 2.560 1.247 
5.500 3.980 0.350 0.945 1.219 1.558 1.923 2.078 2.217 2.304 2.521 2.583 2.717 2.731 2.789 2.713 2.663 2.644 2.539 1.224 
5.500 5.010 0.305 0.896 1.170 1.510 1.877 2.040 2.190 2.282 2.501 2.564 2.698 2.712 2.766 2.690 2.638 2.619 2.511 1.195 
5.500 6.310 0.251 0.835 1.109 1.450 1.820 1.992 2.155 2.253 2.475 2.539 2.674 2.687 2.737 2.659 2.606 2.586 2.475 1.158 
5.500 7.940 0.186 0.764 1.038 1.379 1.753 1.935 2.112 2.217 2.442 2.508 2.643 2.655 2.700 2.620 2.566 2.545 2.432 1.113 
5.500 10.000 0.113 0.684 0.958 1.299 1.677 1.870 2.062 2.174 2.402 2.470 2.604 2.616 2.656 2.574 2.518 2.496 2.380 1.061 
5.500 12.590 0.034 0.597 0.871 1.212 1.594 1.798 2.006 2.124 2.355 2.424 2.559 2.570 2.603 2.520 2.462 2.439 2.320 1.001 
5.500 15.850 -0.050 0.504 0.778 1.120 1.505 1.719 1.943 2.068 2.301 2.371 2.505 2.515 2.542 2.457 2.398 2.374 2.252 0.934 
5.500 19.950 -0.137 0.408 0.682 1.023 1.411 1.635 1.873 2.004 2.240 2.310 2.443 2.451 2.472 2.385 2.324 2.300 2.175 0.860 
5.500 25.120 -0.226 0.308 0.582 0.923 1.313 1.547 1.797 1.933 2.170 2.241 2.372 2.378 2.392 2.303 2.241 2.215 2.089 0.780 
5.500 31.620 -0.317 0.206 0.480 0.821 1.212 1.453 1.714 1.855 2.091 2.161 2.290 2.294 2.302 2.211 2.147 2.120 1.994 0.691 
5.500 39.810 -0.410 0.102 0.375 0.715 1.107 1.354 1.625 1.768 2.004 2.072 2.198 2.198 2.199 2.105 2.040 2.014 1.887 0.595 
5.500 50.120 -0.505 -0.005 0.268 0.607 0.999 1.250 1.528 1.672 1.906 1.972 2.092 2.089 2.082 1.987 1.920 1.893 1.768 0.490 
5.500 63.100 -0.602 -0.114 0.158 0.497 0.886 1.140 1.422 1.567 1.796 1.858 1.973 1.965 1.950 1.852 1.784 1.757 1.635 0.376 
5.500 79.430 -0.701 -0.226 0.046 0.382 0.768 1.024 1.308 1.451 1.674 1.731 1.838 1.823 1.800 1.698 1.629 1.602 1.484 0.250 
5.500 100.000 -0.803 -0.340 -0.070 0.264 0.645 0.899 1.184 1.323 1.538 1.588 1.685 1.662 1.628 1.523 1.453 1.426 1.314 0.111 
5.500 125.890 -0.909 -0.459 -0.190 0.140 0.514 0.766 1.048 1.181 1.385 1.426 1.510 1.478 1.430 1.321 1.250 1.223 1.120 -0.042 
5.500 158.490 -1.020 -0.583 -0.316 0.011 0.375 0.622 0.899 1.023 1.213 1.243 1.310 1.265 1.202 1.088 1.015 0.990 0.898 -0.214 
5.500 199.530 -1.137 -0.714 -0.448 -0.127 0.225 0.465 0.733 0.846 1.019 1.033 1.079 1.019 0.937 0.817 0.742 0.717 0.640 -0.407 
5.500 251.190 -1.261 -0.852 -0.589 -0.274 0.062 0.292 0.549 0.646 0.796 0.791 0.812 0.732 0.626 0.498 0.421 0.398 0.338 -0.626 
5.500 316.230 -1.396 -1.000 -0.740 -0.434 -0.118 0.099 0.341 0.419 0.540 0.511 0.498 0.393 0.259 0.120 0.041 0.020 -0.016 -0.878 
5.500 398.110 -1.543 -1.161 -0.905 -0.609 -0.318 -0.119 0.104 0.158 0.241 0.183 0.128 -0.008 -0.180 -0.330 -0.413 -0.432 -0.438 -1.170 
5.500 501.190 -1.705 -1.337 -1.086 -0.804 -0.545 -0.367 -0.169 -0.146 -0.109 -0.206 -0.313 -0.488 -0.706 -0.872 -0.959 -0.975 -0.944 -1.512 
5.500 630.960 -1.887 -1.533 -1.289 -1.024 -0.805 -0.654 -0.487 -0.503 -0.524 -0.669 -0.842 -1.067 -1.343 -1.528 -1.621 -1.632 -1.555 -1.916 
5.500 794.330 -2.094 -1.754 -1.518 -1.274 -1.105 -0.989 -0.862 -0.926 -1.021 -1.226 -1.483 -1.769 -2.119 -2.329 -2.428 -2.435 -2.299 -2.400 
5.500 1000.000 -2.333 -2.006 -1.780 -1.563 -1.458 -1.386 -1.307 -1.434 -1.621 -1.902 -2.264 -2.628 -3.071 -3.312 -3.419 -3.419 -3.209 -2.984 
5.750 1.000 0.569 1.176 1.441 1.769 2.113 2.238 2.334 2.395 2.596 2.646 2.774 2.778 2.835 2.767 2.722 2.708 2.609 1.332 
5.750 1.260 0.567 1.172 1.438 1.765 2.110 2.235 2.332 2.394 2.595 2.645 2.773 2.777 2.834 2.766 2.721 2.706 2.608 1.330 
5.750 1.580 0.564 1.167 1.433 1.760 2.105 2.231 2.329 2.392 2.593 2.644 2.772 2.775 2.832 2.764 2.718 2.704 2.605 1.327 
5.750 2.000 0.558 1.160 1.425 1.753 2.098 2.225 2.325 2.388 2.590 2.641 2.769 2.772 2.829 2.760 2.715 2.700 2.601 1.323 
5.750 2.510 0.549 1.148 1.413 1.741 2.087 2.216 2.319 2.383 2.586 2.637 2.765 2.768 2.824 2.755 2.709 2.694 2.594 1.316 
5.750 3.160 0.535 1.130 1.396 1.723 2.071 2.203 2.310 2.376 2.579 2.631 2.759 2.762 2.816 2.747 2.701 2.685 2.585 1.306 
5.750 3.980 0.514 1.105 1.371 1.698 2.047 2.183 2.296 2.365 2.569 2.622 2.750 2.753 2.805 2.735 2.689 2.673 2.571 1.292 
5.750 5.010 0.484 1.070 1.336 1.664 2.015 2.156 2.277 2.349 2.556 2.609 2.738 2.740 2.789 2.719 2.671 2.655 2.552 1.271 
5.750 6.310 0.443 1.024 1.290 1.618 1.971 2.120 2.251 2.329 2.537 2.591 2.720 2.722 2.768 2.697 2.648 2.631 2.525 1.244 
5.750 7.940 0.391 0.966 1.232 1.561 1.917 2.075 2.218 2.301 2.512 2.568 2.697 2.699 2.740 2.667 2.617 2.600 2.491 1.209 
5.750 10.000 0.329 0.898 1.163 1.492 1.852 2.020 2.178 2.268 2.481 2.538 2.668 2.668 2.705 2.630 2.579 2.560 2.449 1.166 
5.750 12.590 0.259 0.819 1.085 1.414 1.778 1.957 2.130 2.227 2.443 2.502 2.631 2.631 2.661 2.585 2.532 2.513 2.398 1.115 
5.750 15.850 0.181 0.733 0.999 1.328 1.696 1.886 2.075 2.179 2.398 2.458 2.587 2.585 2.609 2.531 2.477 2.456 2.339 1.057 
5.750 19.950 0.099 0.641 0.907 1.236 1.607 1.808 2.014 2.124 2.346 2.406 2.534 2.531 2.548 2.468 2.412 2.390 2.270 0.991 
5.750 25.120 0.012 0.544 0.810 1.140 1.513 1.725 1.945 2.062 2.285 2.346 2.472 2.467 2.477 2.395 2.337 2.314 2.192 0.917 
5.750 31.620 -0.078 0.444 0.710 1.039 1.415 1.636 1.869 1.991 2.215 2.276 2.400 2.392 2.395 2.310 2.251 2.227 2.104 0.836 
5.750 39.810 -0.169 0.341 0.607 0.935 1.312 1.541 1.786 1.912 2.136 2.195 2.316 2.305 2.301 2.213 2.152 2.128 2.004 0.746 
5.750 50.120 -0.263 0.236 0.501 0.828 1.205 1.440 1.695 1.823 2.045 2.102 2.219 2.204 2.192 2.102 2.039 2.014 1.892 0.646 
5.750 63.100 -0.360 0.127 0.392 0.718 1.094 1.333 1.595 1.724 1.943 1.997 2.107 2.088 2.066 1.973 1.909 1.884 1.764 0.537 
5.750 79.430 -0.459 0.016 0.280 0.604 0.977 1.219 1.485 1.614 1.827 1.876 1.978 1.953 1.921 1.826 1.760 1.735 1.618 0.415 
5.750 100.000 -0.561 -0.099 0.164 0.486 0.854 1.097 1.365 1.490 1.696 1.738 1.830 1.797 1.754 1.655 1.588 1.563 1.452 0.280 
5.750 125.890 -0.666 -0.217 0.044 0.363 0.725 0.965 1.232 1.351 1.547 1.580 1.660 1.617 1.561 1.457 1.388 1.364 1.261 0.129 
5.750 158.490 -0.777 -0.341 -0.082 0.233 0.586 0.822 1.084 1.196 1.378 1.399 1.463 1.407 1.335 1.226 1.156 1.133 1.041 -0.040 
5.750 199.530 -0.894 -0.472 -0.214 0.096 0.436 0.666 0.920 1.021 1.185 1.191 1.234 1.163 1.072 0.957 0.885 0.862 0.784 -0.232 
5.750 251.190 -1.019 -0.610 -0.354 -0.051 0.273 0.493 0.737 0.822 0.963 0.951 0.968 0.877 0.762 0.639 0.565 0.544 0.484 -0.450 
5.750 316.230 -1.153 -0.758 -0.506 -0.211 0.094 0.300 0.529 0.596 0.708 0.671 0.655 0.539 0.395 0.262 0.185 0.166 0.130 -0.701 
5.750 398.110 -1.300 -0.918 -0.670 -0.386 -0.107 0.083 0.292 0.335 0.410 0.343 0.285 0.138 -0.042 -0.188 -0.268 -0.285 -0.292 -0.993 
5.750 501.190 -1.463 -1.095 -0.852 -0.581 -0.334 -0.166 0.020 0.031 0.060 -0.045 -0.156 -0.341 -0.569 -0.730 -0.814 -0.828 -0.798 -1.335 
5.750 630.960 -1.645 -1.291 -1.054 -0.801 -0.593 -0.452 -0.298 -0.326 -0.355 -0.508 -0.685 -0.920 -1.206 -1.386 -1.476 -1.486 -1.409 -1.740 
5.750 794.330 -1.852 -1.511 -1.283 -1.051 -0.894 -0.788 -0.673 -0.749 -0.852 -1.065 -1.326 -1.623 -1.982 -2.187 -2.283 -2.288 -2.152 -2.223 
5.750 1000.000 -2.090 -1.764 -1.546 -1.340 -1.247 -1.184 -1.118 -1.256 -1.452 -1.741 -2.106 -2.482 -2.933 -3.169 -3.274 -3.272 -3.063 -2.807 
6.000 1.000 0.691 1.292 1.550 1.865 2.197 2.309 2.388 2.436 2.626 2.668 2.791 2.783 2.831 2.768 2.726 2.713 2.617 1.373 
6.000 1.260 0.690 1.290 1.548 1.864 2.195 2.307 2.387 2.435 2.626 2.667 2.790 2.782 2.830 2.767 2.725 2.713 2.616 1.372 
6.000 1.580 0.689 1.287 1.545 1.861 2.192 2.305 2.386 2.434 2.624 2.666 2.789 2.781 2.829 2.766 2.724 2.711 2.614 1.371 
6.000 2.000 0.687 1.283 1.540 1.856 2.188 2.302 2.383 2.432 2.623 2.665 2.788 2.780 2.827 2.764 2.722 2.709 2.612 1.368 
6.000 2.510 0.682 1.276 1.534 1.849 2.181 2.296 2.380 2.429 2.620 2.662 2.786 2.777 2.824 2.761 2.718 2.706 2.608 1.364 
6.000 3.160 0.675 1.265 1.523 1.839 2.172 2.288 2.374 2.425 2.616 2.659 2.782 2.773 2.820 2.756 2.713 2.700 2.602 1.358 
6.000 3.980 0.663 1.249 1.507 1.823 2.157 2.276 2.366 2.418 2.610 2.653 2.777 2.768 2.813 2.749 2.706 2.692 2.593 1.349 
6.000 5.010 0.644 1.226 1.484 1.800 2.135 2.258 2.353 2.408 2.602 2.645 2.769 2.760 2.803 2.738 2.694 2.681 2.581 1.336 
6.000 6.310 0.617 1.194 1.452 1.768 2.105 2.233 2.336 2.394 2.589 2.633 2.757 2.748 2.788 2.723 2.678 2.664 2.563 1.317 
6.000 7.940 0.579 1.151 1.409 1.725 2.065 2.200 2.312 2.375 2.572 2.617 2.741 2.731 2.768 2.702 2.656 2.642 2.538 1.292 
6.000 10.000 0.531 1.096 1.354 1.671 2.013 2.157 2.282 2.350 2.549 2.596 2.719 2.709 2.741 2.674 2.627 2.611 2.505 1.259 
6.000 12.590 0.472 1.030 1.287 1.604 1.950 2.104 2.243 2.318 2.520 2.568 2.691 2.680 2.707 2.638 2.589 2.573 2.464 1.218 
6.000 15.850 0.404 0.953 1.211 1.528 1.878 2.043 2.198 2.279 2.484 2.533 2.656 2.644 2.665 2.593 2.543 2.526 2.414 1.168 
6.000 19.950 0.328 0.868 1.126 1.443 1.796 1.973 2.144 2.233 2.441 2.490 2.613 2.599 2.613 2.539 2.488 2.469 2.355 1.111 
6.000 25.120 0.246 0.777 1.034 1.352 1.708 1.896 2.084 2.179 2.389 2.439 2.560 2.545 2.551 2.475 2.422 2.402 2.285 1.045 
6.000 31.620 0.160 0.680 0.938 1.255 1.614 1.813 2.016 2.118 2.329 2.379 2.498 2.480 2.478 2.400 2.345 2.324 2.205 0.972 
6.000 39.810 0.070 0.579 0.837 1.153 1.514 1.723 1.940 2.047 2.258 2.308 2.424 2.403 2.393 2.312 2.255 2.234 2.114 0.889 
6.000 50.120 -0.023 0.475 0.732 1.048 1.410 1.627 1.856 1.967 2.177 2.225 2.336 2.311 2.293 2.209 2.150 2.128 2.008 0.796 
6.000 63.100 -0.118 0.368 0.624 0.939 1.300 1.523 1.762 1.875 2.083 2.127 2.233 2.203 2.175 2.088 2.028 2.005 1.887 0.693 
6.000 79.430 -0.217 0.257 0.513 0.826 1.185 1.412 1.658 1.771 1.974 2.014 2.113 2.077 2.038 1.948 1.885 1.863 1.748 0.577 
6.000 100.000 -0.318 0.143 0.398 0.708 1.063 1.293 1.542 1.653 1.849 1.883 1.971 1.927 1.877 1.783 1.719 1.696 1.587 0.446 
6.000 125.890 -0.424 0.024 0.278 0.586 0.934 1.163 1.413 1.520 1.705 1.730 1.806 1.752 1.688 1.590 1.524 1.502 1.400 0.299 
6.000 158.490 -0.535 -0.099 0.152 0.456 0.796 1.021 1.268 1.368 1.540 1.554 1.613 1.547 1.467 1.363 1.296 1.274 1.182 0.132 
6.000 199.530 -0.652 -0.229 0.020 0.319 0.647 0.866 1.107 1.195 1.350 1.349 1.388 1.306 1.206 1.096 1.026 1.006 0.928 -0.057 
6.000 251.190 -0.776 -0.367 -0.120 0.172 0.484 0.694 0.924 0.998 1.130 1.110 1.123 1.021 0.898 0.780 0.708 0.689 0.629 -0.275 
6.000 316.230 -0.911 -0.516 -0.272 0.012 0.305 0.502 0.717 0.772 0.875 0.832 0.811 0.685 0.532 0.404 0.329 0.312 0.276 -0.525 
6.000 398.110 -1.058 -0.676 -0.436 -0.163 0.104 0.284 0.481 0.512 0.578 0.504 0.442 0.285 0.094 -0.046 -0.124 -0.138 -0.145 -0.816 
6.000 501.190 -1.220 -0.852 -0.618 -0.358 -0.122 0.036 0.208 0.208 0.228 0.116 0.002 -0.195 -0.432 -0.587 -0.669 -0.681 -0.651 -1.158 
6.000 630.960 -1.403 -1.048 -0.820 -0.577 -0.382 -0.250 -0.109 -0.148 -0.187 -0.347 -0.528 -0.773 -1.069 -1.244 -1.331 -1.339 -1.262 -1.563 
6.000 794.330 -1.610 -1.269 -1.049 -0.828 -0.683 -0.586 -0.484 -0.572 -0.684 -0.904 -1.168 -1.476 -1.845 -2.045 -2.138 -2.141 -2.006 -2.047 
6.000 1000.000 -1.848 -1.521 -1.312 -1.117 -1.036 -0.982 -0.929 -1.079 -1.283 -1.580 -1.949 -2.335 -2.796 -3.027 -3.129 -3.125 -2.916 -2.630 
6.250 1.000 0.811 1.407 1.657 1.960 2.278 2.379 2.442 2.476 2.656 2.689 2.807 2.787 2.825 2.767 2.728 2.717 2.622 1.414 
6.250 1.260 0.811 1.406 1.656 1.959 2.278 2.378 2.442 2.476 2.656 2.689 2.806 2.786 2.825 2.767 2.727 2.717 2.621 1.413 
6.250 1.580 0.811 1.404 1.654 1.958 2.276 2.377 2.441 2.475 2.655 2.688 2.806 2.786 2.824 2.766 2.726 2.716 2.620 1.412 
6.250 2.000 0.811 1.402 1.651 1.955 2.274 2.375 2.440 2.474 2.654 2.687 2.805 2.785 2.823 2.765 2.725 2.715 2.619 1.411 
6.250 2.510 0.809 1.398 1.647 1.951 2.270 2.372 2.437 2.472 2.653 2.686 2.804 2.783 2.821 2.763 2.723 2.713 2.617 1.408 
6.250 3.160 0.806 1.392 1.641 1.945 2.264 2.367 2.434 2.470 2.650 2.684 2.801 2.781 2.818 2.760 2.720 2.710 2.613 1.405 
6.250 3.980 0.799 1.382 1.631 1.935 2.255 2.360 2.429 2.466 2.647 2.680 2.798 2.778 2.814 2.756 2.716 2.705 2.608 1.400 
6.250 5.010 0.789 1.368 1.617 1.921 2.242 2.349 2.422 2.460 2.642 2.675 2.793 2.773 2.808 2.749 2.709 2.698 2.600 1.391 
6.250 6.310 0.773 1.347 1.596 1.900 2.222 2.332 2.411 2.451 2.634 2.668 2.786 2.765 2.799 2.739 2.698 2.687 2.588 1.379 
6.250 7.940 0.748 1.317 1.566 1.871 2.194 2.310 2.395 2.438 2.623 2.657 2.775 2.754 2.785 2.725 2.683 2.671 2.571 1.362 
6.250 10.000 0.714 1.276 1.526 1.831 2.156 2.278 2.373 2.421 2.607 2.643 2.760 2.739 2.766 2.705 2.662 2.650 2.548 1.339 
6.250 12.590 0.669 1.224 1.474 1.779 2.107 2.238 2.344 2.397 2.586 2.622 2.740 2.718 2.740 2.678 2.634 2.621 2.517 1.307 
6.250 15.850 0.613 1.160 1.410 1.715 2.047 2.187 2.308 2.367 2.558 2.596 2.713 2.690 2.707 2.642 2.597 2.583 2.476 1.268 
6.250 19.950 0.547 1.086 1.335 1.641 1.976 2.127 2.264 2.330 2.524 2.562 2.679 2.654 2.665 2.598 2.551 2.536 2.427 1.220 
6.250 25.120 0.473 1.002 1.252 1.557 1.895 2.059 2.212 2.286 2.481 2.521 2.636 2.610 2.613 2.544 2.495 2.479 2.367 1.163 
6.250 31.620 0.392 0.911 1.160 1.466 1.807 1.983 2.153 2.233 2.431 2.470 2.584 2.555 2.550 2.478 2.427 2.410 2.296 1.098 
6.250 39.810 0.306 0.814 1.063 1.368 1.712 1.899 2.085 2.172 2.370 2.409 2.520 2.488 2.474 2.400 2.347 2.329 2.213 1.023 
6.250 50.120 0.216 0.713 0.961 1.266 1.611 1.808 2.009 2.101 2.299 2.337 2.443 2.408 2.384 2.306 2.252 2.233 2.116 0.939 
6.250 63.100 0.122 0.607 0.855 1.158 1.504 1.709 1.923 2.018 2.214 2.249 2.351 2.310 2.276 2.195 2.138 2.119 2.003 0.842 
6.250 79.430 0.024 0.498 0.745 1.047 1.391 1.602 1.826 1.923 2.115 2.146 2.240 2.193 2.147 2.063 2.004 1.984 1.871 0.733 
6.250 100.000 -0.077 0.384 0.631 0.930 1.271 1.486 1.716 1.812 1.998 2.023 2.107 2.052 1.994 1.906 1.845 1.825 1.717 0.608 
6.250 125.890 -0.182 0.266 0.511 0.808 1.143 1.359 1.591 1.684 1.860 1.877 1.949 1.884 1.812 1.719 1.656 1.636 1.535 0.466 
6.250 158.490 -0.293 0.142 0.386 0.679 1.006 1.220 1.451 1.537 1.700 1.706 1.761 1.684 1.595 1.497 1.432 1.413 1.322 0.303 
6.250 199.530 -0.409 0.013 0.254 0.541 0.858 1.066 1.292 1.368 1.513 1.504 1.539 1.447 1.338 1.233 1.167 1.148 1.071 0.116 
6.250 251.190 -0.534 -0.125 0.114 0.394 0.695 0.895 1.111 1.173 1.296 1.268 1.277 1.165 1.032 0.919 0.850 0.833 0.774 -0.100 
6.250 316.230 -0.669 -0.273 -0.037 0.235 0.516 0.703 0.905 0.948 1.043 0.991 0.967 0.830 0.668 0.545 0.473 0.458 0.421 -0.349 
6.250 398.110 -0.815 -0.434 -0.202 0.060 0.316 0.486 0.669 0.688 0.746 0.664 0.599 0.431 0.231 0.096 0.021 0.008 0.001 -0.640 
6.250 501.190 -0.978 -0.610 -0.383 -0.135 0.089 0.238 0.397 0.385 0.397 0.277 0.158 -0.049 -0.295 -0.445 -0.524 -0.534 -0.504 -0.981 
6.250 630.960 -1.160 -0.806 -0.586 -0.354 -0.170 -0.049 0.079 0.029 -0.018 -0.186 -0.371 -0.627 -0.931 -1.102 -1.186 -1.192 -1.115 -1.386 
6.250 794.330 -1.367 -1.027 -0.815 -0.605 -0.471 -0.384 -0.295 -0.395 -0.515 -0.743 -1.011 -1.330 -1.708 -1.902 -1.993 -1.994 -1.859 -1.870 
6.250 1000.000 -1.606 -1.279 -1.077 -0.894 -0.824 -0.780 -0.741 -0.902 -1.115 -1.419 -1.792 -2.188 -2.659 -2.885 -2.984 -2.979 -2.769 -2.453 
6.500 1.000 0.930 1.521 1.762 2.054 2.359 2.448 2.496 2.517 2.686 2.709 2.821 2.789 2.817 2.764 2.727 2.719 2.625 1.453 
6.500 1.260 0.931 1.520 1.761 2.054 2.358 2.447 2.496 2.516 2.686 2.709 2.821 2.789 2.817 2.764 2.727 2.719 2.625 1.453 
6.500 1.580 0.931 1.519 1.760 2.053 2.357 2.447 2.495 2.516 2.685 2.709 2.821 2.789 2.817 2.763 2.726 2.718 2.624 1.452 
6.500 2.000 0.932 1.518 1.759 2.051 2.356 2.446 2.495 2.515 2.685 2.708 2.820 2.788 2.816 2.762 2.726 2.717 2.623 1.451 
6.500 2.510 0.932 1.515 1.757 2.049 2.354 2.444 2.493 2.514 2.684 2.708 2.820 2.788 2.815 2.761 2.725 2.716 2.622 1.450 
6.500 3.160 0.931 1.512 1.753 2.045 2.351 2.441 2.491 2.513 2.683 2.706 2.818 2.786 2.813 2.760 2.723 2.714 2.620 1.448 
6.500 3.980 0.928 1.506 1.747 2.040 2.345 2.437 2.489 2.511 2.681 2.705 2.817 2.784 2.811 2.757 2.720 2.711 2.617 1.445 
6.500 5.010 0.923 1.498 1.739 2.031 2.337 2.430 2.484 2.507 2.678 2.702 2.814 2.781 2.807 2.753 2.716 2.707 2.612 1.440 
6.500 6.310 0.915 1.485 1.726 2.018 2.325 2.420 2.477 2.502 2.673 2.697 2.809 2.777 2.801 2.747 2.709 2.700 2.605 1.433 
6.500 7.940 0.901 1.465 1.707 1.999 2.307 2.406 2.467 2.494 2.666 2.691 2.803 2.770 2.793 2.738 2.699 2.690 2.594 1.422 
6.500 10.000 0.879 1.438 1.679 1.972 2.281 2.385 2.453 2.483 2.656 2.681 2.793 2.759 2.780 2.724 2.685 2.676 2.578 1.406 
6.500 12.590 0.848 1.400 1.642 1.934 2.246 2.355 2.433 2.467 2.641 2.667 2.779 2.745 2.762 2.705 2.665 2.655 2.555 1.384 
6.500 15.850 0.806 1.351 1.592 1.885 2.199 2.317 2.406 2.445 2.621 2.648 2.759 2.725 2.737 2.678 2.638 2.627 2.525 1.354 
6.500 19.950 0.753 1.290 1.531 1.824 2.141 2.269 2.372 2.417 2.595 2.623 2.734 2.698 2.704 2.644 2.601 2.589 2.485 1.316 
6.500 25.120 0.690 1.217 1.458 1.751 2.072 2.211 2.330 2.381 2.562 2.591 2.700 2.662 2.662 2.599 2.555 2.542 2.436 1.270 
6.500 31.620 0.617 1.134 1.375 1.669 1.992 2.143 2.280 2.338 2.521 2.550 2.658 2.618 2.609 2.544 2.498 2.484 2.375 1.214 
6.500 39.810 0.537 1.044 1.285 1.577 1.904 2.067 2.221 2.287 2.471 2.499 2.605 2.562 2.543 2.476 2.427 2.412 2.302 1.148 
6.500 50.120 0.450 0.946 1.187 1.479 1.808 1.983 2.153 2.225 2.410 2.437 2.539 2.492 2.464 2.393 2.342 2.326 2.214 1.072 
6.500 63.100 0.359 0.844 1.084 1.375 1.705 1.890 2.076 2.152 2.336 2.361 2.457 2.406 2.366 2.292 2.239 2.222 2.111 0.984 
6.500 79.430 0.264 0.736 0.976 1.265 1.595 1.788 1.987 2.066 2.246 2.268 2.357 2.300 2.248 2.170 2.115 2.097 1.987 0.883 
6.500 100.000 0.164 0.624 0.862 1.150 1.477 1.676 1.884 1.965 2.139 2.155 2.235 2.169 2.104 2.022 1.965 1.947 1.841 0.765 
6.500 125.890 0.059 0.507 0.744 1.029 1.351 1.553 1.766 1.844 2.010 2.018 2.086 2.010 1.930 1.843 1.784 1.766 1.666 0.629 
6.500 158.490 -0.051 0.384 0.619 0.900 1.215 1.416 1.631 1.703 1.857 1.854 1.905 1.818 1.721 1.627 1.566 1.549 1.459 0.471 
6.500 199.530 -0.168 0.254 0.488 0.764 1.067 1.265 1.475 1.539 1.675 1.658 1.689 1.586 1.468 1.368 1.305 1.288 1.211 0.287 
6.500 251.190 -0.292 0.116 0.348 0.617 0.906 1.095 1.297 1.347 1.461 1.425 1.430 1.307 1.166 1.058 0.992 0.976 0.917 0.074 
6.500 316.230 -0.426 -0.031 0.197 0.458 0.727 0.904 1.093 1.124 1.209 1.150 1.122 0.975 0.803 0.685 0.616 0.603 0.566 -0.174 
6.500 398.110 -0.573 -0.192 0.032 0.283 0.527 0.687 0.858 0.865 0.914 0.824 0.755 0.576 0.367 0.237 0.165 0.154 0.147 -0.464 
6.500 501.190 -0.736 -0.368 -0.149 0.088 0.300 0.440 0.586 0.562 0.565 0.437 0.315 0.098 -0.158 -0.304 -0.380 -0.388 -0.358 -0.805 
6.500 630.960 -0.918 -0.564 -0.351 -0.131 0.041 0.153 0.268 0.206 0.150 -0.025 -0.214 -0.481 -0.794 -0.960 -1.041 -1.045 -0.969 -1.209 
6.500 794.330 -1.125 -0.785 -0.580 -0.382 -0.260 -0.182 -0.106 -0.217 -0.347 -0.582 -0.854 -1.183 -1.571 -1.760 -1.848 -1.848 -1.712 -1.693 
6.500 1000.000 -1.363 -1.037 -0.843 -0.671 -0.613 -0.578 -0.552 -0.725 -0.946 -1.258 -1.635 -2.042 -2.522 -2.742 -2.839 -2.832 -2.623 -2.276 
6.750 1.000 1.048 1.633 1.866 2.146 2.438 2.516 2.550 2.557 2.715 2.730 2.835 2.791 2.807 2.758 2.724 2.718 2.625 1.492 
6.750 1.260 1.049 1.633 1.866 2.146 2.437 2.516 2.550 2.557 2.715 2.729 2.835 2.791 2.807 2.758 2.724 2.717 2.625 1.491 
6.750 1.580 1.050 1.632 1.865 2.145 2.437 2.515 2.549 2.557 2.715 2.729 2.835 2.790 2.807 2.758 2.723 2.717 2.625 1.491 
6.750 2.000 1.051 1.631 1.864 2.145 2.436 2.515 2.549 2.557 2.715 2.729 2.835 2.790 2.806 2.757 2.723 2.717 2.624 1.491 
6.750 2.510 1.051 1.630 1.863 2.143 2.435 2.514 2.548 2.556 2.714 2.729 2.834 2.790 2.806 2.757 2.722 2.716 2.624 1.490 
6.750 3.160 1.052 1.628 1.861 2.141 2.433 2.512 2.547 2.555 2.714 2.728 2.834 2.789 2.805 2.756 2.721 2.715 2.622 1.489 
6.750 3.980 1.051 1.625 1.858 2.138 2.430 2.510 2.546 2.554 2.713 2.727 2.833 2.788 2.803 2.754 2.720 2.713 2.621 1.487 
6.750 5.010 1.050 1.620 1.853 2.133 2.425 2.506 2.543 2.552 2.711 2.725 2.831 2.786 2.801 2.752 2.717 2.710 2.618 1.484 
6.750 6.310 1.046 1.612 1.845 2.125 2.418 2.500 2.539 2.549 2.708 2.723 2.828 2.783 2.798 2.748 2.713 2.706 2.613 1.480 
6.750 7.940 1.039 1.600 1.833 2.114 2.407 2.491 2.533 2.544 2.704 2.719 2.824 2.779 2.792 2.742 2.707 2.700 2.606 1.473 
6.750 10.000 1.027 1.583 1.816 2.096 2.390 2.478 2.524 2.537 2.698 2.713 2.818 2.772 2.784 2.733 2.698 2.691 2.596 1.463 
6.750 12.590 1.008 1.557 1.790 2.071 2.367 2.458 2.511 2.527 2.688 2.704 2.809 2.763 2.772 2.720 2.684 2.676 2.581 1.448 
6.750 15.850 0.980 1.522 1.755 2.036 2.333 2.431 2.493 2.512 2.675 2.691 2.796 2.749 2.754 2.702 2.664 2.656 2.559 1.428 
6.750 19.950 0.942 1.476 1.709 1.989 2.289 2.395 2.468 2.492 2.656 2.673 2.777 2.729 2.730 2.676 2.637 2.629 2.530 1.400 
6.750 25.120 0.892 1.417 1.650 1.930 2.233 2.349 2.435 2.465 2.632 2.649 2.752 2.703 2.697 2.641 2.601 2.591 2.490 1.363 
6.750 31.620 0.830 1.346 1.579 1.860 2.165 2.292 2.395 2.432 2.600 2.617 2.719 2.668 2.654 2.596 2.554 2.543 2.440 1.318 
6.750 39.810 0.759 1.265 1.497 1.778 2.087 2.226 2.346 2.390 2.559 2.577 2.676 2.622 2.600 2.538 2.495 2.483 2.377 1.262 
6.750 50.120 0.679 1.174 1.407 1.687 1.998 2.149 2.288 2.339 2.509 2.526 2.621 2.563 2.531 2.466 2.420 2.407 2.300 1.195 
6.750 63.100 0.593 1.076 1.308 1.587 1.901 2.064 2.219 2.276 2.446 2.461 2.552 2.489 2.445 2.377 2.328 2.315 2.207 1.117 
6.750 79.430 0.500 0.972 1.203 1.481 1.795 1.968 2.140 2.201 2.368 2.380 2.464 2.395 2.338 2.266 2.215 2.200 2.094 1.024 
6.750 100.000 0.402 0.862 1.092 1.368 1.680 1.862 2.046 2.109 2.272 2.279 2.354 2.277 2.206 2.129 2.076 2.060 1.957 0.915 
6.750 125.890 0.299 0.746 0.975 1.249 1.557 1.744 1.936 1.999 2.153 2.153 2.215 2.129 2.042 1.960 1.904 1.889 1.791 0.787 
6.750 158.490 0.190 0.624 0.852 1.121 1.423 1.611 1.807 1.865 2.008 1.997 2.044 1.946 1.841 1.753 1.695 1.680 1.591 0.635 
6.750 199.530 0.074 0.495 0.721 0.985 1.276 1.462 1.656 1.707 1.833 1.808 1.835 1.721 1.595 1.500 1.440 1.425 1.349 0.456 
6.750 251.190 -0.050 0.358 0.581 0.839 1.116 1.294 1.481 1.519 1.624 1.580 1.581 1.448 1.297 1.194 1.131 1.118 1.059 0.247 
6.750 316.230 -0.184 0.210 0.430 0.680 0.937 1.104 1.279 1.299 1.375 1.308 1.276 1.118 0.937 0.824 0.758 0.746 0.710 0.001 
6.750 398.110 -0.331 0.050 0.266 0.505 0.737 0.888 1.045 1.041 1.081 0.984 0.910 0.721 0.503 0.378 0.308 0.299 0.292 -0.288 
6.750 501.190 -0.493 -0.126 0.085 0.311 0.511 0.641 0.774 0.739 0.733 0.598 0.472 0.243 -0.022 -0.162 -0.236 -0.242 -0.212 -0.629 
6.750 630.960 -0.676 -0.322 -0.117 0.092 0.252 0.355 0.457 0.383 0.318 0.135 -0.057 -0.335 -0.658 -0.818 -0.897 -0.899 -0.823 -1.033 
6.750 794.330 -0.883 -0.542 -0.346 -0.159 -0.049 0.020 0.082 -0.040 -0.178 -0.422 -0.697 -1.037 -1.434 -1.618 -1.704 -1.701 -1.566 -1.517 
6.750 1000.000 -1.121 -0.795 -0.609 -0.448 -0.402 -0.376 -0.363 -0.547 -0.778 -1.097 -1.478 -1.896 -2.385 -2.600 -2.694 -2.685 -2.476 -2.100 
7.000 1.000 1.165 1.744 1.969 2.237 2.515 2.583 2.604 2.598 2.745 2.749 2.848 2.790 2.794 2.749 2.717 2.713 2.622 1.529 
7.000 1.260 1.166 1.744 1.968 2.237 2.515 2.583 2.604 2.598 2.745 2.749 2.848 2.790 2.794 2.749 2.717 2.712 2.622 1.529 
7.000 1.580 1.167 1.743 1.968 2.236 2.514 2.583 2.604 2.598 2.745 2.749 2.848 2.790 2.794 2.748 2.717 2.712 2.622 1.529 
7.000 2.000 1.168 1.743 1.968 2.236 2.514 2.583 2.603 2.598 2.745 2.749 2.848 2.790 2.793 2.748 2.716 2.712 2.622 1.528 
7.000 2.510 1.169 1.742 1.967 2.235 2.513 2.582 2.603 2.598 2.745 2.749 2.848 2.790 2.793 2.748 2.716 2.712 2.621 1.528 
7.000 3.160 1.170 1.741 1.966 2.234 2.512 2.581 2.602 2.597 2.744 2.748 2.847 2.789 2.793 2.747 2.715 2.711 2.621 1.527 
7.000 3.980 1.171 1.739 1.964 2.232 2.510 2.580 2.601 2.596 2.744 2.748 2.846 2.789 2.792 2.746 2.714 2.710 2.619 1.526 
7.000 5.010 1.171 1.736 1.961 2.229 2.508 2.577 2.600 2.595 2.743 2.747 2.845 2.788 2.790 2.745 2.713 2.708 2.618 1.525 
7.000 6.310 1.170 1.732 1.956 2.225 2.503 2.574 2.598 2.594 2.741 2.745 2.844 2.786 2.788 2.743 2.710 2.706 2.615 1.522 
7.000 7.940 1.168 1.725 1.949 2.218 2.497 2.569 2.594 2.591 2.738 2.743 2.841 2.783 2.785 2.739 2.707 2.702 2.611 1.518 
7.000 10.000 1.162 1.714 1.939 2.207 2.487 2.561 2.589 2.587 2.735 2.739 2.838 2.779 2.780 2.733 2.701 2.696 2.604 1.512 
7.000 12.590 1.152 1.698 1.923 2.191 2.472 2.548 2.581 2.580 2.729 2.734 2.832 2.773 2.772 2.725 2.692 2.687 2.594 1.503 
7.000 15.850 1.136 1.675 1.900 2.168 2.450 2.531 2.569 2.571 2.721 2.726 2.823 2.764 2.760 2.712 2.679 2.673 2.580 1.489 
7.000 19.950 1.111 1.642 1.867 2.135 2.419 2.505 2.552 2.558 2.708 2.714 2.811 2.750 2.743 2.694 2.659 2.653 2.559 1.470 
7.000 25.120 1.075 1.598 1.823 2.091 2.377 2.471 2.529 2.539 2.691 2.697 2.793 2.731 2.719 2.668 2.632 2.626 2.530 1.443 
7.000 31.620 1.028 1.542 1.766 2.034 2.323 2.427 2.498 2.514 2.668 2.674 2.768 2.705 2.685 2.633 2.596 2.588 2.490 1.408 
7.000 39.810 0.969 1.473 1.697 1.965 2.256 2.371 2.459 2.482 2.636 2.643 2.735 2.669 2.641 2.586 2.547 2.538 2.439 1.363 
7.000 50.120 0.899 1.392 1.616 1.884 2.178 2.306 2.411 2.440 2.596 2.602 2.691 2.622 2.584 2.526 2.484 2.475 2.373 1.307 
7.000 63.100 0.820 1.302 1.526 1.793 2.089 2.229 2.353 2.389 2.545 2.549 2.633 2.559 2.510 2.448 2.404 2.393 2.291 1.239 
7.000 79.430 0.732 1.203 1.426 1.692 1.989 2.141 2.283 2.325 2.479 2.480 2.558 2.478 2.416 2.350 2.303 2.291 2.189 1.156 
7.000 100.000 0.638 1.097 1.319 1.583 1.879 2.042 2.199 2.245 2.395 2.392 2.461 2.374 2.296 2.225 2.176 2.163 2.064 1.057 
7.000 125.890 0.537 0.983 1.205 1.466 1.759 1.930 2.099 2.145 2.288 2.278 2.336 2.239 2.144 2.068 2.016 2.003 1.908 0.938 
7.000 158.490 0.429 0.863 1.083 1.341 1.628 1.802 1.978 2.022 2.154 2.134 2.177 2.067 1.954 1.872 1.817 1.804 1.717 0.794 
7.000 199.530 0.314 0.735 0.953 1.206 1.484 1.657 1.834 1.871 1.987 1.954 1.976 1.851 1.717 1.627 1.570 1.558 1.483 0.622 
7.000 251.190 0.191 0.599 0.814 1.061 1.324 1.492 1.664 1.689 1.784 1.732 1.729 1.585 1.425 1.327 1.267 1.256 1.197 0.417 
7.000 316.230 0.057 0.452 0.664 0.902 1.147 1.304 1.465 1.472 1.539 1.464 1.428 1.259 1.069 0.961 0.898 0.888 0.852 0.174 
7.000 398.110 -0.089 0.292 0.500 0.728 0.948 1.089 1.232 1.216 1.247 1.142 1.065 0.865 0.637 0.517 0.450 0.443 0.436 -0.113 
7.000 501.190 -0.251 0.116 0.319 0.533 0.722 0.842 0.962 0.915 0.900 0.757 0.627 0.388 0.114 -0.022 -0.093 -0.097 -0.067 -0.453 
7.000 630.960 -0.434 -0.080 0.117 0.314 0.463 0.556 0.645 0.559 0.486 0.295 0.099 -0.189 -0.522 -0.677 -0.753 -0.753 -0.677 -0.857 
7.000 794.330 -0.640 -0.300 -0.112 0.064 0.162 0.221 0.271 0.136 -0.010 -0.261 -0.541 -0.891 -1.297 -1.477 -1.560 -1.555 -1.420 -1.340 
7.000 1000.000 -0.879 -0.552 -0.374 -0.225 -0.191 -0.175 -0.174 -0.371 -0.610 -0.937 -1.321 -1.750 -2.248 -2.459 -2.550 -2.539 -2.330 -1.923 
7.250 1.000 1.280 1.853 2.069 2.325 2.590 2.649 2.658 2.640 2.775 2.769 2.859 2.788 2.777 2.735 2.705 2.703 2.615 1.565 
7.250 1.260 1.280 1.853 2.069 2.325 2.590 2.649 2.658 2.640 2.775 2.769 2.859 2.788 2.777 2.735 2.705 2.703 2.615 1.565 
7.250 1.580 1.281 1.853 2.069 2.325 2.589 2.649 2.658 2.640 2.775 2.769 2.859 2.787 2.777 2.735 2.705 2.702 2.614 1.565 
7.250 2.000 1.282 1.852 2.069 2.325 2.589 2.649 2.658 2.640 2.775 2.769 2.859 2.787 2.776 2.735 2.705 2.702 2.614 1.565 
7.250 2.510 1.284 1.852 2.068 2.324 2.589 2.648 2.658 2.640 2.775 2.768 2.859 2.787 2.776 2.734 2.705 2.702 2.614 1.564 
7.250 3.160 1.285 1.851 2.068 2.324 2.588 2.648 2.657 2.639 2.774 2.768 2.859 2.787 2.776 2.734 2.704 2.702 2.614 1.564 
7.250 3.980 1.287 1.850 2.067 2.323 2.587 2.647 2.657 2.639 2.774 2.768 2.858 2.787 2.775 2.733 2.704 2.701 2.613 1.563 
7.250 5.010 1.288 1.849 2.065 2.321 2.586 2.646 2.656 2.638 2.773 2.767 2.858 2.786 2.775 2.733 2.703 2.700 2.612 1.562 
7.250 6.310 1.289 1.846 2.062 2.318 2.583 2.644 2.655 2.637 2.773 2.766 2.857 2.785 2.773 2.731 2.701 2.699 2.610 1.561 
7.250 7.940 1.289 1.842 2.058 2.314 2.579 2.641 2.653 2.636 2.771 2.765 2.855 2.783 2.771 2.729 2.699 2.696 2.608 1.559 
7.250 10.000 1.287 1.836 2.052 2.308 2.573 2.636 2.650 2.633 2.769 2.763 2.853 2.781 2.768 2.725 2.695 2.692 2.604 1.555 
7.250 12.590 1.283 1.826 2.042 2.298 2.564 2.629 2.645 2.630 2.766 2.760 2.850 2.777 2.763 2.720 2.689 2.686 2.597 1.549 
7.250 15.850 1.275 1.811 2.028 2.284 2.550 2.617 2.637 2.624 2.760 2.754 2.844 2.771 2.755 2.712 2.681 2.678 2.588 1.541 
7.250 19.950 1.261 1.790 2.006 2.262 2.530 2.601 2.627 2.615 2.753 2.747 2.836 2.762 2.744 2.699 2.668 2.664 2.574 1.528 
7.250 25.120 1.239 1.759 1.976 2.231 2.501 2.577 2.611 2.603 2.741 2.736 2.824 2.749 2.726 2.681 2.648 2.644 2.553 1.510 
7.250 31.620 1.206 1.718 1.934 2.190 2.461 2.545 2.589 2.586 2.725 2.719 2.806 2.730 2.702 2.655 2.621 2.616 2.524 1.484 
7.250 39.810 1.161 1.663 1.879 2.135 2.409 2.502 2.560 2.562 2.702 2.697 2.782 2.703 2.668 2.619 2.583 2.578 2.483 1.450 
7.250 50.120 1.104 1.596 1.812 2.067 2.343 2.448 2.523 2.531 2.672 2.665 2.748 2.666 2.622 2.569 2.532 2.525 2.430 1.405 
7.250 63.100 1.036 1.517 1.732 1.987 2.265 2.382 2.475 2.490 2.631 2.623 2.701 2.615 2.560 2.504 2.464 2.457 2.360 1.348 
7.250 79.430 0.956 1.426 1.641 1.895 2.174 2.305 2.416 2.437 2.577 2.567 2.639 2.547 2.479 2.419 2.376 2.368 2.271 1.277 
7.250 100.000 0.868 1.326 1.540 1.792 2.072 2.214 2.343 2.369 2.506 2.492 2.556 2.457 2.373 2.308 2.262 2.253 2.157 1.189 
7.250 125.890 0.771 1.217 1.430 1.679 1.957 2.109 2.253 2.282 2.413 2.393 2.445 2.336 2.235 2.165 2.116 2.106 2.014 1.080 
7.250 158.490 0.666 1.099 1.311 1.557 1.830 1.988 2.143 2.170 2.291 2.262 2.299 2.179 2.058 1.981 1.930 1.919 1.835 0.947 
7.250 199.530 0.553 0.974 1.183 1.425 1.689 1.848 2.007 2.029 2.136 2.093 2.111 1.975 1.832 1.748 1.693 1.683 1.610 0.783 
7.250 251.190 0.431 0.838 1.046 1.281 1.532 1.687 1.843 1.855 1.940 1.880 1.873 1.717 1.548 1.456 1.399 1.389 1.332 0.584 
7.250 316.230 0.298 0.692 0.896 1.123 1.356 1.502 1.648 1.643 1.701 1.618 1.578 1.398 1.198 1.095 1.035 1.027 0.992 0.345 
7.250 398.110 0.152 0.533 0.733 0.949 1.158 1.289 1.418 1.390 1.412 1.299 1.218 1.007 0.769 0.654 0.590 0.585 0.578 0.060 
7.250 501.190 -0.010 0.357 0.552 0.755 0.932 1.043 1.149 1.090 1.066 0.916 0.782 0.532 0.248 0.117 0.049 0.047 0.076 -0.278 
7.250 630.960 -0.192 0.162 0.350 0.537 0.673 0.757 0.833 0.735 0.653 0.455 0.255 -0.044 -0.387 -0.537 -0.610 -0.609 -0.533 -0.681 
7.250 794.330 -0.398 -0.058 0.122 0.287 0.373 0.422 0.459 0.313 0.157 -0.102 -0.385 -0.746 -1.162 -1.336 -1.416 -1.410 -1.275 -1.164 
7.250 1000.000 -0.637 -0.310 -0.140 -0.002 0.020 0.027 0.014 -0.194 -0.442 -0.777 -1.165 -1.604 -2.112 -2.318 -2.406 -2.393 -2.184 -1.747 
7.500 1.000 1.392 1.960 2.168 2.411 2.662 2.714 2.713 2.682 2.805 2.787 2.869 2.781 2.754 2.715 2.687 2.686 2.601 1.599 
7.500 1.260 1.393 1.960 2.168 2.411 2.662 2.713 2.713 2.682 2.805 2.787 2.869 2.781 2.754 2.715 2.687 2.686 2.601 1.599 
7.500 1.580 1.394 1.959 2.167 2.411 2.661 2.713 2.713 2.682 2.805 2.787 2.869 2.781 2.754 2.715 2.687 2.686 2.601 1.599 
7.500 2.000 1.395 1.959 2.167 2.411 2.661 2.713 2.713 2.682 2.805 2.787 2.868 2.781 2.754 2.715 2.687 2.686 2.601 1.599 
7.500 2.510 1.396 1.959 2.167 2.410 2.661 2.713 2.712 2.682 2.805 2.787 2.868 2.781 2.754 2.715 2.686 2.686 2.600 1.598 
7.500 3.160 1.398 1.959 2.167 2.410 2.661 2.713 2.712 2.682 2.804 2.787 2.868 2.781 2.754 2.714 2.686 2.685 2.600 1.598 
7.500 3.980 1.399 1.958 2.166 2.409 2.660 2.712 2.712 2.682 2.804 2.787 2.868 2.781 2.753 2.714 2.686 2.685 2.600 1.598 
7.500 5.010 1.401 1.957 2.165 2.408 2.659 2.712 2.712 2.681 2.804 2.787 2.868 2.780 2.753 2.713 2.685 2.684 2.599 1.597 
7.500 6.310 1.403 1.956 2.164 2.407 2.658 2.710 2.711 2.681 2.803 2.786 2.867 2.780 2.752 2.713 2.684 2.684 2.598 1.596 
7.500 7.940 1.405 1.953 2.161 2.405 2.656 2.709 2.710 2.680 2.803 2.785 2.866 2.779 2.751 2.711 2.683 2.682 2.596 1.595 
7.500 10.000 1.405 1.950 2.158 2.401 2.652 2.706 2.708 2.679 2.801 2.784 2.865 2.777 2.748 2.709 2.680 2.680 2.594 1.593 
7.500 12.590 1.405 1.944 2.152 2.395 2.647 2.701 2.705 2.676 2.799 2.782 2.863 2.775 2.745 2.705 2.677 2.676 2.590 1.590 
7.500 15.850 1.402 1.935 2.143 2.386 2.638 2.695 2.701 2.673 2.796 2.779 2.859 2.771 2.740 2.700 2.671 2.670 2.584 1.584 
7.500 19.950 1.396 1.922 2.129 2.373 2.625 2.684 2.694 2.668 2.791 2.774 2.854 2.765 2.733 2.692 2.662 2.661 2.574 1.576 
7.500 25.120 1.384 1.902 2.110 2.353 2.606 2.669 2.684 2.660 2.784 2.767 2.846 2.756 2.721 2.679 2.649 2.648 2.560 1.564 
7.500 31.620 1.364 1.873 2.081 2.324 2.579 2.647 2.670 2.649 2.773 2.756 2.834 2.743 2.704 2.661 2.630 2.628 2.540 1.547 
7.500 39.810 1.334 1.834 2.041 2.284 2.541 2.616 2.649 2.633 2.758 2.740 2.816 2.724 2.678 2.634 2.601 2.599 2.510 1.522 
7.500 50.120 1.291 1.782 1.989 2.232 2.490 2.575 2.622 2.610 2.735 2.717 2.791 2.695 2.642 2.595 2.561 2.558 2.468 1.488 
7.500 63.100 1.236 1.716 1.923 2.165 2.426 2.522 2.585 2.579 2.704 2.685 2.755 2.656 2.593 2.542 2.506 2.502 2.411 1.442 
7.500 79.430 1.169 1.637 1.844 2.085 2.347 2.455 2.537 2.537 2.662 2.641 2.705 2.600 2.525 2.470 2.432 2.426 2.335 1.383 
7.500 100.000 1.089 1.546 1.752 1.992 2.254 2.376 2.476 2.482 2.604 2.579 2.635 2.524 2.433 2.374 2.333 2.326 2.236 1.308 
7.500 125.890 0.999 1.444 1.649 1.886 2.148 2.280 2.398 2.408 2.525 2.494 2.540 2.419 2.311 2.246 2.202 2.194 2.107 1.212 
7.500 158.490 0.899 1.331 1.535 1.769 2.027 2.168 2.299 2.309 2.418 2.379 2.410 2.278 2.149 2.078 2.030 2.022 1.941 1.090 
7.500 199.530 0.789 1.209 1.410 1.640 1.890 2.035 2.174 2.181 2.275 2.224 2.236 2.089 1.937 1.858 1.807 1.799 1.728 0.937 
7.500 251.190 0.669 1.076 1.275 1.498 1.736 1.879 2.018 2.016 2.091 2.022 2.009 1.843 1.665 1.577 1.523 1.516 1.460 0.746 
7.500 316.230 0.537 0.931 1.127 1.343 1.563 1.698 1.829 1.811 1.859 1.767 1.722 1.531 1.322 1.224 1.167 1.161 1.126 0.513 
7.500 398.110 0.392 0.773 0.965 1.170 1.366 1.487 1.602 1.562 1.574 1.453 1.367 1.145 0.898 0.788 0.727 0.723 0.717 0.231 
7.500 501.190 0.231 0.598 0.785 0.977 1.141 1.242 1.335 1.264 1.231 1.072 0.934 0.673 0.380 0.254 0.188 0.188 0.218 -0.105 
7.500 630.960 0.050 0.403 0.584 0.759 0.883 0.957 1.019 0.910 0.819 0.613 0.409 0.099 -0.253 -0.399 -0.469 -0.466 -0.389 -0.507 
7.500 794.330 -0.157 0.183 0.355 0.509 0.583 0.623 0.646 0.489 0.324 0.057 -0.230 -0.602 -1.027 -1.197 -1.274 -1.266 -1.131 -0.989 
7.500 1000.000 -0.395 -0.069 0.093 0.220 0.231 0.228 0.202 -0.018 -0.275 -0.617 -1.009 -1.459 -1.977 -2.178 -2.263 -2.249 -2.040 -1.572 
7.750 1.000 1.502 2.063 2.263 2.493 2.730 2.776 2.768 2.725 2.834 2.805 2.875 2.771 2.724 2.686 2.659 2.660 2.578 1.630 
7.750 1.260 1.502 2.063 2.263 2.493 2.730 2.776 2.768 2.725 2.834 2.805 2.875 2.771 2.724 2.686 2.659 2.660 2.578 1.630 
7.750 1.580 1.503 2.063 2.262 2.493 2.730 2.775 2.768 2.725 2.834 2.805 2.875 2.771 2.724 2.686 2.659 2.660 2.578 1.630 
7.750 2.000 1.504 2.063 2.262 2.493 2.729 2.775 2.768 2.725 2.834 2.805 2.875 2.771 2.724 2.686 2.659 2.660 2.578 1.630 
7.750 2.510 1.505 2.063 2.262 2.493 2.729 2.775 2.768 2.725 2.834 2.805 2.874 2.771 2.724 2.686 2.659 2.660 2.578 1.630 
7.750 3.160 1.507 2.063 2.262 2.492 2.729 2.775 2.767 2.725 2.834 2.805 2.874 2.770 2.723 2.686 2.659 2.660 2.578 1.630 
7.750 3.980 1.509 2.062 2.262 2.492 2.729 2.775 2.767 2.725 2.834 2.804 2.874 2.770 2.723 2.686 2.659 2.660 2.578 1.629 
7.750 5.010 1.511 2.062 2.261 2.492 2.728 2.774 2.767 2.725 2.834 2.804 2.874 2.770 2.723 2.685 2.658 2.659 2.577 1.629 
7.750 6.310 1.513 2.061 2.260 2.491 2.727 2.774 2.767 2.725 2.834 2.804 2.874 2.770 2.722 2.685 2.658 2.659 2.577 1.629 
7.750 7.940 1.515 2.060 2.259 2.489 2.726 2.773 2.766 2.724 2.833 2.803 2.873 2.769 2.721 2.684 2.657 2.658 2.576 1.628 
7.750 10.000 1.517 2.058 2.257 2.487 2.724 2.771 2.765 2.723 2.832 2.803 2.872 2.768 2.720 2.682 2.655 2.656 2.574 1.626 
7.750 12.590 1.519 2.054 2.253 2.484 2.721 2.769 2.763 2.722 2.831 2.801 2.871 2.767 2.718 2.680 2.653 2.654 2.572 1.624 
7.750 15.850 1.520 2.049 2.248 2.478 2.716 2.764 2.761 2.720 2.829 2.799 2.869 2.764 2.715 2.677 2.649 2.650 2.568 1.621 
7.750 19.950 1.518 2.041 2.240 2.470 2.708 2.758 2.757 2.717 2.826 2.796 2.865 2.760 2.710 2.671 2.643 2.644 2.561 1.616 
7.750 25.120 1.513 2.028 2.228 2.458 2.696 2.749 2.751 2.712 2.822 2.792 2.860 2.754 2.702 2.663 2.635 2.635 2.552 1.609 
7.750 31.620 1.503 2.010 2.209 2.439 2.678 2.734 2.742 2.705 2.815 2.785 2.852 2.745 2.690 2.650 2.621 2.621 2.538 1.597 
7.750 39.810 1.485 1.983 2.182 2.412 2.652 2.714 2.728 2.694 2.804 2.774 2.840 2.731 2.672 2.630 2.600 2.600 2.516 1.580 
7.750 50.120 1.457 1.946 2.145 2.374 2.615 2.684 2.709 2.679 2.789 2.758 2.821 2.711 2.645 2.601 2.570 2.569 2.485 1.556 
7.750 63.100 1.417 1.896 2.094 2.323 2.566 2.644 2.682 2.656 2.766 2.734 2.794 2.680 2.606 2.560 2.527 2.525 2.440 1.521 
7.750 79.430 1.364 1.832 2.030 2.258 2.502 2.591 2.645 2.625 2.734 2.700 2.755 2.636 2.551 2.501 2.466 2.464 2.378 1.474 
7.750 100.000 1.297 1.753 1.950 2.177 2.422 2.523 2.595 2.581 2.688 2.651 2.699 2.574 2.474 2.420 2.382 2.379 2.294 1.412 
7.750 125.890 1.217 1.661 1.857 2.082 2.327 2.440 2.530 2.520 2.623 2.581 2.619 2.485 2.368 2.308 2.267 2.263 2.181 1.329 
7.750 158.490 1.124 1.556 1.751 1.973 2.214 2.338 2.444 2.437 2.531 2.481 2.505 2.360 2.223 2.157 2.113 2.108 2.030 1.221 
7.750 199.530 1.019 1.439 1.632 1.850 2.085 2.214 2.331 2.322 2.404 2.342 2.348 2.188 2.028 1.954 1.906 1.901 1.833 1.080 
7.750 251.190 0.903 1.310 1.501 1.712 1.936 2.066 2.186 2.169 2.233 2.155 2.136 1.957 1.770 1.687 1.636 1.631 1.577 0.900 
7.750 316.230 0.774 1.168 1.356 1.559 1.766 1.889 2.005 1.973 2.011 1.910 1.860 1.657 1.438 1.345 1.290 1.287 1.254 0.675 
7.750 398.110 0.631 1.011 1.195 1.389 1.572 1.682 1.783 1.730 1.732 1.603 1.512 1.279 1.022 0.916 0.858 0.856 0.851 0.399 
7.750 501.190 0.471 0.838 1.016 1.197 1.349 1.439 1.518 1.436 1.393 1.226 1.083 0.811 0.507 0.386 0.324 0.325 0.356 0.066 
7.750 630.960 0.290 0.643 0.816 0.979 1.092 1.156 1.205 1.084 0.983 0.769 0.560 0.239 -0.123 -0.263 -0.331 -0.326 -0.249 -0.335 
7.750 794.330 0.084 0.424 0.588 0.731 0.793 0.823 0.833 0.663 0.489 0.215 -0.077 -0.460 -0.895 -1.060 -1.135 -1.124 -0.989 -0.816 
7.750 1000.000 -0.153 0.173 0.327 0.442 0.441 0.428 0.389 0.157 -0.109 -0.459 -0.855 -1.316 -1.844 -2.040 -2.122 -2.106 -1.897 -1.397 
8.000 1.000 1.607 2.163 2.353 2.570 2.792 2.834 2.822 2.769 2.863 2.820 2.876 2.753 2.683 2.646 2.619 2.622 2.544 1.657 
8.000 1.260 1.608 2.163 2.353 2.570 2.792 2.834 2.822 2.769 2.863 2.820 2.876 2.753 2.683 2.646 2.619 2.622 2.544 1.657 
8.000 1.580 1.608 2.163 2.353 2.570 2.792 2.834 2.822 2.769 2.863 2.820 2.876 2.753 2.683 2.646 2.619 2.622 2.544 1.657 
8.000 2.000 1.609 2.163 2.353 2.570 2.792 2.834 2.822 2.769 2.863 2.820 2.876 2.753 2.683 2.646 2.619 2.622 2.544 1.657 
8.000 2.510 1.611 2.163 2.353 2.570 2.792 2.834 2.822 2.769 2.863 2.820 2.876 2.753 2.683 2.646 2.619 2.622 2.544 1.657 
8.000 3.160 1.612 2.163 2.353 2.570 2.792 2.834 2.822 2.769 2.863 2.820 2.876 2.753 2.682 2.646 2.619 2.622 2.544 1.657 
8.000 3.980 1.614 2.162 2.353 2.570 2.792 2.834 2.822 2.769 2.863 2.819 2.876 2.753 2.682 2.645 2.619 2.621 2.544 1.657 
8.000 5.010 1.616 2.162 2.352 2.569 2.791 2.834 2.822 2.769 2.863 2.819 2.875 2.753 2.682 2.645 2.619 2.621 2.543 1.656 
8.000 6.310 1.618 2.162 2.352 2.569 2.791 2.833 2.822 2.768 2.862 2.819 2.875 2.752 2.682 2.645 2.618 2.621 2.543 1.656 
8.000 7.940 1.621 2.161 2.351 2.568 2.790 2.833 2.821 2.768 2.862 2.819 2.875 2.752 2.681 2.644 2.618 2.620 2.542 1.656 
8.000 10.000 1.624 2.160 2.350 2.567 2.789 2.832 2.821 2.768 2.862 2.818 2.874 2.751 2.680 2.643 2.617 2.619 2.541 1.655 
8.000 12.590 1.626 2.158 2.348 2.565 2.787 2.830 2.820 2.767 2.861 2.818 2.873 2.750 2.679 2.642 2.615 2.618 2.540 1.653 
8.000 15.850 1.629 2.155 2.345 2.562 2.784 2.828 2.818 2.766 2.860 2.816 2.872 2.749 2.677 2.639 2.613 2.615 2.537 1.651 
8.000 19.950 1.630 2.150 2.340 2.557 2.779 2.824 2.816 2.764 2.858 2.814 2.870 2.746 2.673 2.636 2.609 2.611 2.533 1.648 
8.000 25.120 1.630 2.142 2.332 2.549 2.772 2.818 2.812 2.761 2.855 2.811 2.866 2.742 2.668 2.630 2.603 2.605 2.527 1.644 
8.000 31.620 1.626 2.131 2.321 2.538 2.761 2.809 2.807 2.757 2.851 2.807 2.861 2.736 2.660 2.621 2.593 2.595 2.517 1.636 
8.000 39.810 1.617 2.114 2.304 2.520 2.744 2.796 2.798 2.750 2.844 2.799 2.852 2.726 2.647 2.607 2.579 2.580 2.502 1.625 
8.000 50.120 1.602 2.089 2.278 2.494 2.719 2.776 2.785 2.739 2.833 2.788 2.839 2.711 2.627 2.586 2.557 2.558 2.479 1.608 
8.000 63.100 1.576 2.053 2.243 2.458 2.684 2.747 2.766 2.724 2.817 2.771 2.819 2.688 2.598 2.554 2.524 2.525 2.445 1.583 
8.000 79.430 1.538 2.004 2.194 2.408 2.635 2.707 2.739 2.701 2.793 2.745 2.789 2.654 2.554 2.508 2.475 2.476 2.397 1.547 
8.000 100.000 1.486 1.941 2.130 2.343 2.570 2.653 2.701 2.668 2.758 2.707 2.744 2.604 2.491 2.441 2.406 2.406 2.327 1.497 
8.000 125.890 1.419 1.863 2.050 2.262 2.489 2.583 2.648 2.619 2.706 2.650 2.679 2.530 2.402 2.346 2.308 2.307 2.231 1.429 
8.000 158.490 1.338 1.769 1.955 2.164 2.389 2.494 2.576 2.549 2.629 2.567 2.582 2.423 2.275 2.213 2.172 2.170 2.098 1.335 
8.000 199.530 1.241 1.660 1.845 2.050 2.269 2.382 2.477 2.450 2.518 2.445 2.443 2.270 2.099 2.029 1.985 1.982 1.918 1.209 
8.000 251.190 1.131 1.537 1.720 1.919 2.128 2.243 2.345 2.312 2.363 2.274 2.248 2.057 1.858 1.780 1.732 1.730 1.679 1.043 
8.000 316.230 1.007 1.400 1.579 1.771 1.964 2.075 2.173 2.127 2.153 2.043 1.987 1.771 1.541 1.453 1.401 1.400 1.368 0.828 
8.000 398.110 0.866 1.246 1.422 1.604 1.774 1.873 1.959 1.892 1.884 1.745 1.649 1.403 1.135 1.034 0.978 0.979 0.975 0.560 
8.000 501.190 0.708 1.075 1.246 1.414 1.554 1.634 1.699 1.603 1.550 1.374 1.226 0.942 0.628 0.511 0.451 0.455 0.486 0.232 
8.000 630.960 0.529 0.882 1.047 1.199 1.298 1.352 1.387 1.254 1.144 0.921 0.707 0.374 0.002 -0.134 -0.199 -0.192 -0.114 -0.166 
8.000 794.330 0.324 0.664 0.820 0.951 1.001 1.020 1.017 0.835 0.652 0.369 0.073 -0.322 -0.767 -0.927 -0.999 -0.987 -0.851 -0.645 
8.000 1000.000 0.087 0.413 0.559 0.663 0.650 0.627 0.574 0.331 0.055 -0.303 -0.704 -1.176 -1.714 -1.905 -1.985 -1.967 -1.757 -1.225 
