GarciaEtAl2005SSlab_CanadaSHM6-trial modified from OpenQuake implementation, distance is rhypo. Log10 ground motion values in cgs units, PGV and Sa(T<0.1s) not valid
          14 31 18 : nmag, ndist, nperiod
          10.000 5.000 4.000 3.000 2.000 1.500 1.000 0.750 0.500 0.400 0.300 0.200 0.100 0.070 0.050 0.040 PGA PGV 
          0.567 0.567 0.583 0.605 0.607 0.645 0.638 0.631 0.609 0.626 0.637 0.644 0.770 0.775 0.773 0.733 0.657 0.593
4.750 1.000 0.090 0.723 1.024 1.400 1.795 1.951 2.088 2.194 2.434 2.516 2.662 2.707 2.797 2.705 2.644 2.619 2.526 1.126 
4.750 1.260 0.066 0.698 0.998 1.374 1.771 1.932 2.076 2.184 2.426 2.509 2.655 2.700 2.788 2.695 2.633 2.608 2.514 1.113 
4.750 1.580 0.033 0.662 0.963 1.339 1.738 1.905 2.059 2.171 2.415 2.499 2.645 2.689 2.775 2.681 2.619 2.593 2.497 1.094 
4.750 2.000 -0.010 0.616 0.917 1.293 1.695 1.871 2.035 2.154 2.400 2.484 2.631 2.675 2.757 2.662 2.599 2.573 2.474 1.070 
4.750 2.510 -0.064 0.558 0.859 1.236 1.642 1.827 2.006 2.130 2.379 2.465 2.612 2.655 2.733 2.637 2.573 2.546 2.445 1.038 
4.750 3.160 -0.128 0.489 0.791 1.168 1.577 1.774 1.969 2.101 2.353 2.441 2.588 2.630 2.702 2.605 2.540 2.513 2.408 1.000 
4.750 3.980 -0.201 0.412 0.713 1.091 1.504 1.713 1.926 2.065 2.320 2.410 2.557 2.599 2.665 2.566 2.501 2.473 2.364 0.954 
4.750 5.010 -0.280 0.327 0.628 1.006 1.424 1.645 1.875 2.023 2.281 2.372 2.520 2.560 2.621 2.521 2.454 2.425 2.313 0.901 
4.750 6.310 -0.363 0.236 0.538 0.916 1.338 1.572 1.819 1.974 2.235 2.328 2.476 2.515 2.570 2.468 2.400 2.371 2.255 0.842 
4.750 7.940 -0.450 0.142 0.443 0.822 1.248 1.493 1.756 1.918 2.182 2.276 2.424 2.462 2.511 2.408 2.339 2.309 2.190 0.777 
4.750 10.000 -0.539 0.045 0.346 0.726 1.155 1.410 1.688 1.856 2.122 2.217 2.365 2.402 2.445 2.340 2.270 2.240 2.118 0.706 
4.750 12.590 -0.629 -0.054 0.247 0.627 1.058 1.323 1.614 1.788 2.055 2.151 2.298 2.333 2.371 2.265 2.194 2.163 2.039 0.629 
4.750 15.850 -0.719 -0.155 0.147 0.526 0.960 1.232 1.534 1.713 1.981 2.078 2.223 2.257 2.289 2.182 2.110 2.079 1.953 0.546 
4.750 19.950 -0.811 -0.256 0.045 0.424 0.859 1.138 1.450 1.631 1.900 1.996 2.140 2.172 2.199 2.091 2.018 1.986 1.860 0.457 
4.750 25.120 -0.903 -0.359 -0.059 0.320 0.756 1.040 1.359 1.544 1.812 1.907 2.048 2.078 2.101 1.991 1.917 1.885 1.758 0.363 
4.750 31.620 -0.996 -0.464 -0.163 0.215 0.651 0.938 1.264 1.449 1.716 1.810 1.948 1.975 1.993 1.881 1.807 1.775 1.648 0.262 
4.750 39.810 -1.090 -0.570 -0.269 0.108 0.543 0.833 1.162 1.348 1.613 1.704 1.838 1.862 1.874 1.761 1.686 1.654 1.529 0.155 
4.750 50.120 -1.185 -0.677 -0.377 -0.001 0.432 0.723 1.055 1.240 1.501 1.589 1.718 1.738 1.744 1.628 1.553 1.521 1.399 0.040 
4.750 63.100 -1.281 -0.786 -0.487 -0.113 0.317 0.608 0.941 1.124 1.380 1.464 1.586 1.601 1.600 1.482 1.406 1.374 1.256 -0.083 
4.750 79.430 -1.381 -0.898 -0.600 -0.227 0.198 0.488 0.820 0.999 1.249 1.326 1.441 1.449 1.440 1.320 1.243 1.211 1.098 -0.215 
4.750 100.000 -1.483 -1.014 -0.716 -0.346 0.073 0.361 0.690 0.864 1.105 1.175 1.279 1.280 1.260 1.137 1.059 1.028 0.922 -0.359 
4.750 125.890 -1.589 -1.133 -0.837 -0.470 -0.058 0.225 0.550 0.717 0.946 1.007 1.098 1.089 1.057 0.930 0.851 0.820 0.723 -0.517 
4.750 158.490 -1.699 -1.257 -0.962 -0.600 -0.198 0.079 0.397 0.555 0.770 0.819 0.894 0.872 0.825 0.693 0.612 0.583 0.497 -0.691 
4.750 199.530 -1.816 -1.387 -1.095 -0.738 -0.348 -0.079 0.230 0.376 0.572 0.606 0.660 0.623 0.557 0.419 0.336 0.308 0.237 -0.886 
4.750 251.190 -1.941 -1.525 -1.236 -0.885 -0.512 -0.253 0.044 0.175 0.348 0.363 0.390 0.333 0.244 0.098 0.014 -0.013 -0.066 -1.107 
4.750 316.230 -2.075 -1.674 -1.387 -1.045 -0.691 -0.446 -0.164 -0.053 0.091 0.082 0.076 -0.006 -0.124 -0.280 -0.367 -0.392 -0.421 -1.359 
4.750 398.110 -2.222 -1.834 -1.552 -1.220 -0.892 -0.664 -0.402 -0.315 -0.208 -0.247 -0.295 -0.408 -0.563 -0.731 -0.821 -0.844 -0.844 -1.651 
4.750 501.190 -2.384 -2.010 -1.733 -1.415 -1.119 -0.912 -0.675 -0.619 -0.558 -0.636 -0.736 -0.888 -1.090 -1.273 -1.368 -1.387 -1.350 -1.993 
4.750 630.960 -2.566 -2.206 -1.936 -1.634 -1.378 -1.199 -0.993 -0.976 -0.973 -1.099 -1.265 -1.467 -1.727 -1.930 -2.030 -2.045 -1.961 -2.398 
4.750 794.330 -2.773 -2.427 -2.165 -1.885 -1.679 -1.534 -1.367 -1.399 -1.470 -1.656 -1.906 -2.170 -2.503 -2.731 -2.837 -2.847 -2.705 -2.882 
4.750 1000.000 -3.012 -2.680 -2.427 -2.174 -2.032 -1.931 -1.813 -1.907 -2.070 -2.332 -2.687 -3.028 -3.455 -3.713 -3.827 -3.832 -3.615 -3.466 
5.000 1.000 0.231 0.860 1.153 1.517 1.897 2.036 2.150 2.239 2.469 2.542 2.683 2.717 2.802 2.715 2.657 2.634 2.544 1.176 
5.000 1.260 0.217 0.844 1.136 1.501 1.882 2.024 2.142 2.234 2.464 2.537 2.679 2.713 2.796 2.709 2.651 2.628 2.537 1.168 
5.000 1.580 0.196 0.820 1.113 1.477 1.861 2.007 2.131 2.225 2.457 2.531 2.673 2.707 2.787 2.700 2.641 2.618 2.526 1.156 
5.000 2.000 0.167 0.788 1.081 1.445 1.831 1.983 2.116 2.214 2.447 2.522 2.664 2.697 2.775 2.687 2.628 2.604 2.510 1.140 
5.000 2.510 0.127 0.744 1.037 1.402 1.790 1.950 2.095 2.198 2.433 2.509 2.651 2.684 2.759 2.669 2.610 2.586 2.489 1.117 
5.000 3.160 0.076 0.689 0.982 1.348 1.739 1.909 2.067 2.176 2.414 2.492 2.634 2.666 2.736 2.646 2.585 2.561 2.461 1.088 
5.000 3.980 0.015 0.623 0.916 1.282 1.678 1.859 2.033 2.149 2.390 2.469 2.612 2.643 2.708 2.616 2.555 2.529 2.427 1.052 
5.000 5.010 -0.055 0.548 0.841 1.207 1.607 1.800 1.991 2.115 2.359 2.440 2.583 2.614 2.673 2.579 2.517 2.491 2.384 1.008 
5.000 6.310 -0.132 0.464 0.757 1.124 1.528 1.734 1.943 2.075 2.322 2.405 2.548 2.578 2.630 2.536 2.472 2.445 2.335 0.957 
5.000 7.940 -0.214 0.375 0.668 1.035 1.443 1.662 1.889 2.028 2.279 2.363 2.506 2.534 2.581 2.484 2.419 2.392 2.278 0.900 
5.000 10.000 -0.300 0.281 0.574 0.942 1.354 1.584 1.828 1.975 2.228 2.313 2.456 2.483 2.523 2.425 2.359 2.331 2.214 0.836 
5.000 12.590 -0.388 0.184 0.478 0.845 1.260 1.502 1.761 1.915 2.170 2.256 2.398 2.424 2.458 2.358 2.291 2.263 2.143 0.766 
5.000 15.850 -0.478 0.085 0.378 0.746 1.164 1.415 1.689 1.848 2.105 2.191 2.332 2.356 2.384 2.283 2.215 2.186 2.064 0.690 
5.000 19.950 -0.569 -0.016 0.277 0.645 1.065 1.324 1.610 1.774 2.031 2.118 2.257 2.279 2.302 2.199 2.130 2.100 1.977 0.607 
5.000 25.120 -0.660 -0.118 0.175 0.542 0.963 1.229 1.525 1.693 1.950 2.036 2.173 2.193 2.209 2.105 2.035 2.006 1.881 0.518 
5.000 31.620 -0.753 -0.222 0.070 0.437 0.859 1.131 1.434 1.604 1.861 1.946 2.080 2.097 2.107 2.001 1.931 1.901 1.776 0.422 
5.000 39.810 -0.847 -0.328 -0.035 0.331 0.752 1.027 1.337 1.508 1.763 1.846 1.976 1.989 1.994 1.886 1.815 1.784 1.661 0.318 
5.000 50.120 -0.942 -0.435 -0.143 0.222 0.641 0.920 1.233 1.405 1.656 1.735 1.861 1.870 1.868 1.758 1.686 1.656 1.535 0.207 
5.000 63.100 -1.039 -0.544 -0.253 0.110 0.527 0.806 1.122 1.292 1.539 1.614 1.733 1.737 1.727 1.615 1.542 1.512 1.395 0.087 
5.000 79.430 -1.138 -0.656 -0.366 -0.005 0.408 0.687 1.003 1.170 1.410 1.480 1.591 1.589 1.570 1.455 1.381 1.352 1.239 -0.044 
5.000 100.000 -1.240 -0.771 -0.482 -0.123 0.284 0.561 0.875 1.037 1.268 1.331 1.432 1.422 1.393 1.275 1.200 1.171 1.065 -0.186 
5.000 125.890 -1.346 -0.891 -0.602 -0.247 0.153 0.426 0.736 0.892 1.112 1.165 1.252 1.232 1.192 1.069 0.993 0.965 0.867 -0.342 
5.000 158.490 -1.457 -1.015 -0.728 -0.377 0.013 0.281 0.585 0.731 0.937 0.978 1.049 1.017 0.961 0.833 0.756 0.728 0.642 -0.516 
5.000 199.530 -1.574 -1.145 -0.860 -0.514 -0.137 0.123 0.418 0.552 0.740 0.766 0.816 0.768 0.693 0.560 0.481 0.454 0.383 -0.710 
5.000 251.190 -1.698 -1.283 -1.001 -0.662 -0.300 -0.051 0.233 0.352 0.516 0.524 0.547 0.479 0.381 0.240 0.158 0.134 0.081 -0.930 
5.000 316.230 -1.833 -1.431 -1.153 -0.822 -0.480 -0.244 0.024 0.124 0.259 0.242 0.233 0.141 0.013 -0.138 -0.222 -0.245 -0.275 -1.182 
5.000 398.110 -1.979 -1.592 -1.317 -0.997 -0.681 -0.462 -0.213 -0.138 -0.039 -0.086 -0.138 -0.261 -0.426 -0.589 -0.676 -0.697 -0.697 -1.475 
5.000 501.190 -2.142 -1.768 -1.499 -1.192 -0.907 -0.710 -0.486 -0.442 -0.390 -0.475 -0.579 -0.741 -0.952 -1.131 -1.223 -1.240 -1.203 -1.817 
5.000 630.960 -2.324 -1.964 -1.701 -1.411 -1.167 -0.997 -0.804 -0.799 -0.805 -0.938 -1.108 -1.320 -1.589 -1.788 -1.884 -1.898 -1.814 -2.222 
5.000 794.330 -2.531 -2.185 -1.930 -1.662 -1.468 -1.333 -1.178 -1.222 -1.302 -1.495 -1.749 -2.023 -2.366 -2.588 -2.692 -2.700 -2.558 -2.705 
5.000 1000.000 -2.769 -2.437 -2.193 -1.951 -1.821 -1.729 -1.624 -1.729 -1.902 -2.171 -2.529 -2.882 -3.317 -3.571 -3.682 -3.685 -3.468 -3.289 
5.250 1.000 0.365 0.988 1.272 1.625 1.992 2.115 2.208 2.282 2.500 2.565 2.701 2.725 2.802 2.721 2.666 2.645 2.558 1.222 
5.250 1.260 0.357 0.978 1.263 1.615 1.983 2.108 2.203 2.278 2.498 2.562 2.699 2.722 2.799 2.717 2.662 2.641 2.553 1.217 
5.250 1.580 0.345 0.964 1.248 1.601 1.969 2.097 2.197 2.273 2.494 2.558 2.695 2.719 2.794 2.712 2.657 2.636 2.546 1.210 
5.250 2.000 0.326 0.942 1.227 1.580 1.949 2.082 2.187 2.266 2.487 2.553 2.690 2.713 2.786 2.704 2.648 2.627 2.537 1.200 
5.250 2.510 0.299 0.912 1.197 1.550 1.922 2.060 2.173 2.256 2.478 2.545 2.682 2.705 2.775 2.692 2.636 2.615 2.522 1.185 
5.250 3.160 0.263 0.872 1.157 1.510 1.884 2.030 2.153 2.241 2.466 2.533 2.671 2.693 2.760 2.676 2.619 2.597 2.503 1.164 
5.250 3.980 0.215 0.820 1.105 1.458 1.836 1.991 2.128 2.221 2.449 2.517 2.655 2.677 2.739 2.654 2.597 2.574 2.477 1.137 
5.250 5.010 0.157 0.757 1.041 1.396 1.777 1.943 2.096 2.196 2.426 2.496 2.634 2.655 2.712 2.626 2.568 2.545 2.444 1.102 
5.250 6.310 0.090 0.683 0.968 1.323 1.708 1.886 2.056 2.165 2.398 2.470 2.608 2.627 2.679 2.591 2.531 2.508 2.403 1.061 
5.250 7.940 0.015 0.601 0.886 1.241 1.631 1.822 2.011 2.127 2.363 2.437 2.575 2.593 2.638 2.549 2.488 2.464 2.355 1.012 
5.250 10.000 -0.066 0.513 0.798 1.153 1.547 1.751 1.958 2.082 2.322 2.397 2.534 2.552 2.590 2.499 2.437 2.412 2.300 0.956 
5.250 12.590 -0.151 0.420 0.705 1.060 1.458 1.675 1.899 2.031 2.273 2.349 2.486 2.502 2.533 2.440 2.377 2.352 2.237 0.894 
5.250 15.850 -0.238 0.323 0.608 0.964 1.365 1.593 1.834 1.973 2.217 2.293 2.430 2.444 2.468 2.374 2.310 2.283 2.165 0.825 
5.250 19.950 -0.328 0.224 0.509 0.864 1.268 1.506 1.762 1.907 2.152 2.229 2.364 2.376 2.394 2.298 2.232 2.205 2.085 0.749 
5.250 25.120 -0.419 0.122 0.407 0.763 1.168 1.415 1.684 1.834 2.079 2.156 2.289 2.299 2.310 2.212 2.145 2.118 1.997 0.666 
5.250 31.620 -0.511 0.019 0.304 0.659 1.066 1.320 1.599 1.752 1.998 2.074 2.204 2.210 2.215 2.115 2.048 2.020 1.898 0.575 
5.250 39.810 -0.604 -0.086 0.198 0.553 0.960 1.219 1.507 1.663 1.907 1.981 2.107 2.110 2.108 2.006 1.938 1.910 1.788 0.477 
5.250 50.120 -0.699 -0.193 0.091 0.444 0.850 1.114 1.408 1.564 1.805 1.877 1.998 1.997 1.987 1.883 1.814 1.786 1.666 0.370 
5.250 63.100 -0.796 -0.302 -0.019 0.333 0.737 1.003 1.301 1.456 1.693 1.760 1.876 1.869 1.852 1.745 1.675 1.647 1.530 0.254 
5.250 79.430 -0.895 -0.414 -0.132 0.218 0.618 0.885 1.185 1.338 1.569 1.631 1.738 1.725 1.698 1.589 1.518 1.490 1.378 0.126 
5.250 100.000 -0.997 -0.529 -0.248 0.100 0.495 0.760 1.059 1.208 1.430 1.485 1.582 1.561 1.524 1.411 1.339 1.312 1.206 -0.014 
5.250 125.890 -1.103 -0.648 -0.368 -0.024 0.364 0.626 0.922 1.065 1.276 1.322 1.405 1.375 1.325 1.208 1.134 1.108 1.011 -0.169 
5.250 158.490 -1.214 -0.772 -0.494 -0.154 0.224 0.481 0.772 0.906 1.103 1.137 1.204 1.161 1.096 0.973 0.899 0.873 0.787 -0.341 
5.250 199.530 -1.331 -0.903 -0.626 -0.291 0.074 0.324 0.606 0.728 0.907 0.926 0.972 0.913 0.829 0.701 0.624 0.600 0.529 -0.534 
5.250 251.190 -1.456 -1.041 -0.767 -0.439 -0.089 0.150 0.421 0.528 0.684 0.684 0.704 0.625 0.518 0.382 0.303 0.280 0.227 -0.754 
5.250 316.230 -1.590 -1.189 -0.918 -0.599 -0.269 -0.043 0.213 0.301 0.427 0.403 0.390 0.287 0.150 0.004 -0.078 -0.099 -0.128 -1.006 
5.250 398.110 -1.737 -1.350 -1.083 -0.774 -0.469 -0.260 -0.024 0.039 0.129 0.075 0.020 -0.115 -0.288 -0.447 -0.531 -0.550 -0.550 -1.298 
5.250 501.190 -1.900 -1.526 -1.264 -0.969 -0.696 -0.509 -0.297 -0.264 -0.221 -0.314 -0.421 -0.595 -0.815 -0.989 -1.078 -1.093 -1.056 -1.640 
5.250 630.960 -2.082 -1.722 -1.467 -1.188 -0.956 -0.795 -0.615 -0.621 -0.636 -0.777 -0.951 -1.173 -1.452 -1.645 -1.739 -1.751 -1.667 -2.045 
5.250 794.330 -2.289 -1.943 -1.696 -1.438 -1.257 -1.131 -0.990 -1.045 -1.133 -1.334 -1.591 -1.876 -2.228 -2.446 -2.547 -2.553 -2.411 -2.529 
5.250 1000.000 -2.527 -2.195 -1.958 -1.728 -1.610 -1.527 -1.435 -1.552 -1.733 -2.010 -2.372 -2.735 -3.180 -3.428 -3.537 -3.538 -3.321 -3.112 
5.500 1.000 0.492 1.110 1.387 1.728 2.081 2.190 2.263 2.322 2.530 2.586 2.718 2.731 2.800 2.724 2.672 2.654 2.568 1.265 
5.500 1.260 0.488 1.105 1.381 1.722 2.075 2.186 2.260 2.320 2.529 2.584 2.717 2.729 2.798 2.722 2.670 2.652 2.565 1.262 
5.500 1.580 0.482 1.096 1.372 1.713 2.067 2.179 2.256 2.317 2.526 2.582 2.715 2.727 2.795 2.719 2.667 2.648 2.561 1.258 
5.500 2.000 0.471 1.083 1.359 1.700 2.055 2.170 2.251 2.313 2.523 2.579 2.712 2.724 2.790 2.714 2.662 2.643 2.555 1.252 
5.500 2.510 0.455 1.063 1.340 1.681 2.037 2.156 2.242 2.307 2.517 2.574 2.707 2.719 2.784 2.707 2.654 2.635 2.546 1.242 
5.500 3.160 0.431 1.036 1.312 1.654 2.012 2.136 2.229 2.297 2.509 2.567 2.700 2.711 2.774 2.696 2.643 2.624 2.533 1.229 
5.500 3.980 0.398 0.998 1.275 1.616 1.977 2.108 2.211 2.284 2.498 2.557 2.689 2.701 2.760 2.681 2.628 2.608 2.515 1.210 
5.500 5.010 0.353 0.949 1.226 1.568 1.931 2.071 2.188 2.266 2.483 2.542 2.675 2.686 2.740 2.661 2.606 2.586 2.491 1.184 
5.500 6.310 0.299 0.889 1.165 1.508 1.875 2.026 2.158 2.243 2.462 2.523 2.656 2.666 2.715 2.634 2.579 2.558 2.460 1.152 
5.500 7.940 0.234 0.818 1.094 1.437 1.808 1.971 2.121 2.214 2.436 2.498 2.631 2.640 2.683 2.601 2.544 2.523 2.421 1.112 
5.500 10.000 0.161 0.737 1.014 1.357 1.733 1.909 2.077 2.178 2.403 2.467 2.600 2.607 2.644 2.560 2.502 2.480 2.374 1.066 
5.500 12.590 0.082 0.650 0.927 1.271 1.650 1.840 2.027 2.136 2.364 2.429 2.562 2.567 2.597 2.511 2.452 2.429 2.319 1.012 
5.500 15.850 -0.002 0.558 0.834 1.178 1.562 1.764 1.969 2.086 2.317 2.383 2.515 2.519 2.541 2.453 2.393 2.369 2.256 0.950 
5.500 19.950 -0.089 0.461 0.738 1.082 1.469 1.683 1.905 2.029 2.262 2.329 2.459 2.461 2.476 2.386 2.325 2.300 2.185 0.882 
5.500 25.120 -0.178 0.361 0.638 0.982 1.371 1.597 1.835 1.965 2.198 2.266 2.394 2.393 2.401 2.309 2.246 2.221 2.104 0.806 
5.500 31.620 -0.269 0.259 0.536 0.879 1.271 1.505 1.757 1.892 2.126 2.192 2.318 2.314 2.314 2.220 2.156 2.131 2.012 0.722 
5.500 39.810 -0.362 0.155 0.431 0.774 1.166 1.408 1.671 1.810 2.043 2.108 2.230 2.223 2.215 2.119 2.054 2.028 1.909 0.630 
5.500 50.120 -0.457 0.048 0.324 0.666 1.058 1.306 1.578 1.718 1.949 2.011 2.129 2.117 2.101 2.003 1.937 1.911 1.793 0.529 
5.500 63.100 -0.554 -0.061 0.215 0.555 0.945 1.197 1.475 1.616 1.843 1.902 2.013 1.996 1.971 1.870 1.803 1.778 1.662 0.417 
5.500 79.430 -0.653 -0.172 0.102 0.441 0.828 1.082 1.363 1.503 1.724 1.777 1.881 1.857 1.823 1.719 1.651 1.625 1.514 0.293 
5.500 100.000 -0.755 -0.287 -0.014 0.322 0.705 0.958 1.241 1.377 1.590 1.637 1.729 1.698 1.653 1.545 1.476 1.451 1.346 0.156 
5.500 125.890 -0.861 -0.406 -0.134 0.199 0.574 0.826 1.106 1.237 1.439 1.476 1.556 1.515 1.457 1.345 1.274 1.250 1.153 0.004 
5.500 158.490 -0.972 -0.530 -0.259 0.069 0.435 0.682 0.958 1.080 1.268 1.294 1.357 1.304 1.230 1.113 1.040 1.017 0.931 -0.166 
5.500 199.530 -1.089 -0.660 -0.392 -0.068 0.285 0.525 0.793 0.904 1.074 1.085 1.127 1.058 0.965 0.842 0.768 0.745 0.674 -0.359 
5.500 251.190 -1.213 -0.799 -0.533 -0.216 0.122 0.352 0.609 0.705 0.852 0.844 0.860 0.771 0.654 0.523 0.447 0.426 0.373 -0.578 
5.500 316.230 -1.348 -0.947 -0.684 -0.376 -0.057 0.159 0.401 0.478 0.596 0.564 0.547 0.433 0.287 0.146 0.067 0.048 0.018 -0.829 
5.500 398.110 -1.495 -1.107 -0.849 -0.551 -0.258 -0.058 0.165 0.217 0.298 0.235 0.177 0.032 -0.151 -0.305 -0.387 -0.403 -0.404 -1.121 
5.500 501.190 -1.657 -1.284 -1.030 -0.746 -0.485 -0.307 -0.108 -0.087 -0.052 -0.153 -0.264 -0.448 -0.678 -0.846 -0.932 -0.946 -0.909 -1.463 
5.500 630.960 -1.839 -1.480 -1.232 -0.965 -0.744 -0.594 -0.426 -0.444 -0.468 -0.616 -0.793 -1.027 -1.315 -1.503 -1.594 -1.604 -1.521 -1.868 
5.500 794.330 -2.046 -1.700 -1.462 -1.215 -1.045 -0.929 -0.801 -0.867 -0.965 -1.173 -1.434 -1.730 -2.091 -2.304 -2.402 -2.406 -2.264 -2.352 
5.500 1000.000 -2.285 -1.953 -1.724 -1.505 -1.398 -1.325 -1.246 -1.375 -1.564 -1.849 -2.215 -2.588 -3.043 -3.286 -3.392 -3.391 -3.175 -2.935 
5.750 1.000 0.617 1.229 1.497 1.827 2.166 2.262 2.317 2.362 2.559 2.606 2.734 2.735 2.796 2.725 2.677 2.660 2.576 1.307 
5.750 1.260 0.615 1.226 1.494 1.823 2.163 2.260 2.315 2.361 2.559 2.605 2.733 2.735 2.795 2.724 2.675 2.659 2.574 1.305 
5.750 1.580 0.612 1.221 1.489 1.818 2.159 2.256 2.313 2.359 2.557 2.604 2.732 2.733 2.793 2.722 2.673 2.657 2.572 1.303 
5.750 2.000 0.606 1.213 1.481 1.811 2.151 2.250 2.310 2.356 2.555 2.602 2.730 2.732 2.791 2.719 2.670 2.654 2.568 1.299 
5.750 2.510 0.597 1.201 1.470 1.799 2.140 2.242 2.304 2.353 2.552 2.600 2.727 2.729 2.787 2.715 2.666 2.649 2.563 1.293 
5.750 3.160 0.583 1.184 1.452 1.782 2.124 2.229 2.297 2.347 2.547 2.595 2.723 2.724 2.780 2.708 2.659 2.642 2.555 1.285 
5.750 3.980 0.562 1.158 1.427 1.757 2.101 2.211 2.285 2.339 2.540 2.589 2.717 2.717 2.771 2.699 2.649 2.632 2.543 1.272 
5.750 5.010 0.532 1.123 1.392 1.722 2.069 2.185 2.269 2.327 2.530 2.580 2.708 2.708 2.758 2.685 2.634 2.617 2.526 1.255 
5.750 6.310 0.491 1.077 1.346 1.676 2.026 2.151 2.247 2.311 2.516 2.567 2.695 2.694 2.740 2.666 2.615 2.597 2.503 1.231 
5.750 7.940 0.439 1.020 1.288 1.619 1.972 2.108 2.219 2.289 2.497 2.549 2.677 2.675 2.717 2.641 2.589 2.570 2.474 1.201 
5.750 10.000 0.377 0.951 1.220 1.551 1.908 2.056 2.185 2.262 2.473 2.526 2.654 2.651 2.686 2.609 2.555 2.536 2.436 1.163 
5.750 12.590 0.307 0.873 1.141 1.473 1.834 1.995 2.143 2.228 2.442 2.497 2.624 2.620 2.648 2.569 2.514 2.494 2.391 1.118 
5.750 15.850 0.229 0.786 1.055 1.387 1.752 1.927 2.094 2.188 2.405 2.461 2.587 2.581 2.601 2.520 2.464 2.444 2.337 1.066 
5.750 19.950 0.147 0.694 0.963 1.295 1.664 1.853 2.039 2.141 2.360 2.416 2.542 2.533 2.546 2.463 2.405 2.384 2.274 1.005 
5.750 25.120 0.060 0.598 0.866 1.198 1.571 1.772 1.976 2.085 2.306 2.363 2.487 2.476 2.480 2.395 2.336 2.314 2.201 0.938 
5.750 31.620 -0.030 0.498 0.766 1.098 1.473 1.685 1.906 2.021 2.243 2.300 2.421 2.407 2.403 2.315 2.255 2.232 2.118 0.861 
5.750 39.810 -0.121 0.395 0.663 0.994 1.371 1.593 1.828 1.948 2.169 2.225 2.343 2.325 2.312 2.222 2.161 2.138 2.023 0.776 
5.750 50.120 -0.215 0.289 0.557 0.887 1.264 1.494 1.741 1.865 2.084 2.138 2.251 2.229 2.207 2.115 2.052 2.029 1.914 0.681 
5.750 63.100 -0.312 0.181 0.448 0.777 1.153 1.389 1.645 1.770 1.986 2.037 2.143 2.116 2.085 1.990 1.926 1.902 1.789 0.575 
5.750 79.430 -0.411 0.069 0.336 0.663 1.037 1.276 1.538 1.663 1.874 1.919 2.018 1.985 1.943 1.844 1.779 1.756 1.646 0.457 
5.750 100.000 -0.513 -0.045 0.220 0.545 0.914 1.155 1.420 1.543 1.746 1.784 1.873 1.831 1.778 1.676 1.609 1.586 1.482 0.324 
5.750 125.890 -0.618 -0.164 0.100 0.422 0.785 1.024 1.289 1.406 1.599 1.629 1.705 1.653 1.586 1.480 1.412 1.389 1.293 0.175 
5.750 158.490 -0.729 -0.288 -0.025 0.292 0.646 0.882 1.143 1.253 1.431 1.450 1.509 1.445 1.362 1.250 1.181 1.159 1.074 0.007 
5.750 199.530 -0.846 -0.418 -0.158 0.155 0.496 0.726 0.980 1.079 1.240 1.243 1.282 1.202 1.099 0.981 0.910 0.890 0.818 -0.184 
5.750 251.190 -0.971 -0.556 -0.298 0.007 0.334 0.553 0.797 0.881 1.019 1.003 1.016 0.916 0.790 0.664 0.591 0.572 0.519 -0.402 
5.750 316.230 -1.105 -0.704 -0.450 -0.152 0.154 0.361 0.590 0.654 0.764 0.724 0.703 0.579 0.423 0.288 0.212 0.194 0.164 -0.653 
5.750 398.110 -1.252 -0.865 -0.614 -0.328 -0.047 0.143 0.353 0.394 0.466 0.396 0.334 0.178 -0.014 -0.162 -0.242 -0.257 -0.257 -0.944 
5.750 501.190 -1.415 -1.041 -0.796 -0.523 -0.273 -0.105 0.080 0.090 0.116 0.008 -0.107 -0.301 -0.540 -0.704 -0.788 -0.799 -0.763 -1.286 
5.750 630.960 -1.597 -1.237 -0.998 -0.742 -0.533 -0.392 -0.237 -0.267 -0.299 -0.455 -0.636 -0.880 -1.178 -1.361 -1.449 -1.457 -1.374 -1.691 
5.750 794.330 -1.804 -1.458 -1.227 -0.992 -0.834 -0.727 -0.612 -0.690 -0.796 -1.012 -1.277 -1.583 -1.954 -2.161 -2.257 -2.259 -2.117 -2.175 
5.750 1000.000 -2.042 -1.710 -1.490 -1.281 -1.187 -1.123 -1.057 -1.197 -1.396 -1.688 -2.058 -2.442 -2.905 -3.144 -3.247 -3.244 -3.028 -2.758 
6.000 1.000 0.739 1.346 1.606 1.923 2.250 2.333 2.370 2.401 2.588 2.626 2.749 2.739 2.791 2.725 2.679 2.665 2.582 1.347 
6.000 1.260 0.738 1.344 1.604 1.922 2.248 2.331 2.369 2.400 2.588 2.626 2.748 2.739 2.790 2.724 2.679 2.664 2.581 1.346 
6.000 1.580 0.737 1.341 1.601 1.919 2.245 2.329 2.368 2.399 2.587 2.625 2.748 2.738 2.789 2.723 2.677 2.663 2.580 1.345 
6.000 2.000 0.735 1.336 1.597 1.914 2.241 2.326 2.366 2.398 2.586 2.624 2.747 2.737 2.788 2.722 2.676 2.661 2.578 1.342 
6.000 2.510 0.730 1.329 1.590 1.907 2.235 2.321 2.363 2.396 2.584 2.622 2.745 2.735 2.785 2.719 2.673 2.659 2.575 1.339 
6.000 3.160 0.723 1.319 1.579 1.897 2.225 2.313 2.358 2.392 2.581 2.620 2.743 2.733 2.782 2.715 2.669 2.654 2.570 1.334 
6.000 3.980 0.711 1.303 1.563 1.881 2.210 2.302 2.351 2.387 2.577 2.616 2.739 2.729 2.776 2.709 2.663 2.648 2.562 1.326 
6.000 5.010 0.692 1.280 1.540 1.858 2.189 2.285 2.341 2.380 2.571 2.611 2.733 2.723 2.768 2.700 2.653 2.638 2.551 1.315 
6.000 6.310 0.665 1.247 1.508 1.826 2.159 2.262 2.327 2.370 2.562 2.602 2.725 2.714 2.756 2.687 2.640 2.624 2.536 1.299 
6.000 7.940 0.627 1.204 1.465 1.783 2.119 2.230 2.307 2.355 2.549 2.591 2.713 2.701 2.739 2.670 2.621 2.605 2.514 1.277 
6.000 10.000 0.579 1.149 1.410 1.729 2.068 2.189 2.281 2.335 2.532 2.575 2.697 2.684 2.716 2.646 2.596 2.580 2.486 1.249 
6.000 12.590 0.520 1.083 1.344 1.663 2.005 2.139 2.248 2.310 2.509 2.553 2.675 2.661 2.687 2.614 2.564 2.547 2.450 1.213 
6.000 15.850 0.452 1.007 1.267 1.587 1.933 2.080 2.208 2.278 2.481 2.526 2.647 2.631 2.649 2.575 2.524 2.506 2.405 1.169 
6.000 19.950 0.376 0.922 1.182 1.502 1.853 2.014 2.162 2.240 2.445 2.491 2.611 2.593 2.603 2.527 2.474 2.455 2.351 1.118 
6.000 25.120 0.294 0.830 1.091 1.410 1.765 1.940 2.108 2.194 2.401 2.448 2.567 2.546 2.547 2.469 2.414 2.395 2.288 1.059 
6.000 31.620 0.208 0.733 0.994 1.313 1.671 1.859 2.046 2.140 2.348 2.395 2.511 2.487 2.480 2.399 2.343 2.323 2.213 0.991 
6.000 39.810 0.118 0.633 0.893 1.212 1.572 1.772 1.976 2.077 2.285 2.331 2.444 2.417 2.400 2.316 2.259 2.238 2.127 0.914 
6.000 50.120 0.025 0.529 0.788 1.107 1.468 1.678 1.898 2.003 2.210 2.254 2.363 2.331 2.304 2.218 2.159 2.138 2.026 0.827 
6.000 63.100 -0.070 0.421 0.680 0.998 1.359 1.577 1.809 1.917 2.122 2.163 2.266 2.228 2.191 2.101 2.041 2.020 1.909 0.728 
6.000 79.430 -0.169 0.311 0.569 0.885 1.244 1.468 1.709 1.818 2.018 2.055 2.150 2.106 2.057 1.964 1.902 1.881 1.773 0.616 
6.000 100.000 -0.270 0.196 0.454 0.767 1.123 1.350 1.596 1.704 1.897 1.927 2.012 1.960 1.899 1.802 1.739 1.718 1.615 0.488 
6.000 125.890 -0.376 0.078 0.334 0.644 0.994 1.221 1.469 1.573 1.756 1.778 1.850 1.787 1.712 1.611 1.546 1.526 1.431 0.343 
6.000 158.490 -0.487 -0.046 0.209 0.515 0.856 1.081 1.327 1.423 1.593 1.603 1.659 1.584 1.493 1.386 1.320 1.300 1.215 0.178 
6.000 199.530 -0.604 -0.176 0.077 0.377 0.707 0.926 1.166 1.252 1.404 1.400 1.435 1.344 1.233 1.120 1.052 1.033 0.962 -0.010 
6.000 251.190 -0.728 -0.314 -0.064 0.230 0.545 0.754 0.984 1.056 1.185 1.162 1.171 1.060 0.925 0.804 0.734 0.717 0.664 -0.227 
6.000 316.230 -0.863 -0.462 -0.215 0.071 0.365 0.562 0.778 0.831 0.931 0.884 0.860 0.725 0.560 0.429 0.356 0.340 0.310 -0.477 
6.000 398.110 -1.010 -0.623 -0.380 -0.105 0.165 0.345 0.542 0.570 0.634 0.557 0.491 0.324 0.123 -0.021 -0.097 -0.110 -0.111 -0.768 
6.000 501.190 -1.172 -0.799 -0.561 -0.299 -0.062 0.097 0.269 0.267 0.284 0.169 0.050 -0.155 -0.403 -0.562 -0.643 -0.653 -0.616 -1.109 
6.000 630.960 -1.355 -0.995 -0.764 -0.519 -0.322 -0.190 -0.049 -0.090 -0.131 -0.294 -0.479 -0.734 -1.040 -1.218 -1.304 -1.310 -1.227 -1.514 
6.000 794.330 -1.562 -1.216 -0.993 -0.769 -0.622 -0.525 -0.423 -0.513 -0.627 -0.851 -1.120 -1.436 -1.817 -2.019 -2.112 -2.113 -1.971 -1.998 
6.000 1000.000 -1.800 -1.468 -1.255 -1.058 -0.975 -0.921 -0.868 -1.020 -1.227 -1.527 -1.900 -2.295 -2.768 -3.001 -3.102 -3.097 -2.881 -2.581 
6.250 1.000 0.859 1.460 1.713 2.019 2.331 2.402 2.423 2.440 2.617 2.646 2.763 2.742 2.784 2.723 2.680 2.668 2.586 1.386 
6.250 1.260 0.859 1.459 1.712 2.018 2.331 2.402 2.423 2.440 2.617 2.646 2.763 2.742 2.784 2.723 2.680 2.668 2.586 1.386 
6.250 1.580 0.859 1.458 1.710 2.016 2.329 2.400 2.422 2.439 2.616 2.645 2.763 2.742 2.783 2.722 2.679 2.667 2.585 1.385 
6.250 2.000 0.859 1.455 1.707 2.013 2.327 2.399 2.421 2.438 2.616 2.645 2.762 2.741 2.782 2.721 2.678 2.666 2.584 1.384 
6.250 2.510 0.857 1.451 1.703 2.009 2.323 2.396 2.419 2.437 2.615 2.644 2.761 2.740 2.781 2.720 2.677 2.664 2.582 1.382 
6.250 3.160 0.854 1.445 1.697 2.003 2.317 2.391 2.416 2.435 2.613 2.643 2.760 2.738 2.779 2.717 2.674 2.662 2.579 1.379 
6.250 3.980 0.847 1.435 1.688 1.994 2.308 2.384 2.412 2.433 2.611 2.640 2.758 2.736 2.775 2.714 2.670 2.658 2.575 1.374 
6.250 5.010 0.837 1.421 1.673 1.979 2.295 2.374 2.406 2.428 2.607 2.637 2.754 2.732 2.770 2.708 2.664 2.652 2.568 1.367 
6.250 6.310 0.821 1.400 1.652 1.958 2.275 2.359 2.397 2.422 2.602 2.632 2.749 2.727 2.762 2.700 2.656 2.643 2.558 1.357 
6.250 7.940 0.796 1.370 1.622 1.929 2.248 2.337 2.384 2.412 2.594 2.625 2.742 2.719 2.751 2.688 2.643 2.630 2.543 1.343 
6.250 10.000 0.762 1.330 1.582 1.889 2.210 2.307 2.366 2.399 2.582 2.614 2.731 2.707 2.735 2.671 2.626 2.612 2.523 1.323 
6.250 12.590 0.717 1.278 1.530 1.837 2.162 2.269 2.342 2.381 2.566 2.599 2.716 2.691 2.714 2.648 2.602 2.587 2.496 1.296 
6.250 15.850 0.661 1.214 1.466 1.773 2.102 2.221 2.311 2.358 2.546 2.580 2.696 2.669 2.685 2.618 2.570 2.555 2.460 1.262 
6.250 19.950 0.595 1.139 1.392 1.699 2.031 2.164 2.273 2.328 2.518 2.554 2.669 2.640 2.648 2.579 2.530 2.514 2.416 1.220 
6.250 25.120 0.521 1.055 1.308 1.615 1.952 2.099 2.228 2.292 2.484 2.520 2.634 2.602 2.602 2.530 2.480 2.464 2.362 1.169 
6.250 31.620 0.440 0.964 1.217 1.524 1.864 2.026 2.176 2.247 2.442 2.478 2.589 2.555 2.545 2.471 2.419 2.402 2.297 1.111 
6.250 39.810 0.354 0.868 1.120 1.427 1.770 1.945 2.115 2.194 2.389 2.425 2.533 2.495 2.475 2.398 2.345 2.327 2.220 1.042 
6.250 50.120 0.264 0.766 1.018 1.324 1.669 1.857 2.045 2.130 2.325 2.360 2.464 2.421 2.391 2.310 2.255 2.237 2.129 0.964 
6.250 63.100 0.170 0.660 0.911 1.217 1.563 1.761 1.965 2.055 2.248 2.280 2.378 2.330 2.288 2.204 2.147 2.129 2.021 0.873 
6.250 79.430 0.072 0.551 0.801 1.105 1.450 1.657 1.873 1.965 2.154 2.182 2.272 2.218 2.163 2.076 2.018 1.999 1.894 0.769 
6.250 100.000 -0.029 0.437 0.687 0.988 1.331 1.542 1.767 1.860 2.042 2.064 2.145 2.082 2.014 1.923 1.863 1.844 1.743 0.648 
6.250 125.890 -0.134 0.319 0.567 0.866 1.203 1.417 1.646 1.736 1.909 1.922 1.990 1.917 1.835 1.739 1.677 1.659 1.565 0.509 
6.250 158.490 -0.245 0.196 0.442 0.737 1.066 1.279 1.508 1.591 1.752 1.754 1.806 1.720 1.620 1.519 1.455 1.438 1.353 0.348 
6.250 199.530 -0.361 0.066 0.311 0.600 0.918 1.125 1.350 1.424 1.567 1.555 1.586 1.485 1.365 1.257 1.191 1.174 1.104 0.162 
6.250 251.190 -0.486 -0.072 0.170 0.453 0.755 0.955 1.171 1.231 1.351 1.320 1.325 1.204 1.060 0.944 0.876 0.861 0.808 -0.052 
6.250 316.230 -0.621 -0.220 0.019 0.293 0.576 0.763 0.966 1.007 1.098 1.043 1.015 0.870 0.696 0.570 0.499 0.486 0.456 -0.301 
6.250 398.110 -0.767 -0.381 -0.146 0.118 0.376 0.547 0.730 0.747 0.802 0.717 0.647 0.470 0.259 0.121 0.047 0.036 0.035 -0.591 
6.250 501.190 -0.930 -0.557 -0.327 -0.076 0.149 0.299 0.458 0.444 0.453 0.330 0.207 -0.009 -0.266 -0.420 -0.498 -0.506 -0.470 -0.933 
6.250 630.960 -1.112 -0.753 -0.529 -0.296 -0.110 0.012 0.140 0.088 0.038 -0.133 -0.322 -0.587 -0.903 -1.076 -1.159 -1.163 -1.081 -1.337 
6.250 794.330 -1.319 -0.974 -0.759 -0.546 -0.411 -0.323 -0.234 -0.336 -0.459 -0.690 -0.962 -1.290 -1.679 -1.877 -1.967 -1.966 -1.824 -1.821 
6.250 1000.000 -1.558 -1.226 -1.021 -0.835 -0.764 -0.719 -0.680 -0.843 -1.059 -1.366 -1.743 -2.149 -2.631 -2.859 -2.957 -2.950 -2.734 -2.404 
6.500 1.000 0.978 1.574 1.818 2.112 2.412 2.471 2.476 2.480 2.646 2.666 2.778 2.744 2.776 2.719 2.679 2.669 2.589 1.425 
6.500 1.260 0.979 1.573 1.818 2.112 2.411 2.471 2.476 2.480 2.646 2.666 2.778 2.744 2.776 2.719 2.679 2.669 2.589 1.425 
6.500 1.580 0.979 1.572 1.817 2.111 2.410 2.470 2.476 2.479 2.646 2.666 2.777 2.744 2.775 2.719 2.679 2.668 2.588 1.424 
6.500 2.000 0.980 1.571 1.815 2.109 2.409 2.469 2.475 2.479 2.645 2.665 2.777 2.744 2.775 2.718 2.678 2.668 2.588 1.424 
6.500 2.510 0.980 1.569 1.813 2.107 2.407 2.467 2.474 2.478 2.645 2.665 2.777 2.743 2.774 2.717 2.677 2.667 2.587 1.423 
6.500 3.160 0.979 1.565 1.809 2.103 2.404 2.465 2.473 2.477 2.644 2.664 2.776 2.742 2.773 2.716 2.676 2.665 2.585 1.421 
6.500 3.980 0.976 1.559 1.804 2.098 2.398 2.461 2.470 2.476 2.643 2.663 2.774 2.741 2.771 2.714 2.673 2.663 2.582 1.418 
6.500 5.010 0.971 1.551 1.795 2.089 2.390 2.455 2.467 2.473 2.641 2.661 2.772 2.739 2.768 2.711 2.670 2.659 2.578 1.414 
6.500 6.310 0.963 1.538 1.782 2.076 2.378 2.445 2.461 2.469 2.637 2.658 2.769 2.735 2.763 2.705 2.664 2.654 2.572 1.408 
6.500 7.940 0.949 1.519 1.763 2.057 2.360 2.431 2.453 2.464 2.632 2.653 2.765 2.730 2.756 2.698 2.656 2.646 2.562 1.399 
6.500 10.000 0.927 1.491 1.735 2.030 2.335 2.412 2.441 2.455 2.625 2.647 2.758 2.723 2.745 2.686 2.644 2.633 2.549 1.385 
6.500 12.590 0.896 1.454 1.698 1.992 2.300 2.384 2.425 2.443 2.615 2.637 2.748 2.712 2.730 2.670 2.628 2.616 2.529 1.367 
6.500 15.850 0.854 1.404 1.648 1.943 2.254 2.348 2.402 2.427 2.601 2.624 2.734 2.697 2.709 2.648 2.604 2.592 2.503 1.342 
6.500 19.950 0.801 1.343 1.587 1.882 2.196 2.302 2.374 2.405 2.581 2.605 2.715 2.675 2.681 2.618 2.573 2.561 2.468 1.309 
6.500 25.120 0.738 1.270 1.514 1.809 2.127 2.247 2.338 2.378 2.556 2.581 2.689 2.647 2.644 2.579 2.533 2.520 2.424 1.268 
6.500 31.620 0.665 1.188 1.432 1.727 2.048 2.183 2.295 2.343 2.523 2.548 2.654 2.609 2.597 2.530 2.482 2.468 2.369 1.219 
6.500 39.810 0.585 1.097 1.341 1.636 1.961 2.110 2.243 2.300 2.481 2.506 2.609 2.561 2.538 2.468 2.418 2.403 2.303 1.160 
6.500 50.120 0.498 1.000 1.243 1.538 1.866 2.029 2.183 2.247 2.429 2.453 2.552 2.499 2.465 2.391 2.340 2.324 2.222 1.091 
6.500 63.100 0.407 0.897 1.140 1.434 1.763 1.939 2.112 2.182 2.363 2.385 2.478 2.420 2.373 2.296 2.243 2.227 2.124 1.010 
6.500 79.430 0.312 0.789 1.032 1.324 1.653 1.840 2.029 2.104 2.281 2.299 2.385 2.320 2.260 2.179 2.124 2.108 2.006 0.914 
6.500 100.000 0.212 0.677 0.919 1.209 1.536 1.731 1.932 2.008 2.180 2.192 2.269 2.196 2.121 2.036 1.979 1.963 1.864 0.802 
6.500 125.890 0.107 0.560 0.800 1.087 1.410 1.610 1.818 1.893 2.056 2.061 2.125 2.041 1.951 1.861 1.802 1.786 1.694 0.670 
6.500 158.490 -0.003 0.437 0.676 0.959 1.275 1.475 1.686 1.756 1.907 1.900 1.948 1.852 1.744 1.648 1.588 1.572 1.489 0.515 
6.500 199.530 -0.120 0.307 0.544 0.822 1.127 1.324 1.533 1.594 1.727 1.707 1.734 1.622 1.494 1.391 1.329 1.314 1.244 0.333 
6.500 251.190 -0.244 0.170 0.404 0.676 0.966 1.155 1.356 1.404 1.515 1.476 1.477 1.346 1.192 1.082 1.017 1.003 0.951 0.121 
6.500 316.230 -0.378 0.022 0.253 0.516 0.787 0.964 1.153 1.182 1.265 1.202 1.170 1.014 0.831 0.710 0.642 0.631 0.601 -0.126 
6.500 398.110 -0.525 -0.138 0.088 0.341 0.587 0.748 0.918 0.924 0.970 0.877 0.803 0.616 0.395 0.262 0.191 0.182 0.181 -0.415 
6.500 501.190 -0.688 -0.315 -0.093 0.147 0.360 0.500 0.646 0.621 0.621 0.490 0.364 0.137 -0.130 -0.278 -0.354 -0.360 -0.324 -0.756 
6.500 630.960 -0.870 -0.510 -0.295 -0.073 0.101 0.214 0.329 0.265 0.206 0.028 -0.165 -0.441 -0.766 -0.934 -1.015 -1.017 -0.934 -1.161 
6.500 794.330 -1.077 -0.731 -0.524 -0.323 -0.200 -0.121 -0.045 -0.159 -0.290 -0.530 -0.805 -1.143 -1.542 -1.735 -1.822 -1.819 -1.678 -1.644 
6.500 1000.000 -1.315 -0.983 -0.787 -0.612 -0.553 -0.518 -0.491 -0.666 -0.890 -1.205 -1.586 -2.002 -2.494 -2.717 -2.812 -2.803 -2.588 -2.228 
6.750 1.000 1.096 1.686 1.922 2.204 2.491 2.539 2.530 2.520 2.676 2.686 2.792 2.746 2.766 2.714 2.676 2.668 2.589 1.464 
6.750 1.260 1.097 1.686 1.922 2.204 2.490 2.539 2.530 2.520 2.676 2.686 2.791 2.746 2.765 2.713 2.676 2.668 2.589 1.463 
6.750 1.580 1.098 1.685 1.921 2.204 2.490 2.539 2.530 2.520 2.676 2.686 2.791 2.746 2.765 2.713 2.675 2.667 2.589 1.463 
6.750 2.000 1.099 1.685 1.921 2.203 2.489 2.538 2.529 2.520 2.675 2.686 2.791 2.745 2.765 2.713 2.675 2.667 2.589 1.463 
6.750 2.510 1.099 1.683 1.919 2.201 2.488 2.537 2.529 2.520 2.675 2.685 2.791 2.745 2.764 2.712 2.675 2.666 2.588 1.462 
6.750 3.160 1.100 1.681 1.917 2.199 2.486 2.536 2.528 2.519 2.675 2.685 2.790 2.744 2.764 2.712 2.674 2.665 2.587 1.461 
6.750 3.980 1.099 1.678 1.914 2.196 2.483 2.533 2.527 2.518 2.674 2.684 2.790 2.744 2.763 2.710 2.672 2.664 2.585 1.460 
6.750 5.010 1.098 1.673 1.909 2.191 2.478 2.530 2.525 2.517 2.673 2.683 2.789 2.742 2.761 2.708 2.670 2.662 2.583 1.457 
6.750 6.310 1.094 1.665 1.901 2.183 2.471 2.524 2.521 2.515 2.671 2.681 2.787 2.740 2.758 2.705 2.667 2.659 2.579 1.454 
6.750 7.940 1.087 1.653 1.889 2.172 2.460 2.516 2.517 2.511 2.668 2.679 2.784 2.737 2.753 2.700 2.662 2.653 2.573 1.448 
6.750 10.000 1.075 1.636 1.872 2.154 2.444 2.503 2.509 2.506 2.664 2.675 2.780 2.733 2.747 2.693 2.654 2.645 2.564 1.440 
6.750 12.590 1.056 1.611 1.847 2.129 2.420 2.485 2.499 2.499 2.657 2.669 2.774 2.726 2.737 2.682 2.643 2.634 2.551 1.427 
6.750 15.850 1.028 1.576 1.811 2.094 2.387 2.460 2.484 2.488 2.648 2.660 2.764 2.715 2.722 2.667 2.626 2.617 2.533 1.410 
6.750 19.950 0.990 1.529 1.765 2.048 2.344 2.425 2.463 2.473 2.635 2.648 2.751 2.701 2.701 2.645 2.604 2.594 2.507 1.386 
6.750 25.120 0.940 1.470 1.706 1.989 2.288 2.382 2.436 2.453 2.617 2.630 2.732 2.680 2.674 2.615 2.572 2.562 2.473 1.355 
6.750 31.620 0.878 1.399 1.635 1.918 2.221 2.328 2.402 2.427 2.593 2.607 2.707 2.651 2.636 2.575 2.531 2.520 2.428 1.316 
6.750 39.810 0.807 1.318 1.553 1.836 2.143 2.265 2.361 2.394 2.561 2.575 2.672 2.613 2.588 2.524 2.479 2.467 2.372 1.267 
6.750 50.120 0.727 1.227 1.463 1.745 2.055 2.192 2.310 2.352 2.520 2.533 2.626 2.563 2.526 2.459 2.411 2.399 2.302 1.208 
6.750 63.100 0.641 1.130 1.364 1.646 1.958 2.110 2.250 2.299 2.466 2.477 2.565 2.497 2.447 2.376 2.326 2.313 2.215 1.136 
6.750 79.430 0.548 1.025 1.259 1.540 1.853 2.018 2.177 2.232 2.397 2.405 2.486 2.411 2.346 2.271 2.220 2.206 2.108 1.051 
6.750 100.000 0.450 0.915 1.148 1.427 1.739 1.915 2.090 2.148 2.308 2.311 2.383 2.299 2.219 2.140 2.086 2.072 1.977 0.948 
6.750 125.890 0.347 0.799 1.032 1.307 1.616 1.799 1.985 2.044 2.196 2.192 2.251 2.157 2.060 1.976 1.920 1.906 1.816 0.825 
6.750 158.490 0.238 0.677 0.908 1.180 1.482 1.668 1.860 1.916 2.056 2.042 2.085 1.978 1.863 1.772 1.715 1.701 1.619 0.677 
6.750 199.530 0.122 0.549 0.777 1.044 1.336 1.521 1.713 1.761 1.885 1.856 1.879 1.757 1.620 1.522 1.462 1.450 1.380 0.501 
6.750 251.190 -0.002 0.411 0.637 0.898 1.176 1.354 1.540 1.575 1.677 1.631 1.628 1.485 1.323 1.218 1.155 1.144 1.092 0.293 
6.750 316.230 -0.136 0.264 0.487 0.739 0.997 1.164 1.339 1.356 1.430 1.360 1.324 1.157 0.964 0.849 0.784 0.774 0.744 0.048 
6.750 398.110 -0.283 0.104 0.322 0.564 0.798 0.949 1.106 1.099 1.137 1.036 0.959 0.761 0.531 0.403 0.334 0.327 0.326 -0.240 
6.750 501.190 -0.445 -0.072 0.141 0.369 0.571 0.702 0.835 0.798 0.789 0.650 0.520 0.283 0.006 -0.137 -0.210 -0.214 -0.178 -0.580 
6.750 630.960 -0.628 -0.268 -0.061 0.150 0.312 0.415 0.517 0.442 0.374 0.188 -0.008 -0.295 -0.630 -0.793 -0.870 -0.871 -0.788 -0.984 
6.750 794.330 -0.835 -0.489 -0.290 -0.100 0.011 0.080 0.143 0.018 -0.122 -0.369 -0.648 -0.997 -1.405 -1.593 -1.677 -1.673 -1.531 -1.468 
6.750 1000.000 -1.073 -0.741 -0.552 -0.389 -0.341 -0.316 -0.302 -0.489 -0.722 -1.045 -1.429 -1.856 -2.357 -2.575 -2.667 -2.657 -2.441 -2.051 
7.000 1.000 1.213 1.797 2.025 2.295 2.568 2.607 2.585 2.562 2.706 2.706 2.805 2.746 2.753 2.705 2.669 2.663 2.587 1.501 
7.000 1.260 1.214 1.797 2.025 2.295 2.568 2.607 2.584 2.562 2.706 2.706 2.805 2.746 2.753 2.705 2.669 2.663 2.587 1.501 
7.000 1.580 1.215 1.797 2.024 2.294 2.567 2.607 2.584 2.562 2.706 2.706 2.805 2.746 2.753 2.705 2.669 2.663 2.587 1.501 
7.000 2.000 1.216 1.796 2.024 2.294 2.567 2.606 2.584 2.562 2.706 2.706 2.805 2.746 2.752 2.704 2.669 2.663 2.586 1.501 
7.000 2.510 1.217 1.795 2.023 2.293 2.566 2.606 2.584 2.562 2.706 2.706 2.805 2.745 2.752 2.704 2.669 2.662 2.586 1.501 
7.000 3.160 1.218 1.794 2.022 2.292 2.565 2.605 2.583 2.561 2.705 2.706 2.804 2.745 2.752 2.704 2.668 2.662 2.585 1.500 
7.000 3.980 1.219 1.792 2.020 2.290 2.563 2.603 2.583 2.561 2.705 2.705 2.804 2.745 2.751 2.703 2.667 2.661 2.584 1.499 
7.000 5.010 1.219 1.790 2.017 2.287 2.561 2.601 2.582 2.560 2.704 2.705 2.803 2.744 2.750 2.702 2.666 2.660 2.583 1.498 
7.000 6.310 1.218 1.785 2.013 2.283 2.557 2.598 2.580 2.559 2.703 2.704 2.802 2.743 2.748 2.700 2.664 2.658 2.581 1.496 
7.000 7.940 1.216 1.778 2.006 2.276 2.550 2.593 2.577 2.557 2.702 2.702 2.801 2.741 2.745 2.697 2.661 2.654 2.577 1.492 
7.000 10.000 1.210 1.767 1.995 2.265 2.540 2.586 2.573 2.554 2.699 2.700 2.798 2.738 2.741 2.692 2.656 2.649 2.571 1.487 
7.000 12.590 1.200 1.751 1.979 2.249 2.525 2.574 2.566 2.550 2.695 2.697 2.794 2.734 2.735 2.685 2.649 2.642 2.563 1.480 
7.000 15.850 1.184 1.728 1.956 2.226 2.503 2.557 2.557 2.543 2.690 2.691 2.788 2.727 2.725 2.674 2.638 2.631 2.551 1.468 
7.000 19.950 1.159 1.695 1.923 2.193 2.473 2.534 2.543 2.534 2.681 2.683 2.780 2.717 2.711 2.659 2.621 2.614 2.532 1.452 
7.000 25.120 1.123 1.651 1.879 2.149 2.431 2.501 2.524 2.520 2.670 2.672 2.767 2.702 2.690 2.637 2.599 2.591 2.507 1.430 
7.000 31.620 1.076 1.595 1.822 2.093 2.377 2.460 2.499 2.502 2.653 2.655 2.749 2.682 2.662 2.607 2.567 2.559 2.472 1.400 
7.000 39.810 1.017 1.526 1.753 2.023 2.312 2.408 2.467 2.477 2.630 2.632 2.723 2.653 2.624 2.566 2.524 2.515 2.427 1.361 
7.000 50.120 0.947 1.446 1.673 1.942 2.234 2.345 2.426 2.445 2.598 2.600 2.688 2.613 2.573 2.512 2.469 2.459 2.368 1.312 
7.000 63.100 0.868 1.355 1.582 1.851 2.145 2.272 2.376 2.403 2.556 2.557 2.639 2.560 2.506 2.441 2.396 2.385 2.293 1.252 
7.000 79.430 0.780 1.256 1.482 1.750 2.047 2.188 2.315 2.349 2.500 2.498 2.573 2.487 2.418 2.350 2.302 2.291 2.198 1.177 
7.000 100.000 0.686 1.150 1.375 1.641 1.938 2.093 2.238 2.278 2.425 2.418 2.485 2.390 2.305 2.232 2.182 2.171 2.079 1.085 
7.000 125.890 0.585 1.037 1.261 1.525 1.818 1.983 2.144 2.186 2.326 2.313 2.367 2.263 2.160 2.081 2.029 2.017 1.930 0.972 
7.000 158.490 0.477 0.916 1.139 1.399 1.688 1.858 2.029 2.069 2.199 2.175 2.214 2.097 1.974 1.889 1.834 1.823 1.743 0.834 
7.000 199.530 0.362 0.789 1.009 1.265 1.544 1.715 1.889 1.923 2.037 2.000 2.019 1.885 1.740 1.648 1.591 1.581 1.513 0.666 
7.000 251.190 0.239 0.652 0.870 1.119 1.384 1.551 1.722 1.744 1.837 1.782 1.775 1.622 1.451 1.350 1.291 1.281 1.230 0.463 
7.000 316.230 0.105 0.505 0.720 0.961 1.207 1.364 1.524 1.529 1.594 1.515 1.476 1.298 1.096 0.986 0.923 0.916 0.886 0.221 
7.000 398.110 -0.041 0.345 0.556 0.786 1.008 1.149 1.293 1.274 1.303 1.194 1.113 0.904 0.665 0.542 0.476 0.471 0.470 -0.065 
7.000 501.190 -0.203 0.169 0.375 0.592 0.782 0.903 1.022 0.974 0.956 0.810 0.676 0.428 0.142 0.004 -0.066 -0.069 -0.033 -0.405 
7.000 630.960 -0.386 -0.026 0.173 0.373 0.523 0.617 0.706 0.618 0.542 0.348 0.148 -0.149 -0.494 -0.651 -0.727 -0.725 -0.642 -0.808 
7.000 794.330 -0.592 -0.247 -0.056 0.123 0.222 0.282 0.332 0.195 0.046 -0.209 -0.492 -0.851 -1.269 -1.451 -1.533 -1.527 -1.385 -1.292 
7.000 1000.000 -0.831 -0.499 -0.318 -0.166 -0.130 -0.114 -0.114 -0.312 -0.554 -0.884 -1.272 -1.710 -2.220 -2.433 -2.523 -2.511 -2.295 -1.875 
7.250 1.000 1.328 1.906 2.125 2.383 2.643 2.673 2.640 2.605 2.737 2.727 2.818 2.744 2.737 2.692 2.659 2.655 2.580 1.539 
7.250 1.260 1.328 1.906 2.125 2.383 2.643 2.673 2.640 2.605 2.737 2.727 2.818 2.744 2.737 2.692 2.659 2.654 2.580 1.539 
7.250 1.580 1.329 1.906 2.125 2.383 2.643 2.673 2.640 2.605 2.737 2.727 2.818 2.744 2.737 2.692 2.659 2.654 2.580 1.538 
7.250 2.000 1.330 1.906 2.125 2.383 2.642 2.673 2.640 2.605 2.737 2.727 2.818 2.744 2.737 2.692 2.658 2.654 2.580 1.538 
7.250 2.510 1.332 1.905 2.124 2.382 2.642 2.673 2.640 2.605 2.737 2.727 2.818 2.744 2.736 2.692 2.658 2.654 2.580 1.538 
7.250 3.160 1.333 1.905 2.124 2.382 2.641 2.672 2.639 2.605 2.737 2.727 2.817 2.744 2.736 2.691 2.658 2.654 2.579 1.538 
7.250 3.980 1.334 1.904 2.123 2.381 2.640 2.671 2.639 2.605 2.737 2.727 2.817 2.744 2.736 2.691 2.657 2.653 2.579 1.537 
7.250 5.010 1.336 1.902 2.121 2.379 2.639 2.670 2.638 2.604 2.736 2.726 2.817 2.743 2.735 2.690 2.657 2.652 2.578 1.537 
7.250 6.310 1.337 1.899 2.118 2.376 2.636 2.668 2.637 2.604 2.736 2.726 2.816 2.743 2.734 2.689 2.655 2.651 2.577 1.535 
7.250 7.940 1.337 1.895 2.114 2.372 2.632 2.666 2.636 2.603 2.735 2.725 2.815 2.741 2.732 2.687 2.653 2.649 2.574 1.533 
7.250 10.000 1.335 1.889 2.108 2.366 2.627 2.661 2.633 2.601 2.734 2.724 2.814 2.740 2.729 2.684 2.650 2.646 2.571 1.530 
7.250 12.590 1.331 1.879 2.098 2.356 2.617 2.654 2.630 2.598 2.731 2.722 2.811 2.737 2.725 2.680 2.646 2.641 2.566 1.526 
7.250 15.850 1.323 1.865 2.084 2.342 2.604 2.644 2.624 2.595 2.728 2.718 2.808 2.733 2.719 2.673 2.638 2.634 2.557 1.519 
7.250 19.950 1.309 1.843 2.062 2.320 2.583 2.628 2.615 2.589 2.723 2.714 2.802 2.726 2.709 2.662 2.627 2.623 2.545 1.508 
7.250 25.120 1.287 1.813 2.032 2.290 2.555 2.606 2.603 2.580 2.715 2.706 2.794 2.716 2.695 2.647 2.611 2.606 2.527 1.493 
7.250 31.620 1.254 1.771 1.990 2.248 2.515 2.576 2.586 2.568 2.704 2.695 2.781 2.702 2.675 2.625 2.588 2.582 2.502 1.472 
7.250 39.810 1.209 1.717 1.936 2.193 2.463 2.536 2.562 2.551 2.688 2.679 2.763 2.681 2.645 2.593 2.555 2.549 2.466 1.442 
7.250 50.120 1.152 1.650 1.868 2.126 2.399 2.485 2.531 2.528 2.666 2.656 2.737 2.651 2.605 2.550 2.510 2.503 2.419 1.404 
7.250 63.100 1.084 1.570 1.788 2.045 2.321 2.423 2.492 2.496 2.634 2.623 2.699 2.608 2.550 2.491 2.450 2.442 2.356 1.354 
7.250 79.430 1.004 1.480 1.697 1.953 2.231 2.349 2.441 2.453 2.591 2.577 2.647 2.549 2.476 2.413 2.370 2.361 2.274 1.291 
7.250 100.000 0.916 1.379 1.596 1.850 2.130 2.262 2.377 2.396 2.530 2.512 2.573 2.468 2.377 2.310 2.264 2.255 2.168 1.212 
7.250 125.890 0.819 1.270 1.486 1.738 2.016 2.161 2.295 2.318 2.446 2.422 2.471 2.356 2.247 2.173 2.125 2.116 2.032 1.111 
7.250 158.490 0.714 1.153 1.367 1.616 1.889 2.043 2.191 2.214 2.332 2.300 2.333 2.205 2.075 1.996 1.944 1.935 1.858 0.983 
7.250 199.530 0.601 1.027 1.240 1.483 1.749 1.906 2.061 2.079 2.183 2.137 2.151 2.007 1.854 1.767 1.713 1.705 1.638 0.824 
7.250 251.190 0.479 0.892 1.102 1.339 1.592 1.746 1.900 1.909 1.992 1.928 1.917 1.753 1.573 1.478 1.421 1.414 1.363 0.629 
7.250 316.230 0.346 0.745 0.952 1.182 1.416 1.562 1.707 1.700 1.755 1.668 1.624 1.436 1.225 1.119 1.060 1.054 1.025 0.392 
7.250 398.110 0.200 0.586 0.789 1.008 1.218 1.349 1.478 1.448 1.467 1.351 1.266 1.046 0.797 0.679 0.616 0.613 0.612 0.108 
7.250 501.190 0.038 0.411 0.609 0.814 0.992 1.103 1.209 1.149 1.122 0.968 0.830 0.571 0.276 0.143 0.075 0.075 0.111 -0.230 
7.250 630.960 -0.144 0.215 0.407 0.595 0.734 0.817 0.893 0.794 0.709 0.507 0.304 -0.005 -0.358 -0.511 -0.584 -0.580 -0.498 -0.633 
7.250 794.330 -0.350 -0.005 0.178 0.346 0.433 0.483 0.520 0.372 0.213 -0.049 -0.336 -0.706 -1.133 -1.311 -1.390 -1.381 -1.240 -1.116 
7.250 1000.000 -0.589 -0.257 -0.084 0.057 0.081 0.087 0.075 -0.135 -0.386 -0.724 -1.116 -1.564 -2.084 -2.292 -2.379 -2.365 -2.150 -1.698 
7.500 1.000 1.440 2.013 2.224 2.469 2.715 2.739 2.697 2.650 2.770 2.749 2.830 2.741 2.716 2.674 2.643 2.640 2.568 1.575 
7.500 1.260 1.441 2.013 2.224 2.469 2.715 2.739 2.697 2.650 2.770 2.749 2.830 2.741 2.716 2.674 2.642 2.640 2.568 1.575 
7.500 1.580 1.442 2.013 2.224 2.469 2.715 2.739 2.697 2.650 2.770 2.749 2.830 2.741 2.716 2.674 2.642 2.640 2.568 1.575 
7.500 2.000 1.443 2.013 2.223 2.469 2.715 2.739 2.697 2.650 2.770 2.749 2.830 2.741 2.716 2.674 2.642 2.640 2.568 1.575 
7.500 2.510 1.444 2.012 2.223 2.469 2.714 2.738 2.697 2.650 2.770 2.749 2.829 2.741 2.716 2.674 2.642 2.640 2.568 1.575 
7.500 3.160 1.446 2.012 2.223 2.468 2.714 2.738 2.697 2.650 2.770 2.749 2.829 2.741 2.716 2.674 2.642 2.640 2.568 1.574 
7.500 3.980 1.447 2.011 2.222 2.468 2.714 2.738 2.697 2.650 2.770 2.748 2.829 2.740 2.715 2.673 2.642 2.639 2.568 1.574 
7.500 5.010 1.449 2.010 2.221 2.467 2.713 2.737 2.696 2.650 2.770 2.748 2.829 2.740 2.715 2.673 2.641 2.639 2.567 1.574 
7.500 6.310 1.451 2.009 2.220 2.465 2.711 2.736 2.696 2.650 2.769 2.748 2.829 2.740 2.714 2.672 2.640 2.638 2.566 1.573 
7.500 7.940 1.453 2.007 2.217 2.463 2.709 2.734 2.695 2.649 2.769 2.747 2.828 2.739 2.713 2.671 2.639 2.637 2.565 1.572 
7.500 10.000 1.453 2.003 2.214 2.459 2.705 2.732 2.693 2.648 2.768 2.747 2.827 2.738 2.712 2.669 2.637 2.635 2.563 1.570 
7.500 12.590 1.453 1.997 2.208 2.453 2.700 2.728 2.691 2.647 2.767 2.745 2.826 2.736 2.709 2.666 2.634 2.632 2.559 1.567 
7.500 15.850 1.450 1.988 2.199 2.444 2.692 2.721 2.688 2.644 2.765 2.744 2.823 2.733 2.705 2.662 2.629 2.627 2.554 1.563 
7.500 19.950 1.444 1.975 2.186 2.431 2.679 2.712 2.683 2.641 2.762 2.741 2.820 2.729 2.698 2.655 2.622 2.619 2.546 1.556 
7.500 25.120 1.432 1.955 2.166 2.411 2.660 2.697 2.675 2.636 2.757 2.736 2.814 2.723 2.689 2.644 2.611 2.608 2.534 1.547 
7.500 31.620 1.412 1.927 2.137 2.382 2.633 2.677 2.664 2.628 2.750 2.729 2.806 2.713 2.674 2.628 2.594 2.591 2.516 1.532 
7.500 39.810 1.382 1.887 2.098 2.343 2.595 2.648 2.648 2.617 2.740 2.718 2.793 2.698 2.653 2.605 2.570 2.566 2.490 1.511 
7.500 50.120 1.339 1.835 2.045 2.290 2.545 2.609 2.626 2.601 2.724 2.702 2.775 2.676 2.622 2.572 2.535 2.531 2.453 1.483 
7.500 63.100 1.284 1.770 1.979 2.224 2.481 2.559 2.596 2.579 2.702 2.679 2.747 2.643 2.578 2.525 2.487 2.482 2.402 1.444 
7.500 79.430 1.217 1.691 1.900 2.143 2.403 2.497 2.556 2.547 2.669 2.644 2.706 2.596 2.517 2.460 2.420 2.414 2.333 1.393 
7.500 100.000 1.137 1.600 1.808 2.050 2.312 2.421 2.504 2.501 2.621 2.592 2.646 2.529 2.433 2.371 2.329 2.323 2.241 1.325 
7.500 125.890 1.047 1.497 1.705 1.945 2.206 2.330 2.435 2.438 2.552 2.518 2.561 2.434 2.318 2.251 2.206 2.199 2.120 1.237 
7.500 158.490 0.947 1.385 1.591 1.827 2.085 2.221 2.343 2.349 2.455 2.412 2.440 2.300 2.163 2.089 2.041 2.035 1.961 1.123 
7.500 199.530 0.837 1.262 1.467 1.699 1.949 2.091 2.225 2.228 2.320 2.265 2.274 2.118 1.957 1.875 1.824 1.818 1.754 0.976 
7.500 251.190 0.717 1.129 1.331 1.557 1.796 1.937 2.074 2.068 2.141 2.069 2.052 1.877 1.688 1.598 1.544 1.539 1.490 0.790 
7.500 316.230 0.585 0.984 1.183 1.401 1.623 1.757 1.887 1.867 1.912 1.817 1.768 1.569 1.348 1.248 1.191 1.187 1.159 0.559 
7.500 398.110 0.440 0.826 1.021 1.229 1.426 1.547 1.662 1.619 1.629 1.505 1.415 1.184 0.926 0.813 0.753 0.751 0.751 0.279 
7.500 501.190 0.279 0.651 0.841 1.035 1.202 1.302 1.395 1.323 1.287 1.125 0.983 0.713 0.408 0.279 0.215 0.216 0.253 -0.057 
7.500 630.960 0.098 0.457 0.640 0.817 0.944 1.018 1.080 0.969 0.875 0.666 0.458 0.138 -0.225 -0.373 -0.443 -0.437 -0.355 -0.458 
7.500 794.330 -0.109 0.236 0.412 0.568 0.644 0.684 0.707 0.547 0.380 0.110 -0.181 -0.562 -0.999 -1.171 -1.248 -1.238 -1.096 -0.941 
7.500 1000.000 -0.347 -0.015 0.150 0.279 0.291 0.288 0.263 0.041 -0.219 -0.565 -0.960 -1.420 -1.949 -2.152 -2.237 -2.220 -2.005 -1.523 
7.750 1.000 1.550 2.117 2.319 2.551 2.783 2.803 2.756 2.698 2.804 2.771 2.840 2.734 2.689 2.649 2.619 2.618 2.549 1.609 
7.750 1.260 1.550 2.117 2.319 2.551 2.783 2.802 2.756 2.698 2.804 2.771 2.840 2.734 2.689 2.649 2.618 2.618 2.549 1.609 
7.750 1.580 1.551 2.117 2.319 2.551 2.783 2.802 2.756 2.698 2.804 2.770 2.840 2.734 2.689 2.649 2.618 2.618 2.549 1.609 
7.750 2.000 1.552 2.116 2.319 2.551 2.783 2.802 2.756 2.698 2.804 2.770 2.840 2.734 2.689 2.649 2.618 2.618 2.549 1.609 
7.750 2.510 1.553 2.116 2.318 2.551 2.783 2.802 2.756 2.698 2.804 2.770 2.840 2.734 2.689 2.649 2.618 2.618 2.549 1.609 
7.750 3.160 1.555 2.116 2.318 2.551 2.783 2.802 2.755 2.698 2.804 2.770 2.840 2.734 2.689 2.648 2.618 2.618 2.549 1.609 
7.750 3.980 1.557 2.116 2.318 2.550 2.782 2.802 2.755 2.698 2.804 2.770 2.840 2.734 2.689 2.648 2.618 2.618 2.549 1.609 
7.750 5.010 1.559 2.115 2.317 2.550 2.782 2.801 2.755 2.698 2.804 2.770 2.839 2.734 2.688 2.648 2.618 2.617 2.548 1.609 
7.750 6.310 1.561 2.114 2.316 2.549 2.781 2.801 2.755 2.697 2.803 2.770 2.839 2.733 2.688 2.647 2.617 2.617 2.548 1.608 
7.750 7.940 1.563 2.113 2.315 2.547 2.780 2.800 2.754 2.697 2.803 2.770 2.839 2.733 2.687 2.647 2.616 2.616 2.547 1.608 
7.750 10.000 1.565 2.111 2.313 2.545 2.778 2.798 2.754 2.697 2.803 2.769 2.838 2.732 2.686 2.645 2.615 2.615 2.546 1.607 
7.750 12.590 1.567 2.107 2.310 2.542 2.775 2.796 2.752 2.696 2.802 2.769 2.837 2.731 2.684 2.644 2.613 2.613 2.543 1.605 
7.750 15.850 1.568 2.102 2.304 2.537 2.770 2.792 2.750 2.695 2.801 2.767 2.836 2.729 2.682 2.641 2.610 2.609 2.540 1.602 
7.750 19.950 1.566 2.094 2.296 2.528 2.762 2.786 2.747 2.693 2.799 2.765 2.834 2.726 2.677 2.636 2.605 2.604 2.535 1.598 
7.750 25.120 1.561 2.082 2.284 2.516 2.750 2.778 2.743 2.690 2.796 2.763 2.830 2.722 2.671 2.629 2.598 2.597 2.527 1.592 
7.750 31.620 1.551 2.063 2.265 2.497 2.732 2.764 2.736 2.685 2.792 2.758 2.824 2.715 2.660 2.618 2.586 2.585 2.514 1.583 
7.750 39.810 1.533 2.037 2.238 2.470 2.707 2.745 2.726 2.678 2.785 2.751 2.816 2.705 2.645 2.601 2.568 2.567 2.495 1.569 
7.750 50.120 1.505 1.999 2.201 2.433 2.670 2.717 2.711 2.668 2.775 2.740 2.802 2.688 2.622 2.576 2.542 2.541 2.468 1.548 
7.750 63.100 1.465 1.949 2.150 2.382 2.621 2.680 2.689 2.652 2.759 2.723 2.782 2.664 2.588 2.539 2.504 2.502 2.428 1.519 
7.750 79.430 1.412 1.885 2.086 2.316 2.558 2.630 2.659 2.629 2.736 2.698 2.751 2.628 2.539 2.487 2.450 2.447 2.373 1.479 
7.750 100.000 1.345 1.806 2.007 2.236 2.479 2.566 2.618 2.595 2.699 2.659 2.704 2.574 2.470 2.413 2.374 2.370 2.296 1.424 
7.750 125.890 1.265 1.714 1.914 2.141 2.384 2.487 2.562 2.545 2.645 2.599 2.634 2.494 2.371 2.309 2.267 2.263 2.190 1.350 
7.750 158.490 1.172 1.609 1.807 2.031 2.273 2.389 2.485 2.471 2.564 2.510 2.531 2.379 2.234 2.165 2.120 2.116 2.047 1.250 
7.750 199.530 1.067 1.492 1.688 1.908 2.144 2.269 2.380 2.366 2.445 2.380 2.383 2.215 2.045 1.969 1.921 1.917 1.857 1.117 
7.750 251.190 0.951 1.363 1.557 1.771 1.996 2.123 2.240 2.220 2.281 2.199 2.177 1.990 1.792 1.707 1.656 1.653 1.606 0.942 
7.750 316.230 0.822 1.221 1.412 1.618 1.826 1.948 2.062 2.028 2.063 1.959 1.905 1.694 1.464 1.368 1.314 1.312 1.285 0.720 
7.750 398.110 0.679 1.064 1.251 1.447 1.632 1.742 1.843 1.787 1.787 1.654 1.560 1.317 1.049 0.941 0.883 0.883 0.884 0.446 
7.750 501.190 0.519 0.891 1.073 1.255 1.409 1.500 1.579 1.494 1.449 1.278 1.132 0.850 0.535 0.412 0.350 0.353 0.390 0.114 
7.750 630.960 0.338 0.697 0.872 1.038 1.152 1.216 1.266 1.143 1.039 0.821 0.609 0.279 -0.095 -0.238 -0.305 -0.298 -0.215 -0.286 
7.750 794.330 0.132 0.477 0.644 0.789 0.853 0.883 0.894 0.722 0.545 0.267 -0.028 -0.420 -0.867 -1.035 -1.108 -1.096 -0.954 -0.767 
7.750 1000.000 -0.105 0.226 0.383 0.501 0.501 0.488 0.450 0.216 -0.052 -0.406 -0.806 -1.277 -1.816 -2.014 -2.096 -2.078 -1.862 -1.349 
8.000 1.000 1.655 2.216 2.409 2.628 2.846 2.864 2.816 2.748 2.839 2.792 2.847 2.722 2.652 2.613 2.583 2.585 2.520 1.641 
8.000 1.260 1.656 2.216 2.409 2.628 2.846 2.864 2.816 2.748 2.839 2.792 2.847 2.722 2.652 2.613 2.583 2.585 2.520 1.641 
8.000 1.580 1.656 2.216 2.409 2.628 2.846 2.864 2.816 2.748 2.839 2.792 2.847 2.722 2.652 2.613 2.583 2.585 2.520 1.641 
8.000 2.000 1.657 2.216 2.409 2.628 2.846 2.864 2.816 2.748 2.839 2.792 2.847 2.722 2.652 2.613 2.583 2.585 2.520 1.641 
8.000 2.510 1.659 2.216 2.409 2.628 2.846 2.864 2.816 2.748 2.839 2.792 2.847 2.722 2.652 2.613 2.583 2.585 2.520 1.641 
8.000 3.160 1.660 2.216 2.409 2.628 2.846 2.864 2.816 2.748 2.839 2.792 2.847 2.722 2.652 2.613 2.583 2.585 2.519 1.641 
8.000 3.980 1.662 2.216 2.409 2.628 2.846 2.863 2.816 2.748 2.839 2.792 2.847 2.722 2.652 2.612 2.583 2.584 2.519 1.641 
8.000 5.010 1.664 2.215 2.409 2.628 2.846 2.863 2.816 2.748 2.839 2.792 2.847 2.722 2.652 2.612 2.583 2.584 2.519 1.641 
8.000 6.310 1.666 2.215 2.408 2.627 2.845 2.863 2.815 2.748 2.839 2.792 2.847 2.721 2.652 2.612 2.582 2.584 2.519 1.641 
8.000 7.940 1.669 2.214 2.407 2.626 2.844 2.862 2.815 2.747 2.838 2.791 2.846 2.721 2.651 2.611 2.582 2.583 2.518 1.640 
8.000 10.000 1.672 2.213 2.406 2.625 2.843 2.861 2.815 2.747 2.838 2.791 2.846 2.721 2.650 2.611 2.581 2.583 2.517 1.640 
8.000 12.590 1.674 2.211 2.404 2.623 2.841 2.860 2.814 2.747 2.838 2.791 2.845 2.720 2.649 2.609 2.580 2.581 2.516 1.639 
8.000 15.850 1.677 2.208 2.401 2.620 2.838 2.858 2.813 2.746 2.837 2.790 2.844 2.719 2.647 2.607 2.578 2.579 2.514 1.637 
8.000 19.950 1.678 2.203 2.396 2.615 2.834 2.854 2.811 2.745 2.836 2.789 2.843 2.717 2.645 2.604 2.574 2.576 2.510 1.635 
8.000 25.120 1.678 2.196 2.389 2.607 2.826 2.849 2.808 2.743 2.834 2.787 2.840 2.714 2.640 2.599 2.569 2.570 2.505 1.631 
8.000 31.620 1.674 2.184 2.377 2.596 2.815 2.841 2.804 2.740 2.831 2.784 2.837 2.709 2.633 2.591 2.561 2.562 2.496 1.625 
8.000 39.810 1.665 2.167 2.360 2.578 2.799 2.828 2.798 2.736 2.827 2.779 2.830 2.701 2.622 2.579 2.548 2.549 2.483 1.615 
8.000 50.120 1.650 2.142 2.335 2.553 2.774 2.809 2.788 2.729 2.820 2.771 2.821 2.689 2.605 2.561 2.529 2.530 2.463 1.601 
8.000 63.100 1.624 2.106 2.299 2.516 2.739 2.783 2.773 2.719 2.809 2.760 2.806 2.671 2.579 2.533 2.500 2.501 2.433 1.581 
8.000 79.430 1.586 2.058 2.250 2.467 2.691 2.745 2.752 2.703 2.792 2.741 2.783 2.643 2.541 2.492 2.458 2.457 2.389 1.550 
8.000 100.000 1.534 1.995 2.186 2.402 2.627 2.695 2.721 2.678 2.766 2.711 2.746 2.601 2.484 2.431 2.395 2.394 2.326 1.507 
8.000 125.890 1.467 1.916 2.107 2.321 2.546 2.629 2.677 2.639 2.723 2.664 2.690 2.536 2.402 2.344 2.305 2.304 2.237 1.446 
8.000 158.490 1.386 1.822 2.012 2.223 2.447 2.543 2.613 2.580 2.657 2.591 2.604 2.438 2.283 2.218 2.177 2.175 2.112 1.361 
8.000 199.530 1.289 1.714 1.901 2.109 2.328 2.435 2.522 2.490 2.556 2.479 2.474 2.293 2.113 2.042 1.997 1.995 1.939 1.243 
8.000 251.190 1.179 1.591 1.776 1.978 2.188 2.300 2.397 2.360 2.408 2.316 2.287 2.087 1.879 1.798 1.750 1.750 1.706 1.083 
8.000 316.230 1.055 1.453 1.636 1.830 2.024 2.133 2.230 2.181 2.204 2.091 2.030 1.807 1.566 1.475 1.423 1.424 1.400 0.873 
8.000 398.110 0.914 1.300 1.478 1.662 1.834 1.932 2.018 1.949 1.938 1.796 1.696 1.441 1.162 1.058 1.003 1.006 1.008 0.607 
8.000 501.190 0.756 1.128 1.302 1.473 1.614 1.694 1.759 1.661 1.606 1.427 1.274 0.981 0.656 0.537 0.477 0.483 0.521 0.280 
8.000 630.960 0.577 0.936 1.103 1.257 1.359 1.413 1.448 1.313 1.200 0.973 0.756 0.414 0.030 -0.108 -0.173 -0.164 -0.080 -0.117 
8.000 794.330 0.372 0.717 0.876 1.009 1.061 1.081 1.078 0.894 0.708 0.422 0.121 -0.282 -0.739 -0.902 -0.973 -0.959 -0.817 -0.596 
8.000 1000.000 0.135 0.466 0.615 0.722 0.710 0.687 0.635 0.390 0.112 -0.251 -0.655 -1.136 -1.686 -1.879 -1.958 -1.938 -1.722 -1.176 
