GarciaEtAl2005SSlab_CanadaSHM6-trial modified from OpenQuake implementation, distance is rhypo. Log10 ground motion values in cgs units, PGV and Sa(T<0.1s) not valid
          14 31 18 : nmag, ndist, nperiod
          10.000 5.000 4.000 3.000 2.000 1.500 1.000 0.750 0.500 0.400 0.300 0.200 0.100 0.070 0.050 0.040 PGA PGV 
          0.567 0.567 0.583 0.605 0.607 0.645 0.638 0.631 0.609 0.626 0.637 0.644 0.770 0.775 0.773 0.733 0.657 0.593
4.750 1.000 -0.421 0.156 0.427 0.783 1.213 1.520 1.872 2.095 2.404 2.545 2.738 2.866 3.010 2.933 2.854 2.804 2.596 1.017 
4.750 1.260 -0.445 0.130 0.401 0.757 1.188 1.494 1.846 2.070 2.379 2.519 2.713 2.840 2.985 2.908 2.829 2.778 2.570 0.992 
4.750 1.580 -0.477 0.095 0.366 0.722 1.152 1.459 1.811 2.035 2.344 2.484 2.678 2.806 2.950 2.873 2.794 2.743 2.535 0.956 
4.750 2.000 -0.520 0.048 0.320 0.676 1.106 1.413 1.765 1.989 2.298 2.438 2.632 2.760 2.904 2.827 2.747 2.696 2.488 0.910 
4.750 2.510 -0.575 -0.009 0.262 0.618 1.048 1.355 1.707 1.931 2.240 2.381 2.575 2.703 2.847 2.769 2.689 2.638 2.430 0.852 
4.750 3.160 -0.639 -0.078 0.193 0.549 0.980 1.286 1.638 1.863 2.172 2.313 2.506 2.635 2.779 2.701 2.620 2.569 2.361 0.783 
4.750 3.980 -0.711 -0.156 0.115 0.471 0.902 1.209 1.561 1.785 2.094 2.235 2.428 2.557 2.701 2.623 2.542 2.490 2.282 0.705 
4.750 5.010 -0.790 -0.241 0.030 0.386 0.817 1.123 1.475 1.700 2.009 2.150 2.343 2.471 2.615 2.537 2.455 2.403 2.195 0.619 
4.750 6.310 -0.874 -0.331 -0.060 0.296 0.726 1.033 1.385 1.609 1.918 2.058 2.251 2.380 2.523 2.444 2.362 2.309 2.102 0.527 
4.750 7.940 -0.961 -0.426 -0.154 0.201 0.632 0.938 1.289 1.513 1.822 1.962 2.155 2.283 2.426 2.346 2.263 2.211 2.004 0.431 
4.750 10.000 -1.050 -0.523 -0.252 0.104 0.534 0.840 1.191 1.415 1.723 1.862 2.054 2.182 2.324 2.244 2.161 2.108 1.901 0.331 
4.750 12.590 -1.139 -0.622 -0.351 0.005 0.434 0.739 1.090 1.313 1.621 1.759 1.950 2.077 2.218 2.137 2.054 2.001 1.795 0.229 
4.750 15.850 -1.230 -0.722 -0.451 -0.096 0.332 0.637 0.987 1.209 1.516 1.653 1.842 1.968 2.108 2.027 1.943 1.890 1.685 0.123 
4.750 19.950 -1.322 -0.824 -0.553 -0.199 0.229 0.532 0.882 1.103 1.408 1.544 1.731 1.856 1.994 1.912 1.827 1.774 1.571 0.015 
4.750 25.120 -1.414 -0.927 -0.657 -0.303 0.123 0.426 0.774 0.994 1.297 1.431 1.616 1.739 1.875 1.792 1.706 1.653 1.452 -0.096 
4.750 31.620 -1.507 -1.031 -0.761 -0.408 0.016 0.317 0.664 0.882 1.182 1.314 1.495 1.616 1.749 1.665 1.580 1.527 1.327 -0.210 
4.750 39.810 -1.600 -1.137 -0.868 -0.515 -0.094 0.206 0.551 0.766 1.063 1.192 1.369 1.487 1.617 1.531 1.445 1.392 1.196 -0.329 
4.750 50.120 -1.695 -1.245 -0.975 -0.625 -0.206 0.091 0.434 0.646 0.938 1.063 1.236 1.350 1.475 1.388 1.301 1.248 1.056 -0.453 
4.750 63.100 -1.792 -1.354 -1.086 -0.736 -0.322 -0.027 0.312 0.521 0.807 0.928 1.093 1.203 1.322 1.233 1.145 1.093 0.905 -0.583 
4.750 79.430 -1.891 -1.466 -1.198 -0.851 -0.442 -0.151 0.185 0.389 0.668 0.782 0.940 1.043 1.155 1.063 0.975 0.923 0.741 -0.721 
4.750 100.000 -1.993 -1.581 -1.315 -0.970 -0.567 -0.280 0.051 0.248 0.518 0.625 0.772 0.867 0.970 0.875 0.786 0.735 0.560 -0.869 
4.750 125.890 -2.099 -1.700 -1.435 -1.094 -0.699 -0.417 -0.093 0.097 0.355 0.453 0.587 0.672 0.763 0.664 0.574 0.524 0.358 -1.030 
4.750 158.490 -2.210 -1.825 -1.561 -1.224 -0.839 -0.564 -0.247 -0.067 0.176 0.261 0.379 0.452 0.528 0.425 0.333 0.284 0.130 -1.207 
4.750 199.530 -2.327 -1.955 -1.693 -1.362 -0.989 -0.723 -0.416 -0.249 -0.024 0.047 0.143 0.201 0.258 0.149 0.056 0.007 -0.132 -1.403 
4.750 251.190 -2.451 -2.093 -1.834 -1.509 -1.153 -0.898 -0.603 -0.451 -0.249 -0.198 -0.128 -0.090 -0.055 -0.173 -0.268 -0.315 -0.435 -1.624 
4.750 316.230 -2.586 -2.241 -1.985 -1.669 -1.333 -1.091 -0.812 -0.680 -0.507 -0.480 -0.443 -0.430 -0.425 -0.552 -0.649 -0.694 -0.791 -1.877 
4.750 398.110 -2.733 -2.402 -2.150 -1.844 -1.534 -1.309 -1.050 -0.942 -0.806 -0.809 -0.814 -0.832 -0.864 -1.003 -1.104 -1.146 -1.214 -2.170 
4.750 501.190 -2.895 -2.578 -2.331 -2.039 -1.760 -1.558 -1.323 -1.246 -1.156 -1.198 -1.255 -1.312 -1.390 -1.545 -1.650 -1.690 -1.720 -2.512 
4.750 630.960 -3.077 -2.774 -2.534 -2.259 -2.020 -1.845 -1.641 -1.603 -1.572 -1.661 -1.785 -1.891 -2.027 -2.202 -2.312 -2.348 -2.331 -2.917 
4.750 794.330 -3.284 -2.995 -2.763 -2.509 -2.321 -2.180 -2.015 -2.026 -2.069 -2.219 -2.426 -2.594 -2.804 -3.003 -3.120 -3.150 -3.075 -3.401 
4.750 1000.000 -3.523 -3.247 -3.026 -2.798 -2.674 -2.576 -2.461 -2.533 -2.669 -2.895 -3.206 -3.453 -3.755 -3.985 -4.110 -4.135 -3.985 -3.984 
5.000 1.000 -0.279 0.292 0.556 0.900 1.318 1.615 1.954 2.166 2.465 2.598 2.787 2.904 3.038 2.966 2.890 2.842 2.634 1.087 
5.000 1.260 -0.293 0.276 0.539 0.884 1.302 1.599 1.938 2.149 2.449 2.582 2.771 2.888 3.022 2.950 2.874 2.826 2.618 1.071 
5.000 1.580 -0.314 0.253 0.516 0.861 1.279 1.576 1.914 2.126 2.426 2.559 2.748 2.865 2.999 2.927 2.851 2.802 2.594 1.048 
5.000 2.000 -0.344 0.220 0.484 0.828 1.246 1.543 1.882 2.094 2.394 2.526 2.716 2.832 2.967 2.895 2.818 2.770 2.562 1.015 
5.000 2.510 -0.384 0.177 0.440 0.785 1.203 1.500 1.839 2.051 2.351 2.483 2.673 2.789 2.924 2.852 2.775 2.726 2.518 0.971 
5.000 3.160 -0.435 0.122 0.385 0.730 1.148 1.445 1.784 1.996 2.296 2.429 2.618 2.735 2.869 2.797 2.720 2.670 2.462 0.916 
5.000 3.980 -0.496 0.056 0.319 0.664 1.082 1.379 1.718 1.930 2.230 2.363 2.552 2.669 2.803 2.730 2.653 2.603 2.395 0.850 
5.000 5.010 -0.566 -0.020 0.243 0.588 1.007 1.303 1.642 1.854 2.154 2.287 2.476 2.593 2.727 2.654 2.575 2.526 2.318 0.773 
5.000 6.310 -0.643 -0.103 0.160 0.504 0.923 1.219 1.558 1.770 2.070 2.202 2.391 2.508 2.642 2.568 2.489 2.439 2.232 0.689 
5.000 7.940 -0.725 -0.193 0.070 0.415 0.833 1.129 1.468 1.680 1.979 2.111 2.300 2.417 2.550 2.476 2.396 2.346 2.139 0.597 
5.000 10.000 -0.811 -0.286 -0.023 0.321 0.739 1.035 1.373 1.584 1.884 2.015 2.203 2.319 2.452 2.377 2.297 2.247 2.040 0.501 
5.000 12.590 -0.899 -0.383 -0.120 0.224 0.641 0.936 1.274 1.485 1.784 1.914 2.101 2.217 2.349 2.273 2.193 2.142 1.936 0.401 
5.000 15.850 -0.989 -0.482 -0.220 0.124 0.541 0.835 1.173 1.383 1.680 1.810 1.995 2.110 2.241 2.164 2.083 2.033 1.828 0.297 
5.000 19.950 -1.080 -0.583 -0.321 0.023 0.438 0.732 1.068 1.278 1.574 1.702 1.885 1.999 2.128 2.051 1.969 1.918 1.715 0.190 
5.000 25.120 -1.171 -0.686 -0.423 -0.081 0.333 0.626 0.962 1.169 1.463 1.590 1.771 1.883 2.009 1.931 1.849 1.798 1.597 0.080 
5.000 31.620 -1.264 -0.790 -0.528 -0.186 0.226 0.518 0.852 1.058 1.349 1.473 1.651 1.761 1.885 1.806 1.723 1.672 1.473 -0.034 
5.000 39.810 -1.358 -0.895 -0.634 -0.293 0.117 0.407 0.739 0.943 1.230 1.352 1.525 1.632 1.752 1.672 1.589 1.538 1.342 -0.153 
5.000 50.120 -1.453 -1.003 -0.741 -0.402 0.005 0.293 0.622 0.823 1.106 1.224 1.392 1.496 1.611 1.529 1.445 1.395 1.202 -0.276 
5.000 63.100 -1.550 -1.112 -0.851 -0.514 -0.111 0.174 0.501 0.698 0.975 1.088 1.250 1.349 1.458 1.374 1.290 1.239 1.051 -0.407 
5.000 79.430 -1.649 -1.224 -0.964 -0.628 -0.231 0.051 0.374 0.566 0.836 0.943 1.097 1.189 1.291 1.205 1.120 1.070 0.887 -0.545 
5.000 100.000 -1.751 -1.339 -1.080 -0.747 -0.356 -0.078 0.239 0.425 0.686 0.786 0.929 1.014 1.107 1.017 0.931 0.882 0.707 -0.693 
5.000 125.890 -1.857 -1.458 -1.201 -0.871 -0.488 -0.216 0.096 0.274 0.524 0.613 0.744 0.819 0.900 0.807 0.719 0.671 0.505 -0.853 
5.000 158.490 -1.967 -1.582 -1.326 -1.001 -0.628 -0.362 -0.059 0.110 0.345 0.422 0.536 0.599 0.665 0.567 0.478 0.431 0.277 -1.030 
5.000 199.530 -2.084 -1.713 -1.459 -1.139 -0.778 -0.521 -0.227 -0.071 0.145 0.208 0.300 0.347 0.396 0.291 0.201 0.154 0.015 -1.226 
5.000 251.190 -2.209 -1.851 -1.600 -1.286 -0.942 -0.696 -0.414 -0.273 -0.080 -0.037 0.029 0.057 0.082 -0.030 -0.123 -0.168 -0.288 -1.448 
5.000 316.230 -2.343 -1.999 -1.751 -1.446 -1.121 -0.889 -0.623 -0.502 -0.338 -0.319 -0.286 -0.283 -0.287 -0.409 -0.504 -0.547 -0.645 -1.700 
5.000 398.110 -2.490 -2.159 -1.916 -1.621 -1.322 -1.107 -0.861 -0.764 -0.637 -0.648 -0.657 -0.685 -0.726 -0.861 -0.959 -0.999 -1.067 -1.993 
5.000 501.190 -2.653 -2.336 -2.097 -1.816 -1.549 -1.356 -1.134 -1.068 -0.988 -1.037 -1.098 -1.166 -1.253 -1.403 -1.505 -1.543 -1.573 -2.335 
5.000 630.960 -2.835 -2.532 -2.300 -2.035 -1.809 -1.643 -1.452 -1.425 -1.403 -1.500 -1.628 -1.744 -1.890 -2.059 -2.167 -2.201 -2.185 -2.740 
5.000 794.330 -3.042 -2.753 -2.529 -2.286 -2.110 -1.978 -1.827 -1.849 -1.900 -2.058 -2.268 -2.447 -2.666 -2.860 -2.974 -3.003 -2.928 -3.224 
5.000 1000.000 -3.280 -3.005 -2.791 -2.575 -2.462 -2.374 -2.272 -2.356 -2.500 -2.734 -3.049 -3.306 -3.618 -3.843 -3.965 -3.988 -3.839 -3.807 
5.250 1.000 -0.146 0.420 0.676 1.009 1.415 1.702 2.027 2.227 2.518 2.642 2.827 2.932 3.057 2.991 2.918 2.871 2.663 1.148 
5.250 1.260 -0.154 0.411 0.666 0.999 1.405 1.692 2.018 2.217 2.508 2.632 2.817 2.923 3.048 2.981 2.908 2.861 2.654 1.138 
5.250 1.580 -0.166 0.396 0.651 0.984 1.391 1.678 2.003 2.203 2.494 2.618 2.803 2.908 3.033 2.966 2.893 2.847 2.639 1.124 
5.250 2.000 -0.185 0.375 0.630 0.963 1.369 1.657 1.982 2.182 2.472 2.597 2.782 2.887 3.012 2.945 2.872 2.825 2.617 1.102 
5.250 2.510 -0.212 0.345 0.600 0.933 1.339 1.627 1.952 2.152 2.442 2.567 2.752 2.857 2.982 2.915 2.841 2.795 2.587 1.072 
5.250 3.160 -0.248 0.304 0.560 0.893 1.299 1.586 1.911 2.111 2.402 2.526 2.711 2.817 2.942 2.874 2.800 2.754 2.546 1.031 
5.250 3.980 -0.296 0.252 0.508 0.841 1.247 1.534 1.859 2.059 2.350 2.475 2.659 2.765 2.890 2.822 2.748 2.701 2.493 0.979 
5.250 5.010 -0.354 0.189 0.444 0.777 1.184 1.471 1.796 1.996 2.287 2.411 2.596 2.701 2.826 2.758 2.683 2.636 2.428 0.915 
5.250 6.310 -0.421 0.116 0.371 0.704 1.110 1.397 1.722 1.922 2.213 2.337 2.521 2.627 2.751 2.683 2.607 2.560 2.352 0.840 
5.250 7.940 -0.496 0.034 0.289 0.622 1.028 1.314 1.639 1.839 2.130 2.253 2.437 2.543 2.667 2.598 2.522 2.474 2.267 0.757 
5.250 10.000 -0.577 -0.055 0.200 0.533 0.939 1.225 1.550 1.749 2.040 2.163 2.346 2.452 2.574 2.505 2.428 2.380 2.174 0.666 
5.250 12.590 -0.662 -0.148 0.107 0.440 0.845 1.131 1.455 1.654 1.944 2.066 2.249 2.353 2.475 2.405 2.328 2.280 2.074 0.570 
5.250 15.850 -0.749 -0.245 0.010 0.343 0.747 1.032 1.356 1.555 1.843 1.964 2.145 2.250 2.370 2.299 2.222 2.173 1.968 0.468 
5.250 19.950 -0.838 -0.344 -0.089 0.243 0.646 0.931 1.254 1.451 1.738 1.858 2.037 2.140 2.259 2.188 2.109 2.060 1.857 0.363 
5.250 25.120 -0.929 -0.445 -0.191 0.140 0.542 0.826 1.148 1.344 1.629 1.747 1.924 2.026 2.143 2.070 1.991 1.942 1.740 0.254 
5.250 31.620 -1.022 -0.549 -0.295 0.036 0.436 0.718 1.039 1.233 1.515 1.632 1.806 1.905 2.019 1.945 1.866 1.817 1.617 0.141 
5.250 39.810 -1.115 -0.654 -0.400 -0.070 0.327 0.608 0.927 1.119 1.397 1.511 1.681 1.777 1.888 1.812 1.732 1.683 1.487 0.023 
5.250 50.120 -1.210 -0.761 -0.508 -0.179 0.216 0.494 0.810 0.999 1.274 1.384 1.548 1.641 1.747 1.670 1.589 1.540 1.348 -0.100 
5.250 63.100 -1.307 -0.870 -0.617 -0.291 0.100 0.376 0.689 0.874 1.143 1.248 1.407 1.494 1.595 1.516 1.434 1.386 1.197 -0.230 
5.250 79.430 -1.406 -0.982 -0.730 -0.406 -0.020 0.253 0.562 0.743 1.004 1.103 1.253 1.335 1.428 1.347 1.264 1.216 1.034 -0.368 
5.250 100.000 -1.508 -1.097 -0.846 -0.524 -0.145 0.123 0.428 0.602 0.855 0.946 1.086 1.160 1.244 1.159 1.076 1.028 0.853 -0.516 
5.250 125.890 -1.614 -1.216 -0.966 -0.648 -0.276 -0.014 0.285 0.451 0.692 0.774 0.901 0.965 1.037 0.949 0.864 0.817 0.652 -0.677 
5.250 158.490 -1.725 -1.340 -1.092 -0.778 -0.416 -0.161 0.130 0.287 0.513 0.583 0.693 0.745 0.803 0.709 0.623 0.577 0.423 -0.853 
5.250 199.530 -1.842 -1.470 -1.224 -0.916 -0.567 -0.320 -0.039 0.106 0.314 0.369 0.458 0.494 0.533 0.433 0.346 0.301 0.162 -1.049 
5.250 251.190 -1.967 -1.608 -1.365 -1.063 -0.730 -0.494 -0.225 -0.096 0.088 0.124 0.187 0.203 0.219 0.112 0.022 -0.021 -0.142 -1.271 
5.250 316.230 -2.101 -1.757 -1.517 -1.223 -0.910 -0.688 -0.435 -0.325 -0.170 -0.158 -0.129 -0.137 -0.150 -0.267 -0.359 -0.401 -0.498 -1.524 
5.250 398.110 -2.248 -1.917 -1.681 -1.398 -1.111 -0.905 -0.672 -0.587 -0.469 -0.487 -0.500 -0.539 -0.589 -0.718 -0.814 -0.853 -0.920 -1.816 
5.250 501.190 -2.410 -2.093 -1.863 -1.593 -1.338 -1.154 -0.945 -0.891 -0.819 -0.876 -0.941 -1.019 -1.116 -1.260 -1.360 -1.396 -1.426 -2.158 
5.250 630.960 -2.593 -2.289 -2.065 -1.812 -1.597 -1.441 -1.263 -1.248 -1.235 -1.339 -1.470 -1.598 -1.753 -1.917 -2.022 -2.054 -2.038 -2.563 
5.250 794.330 -2.800 -2.510 -2.294 -2.063 -1.898 -1.776 -1.638 -1.672 -1.732 -1.897 -2.111 -2.301 -2.529 -2.718 -2.829 -2.856 -2.781 -3.047 
5.250 1000.000 -3.038 -2.763 -2.557 -2.352 -2.251 -2.172 -2.083 -2.179 -2.331 -2.573 -2.892 -3.160 -3.481 -3.700 -3.820 -3.841 -3.692 -3.630 
5.500 1.000 -0.018 0.543 0.790 1.112 1.506 1.783 2.095 2.283 2.564 2.680 2.861 2.955 3.070 3.008 2.938 2.894 2.686 1.203 
5.500 1.260 -0.022 0.537 0.784 1.106 1.500 1.777 2.089 2.277 2.558 2.675 2.855 2.949 3.064 3.002 2.932 2.888 2.680 1.197 
5.500 1.580 -0.029 0.528 0.776 1.097 1.491 1.769 2.080 2.268 2.550 2.666 2.846 2.941 3.056 2.994 2.923 2.879 2.672 1.188 
5.500 2.000 -0.040 0.515 0.762 1.084 1.478 1.756 2.067 2.255 2.536 2.653 2.833 2.928 3.042 2.980 2.910 2.866 2.658 1.175 
5.500 2.510 -0.056 0.496 0.743 1.065 1.459 1.736 2.048 2.236 2.517 2.633 2.814 2.908 3.023 2.961 2.890 2.846 2.638 1.156 
5.500 3.160 -0.080 0.468 0.715 1.037 1.431 1.709 2.020 2.208 2.490 2.606 2.786 2.881 2.995 2.933 2.862 2.818 2.610 1.128 
5.500 3.980 -0.113 0.431 0.678 0.999 1.394 1.671 1.983 2.171 2.452 2.568 2.748 2.843 2.957 2.895 2.824 2.779 2.572 1.090 
5.500 5.010 -0.157 0.382 0.629 0.950 1.345 1.622 1.934 2.121 2.403 2.519 2.699 2.793 2.908 2.845 2.774 2.729 2.521 1.040 
5.500 6.310 -0.212 0.321 0.568 0.890 1.284 1.561 1.873 2.060 2.342 2.458 2.638 2.732 2.846 2.783 2.711 2.666 2.459 0.979 
5.500 7.940 -0.277 0.250 0.497 0.819 1.212 1.489 1.801 1.988 2.269 2.385 2.565 2.659 2.773 2.709 2.637 2.591 2.384 0.906 
5.500 10.000 -0.350 0.170 0.417 0.738 1.132 1.408 1.720 1.907 2.188 2.303 2.482 2.576 2.689 2.625 2.552 2.506 2.300 0.823 
5.500 12.590 -0.429 0.083 0.329 0.651 1.044 1.320 1.631 1.818 2.098 2.212 2.390 2.484 2.596 2.531 2.458 2.412 2.206 0.733 
5.500 15.850 -0.513 -0.010 0.237 0.558 0.950 1.226 1.536 1.722 2.001 2.115 2.292 2.385 2.496 2.430 2.356 2.309 2.105 0.636 
5.500 19.950 -0.600 -0.107 0.140 0.460 0.852 1.127 1.437 1.622 1.899 2.012 2.187 2.279 2.388 2.322 2.247 2.200 1.997 0.534 
5.500 25.120 -0.689 -0.206 0.040 0.360 0.750 1.024 1.333 1.517 1.792 1.903 2.076 2.166 2.274 2.206 2.130 2.084 1.882 0.427 
5.500 31.620 -0.780 -0.308 -0.062 0.257 0.645 0.918 1.225 1.408 1.681 1.789 1.959 2.047 2.152 2.083 2.007 1.960 1.761 0.315 
5.500 39.810 -0.873 -0.413 -0.167 0.151 0.537 0.808 1.114 1.294 1.564 1.669 1.835 1.921 2.022 1.952 1.874 1.828 1.631 0.198 
5.500 50.120 -0.968 -0.519 -0.274 0.043 0.426 0.695 0.998 1.175 1.441 1.543 1.704 1.785 1.882 1.810 1.732 1.685 1.493 0.075 
5.500 63.100 -1.065 -0.628 -0.384 -0.068 0.311 0.577 0.877 1.051 1.311 1.408 1.562 1.639 1.730 1.656 1.578 1.531 1.343 -0.054 
5.500 79.430 -1.164 -0.740 -0.496 -0.183 0.191 0.454 0.751 0.919 1.172 1.263 1.410 1.481 1.564 1.488 1.408 1.362 1.180 -0.192 
5.500 100.000 -1.266 -0.855 -0.612 -0.301 0.066 0.325 0.617 0.779 1.023 1.107 1.243 1.306 1.380 1.301 1.220 1.175 0.999 -0.340 
5.500 125.890 -1.372 -0.974 -0.732 -0.425 -0.065 0.188 0.473 0.628 0.860 0.935 1.058 1.111 1.174 1.090 1.009 0.964 0.798 -0.500 
5.500 158.490 -1.482 -1.098 -0.858 -0.555 -0.205 0.041 0.319 0.464 0.682 0.744 0.850 0.891 0.939 0.851 0.768 0.724 0.570 -0.676 
5.500 199.530 -1.599 -1.228 -0.990 -0.692 -0.355 -0.118 0.150 0.283 0.482 0.529 0.615 0.640 0.670 0.576 0.491 0.448 0.308 -0.873 
5.500 251.190 -1.724 -1.366 -1.131 -0.840 -0.519 -0.292 -0.037 0.081 0.257 0.285 0.344 0.350 0.356 0.254 0.167 0.126 0.005 -1.094 
5.500 316.230 -1.859 -1.514 -1.282 -1.000 -0.699 -0.486 -0.246 -0.148 -0.001 0.003 0.029 0.010 -0.013 -0.125 -0.214 -0.254 -0.351 -1.347 
5.500 398.110 -2.005 -1.675 -1.447 -1.175 -0.899 -0.704 -0.483 -0.410 -0.300 -0.326 -0.342 -0.392 -0.452 -0.576 -0.669 -0.706 -0.774 -1.639 
5.500 501.190 -2.168 -1.851 -1.628 -1.370 -1.126 -0.952 -0.756 -0.714 -0.651 -0.715 -0.783 -0.872 -0.978 -1.118 -1.215 -1.249 -1.280 -1.981 
5.500 630.960 -2.350 -2.047 -1.831 -1.589 -1.386 -1.239 -1.074 -1.071 -1.066 -1.178 -1.313 -1.451 -1.616 -1.775 -1.877 -1.907 -1.891 -2.386 
5.500 794.330 -2.557 -2.268 -2.060 -1.840 -1.687 -1.574 -1.449 -1.494 -1.563 -1.736 -1.954 -2.154 -2.392 -2.576 -2.684 -2.709 -2.635 -2.870 
5.500 1000.000 -2.796 -2.520 -2.322 -2.129 -2.040 -1.970 -1.894 -2.001 -2.163 -2.412 -2.734 -3.013 -3.343 -3.558 -3.675 -3.694 -3.545 -3.453 
5.750 1.000 0.106 0.661 0.901 1.211 1.593 1.860 2.159 2.334 2.606 2.714 2.890 2.973 3.078 3.021 2.954 2.911 2.704 1.254 
5.750 1.260 0.104 0.658 0.897 1.208 1.589 1.857 2.155 2.331 2.603 2.711 2.887 2.970 3.075 3.018 2.950 2.908 2.701 1.250 
5.750 1.580 0.101 0.653 0.892 1.202 1.584 1.852 2.150 2.326 2.598 2.706 2.882 2.965 3.069 3.012 2.945 2.903 2.696 1.245 
5.750 2.000 0.096 0.645 0.885 1.195 1.577 1.844 2.142 2.318 2.590 2.698 2.874 2.957 3.062 3.005 2.937 2.895 2.688 1.237 
5.750 2.510 0.087 0.634 0.873 1.183 1.565 1.832 2.131 2.306 2.578 2.686 2.862 2.945 3.050 2.992 2.925 2.882 2.675 1.225 
5.750 3.160 0.072 0.616 0.855 1.165 1.547 1.815 2.113 2.289 2.560 2.668 2.844 2.927 3.032 2.975 2.907 2.864 2.657 1.208 
5.750 3.980 0.051 0.591 0.830 1.140 1.522 1.789 2.088 2.263 2.535 2.643 2.819 2.902 3.006 2.949 2.881 2.838 2.631 1.182 
5.750 5.010 0.021 0.556 0.795 1.105 1.487 1.754 2.052 2.228 2.500 2.608 2.783 2.866 2.971 2.913 2.845 2.802 2.595 1.146 
5.750 6.310 -0.020 0.510 0.749 1.059 1.441 1.708 2.006 2.182 2.453 2.561 2.736 2.819 2.923 2.865 2.797 2.754 2.547 1.099 
5.750 7.940 -0.071 0.452 0.691 1.001 1.383 1.650 1.948 2.123 2.395 2.502 2.677 2.760 2.863 2.805 2.736 2.693 2.487 1.040 
5.750 10.000 -0.133 0.383 0.622 0.932 1.313 1.580 1.878 2.053 2.324 2.431 2.606 2.688 2.791 2.733 2.663 2.619 2.414 0.969 
5.750 12.590 -0.204 0.305 0.544 0.854 1.234 1.501 1.798 1.973 2.244 2.350 2.524 2.606 2.708 2.649 2.578 2.534 2.329 0.888 
5.750 15.850 -0.281 0.219 0.458 0.767 1.147 1.413 1.710 1.884 2.154 2.259 2.432 2.513 2.614 2.554 2.483 2.439 2.235 0.798 
5.750 19.950 -0.364 0.127 0.365 0.675 1.054 1.319 1.615 1.789 2.057 2.161 2.332 2.412 2.512 2.451 2.379 2.335 2.132 0.700 
5.750 25.120 -0.451 0.030 0.269 0.577 0.955 1.219 1.515 1.687 1.953 2.056 2.225 2.304 2.401 2.339 2.267 2.222 2.021 0.596 
5.750 31.620 -0.540 -0.070 0.168 0.476 0.852 1.115 1.409 1.580 1.844 1.944 2.110 2.187 2.282 2.219 2.145 2.101 1.902 0.487 
5.750 39.810 -0.632 -0.173 0.065 0.372 0.746 1.007 1.299 1.468 1.728 1.826 1.988 2.062 2.154 2.089 2.015 1.970 1.774 0.371 
5.750 50.120 -0.726 -0.279 -0.041 0.264 0.635 0.894 1.185 1.350 1.606 1.701 1.858 1.928 2.015 1.949 1.874 1.829 1.636 0.250 
5.750 63.100 -0.823 -0.387 -0.150 0.154 0.521 0.777 1.065 1.226 1.477 1.567 1.717 1.783 1.865 1.796 1.720 1.676 1.488 0.121 
5.750 79.430 -0.921 -0.498 -0.262 0.040 0.402 0.655 0.938 1.096 1.339 1.423 1.565 1.625 1.700 1.628 1.552 1.508 1.325 -0.016 
5.750 100.000 -1.023 -0.613 -0.378 -0.079 0.277 0.526 0.805 0.956 1.190 1.267 1.399 1.451 1.516 1.442 1.364 1.320 1.145 -0.163 
5.750 125.890 -1.129 -0.732 -0.498 -0.202 0.146 0.389 0.662 0.805 1.028 1.095 1.214 1.257 1.310 1.232 1.153 1.110 0.944 -0.324 
5.750 158.490 -1.240 -0.856 -0.624 -0.332 0.006 0.243 0.508 0.641 0.850 0.905 1.007 1.037 1.076 0.993 0.913 0.871 0.716 -0.500 
5.750 199.530 -1.357 -0.986 -0.756 -0.469 -0.144 0.084 0.339 0.460 0.650 0.690 0.772 0.787 0.807 0.718 0.635 0.595 0.455 -0.696 
5.750 251.190 -1.482 -1.124 -0.897 -0.617 -0.307 -0.090 0.152 0.258 0.425 0.446 0.501 0.496 0.493 0.396 0.312 0.273 0.152 -0.917 
5.750 316.230 -1.616 -1.272 -1.048 -0.777 -0.487 -0.284 -0.057 0.030 0.167 0.164 0.186 0.157 0.124 0.017 -0.069 -0.107 -0.204 -1.170 
5.750 398.110 -1.763 -1.433 -1.213 -0.952 -0.688 -0.502 -0.294 -0.233 -0.132 -0.165 -0.185 -0.245 -0.314 -0.434 -0.524 -0.559 -0.627 -1.462 
5.750 501.190 -1.926 -1.609 -1.394 -1.147 -0.915 -0.750 -0.568 -0.537 -0.482 -0.554 -0.626 -0.726 -0.841 -0.976 -1.070 -1.102 -1.133 -1.804 
5.750 630.960 -2.108 -1.805 -1.597 -1.366 -1.174 -1.037 -0.886 -0.894 -0.897 -1.017 -1.156 -1.305 -1.478 -1.632 -1.732 -1.760 -1.744 -2.209 
5.750 794.330 -2.315 -2.026 -1.826 -1.616 -1.475 -1.372 -1.260 -1.317 -1.394 -1.575 -1.796 -2.007 -2.255 -2.433 -2.539 -2.562 -2.488 -2.693 
5.750 1000.000 -2.553 -2.278 -2.088 -1.906 -1.828 -1.768 -1.705 -1.824 -1.994 -2.251 -2.577 -2.866 -3.206 -3.416 -3.530 -3.547 -3.398 -3.277 
6.000 1.000 0.228 0.778 1.009 1.308 1.677 1.935 2.220 2.383 2.645 2.745 2.916 2.987 3.082 3.030 2.965 2.925 2.718 1.301 
6.000 1.260 0.228 0.776 1.007 1.306 1.675 1.933 2.218 2.381 2.643 2.743 2.914 2.985 3.080 3.028 2.963 2.923 2.716 1.299 
6.000 1.580 0.226 0.773 1.004 1.303 1.672 1.930 2.215 2.378 2.640 2.740 2.911 2.982 3.077 3.025 2.960 2.920 2.713 1.296 
6.000 2.000 0.224 0.769 1.000 1.298 1.668 1.926 2.210 2.374 2.636 2.735 2.906 2.978 3.072 3.020 2.955 2.915 2.709 1.292 
6.000 2.510 0.220 0.762 0.993 1.291 1.661 1.919 2.203 2.367 2.629 2.728 2.899 2.971 3.065 3.013 2.948 2.908 2.701 1.285 
6.000 3.160 0.212 0.751 0.982 1.281 1.650 1.908 2.192 2.356 2.618 2.717 2.888 2.960 3.054 3.002 2.937 2.897 2.690 1.274 
6.000 3.980 0.200 0.735 0.966 1.265 1.634 1.892 2.176 2.340 2.602 2.701 2.872 2.944 3.038 2.985 2.920 2.880 2.674 1.258 
6.000 5.010 0.181 0.712 0.943 1.242 1.611 1.869 2.153 2.316 2.578 2.678 2.849 2.920 3.014 2.961 2.896 2.856 2.649 1.234 
6.000 6.310 0.154 0.680 0.911 1.209 1.579 1.836 2.121 2.284 2.546 2.645 2.815 2.887 2.981 2.928 2.862 2.821 2.615 1.201 
6.000 7.940 0.116 0.637 0.868 1.166 1.535 1.792 2.077 2.240 2.502 2.601 2.771 2.842 2.935 2.882 2.816 2.775 2.570 1.156 
6.000 10.000 0.068 0.582 0.813 1.111 1.480 1.737 2.021 2.184 2.445 2.544 2.714 2.784 2.877 2.824 2.757 2.716 2.511 1.100 
6.000 12.590 0.009 0.515 0.746 1.045 1.413 1.670 1.953 2.116 2.377 2.475 2.644 2.714 2.806 2.752 2.685 2.644 2.439 1.031 
6.000 15.850 -0.059 0.439 0.670 0.968 1.335 1.592 1.875 2.037 2.297 2.394 2.562 2.632 2.723 2.668 2.601 2.559 2.355 0.950 
6.000 19.950 -0.135 0.354 0.585 0.882 1.249 1.505 1.787 1.949 2.207 2.303 2.470 2.539 2.628 2.573 2.504 2.462 2.260 0.860 
6.000 25.120 -0.217 0.263 0.493 0.790 1.156 1.410 1.692 1.852 2.109 2.204 2.368 2.436 2.523 2.467 2.397 2.355 2.154 0.762 
6.000 31.620 -0.303 0.166 0.396 0.692 1.056 1.310 1.590 1.749 2.003 2.096 2.257 2.323 2.408 2.350 2.280 2.238 2.039 0.656 
6.000 39.810 -0.393 0.065 0.295 0.590 0.952 1.204 1.483 1.639 1.891 1.981 2.138 2.201 2.283 2.224 2.153 2.110 1.914 0.543 
6.000 50.120 -0.486 -0.039 0.190 0.485 0.844 1.093 1.370 1.524 1.771 1.857 2.010 2.069 2.147 2.086 2.014 1.971 1.779 0.423 
6.000 63.100 -0.581 -0.146 0.082 0.375 0.730 0.977 1.251 1.401 1.643 1.725 1.871 1.926 1.998 1.935 1.862 1.819 1.631 0.295 
6.000 79.430 -0.680 -0.257 -0.029 0.262 0.612 0.855 1.126 1.271 1.506 1.582 1.720 1.769 1.834 1.768 1.694 1.652 1.469 0.159 
6.000 100.000 -0.781 -0.371 -0.144 0.144 0.488 0.727 0.993 1.132 1.358 1.426 1.554 1.596 1.651 1.582 1.507 1.466 1.290 0.012 
6.000 125.890 -0.887 -0.490 -0.264 0.020 0.357 0.591 0.850 0.982 1.196 1.255 1.370 1.402 1.446 1.373 1.297 1.256 1.090 -0.148 
6.000 158.490 -0.998 -0.614 -0.390 -0.109 0.217 0.444 0.696 0.818 1.018 1.065 1.163 1.183 1.213 1.134 1.057 1.017 0.862 -0.324 
6.000 199.530 -1.115 -0.744 -0.522 -0.247 0.067 0.285 0.527 0.637 0.819 0.851 0.928 0.933 0.944 0.859 0.780 0.741 0.601 -0.520 
6.000 251.190 -1.239 -0.882 -0.662 -0.394 -0.096 0.111 0.341 0.435 0.593 0.606 0.658 0.643 0.630 0.538 0.457 0.419 0.298 -0.741 
6.000 316.230 -1.374 -1.030 -0.814 -0.554 -0.276 -0.082 0.132 0.207 0.336 0.325 0.343 0.303 0.262 0.160 0.075 0.040 -0.058 -0.993 
6.000 398.110 -1.521 -1.190 -0.978 -0.729 -0.477 -0.300 -0.106 -0.055 0.037 -0.004 -0.028 -0.099 -0.177 -0.291 -0.379 -0.412 -0.480 -1.286 
6.000 501.190 -1.683 -1.367 -1.160 -0.924 -0.703 -0.548 -0.379 -0.359 -0.314 -0.393 -0.469 -0.579 -0.704 -0.834 -0.925 -0.955 -0.986 -1.628 
6.000 630.960 -1.865 -1.563 -1.362 -1.143 -0.963 -0.835 -0.697 -0.716 -0.729 -0.856 -0.998 -1.158 -1.341 -1.490 -1.587 -1.613 -1.597 -2.033 
6.000 794.330 -2.072 -1.783 -1.591 -1.393 -1.264 -1.170 -1.071 -1.140 -1.226 -1.414 -1.639 -1.861 -2.117 -2.291 -2.394 -2.415 -2.341 -2.516 
6.000 1000.000 -2.311 -2.036 -1.854 -1.682 -1.617 -1.567 -1.517 -1.647 -1.825 -2.090 -2.420 -2.720 -3.069 -3.273 -3.385 -3.400 -3.251 -3.100 
6.250 1.000 0.348 0.893 1.116 1.403 1.760 2.007 2.278 2.429 2.681 2.772 2.938 2.998 3.082 3.034 2.973 2.934 2.729 1.346 
6.250 1.260 0.349 0.892 1.115 1.402 1.759 2.006 2.277 2.428 2.680 2.771 2.937 2.997 3.081 3.033 2.971 2.933 2.727 1.345 
6.250 1.580 0.349 0.890 1.113 1.400 1.757 2.005 2.276 2.427 2.679 2.770 2.936 2.995 3.079 3.032 2.970 2.931 2.726 1.343 
6.250 2.000 0.348 0.888 1.111 1.398 1.754 2.002 2.273 2.424 2.676 2.767 2.933 2.992 3.076 3.029 2.967 2.929 2.723 1.341 
6.250 2.510 0.346 0.884 1.107 1.394 1.750 1.998 2.269 2.420 2.672 2.763 2.929 2.988 3.072 3.025 2.963 2.924 2.719 1.337 
6.250 3.160 0.343 0.877 1.100 1.387 1.744 1.992 2.263 2.413 2.666 2.756 2.922 2.982 3.066 3.018 2.956 2.918 2.712 1.330 
6.250 3.980 0.337 0.868 1.091 1.378 1.734 1.982 2.253 2.404 2.656 2.747 2.912 2.972 3.056 3.008 2.946 2.907 2.702 1.320 
6.250 5.010 0.326 0.853 1.076 1.363 1.720 1.967 2.238 2.389 2.641 2.732 2.897 2.957 3.040 2.993 2.930 2.892 2.687 1.305 
6.250 6.310 0.310 0.832 1.055 1.342 1.699 1.946 2.217 2.368 2.619 2.710 2.875 2.935 3.018 2.970 2.908 2.869 2.664 1.284 
6.250 7.940 0.286 0.803 1.025 1.312 1.669 1.916 2.187 2.337 2.589 2.679 2.844 2.904 2.987 2.938 2.876 2.837 2.632 1.253 
6.250 10.000 0.252 0.762 0.985 1.272 1.628 1.875 2.145 2.296 2.547 2.637 2.802 2.861 2.943 2.895 2.832 2.793 2.588 1.211 
6.250 12.590 0.207 0.710 0.933 1.220 1.575 1.822 2.092 2.242 2.493 2.583 2.747 2.805 2.887 2.838 2.774 2.735 2.531 1.156 
6.250 15.850 0.151 0.646 0.869 1.155 1.511 1.757 2.027 2.176 2.426 2.515 2.678 2.736 2.817 2.767 2.703 2.664 2.460 1.089 
6.250 19.950 0.085 0.572 0.794 1.080 1.435 1.680 1.949 2.098 2.347 2.435 2.597 2.654 2.733 2.683 2.618 2.578 2.376 1.009 
6.250 25.120 0.010 0.488 0.710 0.996 1.349 1.594 1.862 2.010 2.257 2.344 2.503 2.559 2.637 2.585 2.520 2.480 2.279 0.919 
6.250 31.620 -0.071 0.397 0.619 0.904 1.256 1.499 1.766 1.913 2.158 2.242 2.399 2.453 2.528 2.476 2.409 2.369 2.170 0.819 
6.250 39.810 -0.157 0.300 0.522 0.806 1.155 1.397 1.663 1.807 2.049 2.131 2.284 2.336 2.408 2.354 2.286 2.246 2.050 0.710 
6.250 50.120 -0.247 0.198 0.420 0.703 1.049 1.289 1.553 1.694 1.932 2.011 2.159 2.207 2.275 2.219 2.150 2.110 1.918 0.593 
6.250 63.100 -0.341 0.093 0.313 0.595 0.938 1.175 1.436 1.574 1.806 1.880 2.023 2.067 2.129 2.070 2.001 1.961 1.772 0.468 
6.250 79.430 -0.439 -0.017 0.203 0.482 0.821 1.055 1.312 1.445 1.671 1.739 1.873 1.911 1.966 1.906 1.835 1.795 1.612 0.333 
6.250 100.000 -0.540 -0.130 0.089 0.365 0.697 0.927 1.179 1.307 1.524 1.585 1.709 1.739 1.785 1.721 1.649 1.610 1.434 0.187 
6.250 125.890 -0.645 -0.248 -0.031 0.243 0.567 0.791 1.038 1.158 1.363 1.414 1.526 1.547 1.581 1.513 1.440 1.401 1.235 0.028 
6.250 158.490 -0.756 -0.372 -0.156 0.113 0.428 0.645 0.884 0.994 1.185 1.225 1.319 1.328 1.348 1.275 1.200 1.162 1.008 -0.148 
6.250 199.530 -0.872 -0.502 -0.288 -0.024 0.278 0.487 0.716 0.814 0.986 1.011 1.085 1.078 1.080 1.001 0.924 0.887 0.747 -0.343 
6.250 251.190 -0.997 -0.640 -0.428 -0.171 0.115 0.313 0.529 0.612 0.762 0.767 0.815 0.789 0.767 0.680 0.601 0.565 0.444 -0.564 
6.250 316.230 -1.131 -0.788 -0.580 -0.331 -0.065 0.119 0.320 0.384 0.504 0.485 0.500 0.449 0.398 0.301 0.220 0.186 0.088 -0.817 
6.250 398.110 -1.278 -0.948 -0.744 -0.506 -0.265 -0.098 0.083 0.122 0.205 0.156 0.129 0.047 -0.040 -0.149 -0.234 -0.265 -0.334 -1.109 
6.250 501.190 -1.441 -1.124 -0.925 -0.701 -0.492 -0.347 -0.190 -0.182 -0.145 -0.232 -0.312 -0.433 -0.567 -0.691 -0.780 -0.808 -0.840 -1.451 
6.250 630.960 -1.623 -1.320 -1.128 -0.920 -0.752 -0.633 -0.508 -0.539 -0.560 -0.695 -0.841 -1.011 -1.204 -1.348 -1.442 -1.466 -1.451 -1.856 
6.250 794.330 -1.830 -1.541 -1.357 -1.170 -1.053 -0.969 -0.882 -0.962 -1.057 -1.253 -1.482 -1.714 -1.980 -2.149 -2.249 -2.269 -2.194 -2.340 
6.250 1000.000 -2.068 -1.793 -1.619 -1.459 -1.406 -1.365 -1.328 -1.470 -1.657 -1.929 -2.263 -2.573 -2.931 -3.131 -3.240 -3.253 -3.105 -2.923 
6.500 1.000 0.468 1.006 1.221 1.497 1.841 2.078 2.335 2.473 2.715 2.797 2.957 3.005 3.078 3.035 2.975 2.939 2.735 1.388 
6.500 1.260 0.468 1.006 1.221 1.496 1.840 2.077 2.334 2.473 2.714 2.796 2.957 3.004 3.077 3.034 2.975 2.938 2.734 1.388 
6.500 1.580 0.469 1.005 1.220 1.495 1.839 2.076 2.333 2.472 2.713 2.795 2.956 3.003 3.076 3.033 2.974 2.937 2.733 1.387 
6.500 2.000 0.469 1.004 1.218 1.494 1.838 2.075 2.332 2.470 2.712 2.794 2.954 3.001 3.074 3.031 2.972 2.936 2.731 1.385 
6.500 2.510 0.469 1.001 1.216 1.491 1.835 2.072 2.329 2.468 2.709 2.791 2.952 2.999 3.072 3.029 2.970 2.933 2.729 1.383 
6.500 3.160 0.468 0.998 1.212 1.488 1.832 2.069 2.326 2.464 2.706 2.788 2.948 2.995 3.068 3.025 2.966 2.929 2.725 1.379 
6.500 3.980 0.465 0.992 1.207 1.482 1.826 2.063 2.320 2.458 2.700 2.782 2.942 2.989 3.062 3.019 2.959 2.923 2.719 1.373 
6.500 5.010 0.461 0.983 1.198 1.473 1.817 2.054 2.311 2.449 2.691 2.773 2.933 2.980 3.053 3.010 2.950 2.914 2.709 1.364 
6.500 6.310 0.452 0.970 1.185 1.460 1.804 2.041 2.298 2.436 2.677 2.759 2.919 2.966 3.039 2.995 2.936 2.899 2.695 1.351 
6.500 7.940 0.438 0.951 1.166 1.441 1.785 2.022 2.278 2.416 2.657 2.739 2.899 2.946 3.018 2.974 2.915 2.878 2.674 1.330 
6.500 10.000 0.416 0.924 1.138 1.413 1.757 1.994 2.250 2.388 2.629 2.710 2.869 2.916 2.988 2.944 2.884 2.847 2.644 1.302 
6.500 12.590 0.385 0.886 1.101 1.376 1.719 1.955 2.211 2.349 2.589 2.670 2.829 2.875 2.946 2.902 2.842 2.805 2.602 1.262 
6.500 15.850 0.344 0.837 1.051 1.326 1.668 1.905 2.161 2.298 2.537 2.617 2.775 2.821 2.891 2.847 2.786 2.749 2.546 1.209 
6.500 19.950 0.291 0.775 0.990 1.264 1.606 1.841 2.097 2.233 2.472 2.551 2.708 2.753 2.822 2.776 2.715 2.678 2.476 1.144 
6.500 25.120 0.227 0.703 0.917 1.191 1.532 1.766 2.021 2.156 2.394 2.471 2.626 2.670 2.737 2.691 2.629 2.591 2.391 1.065 
6.500 31.620 0.154 0.620 0.834 1.108 1.447 1.680 1.934 2.068 2.303 2.379 2.531 2.573 2.638 2.591 2.527 2.490 2.292 0.974 
6.500 39.810 0.074 0.529 0.743 1.016 1.353 1.585 1.837 1.969 2.201 2.275 2.423 2.463 2.525 2.476 2.412 2.374 2.178 0.872 
6.500 50.120 -0.012 0.432 0.645 0.917 1.251 1.481 1.731 1.861 2.089 2.159 2.303 2.340 2.398 2.347 2.282 2.244 2.051 0.759 
6.500 63.100 -0.104 0.329 0.542 0.812 1.143 1.370 1.618 1.744 1.967 2.033 2.171 2.203 2.255 2.202 2.136 2.098 1.910 0.637 
6.500 79.430 -0.199 0.222 0.434 0.702 1.028 1.252 1.496 1.617 1.834 1.894 2.024 2.051 2.096 2.040 1.973 1.935 1.753 0.505 
6.500 100.000 -0.299 0.110 0.320 0.586 0.906 1.126 1.365 1.481 1.688 1.741 1.861 1.881 1.917 1.858 1.789 1.752 1.577 0.360 
6.500 125.890 -0.404 -0.008 0.202 0.464 0.776 0.991 1.224 1.332 1.529 1.572 1.680 1.690 1.715 1.652 1.581 1.544 1.378 0.202 
6.500 158.490 -0.514 -0.131 0.077 0.335 0.638 0.846 1.071 1.170 1.352 1.384 1.474 1.473 1.483 1.415 1.343 1.307 1.152 0.028 
6.500 199.530 -0.630 -0.260 -0.054 0.199 0.488 0.688 0.904 0.990 1.154 1.170 1.241 1.223 1.215 1.141 1.067 1.032 0.892 -0.168 
6.500 251.190 -0.755 -0.398 -0.194 0.052 0.326 0.514 0.718 0.789 0.929 0.927 0.971 0.934 0.903 0.821 0.745 0.711 0.590 -0.388 
6.500 316.230 -0.889 -0.546 -0.345 -0.108 0.146 0.321 0.509 0.560 0.672 0.646 0.656 0.595 0.535 0.443 0.364 0.332 0.234 -0.640 
6.500 398.110 -1.036 -0.706 -0.510 -0.283 -0.054 0.103 0.272 0.299 0.373 0.317 0.286 0.193 0.096 -0.008 -0.090 -0.119 -0.188 -0.932 
6.500 501.190 -1.198 -0.882 -0.691 -0.478 -0.281 -0.145 -0.001 -0.005 0.023 -0.071 -0.155 -0.286 -0.430 -0.550 -0.636 -0.662 -0.693 -1.274 
6.500 630.960 -1.381 -1.078 -0.894 -0.697 -0.540 -0.432 -0.319 -0.362 -0.392 -0.535 -0.684 -0.865 -1.067 -1.206 -1.297 -1.320 -1.304 -1.679 
6.500 794.330 -1.588 -1.299 -1.123 -0.947 -0.841 -0.767 -0.694 -0.785 -0.889 -1.092 -1.325 -1.568 -1.843 -2.007 -2.104 -2.122 -2.048 -2.163 
6.500 1000.000 -1.826 -1.551 -1.385 -1.236 -1.194 -1.163 -1.139 -1.292 -1.488 -1.768 -2.105 -2.427 -2.794 -2.989 -3.095 -3.106 -2.958 -2.746 
6.750 1.000 0.586 1.119 1.325 1.589 1.919 2.146 2.389 2.514 2.745 2.817 2.972 3.007 3.068 3.029 2.972 2.938 2.735 1.427 
6.750 1.260 0.586 1.118 1.325 1.589 1.919 2.146 2.389 2.514 2.745 2.817 2.971 3.006 3.067 3.029 2.972 2.938 2.735 1.427 
6.750 1.580 0.587 1.118 1.325 1.588 1.919 2.145 2.388 2.513 2.744 2.817 2.971 3.006 3.067 3.028 2.971 2.937 2.734 1.426 
6.750 2.000 0.588 1.117 1.324 1.587 1.918 2.144 2.387 2.512 2.743 2.816 2.970 3.005 3.066 3.027 2.970 2.936 2.733 1.425 
6.750 2.510 0.589 1.116 1.322 1.586 1.916 2.143 2.386 2.511 2.742 2.814 2.968 3.003 3.064 3.026 2.969 2.935 2.732 1.424 
6.750 3.160 0.589 1.114 1.320 1.584 1.914 2.141 2.384 2.509 2.740 2.812 2.966 3.001 3.062 3.024 2.967 2.932 2.730 1.422 
6.750 3.980 0.589 1.110 1.317 1.581 1.911 2.138 2.380 2.506 2.736 2.809 2.963 2.997 3.059 3.020 2.963 2.929 2.726 1.418 
6.750 5.010 0.587 1.105 1.312 1.575 1.906 2.133 2.375 2.500 2.731 2.803 2.957 2.992 3.053 3.014 2.957 2.923 2.720 1.413 
6.750 6.310 0.583 1.098 1.304 1.568 1.898 2.125 2.367 2.492 2.723 2.795 2.949 2.983 3.044 3.006 2.949 2.914 2.712 1.405 
6.750 7.940 0.577 1.086 1.293 1.556 1.886 2.113 2.355 2.480 2.710 2.782 2.936 2.971 3.031 2.992 2.935 2.901 2.698 1.392 
6.750 10.000 0.565 1.068 1.275 1.538 1.868 2.095 2.337 2.462 2.692 2.764 2.917 2.951 3.012 2.972 2.915 2.881 2.679 1.373 
6.750 12.590 0.546 1.043 1.250 1.513 1.843 2.069 2.311 2.435 2.665 2.736 2.889 2.923 2.983 2.944 2.886 2.851 2.650 1.346 
6.750 15.850 0.518 1.008 1.214 1.477 1.807 2.032 2.274 2.398 2.627 2.698 2.850 2.884 2.943 2.903 2.845 2.810 2.609 1.309 
6.750 19.950 0.479 0.961 1.168 1.430 1.759 1.984 2.226 2.349 2.577 2.647 2.798 2.831 2.889 2.848 2.790 2.755 2.555 1.258 
6.750 25.120 0.429 0.902 1.109 1.371 1.699 1.923 2.164 2.286 2.513 2.582 2.731 2.763 2.819 2.778 2.719 2.684 2.485 1.194 
6.750 31.620 0.368 0.832 1.038 1.299 1.626 1.849 2.089 2.210 2.435 2.502 2.649 2.679 2.733 2.691 2.631 2.596 2.398 1.115 
6.750 39.810 0.296 0.750 0.956 1.217 1.541 1.763 2.002 2.121 2.343 2.408 2.551 2.580 2.631 2.587 2.526 2.491 2.296 1.023 
6.750 50.120 0.217 0.660 0.865 1.125 1.447 1.667 1.903 2.020 2.239 2.300 2.439 2.464 2.512 2.466 2.404 2.368 2.177 0.918 
6.750 63.100 0.130 0.562 0.767 1.025 1.343 1.561 1.795 1.908 2.122 2.179 2.313 2.334 2.376 2.328 2.265 2.229 2.041 0.802 
6.750 79.430 0.037 0.458 0.662 0.918 1.232 1.446 1.677 1.786 1.993 2.045 2.170 2.186 2.221 2.170 2.106 2.070 1.888 0.673 
6.750 100.000 -0.061 0.348 0.550 0.804 1.112 1.323 1.548 1.652 1.850 1.895 2.011 2.019 2.046 1.992 1.926 1.890 1.715 0.531 
6.750 125.890 -0.164 0.232 0.433 0.684 0.984 1.189 1.409 1.505 1.693 1.728 1.831 1.830 1.845 1.788 1.720 1.685 1.519 0.375 
6.750 158.490 -0.273 0.110 0.310 0.556 0.847 1.045 1.258 1.344 1.517 1.541 1.628 1.615 1.616 1.553 1.484 1.449 1.295 0.201 
6.750 199.530 -0.389 -0.019 0.179 0.420 0.698 0.888 1.091 1.165 1.320 1.329 1.395 1.367 1.349 1.280 1.209 1.176 1.036 0.007 
6.750 251.190 -0.513 -0.156 0.039 0.274 0.536 0.715 0.905 0.965 1.096 1.086 1.126 1.079 1.038 0.961 0.888 0.856 0.735 -0.213 
6.750 316.230 -0.647 -0.304 -0.112 0.115 0.357 0.522 0.697 0.737 0.839 0.805 0.812 0.740 0.670 0.584 0.508 0.478 0.380 -0.465 
6.750 398.110 -0.794 -0.464 -0.276 -0.060 0.157 0.305 0.460 0.475 0.541 0.477 0.442 0.339 0.233 0.133 0.054 0.027 -0.042 -0.756 
6.750 501.190 -0.956 -0.640 -0.457 -0.255 -0.070 0.057 0.187 0.172 0.191 0.089 0.002 -0.141 -0.293 -0.408 -0.491 -0.516 -0.547 -1.098 
6.750 630.960 -1.138 -0.836 -0.659 -0.474 -0.329 -0.230 -0.131 -0.185 -0.224 -0.374 -0.527 -0.719 -0.930 -1.064 -1.153 -1.173 -1.158 -1.503 
6.750 794.330 -1.345 -1.057 -0.888 -0.724 -0.630 -0.565 -0.505 -0.608 -0.720 -0.931 -1.168 -1.422 -1.706 -1.865 -1.960 -1.976 -1.902 -1.986 
6.750 1000.000 -1.584 -1.309 -1.151 -1.013 -0.983 -0.961 -0.950 -1.115 -1.320 -1.607 -1.948 -2.280 -2.657 -2.847 -2.950 -2.960 -2.812 -2.570 
7.000 1.000 0.702 1.230 1.428 1.679 1.996 2.212 2.440 2.552 2.771 2.833 2.980 3.002 3.051 3.016 2.962 2.930 2.729 1.462 
7.000 1.260 0.703 1.229 1.428 1.679 1.996 2.212 2.440 2.552 2.771 2.833 2.980 3.002 3.051 3.016 2.962 2.930 2.729 1.462 
7.000 1.580 0.704 1.229 1.428 1.679 1.996 2.211 2.440 2.551 2.770 2.833 2.980 3.002 3.051 3.016 2.962 2.929 2.729 1.461 
7.000 2.000 0.705 1.229 1.427 1.678 1.995 2.211 2.439 2.551 2.770 2.832 2.979 3.001 3.050 3.015 2.961 2.929 2.728 1.461 
7.000 2.510 0.706 1.228 1.426 1.678 1.994 2.210 2.438 2.550 2.769 2.832 2.978 3.000 3.049 3.015 2.960 2.928 2.727 1.460 
7.000 3.160 0.707 1.227 1.425 1.676 1.993 2.209 2.437 2.549 2.768 2.830 2.977 2.999 3.048 3.013 2.959 2.926 2.726 1.459 
7.000 3.980 0.708 1.225 1.423 1.675 1.991 2.207 2.435 2.547 2.766 2.828 2.975 2.997 3.046 3.011 2.957 2.924 2.724 1.457 
7.000 5.010 0.708 1.222 1.420 1.672 1.988 2.204 2.432 2.544 2.763 2.825 2.972 2.994 3.042 3.008 2.953 2.921 2.720 1.454 
7.000 6.310 0.707 1.217 1.416 1.667 1.984 2.199 2.427 2.539 2.758 2.820 2.967 2.988 3.037 3.002 2.948 2.915 2.715 1.449 
7.000 7.940 0.705 1.210 1.409 1.660 1.977 2.192 2.420 2.532 2.750 2.812 2.959 2.980 3.029 2.994 2.939 2.907 2.707 1.441 
7.000 10.000 0.700 1.200 1.398 1.649 1.966 2.181 2.409 2.520 2.739 2.801 2.947 2.968 3.016 2.981 2.927 2.894 2.694 1.429 
7.000 12.590 0.690 1.184 1.382 1.633 1.949 2.165 2.392 2.503 2.721 2.783 2.929 2.950 2.998 2.963 2.908 2.875 2.676 1.412 
7.000 15.850 0.673 1.161 1.359 1.610 1.925 2.140 2.368 2.478 2.696 2.757 2.902 2.923 2.970 2.935 2.880 2.847 2.648 1.386 
7.000 19.950 0.648 1.128 1.326 1.577 1.892 2.106 2.333 2.443 2.660 2.721 2.865 2.885 2.931 2.895 2.840 2.807 2.609 1.350 
7.000 25.120 0.612 1.084 1.282 1.532 1.846 2.060 2.287 2.396 2.612 2.671 2.814 2.833 2.878 2.841 2.785 2.752 2.555 1.302 
7.000 31.620 0.565 1.027 1.225 1.475 1.788 2.001 2.226 2.335 2.549 2.606 2.747 2.765 2.808 2.770 2.713 2.680 2.484 1.238 
7.000 39.810 0.506 0.958 1.156 1.405 1.716 1.928 2.152 2.259 2.470 2.526 2.663 2.679 2.719 2.680 2.623 2.590 2.396 1.159 
7.000 50.120 0.436 0.878 1.075 1.323 1.632 1.842 2.064 2.169 2.377 2.429 2.563 2.576 2.612 2.572 2.513 2.479 2.289 1.066 
7.000 63.100 0.357 0.788 0.984 1.231 1.537 1.744 1.964 2.065 2.268 2.317 2.445 2.454 2.485 2.443 2.383 2.349 2.163 0.957 
7.000 79.430 0.269 0.689 0.885 1.129 1.431 1.635 1.852 1.949 2.146 2.189 2.309 2.313 2.338 2.293 2.231 2.198 2.017 0.835 
7.000 100.000 0.175 0.582 0.777 1.020 1.315 1.516 1.728 1.819 2.008 2.044 2.155 2.152 2.168 2.119 2.056 2.023 1.849 0.697 
7.000 125.890 0.074 0.469 0.663 0.902 1.190 1.385 1.592 1.676 1.853 1.881 1.979 1.967 1.972 1.919 1.855 1.822 1.656 0.544 
7.000 158.490 -0.034 0.349 0.541 0.776 1.054 1.243 1.442 1.517 1.680 1.696 1.778 1.754 1.745 1.687 1.621 1.589 1.435 0.373 
7.000 199.530 -0.148 0.221 0.411 0.641 0.907 1.087 1.276 1.339 1.485 1.486 1.548 1.508 1.481 1.417 1.349 1.318 1.178 0.180 
7.000 251.190 -0.272 0.084 0.272 0.495 0.745 0.915 1.092 1.139 1.262 1.244 1.280 1.222 1.171 1.099 1.029 0.999 0.878 -0.038 
7.000 316.230 -0.406 -0.063 0.122 0.337 0.567 0.723 0.884 0.912 1.006 0.964 0.967 0.884 0.805 0.723 0.650 0.622 0.524 -0.290 
7.000 398.110 -0.552 -0.223 -0.042 0.162 0.367 0.506 0.648 0.651 0.708 0.636 0.598 0.484 0.368 0.274 0.197 0.172 0.103 -0.581 
7.000 501.190 -0.714 -0.398 -0.223 -0.032 0.141 0.258 0.375 0.348 0.359 0.249 0.158 0.005 -0.158 -0.267 -0.348 -0.371 -0.402 -0.922 
7.000 630.960 -0.896 -0.594 -0.425 -0.251 -0.118 -0.029 0.058 -0.008 -0.056 -0.214 -0.371 -0.573 -0.794 -0.923 -1.009 -1.028 -1.013 -1.327 
7.000 794.330 -1.103 -0.815 -0.654 -0.501 -0.419 -0.364 -0.316 -0.431 -0.552 -0.771 -1.011 -1.276 -1.570 -1.723 -1.816 -1.829 -1.756 -1.810 
7.000 1000.000 -1.342 -1.067 -0.917 -0.790 -0.772 -0.760 -0.762 -0.938 -1.152 -1.446 -1.792 -2.134 -2.521 -2.705 -2.806 -2.813 -2.666 -2.393 
7.250 1.000 0.817 1.339 1.529 1.768 2.070 2.274 2.487 2.585 2.791 2.843 2.982 2.990 3.025 2.994 2.942 2.912 2.714 1.491 
7.250 1.260 0.818 1.339 1.529 1.768 2.070 2.274 2.487 2.585 2.791 2.843 2.982 2.989 3.025 2.994 2.942 2.912 2.714 1.491 
7.250 1.580 0.819 1.338 1.528 1.767 2.070 2.274 2.487 2.585 2.791 2.843 2.981 2.989 3.025 2.994 2.942 2.912 2.714 1.491 
7.250 2.000 0.820 1.338 1.528 1.767 2.069 2.274 2.487 2.584 2.791 2.842 2.981 2.989 3.025 2.994 2.941 2.911 2.714 1.490 
7.250 2.510 0.821 1.338 1.528 1.767 2.069 2.273 2.486 2.584 2.790 2.842 2.981 2.988 3.024 2.993 2.941 2.911 2.713 1.490 
7.250 3.160 0.822 1.337 1.527 1.766 2.068 2.273 2.486 2.583 2.790 2.841 2.980 2.988 3.023 2.992 2.940 2.910 2.712 1.489 
7.250 3.980 0.824 1.336 1.526 1.765 2.067 2.272 2.485 2.582 2.788 2.840 2.979 2.986 3.022 2.991 2.939 2.909 2.711 1.488 
7.250 5.010 0.825 1.334 1.524 1.763 2.066 2.270 2.483 2.580 2.787 2.838 2.977 2.984 3.020 2.989 2.937 2.906 2.709 1.486 
7.250 6.310 0.826 1.332 1.522 1.761 2.063 2.267 2.480 2.577 2.784 2.835 2.974 2.981 3.017 2.986 2.933 2.903 2.706 1.483 
7.250 7.940 0.826 1.328 1.518 1.756 2.059 2.263 2.476 2.573 2.779 2.830 2.969 2.976 3.012 2.981 2.928 2.898 2.701 1.479 
7.250 10.000 0.825 1.321 1.511 1.750 2.052 2.256 2.469 2.566 2.772 2.823 2.961 2.969 3.004 2.973 2.920 2.890 2.693 1.472 
7.250 12.590 0.821 1.312 1.502 1.740 2.042 2.246 2.459 2.556 2.761 2.812 2.950 2.957 2.992 2.961 2.908 2.878 2.681 1.461 
7.250 15.850 0.813 1.297 1.487 1.725 2.027 2.231 2.443 2.540 2.745 2.796 2.933 2.940 2.974 2.942 2.890 2.859 2.663 1.444 
7.250 19.950 0.798 1.276 1.465 1.704 2.005 2.208 2.420 2.516 2.721 2.771 2.908 2.914 2.947 2.915 2.862 2.832 2.636 1.420 
7.250 25.120 0.776 1.245 1.435 1.673 1.973 2.176 2.388 2.483 2.687 2.736 2.871 2.876 2.909 2.876 2.823 2.792 2.597 1.386 
7.250 31.620 0.743 1.203 1.393 1.631 1.930 2.132 2.343 2.437 2.639 2.687 2.820 2.825 2.855 2.822 2.768 2.737 2.544 1.338 
7.250 39.810 0.698 1.149 1.338 1.575 1.873 2.074 2.284 2.377 2.577 2.622 2.753 2.756 2.784 2.749 2.695 2.664 2.472 1.275 
7.250 50.120 0.642 1.082 1.271 1.507 1.803 2.002 2.210 2.301 2.497 2.541 2.668 2.668 2.692 2.656 2.601 2.570 2.381 1.196 
7.250 63.100 0.573 1.003 1.191 1.426 1.718 1.915 2.121 2.209 2.401 2.441 2.563 2.559 2.579 2.541 2.484 2.453 2.268 1.100 
7.250 79.430 0.494 0.912 1.100 1.333 1.621 1.815 2.018 2.102 2.288 2.322 2.437 2.429 2.442 2.402 2.344 2.313 2.132 0.986 
7.250 100.000 0.405 0.812 0.998 1.229 1.512 1.702 1.900 1.979 2.157 2.185 2.291 2.275 2.281 2.237 2.177 2.146 1.973 0.856 
7.250 125.890 0.308 0.703 0.888 1.116 1.391 1.576 1.769 1.841 2.009 2.027 2.121 2.097 2.091 2.043 1.982 1.951 1.786 0.708 
7.250 158.490 0.203 0.585 0.769 0.993 1.259 1.437 1.623 1.685 1.839 1.847 1.924 1.889 1.869 1.816 1.753 1.723 1.569 0.541 
7.250 199.530 0.090 0.459 0.641 0.860 1.114 1.284 1.460 1.510 1.647 1.639 1.697 1.646 1.609 1.550 1.484 1.455 1.316 0.351 
7.250 251.190 -0.032 0.324 0.503 0.715 0.954 1.113 1.277 1.312 1.426 1.400 1.432 1.362 1.302 1.235 1.167 1.139 1.018 0.134 
7.250 316.230 -0.165 0.178 0.354 0.558 0.776 0.922 1.070 1.087 1.171 1.122 1.120 1.026 0.937 0.860 0.790 0.764 0.666 -0.116 
7.250 398.110 -0.311 0.019 0.191 0.384 0.577 0.706 0.835 0.827 0.875 0.795 0.752 0.627 0.501 0.412 0.338 0.315 0.246 -0.406 
7.250 501.190 -0.473 -0.157 0.010 0.190 0.351 0.458 0.563 0.524 0.526 0.408 0.313 0.149 -0.023 -0.128 -0.206 -0.226 -0.258 -0.747 
7.250 630.960 -0.655 -0.352 -0.192 -0.029 0.092 0.172 0.246 0.168 0.111 -0.054 -0.216 -0.429 -0.659 -0.783 -0.866 -0.883 -0.868 -1.151 
7.250 794.330 -0.861 -0.573 -0.420 -0.279 -0.208 -0.162 -0.128 -0.255 -0.385 -0.611 -0.855 -1.130 -1.434 -1.583 -1.672 -1.684 -1.610 -1.634 
7.250 1000.000 -1.100 -0.825 -0.683 -0.568 -0.561 -0.558 -0.573 -0.762 -0.984 -1.286 -1.635 -1.989 -2.385 -2.564 -2.662 -2.668 -2.520 -2.217 
7.500 1.000 0.929 1.445 1.627 1.853 2.140 2.332 2.530 2.612 2.805 2.844 2.973 2.966 2.987 2.959 2.909 2.881 2.688 1.513 
7.500 1.260 0.930 1.445 1.627 1.853 2.140 2.332 2.530 2.612 2.805 2.844 2.973 2.966 2.987 2.959 2.909 2.881 2.687 1.513 
7.500 1.580 0.931 1.445 1.627 1.853 2.140 2.332 2.530 2.612 2.804 2.844 2.973 2.966 2.987 2.959 2.909 2.881 2.687 1.513 
7.500 2.000 0.932 1.445 1.627 1.853 2.140 2.332 2.529 2.612 2.804 2.844 2.973 2.966 2.987 2.959 2.909 2.881 2.687 1.513 
7.500 2.510 0.933 1.445 1.626 1.853 2.139 2.332 2.529 2.611 2.804 2.844 2.973 2.965 2.986 2.958 2.908 2.880 2.687 1.513 
7.500 3.160 0.935 1.445 1.626 1.852 2.139 2.332 2.529 2.611 2.804 2.843 2.972 2.965 2.986 2.958 2.908 2.880 2.686 1.512 
7.500 3.980 0.937 1.444 1.625 1.852 2.138 2.331 2.528 2.610 2.803 2.842 2.971 2.964 2.985 2.957 2.907 2.879 2.686 1.511 
7.500 5.010 0.938 1.443 1.624 1.851 2.137 2.330 2.527 2.609 2.802 2.841 2.970 2.963 2.984 2.956 2.906 2.878 2.684 1.510 
7.500 6.310 0.940 1.441 1.623 1.849 2.136 2.328 2.525 2.608 2.800 2.840 2.968 2.961 2.982 2.954 2.904 2.876 2.682 1.509 
7.500 7.940 0.942 1.439 1.621 1.847 2.133 2.326 2.523 2.605 2.797 2.837 2.966 2.958 2.979 2.951 2.901 2.872 2.679 1.506 
7.500 10.000 0.943 1.435 1.617 1.843 2.130 2.322 2.519 2.601 2.793 2.832 2.961 2.953 2.974 2.946 2.896 2.868 2.674 1.502 
7.500 12.590 0.942 1.430 1.611 1.837 2.124 2.316 2.513 2.595 2.787 2.826 2.954 2.946 2.966 2.938 2.888 2.860 2.667 1.495 
7.500 15.850 0.940 1.421 1.602 1.828 2.114 2.306 2.503 2.585 2.776 2.815 2.943 2.935 2.955 2.927 2.876 2.848 2.655 1.485 
7.500 19.950 0.933 1.407 1.589 1.814 2.100 2.292 2.489 2.570 2.761 2.799 2.926 2.918 2.937 2.909 2.858 2.830 2.638 1.469 
7.500 25.120 0.921 1.388 1.569 1.794 2.080 2.271 2.467 2.548 2.738 2.775 2.902 2.893 2.911 2.882 2.831 2.803 2.611 1.446 
7.500 31.620 0.901 1.359 1.540 1.765 2.050 2.240 2.436 2.516 2.705 2.741 2.866 2.856 2.872 2.843 2.791 2.763 2.573 1.413 
7.500 39.810 0.871 1.320 1.500 1.725 2.008 2.198 2.392 2.471 2.658 2.693 2.815 2.803 2.818 2.788 2.736 2.707 2.519 1.366 
7.500 50.120 0.829 1.268 1.448 1.672 1.953 2.141 2.334 2.411 2.595 2.628 2.747 2.733 2.745 2.713 2.660 2.631 2.445 1.303 
7.500 63.100 0.774 1.202 1.382 1.605 1.883 2.069 2.260 2.334 2.515 2.544 2.658 2.641 2.649 2.615 2.561 2.532 2.349 1.222 
7.500 79.430 0.706 1.123 1.303 1.524 1.798 1.982 2.169 2.240 2.415 2.439 2.547 2.525 2.527 2.491 2.436 2.407 2.229 1.123 
7.500 100.000 0.626 1.032 1.211 1.429 1.699 1.878 2.062 2.128 2.295 2.313 2.412 2.384 2.378 2.339 2.282 2.254 2.082 1.003 
7.500 125.890 0.536 0.930 1.107 1.323 1.585 1.760 1.939 1.997 2.155 2.164 2.252 2.215 2.199 2.155 2.097 2.069 1.905 0.864 
7.500 158.490 0.436 0.817 0.993 1.205 1.458 1.627 1.798 1.848 1.992 1.990 2.062 2.015 1.984 1.936 1.876 1.848 1.695 0.702 
7.500 199.530 0.326 0.695 0.868 1.075 1.317 1.477 1.639 1.677 1.804 1.788 1.840 1.778 1.730 1.675 1.613 1.586 1.447 0.516 
7.500 251.190 0.206 0.562 0.733 0.933 1.159 1.309 1.459 1.482 1.586 1.552 1.579 1.497 1.427 1.365 1.300 1.274 1.154 0.303 
7.500 316.230 0.074 0.417 0.585 0.777 0.983 1.119 1.254 1.259 1.334 1.276 1.270 1.165 1.066 0.994 0.926 0.902 0.804 0.055 
7.500 398.110 -0.070 0.259 0.423 0.604 0.785 0.904 1.020 1.000 1.039 0.951 0.904 0.768 0.632 0.548 0.477 0.455 0.387 -0.234 
7.500 501.190 -0.232 0.084 0.243 0.411 0.560 0.658 0.749 0.698 0.691 0.565 0.466 0.291 0.109 0.010 -0.066 -0.085 -0.116 -0.573 
7.500 630.960 -0.413 -0.111 0.041 0.193 0.302 0.373 0.433 0.343 0.278 0.104 -0.061 -0.285 -0.525 -0.644 -0.725 -0.740 -0.725 -0.976 
7.500 794.330 -0.620 -0.331 -0.187 -0.056 0.002 0.038 0.059 -0.079 -0.218 -0.452 -0.700 -0.986 -1.300 -1.443 -1.530 -1.540 -1.466 -1.459 
7.500 1000.000 -0.858 -0.583 -0.449 -0.345 -0.350 -0.357 -0.386 -0.586 -0.817 -1.127 -1.480 -1.844 -2.250 -2.424 -2.519 -2.523 -2.375 -2.041 
7.750 1.000 1.039 1.549 1.722 1.935 2.205 2.385 2.565 2.631 2.808 2.834 2.952 2.928 2.932 2.907 2.859 2.833 2.645 1.526 
7.750 1.260 1.040 1.549 1.722 1.935 2.205 2.385 2.565 2.631 2.808 2.834 2.952 2.928 2.932 2.907 2.859 2.833 2.645 1.526 
7.750 1.580 1.040 1.549 1.722 1.935 2.205 2.385 2.565 2.631 2.808 2.834 2.952 2.928 2.932 2.907 2.859 2.833 2.645 1.526 
7.750 2.000 1.041 1.549 1.722 1.935 2.205 2.385 2.565 2.631 2.808 2.834 2.952 2.928 2.932 2.907 2.859 2.833 2.645 1.526 
7.750 2.510 1.043 1.549 1.722 1.934 2.205 2.384 2.565 2.631 2.808 2.834 2.951 2.928 2.932 2.907 2.858 2.832 2.645 1.526 
7.750 3.160 1.044 1.549 1.721 1.934 2.205 2.384 2.565 2.631 2.808 2.834 2.951 2.927 2.932 2.906 2.858 2.832 2.644 1.525 
7.750 3.980 1.046 1.548 1.721 1.934 2.204 2.384 2.564 2.630 2.807 2.833 2.951 2.927 2.931 2.906 2.857 2.832 2.644 1.525 
7.750 5.010 1.048 1.548 1.720 1.933 2.204 2.383 2.564 2.630 2.807 2.833 2.950 2.926 2.931 2.905 2.857 2.831 2.643 1.524 
7.750 6.310 1.050 1.547 1.720 1.932 2.203 2.382 2.563 2.629 2.806 2.832 2.949 2.925 2.929 2.904 2.855 2.829 2.642 1.523 
7.750 7.940 1.052 1.545 1.718 1.931 2.201 2.381 2.561 2.627 2.804 2.830 2.947 2.923 2.927 2.902 2.853 2.828 2.640 1.522 
7.750 10.000 1.055 1.543 1.716 1.929 2.199 2.378 2.559 2.625 2.801 2.827 2.944 2.920 2.924 2.899 2.850 2.824 2.637 1.519 
7.750 12.590 1.056 1.540 1.713 1.925 2.196 2.375 2.555 2.621 2.797 2.823 2.940 2.916 2.920 2.894 2.846 2.820 2.632 1.515 
7.750 15.850 1.057 1.535 1.707 1.920 2.190 2.369 2.549 2.615 2.791 2.817 2.933 2.909 2.912 2.887 2.838 2.812 2.625 1.509 
7.750 19.950 1.055 1.527 1.699 1.912 2.181 2.360 2.540 2.606 2.781 2.806 2.922 2.898 2.901 2.875 2.826 2.800 2.613 1.499 
7.750 25.120 1.050 1.514 1.687 1.899 2.168 2.347 2.526 2.591 2.766 2.791 2.906 2.881 2.883 2.857 2.808 2.782 2.596 1.484 
7.750 31.620 1.040 1.496 1.668 1.880 2.149 2.327 2.506 2.570 2.744 2.768 2.882 2.856 2.857 2.830 2.781 2.755 2.569 1.462 
7.750 39.810 1.022 1.469 1.641 1.853 2.120 2.298 2.476 2.539 2.711 2.734 2.846 2.818 2.818 2.790 2.741 2.715 2.531 1.429 
7.750 50.120 0.995 1.432 1.604 1.815 2.080 2.256 2.433 2.495 2.665 2.685 2.795 2.765 2.762 2.734 2.683 2.657 2.475 1.382 
7.750 63.100 0.955 1.382 1.553 1.763 2.026 2.201 2.376 2.435 2.602 2.619 2.724 2.692 2.685 2.655 2.604 2.578 2.399 1.319 
7.750 79.430 0.901 1.317 1.488 1.697 1.957 2.129 2.301 2.357 2.519 2.532 2.631 2.595 2.583 2.551 2.498 2.472 2.297 1.236 
7.750 100.000 0.834 1.239 1.409 1.616 1.871 2.039 2.208 2.259 2.414 2.421 2.512 2.470 2.451 2.416 2.362 2.336 2.167 1.132 
7.750 125.890 0.754 1.147 1.316 1.519 1.768 1.932 2.096 2.141 2.286 2.285 2.365 2.315 2.286 2.247 2.192 2.166 2.005 1.004 
7.750 158.490 0.661 1.042 1.209 1.409 1.649 1.807 1.964 2.000 2.133 2.121 2.187 2.126 2.084 2.040 1.983 1.957 1.806 0.852 
7.750 199.530 0.557 0.925 1.090 1.285 1.513 1.663 1.811 1.836 1.952 1.927 1.973 1.898 1.839 1.789 1.729 1.704 1.567 0.674 
7.750 251.190 0.440 0.795 0.959 1.147 1.360 1.500 1.636 1.647 1.740 1.697 1.718 1.625 1.543 1.486 1.423 1.400 1.280 0.465 
7.750 316.230 0.311 0.653 0.813 0.994 1.187 1.313 1.435 1.426 1.492 1.425 1.414 1.297 1.187 1.120 1.055 1.033 0.936 0.222 
7.750 398.110 0.168 0.497 0.653 0.823 0.992 1.101 1.203 1.170 1.200 1.103 1.051 0.904 0.758 0.678 0.610 0.590 0.522 -0.064 
7.750 501.190 0.008 0.323 0.474 0.631 0.768 0.856 0.933 0.870 0.854 0.720 0.616 0.429 0.238 0.143 0.070 0.053 0.022 -0.402 
7.750 630.960 -0.173 0.129 0.274 0.414 0.511 0.571 0.618 0.516 0.442 0.260 0.090 -0.145 -0.395 -0.509 -0.587 -0.600 -0.584 -0.804 
7.750 794.330 -0.379 -0.090 0.046 0.165 0.211 0.238 0.246 0.095 -0.053 -0.295 -0.547 -0.845 -1.168 -1.306 -1.391 -1.399 -1.325 -1.285 
7.750 1000.000 -0.616 -0.342 -0.216 -0.123 -0.140 -0.157 -0.199 -0.411 -0.651 -0.969 -1.326 -1.701 -2.116 -2.286 -2.378 -2.380 -2.232 -1.867 
8.000 1.000 1.144 1.649 1.812 2.011 2.264 2.429 2.592 2.640 2.799 2.810 2.913 2.871 2.856 2.832 2.785 2.762 2.581 1.526 
8.000 1.260 1.145 1.649 1.812 2.011 2.264 2.429 2.592 2.640 2.799 2.810 2.913 2.871 2.856 2.832 2.785 2.761 2.581 1.526 
8.000 1.580 1.146 1.649 1.812 2.011 2.264 2.429 2.592 2.640 2.799 2.810 2.913 2.870 2.856 2.832 2.785 2.761 2.581 1.526 
8.000 2.000 1.147 1.649 1.812 2.011 2.264 2.429 2.592 2.640 2.799 2.810 2.913 2.870 2.856 2.832 2.785 2.761 2.581 1.526 
8.000 2.510 1.148 1.649 1.812 2.011 2.263 2.429 2.592 2.640 2.799 2.810 2.912 2.870 2.856 2.832 2.785 2.761 2.581 1.526 
8.000 3.160 1.149 1.648 1.812 2.011 2.263 2.429 2.591 2.640 2.799 2.809 2.912 2.870 2.856 2.832 2.785 2.761 2.581 1.526 
8.000 3.980 1.151 1.648 1.812 2.011 2.263 2.429 2.591 2.640 2.798 2.809 2.912 2.870 2.855 2.832 2.784 2.761 2.580 1.525 
8.000 5.010 1.153 1.648 1.812 2.011 2.263 2.428 2.591 2.639 2.798 2.809 2.912 2.869 2.855 2.831 2.784 2.760 2.580 1.525 
8.000 6.310 1.155 1.647 1.811 2.010 2.262 2.428 2.590 2.639 2.797 2.808 2.911 2.869 2.854 2.830 2.783 2.759 2.579 1.524 
8.000 7.940 1.158 1.647 1.810 2.009 2.261 2.427 2.589 2.638 2.796 2.807 2.910 2.867 2.853 2.829 2.782 2.758 2.578 1.523 
8.000 10.000 1.161 1.645 1.809 2.008 2.260 2.426 2.588 2.636 2.795 2.805 2.908 2.866 2.851 2.827 2.780 2.756 2.576 1.522 
8.000 12.590 1.164 1.643 1.807 2.006 2.258 2.423 2.586 2.634 2.792 2.803 2.905 2.863 2.848 2.824 2.777 2.753 2.573 1.519 
8.000 15.850 1.166 1.640 1.804 2.003 2.255 2.420 2.582 2.630 2.788 2.799 2.901 2.858 2.843 2.819 2.772 2.748 2.568 1.515 
8.000 19.950 1.167 1.636 1.799 1.998 2.249 2.415 2.577 2.624 2.782 2.792 2.894 2.851 2.836 2.812 2.764 2.741 2.561 1.509 
8.000 25.120 1.167 1.628 1.792 1.990 2.241 2.406 2.568 2.615 2.773 2.782 2.884 2.840 2.824 2.800 2.752 2.729 2.549 1.500 
8.000 31.620 1.163 1.617 1.780 1.978 2.229 2.394 2.555 2.602 2.758 2.767 2.867 2.823 2.806 2.782 2.734 2.710 2.532 1.485 
8.000 39.810 1.155 1.599 1.763 1.961 2.211 2.374 2.535 2.581 2.736 2.744 2.843 2.798 2.780 2.754 2.706 2.682 2.505 1.463 
8.000 50.120 1.139 1.574 1.737 1.935 2.183 2.346 2.506 2.550 2.704 2.710 2.806 2.760 2.739 2.713 2.665 2.641 2.465 1.431 
8.000 63.100 1.113 1.539 1.701 1.898 2.144 2.306 2.464 2.507 2.657 2.661 2.754 2.705 2.681 2.654 2.605 2.581 2.408 1.384 
8.000 79.430 1.075 1.490 1.652 1.848 2.091 2.250 2.406 2.446 2.592 2.592 2.680 2.628 2.600 2.570 2.520 2.496 2.327 1.319 
8.000 100.000 1.023 1.427 1.588 1.782 2.021 2.177 2.330 2.366 2.506 2.501 2.581 2.524 2.489 2.457 2.406 2.382 2.218 1.233 
8.000 125.890 0.956 1.348 1.509 1.700 1.933 2.085 2.233 2.263 2.394 2.382 2.453 2.388 2.344 2.309 2.256 2.232 2.075 1.122 
8.000 158.490 0.875 1.255 1.414 1.601 1.826 1.972 2.114 2.136 2.255 2.233 2.290 2.215 2.159 2.119 2.064 2.041 1.894 0.984 
8.000 199.530 0.779 1.146 1.303 1.486 1.700 1.839 1.972 1.983 2.086 2.050 2.089 2.001 1.929 1.883 1.826 1.803 1.668 0.817 
8.000 251.190 0.668 1.023 1.178 1.355 1.554 1.682 1.804 1.801 1.883 1.830 1.844 1.738 1.644 1.591 1.531 1.510 1.392 0.617 
8.000 316.230 0.544 0.885 1.037 1.206 1.386 1.501 1.609 1.587 1.641 1.565 1.548 1.418 1.297 1.234 1.172 1.151 1.057 0.380 
8.000 398.110 0.403 0.732 0.880 1.038 1.194 1.293 1.381 1.335 1.354 1.249 1.191 1.031 0.874 0.799 0.733 0.715 0.649 0.099 
8.000 501.190 0.245 0.561 0.703 0.849 0.973 1.050 1.114 1.039 1.012 0.869 0.760 0.562 0.359 0.269 0.199 0.184 0.154 -0.235 
8.000 630.960 0.066 0.368 0.504 0.633 0.717 0.768 0.801 0.687 0.603 0.412 0.237 -0.009 -0.270 -0.379 -0.455 -0.466 -0.449 -0.635 
8.000 794.330 -0.139 0.149 0.278 0.385 0.419 0.436 0.430 0.267 0.110 -0.141 -0.398 -0.706 -1.040 -1.174 -1.255 -1.262 -1.187 -1.114 
8.000 1000.000 -0.376 -0.101 0.017 0.098 0.068 0.042 -0.013 -0.237 -0.487 -0.813 -1.175 -1.561 -1.986 -2.151 -2.241 -2.241 -2.093 -1.695 
