AbrahamsonEtAl2015SSlab as implemented in OpenQuake, distance is rhypo. Log10 ground motion values in cgs units, PGV and Sa(T<0.1s) not valid
          14 31 24 : nmag, ndist, nperiod
          10.000 7.500 6.000 5.000 4.000 3.000 2.500 2.000 1.500 1.000 0.750 0.600 0.500 0.400 0.300 0.250 0.200 0.150 0.100 0.075 0.050 0.020 PGA PGV 
          0.740 0.740 0.740 0.740 0.740 0.740 0.740 0.740 0.740 0.740 0.740 0.740 0.740 0.740 0.740 0.740 0.740 0.740 0.740 0.740 0.740 0.740 0.740 0.000 
4.750 1.000 -0.414 -0.192 0.031 0.209 0.441 0.786 1.016 1.224 1.451 1.835 2.056 2.220 2.368 2.532 2.659 2.740 2.824 2.866 2.822 2.760 2.686 2.709 2.709 0.000 
4.750 1.260 -0.426 -0.204 0.018 0.195 0.426 0.770 1.000 1.209 1.441 1.830 2.053 2.217 2.365 2.530 2.657 2.737 2.820 2.859 2.813 2.749 2.674 2.693 2.693 0.000 
4.750 1.580 -0.440 -0.220 0.002 0.179 0.409 0.752 0.980 1.192 1.428 1.822 2.048 2.213 2.361 2.526 2.653 2.733 2.814 2.851 2.802 2.736 2.659 2.674 2.674 0.000 
4.750 2.000 -0.457 -0.238 -0.018 0.158 0.387 0.729 0.957 1.170 1.413 1.812 2.041 2.208 2.356 2.521 2.649 2.727 2.807 2.841 2.789 2.720 2.641 2.651 2.651 0.000 
4.750 2.510 -0.478 -0.260 -0.041 0.134 0.362 0.702 0.929 1.145 1.394 1.800 2.032 2.200 2.348 2.514 2.642 2.720 2.799 2.829 2.773 2.702 2.620 2.624 2.624 0.000 
4.750 3.160 -0.502 -0.286 -0.068 0.105 0.332 0.670 0.897 1.115 1.371 1.784 2.019 2.189 2.338 2.504 2.632 2.710 2.787 2.813 2.753 2.679 2.594 2.590 2.590 0.000 
4.750 3.980 -0.530 -0.317 -0.100 0.072 0.297 0.633 0.858 1.079 1.343 1.764 2.002 2.173 2.322 2.489 2.618 2.695 2.770 2.793 2.730 2.651 2.563 2.551 2.551 0.000 
4.750 5.010 -0.563 -0.352 -0.137 0.033 0.257 0.590 0.814 1.038 1.309 1.737 1.979 2.151 2.300 2.467 2.597 2.673 2.748 2.767 2.699 2.617 2.525 2.503 2.503 0.000 
4.750 6.310 -0.601 -0.393 -0.180 -0.011 0.211 0.541 0.764 0.989 1.269 1.703 1.948 2.120 2.269 2.436 2.567 2.642 2.716 2.731 2.661 2.575 2.478 2.445 2.445 0.000 
4.750 7.940 -0.643 -0.438 -0.227 -0.061 0.158 0.486 0.707 0.934 1.221 1.660 1.907 2.079 2.226 2.393 2.525 2.599 2.672 2.684 2.611 2.521 2.421 2.376 2.376 0.000 
4.750 10.000 -0.691 -0.490 -0.281 -0.117 0.100 0.424 0.643 0.872 1.164 1.606 1.854 2.025 2.171 2.336 2.467 2.540 2.613 2.621 2.547 2.454 2.350 2.293 2.293 0.000 
4.750 12.590 -0.744 -0.546 -0.340 -0.179 0.035 0.355 0.572 0.802 1.098 1.541 1.788 1.957 2.100 2.264 2.393 2.465 2.536 2.541 2.467 2.370 2.263 2.196 2.196 0.000 
4.750 15.850 -0.802 -0.609 -0.406 -0.247 -0.036 0.280 0.495 0.725 1.024 1.465 1.710 1.876 2.015 2.174 2.301 2.370 2.439 2.442 2.368 2.268 2.159 2.082 2.082 0.000 
4.750 19.950 -0.866 -0.677 -0.477 -0.322 -0.113 0.198 0.411 0.640 0.939 1.377 1.618 1.780 1.914 2.069 2.191 2.257 2.324 2.322 2.249 2.148 2.037 1.953 1.953 0.000 
4.750 25.120 -0.936 -0.752 -0.555 -0.403 -0.197 0.109 0.320 0.548 0.846 1.277 1.514 1.670 1.799 1.947 2.064 2.126 2.190 2.184 2.112 2.009 1.899 1.810 1.810 0.000 
4.750 31.620 -1.012 -0.833 -0.639 -0.490 -0.288 0.014 0.222 0.447 0.744 1.167 1.398 1.549 1.670 1.812 1.923 1.979 2.039 2.028 1.958 1.854 1.745 1.653 1.653 0.000 
4.750 39.810 -1.095 -0.921 -0.731 -0.585 -0.386 -0.090 0.116 0.339 0.632 1.046 1.271 1.415 1.530 1.665 1.767 1.818 1.874 1.858 1.789 1.684 1.577 1.484 1.484 0.000 
4.750 50.120 -1.186 -1.017 -0.830 -0.688 -0.493 -0.202 0.001 0.221 0.511 0.914 1.132 1.270 1.378 1.506 1.601 1.645 1.697 1.675 1.607 1.502 1.398 1.306 1.306 0.000 
4.750 63.100 -1.285 -1.122 -0.939 -0.800 -0.609 -0.323 -0.123 0.094 0.379 0.771 0.982 1.115 1.216 1.337 1.424 1.462 1.510 1.481 1.415 1.310 1.209 1.119 1.119 0.000 
4.750 79.430 -1.396 -1.238 -1.058 -0.924 -0.736 -0.455 -0.258 -0.045 0.236 0.616 0.820 0.948 1.042 1.158 1.237 1.270 1.313 1.279 1.214 1.109 1.012 0.925 0.925 0.000 
4.750 100.000 -1.519 -1.367 -1.191 -1.060 -0.876 -0.601 -0.406 -0.197 0.078 0.447 0.645 0.769 0.858 0.968 1.041 1.068 1.108 1.068 1.006 0.900 0.808 0.724 0.724 0.000 
4.750 125.890 -1.658 -1.511 -1.339 -1.212 -1.032 -0.763 -0.571 -0.365 -0.095 0.262 0.454 0.576 0.660 0.767 0.835 0.858 0.895 0.851 0.790 0.685 0.597 0.517 0.517 0.000 
4.750 158.490 -1.816 -1.675 -1.507 -1.384 -1.207 -0.944 -0.755 -0.553 -0.289 0.057 0.245 0.366 0.447 0.554 0.620 0.638 0.674 0.626 0.568 0.463 0.379 0.304 0.304 0.000 
4.750 199.530 -1.998 -1.863 -1.699 -1.579 -1.407 -1.149 -0.963 -0.765 -0.506 -0.172 0.013 0.137 0.217 0.327 0.392 0.408 0.444 0.394 0.340 0.234 0.155 0.084 0.084 0.000 
4.750 251.190 -2.210 -2.081 -1.921 -1.805 -1.636 -1.385 -1.202 -1.007 -0.755 -0.430 -0.247 -0.117 -0.034 0.082 0.150 0.166 0.204 0.153 0.104 -0.002 -0.076 -0.142 -0.142 0.000 
4.750 316.230 -2.460 -2.337 -2.181 -2.069 -1.904 -1.658 -1.478 -1.287 -1.041 -0.725 -0.542 -0.400 -0.313 -0.185 -0.108 -0.092 -0.048 -0.097 -0.141 -0.246 -0.316 -0.377 -0.377 0.000 
4.750 398.110 -2.757 -2.640 -2.487 -2.379 -2.218 -1.979 -1.802 -1.615 -1.374 -1.066 -0.879 -0.721 -0.624 -0.478 -0.388 -0.366 -0.314 -0.359 -0.395 -0.501 -0.565 -0.622 -0.622 0.000 
4.750 501.190 -3.113 -3.002 -2.853 -2.749 -2.592 -2.358 -2.184 -2.001 -1.766 -1.464 -1.270 -1.088 -0.976 -0.804 -0.692 -0.663 -0.597 -0.634 -0.661 -0.767 -0.827 -0.878 -0.878 0.000 
4.750 630.960 -3.544 -3.438 -3.294 -3.194 -3.040 -2.813 -2.641 -2.463 -2.233 -1.935 -1.729 -1.514 -1.380 -1.171 -1.029 -0.987 -0.902 -0.926 -0.942 -1.048 -1.102 -1.149 -1.149 0.000 
4.750 794.330 -4.068 -3.968 -3.827 -3.731 -3.582 -3.360 -3.192 -3.017 -2.794 -2.496 -2.273 -2.013 -1.848 -1.589 -1.406 -1.345 -1.233 -1.239 -1.241 -1.346 -1.396 -1.438 -1.438 0.000 
4.750 1000.000 -4.709 -4.616 -4.479 -4.387 -4.242 -4.026 -3.861 -3.690 -3.472 -3.171 -2.924 -2.604 -2.398 -2.072 -1.832 -1.746 -1.598 -1.578 -1.562 -1.668 -1.712 -1.749 -1.749 0.000 
5.000 1.000 -0.212 0.009 0.230 0.407 0.631 0.959 1.178 1.369 1.572 1.924 2.127 2.277 2.413 2.566 2.681 2.756 2.835 2.873 2.833 2.774 2.705 2.737 2.737 0.000 
5.000 1.260 -0.222 -0.003 0.218 0.394 0.618 0.945 1.164 1.357 1.563 1.919 2.124 2.275 2.411 2.564 2.679 2.753 2.831 2.867 2.824 2.764 2.694 2.723 2.723 0.000 
5.000 1.580 -0.235 -0.016 0.204 0.379 0.602 0.928 1.146 1.341 1.552 1.913 2.120 2.272 2.409 2.561 2.676 2.749 2.826 2.860 2.814 2.752 2.680 2.706 2.706 0.000 
5.000 2.000 -0.250 -0.033 0.186 0.361 0.583 0.908 1.125 1.322 1.538 1.905 2.115 2.268 2.405 2.558 2.673 2.745 2.820 2.851 2.802 2.737 2.664 2.685 2.685 0.000 
5.000 2.510 -0.269 -0.053 0.165 0.339 0.560 0.883 1.100 1.299 1.522 1.895 2.108 2.262 2.400 2.553 2.668 2.739 2.813 2.840 2.788 2.720 2.645 2.660 2.660 0.000 
5.000 3.160 -0.291 -0.077 0.140 0.312 0.533 0.854 1.070 1.271 1.502 1.882 2.098 2.254 2.392 2.546 2.661 2.732 2.803 2.827 2.771 2.700 2.621 2.630 2.630 0.000 
5.000 3.980 -0.317 -0.105 0.111 0.282 0.501 0.820 1.035 1.239 1.477 1.865 2.085 2.242 2.381 2.535 2.651 2.721 2.791 2.810 2.750 2.676 2.594 2.594 2.594 0.000 
5.000 5.010 -0.347 -0.137 0.077 0.246 0.464 0.780 0.994 1.201 1.447 1.843 2.067 2.226 2.364 2.519 2.636 2.705 2.774 2.789 2.724 2.646 2.560 2.552 2.552 0.000 
5.000 6.310 -0.381 -0.175 0.038 0.205 0.421 0.735 0.947 1.157 1.412 1.815 2.042 2.202 2.340 2.496 2.614 2.682 2.749 2.760 2.692 2.610 2.520 2.501 2.501 0.000 
5.000 7.940 -0.421 -0.217 -0.007 0.158 0.372 0.683 0.894 1.106 1.369 1.779 2.009 2.169 2.307 2.463 2.581 2.648 2.715 2.723 2.651 2.564 2.471 2.439 2.439 0.000 
5.000 10.000 -0.465 -0.265 -0.057 0.106 0.317 0.625 0.834 1.048 1.318 1.733 1.965 2.125 2.262 2.417 2.536 2.602 2.668 2.672 2.598 2.507 2.409 2.366 2.366 0.000 
5.000 12.590 -0.515 -0.319 -0.113 0.047 0.256 0.560 0.767 0.982 1.258 1.676 1.908 2.067 2.202 2.356 2.474 2.539 2.605 2.605 2.530 2.436 2.334 2.279 2.279 0.000 
5.000 15.850 -0.570 -0.378 -0.175 -0.017 0.189 0.489 0.694 0.910 1.189 1.607 1.839 1.996 2.127 2.278 2.396 2.459 2.523 2.520 2.445 2.347 2.243 2.177 2.177 0.000 
5.000 19.950 -0.631 -0.443 -0.243 -0.088 0.115 0.410 0.613 0.829 1.110 1.526 1.756 1.909 2.037 2.184 2.298 2.359 2.421 2.415 2.341 2.241 2.134 2.059 2.059 0.000 
5.000 25.120 -0.698 -0.514 -0.318 -0.166 0.035 0.325 0.526 0.740 1.022 1.434 1.660 1.809 1.931 2.074 2.183 2.240 2.300 2.291 2.217 2.115 2.008 1.926 1.926 0.000 
5.000 31.620 -0.771 -0.592 -0.399 -0.250 -0.053 0.233 0.431 0.644 0.925 1.330 1.551 1.695 1.811 1.948 2.052 2.105 2.162 2.147 2.075 1.972 1.865 1.778 1.778 0.000 
5.000 39.810 -0.851 -0.677 -0.487 -0.342 -0.148 0.133 0.328 0.539 0.818 1.214 1.430 1.568 1.678 1.808 1.906 1.953 2.007 1.988 1.917 1.813 1.707 1.618 1.618 0.000 
5.000 50.120 -0.938 -0.770 -0.584 -0.442 -0.251 0.024 0.217 0.425 0.701 1.087 1.296 1.429 1.533 1.656 1.746 1.788 1.838 1.813 1.744 1.639 1.536 1.446 1.446 0.000 
5.000 63.100 -1.035 -0.872 -0.689 -0.551 -0.364 -0.094 0.096 0.301 0.573 0.948 1.151 1.278 1.376 1.493 1.576 1.612 1.657 1.627 1.560 1.454 1.354 1.265 1.265 0.000 
5.000 79.430 -1.143 -0.985 -0.806 -0.671 -0.488 -0.224 -0.036 0.166 0.432 0.797 0.994 1.116 1.207 1.318 1.394 1.425 1.466 1.431 1.365 1.260 1.163 1.076 1.076 0.000 
5.000 100.000 -1.263 -1.111 -0.936 -0.805 -0.625 -0.366 -0.181 0.017 0.278 0.632 0.822 0.941 1.026 1.133 1.203 1.228 1.266 1.225 1.162 1.056 0.963 0.880 0.880 0.000 
5.000 125.890 -1.399 -1.253 -1.081 -0.954 -0.779 -0.525 -0.343 -0.148 0.108 0.450 0.634 0.751 0.832 0.936 1.001 1.022 1.058 1.012 0.951 0.845 0.757 0.677 0.677 0.000 
5.000 158.490 -1.555 -1.414 -1.246 -1.123 -0.951 -0.704 -0.524 -0.333 -0.083 0.248 0.428 0.545 0.623 0.727 0.789 0.806 0.840 0.791 0.733 0.627 0.543 0.468 0.468 0.000 
5.000 199.530 -1.734 -1.600 -1.435 -1.316 -1.148 -0.906 -0.730 -0.543 -0.298 0.022 0.199 0.318 0.396 0.503 0.565 0.579 0.614 0.563 0.508 0.402 0.323 0.252 0.252 0.000 
5.000 251.190 -1.944 -1.815 -1.655 -1.539 -1.375 -1.139 -0.966 -0.783 -0.543 -0.233 -0.058 0.068 0.147 0.260 0.326 0.340 0.377 0.325 0.275 0.169 0.094 0.028 0.028 0.000 
5.000 316.230 -2.191 -2.068 -1.912 -1.800 -1.640 -1.410 -1.239 -1.060 -0.826 -0.525 -0.350 -0.213 -0.128 -0.003 0.071 0.086 0.129 0.078 0.034 -0.072 -0.142 -0.204 -0.204 0.000 
5.000 398.110 -2.486 -2.368 -2.216 -2.108 -1.952 -1.728 -1.560 -1.385 -1.157 -0.863 -0.684 -0.531 -0.437 -0.293 -0.206 -0.186 -0.134 -0.180 -0.218 -0.324 -0.389 -0.445 -0.445 0.000 
5.000 501.190 -2.839 -2.728 -2.579 -2.475 -2.323 -2.105 -1.940 -1.769 -1.547 -1.259 -1.073 -0.895 -0.786 -0.616 -0.508 -0.480 -0.415 -0.453 -0.481 -0.587 -0.647 -0.699 -0.699 0.000 
5.000 630.960 -3.267 -3.162 -3.017 -2.917 -2.769 -2.556 -2.395 -2.227 -2.011 -1.727 -1.529 -1.319 -1.187 -0.981 -0.842 -0.801 -0.717 -0.742 -0.759 -0.865 -0.920 -0.967 -0.967 0.000 
5.000 794.330 -3.788 -3.689 -3.548 -3.452 -3.308 -3.102 -2.943 -2.779 -2.569 -2.286 -2.070 -1.815 -1.653 -1.396 -1.216 -1.156 -1.045 -1.052 -1.055 -1.161 -1.211 -1.253 -1.253 0.000 
5.000 1000.000 -4.428 -4.334 -4.197 -4.105 -3.965 -3.765 -3.609 -3.449 -3.245 -2.959 -2.719 -2.403 -2.200 -1.877 -1.639 -1.554 -1.408 -1.389 -1.374 -1.480 -1.525 -1.562 -1.562 0.000 
5.250 1.000 -0.013 0.205 0.425 0.600 0.819 1.129 1.338 1.513 1.691 2.012 2.196 2.333 2.459 2.599 2.702 2.771 2.845 2.881 2.844 2.789 2.725 2.766 2.766 0.000 
5.250 1.260 -0.022 0.195 0.414 0.589 0.807 1.117 1.325 1.502 1.683 2.008 2.194 2.331 2.457 2.597 2.700 2.768 2.842 2.875 2.836 2.779 2.715 2.753 2.753 0.000 
5.250 1.580 -0.034 0.183 0.401 0.575 0.793 1.102 1.309 1.487 1.674 2.003 2.191 2.329 2.455 2.595 2.698 2.765 2.837 2.868 2.827 2.768 2.702 2.737 2.737 0.000 
5.250 2.000 -0.048 0.168 0.385 0.559 0.775 1.083 1.290 1.470 1.662 1.996 2.187 2.326 2.452 2.593 2.695 2.761 2.832 2.860 2.816 2.754 2.687 2.718 2.718 0.000 
5.250 2.510 -0.064 0.150 0.366 0.539 0.754 1.061 1.267 1.450 1.647 1.988 2.181 2.322 2.448 2.589 2.692 2.757 2.826 2.850 2.802 2.738 2.669 2.695 2.695 0.000 
5.250 3.160 -0.084 0.128 0.344 0.515 0.730 1.034 1.240 1.425 1.629 1.977 2.174 2.316 2.443 2.584 2.687 2.751 2.818 2.839 2.787 2.720 2.648 2.668 2.668 0.000 
5.250 3.980 -0.108 0.103 0.317 0.487 0.700 1.003 1.208 1.395 1.608 1.963 2.164 2.307 2.435 2.577 2.680 2.743 2.808 2.824 2.768 2.698 2.623 2.635 2.635 0.000 
5.250 5.010 -0.135 0.073 0.286 0.454 0.666 0.967 1.170 1.361 1.582 1.945 2.151 2.295 2.423 2.566 2.669 2.731 2.795 2.807 2.746 2.672 2.593 2.597 2.597 0.000 
5.250 6.310 -0.167 0.038 0.250 0.416 0.626 0.924 1.127 1.320 1.550 1.922 2.131 2.278 2.406 2.549 2.653 2.714 2.776 2.784 2.719 2.640 2.558 2.552 2.552 0.000 
5.250 7.940 -0.204 -0.001 0.208 0.373 0.581 0.876 1.077 1.273 1.512 1.892 2.105 2.252 2.380 2.524 2.630 2.690 2.750 2.754 2.685 2.601 2.515 2.498 2.498 0.000 
5.250 10.000 -0.245 -0.046 0.161 0.324 0.530 0.821 1.021 1.219 1.466 1.853 2.069 2.217 2.344 2.488 2.595 2.654 2.714 2.713 2.641 2.553 2.462 2.433 2.433 0.000 
5.250 12.590 -0.292 -0.096 0.109 0.269 0.472 0.760 0.958 1.158 1.413 1.804 2.022 2.170 2.296 2.439 2.546 2.604 2.663 2.659 2.585 2.493 2.398 2.356 2.356 0.000 
5.250 15.850 -0.344 -0.152 0.050 0.207 0.408 0.693 0.888 1.090 1.350 1.743 1.962 2.108 2.232 2.374 2.481 2.537 2.596 2.588 2.513 2.417 2.318 2.265 2.265 0.000 
5.250 19.950 -0.401 -0.214 -0.015 0.140 0.338 0.618 0.811 1.014 1.277 1.671 1.888 2.032 2.153 2.292 2.397 2.452 2.509 2.498 2.423 2.324 2.222 2.158 2.158 0.000 
5.250 25.120 -0.465 -0.282 -0.086 0.066 0.261 0.536 0.728 0.930 1.195 1.585 1.800 1.941 2.058 2.193 2.295 2.347 2.402 2.388 2.313 2.213 2.109 2.036 2.036 0.000 
5.250 31.620 -0.535 -0.357 -0.164 -0.015 0.177 0.448 0.636 0.837 1.102 1.488 1.699 1.836 1.947 2.078 2.175 2.223 2.276 2.259 2.185 2.082 1.978 1.898 1.898 0.000 
5.250 39.810 -0.612 -0.439 -0.249 -0.104 0.085 0.351 0.537 0.736 1.000 1.378 1.585 1.716 1.822 1.947 2.039 2.083 2.133 2.111 2.038 1.935 1.831 1.747 1.747 0.000 
5.250 50.120 -0.697 -0.529 -0.342 -0.201 -0.015 0.245 0.429 0.626 0.887 1.257 1.457 1.584 1.684 1.803 1.888 1.927 1.974 1.947 1.876 1.772 1.669 1.584 1.584 0.000 
5.250 63.100 -0.791 -0.628 -0.445 -0.307 -0.125 0.130 0.311 0.505 0.763 1.123 1.317 1.439 1.533 1.646 1.724 1.758 1.801 1.769 1.700 1.595 1.495 1.409 1.409 0.000 
5.250 79.430 -0.895 -0.738 -0.559 -0.424 -0.246 0.004 0.182 0.373 0.626 0.976 1.164 1.281 1.369 1.477 1.549 1.578 1.617 1.579 1.513 1.407 1.311 1.226 1.226 0.000 
5.250 100.000 -1.013 -0.861 -0.686 -0.555 -0.380 -0.136 0.040 0.227 0.476 0.814 0.996 1.110 1.193 1.296 1.363 1.386 1.423 1.380 1.315 1.210 1.117 1.035 1.035 0.000 
5.250 125.890 -1.146 -1.000 -0.828 -0.701 -0.531 -0.292 -0.119 0.065 0.308 0.636 0.813 0.925 1.003 1.104 1.166 1.185 1.219 1.172 1.110 1.004 0.915 0.836 0.836 0.000 
5.250 158.490 -1.299 -1.159 -0.991 -0.867 -0.701 -0.468 -0.298 -0.118 0.121 0.437 0.610 0.722 0.797 0.898 0.957 0.973 1.006 0.955 0.896 0.790 0.706 0.630 0.630 0.000 
5.250 199.530 -1.476 -1.341 -1.177 -1.058 -0.895 -0.668 -0.501 -0.324 -0.091 0.214 0.384 0.499 0.573 0.677 0.736 0.750 0.783 0.730 0.675 0.568 0.489 0.418 0.418 0.000 
5.250 251.190 -1.683 -1.554 -1.394 -1.278 -1.119 -0.898 -0.734 -0.561 -0.334 -0.038 0.130 0.251 0.328 0.438 0.501 0.514 0.550 0.496 0.445 0.339 0.264 0.198 0.198 0.000 
5.250 316.230 -1.928 -1.805 -1.648 -1.537 -1.381 -1.166 -1.005 -0.836 -0.615 -0.327 -0.159 -0.027 0.055 0.177 0.248 0.263 0.304 0.252 0.207 0.101 0.031 -0.031 -0.031 0.000 
5.250 398.110 -2.219 -2.102 -1.950 -1.842 -1.691 -1.481 -1.323 -1.158 -0.943 -0.663 -0.491 -0.342 -0.250 -0.110 -0.025 -0.006 0.044 -0.003 -0.041 -0.148 -0.213 -0.270 -0.270 0.000 
5.250 501.190 -2.570 -2.459 -2.311 -2.207 -2.059 -1.856 -1.700 -1.539 -1.330 -1.056 -0.877 -0.704 -0.597 -0.430 -0.324 -0.297 -0.233 -0.273 -0.302 -0.408 -0.468 -0.521 -0.521 0.000 
5.250 630.960 -2.996 -2.890 -2.746 -2.646 -2.503 -2.305 -2.152 -1.995 -1.792 -1.521 -1.331 -1.124 -0.996 -0.792 -0.655 -0.616 -0.533 -0.559 -0.577 -0.683 -0.739 -0.786 -0.786 0.000 
5.250 794.330 -3.515 -3.415 -3.275 -3.179 -3.039 -2.847 -2.698 -2.545 -2.347 -2.077 -1.869 -1.618 -1.459 -1.205 -1.027 -0.968 -0.859 -0.867 -0.870 -0.977 -1.027 -1.070 -1.070 0.000 
5.250 1000.000 -4.151 -4.058 -3.921 -3.829 -3.694 -3.508 -3.361 -3.212 -3.020 -2.748 -2.515 -2.204 -2.003 -1.682 -1.448 -1.364 -1.218 -1.200 -1.186 -1.292 -1.338 -1.376 -1.376 0.000 
5.500 1.000 0.182 0.398 0.616 0.790 1.002 1.297 1.496 1.655 1.810 2.099 2.265 2.388 2.503 2.632 2.723 2.786 2.857 2.890 2.857 2.804 2.746 2.795 2.795 0.000 
5.500 1.260 0.174 0.389 0.606 0.780 0.992 1.286 1.484 1.645 1.802 2.095 2.263 2.387 2.502 2.630 2.722 2.784 2.853 2.884 2.849 2.795 2.736 2.783 2.783 0.000 
5.500 1.580 0.163 0.378 0.595 0.767 0.979 1.272 1.470 1.632 1.794 2.091 2.260 2.385 2.500 2.629 2.720 2.781 2.849 2.877 2.840 2.784 2.724 2.768 2.768 0.000 
5.500 2.000 0.151 0.364 0.581 0.752 0.963 1.255 1.453 1.617 1.783 2.085 2.257 2.383 2.498 2.627 2.717 2.777 2.843 2.869 2.829 2.772 2.710 2.751 2.751 0.000 
5.500 2.510 0.136 0.348 0.563 0.734 0.944 1.235 1.432 1.598 1.770 2.078 2.253 2.379 2.495 2.624 2.714 2.773 2.838 2.860 2.817 2.757 2.693 2.729 2.729 0.000 
5.500 3.160 0.118 0.328 0.543 0.713 0.922 1.211 1.407 1.575 1.754 2.069 2.247 2.375 2.491 2.620 2.711 2.768 2.831 2.849 2.802 2.739 2.673 2.705 2.705 0.000 
5.500 3.980 0.097 0.305 0.519 0.687 0.895 1.182 1.378 1.549 1.735 2.058 2.240 2.369 2.486 2.615 2.705 2.762 2.822 2.837 2.785 2.719 2.650 2.675 2.675 0.000 
5.500 5.010 0.072 0.278 0.490 0.657 0.863 1.149 1.343 1.517 1.712 2.043 2.230 2.361 2.477 2.608 2.698 2.753 2.812 2.821 2.765 2.695 2.623 2.641 2.641 0.000 
5.500 6.310 0.042 0.246 0.457 0.622 0.827 1.110 1.303 1.480 1.685 2.024 2.215 2.348 2.465 2.596 2.687 2.741 2.798 2.803 2.742 2.667 2.592 2.600 2.600 0.000 
5.500 7.940 0.009 0.210 0.418 0.582 0.785 1.065 1.256 1.437 1.651 2.000 2.195 2.329 2.447 2.578 2.670 2.724 2.778 2.778 2.713 2.634 2.554 2.552 2.552 0.000 
5.500 10.000 -0.030 0.168 0.374 0.536 0.737 1.014 1.204 1.387 1.610 1.967 2.166 2.302 2.419 2.552 2.645 2.697 2.751 2.746 2.676 2.593 2.509 2.495 2.495 0.000 
5.500 12.590 -0.074 0.121 0.325 0.485 0.683 0.956 1.145 1.330 1.562 1.926 2.128 2.264 2.381 2.513 2.608 2.659 2.712 2.703 2.630 2.542 2.453 2.426 2.426 0.000 
5.500 15.850 -0.123 0.068 0.270 0.427 0.622 0.892 1.078 1.266 1.505 1.873 2.077 2.213 2.329 2.461 2.555 2.606 2.658 2.645 2.570 2.478 2.385 2.346 2.346 0.000 
5.500 19.950 -0.177 0.010 0.208 0.363 0.556 0.821 1.005 1.194 1.439 1.809 2.013 2.148 2.261 2.391 2.486 2.535 2.586 2.570 2.494 2.398 2.302 2.250 2.250 0.000 
5.500 25.120 -0.238 -0.055 0.141 0.292 0.482 0.743 0.925 1.114 1.362 1.732 1.935 2.067 2.177 2.305 2.397 2.444 2.494 2.476 2.400 2.301 2.202 2.139 2.139 0.000 
5.500 31.620 -0.304 -0.127 0.066 0.214 0.401 0.658 0.837 1.026 1.275 1.642 1.842 1.971 2.077 2.201 2.290 2.334 2.383 2.361 2.286 2.184 2.084 2.013 2.013 0.000 
5.500 39.810 -0.378 -0.206 -0.016 0.129 0.313 0.564 0.742 0.929 1.178 1.539 1.735 1.860 1.961 2.080 2.165 2.206 2.252 2.226 2.153 2.049 1.949 1.871 1.871 0.000 
5.500 50.120 -0.460 -0.292 -0.106 0.035 0.216 0.462 0.637 0.822 1.069 1.423 1.614 1.735 1.831 1.945 2.024 2.060 2.104 2.074 2.002 1.898 1.798 1.717 1.717 0.000 
5.500 63.100 -0.551 -0.389 -0.206 -0.068 0.109 0.350 0.522 0.705 0.949 1.294 1.480 1.596 1.686 1.795 1.869 1.900 1.941 1.906 1.836 1.731 1.633 1.550 1.550 0.000 
5.500 79.430 -0.653 -0.496 -0.317 -0.183 -0.009 0.227 0.396 0.576 0.817 1.152 1.332 1.444 1.528 1.632 1.700 1.727 1.764 1.724 1.656 1.551 1.455 1.373 1.373 0.000 
5.500 100.000 -0.768 -0.616 -0.441 -0.310 -0.141 0.090 0.257 0.433 0.670 0.994 1.169 1.278 1.357 1.457 1.520 1.541 1.576 1.532 1.466 1.360 1.268 1.187 1.187 0.000 
5.500 125.890 -0.899 -0.753 -0.581 -0.454 -0.288 -0.063 0.101 0.274 0.505 0.819 0.989 1.096 1.171 1.269 1.328 1.345 1.377 1.329 1.266 1.160 1.071 0.993 0.993 0.000 
5.500 158.490 -1.049 -0.908 -0.741 -0.617 -0.455 -0.236 -0.075 0.095 0.321 0.624 0.789 0.897 0.969 1.067 1.123 1.138 1.169 1.117 1.057 0.951 0.866 0.792 0.792 0.000 
5.500 199.530 -1.223 -1.088 -0.924 -0.805 -0.647 -0.433 -0.275 -0.109 0.112 0.404 0.566 0.677 0.749 0.850 0.906 0.918 0.950 0.896 0.840 0.733 0.654 0.583 0.583 0.000 
5.500 251.190 -1.427 -1.299 -1.138 -1.023 -0.868 -0.661 -0.505 -0.343 -0.128 0.155 0.315 0.433 0.506 0.614 0.674 0.686 0.720 0.666 0.614 0.508 0.433 0.366 0.366 0.000 
5.500 316.230 -1.669 -1.546 -1.390 -1.278 -1.128 -0.926 -0.774 -0.615 -0.406 -0.132 0.030 0.158 0.237 0.356 0.425 0.438 0.478 0.426 0.379 0.273 0.202 0.140 0.140 0.000 
5.500 398.110 -1.959 -1.841 -1.689 -1.581 -1.435 -1.239 -1.089 -0.935 -0.731 -0.464 -0.300 -0.155 -0.066 0.072 0.155 0.172 0.221 0.173 0.134 0.028 -0.038 -0.095 -0.095 0.000 
5.500 501.190 -2.307 -2.196 -2.047 -1.943 -1.801 -1.611 -1.464 -1.313 -1.116 -0.855 -0.683 -0.514 -0.410 -0.245 -0.142 -0.116 -0.053 -0.093 -0.123 -0.230 -0.291 -0.343 -0.343 0.000 
5.500 630.960 -2.730 -2.624 -2.480 -2.380 -2.241 -2.057 -1.913 -1.767 -1.575 -1.318 -1.134 -0.932 -0.805 -0.604 -0.470 -0.432 -0.350 -0.377 -0.396 -0.502 -0.558 -0.606 -0.606 0.000 
5.500 794.330 -3.246 -3.147 -3.006 -2.910 -2.775 -2.597 -2.456 -2.314 -2.128 -1.871 -1.670 -1.423 -1.266 -1.014 -0.839 -0.782 -0.673 -0.682 -0.686 -0.793 -0.844 -0.887 -0.887 0.000 
5.500 1000.000 -3.880 -3.787 -3.650 -3.558 -3.427 -3.255 -3.117 -2.979 -2.798 -2.539 -2.313 -2.006 -1.807 -1.490 -1.257 -1.174 -1.030 -1.013 -1.000 -1.106 -1.152 -1.190 -1.190 0.000 
5.750 1.000 0.373 0.587 0.803 0.976 1.182 1.462 1.651 1.795 1.926 2.185 2.334 2.444 2.548 2.665 2.745 2.803 2.869 2.900 2.871 2.821 2.768 2.825 2.825 0.000 
5.750 1.260 0.366 0.579 0.795 0.967 1.173 1.452 1.641 1.786 1.920 2.182 2.332 2.442 2.547 2.664 2.744 2.800 2.865 2.894 2.863 2.812 2.759 2.814 2.814 0.000 
5.750 1.580 0.357 0.569 0.785 0.956 1.161 1.439 1.628 1.774 1.912 2.178 2.329 2.440 2.545 2.662 2.741 2.797 2.861 2.887 2.854 2.802 2.747 2.800 2.800 0.000 
5.750 2.000 0.346 0.557 0.772 0.942 1.147 1.424 1.612 1.761 1.903 2.173 2.327 2.438 2.543 2.660 2.739 2.793 2.855 2.879 2.844 2.790 2.734 2.784 2.784 0.000 
5.750 2.510 0.332 0.542 0.756 0.926 1.130 1.406 1.594 1.744 1.891 2.166 2.323 2.436 2.541 2.658 2.736 2.789 2.850 2.870 2.832 2.775 2.718 2.764 2.764 0.000 
5.750 3.160 0.316 0.525 0.738 0.906 1.110 1.384 1.571 1.723 1.877 2.159 2.319 2.433 2.538 2.655 2.733 2.785 2.843 2.860 2.818 2.759 2.699 2.741 2.741 0.000 
5.750 3.980 0.297 0.503 0.716 0.883 1.085 1.358 1.544 1.699 1.860 2.149 2.313 2.428 2.534 2.651 2.729 2.779 2.836 2.848 2.802 2.739 2.678 2.714 2.714 0.000 
5.750 5.010 0.274 0.479 0.689 0.856 1.056 1.327 1.512 1.670 1.840 2.138 2.305 2.422 2.528 2.646 2.724 2.773 2.827 2.834 2.783 2.717 2.653 2.682 2.682 0.000 
5.750 6.310 0.247 0.450 0.659 0.823 1.023 1.291 1.475 1.636 1.815 2.122 2.294 2.413 2.520 2.638 2.716 2.764 2.816 2.818 2.762 2.692 2.624 2.645 2.645 0.000 
5.750 7.940 0.216 0.416 0.623 0.786 0.984 1.249 1.432 1.597 1.786 2.102 2.279 2.400 2.507 2.626 2.705 2.751 2.801 2.798 2.737 2.662 2.590 2.602 2.602 0.000 
5.750 10.000 0.180 0.377 0.583 0.744 0.939 1.202 1.383 1.551 1.750 2.076 2.257 2.380 2.487 2.607 2.687 2.732 2.780 2.772 2.706 2.626 2.550 2.551 2.551 0.000 
5.750 12.590 0.140 0.333 0.536 0.695 0.888 1.148 1.327 1.498 1.707 2.041 2.226 2.351 2.458 2.578 2.660 2.704 2.751 2.738 2.668 2.583 2.502 2.491 2.491 0.000 
5.750 15.850 0.094 0.283 0.484 0.641 0.832 1.087 1.265 1.439 1.656 1.997 2.185 2.310 2.416 2.537 2.620 2.663 2.709 2.692 2.619 2.529 2.444 2.419 2.419 0.000 
5.750 19.950 0.042 0.228 0.426 0.580 0.768 1.020 1.196 1.371 1.595 1.941 2.131 2.255 2.361 2.481 2.564 2.606 2.651 2.631 2.555 2.462 2.372 2.334 2.334 0.000 
5.750 25.120 -0.015 0.166 0.362 0.512 0.698 0.945 1.119 1.295 1.525 1.872 2.062 2.186 2.289 2.407 2.490 2.531 2.575 2.552 2.475 2.378 2.285 2.235 2.235 0.000 
5.750 31.620 -0.079 0.098 0.290 0.438 0.620 0.863 1.035 1.211 1.443 1.790 1.979 2.100 2.200 2.316 2.397 2.435 2.479 2.452 2.376 2.276 2.181 2.120 2.120 0.000 
5.750 39.810 -0.150 0.022 0.211 0.356 0.535 0.773 0.942 1.118 1.351 1.694 1.880 1.999 2.094 2.207 2.284 2.321 2.362 2.333 2.258 2.156 2.058 1.990 1.990 0.000 
5.750 50.120 -0.229 -0.062 0.124 0.265 0.441 0.674 0.841 1.015 1.248 1.585 1.767 1.882 1.972 2.081 2.155 2.187 2.227 2.193 2.120 2.017 1.919 1.845 1.845 0.000 
5.750 63.100 -0.317 -0.155 0.027 0.165 0.338 0.566 0.729 0.902 1.132 1.462 1.639 1.750 1.836 1.940 2.008 2.037 2.074 2.037 1.965 1.861 1.764 1.686 1.686 0.000 
5.750 79.430 -0.416 -0.259 -0.081 0.054 0.223 0.445 0.606 0.776 1.004 1.324 1.497 1.604 1.684 1.784 1.848 1.872 1.907 1.865 1.796 1.690 1.596 1.517 1.517 0.000 
5.750 100.000 -0.528 -0.377 -0.202 -0.071 0.094 0.311 0.470 0.636 0.860 1.171 1.338 1.442 1.518 1.615 1.674 1.694 1.726 1.680 1.613 1.507 1.416 1.337 1.337 0.000 
5.750 125.890 -0.656 -0.510 -0.339 -0.212 -0.050 0.161 0.317 0.480 0.700 1.000 1.162 1.265 1.337 1.432 1.487 1.503 1.534 1.484 1.419 1.313 1.225 1.148 1.148 0.000 
5.750 158.490 -0.804 -0.664 -0.496 -0.373 -0.215 -0.009 0.144 0.304 0.518 0.808 0.966 1.070 1.139 1.234 1.288 1.300 1.330 1.277 1.216 1.109 1.025 0.952 0.952 0.000 
5.750 199.530 -0.975 -0.841 -0.677 -0.558 -0.404 -0.203 -0.053 0.103 0.312 0.592 0.747 0.854 0.923 1.021 1.075 1.085 1.116 1.061 1.003 0.897 0.817 0.747 0.747 0.000 
5.750 251.190 -1.177 -1.048 -0.888 -0.773 -0.623 -0.428 -0.281 -0.128 0.075 0.345 0.499 0.612 0.684 0.788 0.846 0.856 0.890 0.834 0.782 0.675 0.600 0.533 0.533 0.000 
5.750 316.230 -1.417 -1.294 -1.137 -1.026 -0.879 -0.691 -0.547 -0.398 -0.200 0.062 0.216 0.341 0.417 0.534 0.600 0.612 0.651 0.597 0.550 0.444 0.373 0.311 0.311 0.000 
5.750 398.110 -1.703 -1.586 -1.434 -1.326 -1.184 -1.001 -0.859 -0.715 -0.522 -0.268 -0.110 0.031 0.118 0.253 0.333 0.349 0.397 0.348 0.308 0.202 0.136 0.078 0.078 0.000 
5.750 501.190 -2.049 -1.938 -1.789 -1.685 -1.547 -1.370 -1.232 -1.091 -0.904 -0.656 -0.490 -0.325 -0.224 -0.062 0.039 0.064 0.126 0.085 0.054 -0.053 -0.114 -0.167 -0.167 0.000 
5.750 630.960 -2.469 -2.364 -2.219 -2.119 -1.985 -1.814 -1.679 -1.541 -1.361 -1.116 -0.939 -0.740 -0.617 -0.418 -0.286 -0.249 -0.168 -0.196 -0.216 -0.322 -0.379 -0.426 -0.426 0.000 
5.750 794.330 -2.983 -2.884 -2.743 -2.647 -2.517 -2.351 -2.219 -2.086 -1.911 -1.667 -1.472 -1.229 -1.074 -0.825 -0.652 -0.596 -0.488 -0.498 -0.503 -0.610 -0.661 -0.704 -0.704 0.000 
5.750 1000.000 -3.615 -3.521 -3.385 -3.293 -3.166 -3.007 -2.877 -2.748 -2.579 -2.332 -2.112 -1.809 -1.613 -1.298 -1.068 -0.986 -0.842 -0.826 -0.814 -0.921 -0.967 -1.005 -1.005 0.000 
6.000 1.000 0.561 0.772 0.987 1.158 1.359 1.624 1.804 1.934 2.042 2.271 2.402 2.499 2.593 2.699 2.768 2.820 2.882 2.911 2.886 2.839 2.791 2.856 2.856 0.000 
6.000 1.260 0.554 0.765 0.980 1.150 1.350 1.615 1.795 1.925 2.036 2.267 2.400 2.497 2.592 2.697 2.766 2.817 2.878 2.905 2.879 2.831 2.782 2.846 2.846 0.000 
6.000 1.580 0.546 0.756 0.970 1.140 1.340 1.604 1.783 1.915 2.029 2.264 2.398 2.496 2.590 2.695 2.764 2.814 2.874 2.898 2.870 2.821 2.772 2.833 2.833 0.000 
6.000 2.000 0.536 0.745 0.959 1.128 1.327 1.590 1.769 1.902 2.021 2.259 2.395 2.494 2.588 2.693 2.761 2.810 2.868 2.890 2.860 2.809 2.759 2.818 2.818 0.000 
6.000 2.510 0.524 0.732 0.945 1.113 1.312 1.574 1.752 1.887 2.010 2.254 2.392 2.492 2.586 2.691 2.758 2.806 2.863 2.881 2.848 2.795 2.744 2.799 2.799 0.000 
6.000 3.160 0.510 0.716 0.928 1.096 1.294 1.554 1.732 1.869 1.998 2.247 2.388 2.489 2.583 2.688 2.755 2.801 2.856 2.871 2.834 2.779 2.726 2.778 2.778 0.000 
6.000 3.980 0.492 0.697 0.908 1.074 1.271 1.530 1.707 1.847 1.983 2.239 2.384 2.486 2.580 2.685 2.752 2.796 2.848 2.859 2.818 2.760 2.705 2.752 2.752 0.000 
6.000 5.010 0.472 0.675 0.884 1.049 1.245 1.502 1.678 1.820 1.964 2.229 2.378 2.481 2.576 2.682 2.747 2.790 2.840 2.846 2.801 2.739 2.681 2.723 2.723 0.000 
6.000 6.310 0.447 0.648 0.856 1.020 1.214 1.469 1.644 1.789 1.943 2.216 2.370 2.475 2.570 2.676 2.742 2.783 2.831 2.831 2.781 2.715 2.654 2.689 2.689 0.000 
6.000 7.940 0.418 0.617 0.823 0.985 1.178 1.430 1.604 1.753 1.916 2.200 2.358 2.465 2.561 2.668 2.734 2.774 2.819 2.814 2.758 2.688 2.624 2.649 2.649 0.000 
6.000 10.000 0.385 0.581 0.786 0.946 1.136 1.386 1.558 1.711 1.885 2.179 2.342 2.451 2.547 2.655 2.722 2.760 2.803 2.793 2.731 2.656 2.588 2.603 2.603 0.000 
6.000 12.590 0.348 0.540 0.743 0.901 1.089 1.335 1.506 1.662 1.847 2.150 2.318 2.429 2.526 2.635 2.703 2.740 2.781 2.766 2.699 2.619 2.546 2.550 2.550 0.000 
6.000 15.850 0.305 0.493 0.694 0.849 1.036 1.278 1.447 1.607 1.801 2.113 2.285 2.398 2.495 2.604 2.674 2.710 2.750 2.730 2.658 2.573 2.496 2.486 2.486 0.000 
6.000 19.950 0.256 0.441 0.639 0.792 0.976 1.214 1.382 1.543 1.746 2.065 2.241 2.354 2.451 2.560 2.631 2.667 2.706 2.681 2.607 2.517 2.434 2.412 2.412 0.000 
6.000 25.120 0.202 0.383 0.577 0.728 0.909 1.143 1.308 1.472 1.682 2.005 2.182 2.296 2.391 2.500 2.571 2.606 2.644 2.616 2.540 2.446 2.359 2.323 2.323 0.000 
6.000 31.620 0.141 0.317 0.509 0.657 0.834 1.065 1.228 1.392 1.607 1.932 2.109 2.221 2.314 2.422 2.493 2.526 2.564 2.533 2.456 2.358 2.268 2.220 2.220 0.000 
6.000 39.810 0.073 0.245 0.433 0.578 0.752 0.978 1.139 1.303 1.521 1.844 2.020 2.130 2.220 2.325 2.395 2.426 2.463 2.429 2.353 2.252 2.159 2.101 2.101 0.000 
6.000 50.120 -0.003 0.164 0.349 0.490 0.662 0.882 1.041 1.204 1.422 1.742 1.915 2.023 2.108 2.211 2.277 2.306 2.342 2.304 2.229 2.127 2.033 1.967 1.967 0.000 
6.000 63.100 -0.089 0.073 0.255 0.393 0.561 0.777 0.932 1.094 1.312 1.625 1.794 1.899 1.980 2.079 2.142 2.167 2.201 2.160 2.088 1.984 1.890 1.818 1.818 0.000 
6.000 79.430 -0.185 -0.028 0.150 0.284 0.449 0.659 0.812 0.972 1.187 1.493 1.658 1.759 1.836 1.932 1.991 2.012 2.044 2.000 1.929 1.824 1.731 1.657 1.657 0.000 
6.000 100.000 -0.294 -0.143 0.032 0.163 0.324 0.528 0.679 0.836 1.048 1.344 1.504 1.604 1.676 1.769 1.824 1.842 1.872 1.824 1.756 1.650 1.559 1.484 1.484 0.000 
6.000 125.890 -0.419 -0.274 -0.102 0.025 0.182 0.381 0.529 0.683 0.891 1.178 1.333 1.432 1.501 1.592 1.644 1.658 1.686 1.635 1.569 1.463 1.376 1.301 1.301 0.000 
6.000 158.490 -0.564 -0.424 -0.256 -0.133 0.020 0.214 0.359 0.509 0.713 0.990 1.141 1.241 1.307 1.399 1.450 1.460 1.489 1.434 1.372 1.266 1.182 1.109 1.109 0.000 
6.000 199.530 -0.733 -0.599 -0.435 -0.316 -0.166 0.022 0.164 0.311 0.510 0.777 0.926 1.028 1.095 1.190 1.241 1.250 1.279 1.223 1.165 1.058 0.978 0.909 0.909 0.000 
6.000 251.190 -0.932 -0.804 -0.643 -0.528 -0.382 -0.200 -0.061 0.083 0.276 0.534 0.681 0.790 0.859 0.961 1.017 1.025 1.058 1.001 0.947 0.841 0.765 0.699 0.699 0.000 
6.000 316.230 -1.169 -1.046 -0.890 -0.778 -0.636 -0.460 -0.323 -0.184 0.004 0.253 0.401 0.522 0.596 0.710 0.774 0.785 0.823 0.768 0.720 0.613 0.542 0.481 0.481 0.000 
6.000 398.110 -1.453 -1.336 -1.184 -1.076 -0.938 -0.767 -0.634 -0.498 -0.316 -0.074 0.078 0.215 0.299 0.432 0.510 0.525 0.572 0.522 0.482 0.375 0.308 0.251 0.251 0.000 
6.000 501.190 -1.796 -1.685 -1.537 -1.433 -1.299 -1.134 -1.003 -0.871 -0.695 -0.459 -0.300 -0.138 -0.039 0.121 0.220 0.243 0.304 0.262 0.230 0.123 0.062 0.009 0.009 0.000 
6.000 630.960 -2.214 -2.109 -1.964 -1.864 -1.734 -1.575 -1.448 -1.320 -1.149 -0.916 -0.745 -0.550 -0.429 -0.233 -0.103 -0.067 0.013 -0.016 -0.036 -0.143 -0.200 -0.248 -0.248 0.000 
6.000 794.330 -2.725 -2.626 -2.485 -2.389 -2.263 -2.110 -1.985 -1.861 -1.697 -1.465 -1.276 -1.036 -0.884 -0.637 -0.466 -0.411 -0.305 -0.315 -0.321 -0.428 -0.480 -0.523 -0.523 0.000 
6.000 1000.000 -3.354 -3.261 -3.124 -3.032 -2.910 -2.763 -2.641 -2.521 -2.363 -2.127 -1.913 -1.614 -1.420 -1.107 -0.879 -0.799 -0.656 -0.641 -0.629 -0.736 -0.783 -0.821 -0.821 0.000 
6.250 1.000 0.745 0.954 1.168 1.336 1.532 1.783 1.955 2.070 2.157 2.356 2.470 2.555 2.639 2.734 2.793 2.839 2.897 2.924 2.903 2.859 2.816 2.889 2.889 0.000 
6.250 1.260 0.739 0.948 1.161 1.329 1.525 1.775 1.947 2.063 2.152 2.353 2.469 2.553 2.637 2.732 2.790 2.836 2.893 2.918 2.896 2.851 2.808 2.879 2.879 0.000 
6.250 1.580 0.732 0.940 1.152 1.320 1.515 1.765 1.936 2.054 2.145 2.350 2.466 2.552 2.635 2.730 2.788 2.832 2.888 2.911 2.887 2.841 2.798 2.867 2.867 0.000 
6.250 2.000 0.723 0.930 1.142 1.310 1.504 1.753 1.924 2.042 2.138 2.345 2.464 2.550 2.633 2.727 2.785 2.828 2.883 2.903 2.877 2.830 2.785 2.853 2.853 0.000 
6.250 2.510 0.713 0.918 1.130 1.297 1.490 1.738 1.908 2.028 2.128 2.340 2.461 2.547 2.631 2.725 2.781 2.824 2.877 2.894 2.865 2.816 2.770 2.836 2.836 0.000 
6.250 3.160 0.699 0.904 1.115 1.281 1.473 1.720 1.890 2.012 2.117 2.334 2.457 2.545 2.628 2.722 2.778 2.819 2.870 2.883 2.852 2.801 2.753 2.815 2.815 0.000 
6.250 3.980 0.684 0.887 1.096 1.261 1.453 1.698 1.867 1.992 2.103 2.327 2.453 2.542 2.625 2.719 2.774 2.813 2.862 2.872 2.836 2.782 2.733 2.791 2.791 0.000 
6.250 5.010 0.665 0.866 1.075 1.239 1.429 1.673 1.841 1.968 2.087 2.318 2.448 2.538 2.622 2.716 2.770 2.807 2.854 2.859 2.819 2.762 2.711 2.764 2.764 0.000 
6.250 6.310 0.642 0.842 1.049 1.211 1.401 1.642 1.809 1.939 2.067 2.308 2.442 2.533 2.618 2.712 2.765 2.801 2.844 2.844 2.799 2.739 2.685 2.732 2.732 0.000 
6.250 7.940 0.616 0.813 1.019 1.180 1.368 1.607 1.773 1.906 2.044 2.294 2.433 2.527 2.612 2.706 2.759 2.793 2.834 2.828 2.778 2.713 2.656 2.695 2.695 0.000 
6.250 10.000 0.586 0.780 0.984 1.143 1.329 1.565 1.730 1.867 2.015 2.277 2.421 2.517 2.602 2.697 2.751 2.783 2.822 2.810 2.753 2.684 2.623 2.653 2.653 0.000 
6.250 12.590 0.551 0.742 0.944 1.101 1.285 1.518 1.681 1.822 1.982 2.254 2.403 2.501 2.587 2.684 2.738 2.769 2.805 2.787 2.725 2.650 2.585 2.604 2.604 0.000 
6.250 15.850 0.510 0.698 0.898 1.053 1.235 1.464 1.626 1.771 1.941 2.223 2.378 2.478 2.565 2.662 2.718 2.748 2.782 2.759 2.691 2.611 2.541 2.548 2.548 0.000 
6.250 19.950 0.465 0.649 0.846 0.999 1.178 1.404 1.564 1.712 1.892 2.183 2.342 2.444 2.531 2.629 2.687 2.716 2.749 2.720 2.649 2.563 2.488 2.482 2.482 0.000 
6.250 25.120 0.413 0.593 0.788 0.938 1.114 1.336 1.494 1.645 1.834 2.132 2.294 2.397 2.483 2.582 2.641 2.669 2.701 2.669 2.594 2.503 2.424 2.404 2.404 0.000 
6.250 31.620 0.355 0.531 0.723 0.870 1.043 1.261 1.417 1.569 1.765 2.067 2.231 2.334 2.419 2.518 2.578 2.605 2.637 2.601 2.524 2.429 2.346 2.312 2.312 0.000 
6.250 39.810 0.290 0.462 0.650 0.794 0.965 1.178 1.331 1.484 1.685 1.988 2.152 2.254 2.337 2.435 2.494 2.520 2.552 2.513 2.436 2.338 2.251 2.205 2.205 0.000 
6.250 50.120 0.217 0.384 0.569 0.710 0.877 1.086 1.236 1.389 1.592 1.894 2.056 2.157 2.237 2.333 2.391 2.415 2.446 2.404 2.329 2.227 2.138 2.082 2.082 0.000 
6.250 63.100 0.135 0.296 0.478 0.615 0.780 0.983 1.131 1.283 1.487 1.784 1.944 2.042 2.119 2.212 2.269 2.290 2.320 2.275 2.201 2.098 2.008 1.944 1.944 0.000 
6.250 79.430 0.041 0.198 0.376 0.510 0.671 0.869 1.015 1.165 1.367 1.658 1.814 1.911 1.983 2.074 2.128 2.146 2.175 2.127 2.055 1.951 1.861 1.792 1.792 0.000 
6.250 100.000 -0.065 0.086 0.261 0.391 0.548 0.741 0.884 1.032 1.232 1.515 1.667 1.762 1.831 1.920 1.970 1.985 2.013 1.962 1.892 1.787 1.698 1.627 1.627 0.000 
6.250 125.890 -0.188 -0.042 0.129 0.256 0.409 0.597 0.737 0.882 1.079 1.353 1.501 1.595 1.661 1.749 1.797 1.809 1.835 1.782 1.715 1.609 1.523 1.451 1.451 0.000 
6.250 158.490 -0.330 -0.190 -0.022 0.101 0.250 0.432 0.570 0.712 0.904 1.169 1.314 1.409 1.473 1.562 1.609 1.618 1.644 1.588 1.525 1.418 1.335 1.265 1.265 0.000 
6.250 199.530 -0.496 -0.362 -0.198 -0.079 0.067 0.243 0.378 0.516 0.704 0.960 1.102 1.201 1.265 1.357 1.405 1.413 1.441 1.383 1.324 1.217 1.137 1.069 1.069 0.000 
6.250 251.190 -0.693 -0.564 -0.404 -0.289 -0.146 0.024 0.156 0.291 0.473 0.720 0.861 0.967 1.033 1.132 1.185 1.193 1.224 1.166 1.111 1.004 0.929 0.864 0.864 0.000 
6.250 316.230 -0.927 -0.804 -0.648 -0.536 -0.398 -0.233 -0.104 0.027 0.204 0.442 0.585 0.701 0.773 0.885 0.946 0.956 0.993 0.937 0.888 0.781 0.710 0.649 0.649 0.000 
6.250 398.110 -1.208 -1.091 -0.939 -0.831 -0.697 -0.538 -0.412 -0.285 -0.113 0.118 0.264 0.398 0.480 0.610 0.686 0.700 0.746 0.695 0.653 0.546 0.480 0.423 0.423 0.000 
6.250 501.190 -1.549 -1.438 -1.289 -1.186 -1.055 -0.902 -0.779 -0.655 -0.489 -0.264 -0.110 0.047 0.144 0.302 0.398 0.421 0.481 0.438 0.405 0.298 0.237 0.184 0.184 0.000 
6.250 630.960 -1.964 -1.859 -1.714 -1.614 -1.488 -1.341 -1.220 -1.101 -0.941 -0.719 -0.553 -0.362 -0.243 -0.049 0.079 0.114 0.193 0.163 0.142 0.035 -0.022 -0.070 -0.070 0.000 
6.250 794.330 -2.473 -2.373 -2.233 -2.137 -2.014 -1.873 -1.756 -1.640 -1.486 -1.264 -1.081 -0.845 -0.695 -0.451 -0.281 -0.228 -0.122 -0.133 -0.140 -0.247 -0.299 -0.343 -0.343 0.000 
6.250 1000.000 -3.099 -3.006 -2.869 -2.777 -2.659 -2.523 -2.409 -2.297 -2.149 -1.924 -1.716 -1.420 -1.229 -0.918 -0.692 -0.612 -0.470 -0.456 -0.445 -0.552 -0.599 -0.638 -0.638 0.000 
6.500 1.000 0.926 1.132 1.344 1.512 1.702 1.940 2.104 2.206 2.271 2.441 2.539 2.611 2.685 2.770 2.818 2.860 2.914 2.939 2.922 2.881 2.843 2.923 2.923 0.000 
6.500 1.260 0.921 1.127 1.338 1.505 1.695 1.933 2.096 2.199 2.266 2.439 2.538 2.610 2.684 2.768 2.816 2.856 2.910 2.933 2.915 2.873 2.835 2.914 2.914 0.000 
6.500 1.580 0.914 1.120 1.331 1.497 1.687 1.924 2.087 2.191 2.260 2.435 2.535 2.608 2.682 2.765 2.813 2.852 2.905 2.926 2.907 2.864 2.825 2.903 2.903 0.000 
6.500 2.000 0.906 1.111 1.322 1.488 1.677 1.913 2.076 2.180 2.253 2.431 2.533 2.606 2.679 2.763 2.809 2.848 2.899 2.918 2.897 2.853 2.813 2.889 2.889 0.000 
6.500 2.510 0.897 1.100 1.310 1.476 1.664 1.899 2.062 2.168 2.245 2.427 2.530 2.603 2.677 2.760 2.806 2.843 2.893 2.909 2.885 2.839 2.799 2.873 2.873 0.000 
6.500 3.160 0.885 1.087 1.297 1.461 1.649 1.883 2.045 2.153 2.234 2.421 2.526 2.600 2.674 2.756 2.801 2.837 2.885 2.898 2.871 2.824 2.782 2.854 2.854 0.000 
6.500 3.980 0.871 1.072 1.280 1.444 1.631 1.863 2.025 2.134 2.222 2.414 2.522 2.597 2.671 2.753 2.797 2.831 2.877 2.886 2.856 2.806 2.763 2.831 2.831 0.000 
6.500 5.010 0.854 1.053 1.261 1.423 1.609 1.840 2.000 2.113 2.207 2.406 2.518 2.594 2.667 2.750 2.793 2.825 2.868 2.872 2.838 2.786 2.741 2.805 2.805 0.000 
6.500 6.310 0.833 1.031 1.237 1.398 1.583 1.812 1.972 2.087 2.189 2.397 2.512 2.590 2.664 2.746 2.788 2.818 2.858 2.858 2.819 2.763 2.716 2.774 2.774 0.000 
6.500 7.940 0.809 1.005 1.209 1.369 1.553 1.779 1.938 2.056 2.168 2.385 2.505 2.585 2.659 2.741 2.783 2.811 2.848 2.842 2.798 2.738 2.688 2.740 2.740 0.000 
6.500 10.000 0.781 0.974 1.177 1.335 1.517 1.741 1.898 2.020 2.143 2.371 2.496 2.578 2.652 2.735 2.777 2.803 2.837 2.824 2.774 2.710 2.657 2.700 2.700 0.000 
6.500 12.590 0.749 0.939 1.140 1.296 1.476 1.697 1.853 1.979 2.112 2.352 2.483 2.567 2.642 2.726 2.768 2.792 2.824 2.805 2.749 2.679 2.622 2.656 2.656 0.000 
6.500 15.850 0.711 0.898 1.097 1.251 1.429 1.647 1.801 1.931 2.076 2.327 2.464 2.551 2.627 2.712 2.755 2.777 2.807 2.781 2.719 2.644 2.582 2.605 2.605 0.000 
6.500 19.950 0.668 0.852 1.048 1.200 1.375 1.590 1.742 1.876 2.033 2.294 2.436 2.525 2.602 2.689 2.733 2.755 2.782 2.751 2.683 2.602 2.536 2.546 2.546 0.000 
6.500 25.120 0.620 0.799 0.993 1.142 1.315 1.525 1.676 1.813 1.980 2.251 2.397 2.489 2.566 2.653 2.699 2.720 2.747 2.711 2.638 2.552 2.481 2.477 2.477 0.000 
6.500 31.620 0.565 0.740 0.931 1.077 1.247 1.454 1.602 1.742 1.918 2.195 2.345 2.437 2.514 2.602 2.650 2.671 2.697 2.657 2.581 2.490 2.414 2.395 2.395 0.000 
6.500 39.810 0.503 0.673 0.861 1.005 1.172 1.374 1.520 1.661 1.844 2.125 2.276 2.369 2.445 2.534 2.583 2.602 2.628 2.585 2.508 2.412 2.332 2.300 2.300 0.000 
6.500 50.120 0.432 0.598 0.783 0.924 1.087 1.284 1.428 1.570 1.757 2.039 2.191 2.284 2.357 2.445 2.495 2.513 2.539 2.493 2.416 2.317 2.233 2.189 2.189 0.000 
6.500 63.100 0.353 0.514 0.695 0.833 0.993 1.185 1.326 1.468 1.658 1.937 2.088 2.179 2.250 2.337 2.386 2.403 2.428 2.380 2.304 2.203 2.117 2.063 2.063 0.000 
6.500 79.430 0.262 0.418 0.596 0.730 0.887 1.074 1.213 1.353 1.543 1.818 1.966 2.057 2.125 2.210 2.257 2.272 2.297 2.246 2.173 2.069 1.982 1.921 1.921 0.000 
6.500 100.000 0.158 0.309 0.484 0.614 0.767 0.949 1.085 1.224 1.412 1.681 1.826 1.916 1.981 2.065 2.110 2.122 2.147 2.093 2.022 1.917 1.831 1.765 1.765 0.000 
6.500 125.890 0.039 0.184 0.355 0.482 0.631 0.808 0.941 1.077 1.263 1.524 1.666 1.755 1.818 1.902 1.946 1.955 1.979 1.923 1.855 1.750 1.665 1.597 1.597 0.000 
6.500 158.490 -0.101 0.039 0.206 0.329 0.475 0.646 0.777 0.910 1.092 1.345 1.484 1.574 1.635 1.721 1.764 1.772 1.796 1.738 1.674 1.567 1.485 1.417 1.417 0.000 
6.500 199.530 -0.264 -0.130 0.033 0.153 0.295 0.460 0.588 0.718 0.896 1.140 1.276 1.371 1.432 1.521 1.567 1.573 1.599 1.539 1.479 1.373 1.294 1.227 1.227 0.000 
6.500 251.190 -0.458 -0.330 -0.170 -0.055 0.084 0.244 0.369 0.495 0.668 0.903 1.039 1.141 1.204 1.301 1.351 1.358 1.387 1.328 1.273 1.166 1.091 1.027 1.027 0.000 
6.500 316.230 -0.690 -0.567 -0.411 -0.300 -0.165 -0.011 0.111 0.234 0.402 0.629 0.766 0.879 0.949 1.058 1.117 1.125 1.161 1.104 1.054 0.947 0.876 0.816 0.816 0.000 
6.500 398.110 -0.969 -0.852 -0.700 -0.592 -0.461 -0.313 -0.194 -0.075 0.088 0.308 0.449 0.579 0.658 0.787 0.860 0.873 0.918 0.866 0.824 0.716 0.650 0.593 0.593 0.000 
6.500 501.190 -1.307 -1.196 -1.047 -0.944 -0.817 -0.674 -0.558 -0.443 -0.286 -0.071 0.077 0.231 0.326 0.481 0.576 0.597 0.656 0.612 0.579 0.472 0.410 0.358 0.358 0.000 
6.500 630.960 -1.719 -1.614 -1.470 -1.370 -1.247 -1.110 -0.997 -0.886 -0.735 -0.523 -0.363 -0.175 -0.058 0.134 0.259 0.293 0.372 0.341 0.319 0.212 0.155 0.107 0.107 0.000 
6.500 794.330 -2.225 -2.126 -1.986 -1.890 -1.771 -1.640 -1.530 -1.422 -1.277 -1.066 -0.888 -0.655 -0.508 -0.265 -0.098 -0.045 0.060 0.048 0.040 -0.067 -0.119 -0.163 -0.163 0.000 
6.500 1000.000 -2.849 -2.756 -2.620 -2.528 -2.412 -2.288 -2.180 -2.077 -1.938 -1.723 -1.521 -1.228 -1.039 -0.730 -0.506 -0.427 -0.286 -0.272 -0.262 -0.369 -0.417 -0.455 -0.455 0.000 
6.750 1.000 1.103 1.307 1.517 1.683 1.869 2.094 2.250 2.339 2.384 2.527 2.609 2.669 2.734 2.807 2.846 2.883 2.934 2.956 2.944 2.905 2.872 2.959 2.959 0.000 
6.750 1.260 1.099 1.302 1.512 1.677 1.863 2.087 2.244 2.333 2.380 2.525 2.607 2.668 2.732 2.805 2.844 2.879 2.930 2.950 2.937 2.898 2.865 2.950 2.950 0.000 
6.750 1.580 1.093 1.296 1.505 1.670 1.855 2.080 2.235 2.326 2.375 2.521 2.605 2.665 2.729 2.802 2.840 2.875 2.924 2.943 2.929 2.889 2.855 2.940 2.940 0.000 
6.750 2.000 1.086 1.288 1.497 1.662 1.846 2.070 2.225 2.317 2.368 2.517 2.602 2.663 2.727 2.799 2.836 2.870 2.918 2.935 2.919 2.878 2.844 2.927 2.927 0.000 
6.750 2.510 1.077 1.279 1.487 1.651 1.835 2.058 2.213 2.305 2.360 2.513 2.599 2.660 2.724 2.796 2.832 2.864 2.911 2.926 2.907 2.865 2.830 2.912 2.912 0.000 
6.750 3.160 1.067 1.267 1.475 1.638 1.821 2.043 2.197 2.291 2.350 2.507 2.595 2.657 2.720 2.792 2.827 2.858 2.903 2.914 2.893 2.849 2.814 2.893 2.893 0.000 
6.750 3.980 1.054 1.253 1.460 1.622 1.805 2.025 2.179 2.275 2.339 2.501 2.591 2.654 2.717 2.788 2.822 2.851 2.894 2.902 2.878 2.832 2.795 2.872 2.872 0.000 
6.750 5.010 1.038 1.236 1.442 1.604 1.785 2.004 2.157 2.255 2.325 2.493 2.587 2.650 2.713 2.784 2.816 2.844 2.884 2.888 2.860 2.811 2.773 2.847 2.847 0.000 
6.750 6.310 1.020 1.216 1.421 1.581 1.761 1.978 2.130 2.231 2.309 2.484 2.581 2.646 2.709 2.780 2.811 2.836 2.874 2.872 2.840 2.789 2.748 2.818 2.818 0.000 
6.750 7.940 0.998 1.192 1.395 1.554 1.733 1.948 2.099 2.203 2.289 2.474 2.575 2.641 2.705 2.775 2.806 2.829 2.863 2.856 2.819 2.764 2.721 2.785 2.785 0.000 
6.750 10.000 0.972 1.164 1.366 1.523 1.700 1.913 2.063 2.170 2.267 2.461 2.568 2.636 2.700 2.771 2.800 2.821 2.852 2.839 2.796 2.736 2.691 2.747 2.747 0.000 
6.750 12.590 0.942 1.131 1.331 1.486 1.662 1.872 2.020 2.132 2.239 2.445 2.557 2.628 2.693 2.764 2.794 2.812 2.840 2.820 2.771 2.706 2.657 2.705 2.705 0.000 
6.750 15.850 0.907 1.093 1.291 1.444 1.618 1.825 1.972 2.087 2.207 2.425 2.543 2.617 2.682 2.754 2.784 2.801 2.826 2.799 2.743 2.674 2.620 2.658 2.658 0.000 
6.750 19.950 0.867 1.049 1.245 1.396 1.567 1.771 1.916 2.036 2.168 2.398 2.522 2.599 2.665 2.739 2.770 2.785 2.808 2.775 2.712 2.637 2.579 2.605 2.605 0.000 
6.750 25.120 0.821 1.000 1.193 1.342 1.510 1.710 1.853 1.977 2.121 2.362 2.492 2.571 2.638 2.714 2.747 2.761 2.782 2.743 2.675 2.593 2.530 2.543 2.543 0.000 
6.750 31.620 0.769 0.943 1.134 1.280 1.446 1.641 1.783 1.910 2.065 2.315 2.449 2.531 2.598 2.676 2.711 2.724 2.744 2.700 2.628 2.541 2.473 2.471 2.471 0.000 
6.750 39.810 0.710 0.880 1.067 1.210 1.373 1.565 1.704 1.834 1.997 2.254 2.392 2.475 2.542 2.621 2.658 2.671 2.691 2.643 2.568 2.476 2.403 2.387 2.387 0.000 
6.750 50.120 0.642 0.808 0.992 1.132 1.292 1.479 1.616 1.747 1.917 2.178 2.317 2.401 2.468 2.547 2.586 2.599 2.618 2.568 2.491 2.395 2.318 2.288 2.288 0.000 
6.750 63.100 0.565 0.726 0.907 1.044 1.201 1.383 1.517 1.649 1.823 2.085 2.225 2.309 2.374 2.453 2.493 2.504 2.525 2.472 2.396 2.296 2.215 2.174 2.174 0.000 
6.750 79.430 0.478 0.633 0.811 0.945 1.098 1.275 1.407 1.538 1.714 1.973 2.112 2.196 2.259 2.339 2.378 2.388 2.409 2.354 2.280 2.177 2.095 2.044 2.044 0.000 
6.750 100.000 0.377 0.527 0.702 0.832 0.981 1.153 1.282 1.412 1.588 1.843 1.980 2.064 2.125 2.204 2.243 2.252 2.273 2.216 2.144 2.040 1.956 1.898 1.898 0.000 
6.750 125.890 0.260 0.405 0.576 0.702 0.848 1.015 1.141 1.269 1.444 1.692 1.826 1.911 1.970 2.050 2.089 2.095 2.117 2.058 1.989 1.884 1.801 1.739 1.739 0.000 
6.750 158.490 0.123 0.262 0.430 0.553 0.695 0.856 0.980 1.105 1.277 1.518 1.650 1.736 1.794 1.876 1.916 1.921 1.943 1.883 1.818 1.711 1.631 1.567 1.567 0.000 
6.750 199.530 -0.038 0.096 0.260 0.379 0.517 0.673 0.794 0.916 1.084 1.317 1.447 1.538 1.596 1.683 1.725 1.729 1.753 1.692 1.631 1.524 1.447 1.382 1.382 0.000 
6.750 251.190 -0.229 -0.101 0.059 0.174 0.309 0.459 0.577 0.696 0.860 1.084 1.214 1.312 1.374 1.468 1.515 1.520 1.548 1.487 1.431 1.324 1.250 1.187 1.187 0.000 
6.750 316.230 -0.458 -0.336 -0.180 -0.068 0.063 0.207 0.323 0.438 0.596 0.813 0.945 1.055 1.122 1.229 1.285 1.292 1.327 1.269 1.219 1.111 1.041 0.981 0.981 0.000 
6.750 398.110 -0.734 -0.618 -0.466 -0.358 -0.230 -0.092 0.020 0.132 0.285 0.495 0.631 0.758 0.835 0.961 1.032 1.044 1.088 1.035 0.992 0.885 0.818 0.762 0.762 0.000 
6.750 501.190 -1.070 -0.959 -0.811 -0.707 -0.583 -0.451 -0.341 -0.234 -0.086 0.119 0.262 0.414 0.506 0.659 0.752 0.772 0.830 0.786 0.752 0.644 0.582 0.530 0.530 0.000 
6.750 630.960 -1.480 -1.375 -1.231 -1.131 -1.011 -0.885 -0.778 -0.674 -0.532 -0.330 -0.175 0.010 0.125 0.315 0.439 0.472 0.549 0.518 0.495 0.388 0.330 0.282 0.282 0.000 
6.750 794.330 -1.984 -1.884 -1.744 -1.648 -1.532 -1.412 -1.308 -1.208 -1.071 -0.870 -0.697 -0.467 -0.322 -0.081 0.084 0.136 0.240 0.227 0.219 0.112 0.059 0.016 0.016 0.000 
6.750 1000.000 -2.605 -2.512 -2.375 -2.283 -2.171 -2.057 -1.956 -1.860 -1.729 -1.525 -1.327 -1.037 -0.850 -0.543 -0.320 -0.242 -0.102 -0.090 -0.080 -0.187 -0.235 -0.274 -0.274 0.000 
7.000 1.000 1.277 1.478 1.687 1.851 2.032 2.246 2.395 2.472 2.497 2.614 2.680 2.729 2.784 2.847 2.877 2.908 2.956 2.976 2.968 2.932 2.904 2.997 2.997 0.000 
7.000 1.260 1.273 1.474 1.682 1.846 2.027 2.240 2.389 2.466 2.493 2.611 2.678 2.727 2.781 2.845 2.874 2.904 2.951 2.970 2.961 2.925 2.896 2.989 2.989 0.000 
7.000 1.580 1.268 1.468 1.676 1.840 2.020 2.233 2.381 2.459 2.488 2.608 2.676 2.724 2.779 2.842 2.870 2.900 2.946 2.963 2.953 2.916 2.887 2.979 2.979 0.000 
7.000 2.000 1.262 1.461 1.669 1.832 2.012 2.224 2.372 2.451 2.482 2.604 2.673 2.722 2.776 2.838 2.866 2.894 2.940 2.955 2.943 2.905 2.876 2.967 2.967 0.000 
7.000 2.510 1.254 1.453 1.660 1.823 2.002 2.213 2.361 2.441 2.475 2.599 2.669 2.718 2.772 2.834 2.861 2.888 2.932 2.945 2.932 2.893 2.863 2.952 2.952 0.000 
7.000 3.160 1.244 1.443 1.649 1.811 1.990 2.200 2.347 2.428 2.466 2.594 2.665 2.715 2.768 2.830 2.855 2.881 2.923 2.934 2.918 2.878 2.847 2.935 2.935 0.000 
7.000 3.980 1.233 1.430 1.636 1.797 1.975 2.184 2.331 2.413 2.455 2.587 2.661 2.711 2.764 2.825 2.849 2.874 2.913 2.921 2.902 2.860 2.829 2.914 2.914 0.000 
7.000 5.010 1.219 1.415 1.619 1.780 1.957 2.164 2.310 2.395 2.442 2.580 2.656 2.707 2.760 2.820 2.842 2.865 2.903 2.906 2.884 2.840 2.807 2.890 2.890 0.000 
7.000 6.310 1.202 1.396 1.600 1.759 1.935 2.141 2.286 2.373 2.427 2.571 2.650 2.702 2.755 2.815 2.836 2.857 2.891 2.890 2.864 2.817 2.783 2.862 2.862 0.000 
7.000 7.940 1.182 1.374 1.577 1.734 1.909 2.113 2.258 2.347 2.409 2.561 2.644 2.697 2.750 2.810 2.829 2.848 2.879 2.873 2.842 2.792 2.756 2.830 2.830 0.000 
7.000 10.000 1.158 1.348 1.549 1.706 1.879 2.080 2.224 2.317 2.388 2.550 2.637 2.692 2.745 2.805 2.823 2.839 2.867 2.854 2.818 2.764 2.726 2.794 2.794 0.000 
7.000 12.590 1.131 1.318 1.517 1.672 1.843 2.042 2.184 2.281 2.363 2.536 2.629 2.686 2.740 2.799 2.817 2.830 2.855 2.835 2.793 2.734 2.693 2.755 2.755 0.000 
7.000 15.850 1.098 1.283 1.480 1.632 1.802 1.998 2.139 2.240 2.334 2.519 2.618 2.677 2.732 2.792 2.810 2.821 2.842 2.815 2.766 2.702 2.657 2.710 2.710 0.000 
7.000 19.950 1.061 1.242 1.437 1.587 1.755 1.948 2.087 2.192 2.299 2.496 2.602 2.665 2.720 2.782 2.800 2.809 2.827 2.793 2.737 2.668 2.618 2.660 2.660 0.000 
7.000 25.120 1.018 1.195 1.388 1.536 1.701 1.890 2.027 2.137 2.257 2.467 2.579 2.645 2.701 2.765 2.785 2.792 2.808 2.767 2.705 2.629 2.575 2.605 2.605 0.000 
7.000 31.620 0.968 1.142 1.332 1.477 1.640 1.825 1.960 2.074 2.206 2.427 2.545 2.615 2.672 2.738 2.760 2.766 2.781 2.734 2.666 2.584 2.524 2.540 2.540 0.000 
7.000 39.810 0.912 1.081 1.268 1.411 1.570 1.752 1.885 2.002 2.145 2.376 2.498 2.570 2.629 2.696 2.721 2.727 2.741 2.690 2.617 2.529 2.464 2.466 2.466 0.000 
7.000 50.120 0.847 1.012 1.196 1.336 1.492 1.669 1.800 1.919 2.071 2.309 2.435 2.509 2.568 2.637 2.665 2.670 2.684 2.630 2.554 2.462 2.392 2.378 2.378 0.000 
7.000 63.100 0.773 0.933 1.114 1.251 1.404 1.576 1.705 1.825 1.984 2.225 2.353 2.429 2.487 2.558 2.588 2.593 2.608 2.551 2.474 2.378 2.304 2.276 2.276 0.000 
7.000 79.430 0.688 0.843 1.021 1.154 1.304 1.471 1.597 1.719 1.881 2.122 2.251 2.328 2.385 2.458 2.489 2.494 2.509 2.450 2.375 2.275 2.197 2.158 2.158 0.000 
7.000 100.000 0.590 0.740 0.914 1.044 1.190 1.352 1.476 1.596 1.760 1.999 2.128 2.206 2.262 2.335 2.368 2.372 2.388 2.328 2.255 2.152 2.073 2.024 2.024 0.000 
7.000 125.890 0.475 0.620 0.791 0.917 1.060 1.217 1.338 1.457 1.620 1.855 1.982 2.062 2.117 2.192 2.225 2.228 2.246 2.184 2.114 2.010 1.930 1.875 1.875 0.000 
7.000 158.490 0.341 0.481 0.648 0.770 0.910 1.061 1.179 1.296 1.458 1.686 1.812 1.894 1.949 2.027 2.062 2.064 2.084 2.021 1.955 1.849 1.770 1.711 1.711 0.000 
7.000 199.530 0.183 0.317 0.480 0.599 0.735 0.881 0.996 1.110 1.269 1.490 1.615 1.702 1.758 1.841 1.879 1.881 1.903 1.840 1.778 1.672 1.595 1.535 1.535 0.000 
7.000 251.190 -0.006 0.123 0.282 0.397 0.529 0.670 0.782 0.893 1.048 1.262 1.387 1.481 1.540 1.632 1.676 1.679 1.705 1.643 1.586 1.479 1.406 1.345 1.345 0.000 
7.000 316.230 -0.232 -0.109 0.046 0.158 0.286 0.420 0.530 0.638 0.788 0.995 1.121 1.228 1.293 1.398 1.452 1.457 1.490 1.431 1.380 1.272 1.202 1.144 1.144 0.000 
7.000 398.110 -0.506 -0.389 -0.237 -0.129 -0.005 0.124 0.230 0.335 0.480 0.681 0.811 0.935 1.010 1.134 1.203 1.214 1.257 1.202 1.159 1.051 0.985 0.930 0.930 0.000 
7.000 501.190 -0.839 -0.728 -0.579 -0.476 -0.355 -0.232 -0.129 -0.028 0.112 0.308 0.446 0.594 0.685 0.836 0.927 0.946 1.003 0.957 0.923 0.815 0.753 0.701 0.701 0.000 
7.000 630.960 -1.246 -1.141 -0.997 -0.897 -0.780 -0.663 -0.562 -0.465 -0.331 -0.139 0.012 0.194 0.307 0.495 0.617 0.649 0.725 0.693 0.670 0.562 0.505 0.457 0.457 0.000 
7.000 794.330 -1.747 -1.648 -1.508 -1.412 -1.299 -1.188 -1.090 -0.997 -0.868 -0.676 -0.508 -0.281 -0.137 0.102 0.266 0.317 0.420 0.406 0.398 0.290 0.237 0.194 0.194 0.000 
7.000 1000.000 -2.366 -2.273 -2.136 -2.044 -1.936 -1.830 -1.735 -1.646 -1.523 -1.328 -1.135 -0.848 -0.662 -0.357 -0.136 -0.059 0.080 0.092 0.102 -0.006 -0.054 -0.093 -0.093 0.000 
7.250 1.000 1.447 1.646 1.853 2.016 2.192 2.395 2.537 2.603 2.610 2.701 2.753 2.790 2.836 2.889 2.910 2.936 2.981 2.999 2.994 2.961 2.937 3.037 3.037 0.000 
7.250 1.260 1.444 1.642 1.849 2.011 2.188 2.390 2.532 2.598 2.606 2.698 2.750 2.788 2.833 2.887 2.906 2.932 2.976 2.993 2.988 2.954 2.930 3.029 3.029 0.000 
7.250 1.580 1.439 1.637 1.844 2.006 2.182 2.383 2.525 2.592 2.601 2.695 2.748 2.785 2.830 2.883 2.902 2.928 2.971 2.986 2.980 2.946 2.921 3.020 3.020 0.000 
7.250 2.000 1.434 1.631 1.837 1.999 2.174 2.375 2.517 2.584 2.596 2.691 2.745 2.782 2.827 2.880 2.898 2.922 2.964 2.978 2.970 2.935 2.911 3.009 3.009 0.000 
7.250 2.510 1.427 1.624 1.829 1.990 2.165 2.366 2.507 2.575 2.589 2.686 2.741 2.778 2.823 2.875 2.892 2.915 2.956 2.968 2.959 2.923 2.898 2.995 2.995 0.000 
7.250 3.160 1.418 1.614 1.819 1.980 2.154 2.354 2.495 2.563 2.580 2.681 2.737 2.774 2.819 2.870 2.886 2.908 2.947 2.956 2.945 2.908 2.883 2.978 2.978 0.000 
7.250 3.980 1.408 1.603 1.807 1.967 2.141 2.339 2.480 2.550 2.570 2.674 2.732 2.770 2.814 2.864 2.879 2.899 2.936 2.943 2.930 2.891 2.865 2.959 2.959 0.000 
7.250 5.010 1.395 1.589 1.792 1.951 2.124 2.321 2.461 2.533 2.558 2.667 2.726 2.765 2.808 2.858 2.871 2.890 2.925 2.928 2.911 2.871 2.844 2.935 2.935 0.000 
7.250 6.310 1.380 1.572 1.775 1.933 2.104 2.300 2.439 2.513 2.544 2.658 2.720 2.759 2.803 2.852 2.863 2.880 2.912 2.911 2.891 2.848 2.820 2.908 2.908 0.000 
7.250 7.940 1.362 1.552 1.754 1.910 2.081 2.275 2.413 2.489 2.527 2.648 2.714 2.754 2.797 2.846 2.855 2.869 2.899 2.892 2.868 2.822 2.793 2.878 2.878 0.000 
7.250 10.000 1.340 1.529 1.728 1.884 2.053 2.245 2.382 2.461 2.508 2.637 2.707 2.748 2.791 2.839 2.848 2.859 2.885 2.872 2.843 2.794 2.763 2.843 2.843 0.000 
7.250 12.590 1.315 1.500 1.699 1.852 2.020 2.209 2.345 2.428 2.485 2.624 2.699 2.742 2.785 2.834 2.840 2.849 2.871 2.852 2.817 2.764 2.730 2.804 2.804 0.000 
7.250 15.850 1.285 1.468 1.664 1.816 1.982 2.168 2.303 2.389 2.458 2.609 2.689 2.735 2.779 2.827 2.833 2.839 2.858 2.832 2.790 2.732 2.695 2.761 2.761 0.000 
7.250 19.950 1.250 1.430 1.624 1.773 1.937 2.121 2.254 2.345 2.426 2.590 2.676 2.725 2.770 2.820 2.825 2.829 2.844 2.810 2.762 2.698 2.657 2.714 2.714 0.000 
7.250 25.120 1.209 1.385 1.577 1.725 1.886 2.066 2.197 2.293 2.388 2.565 2.658 2.711 2.757 2.808 2.815 2.816 2.828 2.787 2.731 2.662 2.616 2.662 2.662 0.000 
7.250 31.620 1.162 1.335 1.524 1.669 1.828 2.004 2.134 2.234 2.342 2.532 2.633 2.689 2.736 2.790 2.798 2.798 2.808 2.760 2.697 2.621 2.570 2.604 2.604 0.000 
7.250 39.810 1.108 1.277 1.464 1.606 1.762 1.934 2.061 2.166 2.286 2.489 2.595 2.655 2.704 2.760 2.771 2.770 2.779 2.725 2.656 2.574 2.518 2.537 2.537 0.000 
7.250 50.120 1.046 1.211 1.395 1.534 1.687 1.855 1.980 2.088 2.219 2.431 2.543 2.606 2.656 2.715 2.730 2.729 2.737 2.678 2.606 2.518 2.456 2.460 2.460 0.000 
7.250 63.100 0.975 1.135 1.316 1.452 1.602 1.765 1.888 1.998 2.138 2.357 2.473 2.539 2.589 2.651 2.669 2.668 2.677 2.615 2.540 2.447 2.381 2.370 2.370 0.000 
7.250 79.430 0.893 1.048 1.225 1.358 1.505 1.663 1.783 1.895 2.041 2.264 2.382 2.451 2.501 2.566 2.587 2.586 2.596 2.532 2.457 2.360 2.289 2.264 2.264 0.000 
7.250 100.000 0.797 0.947 1.121 1.251 1.394 1.547 1.665 1.777 1.927 2.150 2.269 2.340 2.391 2.457 2.481 2.481 2.492 2.427 2.354 2.253 2.179 2.143 2.143 0.000 
7.250 125.890 0.686 0.830 1.001 1.127 1.267 1.415 1.530 1.641 1.793 2.013 2.132 2.206 2.256 2.326 2.353 2.352 2.366 2.300 2.229 2.126 2.050 2.005 2.005 0.000 
7.250 158.490 0.554 0.694 0.861 0.983 1.119 1.262 1.374 1.484 1.635 1.851 1.970 2.047 2.098 2.172 2.201 2.201 2.217 2.151 2.083 1.978 1.903 1.851 1.851 0.000 
7.250 199.530 0.399 0.532 0.696 0.814 0.947 1.084 1.194 1.301 1.450 1.661 1.779 1.862 1.914 1.994 2.028 2.028 2.047 1.982 1.919 1.813 1.738 1.683 1.683 0.000 
7.250 251.190 0.213 0.341 0.500 0.615 0.745 0.876 0.983 1.087 1.233 1.437 1.556 1.647 1.703 1.792 1.833 1.834 1.858 1.794 1.736 1.629 1.557 1.500 1.500 0.000 
7.250 316.230 -0.011 0.111 0.267 0.378 0.504 0.630 0.734 0.835 0.977 1.174 1.295 1.399 1.461 1.563 1.615 1.619 1.650 1.589 1.538 1.430 1.361 1.305 1.305 0.000 
7.250 398.110 -0.282 -0.165 -0.013 0.094 0.216 0.336 0.437 0.535 0.672 0.863 0.989 1.110 1.183 1.305 1.371 1.381 1.422 1.367 1.323 1.215 1.149 1.095 1.095 0.000 
7.250 501.190 -0.612 -0.502 -0.353 -0.250 -0.132 -0.018 0.080 0.175 0.307 0.494 0.627 0.773 0.862 1.011 1.099 1.117 1.173 1.127 1.092 0.984 0.922 0.871 0.871 0.000 
7.250 630.960 -1.017 -0.912 -0.768 -0.668 -0.555 -0.446 -0.351 -0.260 -0.134 0.051 0.196 0.376 0.487 0.673 0.793 0.824 0.900 0.867 0.843 0.735 0.678 0.631 0.631 0.000 
7.250 794.330 -1.516 -1.417 -1.276 -1.181 -1.071 -0.968 -0.876 -0.789 -0.668 -0.484 -0.320 -0.096 0.046 0.283 0.445 0.496 0.598 0.584 0.574 0.466 0.414 0.370 0.370 0.000 
7.250 1000.000 -2.132 -2.039 -1.903 -1.811 -1.705 -1.608 -1.519 -1.436 -1.320 -1.133 -0.944 -0.660 -0.476 -0.172 0.047 0.123 0.261 0.273 0.282 0.173 0.126 0.087 0.087 0.000 
7.500 1.000 1.614 1.811 2.016 2.177 2.349 2.542 2.678 2.733 2.722 2.789 2.827 2.853 2.890 2.934 2.945 2.967 3.009 3.025 3.024 2.993 2.974 3.079 3.079 0.000 
7.500 1.260 1.611 1.807 2.012 2.173 2.345 2.537 2.673 2.728 2.719 2.786 2.824 2.851 2.887 2.931 2.942 2.963 3.004 3.019 3.018 2.986 2.967 3.072 3.072 0.000 
7.500 1.580 1.607 1.803 2.008 2.168 2.340 2.531 2.667 2.722 2.714 2.783 2.822 2.848 2.884 2.928 2.938 2.958 2.999 3.012 3.010 2.978 2.958 3.063 3.063 0.000 
7.500 2.000 1.602 1.797 2.002 2.162 2.333 2.524 2.660 2.716 2.709 2.779 2.818 2.844 2.881 2.924 2.933 2.953 2.992 3.004 3.001 2.968 2.948 3.053 3.053 0.000 
7.500 2.510 1.596 1.791 1.995 2.154 2.325 2.515 2.651 2.707 2.703 2.774 2.814 2.840 2.876 2.919 2.927 2.946 2.984 2.994 2.989 2.956 2.936 3.040 3.040 0.000 
7.500 3.160 1.588 1.782 1.986 2.145 2.315 2.505 2.640 2.697 2.695 2.769 2.810 2.836 2.871 2.913 2.920 2.938 2.974 2.982 2.976 2.942 2.921 3.024 3.024 0.000 
7.500 3.980 1.579 1.772 1.975 2.133 2.303 2.491 2.626 2.684 2.685 2.762 2.804 2.831 2.866 2.907 2.912 2.928 2.963 2.969 2.960 2.925 2.904 3.005 3.005 0.000 
7.500 5.010 1.568 1.759 1.962 2.119 2.288 2.475 2.609 2.669 2.674 2.755 2.798 2.825 2.859 2.899 2.904 2.918 2.950 2.953 2.942 2.905 2.883 2.983 2.983 0.000 
7.500 6.310 1.554 1.744 1.945 2.102 2.270 2.456 2.589 2.650 2.660 2.746 2.791 2.819 2.853 2.892 2.894 2.906 2.936 2.935 2.921 2.882 2.860 2.957 2.957 0.000 
7.500 7.940 1.537 1.726 1.926 2.081 2.248 2.433 2.565 2.628 2.644 2.736 2.784 2.812 2.845 2.884 2.884 2.894 2.921 2.915 2.898 2.856 2.832 2.927 2.927 0.000 
7.500 10.000 1.518 1.704 1.903 2.057 2.223 2.405 2.536 2.602 2.626 2.724 2.776 2.805 2.838 2.876 2.875 2.882 2.906 2.894 2.872 2.828 2.802 2.893 2.893 0.000 
7.500 12.590 1.494 1.678 1.875 2.028 2.192 2.372 2.502 2.571 2.604 2.712 2.768 2.798 2.831 2.869 2.866 2.870 2.890 2.872 2.845 2.797 2.769 2.855 2.855 0.000 
7.500 15.850 1.466 1.648 1.843 1.994 2.156 2.334 2.463 2.535 2.579 2.697 2.758 2.791 2.824 2.862 2.857 2.859 2.875 2.850 2.816 2.764 2.734 2.813 2.813 0.000 
7.500 19.950 1.433 1.612 1.806 1.955 2.115 2.289 2.417 2.494 2.549 2.680 2.747 2.783 2.817 2.855 2.849 2.848 2.860 2.827 2.787 2.729 2.696 2.768 2.768 0.000 
7.500 25.120 1.395 1.571 1.762 1.909 2.067 2.238 2.364 2.445 2.514 2.658 2.733 2.772 2.807 2.846 2.840 2.836 2.845 2.804 2.756 2.693 2.656 2.718 2.718 0.000 
7.500 31.620 1.351 1.523 1.712 1.856 2.012 2.179 2.303 2.390 2.472 2.631 2.712 2.755 2.792 2.833 2.829 2.823 2.828 2.780 2.725 2.655 2.613 2.664 2.664 0.000 
7.500 39.810 1.300 1.468 1.654 1.796 1.949 2.112 2.234 2.325 2.422 2.594 2.683 2.730 2.769 2.813 2.811 2.803 2.807 2.752 2.689 2.613 2.566 2.603 2.603 0.000 
7.500 50.120 1.241 1.404 1.588 1.727 1.877 2.036 2.156 2.251 2.361 2.545 2.641 2.693 2.733 2.780 2.781 2.774 2.776 2.715 2.647 2.564 2.512 2.534 2.534 0.000 
7.500 63.100 1.172 1.331 1.512 1.647 1.795 1.949 2.067 2.166 2.286 2.481 2.582 2.638 2.680 2.731 2.736 2.729 2.731 2.666 2.594 2.505 2.447 2.454 2.454 0.000 
7.500 79.430 1.093 1.247 1.424 1.557 1.701 1.851 1.966 2.067 2.196 2.397 2.503 2.563 2.606 2.661 2.671 2.664 2.668 2.600 2.526 2.432 2.369 2.361 2.361 0.000 
7.500 100.000 1.000 1.149 1.323 1.452 1.593 1.738 1.851 1.953 2.088 2.293 2.402 2.465 2.509 2.568 2.583 2.576 2.583 2.513 2.439 2.341 2.274 2.252 2.252 0.000 
7.500 125.890 0.891 1.035 1.205 1.331 1.469 1.608 1.718 1.821 1.960 2.165 2.275 2.343 2.388 2.451 2.470 2.464 2.473 2.404 2.332 2.230 2.160 2.126 2.126 0.000 
7.500 158.490 0.762 0.901 1.068 1.190 1.324 1.458 1.566 1.668 1.808 2.010 2.122 2.194 2.240 2.309 2.332 2.328 2.340 2.271 2.202 2.098 2.027 1.984 1.984 0.000 
7.500 199.530 0.609 0.743 0.906 1.024 1.155 1.284 1.388 1.488 1.628 1.827 1.939 2.017 2.066 2.141 2.171 2.167 2.184 2.115 2.051 1.946 1.874 1.825 1.825 0.000 
7.500 251.190 0.426 0.554 0.713 0.828 0.955 1.078 1.180 1.278 1.415 1.608 1.722 1.809 1.863 1.948 1.985 1.983 2.006 1.939 1.880 1.774 1.703 1.651 1.651 0.000 
7.500 316.230 0.205 0.327 0.483 0.594 0.716 0.834 0.933 1.028 1.162 1.350 1.466 1.566 1.627 1.726 1.774 1.776 1.806 1.743 1.691 1.584 1.516 1.462 1.462 0.000 
7.500 398.110 -0.064 0.053 0.205 0.312 0.431 0.543 0.639 0.731 0.861 1.043 1.165 1.282 1.354 1.473 1.537 1.545 1.585 1.528 1.484 1.376 1.311 1.259 1.259 0.000 
7.500 501.190 -0.392 -0.281 -0.133 -0.029 0.086 0.192 0.285 0.374 0.499 0.677 0.806 0.949 1.036 1.183 1.270 1.287 1.342 1.294 1.258 1.151 1.089 1.039 1.039 0.000 
7.500 630.960 -0.794 -0.689 -0.545 -0.445 -0.334 -0.234 -0.143 -0.058 0.061 0.237 0.379 0.556 0.665 0.850 0.968 0.998 1.073 1.039 1.015 0.907 0.849 0.803 0.803 0.000 
7.500 794.330 -1.290 -1.191 -1.051 -0.955 -0.848 -0.753 -0.665 -0.584 -0.470 -0.294 -0.134 0.087 0.228 0.463 0.624 0.673 0.775 0.760 0.750 0.642 0.589 0.546 0.546 0.000 
7.500 1000.000 -1.904 -1.811 -1.674 -1.582 -1.479 -1.390 -1.306 -1.228 -1.120 -0.940 -0.756 -0.474 -0.291 0.011 0.228 0.304 0.441 0.452 0.461 0.352 0.304 0.266 0.266 0.000 
7.750 1.000 1.680 1.874 2.078 2.237 2.406 2.588 2.719 2.768 2.754 2.813 2.846 2.867 2.899 2.937 2.942 2.959 2.996 3.006 3.002 2.970 2.951 3.057 3.057 0.000 
7.750 1.260 1.677 1.871 2.075 2.234 2.402 2.584 2.715 2.764 2.751 2.811 2.844 2.865 2.897 2.935 2.939 2.956 2.992 3.001 2.997 2.964 2.945 3.051 3.051 0.000 
7.750 1.580 1.674 1.867 2.070 2.229 2.397 2.579 2.709 2.759 2.747 2.808 2.842 2.863 2.894 2.932 2.936 2.952 2.987 2.995 2.990 2.957 2.938 3.043 3.043 0.000 
7.750 2.000 1.669 1.862 2.065 2.224 2.391 2.573 2.703 2.753 2.742 2.805 2.839 2.860 2.891 2.929 2.932 2.947 2.981 2.988 2.982 2.949 2.929 3.033 3.033 0.000 
7.750 2.510 1.664 1.856 2.059 2.217 2.384 2.565 2.694 2.746 2.736 2.801 2.835 2.857 2.888 2.925 2.927 2.941 2.974 2.980 2.973 2.938 2.918 3.022 3.022 0.000 
7.750 3.160 1.657 1.849 2.051 2.208 2.375 2.555 2.684 2.736 2.729 2.796 2.831 2.853 2.883 2.920 2.921 2.934 2.966 2.969 2.961 2.925 2.905 3.008 3.008 0.000 
7.750 3.980 1.649 1.839 2.041 2.198 2.364 2.543 2.672 2.725 2.721 2.790 2.827 2.848 2.879 2.914 2.914 2.926 2.957 2.957 2.947 2.910 2.890 2.991 2.991 0.000 
7.750 5.010 1.638 1.828 2.029 2.185 2.350 2.528 2.657 2.711 2.711 2.783 2.822 2.843 2.873 2.908 2.907 2.917 2.946 2.943 2.931 2.892 2.871 2.971 2.971 0.000 
7.750 6.310 1.626 1.814 2.014 2.169 2.334 2.511 2.638 2.694 2.698 2.775 2.816 2.838 2.867 2.902 2.898 2.907 2.933 2.927 2.912 2.872 2.850 2.947 2.947 0.000 
7.750 7.940 1.611 1.798 1.996 2.151 2.314 2.489 2.616 2.674 2.684 2.766 2.809 2.832 2.861 2.895 2.890 2.896 2.920 2.909 2.891 2.848 2.825 2.920 2.920 0.000 
7.750 10.000 1.593 1.778 1.975 2.128 2.290 2.464 2.590 2.650 2.667 2.756 2.802 2.826 2.855 2.888 2.881 2.885 2.906 2.890 2.867 2.822 2.798 2.889 2.889 0.000 
7.750 12.590 1.571 1.754 1.950 2.102 2.262 2.434 2.558 2.621 2.647 2.744 2.794 2.820 2.848 2.881 2.873 2.874 2.891 2.870 2.842 2.794 2.767 2.854 2.854 0.000 
7.750 15.850 1.545 1.726 1.920 2.070 2.229 2.398 2.522 2.588 2.623 2.731 2.785 2.813 2.842 2.874 2.865 2.863 2.877 2.849 2.815 2.763 2.734 2.815 2.815 0.000 
7.750 19.950 1.515 1.692 1.885 2.033 2.190 2.356 2.479 2.549 2.595 2.714 2.775 2.805 2.834 2.867 2.857 2.853 2.863 2.828 2.787 2.730 2.699 2.772 2.772 0.000 
7.750 25.120 1.479 1.654 1.844 1.990 2.145 2.308 2.429 2.503 2.562 2.694 2.761 2.795 2.825 2.859 2.849 2.842 2.848 2.806 2.759 2.696 2.661 2.725 2.725 0.000 
7.750 31.620 1.438 1.608 1.797 1.940 2.093 2.252 2.371 2.451 2.523 2.668 2.742 2.780 2.811 2.847 2.838 2.829 2.833 2.783 2.728 2.660 2.620 2.674 2.674 0.000 
7.750 39.810 1.389 1.556 1.742 1.883 2.033 2.188 2.305 2.389 2.475 2.634 2.715 2.757 2.790 2.829 2.822 2.812 2.813 2.756 2.695 2.620 2.575 2.616 2.616 0.000 
7.750 50.120 1.332 1.495 1.678 1.816 1.964 2.115 2.230 2.318 2.417 2.588 2.676 2.722 2.758 2.800 2.796 2.785 2.785 2.722 2.655 2.574 2.524 2.551 2.551 0.000 
7.750 63.100 1.267 1.425 1.605 1.740 1.885 2.032 2.144 2.236 2.346 2.527 2.621 2.672 2.709 2.755 2.755 2.745 2.745 2.678 2.606 2.519 2.464 2.476 2.476 0.000 
7.750 79.430 1.190 1.343 1.520 1.652 1.794 1.936 2.047 2.141 2.260 2.449 2.548 2.602 2.641 2.691 2.696 2.686 2.688 2.618 2.544 2.451 2.391 2.388 2.388 0.000 
7.750 100.000 1.099 1.248 1.422 1.551 1.689 1.826 1.934 2.030 2.156 2.349 2.451 2.510 2.551 2.605 2.615 2.606 2.609 2.538 2.464 2.367 2.302 2.285 2.285 0.000 
7.750 125.890 0.993 1.137 1.307 1.433 1.567 1.700 1.805 1.901 2.032 2.226 2.330 2.394 2.435 2.495 2.509 2.501 2.508 2.436 2.363 2.263 2.195 2.166 2.166 0.000 
7.750 158.490 0.867 1.006 1.172 1.294 1.426 1.553 1.655 1.751 1.883 2.076 2.182 2.250 2.294 2.359 2.379 2.372 2.383 2.311 2.242 2.139 2.069 2.030 2.030 0.000 
7.750 199.530 0.717 0.850 1.013 1.131 1.259 1.381 1.481 1.575 1.707 1.897 2.004 2.079 2.125 2.198 2.224 2.219 2.234 2.163 2.098 1.993 1.923 1.877 1.877 0.000 
7.750 251.190 0.536 0.664 0.823 0.938 1.062 1.178 1.275 1.367 1.497 1.683 1.792 1.876 1.927 2.010 2.044 2.041 2.062 1.994 1.934 1.828 1.759 1.709 1.709 0.000 
7.750 316.230 0.317 0.439 0.595 0.706 0.826 0.937 1.031 1.121 1.248 1.428 1.540 1.637 1.696 1.793 1.839 1.840 1.868 1.804 1.751 1.644 1.576 1.525 1.525 0.000 
7.750 398.110 0.051 0.168 0.320 0.427 0.543 0.648 0.740 0.826 0.949 1.125 1.242 1.357 1.427 1.544 1.606 1.613 1.652 1.594 1.549 1.441 1.377 1.325 1.325 0.000 
7.750 501.190 -0.274 -0.163 -0.015 0.088 0.201 0.300 0.389 0.472 0.590 0.762 0.887 1.027 1.113 1.258 1.343 1.359 1.413 1.364 1.328 1.220 1.159 1.110 1.110 0.000 
7.750 630.960 -0.674 -0.569 -0.425 -0.325 -0.216 -0.123 -0.037 0.042 0.156 0.325 0.463 0.637 0.745 0.928 1.044 1.074 1.148 1.113 1.089 0.980 0.923 0.877 0.877 0.000 
7.750 794.330 -1.167 -1.068 -0.928 -0.832 -0.727 -0.640 -0.557 -0.481 -0.373 -0.204 -0.048 0.172 0.311 0.545 0.704 0.752 0.853 0.837 0.827 0.719 0.666 0.623 0.623 0.000 
7.750 1000.000 -1.778 -1.685 -1.549 -1.457 -1.356 -1.274 -1.194 -1.122 -1.020 -0.847 -0.666 -0.387 -0.205 0.095 0.311 0.386 0.523 0.533 0.541 0.433 0.385 0.346 0.346 0.000 
8.000 1.000 1.743 1.934 2.137 2.294 2.459 2.632 2.758 2.803 2.785 2.837 2.865 2.882 2.909 2.942 2.940 2.952 2.984 2.988 2.982 2.949 2.930 3.035 3.035 0.000 
8.000 1.260 1.740 1.932 2.134 2.291 2.455 2.629 2.754 2.799 2.782 2.835 2.864 2.880 2.907 2.940 2.937 2.949 2.981 2.984 2.978 2.943 2.925 3.030 3.030 0.000 
8.000 1.580 1.737 1.928 2.130 2.287 2.451 2.624 2.749 2.795 2.779 2.833 2.862 2.878 2.905 2.937 2.934 2.946 2.977 2.979 2.972 2.937 2.919 3.023 3.023 0.000 
8.000 2.000 1.733 1.924 2.125 2.282 2.446 2.618 2.743 2.789 2.774 2.830 2.859 2.876 2.902 2.934 2.931 2.942 2.972 2.973 2.965 2.930 2.911 3.015 3.015 0.000 
8.000 2.510 1.728 1.918 2.119 2.276 2.439 2.611 2.736 2.782 2.769 2.827 2.857 2.873 2.899 2.931 2.927 2.937 2.966 2.965 2.956 2.920 2.901 3.005 3.005 0.000 
8.000 3.160 1.722 1.911 2.112 2.268 2.431 2.603 2.727 2.774 2.763 2.822 2.853 2.870 2.896 2.927 2.922 2.931 2.959 2.956 2.946 2.909 2.890 2.992 2.992 0.000 
8.000 3.980 1.715 1.903 2.103 2.258 2.421 2.592 2.715 2.764 2.755 2.817 2.849 2.866 2.892 2.922 2.916 2.924 2.950 2.946 2.934 2.896 2.876 2.977 2.977 0.000 
8.000 5.010 1.705 1.893 2.092 2.247 2.409 2.578 2.702 2.751 2.746 2.811 2.845 2.862 2.887 2.917 2.910 2.916 2.941 2.934 2.919 2.880 2.860 2.959 2.959 0.000 
8.000 6.310 1.694 1.880 2.079 2.233 2.394 2.562 2.685 2.736 2.735 2.804 2.840 2.857 2.882 2.911 2.903 2.907 2.930 2.919 2.902 2.862 2.840 2.938 2.938 0.000 
8.000 7.940 1.680 1.865 2.063 2.216 2.376 2.543 2.665 2.717 2.722 2.796 2.834 2.852 2.877 2.905 2.895 2.898 2.918 2.903 2.883 2.840 2.818 2.913 2.913 0.000 
8.000 10.000 1.664 1.847 2.043 2.195 2.354 2.519 2.640 2.695 2.706 2.787 2.827 2.846 2.871 2.899 2.887 2.888 2.905 2.886 2.862 2.816 2.793 2.885 2.885 0.000 
8.000 12.590 1.644 1.825 2.020 2.170 2.328 2.491 2.611 2.669 2.688 2.776 2.820 2.841 2.865 2.893 2.880 2.877 2.892 2.867 2.839 2.790 2.765 2.852 2.852 0.000 
8.000 15.850 1.620 1.799 1.992 2.141 2.297 2.458 2.577 2.638 2.666 2.763 2.812 2.834 2.859 2.886 2.872 2.867 2.878 2.848 2.814 2.761 2.734 2.816 2.816 0.000 
8.000 19.950 1.592 1.768 1.960 2.107 2.261 2.419 2.537 2.601 2.640 2.748 2.802 2.827 2.852 2.880 2.865 2.858 2.865 2.828 2.788 2.731 2.701 2.776 2.776 0.000 
8.000 25.120 1.558 1.731 1.921 2.066 2.219 2.374 2.490 2.558 2.609 2.729 2.789 2.817 2.843 2.872 2.857 2.847 2.851 2.807 2.760 2.698 2.665 2.732 2.732 0.000 
8.000 31.620 1.519 1.689 1.876 2.019 2.169 2.321 2.436 2.508 2.571 2.704 2.771 2.803 2.830 2.861 2.847 2.835 2.837 2.785 2.731 2.664 2.626 2.683 2.683 0.000 
8.000 39.810 1.473 1.639 1.824 1.964 2.112 2.260 2.373 2.450 2.526 2.672 2.746 2.782 2.811 2.845 2.832 2.819 2.818 2.760 2.699 2.626 2.583 2.629 2.629 0.000 
8.000 50.120 1.419 1.581 1.763 1.901 2.046 2.190 2.301 2.382 2.471 2.629 2.710 2.750 2.781 2.818 2.809 2.795 2.793 2.729 2.662 2.583 2.535 2.567 2.567 0.000 
8.000 63.100 1.356 1.513 1.693 1.828 1.970 2.110 2.218 2.303 2.404 2.572 2.659 2.704 2.737 2.778 2.773 2.759 2.757 2.688 2.617 2.531 2.479 2.496 2.496 0.000 
8.000 79.430 1.281 1.435 1.611 1.743 1.882 2.017 2.123 2.211 2.321 2.498 2.590 2.639 2.674 2.720 2.719 2.706 2.705 2.633 2.560 2.468 2.410 2.413 2.413 0.000 
8.000 100.000 1.194 1.342 1.515 1.644 1.780 1.910 2.014 2.104 2.221 2.403 2.499 2.553 2.590 2.640 2.645 2.633 2.634 2.560 2.486 2.390 2.328 2.316 2.316 0.000 
8.000 125.890 1.090 1.233 1.403 1.529 1.661 1.787 1.888 1.978 2.100 2.284 2.383 2.442 2.481 2.536 2.546 2.536 2.540 2.466 2.393 2.293 2.228 2.203 2.203 0.000 
8.000 158.490 0.967 1.105 1.271 1.393 1.522 1.643 1.741 1.831 1.956 2.139 2.240 2.305 2.346 2.407 2.423 2.414 2.422 2.349 2.279 2.176 2.108 2.074 2.074 0.000 
8.000 199.530 0.819 0.952 1.115 1.233 1.358 1.473 1.569 1.658 1.783 1.964 2.067 2.138 2.183 2.252 2.275 2.268 2.281 2.209 2.143 2.038 1.970 1.927 1.927 0.000 
8.000 251.190 0.641 0.768 0.927 1.042 1.164 1.273 1.367 1.454 1.577 1.754 1.859 1.940 1.989 2.070 2.101 2.097 2.116 2.046 1.986 1.880 1.812 1.764 1.764 0.000 
8.000 316.230 0.425 0.547 0.702 0.813 0.931 1.035 1.126 1.210 1.331 1.504 1.612 1.706 1.763 1.858 1.901 1.901 1.928 1.863 1.809 1.702 1.635 1.585 1.585 0.000 
8.000 398.110 0.161 0.278 0.429 0.537 0.651 0.749 0.837 0.918 1.035 1.204 1.317 1.430 1.498 1.613 1.673 1.679 1.717 1.659 1.613 1.505 1.441 1.391 1.391 0.000 
8.000 501.190 -0.161 -0.051 0.097 0.201 0.311 0.404 0.489 0.567 0.679 0.844 0.966 1.104 1.188 1.331 1.415 1.430 1.483 1.433 1.397 1.289 1.228 1.179 1.179 0.000 
8.000 630.960 -0.559 -0.454 -0.310 -0.210 -0.104 -0.017 0.065 0.140 0.248 0.410 0.545 0.717 0.823 1.005 1.120 1.149 1.222 1.186 1.161 1.053 0.996 0.950 0.950 0.000 
8.000 794.330 -1.050 -0.951 -0.810 -0.715 -0.612 -0.531 -0.452 -0.381 -0.279 -0.116 0.037 0.255 0.393 0.625 0.782 0.830 0.931 0.914 0.904 0.795 0.743 0.700 0.700 0.000 
8.000 1000.000 -1.658 -1.565 -1.429 -1.337 -1.238 -1.163 -1.087 -1.020 -0.923 -0.756 -0.578 -0.301 -0.121 0.178 0.393 0.467 0.604 0.614 0.621 0.512 0.464 0.426 0.426 0.000 
