AbrahamsonEtAl2015SSlab as implemented in OpenQuake, distance is rhypo. Log10 ground motion values in cgs units, PGV and Sa(T<0.1s) not valid
          14 31 24 : nmag, ndist, nperiod
          10.000 7.500 6.000 5.000 4.000 3.000 2.500 2.000 1.500 1.000 0.750 0.600 0.500 0.400 0.300 0.250 0.200 0.150 0.100 0.075 0.050 0.020 PGA PGV 
          0.740 0.740 0.740 0.740 0.740 0.740 0.740 0.740 0.740 0.740 0.740 0.740 0.740 0.740 0.740 0.740 0.740 0.740 0.740 0.740 0.740 0.740 0.740 0.000 
4.750 1.000 -0.526 -0.309 -0.094 0.077 0.302 0.636 0.855 1.091 1.392 1.876 2.152 2.359 2.536 2.728 2.885 2.980 3.068 3.114 3.054 2.980 2.870 2.821 2.821 0.000 
4.750 1.260 -0.538 -0.321 -0.108 0.063 0.287 0.621 0.839 1.075 1.376 1.861 2.137 2.343 2.521 2.713 2.871 2.966 3.054 3.099 3.039 2.964 2.852 2.800 2.800 0.000 
4.750 1.580 -0.552 -0.337 -0.124 0.046 0.269 0.602 0.820 1.056 1.358 1.842 2.118 2.324 2.502 2.694 2.853 2.948 3.036 3.080 3.020 2.943 2.830 2.775 2.775 0.000 
4.750 2.000 -0.569 -0.355 -0.143 0.026 0.248 0.580 0.797 1.033 1.336 1.819 2.095 2.301 2.478 2.671 2.831 2.926 3.014 3.057 2.996 2.919 2.804 2.744 2.744 0.000 
4.750 2.510 -0.590 -0.377 -0.166 0.002 0.223 0.553 0.769 1.005 1.309 1.792 2.068 2.273 2.449 2.642 2.803 2.898 2.987 3.030 2.968 2.889 2.772 2.707 2.707 0.000 
4.750 3.160 -0.614 -0.403 -0.194 -0.027 0.193 0.521 0.736 0.972 1.277 1.759 2.034 2.239 2.414 2.607 2.769 2.865 2.954 2.995 2.933 2.852 2.734 2.662 2.662 0.000 
4.750 3.980 -0.642 -0.434 -0.226 -0.060 0.158 0.484 0.698 0.934 1.240 1.720 1.994 2.197 2.372 2.564 2.728 2.823 2.913 2.953 2.891 2.808 2.688 2.609 2.609 0.000 
4.750 5.010 -0.675 -0.469 -0.263 -0.099 0.118 0.441 0.654 0.889 1.196 1.674 1.946 2.148 2.321 2.513 2.677 2.772 2.862 2.902 2.840 2.755 2.632 2.545 2.545 0.000 
4.750 6.310 -0.712 -0.510 -0.305 -0.143 0.071 0.392 0.603 0.838 1.145 1.620 1.890 2.089 2.260 2.450 2.615 2.710 2.800 2.838 2.777 2.690 2.566 2.471 2.471 0.000 
4.750 7.940 -0.755 -0.555 -0.353 -0.193 0.019 0.336 0.546 0.780 1.086 1.557 1.825 2.021 2.189 2.377 2.540 2.634 2.724 2.761 2.701 2.613 2.487 2.383 2.383 0.000 
4.750 10.000 -0.803 -0.607 -0.407 -0.249 -0.039 0.274 0.482 0.715 1.020 1.486 1.750 1.942 2.106 2.291 2.452 2.545 2.634 2.669 2.611 2.521 2.393 2.282 2.282 0.000 
4.750 12.590 -0.856 -0.663 -0.466 -0.311 -0.104 0.206 0.412 0.643 0.947 1.405 1.665 1.852 2.012 2.192 2.350 2.440 2.528 2.561 2.504 2.413 2.284 2.168 2.168 0.000 
4.750 15.850 -0.914 -0.726 -0.531 -0.380 -0.175 0.131 0.335 0.563 0.865 1.316 1.570 1.752 1.906 2.081 2.234 2.320 2.406 2.436 2.381 2.289 2.160 2.039 2.039 0.000 
4.750 19.950 -0.978 -0.794 -0.603 -0.454 -0.252 0.049 0.251 0.477 0.775 1.217 1.465 1.641 1.789 1.957 2.104 2.186 2.269 2.295 2.242 2.149 2.021 1.897 1.897 0.000 
4.750 25.120 -1.048 -0.869 -0.680 -0.535 -0.336 -0.040 0.160 0.383 0.678 1.110 1.351 1.520 1.661 1.822 1.962 2.039 2.118 2.139 2.088 1.994 1.869 1.743 1.743 0.000 
4.750 31.620 -1.124 -0.950 -0.765 -0.622 -0.427 -0.136 0.061 0.282 0.572 0.993 1.227 1.390 1.523 1.677 1.809 1.880 1.955 1.970 1.920 1.827 1.704 1.578 1.578 0.000 
4.750 39.810 -1.207 -1.038 -0.856 -0.717 -0.525 -0.239 -0.045 0.173 0.459 0.868 1.095 1.251 1.376 1.522 1.646 1.711 1.781 1.790 1.742 1.648 1.528 1.403 1.403 0.000 
4.750 50.120 -1.297 -1.134 -0.956 -0.820 -0.632 -0.351 -0.159 0.055 0.336 0.734 0.953 1.102 1.220 1.359 1.473 1.532 1.597 1.600 1.553 1.459 1.343 1.221 1.221 0.000 
4.750 63.100 -1.397 -1.239 -1.065 -0.933 -0.748 -0.472 -0.283 -0.073 0.203 0.589 0.800 0.944 1.055 1.186 1.292 1.345 1.405 1.402 1.357 1.262 1.150 1.031 1.031 0.000 
4.750 79.430 -1.508 -1.355 -1.184 -1.056 -0.875 -0.605 -0.418 -0.212 0.059 0.433 0.637 0.775 0.879 1.004 1.103 1.150 1.206 1.196 1.153 1.058 0.950 0.835 0.835 0.000 
4.750 100.000 -1.631 -1.484 -1.317 -1.192 -1.015 -0.750 -0.567 -0.364 -0.099 0.263 0.460 0.595 0.693 0.813 0.906 0.947 0.999 0.984 0.942 0.848 0.744 0.633 0.633 0.000 
4.750 125.890 -1.770 -1.628 -1.465 -1.344 -1.171 -0.912 -0.731 -0.532 -0.273 0.077 0.269 0.401 0.495 0.612 0.699 0.735 0.785 0.765 0.725 0.631 0.532 0.425 0.425 0.000 
4.750 158.490 -1.928 -1.792 -1.633 -1.516 -1.346 -1.093 -0.915 -0.720 -0.466 -0.128 0.059 0.191 0.282 0.398 0.482 0.515 0.563 0.539 0.503 0.408 0.314 0.211 0.211 0.000 
4.750 199.530 -2.110 -1.980 -1.825 -1.712 -1.546 -1.299 -1.124 -0.932 -0.684 -0.357 -0.173 -0.039 0.051 0.170 0.254 0.284 0.332 0.306 0.273 0.179 0.089 -0.008 -0.008 0.000 
4.750 251.190 -2.322 -2.198 -2.047 -1.937 -1.775 -1.534 -1.362 -1.174 -0.932 -0.615 -0.434 -0.293 -0.201 -0.075 0.012 0.041 0.092 0.065 0.037 -0.058 -0.142 -0.235 -0.235 0.000 
4.750 316.230 -2.572 -2.454 -2.306 -2.201 -2.043 -1.808 -1.639 -1.455 -1.218 -0.910 -0.728 -0.576 -0.479 -0.342 -0.247 -0.216 -0.160 -0.185 -0.208 -0.302 -0.382 -0.470 -0.470 0.000 
4.750 398.110 -2.869 -2.757 -2.613 -2.512 -2.357 -2.128 -1.962 -1.782 -1.552 -1.251 -1.065 -0.897 -0.790 -0.635 -0.526 -0.491 -0.426 -0.447 -0.462 -0.557 -0.632 -0.715 -0.715 0.000 
4.750 501.190 -3.225 -3.119 -2.979 -2.882 -2.731 -2.508 -2.345 -2.169 -1.944 -1.650 -1.457 -1.265 -1.143 -0.961 -0.831 -0.788 -0.709 -0.722 -0.729 -0.823 -0.893 -0.971 -0.971 0.000 
4.750 630.960 -3.655 -3.555 -3.419 -3.326 -3.180 -2.962 -2.802 -2.630 -2.411 -2.120 -1.916 -1.690 -1.546 -1.328 -1.167 -1.112 -1.014 -1.014 -1.009 -1.104 -1.169 -1.242 -1.242 0.000 
4.750 794.330 -4.179 -4.085 -3.953 -3.864 -3.721 -3.510 -3.353 -3.184 -2.972 -2.682 -2.460 -2.189 -2.015 -1.746 -1.544 -1.470 -1.345 -1.327 -1.308 -1.402 -1.463 -1.531 -1.531 0.000 
4.750 1000.000 -4.821 -4.733 -4.605 -4.519 -4.381 -4.175 -4.021 -3.857 -3.650 -3.357 -3.110 -2.780 -2.564 -2.229 -1.970 -1.870 -1.710 -1.666 -1.629 -1.724 -1.779 -1.842 -1.842 0.000 
5.000 1.000 -0.324 -0.108 0.104 0.274 0.492 0.810 1.018 1.239 1.521 1.981 2.243 2.438 2.605 2.785 2.928 3.015 3.096 3.136 3.077 3.004 2.899 2.858 2.858 0.000 
5.000 1.260 -0.334 -0.120 0.092 0.262 0.479 0.796 1.003 1.225 1.508 1.968 2.230 2.424 2.592 2.772 2.916 3.002 3.083 3.122 3.063 2.989 2.882 2.840 2.840 0.000 
5.000 1.580 -0.347 -0.134 0.078 0.247 0.463 0.779 0.986 1.208 1.491 1.951 2.213 2.408 2.575 2.755 2.900 2.987 3.068 3.106 3.046 2.971 2.863 2.817 2.817 0.000 
5.000 2.000 -0.362 -0.150 0.060 0.228 0.444 0.758 0.965 1.187 1.471 1.931 2.193 2.387 2.554 2.734 2.880 2.967 3.049 3.086 3.025 2.949 2.839 2.789 2.789 0.000 
5.000 2.510 -0.381 -0.170 0.039 0.206 0.421 0.734 0.940 1.162 1.447 1.907 2.168 2.362 2.528 2.709 2.856 2.944 3.025 3.061 2.999 2.922 2.811 2.755 2.755 0.000 
5.000 3.160 -0.403 -0.194 0.015 0.180 0.394 0.705 0.910 1.132 1.419 1.877 2.138 2.332 2.497 2.678 2.827 2.914 2.996 3.031 2.969 2.889 2.777 2.715 2.715 0.000 
5.000 3.980 -0.429 -0.222 -0.015 0.150 0.362 0.671 0.874 1.096 1.384 1.842 2.102 2.295 2.460 2.641 2.791 2.878 2.960 2.994 2.932 2.850 2.735 2.667 2.667 0.000 
5.000 5.010 -0.459 -0.254 -0.049 0.114 0.325 0.631 0.834 1.055 1.344 1.800 2.060 2.251 2.415 2.595 2.746 2.834 2.917 2.949 2.887 2.803 2.686 2.610 2.610 0.000 
5.000 6.310 -0.493 -0.292 -0.088 0.073 0.282 0.585 0.787 1.008 1.297 1.751 2.009 2.198 2.360 2.540 2.692 2.779 2.863 2.894 2.832 2.746 2.627 2.543 2.543 0.000 
5.000 7.940 -0.533 -0.334 -0.133 0.026 0.233 0.534 0.733 0.954 1.244 1.694 1.949 2.136 2.296 2.474 2.626 2.713 2.796 2.827 2.765 2.678 2.556 2.463 2.463 0.000 
5.000 10.000 -0.577 -0.382 -0.183 -0.026 0.178 0.475 0.673 0.893 1.182 1.628 1.880 2.064 2.220 2.396 2.547 2.633 2.717 2.746 2.685 2.596 2.473 2.371 2.371 0.000 
5.000 12.590 -0.627 -0.436 -0.239 -0.085 0.117 0.411 0.607 0.825 1.113 1.553 1.801 1.981 2.134 2.306 2.455 2.539 2.621 2.649 2.590 2.499 2.374 2.266 2.266 0.000 
5.000 15.850 -0.682 -0.495 -0.301 -0.149 0.050 0.339 0.533 0.750 1.036 1.468 1.712 1.887 2.035 2.203 2.348 2.429 2.510 2.535 2.478 2.386 2.261 2.146 2.146 0.000 
5.000 19.950 -0.743 -0.560 -0.369 -0.220 -0.024 0.261 0.453 0.667 0.951 1.375 1.613 1.783 1.925 2.087 2.227 2.305 2.384 2.405 2.350 2.257 2.132 2.013 2.013 0.000 
5.000 25.120 -0.810 -0.631 -0.443 -0.298 -0.105 0.176 0.365 0.577 0.857 1.272 1.504 1.668 1.803 1.959 2.093 2.167 2.242 2.259 2.206 2.113 1.989 1.867 1.867 0.000 
5.000 31.620 -0.883 -0.709 -0.524 -0.382 -0.192 0.084 0.271 0.479 0.756 1.161 1.386 1.543 1.672 1.820 1.947 2.016 2.087 2.099 2.048 1.954 1.832 1.709 1.709 0.000 
5.000 39.810 -0.963 -0.794 -0.613 -0.474 -0.287 -0.017 0.168 0.374 0.646 1.040 1.258 1.408 1.530 1.671 1.790 1.853 1.920 1.927 1.877 1.783 1.664 1.541 1.541 0.000 
5.000 50.120 -1.050 -0.887 -0.709 -0.574 -0.391 -0.125 0.057 0.259 0.527 0.909 1.120 1.264 1.378 1.513 1.623 1.680 1.743 1.744 1.695 1.601 1.485 1.364 1.364 0.000 
5.000 63.100 -1.147 -0.989 -0.815 -0.683 -0.503 -0.243 -0.064 0.135 0.397 0.768 0.971 1.109 1.217 1.344 1.447 1.498 1.556 1.551 1.505 1.410 1.298 1.180 1.180 0.000 
5.000 79.430 -1.255 -1.102 -0.931 -0.803 -0.627 -0.373 -0.196 -0.001 0.256 0.615 0.811 0.944 1.046 1.167 1.262 1.307 1.361 1.351 1.306 1.211 1.103 0.988 0.988 0.000 
5.000 100.000 -1.375 -1.228 -1.061 -0.937 -0.765 -0.516 -0.342 -0.150 0.102 0.448 0.638 0.767 0.863 0.980 1.069 1.108 1.159 1.142 1.100 1.005 0.901 0.790 0.790 0.000 
5.000 125.890 -1.511 -1.370 -1.207 -1.086 -0.918 -0.674 -0.503 -0.315 -0.069 0.265 0.450 0.577 0.668 0.782 0.866 0.900 0.948 0.927 0.887 0.792 0.693 0.586 0.586 0.000 
5.000 158.490 -1.667 -1.531 -1.372 -1.255 -1.090 -0.853 -0.685 -0.501 -0.260 0.063 0.243 0.370 0.458 0.571 0.652 0.683 0.730 0.705 0.668 0.573 0.478 0.376 0.376 0.000 
5.000 199.530 -1.846 -1.717 -1.561 -1.448 -1.287 -1.056 -0.890 -0.710 -0.475 -0.163 0.013 0.143 0.230 0.346 0.427 0.456 0.503 0.476 0.442 0.347 0.257 0.159 0.159 0.000 
5.000 251.190 -2.056 -1.932 -1.780 -1.671 -1.514 -1.288 -1.126 -0.950 -0.721 -0.418 -0.244 -0.108 -0.019 0.104 0.188 0.216 0.266 0.238 0.208 0.114 0.028 -0.065 -0.065 0.000 
5.000 316.230 -2.303 -2.185 -2.037 -1.932 -1.779 -1.559 -1.400 -1.227 -1.004 -0.711 -0.536 -0.389 -0.294 -0.160 -0.067 -0.038 0.017 -0.009 -0.033 -0.128 -0.208 -0.297 -0.297 0.000 
5.000 398.110 -2.597 -2.485 -2.341 -2.240 -2.091 -1.877 -1.721 -1.552 -1.335 -1.049 -0.871 -0.707 -0.603 -0.450 -0.344 -0.310 -0.246 -0.268 -0.285 -0.380 -0.455 -0.538 -0.538 0.000 
5.000 501.190 -2.951 -2.845 -2.705 -2.608 -2.462 -2.254 -2.101 -1.936 -1.724 -1.445 -1.259 -1.072 -0.952 -0.773 -0.646 -0.604 -0.527 -0.541 -0.548 -0.643 -0.714 -0.792 -0.792 0.000 
5.000 630.960 -3.379 -3.279 -3.143 -3.049 -2.908 -2.706 -2.555 -2.394 -2.189 -1.913 -1.716 -1.495 -1.354 -1.138 -0.980 -0.925 -0.829 -0.830 -0.826 -0.921 -0.987 -1.060 -1.060 0.000 
5.000 794.330 -3.900 -3.806 -3.674 -3.585 -3.447 -3.251 -3.103 -2.947 -2.747 -2.471 -2.257 -1.991 -1.819 -1.553 -1.354 -1.281 -1.158 -1.140 -1.122 -1.217 -1.278 -1.346 -1.346 0.000 
5.000 1000.000 -4.539 -4.451 -4.323 -4.238 -4.104 -3.914 -3.769 -3.617 -3.423 -3.144 -2.905 -2.580 -2.366 -2.034 -1.778 -1.679 -1.520 -1.477 -1.441 -1.536 -1.591 -1.655 -1.655 0.000 
5.250 1.000 -0.125 0.088 0.299 0.468 0.679 0.980 1.178 1.386 1.650 2.086 2.334 2.516 2.673 2.841 2.971 3.049 3.124 3.158 3.099 3.029 2.927 2.895 2.895 0.000 
5.250 1.260 -0.134 0.078 0.289 0.457 0.668 0.968 1.165 1.373 1.638 2.074 2.322 2.504 2.661 2.829 2.959 3.038 3.112 3.146 3.086 3.015 2.913 2.878 2.878 0.000 
5.250 1.580 -0.146 0.065 0.276 0.443 0.653 0.952 1.149 1.357 1.623 2.059 2.307 2.489 2.646 2.814 2.945 3.024 3.098 3.131 3.071 2.998 2.895 2.858 2.858 0.000 
5.250 2.000 -0.160 0.050 0.260 0.426 0.636 0.934 1.130 1.338 1.605 2.041 2.289 2.471 2.628 2.796 2.928 3.007 3.081 3.113 3.052 2.978 2.874 2.833 2.833 0.000 
5.250 2.510 -0.176 0.032 0.241 0.406 0.615 0.912 1.107 1.316 1.583 2.019 2.267 2.449 2.605 2.774 2.907 2.986 3.061 3.091 3.029 2.954 2.848 2.802 2.802 0.000 
5.250 3.160 -0.196 0.011 0.218 0.383 0.590 0.885 1.080 1.288 1.557 1.993 2.240 2.422 2.578 2.747 2.882 2.961 3.035 3.064 3.002 2.924 2.817 2.766 2.766 0.000 
5.250 3.980 -0.220 -0.015 0.191 0.355 0.561 0.854 1.047 1.256 1.526 1.961 2.208 2.389 2.545 2.714 2.850 2.929 3.004 3.032 2.969 2.889 2.780 2.723 2.723 0.000 
5.250 5.010 -0.247 -0.044 0.160 0.322 0.527 0.817 1.010 1.218 1.490 1.924 2.170 2.350 2.505 2.674 2.811 2.891 2.966 2.993 2.929 2.848 2.736 2.671 2.671 0.000 
5.250 6.310 -0.279 -0.079 0.124 0.284 0.487 0.775 0.966 1.175 1.447 1.879 2.124 2.303 2.456 2.625 2.764 2.844 2.919 2.945 2.881 2.797 2.683 2.610 2.610 0.000 
5.250 7.940 -0.315 -0.118 0.083 0.241 0.442 0.727 0.917 1.124 1.397 1.827 2.070 2.247 2.399 2.567 2.706 2.786 2.862 2.886 2.823 2.737 2.621 2.539 2.539 0.000 
5.250 10.000 -0.357 -0.163 0.036 0.191 0.391 0.672 0.860 1.067 1.340 1.766 2.007 2.181 2.330 2.497 2.636 2.716 2.792 2.815 2.753 2.665 2.546 2.455 2.455 0.000 
5.250 12.590 -0.404 -0.213 -0.017 0.136 0.333 0.611 0.797 1.003 1.276 1.696 1.934 2.105 2.251 2.415 2.553 2.631 2.708 2.729 2.668 2.578 2.458 2.359 2.359 0.000 
5.250 15.850 -0.456 -0.269 -0.076 0.075 0.269 0.543 0.728 0.932 1.203 1.618 1.851 2.018 2.160 2.320 2.456 2.532 2.608 2.627 2.568 2.477 2.355 2.249 2.249 0.000 
5.250 19.950 -0.513 -0.331 -0.140 0.008 0.199 0.469 0.651 0.853 1.123 1.530 1.758 1.920 2.057 2.213 2.345 2.418 2.492 2.509 2.451 2.359 2.237 2.125 2.125 0.000 
5.250 25.120 -0.577 -0.399 -0.211 -0.066 0.122 0.387 0.567 0.767 1.034 1.432 1.655 1.812 1.942 2.092 2.220 2.289 2.361 2.374 2.319 2.225 2.104 1.987 1.987 0.000 
5.250 31.620 -0.647 -0.474 -0.289 -0.147 0.038 0.298 0.476 0.673 0.936 1.325 1.541 1.692 1.817 1.960 2.081 2.146 2.215 2.224 2.170 2.077 1.956 1.837 1.837 0.000 
5.250 39.810 -0.724 -0.556 -0.374 -0.236 -0.054 0.201 0.377 0.571 0.830 1.208 1.418 1.563 1.680 1.817 1.931 1.991 2.056 2.060 2.008 1.914 1.796 1.676 1.676 0.000 
5.250 50.120 -0.808 -0.646 -0.468 -0.333 -0.154 0.096 0.269 0.460 0.714 1.082 1.284 1.423 1.534 1.664 1.771 1.825 1.885 1.884 1.834 1.740 1.624 1.506 1.506 0.000 
5.250 63.100 -0.902 -0.745 -0.571 -0.439 -0.264 -0.019 0.151 0.339 0.588 0.944 1.140 1.273 1.377 1.501 1.600 1.648 1.705 1.698 1.650 1.555 1.443 1.326 1.326 0.000 
5.250 79.430 -1.007 -0.855 -0.684 -0.556 -0.385 -0.146 0.022 0.206 0.451 0.795 0.983 1.112 1.210 1.328 1.420 1.463 1.515 1.503 1.457 1.362 1.254 1.140 1.140 0.000 
5.250 100.000 -1.125 -0.978 -0.811 -0.687 -0.520 -0.285 -0.121 0.060 0.299 0.631 0.814 0.938 1.031 1.144 1.230 1.268 1.317 1.299 1.255 1.160 1.056 0.946 0.946 0.000 
5.250 125.890 -1.258 -1.117 -0.954 -0.833 -0.670 -0.441 -0.280 -0.102 0.131 0.452 0.628 0.751 0.839 0.950 1.031 1.064 1.111 1.088 1.047 0.952 0.852 0.746 0.746 0.000 
5.250 158.490 -1.411 -1.276 -1.116 -1.000 -0.840 -0.617 -0.458 -0.285 -0.057 0.253 0.425 0.547 0.632 0.743 0.821 0.851 0.896 0.870 0.831 0.736 0.641 0.539 0.539 0.000 
5.250 199.530 -1.588 -1.459 -1.303 -1.190 -1.034 -0.817 -0.661 -0.491 -0.269 0.029 0.198 0.323 0.408 0.521 0.599 0.626 0.672 0.644 0.609 0.514 0.424 0.326 0.326 0.000 
5.250 251.190 -1.795 -1.671 -1.520 -1.411 -1.258 -1.047 -0.894 -0.728 -0.512 -0.223 -0.056 0.075 0.162 0.282 0.364 0.390 0.438 0.409 0.379 0.284 0.198 0.105 0.105 0.000 
5.250 316.230 -2.039 -1.922 -1.774 -1.669 -1.521 -1.315 -1.165 -1.003 -0.792 -0.513 -0.345 -0.203 -0.111 0.021 0.111 0.139 0.192 0.165 0.140 0.045 -0.035 -0.124 -0.124 0.000 
5.250 398.110 -2.331 -2.219 -2.075 -1.974 -1.830 -1.630 -1.483 -1.325 -1.120 -0.848 -0.677 -0.518 -0.417 -0.267 -0.163 -0.131 -0.068 -0.091 -0.108 -0.203 -0.279 -0.363 -0.363 0.000 
5.250 501.190 -2.682 -2.576 -2.436 -2.339 -2.199 -2.005 -1.861 -1.707 -1.508 -1.241 -1.063 -0.880 -0.764 -0.587 -0.462 -0.422 -0.345 -0.360 -0.369 -0.464 -0.535 -0.614 -0.614 0.000 
5.250 630.960 -3.108 -3.007 -2.871 -2.778 -2.642 -2.454 -2.313 -2.163 -1.969 -1.707 -1.517 -1.300 -1.162 -0.949 -0.794 -0.740 -0.645 -0.647 -0.644 -0.739 -0.805 -0.879 -0.879 0.000 
5.250 794.330 -3.626 -3.532 -3.400 -3.311 -3.178 -2.997 -2.858 -2.712 -2.525 -2.263 -2.056 -1.794 -1.625 -1.362 -1.165 -1.093 -0.971 -0.955 -0.938 -1.033 -1.094 -1.163 -1.163 0.000 
5.250 1000.000 -4.263 -4.175 -4.047 -3.961 -3.833 -3.657 -3.522 -3.379 -3.198 -2.933 -2.701 -2.380 -2.169 -1.840 -1.586 -1.488 -1.330 -1.288 -1.253 -1.349 -1.405 -1.469 -1.469 0.000 
5.500 1.000 0.070 0.281 0.490 0.657 0.863 1.148 1.335 1.530 1.777 2.190 2.423 2.594 2.741 2.896 3.013 3.084 3.151 3.179 3.122 3.053 2.956 2.933 2.933 0.000 
5.500 1.260 0.062 0.272 0.481 0.647 0.852 1.136 1.324 1.519 1.766 2.179 2.413 2.584 2.730 2.886 3.002 3.073 3.141 3.168 3.110 3.040 2.943 2.917 2.917 0.000 
5.500 1.580 0.052 0.261 0.469 0.635 0.840 1.123 1.310 1.505 1.753 2.166 2.399 2.570 2.717 2.873 2.990 3.061 3.128 3.155 3.096 3.025 2.927 2.899 2.899 0.000 
5.500 2.000 0.039 0.247 0.455 0.620 0.824 1.106 1.292 1.488 1.737 2.150 2.383 2.554 2.701 2.857 2.975 3.046 3.113 3.139 3.079 3.007 2.907 2.876 2.876 0.000 
5.500 2.510 0.024 0.231 0.438 0.602 0.805 1.086 1.272 1.467 1.717 2.130 2.364 2.534 2.681 2.837 2.956 3.027 3.094 3.119 3.058 2.984 2.884 2.848 2.848 0.000 
5.500 3.160 0.006 0.211 0.417 0.581 0.783 1.062 1.247 1.442 1.694 2.107 2.340 2.510 2.656 2.813 2.934 3.005 3.072 3.095 3.033 2.958 2.856 2.815 2.815 0.000 
5.500 3.980 -0.015 0.188 0.393 0.555 0.756 1.033 1.217 1.413 1.666 2.078 2.311 2.481 2.627 2.784 2.906 2.977 3.045 3.066 3.003 2.926 2.822 2.776 2.776 0.000 
5.500 5.010 -0.040 0.161 0.364 0.525 0.724 0.999 1.183 1.378 1.632 2.044 2.277 2.446 2.591 2.749 2.872 2.944 3.012 3.032 2.968 2.889 2.783 2.730 2.730 0.000 
5.500 6.310 -0.069 0.129 0.331 0.490 0.688 0.960 1.142 1.338 1.593 2.004 2.236 2.404 2.548 2.706 2.831 2.903 2.971 2.990 2.926 2.844 2.736 2.675 2.675 0.000 
5.500 7.940 -0.103 0.093 0.293 0.450 0.646 0.916 1.096 1.291 1.548 1.956 2.187 2.354 2.497 2.654 2.781 2.853 2.921 2.939 2.875 2.791 2.680 2.610 2.610 0.000 
5.500 10.000 -0.142 0.051 0.249 0.404 0.598 0.864 1.043 1.238 1.495 1.901 2.130 2.295 2.436 2.592 2.719 2.791 2.861 2.877 2.813 2.727 2.613 2.535 2.535 0.000 
5.500 12.590 -0.185 0.004 0.200 0.352 0.544 0.807 0.984 1.178 1.435 1.837 2.063 2.226 2.364 2.519 2.646 2.717 2.787 2.802 2.739 2.651 2.535 2.447 2.447 0.000 
5.500 15.850 -0.234 -0.049 0.144 0.294 0.483 0.743 0.918 1.111 1.367 1.763 1.986 2.146 2.280 2.433 2.559 2.629 2.698 2.711 2.650 2.560 2.442 2.346 2.346 0.000 
5.500 19.950 -0.289 -0.107 0.083 0.230 0.417 0.672 0.845 1.036 1.291 1.681 1.899 2.054 2.185 2.333 2.457 2.525 2.594 2.605 2.545 2.454 2.335 2.231 2.231 0.000 
5.500 25.120 -0.349 -0.172 0.015 0.160 0.343 0.594 0.765 0.954 1.206 1.588 1.802 1.952 2.078 2.221 2.341 2.406 2.473 2.482 2.424 2.332 2.213 2.103 2.103 0.000 
5.500 31.620 -0.416 -0.244 -0.060 0.082 0.262 0.508 0.677 0.864 1.113 1.486 1.694 1.839 1.959 2.097 2.211 2.273 2.337 2.342 2.287 2.193 2.075 1.962 1.962 0.000 
5.500 39.810 -0.490 -0.323 -0.142 -0.003 0.174 0.415 0.581 0.765 1.011 1.374 1.575 1.715 1.828 1.960 2.069 2.126 2.187 2.188 2.135 2.041 1.924 1.808 1.808 0.000 
5.500 50.120 -0.572 -0.410 -0.232 -0.097 0.076 0.313 0.476 0.657 0.899 1.252 1.446 1.580 1.687 1.813 1.915 1.966 2.024 2.020 1.969 1.875 1.760 1.644 1.644 0.000 
5.500 63.100 -0.663 -0.506 -0.332 -0.200 -0.030 0.201 0.362 0.539 0.777 1.118 1.306 1.434 1.535 1.655 1.750 1.796 1.850 1.841 1.792 1.697 1.586 1.471 1.471 0.000 
5.500 79.430 -0.765 -0.613 -0.443 -0.315 -0.148 0.077 0.236 0.410 0.642 0.972 1.154 1.277 1.372 1.486 1.575 1.616 1.666 1.652 1.605 1.510 1.402 1.289 1.289 0.000 
5.500 100.000 -0.880 -0.733 -0.567 -0.442 -0.280 -0.059 0.096 0.267 0.494 0.812 0.987 1.108 1.197 1.307 1.390 1.426 1.473 1.454 1.409 1.314 1.210 1.100 1.100 0.000 
5.500 125.890 -1.010 -0.870 -0.707 -0.586 -0.427 -0.212 -0.060 0.107 0.329 0.636 0.805 0.924 1.009 1.116 1.195 1.226 1.271 1.247 1.205 1.110 1.010 0.904 0.904 0.000 
5.500 158.490 -1.161 -1.026 -0.866 -0.750 -0.594 -0.385 -0.235 -0.072 0.144 0.440 0.605 0.723 0.805 0.913 0.988 1.016 1.060 1.033 0.994 0.899 0.803 0.701 0.701 0.000 
5.500 199.530 -1.335 -1.206 -1.050 -0.937 -0.786 -0.582 -0.435 -0.276 -0.065 0.220 0.381 0.502 0.584 0.694 0.770 0.796 0.840 0.811 0.775 0.680 0.589 0.491 0.491 0.000 
5.500 251.190 -1.539 -1.416 -1.264 -1.155 -1.008 -0.810 -0.666 -0.510 -0.305 -0.030 0.130 0.257 0.341 0.458 0.537 0.562 0.610 0.580 0.548 0.453 0.367 0.274 0.274 0.000 
5.500 316.230 -1.781 -1.664 -1.516 -1.411 -1.267 -1.075 -0.934 -0.782 -0.583 -0.317 -0.156 -0.018 0.071 0.200 0.287 0.314 0.367 0.338 0.313 0.218 0.137 0.048 0.048 0.000 
5.500 398.110 -2.070 -1.959 -1.815 -1.714 -1.574 -1.388 -1.250 -1.102 -0.909 -0.650 -0.486 -0.330 -0.232 -0.085 0.017 0.048 0.110 0.086 0.067 -0.028 -0.104 -0.188 -0.188 0.000 
5.500 501.190 -2.419 -2.313 -2.173 -2.076 -1.940 -1.760 -1.624 -1.481 -1.293 -1.040 -0.869 -0.690 -0.576 -0.402 -0.280 -0.240 -0.165 -0.181 -0.190 -0.286 -0.357 -0.436 -0.436 0.000 
5.500 630.960 -2.842 -2.742 -2.605 -2.512 -2.380 -2.206 -2.074 -1.934 -1.753 -1.503 -1.320 -1.108 -0.972 -0.761 -0.608 -0.556 -0.462 -0.465 -0.463 -0.558 -0.625 -0.699 -0.699 0.000 
5.500 794.330 -3.358 -3.264 -3.132 -3.042 -2.914 -2.746 -2.617 -2.481 -2.306 -2.057 -1.856 -1.599 -1.432 -1.172 -0.977 -0.906 -0.785 -0.770 -0.754 -0.849 -0.910 -0.980 -0.980 0.000 
5.500 1000.000 -3.992 -3.904 -3.776 -3.690 -3.566 -3.404 -3.278 -3.146 -2.976 -2.724 -2.499 -2.182 -1.974 -1.647 -1.395 -1.299 -1.142 -1.101 -1.067 -1.162 -1.219 -1.283 -1.283 0.000 
5.750 1.000 0.261 0.470 0.678 0.843 1.043 1.312 1.491 1.673 1.902 2.293 2.512 2.672 2.808 2.951 3.054 3.118 3.179 3.202 3.145 3.078 2.986 2.971 2.971 0.000 
5.750 1.260 0.254 0.462 0.669 0.834 1.034 1.302 1.480 1.663 1.893 2.283 2.503 2.662 2.799 2.942 3.045 3.109 3.169 3.191 3.134 3.066 2.974 2.957 2.957 0.000 
5.750 1.580 0.245 0.452 0.659 0.823 1.022 1.290 1.467 1.650 1.881 2.271 2.491 2.650 2.787 2.930 3.034 3.097 3.158 3.179 3.121 3.052 2.959 2.939 2.939 0.000 
5.750 2.000 0.234 0.440 0.646 0.810 1.008 1.275 1.452 1.635 1.867 2.257 2.477 2.636 2.772 2.916 3.020 3.084 3.144 3.164 3.105 3.035 2.941 2.919 2.919 0.000 
5.750 2.510 0.220 0.425 0.631 0.794 0.991 1.257 1.433 1.616 1.849 2.239 2.459 2.618 2.754 2.898 3.004 3.067 3.127 3.146 3.086 3.015 2.919 2.894 2.894 0.000 
5.750 3.160 0.204 0.407 0.612 0.774 0.971 1.235 1.411 1.594 1.828 2.218 2.438 2.597 2.733 2.877 2.984 3.047 3.107 3.124 3.063 2.990 2.894 2.864 2.864 0.000 
5.750 3.980 0.185 0.386 0.590 0.751 0.946 1.209 1.384 1.567 1.802 2.193 2.412 2.571 2.707 2.852 2.959 3.023 3.083 3.099 3.036 2.962 2.863 2.828 2.828 0.000 
5.750 5.010 0.162 0.362 0.564 0.723 0.917 1.178 1.352 1.535 1.772 2.162 2.382 2.540 2.675 2.820 2.930 2.993 3.054 3.068 3.005 2.928 2.827 2.786 2.786 0.000 
5.750 6.310 0.135 0.332 0.533 0.691 0.884 1.142 1.315 1.498 1.737 2.126 2.345 2.502 2.637 2.783 2.894 2.958 3.018 3.031 2.967 2.887 2.785 2.736 2.736 0.000 
5.750 7.940 0.104 0.299 0.498 0.654 0.845 1.100 1.272 1.455 1.695 2.083 2.301 2.458 2.591 2.737 2.850 2.914 2.975 2.987 2.922 2.840 2.735 2.677 2.677 0.000 
5.750 10.000 0.068 0.260 0.457 0.611 0.800 1.053 1.223 1.405 1.646 2.032 2.249 2.404 2.537 2.682 2.797 2.861 2.923 2.933 2.868 2.783 2.676 2.609 2.609 0.000 
5.750 12.590 0.028 0.216 0.411 0.563 0.749 0.999 1.167 1.349 1.591 1.973 2.188 2.342 2.472 2.617 2.732 2.796 2.858 2.867 2.803 2.716 2.606 2.530 2.530 0.000 
5.750 15.850 -0.018 0.166 0.359 0.508 0.692 0.938 1.105 1.286 1.527 1.906 2.118 2.269 2.396 2.539 2.654 2.718 2.781 2.788 2.725 2.636 2.523 2.438 2.438 0.000 
5.750 19.950 -0.070 0.111 0.301 0.448 0.629 0.871 1.035 1.215 1.456 1.828 2.037 2.184 2.309 2.449 2.563 2.625 2.688 2.693 2.632 2.541 2.427 2.332 2.332 0.000 
5.750 25.120 -0.127 0.049 0.236 0.380 0.559 0.796 0.958 1.137 1.376 1.741 1.946 2.089 2.209 2.345 2.457 2.517 2.579 2.582 2.523 2.431 2.315 2.214 2.214 0.000 
5.750 31.620 -0.191 -0.019 0.165 0.306 0.481 0.714 0.874 1.050 1.287 1.644 1.843 1.982 2.097 2.229 2.336 2.393 2.454 2.454 2.397 2.304 2.188 2.081 2.081 0.000 
5.750 39.810 -0.262 -0.095 0.086 0.224 0.396 0.624 0.782 0.955 1.189 1.537 1.730 1.864 1.973 2.100 2.202 2.255 2.313 2.310 2.255 2.161 2.047 1.936 1.936 0.000 
5.750 50.120 -0.341 -0.179 -0.001 0.133 0.302 0.525 0.680 0.851 1.081 1.419 1.606 1.734 1.837 1.959 2.055 2.104 2.159 2.152 2.099 2.005 1.892 1.780 1.780 0.000 
5.750 63.100 -0.429 -0.272 -0.098 0.033 0.198 0.416 0.569 0.736 0.962 1.289 1.470 1.593 1.690 1.806 1.897 1.941 1.993 1.981 1.930 1.835 1.725 1.613 1.613 0.000 
5.750 79.430 -0.528 -0.377 -0.206 -0.079 0.083 0.296 0.446 0.610 0.831 1.147 1.321 1.440 1.532 1.643 1.727 1.766 1.815 1.799 1.750 1.655 1.548 1.437 1.437 0.000 
5.750 100.000 -0.640 -0.494 -0.327 -0.203 -0.045 0.162 0.309 0.470 0.686 0.991 1.159 1.275 1.361 1.468 1.547 1.581 1.627 1.606 1.560 1.465 1.361 1.253 1.253 0.000 
5.750 125.890 -0.768 -0.628 -0.465 -0.344 -0.190 0.012 0.156 0.314 0.524 0.818 0.981 1.094 1.177 1.281 1.356 1.386 1.430 1.405 1.361 1.266 1.166 1.061 1.061 0.000 
5.750 158.490 -0.916 -0.781 -0.621 -0.505 -0.354 -0.158 -0.016 0.137 0.342 0.625 0.783 0.897 0.977 1.081 1.154 1.181 1.223 1.195 1.155 1.059 0.964 0.862 0.862 0.000 
5.750 199.530 -1.087 -0.958 -0.803 -0.690 -0.543 -0.353 -0.214 -0.064 0.135 0.408 0.563 0.680 0.759 0.866 0.939 0.964 1.007 0.976 0.940 0.844 0.753 0.656 0.656 0.000 
5.750 251.190 -1.289 -1.166 -1.014 -0.905 -0.762 -0.577 -0.441 -0.296 -0.102 0.160 0.314 0.438 0.519 0.633 0.710 0.734 0.780 0.749 0.717 0.621 0.535 0.442 0.442 0.000 
5.750 316.230 -1.528 -1.411 -1.263 -1.158 -1.019 -0.840 -0.707 -0.565 -0.377 -0.124 0.031 0.165 0.252 0.378 0.463 0.489 0.540 0.511 0.484 0.389 0.307 0.219 0.219 0.000 
5.750 398.110 -1.815 -1.703 -1.559 -1.458 -1.323 -1.150 -1.020 -0.882 -0.700 -0.454 -0.296 -0.145 -0.048 0.096 0.195 0.225 0.286 0.261 0.242 0.146 0.070 -0.014 -0.014 0.000 
5.750 501.190 -2.161 -2.055 -1.915 -1.818 -1.686 -1.519 -1.392 -1.258 -1.082 -0.841 -0.676 -0.501 -0.390 -0.219 -0.098 -0.060 0.014 -0.003 -0.013 -0.109 -0.180 -0.259 -0.259 0.000 
5.750 630.960 -2.581 -2.481 -2.345 -2.252 -2.124 -1.963 -1.839 -1.709 -1.538 -1.301 -1.125 -0.916 -0.783 -0.575 -0.424 -0.373 -0.280 -0.284 -0.283 -0.378 -0.445 -0.519 -0.519 0.000 
5.750 794.330 -3.095 -3.001 -2.869 -2.779 -2.656 -2.501 -2.379 -2.253 -2.089 -1.852 -1.658 -1.405 -1.241 -0.982 -0.790 -0.720 -0.600 -0.586 -0.570 -0.666 -0.728 -0.797 -0.797 0.000 
5.750 1000.000 -3.726 -3.638 -3.510 -3.425 -3.305 -3.156 -3.038 -2.915 -2.757 -2.518 -2.299 -1.985 -1.780 -1.455 -1.206 -1.110 -0.955 -0.914 -0.881 -0.977 -1.034 -1.098 -1.098 0.000 
6.000 1.000 0.449 0.655 0.862 1.026 1.220 1.474 1.644 1.814 2.027 2.395 2.601 2.749 2.875 3.006 3.096 3.152 3.207 3.224 3.169 3.104 3.016 3.009 3.009 0.000 
6.000 1.260 0.443 0.648 0.854 1.018 1.211 1.465 1.634 1.805 2.018 2.386 2.592 2.740 2.867 2.998 3.088 3.144 3.198 3.215 3.159 3.093 3.005 2.996 2.996 0.000 
6.000 1.580 0.435 0.639 0.845 1.008 1.201 1.454 1.623 1.793 2.008 2.376 2.582 2.730 2.856 2.987 3.078 3.133 3.187 3.203 3.147 3.080 2.991 2.981 2.981 0.000 
6.000 2.000 0.425 0.628 0.833 0.996 1.188 1.441 1.609 1.779 1.995 2.363 2.569 2.717 2.843 2.974 3.065 3.121 3.175 3.190 3.132 3.064 2.975 2.961 2.961 0.000 
6.000 2.510 0.413 0.615 0.819 0.981 1.173 1.424 1.592 1.763 1.979 2.347 2.553 2.701 2.827 2.959 3.050 3.106 3.159 3.173 3.114 3.045 2.955 2.939 2.939 0.000 
6.000 3.160 0.398 0.599 0.803 0.963 1.154 1.404 1.571 1.742 1.960 2.328 2.534 2.682 2.808 2.940 3.032 3.088 3.141 3.153 3.093 3.022 2.931 2.911 2.911 0.000 
6.000 3.980 0.381 0.580 0.783 0.942 1.132 1.381 1.547 1.718 1.937 2.305 2.511 2.659 2.784 2.917 3.011 3.066 3.119 3.130 3.068 2.996 2.903 2.878 2.878 0.000 
6.000 5.010 0.360 0.558 0.759 0.917 1.106 1.352 1.518 1.689 1.909 2.278 2.484 2.631 2.756 2.889 2.984 3.040 3.093 3.102 3.039 2.965 2.870 2.840 2.840 0.000 
6.000 6.310 0.335 0.531 0.731 0.888 1.075 1.319 1.483 1.655 1.877 2.245 2.451 2.597 2.722 2.856 2.953 3.008 3.062 3.069 3.005 2.928 2.831 2.794 2.794 0.000 
6.000 7.940 0.307 0.500 0.698 0.853 1.039 1.281 1.444 1.615 1.839 2.206 2.411 2.557 2.682 2.816 2.915 2.970 3.024 3.029 2.965 2.885 2.786 2.741 2.741 0.000 
6.000 10.000 0.274 0.464 0.660 0.814 0.997 1.236 1.398 1.569 1.794 2.160 2.364 2.510 2.633 2.768 2.868 2.924 2.979 2.982 2.917 2.835 2.733 2.679 2.679 0.000 
6.000 12.590 0.236 0.423 0.617 0.768 0.950 1.186 1.346 1.517 1.743 2.106 2.309 2.453 2.575 2.710 2.812 2.868 2.923 2.925 2.860 2.775 2.671 2.607 2.607 0.000 
6.000 15.850 0.193 0.376 0.568 0.717 0.896 1.129 1.287 1.457 1.684 2.044 2.245 2.387 2.507 2.640 2.743 2.800 2.855 2.856 2.792 2.705 2.597 2.524 2.524 0.000 
6.000 19.950 0.144 0.324 0.513 0.660 0.836 1.065 1.221 1.390 1.617 1.972 2.171 2.310 2.427 2.559 2.662 2.718 2.774 2.773 2.710 2.621 2.511 2.428 2.428 0.000 
6.000 25.120 0.090 0.265 0.452 0.596 0.770 0.994 1.148 1.316 1.541 1.891 2.085 2.221 2.335 2.464 2.566 2.620 2.676 2.674 2.613 2.522 2.410 2.319 2.319 0.000 
6.000 31.620 0.029 0.200 0.384 0.524 0.695 0.915 1.067 1.233 1.457 1.799 1.989 2.121 2.231 2.356 2.456 2.508 2.563 2.559 2.499 2.407 2.295 2.196 2.196 0.000 
6.000 39.810 -0.039 0.127 0.308 0.445 0.613 0.829 0.978 1.142 1.363 1.697 1.882 2.009 2.114 2.235 2.331 2.380 2.433 2.426 2.369 2.276 2.164 2.060 2.060 0.000 
6.000 50.120 -0.115 0.046 0.224 0.358 0.523 0.733 0.880 1.041 1.259 1.583 1.762 1.885 1.984 2.101 2.192 2.237 2.289 2.278 2.224 2.130 2.019 1.911 1.911 0.000 
6.000 63.100 -0.200 -0.044 0.130 0.261 0.422 0.627 0.772 0.930 1.144 1.458 1.631 1.750 1.843 1.955 2.041 2.082 2.131 2.116 2.064 1.969 1.860 1.751 1.751 0.000 
6.000 79.430 -0.297 -0.145 0.025 0.152 0.310 0.510 0.652 0.807 1.016 1.320 1.487 1.601 1.689 1.797 1.877 1.914 1.960 1.941 1.892 1.797 1.690 1.582 1.582 0.000 
6.000 100.000 -0.406 -0.260 -0.093 0.030 0.185 0.379 0.518 0.670 0.874 1.167 1.328 1.440 1.523 1.627 1.702 1.735 1.779 1.756 1.708 1.613 1.510 1.403 1.403 0.000 
6.000 125.890 -0.531 -0.391 -0.228 -0.108 0.043 0.232 0.368 0.516 0.716 0.997 1.154 1.263 1.343 1.444 1.516 1.545 1.587 1.560 1.515 1.420 1.320 1.216 1.216 0.000 
6.000 158.490 -0.676 -0.541 -0.382 -0.266 -0.119 0.065 0.198 0.343 0.537 0.808 0.959 1.069 1.146 1.248 1.318 1.343 1.384 1.355 1.313 1.218 1.122 1.021 1.021 0.000 
6.000 199.530 -0.845 -0.716 -0.560 -0.448 -0.305 -0.127 0.004 0.145 0.333 0.593 0.742 0.855 0.932 1.036 1.107 1.130 1.172 1.140 1.103 1.007 0.916 0.819 0.819 0.000 
6.000 251.190 -1.044 -0.921 -0.769 -0.660 -0.521 -0.349 -0.221 -0.084 0.099 0.349 0.497 0.616 0.695 0.807 0.881 0.904 0.949 0.916 0.883 0.788 0.701 0.608 0.608 0.000 
6.000 316.230 -1.281 -1.163 -1.015 -0.911 -0.775 -0.609 -0.484 -0.351 -0.174 0.068 0.216 0.347 0.431 0.555 0.637 0.662 0.712 0.682 0.655 0.559 0.477 0.389 0.389 0.000 
6.000 398.110 -1.565 -1.453 -1.309 -1.208 -1.077 -0.916 -0.794 -0.665 -0.494 -0.259 -0.108 0.040 0.134 0.276 0.373 0.402 0.461 0.435 0.415 0.320 0.243 0.159 0.159 0.000 
6.000 501.190 -1.908 -1.802 -1.662 -1.565 -1.438 -1.283 -1.164 -1.039 -0.873 -0.644 -0.486 -0.314 -0.205 -0.036 0.082 0.119 0.192 0.175 0.164 0.068 -0.004 -0.084 -0.084 0.000 
6.000 630.960 -2.326 -2.226 -2.090 -1.997 -1.873 -1.724 -1.608 -1.487 -1.327 -1.102 -0.931 -0.726 -0.595 -0.389 -0.241 -0.191 -0.099 -0.104 -0.103 -0.199 -0.266 -0.341 -0.341 0.000 
6.000 794.330 -2.837 -2.743 -2.611 -2.522 -2.402 -2.259 -2.146 -2.029 -1.875 -1.650 -1.462 -1.212 -1.050 -0.794 -0.604 -0.536 -0.417 -0.403 -0.388 -0.484 -0.546 -0.616 -0.616 0.000 
6.000 1000.000 -3.466 -3.378 -3.250 -3.164 -3.049 -2.912 -2.802 -2.688 -2.540 -2.313 -2.100 -1.790 -1.587 -1.264 -1.017 -0.923 -0.768 -0.729 -0.696 -0.792 -0.849 -0.914 -0.914 0.000 
6.250 1.000 0.633 0.837 1.042 1.204 1.393 1.634 1.794 1.953 2.150 2.497 2.689 2.826 2.942 3.062 3.138 3.187 3.235 3.248 3.194 3.131 3.048 3.048 3.048 0.000 
6.250 1.260 0.628 0.831 1.035 1.197 1.385 1.626 1.786 1.945 2.143 2.489 2.682 2.818 2.935 3.054 3.131 3.179 3.227 3.239 3.185 3.121 3.037 3.037 3.037 0.000 
6.250 1.580 0.620 0.823 1.027 1.188 1.376 1.616 1.776 1.935 2.133 2.480 2.672 2.809 2.925 3.044 3.121 3.170 3.218 3.229 3.173 3.108 3.025 3.022 3.022 0.000 
6.250 2.000 0.612 0.813 1.017 1.177 1.365 1.603 1.763 1.922 2.121 2.468 2.661 2.797 2.913 3.033 3.110 3.158 3.206 3.216 3.159 3.094 3.009 3.005 3.005 0.000 
6.250 2.510 0.601 0.801 1.004 1.164 1.351 1.589 1.748 1.907 2.107 2.454 2.647 2.783 2.899 3.018 3.097 3.144 3.192 3.200 3.143 3.076 2.991 2.984 2.984 0.000 
6.250 3.160 0.588 0.787 0.989 1.148 1.334 1.571 1.729 1.889 2.090 2.437 2.629 2.766 2.881 3.001 3.080 3.128 3.175 3.182 3.123 3.055 2.969 2.958 2.958 0.000 
6.250 3.980 0.572 0.770 0.971 1.129 1.314 1.549 1.707 1.866 2.069 2.416 2.609 2.745 2.860 2.981 3.060 3.108 3.154 3.160 3.100 3.030 2.943 2.928 2.928 0.000 
6.250 5.010 0.553 0.749 0.949 1.106 1.290 1.523 1.680 1.840 2.044 2.391 2.584 2.720 2.835 2.956 3.037 3.084 3.131 3.134 3.073 3.001 2.912 2.893 2.893 0.000 
6.250 6.310 0.531 0.725 0.923 1.079 1.262 1.493 1.649 1.809 2.015 2.361 2.554 2.690 2.805 2.926 3.009 3.056 3.103 3.104 3.041 2.967 2.876 2.851 2.851 0.000 
6.250 7.940 0.504 0.696 0.893 1.048 1.228 1.457 1.612 1.772 1.980 2.326 2.519 2.654 2.769 2.891 2.975 3.023 3.069 3.069 3.005 2.928 2.835 2.802 2.802 0.000 
6.250 10.000 0.474 0.663 0.858 1.011 1.190 1.416 1.570 1.730 1.939 2.284 2.477 2.611 2.726 2.848 2.934 2.983 3.029 3.027 2.962 2.882 2.787 2.746 2.746 0.000 
6.250 12.590 0.439 0.625 0.818 0.969 1.146 1.369 1.521 1.681 1.892 2.235 2.427 2.561 2.674 2.797 2.885 2.934 2.981 2.977 2.911 2.829 2.731 2.681 2.681 0.000 
6.250 15.850 0.399 0.581 0.772 0.921 1.095 1.315 1.466 1.625 1.837 2.178 2.368 2.501 2.613 2.736 2.826 2.874 2.923 2.917 2.851 2.767 2.665 2.605 2.605 0.000 
6.250 19.950 0.353 0.532 0.720 0.866 1.039 1.255 1.403 1.562 1.774 2.112 2.300 2.431 2.541 2.663 2.754 2.803 2.852 2.845 2.780 2.692 2.588 2.518 2.518 0.000 
6.250 25.120 0.301 0.476 0.662 0.805 0.975 1.187 1.334 1.491 1.703 2.036 2.221 2.349 2.456 2.577 2.669 2.717 2.766 2.758 2.694 2.605 2.498 2.418 2.418 0.000 
6.250 31.620 0.244 0.414 0.597 0.737 0.904 1.112 1.256 1.412 1.623 1.950 2.131 2.256 2.360 2.478 2.568 2.615 2.664 2.655 2.593 2.502 2.394 2.305 2.305 0.000 
6.250 39.810 0.178 0.344 0.524 0.662 0.825 1.029 1.171 1.325 1.534 1.853 2.030 2.151 2.250 2.365 2.453 2.498 2.547 2.535 2.476 2.383 2.274 2.178 2.178 0.000 
6.250 50.120 0.105 0.266 0.443 0.577 0.738 0.936 1.076 1.227 1.434 1.744 1.916 2.033 2.128 2.239 2.324 2.365 2.413 2.398 2.342 2.248 2.139 2.038 2.038 0.000 
6.250 63.100 0.023 0.179 0.353 0.483 0.640 0.834 0.971 1.120 1.322 1.624 1.790 1.903 1.993 2.100 2.180 2.218 2.264 2.246 2.192 2.098 1.991 1.886 1.886 0.000 
6.250 79.430 -0.071 0.080 0.250 0.378 0.531 0.720 0.854 1.000 1.199 1.490 1.650 1.760 1.844 1.948 2.024 2.058 2.102 2.080 2.029 1.934 1.829 1.724 1.724 0.000 
6.250 100.000 -0.177 -0.031 0.135 0.259 0.409 0.592 0.724 0.866 1.060 1.341 1.496 1.603 1.683 1.783 1.855 1.885 1.927 1.902 1.853 1.758 1.656 1.551 1.551 0.000 
6.250 125.890 -0.300 -0.159 0.003 0.123 0.270 0.447 0.577 0.716 0.905 1.175 1.324 1.430 1.507 1.605 1.674 1.700 1.741 1.712 1.667 1.571 1.472 1.369 1.369 0.000 
6.250 158.490 -0.442 -0.307 -0.148 -0.032 0.111 0.283 0.409 0.545 0.729 0.988 1.134 1.240 1.314 1.413 1.480 1.504 1.544 1.512 1.470 1.374 1.279 1.179 1.179 0.000 
6.250 199.530 -0.608 -0.479 -0.324 -0.211 -0.072 0.094 0.218 0.350 0.528 0.777 0.920 1.029 1.103 1.205 1.273 1.295 1.336 1.302 1.264 1.168 1.077 0.981 0.981 0.000 
6.250 251.190 -0.804 -0.681 -0.530 -0.421 -0.286 -0.125 -0.004 0.124 0.297 0.536 0.677 0.793 0.869 0.979 1.051 1.072 1.116 1.082 1.049 0.953 0.867 0.774 0.774 0.000 
6.250 316.230 -1.039 -0.921 -0.773 -0.669 -0.537 -0.382 -0.265 -0.140 0.027 0.258 0.400 0.527 0.609 0.730 0.810 0.834 0.883 0.852 0.824 0.728 0.646 0.557 0.557 0.000 
6.250 398.110 -1.320 -1.208 -1.064 -0.963 -0.836 -0.687 -0.572 -0.452 -0.290 -0.067 0.079 0.223 0.314 0.454 0.549 0.577 0.635 0.608 0.588 0.492 0.415 0.331 0.331 0.000 
6.250 501.190 -1.661 -1.555 -1.415 -1.318 -1.194 -1.051 -0.939 -0.823 -0.667 -0.449 -0.296 -0.128 -0.022 0.145 0.261 0.297 0.369 0.351 0.339 0.243 0.171 0.091 0.091 0.000 
6.250 630.960 -2.076 -1.976 -1.840 -1.747 -1.627 -1.490 -1.381 -1.268 -1.118 -0.904 -0.739 -0.538 -0.409 -0.205 -0.059 -0.010 0.081 0.076 0.075 -0.021 -0.088 -0.163 -0.163 0.000 
6.250 794.330 -2.584 -2.490 -2.358 -2.269 -2.153 -2.022 -1.916 -1.807 -1.664 -1.450 -1.268 -1.021 -0.862 -0.608 -0.419 -0.352 -0.234 -0.221 -0.207 -0.303 -0.366 -0.435 -0.435 0.000 
6.250 1000.000 -3.211 -3.123 -2.995 -2.909 -2.798 -2.672 -2.569 -2.464 -2.327 -2.110 -1.903 -1.596 -1.395 -1.075 -0.830 -0.737 -0.583 -0.544 -0.512 -0.608 -0.666 -0.731 -0.731 0.000 
6.500 1.000 0.814 1.015 1.219 1.379 1.563 1.790 1.943 2.091 2.273 2.598 2.778 2.903 3.010 3.117 3.181 3.223 3.265 3.273 3.221 3.159 3.081 3.089 3.089 0.000 
6.500 1.260 0.809 1.010 1.213 1.373 1.556 1.783 1.936 2.083 2.266 2.591 2.771 2.896 3.003 3.110 3.174 3.216 3.258 3.265 3.212 3.150 3.071 3.078 3.078 0.000 
6.500 1.580 0.803 1.002 1.205 1.365 1.548 1.774 1.927 2.074 2.257 2.583 2.762 2.888 2.994 3.101 3.166 3.207 3.249 3.255 3.201 3.138 3.059 3.065 3.065 0.000 
6.500 2.000 0.795 0.994 1.196 1.355 1.538 1.763 1.915 2.063 2.247 2.572 2.752 2.877 2.983 3.091 3.155 3.196 3.237 3.243 3.188 3.124 3.045 3.049 3.049 0.000 
6.500 2.510 0.785 0.983 1.185 1.344 1.525 1.750 1.901 2.049 2.234 2.559 2.739 2.864 2.970 3.078 3.143 3.183 3.224 3.228 3.172 3.108 3.027 3.029 3.029 0.000 
6.500 3.160 0.773 0.970 1.171 1.329 1.510 1.734 1.885 2.033 2.218 2.544 2.724 2.849 2.954 3.062 3.128 3.168 3.208 3.210 3.154 3.088 3.007 3.006 3.006 0.000 
6.500 3.980 0.759 0.955 1.155 1.312 1.492 1.714 1.864 2.013 2.199 2.525 2.705 2.830 2.935 3.043 3.109 3.149 3.189 3.190 3.132 3.064 2.982 2.978 2.978 0.000 
6.500 5.010 0.742 0.936 1.135 1.291 1.470 1.691 1.840 1.988 2.177 2.503 2.682 2.807 2.913 3.021 3.088 3.128 3.167 3.166 3.106 3.037 2.954 2.945 2.945 0.000 
6.500 6.310 0.722 0.914 1.111 1.266 1.444 1.663 1.811 1.960 2.150 2.476 2.655 2.780 2.885 2.994 3.063 3.102 3.142 3.138 3.077 3.005 2.920 2.906 2.906 0.000 
6.500 7.940 0.698 0.888 1.084 1.237 1.413 1.630 1.777 1.926 2.118 2.444 2.623 2.748 2.853 2.963 3.033 3.072 3.111 3.106 3.043 2.969 2.882 2.862 2.862 0.000 
6.500 10.000 0.670 0.857 1.052 1.203 1.378 1.592 1.738 1.887 2.081 2.406 2.585 2.710 2.814 2.925 2.997 3.037 3.076 3.068 3.004 2.927 2.838 2.810 2.810 0.000 
6.500 12.590 0.637 0.822 1.014 1.164 1.337 1.548 1.692 1.841 2.037 2.361 2.540 2.664 2.768 2.879 2.954 2.994 3.034 3.024 2.958 2.879 2.787 2.750 2.750 0.000 
6.500 15.850 0.599 0.781 0.971 1.119 1.289 1.497 1.640 1.789 1.986 2.309 2.487 2.610 2.714 2.825 2.902 2.942 2.983 2.971 2.905 2.823 2.728 2.681 2.681 0.000 
6.500 19.950 0.557 0.735 0.923 1.068 1.236 1.440 1.581 1.730 1.928 2.248 2.425 2.547 2.649 2.761 2.839 2.880 2.921 2.908 2.842 2.757 2.659 2.602 2.602 0.000 
6.500 25.120 0.508 0.682 0.867 1.010 1.176 1.376 1.515 1.663 1.862 2.178 2.353 2.473 2.573 2.684 2.764 2.805 2.847 2.833 2.768 2.680 2.579 2.511 2.511 0.000 
6.500 31.620 0.453 0.623 0.805 0.945 1.108 1.304 1.441 1.588 1.786 2.097 2.269 2.387 2.484 2.594 2.674 2.714 2.757 2.742 2.678 2.588 2.485 2.408 2.408 0.000 
6.500 39.810 0.391 0.556 0.736 0.873 1.033 1.224 1.359 1.504 1.701 2.006 2.174 2.289 2.382 2.490 2.570 2.609 2.652 2.635 2.574 2.482 2.377 2.291 2.291 0.000 
6.500 50.120 0.321 0.481 0.658 0.791 0.948 1.135 1.268 1.410 1.605 1.902 2.066 2.177 2.267 2.372 2.450 2.487 2.530 2.511 2.452 2.359 2.254 2.160 2.160 0.000 
6.500 63.100 0.241 0.397 0.570 0.700 0.854 1.036 1.166 1.306 1.498 1.786 1.945 2.053 2.139 2.241 2.315 2.349 2.391 2.370 2.314 2.220 2.115 2.017 2.017 0.000 
6.500 79.430 0.150 0.301 0.471 0.598 0.748 0.925 1.052 1.190 1.378 1.657 1.810 1.915 1.996 2.095 2.166 2.198 2.238 2.214 2.161 2.066 1.963 1.862 1.862 0.000 
6.500 100.000 0.047 0.192 0.358 0.482 0.628 0.800 0.925 1.059 1.243 1.512 1.660 1.763 1.840 1.936 2.004 2.032 2.071 2.044 1.994 1.898 1.797 1.696 1.696 0.000 
6.500 125.890 -0.073 0.067 0.229 0.349 0.492 0.659 0.781 0.912 1.091 1.349 1.493 1.595 1.668 1.764 1.829 1.853 1.892 1.861 1.814 1.719 1.621 1.520 1.520 0.000 
6.500 158.490 -0.213 -0.078 0.081 0.197 0.336 0.497 0.617 0.744 0.918 1.166 1.306 1.408 1.480 1.576 1.640 1.662 1.700 1.667 1.624 1.528 1.434 1.335 1.335 0.000 
6.500 199.530 -0.376 -0.247 -0.092 0.020 0.156 0.311 0.428 0.551 0.720 0.958 1.095 1.201 1.273 1.372 1.437 1.458 1.497 1.462 1.423 1.327 1.237 1.141 1.141 0.000 
6.500 251.190 -0.570 -0.447 -0.295 -0.187 -0.055 0.094 0.208 0.328 0.492 0.720 0.856 0.969 1.042 1.149 1.219 1.239 1.281 1.247 1.213 1.116 1.030 0.938 0.938 0.000 
6.500 316.230 -0.802 -0.684 -0.537 -0.432 -0.304 -0.160 -0.049 0.067 0.225 0.445 0.582 0.705 0.785 0.904 0.982 1.004 1.052 1.020 0.992 0.895 0.813 0.725 0.725 0.000 
6.500 398.110 -1.080 -0.969 -0.825 -0.724 -0.600 -0.462 -0.354 -0.242 -0.090 0.123 0.263 0.404 0.494 0.631 0.724 0.751 0.808 0.780 0.759 0.663 0.586 0.502 0.502 0.000 
6.500 501.190 -1.419 -1.313 -1.173 -1.076 -0.956 -0.824 -0.719 -0.610 -0.464 -0.256 -0.109 0.056 0.161 0.325 0.439 0.474 0.545 0.526 0.514 0.417 0.345 0.265 0.265 0.000 
6.500 630.960 -1.831 -1.731 -1.595 -1.502 -1.386 -1.260 -1.158 -1.053 -0.912 -0.709 -0.549 -0.351 -0.224 -0.023 0.122 0.170 0.260 0.254 0.253 0.156 0.089 0.014 0.014 0.000 
6.500 794.330 -2.337 -2.243 -2.111 -2.022 -1.910 -1.790 -1.690 -1.590 -1.455 -1.252 -1.075 -0.831 -0.674 -0.422 -0.236 -0.169 -0.052 -0.040 -0.027 -0.123 -0.186 -0.256 -0.256 0.000 
6.500 1000.000 -2.961 -2.873 -2.745 -2.660 -2.552 -2.437 -2.341 -2.244 -2.115 -1.909 -1.707 -1.404 -1.205 -0.887 -0.644 -0.551 -0.398 -0.360 -0.329 -0.425 -0.483 -0.548 -0.548 0.000 
6.750 1.000 0.991 1.190 1.392 1.551 1.730 1.945 2.090 2.227 2.394 2.699 2.866 2.981 3.078 3.174 3.225 3.260 3.297 3.300 3.249 3.189 3.115 3.130 3.130 0.000 
6.750 1.260 0.987 1.185 1.386 1.545 1.724 1.938 2.083 2.220 2.388 2.693 2.860 2.975 3.071 3.167 3.219 3.253 3.289 3.292 3.240 3.180 3.106 3.120 3.120 0.000 
6.750 1.580 0.981 1.179 1.380 1.538 1.716 1.930 2.075 2.212 2.380 2.685 2.852 2.967 3.063 3.159 3.211 3.245 3.281 3.282 3.230 3.169 3.095 3.108 3.108 0.000 
6.750 2.000 0.974 1.171 1.372 1.530 1.707 1.920 2.065 2.202 2.371 2.676 2.843 2.957 3.053 3.149 3.201 3.235 3.270 3.271 3.218 3.156 3.082 3.093 3.093 0.000 
6.750 2.510 0.965 1.161 1.362 1.519 1.696 1.908 2.052 2.190 2.359 2.664 2.831 2.945 3.041 3.137 3.189 3.223 3.258 3.257 3.203 3.141 3.065 3.075 3.075 0.000 
6.750 3.160 0.955 1.150 1.349 1.506 1.682 1.894 2.037 2.174 2.345 2.650 2.817 2.931 3.027 3.123 3.175 3.208 3.243 3.240 3.185 3.122 3.046 3.054 3.054 0.000 
6.750 3.980 0.942 1.136 1.334 1.490 1.666 1.876 2.019 2.156 2.328 2.633 2.800 2.914 3.010 3.106 3.158 3.191 3.225 3.221 3.165 3.100 3.023 3.028 3.028 0.000 
6.750 5.010 0.927 1.119 1.317 1.471 1.646 1.854 1.996 2.134 2.307 2.613 2.779 2.893 2.989 3.085 3.138 3.171 3.204 3.198 3.140 3.074 2.996 2.997 2.997 0.000 
6.750 6.310 0.908 1.099 1.295 1.449 1.622 1.829 1.970 2.108 2.283 2.588 2.755 2.869 2.964 3.061 3.115 3.147 3.180 3.171 3.112 3.044 2.964 2.961 2.961 0.000 
6.750 7.940 0.886 1.075 1.270 1.422 1.594 1.799 1.939 2.077 2.254 2.559 2.726 2.839 2.935 3.032 3.088 3.119 3.152 3.141 3.080 3.009 2.928 2.920 2.920 0.000 
6.750 10.000 0.860 1.046 1.240 1.391 1.561 1.763 1.902 2.041 2.219 2.524 2.691 2.805 2.900 2.998 3.055 3.087 3.119 3.106 3.044 2.970 2.887 2.872 2.872 0.000 
6.750 12.590 0.830 1.014 1.205 1.354 1.523 1.722 1.860 1.999 2.179 2.484 2.651 2.764 2.859 2.958 3.017 3.049 3.082 3.066 3.002 2.926 2.840 2.817 2.817 0.000 
6.750 15.850 0.795 0.976 1.165 1.312 1.479 1.675 1.811 1.950 2.132 2.436 2.603 2.716 2.810 2.910 2.972 3.004 3.037 3.020 2.954 2.875 2.786 2.753 2.753 0.000 
6.750 19.950 0.755 0.932 1.119 1.264 1.428 1.621 1.756 1.894 2.078 2.380 2.546 2.658 2.752 2.852 2.917 2.950 2.984 2.965 2.898 2.816 2.724 2.681 2.681 0.000 
6.750 25.120 0.709 0.883 1.067 1.209 1.371 1.561 1.693 1.831 2.016 2.315 2.480 2.591 2.683 2.784 2.851 2.885 2.919 2.899 2.833 2.747 2.653 2.599 2.599 0.000 
6.750 31.620 0.657 0.826 1.008 1.148 1.307 1.492 1.623 1.760 1.945 2.240 2.403 2.512 2.603 2.704 2.772 2.806 2.842 2.820 2.755 2.666 2.569 2.504 2.504 0.000 
6.750 39.810 0.598 0.763 0.942 1.078 1.234 1.415 1.544 1.679 1.864 2.154 2.314 2.421 2.509 2.609 2.678 2.711 2.748 2.725 2.662 2.572 2.472 2.397 2.397 0.000 
6.750 50.120 0.530 0.691 0.867 1.000 1.153 1.330 1.456 1.589 1.773 2.056 2.212 2.317 2.402 2.500 2.569 2.601 2.638 2.614 2.553 2.461 2.360 2.277 2.277 0.000 
6.750 63.100 0.454 0.609 0.782 0.912 1.062 1.234 1.357 1.489 1.670 1.946 2.097 2.200 2.280 2.377 2.444 2.474 2.512 2.486 2.428 2.334 2.233 2.143 2.143 0.000 
6.750 79.430 0.366 0.516 0.686 0.812 0.959 1.126 1.247 1.376 1.554 1.821 1.967 2.068 2.145 2.239 2.304 2.332 2.369 2.341 2.286 2.191 2.091 1.996 1.996 0.000 
6.750 100.000 0.265 0.410 0.576 0.699 0.842 1.004 1.122 1.248 1.422 1.680 1.822 1.920 1.994 2.087 2.150 2.175 2.211 2.180 2.129 2.034 1.934 1.837 1.837 0.000 
6.750 125.890 0.148 0.288 0.450 0.570 0.709 0.865 0.981 1.104 1.274 1.521 1.659 1.757 1.828 1.919 1.981 2.003 2.039 2.006 1.958 1.862 1.765 1.668 1.668 0.000 
6.750 158.490 0.011 0.145 0.304 0.420 0.556 0.707 0.820 0.939 1.104 1.342 1.476 1.575 1.644 1.737 1.798 1.818 1.854 1.819 1.775 1.679 1.585 1.488 1.488 0.000 
6.750 199.530 -0.150 -0.021 0.134 0.246 0.378 0.523 0.634 0.750 0.910 1.137 1.269 1.371 1.440 1.537 1.600 1.618 1.656 1.620 1.580 1.484 1.394 1.299 1.299 0.000 
6.750 251.190 -0.341 -0.218 -0.067 0.042 0.170 0.309 0.417 0.529 0.684 0.902 1.033 1.142 1.214 1.318 1.385 1.404 1.445 1.410 1.374 1.278 1.192 1.100 1.100 0.000 
6.750 316.230 -0.570 -0.453 -0.305 -0.200 -0.076 0.058 0.162 0.271 0.420 0.630 0.762 0.882 0.959 1.076 1.152 1.173 1.220 1.187 1.158 1.061 0.979 0.891 0.891 0.000 
6.750 398.110 -0.846 -0.735 -0.591 -0.490 -0.370 -0.242 -0.140 -0.035 0.108 0.311 0.446 0.584 0.671 0.807 0.897 0.923 0.980 0.951 0.929 0.832 0.755 0.671 0.671 0.000 
6.750 501.190 -1.182 -1.076 -0.936 -0.839 -0.723 -0.601 -0.502 -0.401 -0.263 -0.066 0.077 0.239 0.341 0.504 0.616 0.650 0.720 0.700 0.687 0.590 0.518 0.438 0.438 0.000 
6.750 630.960 -1.592 -1.492 -1.356 -1.263 -1.150 -1.034 -0.938 -0.841 -0.709 -0.515 -0.361 -0.165 -0.041 0.159 0.301 0.348 0.438 0.431 0.429 0.333 0.265 0.190 0.190 0.000 
6.750 794.330 -2.095 -2.002 -1.870 -1.780 -1.671 -1.561 -1.468 -1.375 -1.249 -1.055 -0.883 -0.643 -0.488 -0.238 -0.053 0.012 0.129 0.140 0.153 0.056 -0.007 -0.077 -0.077 0.000 
6.750 1000.000 -2.717 -2.629 -2.501 -2.416 -2.311 -2.206 -2.116 -2.027 -1.907 -1.710 -1.513 -1.213 -1.016 -0.700 -0.458 -0.367 -0.214 -0.177 -0.147 -0.243 -0.301 -0.367 -0.367 0.000 
7.000 1.000 1.165 1.361 1.562 1.719 1.893 2.096 2.234 2.361 2.515 2.801 2.955 3.059 3.147 3.231 3.271 3.299 3.330 3.328 3.279 3.221 3.152 3.174 3.174 0.000 
7.000 1.260 1.161 1.357 1.557 1.714 1.888 2.091 2.228 2.356 2.509 2.795 2.950 3.053 3.141 3.225 3.265 3.292 3.323 3.321 3.271 3.213 3.143 3.164 3.164 0.000 
7.000 1.580 1.156 1.351 1.551 1.708 1.881 2.083 2.221 2.348 2.502 2.788 2.942 3.046 3.133 3.218 3.257 3.284 3.315 3.312 3.261 3.203 3.133 3.153 3.153 0.000 
7.000 2.000 1.150 1.344 1.544 1.700 1.873 2.075 2.212 2.339 2.494 2.779 2.934 3.037 3.124 3.208 3.248 3.275 3.305 3.301 3.250 3.190 3.120 3.139 3.139 0.000 
7.000 2.510 1.142 1.336 1.535 1.690 1.863 2.064 2.201 2.328 2.483 2.769 2.923 3.026 3.113 3.197 3.237 3.263 3.293 3.287 3.236 3.175 3.105 3.123 3.123 0.000 
7.000 3.160 1.133 1.325 1.523 1.679 1.851 2.050 2.187 2.314 2.470 2.756 2.910 3.013 3.100 3.184 3.223 3.249 3.278 3.272 3.219 3.157 3.086 3.102 3.102 0.000 
7.000 3.980 1.121 1.313 1.510 1.664 1.836 2.034 2.170 2.298 2.455 2.740 2.894 2.998 3.083 3.168 3.208 3.233 3.261 3.253 3.199 3.136 3.065 3.078 3.078 0.000 
7.000 5.010 1.107 1.297 1.494 1.647 1.817 2.015 2.150 2.278 2.436 2.721 2.876 2.979 3.064 3.149 3.189 3.214 3.241 3.231 3.175 3.111 3.039 3.050 3.050 0.000 
7.000 6.310 1.090 1.279 1.474 1.627 1.796 1.992 2.126 2.254 2.413 2.699 2.853 2.956 3.041 3.126 3.167 3.192 3.218 3.206 3.148 3.083 3.009 3.016 3.016 0.000 
7.000 7.940 1.070 1.257 1.451 1.602 1.770 1.964 2.097 2.225 2.387 2.672 2.827 2.929 3.014 3.100 3.142 3.166 3.192 3.177 3.118 3.050 2.975 2.977 2.977 0.000 
7.000 10.000 1.047 1.231 1.424 1.573 1.740 1.931 2.063 2.192 2.355 2.640 2.795 2.898 2.983 3.069 3.112 3.136 3.161 3.144 3.083 3.013 2.936 2.932 2.932 0.000 
7.000 12.590 1.019 1.201 1.392 1.539 1.704 1.893 2.024 2.153 2.318 2.603 2.758 2.861 2.945 3.032 3.078 3.102 3.127 3.107 3.044 2.971 2.891 2.881 2.881 0.000 
7.000 15.850 0.986 1.166 1.354 1.500 1.663 1.849 1.978 2.107 2.275 2.560 2.714 2.817 2.902 2.990 3.037 3.061 3.087 3.064 3.000 2.923 2.841 2.823 2.823 0.000 
7.000 19.950 0.949 1.125 1.311 1.455 1.616 1.798 1.926 2.055 2.225 2.508 2.663 2.765 2.850 2.939 2.989 3.014 3.040 3.015 2.949 2.870 2.785 2.756 2.756 0.000 
7.000 25.120 0.906 1.078 1.262 1.404 1.562 1.741 1.867 1.995 2.167 2.449 2.602 2.705 2.788 2.878 2.932 2.957 2.984 2.957 2.891 2.808 2.720 2.681 2.681 0.000 
7.000 31.620 0.856 1.025 1.206 1.345 1.500 1.676 1.800 1.928 2.100 2.379 2.532 2.633 2.715 2.806 2.862 2.888 2.917 2.889 2.823 2.737 2.646 2.595 2.595 0.000 
7.000 39.810 0.800 0.964 1.143 1.279 1.431 1.602 1.724 1.851 2.024 2.299 2.449 2.549 2.630 2.721 2.779 2.805 2.835 2.806 2.742 2.653 2.559 2.497 2.497 0.000 
7.000 50.120 0.735 0.895 1.071 1.203 1.353 1.520 1.639 1.765 1.937 2.207 2.354 2.453 2.531 2.622 2.681 2.707 2.738 2.708 2.646 2.555 2.459 2.387 2.387 0.000 
7.000 63.100 0.661 0.816 0.989 1.118 1.265 1.427 1.544 1.668 1.838 2.101 2.245 2.342 2.418 2.508 2.567 2.592 2.624 2.593 2.533 2.440 2.343 2.262 2.262 0.000 
7.000 79.430 0.576 0.726 0.895 1.022 1.165 1.322 1.437 1.558 1.726 1.981 2.121 2.216 2.289 2.378 2.437 2.460 2.493 2.460 2.404 2.310 2.212 2.125 2.125 0.000 
7.000 100.000 0.478 0.623 0.788 0.912 1.051 1.203 1.315 1.434 1.599 1.845 1.981 2.075 2.145 2.233 2.291 2.312 2.345 2.311 2.258 2.163 2.066 1.974 1.974 0.000 
7.000 125.890 0.364 0.503 0.665 0.785 0.921 1.068 1.177 1.293 1.454 1.691 1.823 1.916 1.984 2.072 2.129 2.149 2.182 2.146 2.097 2.001 1.906 1.812 1.812 0.000 
7.000 158.490 0.230 0.364 0.522 0.638 0.771 0.912 1.019 1.131 1.288 1.515 1.644 1.739 1.805 1.895 1.952 1.970 2.004 1.967 1.922 1.826 1.733 1.639 1.639 0.000 
7.000 199.530 0.071 0.200 0.355 0.467 0.596 0.731 0.836 0.945 1.096 1.314 1.440 1.539 1.606 1.700 1.759 1.776 1.813 1.775 1.734 1.637 1.548 1.455 1.455 0.000 
7.000 251.190 -0.117 0.005 0.157 0.265 0.390 0.520 0.622 0.727 0.873 1.082 1.208 1.314 1.383 1.485 1.550 1.567 1.607 1.570 1.534 1.437 1.351 1.261 1.261 0.000 
7.000 316.230 -0.344 -0.227 -0.079 0.026 0.147 0.271 0.370 0.471 0.612 0.813 0.940 1.057 1.132 1.247 1.321 1.340 1.386 1.352 1.322 1.225 1.143 1.056 1.056 0.000 
7.000 398.110 -0.617 -0.506 -0.362 -0.262 -0.144 -0.026 0.070 0.168 0.303 0.497 0.628 0.762 0.847 0.981 1.069 1.094 1.150 1.120 1.097 1.001 0.923 0.840 0.840 0.000 
7.000 501.190 -0.950 -0.845 -0.705 -0.608 -0.494 -0.382 -0.289 -0.195 -0.065 0.123 0.261 0.420 0.521 0.681 0.791 0.824 0.894 0.872 0.859 0.762 0.690 0.610 0.610 0.000 
7.000 630.960 -1.358 -1.258 -1.122 -1.029 -0.919 -0.813 -0.723 -0.632 -0.509 -0.323 -0.174 0.019 0.141 0.339 0.480 0.526 0.615 0.607 0.605 0.508 0.440 0.365 0.365 0.000 
7.000 794.330 -1.859 -1.765 -1.633 -1.544 -1.438 -1.337 -1.250 -1.164 -1.046 -0.861 -0.694 -0.456 -0.303 -0.055 0.128 0.193 0.309 0.319 0.331 0.235 0.171 0.101 0.101 0.000 
7.000 1000.000 -2.478 -2.390 -2.262 -2.177 -2.075 -1.980 -1.896 -1.813 -1.701 -1.513 -1.321 -1.024 -0.828 -0.514 -0.274 -0.183 -0.032 0.005 0.035 -0.062 -0.120 -0.186 -0.186 0.000 
7.250 1.000 1.335 1.529 1.728 1.884 2.053 2.246 2.377 2.495 2.635 2.902 3.045 3.138 3.216 3.290 3.318 3.339 3.365 3.359 3.311 3.255 3.190 3.219 3.219 0.000 
7.250 1.260 1.332 1.525 1.724 1.879 2.048 2.240 2.372 2.489 2.630 2.897 3.039 3.133 3.211 3.284 3.312 3.333 3.358 3.352 3.304 3.247 3.182 3.210 3.210 0.000 
7.250 1.580 1.327 1.520 1.718 1.873 2.043 2.234 2.365 2.483 2.623 2.890 3.033 3.126 3.204 3.277 3.305 3.325 3.350 3.343 3.295 3.238 3.172 3.200 3.200 0.000 
7.250 2.000 1.322 1.514 1.712 1.867 2.035 2.226 2.357 2.475 2.616 2.882 3.025 3.118 3.195 3.269 3.296 3.316 3.341 3.333 3.284 3.226 3.160 3.187 3.187 0.000 
7.250 2.510 1.315 1.507 1.704 1.858 2.026 2.216 2.347 2.464 2.606 2.873 3.015 3.108 3.185 3.258 3.286 3.305 3.329 3.320 3.270 3.212 3.146 3.171 3.171 0.000 
7.250 3.160 1.306 1.497 1.694 1.847 2.015 2.204 2.334 2.452 2.594 2.861 3.003 3.096 3.173 3.246 3.273 3.292 3.315 3.305 3.254 3.195 3.129 3.152 3.152 0.000 
7.250 3.980 1.296 1.486 1.682 1.835 2.002 2.190 2.319 2.437 2.580 2.846 2.989 3.081 3.158 3.231 3.258 3.277 3.299 3.287 3.235 3.175 3.108 3.130 3.130 0.000 
7.250 5.010 1.284 1.472 1.667 1.819 1.985 2.172 2.301 2.419 2.563 2.829 2.971 3.064 3.140 3.213 3.240 3.258 3.280 3.265 3.212 3.151 3.083 3.103 3.103 0.000 
7.250 6.310 1.268 1.455 1.649 1.800 1.965 2.151 2.279 2.397 2.542 2.808 2.951 3.043 3.118 3.191 3.219 3.237 3.257 3.241 3.186 3.123 3.055 3.071 3.071 0.000 
7.250 7.940 1.250 1.435 1.628 1.778 1.942 2.125 2.252 2.371 2.518 2.784 2.926 3.018 3.093 3.167 3.195 3.212 3.232 3.213 3.156 3.091 3.022 3.035 3.035 0.000 
7.250 10.000 1.228 1.411 1.603 1.751 1.914 2.095 2.221 2.340 2.489 2.755 2.897 2.989 3.064 3.138 3.167 3.184 3.203 3.181 3.123 3.055 2.984 2.992 2.992 0.000 
7.250 12.590 1.203 1.383 1.573 1.720 1.881 2.060 2.185 2.303 2.454 2.720 2.863 2.955 3.030 3.105 3.136 3.152 3.170 3.146 3.085 3.015 2.942 2.944 2.944 0.000 
7.250 15.850 1.173 1.350 1.538 1.683 1.842 2.019 2.142 2.261 2.414 2.680 2.823 2.915 2.990 3.066 3.099 3.115 3.134 3.106 3.043 2.970 2.895 2.890 2.890 0.000 
7.250 19.950 1.138 1.312 1.498 1.641 1.798 1.971 2.093 2.212 2.368 2.633 2.776 2.868 2.943 3.020 3.056 3.072 3.091 3.061 2.997 2.920 2.842 2.828 2.828 0.000 
7.250 25.120 1.097 1.268 1.452 1.593 1.747 1.917 2.037 2.156 2.314 2.578 2.721 2.813 2.888 2.966 3.005 3.022 3.042 3.010 2.944 2.864 2.783 2.759 2.759 0.000 
7.250 31.620 1.050 1.218 1.399 1.537 1.689 1.855 1.973 2.092 2.252 2.514 2.656 2.748 2.822 2.903 2.945 2.963 2.983 2.949 2.883 2.800 2.716 2.680 2.680 0.000 
7.250 39.810 0.997 1.160 1.338 1.474 1.623 1.785 1.901 2.019 2.180 2.439 2.580 2.672 2.745 2.827 2.872 2.891 2.913 2.878 2.812 2.726 2.638 2.591 2.591 0.000 
7.250 50.120 0.935 1.094 1.269 1.402 1.548 1.705 1.819 1.937 2.097 2.353 2.491 2.583 2.655 2.737 2.785 2.804 2.828 2.792 2.728 2.639 2.549 2.490 2.490 0.000 
7.250 63.100 0.863 1.018 1.190 1.319 1.463 1.616 1.727 1.843 2.003 2.253 2.389 2.479 2.549 2.632 2.682 2.701 2.727 2.690 2.628 2.537 2.445 2.376 2.376 0.000 
7.250 79.430 0.781 0.931 1.100 1.226 1.366 1.514 1.623 1.737 1.895 2.138 2.271 2.361 2.429 2.511 2.562 2.581 2.608 2.571 2.512 2.419 2.326 2.248 2.248 0.000 
7.250 100.000 0.686 0.830 0.996 1.118 1.255 1.398 1.505 1.616 1.772 2.007 2.137 2.226 2.291 2.374 2.426 2.443 2.472 2.434 2.379 2.285 2.191 2.107 2.107 0.000 
7.250 125.890 0.574 0.713 0.875 0.995 1.128 1.265 1.370 1.478 1.630 1.857 1.983 2.073 2.137 2.221 2.273 2.289 2.319 2.280 2.229 2.134 2.041 1.953 1.953 0.000 
7.250 158.490 0.443 0.576 0.735 0.851 0.980 1.113 1.214 1.320 1.468 1.686 1.809 1.900 1.963 2.050 2.103 2.118 2.150 2.110 2.063 1.967 1.876 1.786 1.786 0.000 
7.250 199.530 0.287 0.415 0.570 0.682 0.808 0.935 1.034 1.136 1.279 1.488 1.610 1.705 1.769 1.860 1.916 1.931 1.965 1.926 1.883 1.787 1.699 1.609 1.609 0.000 
7.250 251.190 0.101 0.224 0.375 0.483 0.605 0.727 0.823 0.921 1.060 1.260 1.381 1.483 1.551 1.650 1.712 1.728 1.766 1.727 1.690 1.593 1.508 1.420 1.420 0.000 
7.250 316.230 -0.123 -0.006 0.142 0.246 0.365 0.480 0.573 0.669 0.802 0.994 1.116 1.230 1.303 1.416 1.487 1.506 1.550 1.514 1.484 1.387 1.306 1.219 1.219 0.000 
7.250 398.110 -0.394 -0.283 -0.139 -0.038 0.076 0.186 0.276 0.368 0.496 0.681 0.807 0.939 1.022 1.154 1.240 1.263 1.318 1.287 1.264 1.167 1.090 1.007 1.007 0.000 
7.250 501.190 -0.724 -0.619 -0.479 -0.382 -0.271 -0.167 -0.080 0.008 0.130 0.310 0.443 0.599 0.698 0.857 0.965 0.997 1.066 1.044 1.030 0.933 0.860 0.781 0.781 0.000 
7.250 630.960 -1.129 -1.029 -0.894 -0.801 -0.694 -0.596 -0.511 -0.427 -0.311 -0.134 0.011 0.201 0.322 0.518 0.657 0.702 0.790 0.781 0.779 0.682 0.614 0.539 0.539 0.000 
7.250 794.330 -1.628 -1.534 -1.402 -1.313 -1.210 -1.118 -1.036 -0.956 -0.845 -0.669 -0.506 -0.271 -0.119 0.127 0.308 0.372 0.487 0.497 0.509 0.412 0.348 0.278 0.278 0.000 
7.250 1000.000 -2.244 -2.156 -2.028 -1.943 -1.844 -1.757 -1.679 -1.603 -1.498 -1.318 -1.130 -0.836 -0.642 -0.329 -0.091 -0.001 0.150 0.186 0.215 0.118 0.060 -0.006 -0.006 0.000 
7.500 1.000 1.502 1.694 1.891 2.045 2.210 2.392 2.518 2.626 2.754 3.003 3.134 3.218 3.287 3.350 3.367 3.381 3.402 3.392 3.346 3.291 3.230 3.265 3.265 0.000 
7.500 1.260 1.499 1.690 1.887 2.041 2.206 2.388 2.513 2.622 2.749 2.998 3.130 3.213 3.282 3.345 3.361 3.376 3.396 3.385 3.339 3.284 3.223 3.257 3.257 0.000 
7.500 1.580 1.495 1.686 1.882 2.036 2.201 2.382 2.507 2.616 2.744 2.992 3.124 3.207 3.275 3.338 3.354 3.369 3.388 3.377 3.330 3.275 3.214 3.248 3.248 0.000 
7.500 2.000 1.490 1.680 1.876 2.030 2.194 2.375 2.499 2.608 2.737 2.985 3.116 3.199 3.268 3.330 3.346 3.360 3.379 3.367 3.320 3.264 3.203 3.236 3.236 0.000 
7.500 2.510 1.484 1.673 1.869 2.022 2.186 2.366 2.490 2.599 2.728 2.976 3.107 3.190 3.258 3.320 3.336 3.349 3.368 3.355 3.307 3.251 3.189 3.221 3.221 0.000 
7.500 3.160 1.477 1.665 1.860 2.012 2.176 2.355 2.479 2.588 2.717 2.965 3.096 3.179 3.246 3.308 3.324 3.337 3.355 3.340 3.291 3.234 3.173 3.204 3.204 0.000 
7.500 3.980 1.467 1.655 1.849 2.001 2.164 2.342 2.465 2.574 2.704 2.952 3.083 3.165 3.232 3.294 3.309 3.322 3.339 3.323 3.273 3.215 3.153 3.183 3.183 0.000 
7.500 5.010 1.456 1.642 1.836 1.987 2.149 2.326 2.449 2.558 2.689 2.936 3.067 3.149 3.215 3.277 3.292 3.304 3.320 3.302 3.251 3.192 3.130 3.158 3.158 0.000 
7.500 6.310 1.442 1.627 1.820 1.970 2.131 2.307 2.429 2.538 2.670 2.917 3.047 3.129 3.196 3.257 3.272 3.283 3.298 3.278 3.226 3.165 3.102 3.128 3.128 0.000 
7.500 7.940 1.426 1.609 1.800 1.949 2.109 2.283 2.404 2.514 2.647 2.894 3.025 3.106 3.172 3.234 3.249 3.259 3.274 3.251 3.197 3.135 3.071 3.093 3.093 0.000 
7.500 10.000 1.406 1.587 1.777 1.925 2.084 2.256 2.376 2.485 2.620 2.867 2.998 3.079 3.145 3.207 3.223 3.232 3.245 3.220 3.164 3.100 3.035 3.053 3.053 0.000 
7.500 12.590 1.382 1.561 1.750 1.896 2.053 2.223 2.342 2.452 2.588 2.836 2.966 3.048 3.113 3.175 3.193 3.201 3.214 3.185 3.127 3.061 2.994 3.007 3.007 0.000 
7.500 15.850 1.354 1.531 1.718 1.862 2.017 2.184 2.302 2.412 2.551 2.798 2.929 3.011 3.076 3.139 3.158 3.167 3.179 3.147 3.087 3.017 2.949 2.956 2.956 0.000 
7.500 19.950 1.322 1.495 1.680 1.822 1.976 2.140 2.256 2.366 2.508 2.755 2.886 2.968 3.033 3.098 3.119 3.128 3.139 3.105 3.042 2.970 2.898 2.898 2.898 0.000 
7.500 25.120 1.284 1.454 1.637 1.777 1.928 2.089 2.203 2.314 2.458 2.704 2.835 2.918 2.983 3.050 3.074 3.083 3.095 3.057 2.993 2.917 2.843 2.833 2.833 0.000 
7.500 31.620 1.239 1.406 1.586 1.724 1.873 2.030 2.143 2.253 2.399 2.645 2.776 2.859 2.924 2.993 3.020 3.030 3.043 3.004 2.938 2.858 2.781 2.761 2.761 0.000 
7.500 39.810 1.188 1.351 1.529 1.663 1.810 1.963 2.074 2.184 2.332 2.575 2.706 2.789 2.854 2.925 2.957 2.967 2.982 2.941 2.875 2.791 2.711 2.679 2.679 0.000 
7.500 50.120 1.129 1.287 1.462 1.594 1.738 1.887 1.995 2.105 2.254 2.494 2.624 2.707 2.772 2.845 2.880 2.892 2.908 2.866 2.801 2.714 2.631 2.587 2.587 0.000 
7.500 63.100 1.061 1.214 1.386 1.515 1.656 1.800 1.906 2.015 2.164 2.400 2.528 2.612 2.675 2.750 2.788 2.801 2.820 2.777 2.714 2.624 2.538 2.482 2.482 0.000 
7.500 79.430 0.981 1.130 1.299 1.424 1.562 1.701 1.805 1.912 2.060 2.291 2.417 2.500 2.563 2.639 2.680 2.693 2.714 2.672 2.611 2.519 2.431 2.365 2.365 0.000 
7.500 100.000 0.888 1.032 1.197 1.320 1.454 1.589 1.690 1.795 1.941 2.165 2.288 2.372 2.433 2.511 2.554 2.567 2.591 2.548 2.491 2.398 2.308 2.233 2.233 0.000 
7.500 125.890 0.779 0.918 1.080 1.199 1.329 1.459 1.558 1.660 1.804 2.020 2.141 2.225 2.286 2.365 2.411 2.424 2.449 2.407 2.353 2.259 2.169 2.088 2.088 0.000 
7.500 158.490 0.650 0.784 0.942 1.058 1.185 1.309 1.405 1.505 1.645 1.853 1.971 2.058 2.119 2.201 2.249 2.262 2.290 2.248 2.199 2.103 2.014 1.930 1.930 0.000 
7.500 199.530 0.497 0.625 0.780 0.892 1.015 1.134 1.228 1.324 1.460 1.660 1.776 1.868 1.929 2.017 2.070 2.083 2.114 2.072 2.028 1.932 1.845 1.759 1.759 0.000 
7.500 251.190 0.314 0.437 0.588 0.696 0.815 0.929 1.019 1.112 1.243 1.435 1.551 1.651 1.716 1.812 1.871 1.885 1.921 1.881 1.843 1.746 1.662 1.576 1.576 0.000 
7.500 316.230 0.093 0.210 0.357 0.462 0.577 0.685 0.773 0.862 0.988 1.172 1.290 1.402 1.473 1.583 1.652 1.669 1.712 1.674 1.643 1.546 1.465 1.381 1.381 0.000 
7.500 398.110 -0.176 -0.064 0.079 0.180 0.292 0.394 0.479 0.565 0.685 0.863 0.984 1.113 1.195 1.324 1.408 1.431 1.484 1.452 1.428 1.331 1.255 1.173 1.173 0.000 
7.500 501.190 -0.503 -0.398 -0.258 -0.161 -0.053 0.043 0.125 0.207 0.322 0.494 0.624 0.777 0.874 1.031 1.137 1.169 1.236 1.213 1.198 1.101 1.029 0.950 0.950 0.000 
7.500 630.960 -0.906 -0.806 -0.670 -0.577 -0.473 -0.383 -0.303 -0.225 -0.116 0.053 0.195 0.382 0.501 0.696 0.833 0.877 0.965 0.955 0.952 0.855 0.786 0.712 0.712 0.000 
7.500 794.330 -1.402 -1.308 -1.176 -1.087 -0.987 -0.902 -0.826 -0.751 -0.648 -0.479 -0.320 -0.087 0.063 0.308 0.487 0.550 0.665 0.674 0.685 0.588 0.524 0.454 0.454 0.000 
7.500 1000.000 -2.016 -1.928 -1.800 -1.715 -1.618 -1.540 -1.466 -1.396 -1.298 -1.126 -0.941 -0.649 -0.457 -0.146 0.091 0.180 0.330 0.366 0.395 0.297 0.239 0.173 0.173 0.000 
7.750 1.000 1.568 1.757 1.953 2.105 2.266 2.439 2.558 2.661 2.782 3.020 3.145 3.224 3.288 3.345 3.357 3.368 3.384 3.369 3.322 3.266 3.206 3.240 3.240 0.000 
7.750 1.260 1.566 1.754 1.949 2.101 2.263 2.435 2.554 2.657 2.778 3.016 3.141 3.219 3.283 3.341 3.352 3.363 3.379 3.364 3.316 3.260 3.199 3.234 3.234 0.000 
7.750 1.580 1.562 1.750 1.945 2.097 2.258 2.430 2.549 2.652 2.773 3.011 3.136 3.214 3.277 3.335 3.346 3.356 3.372 3.356 3.308 3.252 3.191 3.225 3.225 0.000 
7.750 2.000 1.558 1.745 1.940 2.091 2.252 2.423 2.542 2.645 2.766 3.004 3.129 3.207 3.270 3.328 3.339 3.349 3.364 3.347 3.299 3.242 3.181 3.214 3.214 0.000 
7.750 2.510 1.552 1.739 1.933 2.084 2.245 2.415 2.534 2.637 2.759 2.997 3.121 3.199 3.262 3.319 3.330 3.339 3.354 3.337 3.288 3.230 3.169 3.202 3.202 0.000 
7.750 3.160 1.545 1.732 1.925 2.076 2.236 2.406 2.524 2.627 2.749 2.987 3.111 3.188 3.251 3.308 3.319 3.328 3.343 3.324 3.274 3.216 3.155 3.186 3.186 0.000 
7.750 3.980 1.537 1.722 1.915 2.065 2.225 2.394 2.511 2.614 2.737 2.975 3.099 3.176 3.239 3.296 3.306 3.315 3.329 3.308 3.257 3.199 3.137 3.167 3.167 0.000 
7.750 5.010 1.527 1.711 1.903 2.053 2.211 2.379 2.496 2.599 2.723 2.960 3.085 3.161 3.224 3.280 3.291 3.299 3.312 3.290 3.238 3.178 3.116 3.144 3.144 0.000 
7.750 6.310 1.514 1.697 1.889 2.037 2.195 2.361 2.478 2.581 2.706 2.943 3.067 3.144 3.205 3.262 3.272 3.280 3.292 3.268 3.215 3.154 3.091 3.117 3.117 0.000 
7.750 7.940 1.499 1.681 1.871 2.018 2.175 2.340 2.456 2.559 2.685 2.922 3.046 3.122 3.184 3.241 3.251 3.258 3.270 3.243 3.188 3.126 3.063 3.085 3.085 0.000 
7.750 10.000 1.481 1.661 1.850 1.996 2.151 2.315 2.429 2.533 2.660 2.897 3.021 3.097 3.159 3.216 3.227 3.233 3.244 3.215 3.158 3.094 3.029 3.048 3.048 0.000 
7.750 12.590 1.459 1.637 1.824 1.969 2.123 2.284 2.398 2.501 2.631 2.868 2.992 3.068 3.129 3.187 3.199 3.205 3.214 3.183 3.124 3.057 2.992 3.006 3.006 0.000 
7.750 15.850 1.434 1.608 1.795 1.938 2.090 2.249 2.361 2.465 2.596 2.833 2.957 3.034 3.095 3.153 3.167 3.172 3.182 3.147 3.086 3.017 2.949 2.958 2.958 0.000 
7.750 19.950 1.403 1.575 1.759 1.901 2.051 2.207 2.318 2.422 2.556 2.792 2.917 2.994 3.054 3.114 3.130 3.136 3.145 3.107 3.045 2.972 2.902 2.904 2.904 0.000 
7.750 25.120 1.367 1.536 1.719 1.858 2.006 2.159 2.268 2.372 2.508 2.744 2.869 2.946 3.007 3.069 3.088 3.093 3.103 3.063 2.998 2.922 2.850 2.843 2.843 0.000 
7.750 31.620 1.326 1.491 1.671 1.808 1.954 2.103 2.211 2.315 2.453 2.688 2.813 2.891 2.952 3.015 3.037 3.044 3.054 3.012 2.946 2.867 2.791 2.774 2.774 0.000 
7.750 39.810 1.277 1.439 1.616 1.750 1.894 2.039 2.145 2.249 2.389 2.622 2.746 2.825 2.886 2.951 2.978 2.985 2.997 2.953 2.886 2.804 2.725 2.697 2.697 0.000 
7.750 50.120 1.221 1.378 1.553 1.684 1.825 1.966 2.070 2.173 2.314 2.545 2.668 2.747 2.808 2.876 2.906 2.914 2.928 2.883 2.817 2.731 2.649 2.609 2.609 0.000 
7.750 63.100 1.155 1.308 1.479 1.608 1.746 1.882 1.984 2.086 2.228 2.454 2.577 2.656 2.716 2.786 2.819 2.828 2.845 2.799 2.735 2.646 2.562 2.510 2.510 0.000 
7.750 79.430 1.078 1.226 1.395 1.520 1.655 1.787 1.886 1.987 2.127 2.349 2.470 2.549 2.608 2.680 2.717 2.727 2.745 2.700 2.638 2.547 2.460 2.398 2.398 0.000 
7.750 100.000 0.988 1.131 1.296 1.419 1.550 1.677 1.774 1.873 2.012 2.227 2.345 2.425 2.484 2.557 2.597 2.607 2.628 2.583 2.525 2.432 2.343 2.273 2.273 0.000 
7.750 125.890 0.881 1.020 1.181 1.300 1.428 1.550 1.645 1.741 1.878 2.086 2.202 2.283 2.341 2.417 2.459 2.469 2.493 2.448 2.394 2.299 2.211 2.133 2.133 0.000 
7.750 158.490 0.755 0.888 1.047 1.162 1.286 1.403 1.495 1.589 1.722 1.922 2.036 2.120 2.178 2.258 2.303 2.313 2.340 2.295 2.246 2.150 2.062 1.980 1.980 0.000 
7.750 199.530 0.605 0.733 0.887 0.999 1.120 1.231 1.320 1.411 1.540 1.732 1.845 1.934 1.993 2.079 2.128 2.139 2.169 2.126 2.081 1.985 1.899 1.814 1.814 0.000 
7.750 251.190 0.424 0.546 0.697 0.806 0.923 1.029 1.115 1.202 1.327 1.511 1.623 1.720 1.783 1.878 1.934 1.947 1.982 1.940 1.901 1.804 1.721 1.636 1.636 0.000 
7.750 316.230 0.205 0.322 0.469 0.574 0.687 0.788 0.871 0.955 1.075 1.251 1.365 1.474 1.544 1.652 1.719 1.734 1.777 1.738 1.706 1.609 1.528 1.445 1.445 0.000 
7.750 398.110 -0.060 0.051 0.194 0.295 0.404 0.499 0.580 0.660 0.774 0.945 1.063 1.189 1.269 1.397 1.479 1.501 1.553 1.520 1.496 1.399 1.322 1.241 1.241 0.000 
7.750 501.190 -0.386 -0.280 -0.141 -0.044 0.062 0.151 0.229 0.305 0.414 0.579 0.705 0.856 0.952 1.107 1.212 1.242 1.309 1.285 1.270 1.172 1.100 1.022 1.022 0.000 
7.750 630.960 -0.785 -0.686 -0.550 -0.457 -0.355 -0.272 -0.197 -0.124 -0.021 0.141 0.279 0.464 0.582 0.774 0.910 0.954 1.040 1.030 1.026 0.929 0.861 0.787 0.787 0.000 
7.750 794.330 -1.279 -1.185 -1.053 -0.964 -0.866 -0.789 -0.717 -0.648 -0.550 -0.388 -0.233 -0.003 0.146 0.389 0.568 0.630 0.744 0.752 0.763 0.666 0.602 0.532 0.532 0.000 
7.750 1000.000 -1.890 -1.802 -1.674 -1.589 -1.495 -1.424 -1.355 -1.290 -1.198 -1.032 -0.852 -0.562 -0.371 -0.061 0.174 0.263 0.412 0.447 0.476 0.378 0.319 0.254 0.254 0.000 
8.000 1.000 1.631 1.817 2.011 2.162 2.320 2.483 2.597 2.695 2.809 3.038 3.157 3.229 3.289 3.341 3.347 3.355 3.367 3.348 3.299 3.242 3.183 3.217 3.217 0.000 
8.000 1.260 1.628 1.814 2.008 2.159 2.316 2.479 2.594 2.691 2.806 3.034 3.153 3.225 3.285 3.337 3.343 3.350 3.363 3.343 3.294 3.237 3.177 3.211 3.211 0.000 
8.000 1.580 1.625 1.811 2.004 2.155 2.312 2.475 2.589 2.686 2.801 3.029 3.148 3.221 3.280 3.332 3.338 3.345 3.357 3.337 3.287 3.230 3.170 3.203 3.203 0.000 
8.000 2.000 1.621 1.807 1.999 2.150 2.307 2.469 2.583 2.680 2.795 3.023 3.142 3.215 3.274 3.326 3.332 3.338 3.350 3.329 3.279 3.221 3.161 3.194 3.194 0.000 
8.000 2.510 1.616 1.801 1.994 2.143 2.300 2.462 2.575 2.673 2.788 3.016 3.135 3.207 3.266 3.318 3.324 3.330 3.341 3.319 3.269 3.210 3.150 3.182 3.182 0.000 
8.000 3.160 1.610 1.794 1.986 2.136 2.292 2.453 2.566 2.664 2.780 3.008 3.126 3.198 3.257 3.309 3.314 3.320 3.331 3.308 3.257 3.198 3.137 3.168 3.168 0.000 
8.000 3.980 1.603 1.786 1.978 2.126 2.282 2.442 2.555 2.652 2.769 2.997 3.115 3.187 3.245 3.297 3.303 3.308 3.318 3.294 3.242 3.182 3.121 3.151 3.151 0.000 
8.000 5.010 1.594 1.776 1.967 2.115 2.270 2.429 2.541 2.639 2.756 2.984 3.102 3.174 3.231 3.283 3.289 3.293 3.303 3.277 3.224 3.164 3.103 3.131 3.131 0.000 
8.000 6.310 1.582 1.763 1.953 2.101 2.255 2.413 2.525 2.622 2.740 2.968 3.086 3.157 3.215 3.267 3.272 3.276 3.286 3.258 3.204 3.142 3.080 3.106 3.106 0.000 
8.000 7.940 1.569 1.748 1.937 2.083 2.237 2.394 2.504 2.602 2.721 2.948 3.067 3.138 3.195 3.247 3.253 3.257 3.265 3.235 3.180 3.116 3.054 3.077 3.077 0.000 
8.000 10.000 1.552 1.730 1.918 2.063 2.215 2.370 2.480 2.578 2.698 2.925 3.044 3.115 3.172 3.224 3.231 3.234 3.241 3.209 3.152 3.087 3.024 3.043 3.043 0.000 
8.000 12.590 1.532 1.708 1.894 2.038 2.189 2.342 2.451 2.549 2.671 2.898 3.016 3.088 3.145 3.198 3.205 3.207 3.214 3.179 3.121 3.054 2.989 3.004 3.004 0.000 
8.000 15.850 1.508 1.682 1.867 2.009 2.158 2.309 2.417 2.515 2.639 2.866 2.984 3.056 3.113 3.166 3.175 3.177 3.184 3.146 3.085 3.016 2.950 2.959 2.959 0.000 
8.000 19.950 1.480 1.651 1.834 1.974 2.122 2.270 2.376 2.475 2.601 2.827 2.946 3.018 3.075 3.130 3.141 3.143 3.149 3.109 3.046 2.974 2.905 2.909 2.909 0.000 
8.000 25.120 1.447 1.614 1.796 1.934 2.079 2.225 2.330 2.428 2.556 2.782 2.901 2.974 3.030 3.087 3.101 3.103 3.110 3.067 3.002 2.927 2.856 2.851 2.851 0.000 
8.000 31.620 1.407 1.572 1.751 1.887 2.030 2.172 2.275 2.373 2.504 2.729 2.848 2.921 2.978 3.037 3.053 3.056 3.064 3.019 2.953 2.874 2.801 2.787 2.787 0.000 
8.000 39.810 1.361 1.522 1.698 1.832 1.973 2.111 2.212 2.310 2.443 2.667 2.785 2.859 2.916 2.977 2.997 3.001 3.010 2.963 2.897 2.815 2.738 2.713 2.713 0.000 
8.000 50.120 1.307 1.464 1.638 1.769 1.907 2.041 2.140 2.238 2.372 2.593 2.711 2.785 2.842 2.905 2.929 2.935 2.945 2.898 2.832 2.746 2.666 2.631 2.631 0.000 
8.000 63.100 1.244 1.396 1.567 1.696 1.831 1.960 2.058 2.154 2.289 2.506 2.623 2.698 2.754 2.820 2.848 2.854 2.867 2.819 2.755 2.666 2.584 2.537 2.537 0.000 
8.000 79.430 1.169 1.317 1.485 1.611 1.743 1.868 1.963 2.058 2.192 2.405 2.520 2.596 2.652 2.719 2.751 2.758 2.774 2.726 2.664 2.573 2.488 2.430 2.430 0.000 
8.000 100.000 1.082 1.225 1.390 1.512 1.641 1.761 1.854 1.947 2.080 2.287 2.400 2.476 2.532 2.602 2.637 2.645 2.663 2.616 2.556 2.464 2.377 2.310 2.310 0.000 
8.000 125.890 0.978 1.116 1.278 1.396 1.522 1.637 1.728 1.819 1.949 2.149 2.261 2.339 2.394 2.466 2.505 2.513 2.534 2.487 2.432 2.338 2.251 2.176 2.176 0.000 
8.000 158.490 0.855 0.988 1.146 1.261 1.383 1.493 1.581 1.669 1.796 1.989 2.099 2.180 2.235 2.312 2.354 2.363 2.388 2.341 2.291 2.195 2.108 2.029 2.029 0.000 
8.000 199.530 0.707 0.835 0.989 1.101 1.219 1.324 1.409 1.495 1.618 1.803 1.911 1.998 2.055 2.138 2.185 2.194 2.223 2.177 2.132 2.036 1.951 1.868 1.868 0.000 
8.000 251.190 0.529 0.651 0.802 0.910 1.025 1.124 1.206 1.289 1.408 1.585 1.693 1.788 1.849 1.941 1.995 2.007 2.040 1.997 1.958 1.861 1.778 1.695 1.695 0.000 
8.000 316.230 0.313 0.429 0.577 0.681 0.792 0.886 0.965 1.044 1.158 1.328 1.439 1.545 1.613 1.719 1.784 1.799 1.840 1.800 1.767 1.670 1.590 1.508 1.508 0.000 
8.000 398.110 0.050 0.160 0.304 0.404 0.512 0.600 0.677 0.752 0.861 1.025 1.139 1.264 1.342 1.468 1.548 1.569 1.620 1.587 1.562 1.464 1.388 1.307 1.307 0.000 
8.000 501.190 -0.273 -0.168 -0.028 0.068 0.172 0.254 0.328 0.400 0.503 0.662 0.785 0.934 1.028 1.181 1.284 1.314 1.380 1.355 1.340 1.242 1.170 1.092 1.092 0.000 
8.000 630.960 -0.670 -0.571 -0.435 -0.342 -0.243 -0.166 -0.095 -0.027 0.071 0.227 0.361 0.544 0.661 0.852 0.986 1.029 1.115 1.104 1.100 1.003 0.934 0.860 0.860 0.000 
8.000 794.330 -1.161 -1.068 -0.936 -0.847 -0.751 -0.680 -0.612 -0.548 -0.456 -0.300 -0.148 0.081 0.228 0.470 0.647 0.709 0.822 0.830 0.840 0.742 0.679 0.609 0.609 0.000 
8.000 1000.000 -1.770 -1.682 -1.554 -1.469 -1.377 -1.312 -1.247 -1.187 -1.100 -0.941 -0.764 -0.476 -0.286 0.022 0.256 0.344 0.493 0.527 0.555 0.458 0.399 0.334 0.334 0.000 
