AtkinsonBoore2003SSlabCascadia_CanadaSHM6-trial modified from OpenQuake implementation, distance is rrup. Log10 ground motion values in cgs units, PGV and Sa(T<0.1s) not valid
          14 31 11 : nmag, ndist, nperiod
          10.000 5.000 3.000 2.000 1.000 0.400 0.200 0.100 0.040 PGA PGV 
          0.691 0.691 0.691 0.691 0.668 0.645 0.645 0.645 0.576 0.622 0.000 
4.750 1.000 0.216 0.782 1.310 2.051 2.692 3.129 3.274 3.067 3.033 2.787 0.000 
4.750 1.260 0.171 0.735 1.262 2.003 2.643 3.080 3.226 3.018 2.985 2.738 0.000 
4.750 1.580 0.110 0.671 1.196 1.937 2.577 3.018 3.164 2.956 2.923 2.678 0.000 
4.750 2.000 0.029 0.587 1.110 1.850 2.490 2.943 3.091 2.883 2.849 2.608 0.000 
4.750 2.510 -0.071 0.484 1.003 1.744 2.383 2.847 2.997 2.789 2.755 2.517 0.000 
4.750 3.160 -0.188 0.362 0.878 1.618 2.258 2.731 2.882 2.674 2.641 2.406 0.000 
4.750 3.980 -0.321 0.224 0.737 1.476 2.116 2.598 2.750 2.542 2.508 2.276 0.000 
4.750 5.010 -0.464 0.075 0.584 1.322 1.961 2.450 2.603 2.395 2.361 2.131 0.000 
4.750 6.310 -0.614 -0.082 0.422 1.159 1.797 2.288 2.441 2.232 2.198 1.970 0.000 
4.750 7.940 -0.770 -0.245 0.253 0.990 1.627 2.117 2.270 2.061 2.027 1.799 0.000 
4.750 10.000 -0.928 -0.412 0.081 0.816 1.452 1.942 2.095 1.885 1.850 1.623 0.000 
4.750 12.590 -1.088 -0.581 -0.095 0.638 1.273 1.763 1.915 1.705 1.670 1.443 0.000 
4.750 15.850 -1.249 -0.752 -0.273 0.458 1.091 1.581 1.733 1.522 1.486 1.261 0.000 
4.750 19.950 -1.410 -0.923 -0.452 0.276 0.907 1.397 1.548 1.335 1.299 1.075 0.000 
4.750 25.120 -1.572 -1.096 -0.632 0.092 0.720 1.209 1.360 1.146 1.109 0.887 0.000 
4.750 31.620 -1.733 -1.269 -0.813 -0.094 0.530 1.019 1.169 0.953 0.916 0.695 0.000 
4.750 39.810 -1.895 -1.443 -0.996 -0.283 0.337 0.826 0.974 0.757 0.718 0.500 0.000 
4.750 50.120 -2.058 -1.618 -1.179 -0.474 0.140 0.629 0.776 0.555 0.515 0.300 0.000 
4.750 63.100 -2.221 -1.794 -1.364 -0.668 -0.061 0.427 0.572 0.348 0.305 0.095 0.000 
4.750 79.430 -2.385 -1.971 -1.551 -0.867 -0.269 0.218 0.361 0.133 0.088 -0.117 0.000 
4.750 100.000 -2.551 -2.150 -1.739 -1.070 -0.483 0.003 0.142 -0.091 -0.139 -0.338 0.000 
4.750 125.890 -2.719 -2.331 -1.930 -1.280 -0.707 -0.223 -0.086 -0.327 -0.379 -0.570 0.000 
4.750 158.490 -2.890 -2.516 -2.124 -1.497 -0.943 -0.460 -0.328 -0.578 -0.635 -0.815 0.000 
4.750 199.530 -3.065 -2.704 -2.322 -1.725 -1.193 -0.712 -0.586 -0.847 -0.910 -1.077 0.000 
4.750 251.190 -3.244 -2.896 -2.524 -1.965 -1.462 -0.984 -0.865 -1.139 -1.210 -1.360 0.000 
4.750 316.230 -3.429 -3.095 -2.733 -2.221 -1.754 -1.279 -1.169 -1.461 -1.542 -1.671 0.000 
4.750 398.110 -3.622 -3.301 -2.949 -2.497 -2.075 -1.604 -1.505 -1.820 -1.913 -2.016 0.000 
4.750 501.190 -3.824 -3.517 -3.175 -2.798 -2.432 -1.966 -1.883 -2.225 -2.333 -2.403 0.000 
4.750 630.960 -4.037 -3.745 -3.412 -3.131 -2.836 -2.377 -2.311 -2.688 -2.816 -2.845 0.000 
4.750 794.330 -4.266 -3.988 -3.665 -3.503 -3.298 -2.847 -2.804 -3.225 -3.377 -3.354 0.000 
4.750 1000.000 -4.514 -4.250 -3.937 -3.925 -3.833 -3.392 -3.378 -3.855 -4.038 -3.949 0.000 
5.000 1.000 0.342 0.903 1.407 2.118 2.728 3.139 3.264 3.050 3.008 2.776 0.000 
5.000 1.260 0.315 0.874 1.377 2.087 2.698 3.108 3.233 3.019 2.977 2.746 0.000 
5.000 1.580 0.276 0.832 1.333 2.043 2.654 3.064 3.189 2.975 2.933 2.702 0.000 
5.000 2.000 0.220 0.773 1.272 1.982 2.593 3.012 3.138 2.924 2.882 2.653 0.000 
5.000 2.510 0.146 0.696 1.192 1.902 2.512 2.941 3.069 2.855 2.813 2.587 0.000 
5.000 3.160 0.052 0.598 1.092 1.801 2.411 2.850 2.979 2.765 2.723 2.500 0.000 
5.000 3.980 -0.059 0.482 0.972 1.681 2.290 2.739 2.869 2.655 2.613 2.393 0.000 
5.000 5.010 -0.186 0.349 0.835 1.543 2.153 2.609 2.741 2.526 2.484 2.267 0.000 
5.000 6.310 -0.325 0.204 0.686 1.393 2.002 2.464 2.597 2.382 2.339 2.125 0.000 
5.000 7.940 -0.472 0.050 0.526 1.233 1.840 2.304 2.437 2.221 2.179 1.965 0.000 
5.000 10.000 -0.624 -0.110 0.360 1.065 1.672 2.135 2.268 2.052 2.009 1.796 0.000 
5.000 12.590 -0.780 -0.275 0.189 0.892 1.497 1.961 2.093 1.876 1.833 1.621 0.000 
5.000 15.850 -0.938 -0.443 0.015 0.715 1.319 1.782 1.914 1.696 1.652 1.441 0.000 
5.000 19.950 -1.097 -0.612 -0.162 0.536 1.137 1.600 1.731 1.513 1.468 1.258 0.000 
5.000 25.120 -1.257 -0.783 -0.340 0.354 0.952 1.415 1.545 1.325 1.280 1.072 0.000 
5.000 31.620 -1.418 -0.954 -0.520 0.169 0.764 1.227 1.356 1.134 1.088 0.882 0.000 
5.000 39.810 -1.579 -1.127 -0.701 -0.018 0.573 1.035 1.163 0.939 0.892 0.688 0.000 
5.000 50.120 -1.740 -1.301 -0.883 -0.208 0.377 0.839 0.966 0.739 0.690 0.490 0.000 
5.000 63.100 -1.902 -1.475 -1.067 -0.401 0.177 0.638 0.763 0.533 0.482 0.286 0.000 
5.000 79.430 -2.066 -1.652 -1.252 -0.598 -0.030 0.431 0.553 0.319 0.265 0.075 0.000 
5.000 100.000 -2.231 -1.830 -1.440 -0.800 -0.243 0.216 0.336 0.096 0.039 -0.145 0.000 
5.000 125.890 -2.398 -2.010 -1.629 -1.009 -0.466 -0.008 0.108 -0.139 -0.200 -0.375 0.000 
5.000 158.490 -2.568 -2.193 -1.822 -1.226 -0.701 -0.244 -0.133 -0.389 -0.454 -0.619 0.000 
5.000 199.530 -2.741 -2.380 -2.019 -1.452 -0.950 -0.496 -0.390 -0.657 -0.728 -0.881 0.000 
5.000 251.190 -2.920 -2.572 -2.220 -1.692 -1.217 -0.766 -0.667 -0.948 -1.027 -1.163 0.000 
5.000 316.230 -3.104 -2.770 -2.428 -1.947 -1.508 -1.060 -0.970 -1.269 -1.358 -1.473 0.000 
5.000 398.110 -3.295 -2.975 -2.643 -2.221 -1.828 -1.384 -1.306 -1.626 -1.728 -1.816 0.000 
5.000 501.190 -3.496 -3.190 -2.868 -2.521 -2.185 -1.745 -1.682 -2.030 -2.147 -2.203 0.000 
5.000 630.960 -3.709 -3.417 -3.104 -2.853 -2.587 -2.155 -2.109 -2.493 -2.629 -2.643 0.000 
5.000 794.330 -3.937 -3.659 -3.356 -3.224 -3.048 -2.624 -2.601 -3.029 -3.189 -3.151 0.000 
5.000 1000.000 -4.184 -3.919 -3.627 -3.645 -3.582 -3.168 -3.174 -3.657 -3.849 -3.745 0.000 
5.250 1.000 0.454 1.009 1.491 2.170 2.751 3.135 3.240 3.019 2.969 2.752 0.000 
5.250 1.260 0.439 0.992 1.472 2.152 2.733 3.116 3.221 3.001 2.950 2.733 0.000 
5.250 1.580 0.415 0.967 1.445 2.124 2.705 3.089 3.194 2.973 2.923 2.706 0.000 
5.250 2.000 0.380 0.929 1.405 2.084 2.665 3.054 3.159 2.939 2.888 2.673 0.000 
5.250 2.510 0.330 0.876 1.350 2.029 2.609 3.006 3.112 2.892 2.841 2.628 0.000 
5.250 3.160 0.262 0.804 1.275 1.954 2.534 2.939 3.047 2.827 2.776 2.566 0.000 
5.250 3.980 0.175 0.713 1.181 1.859 2.439 2.853 2.962 2.741 2.690 2.483 0.000 
5.250 5.010 0.070 0.602 1.066 1.744 2.323 2.746 2.857 2.635 2.584 2.380 0.000 
5.250 6.310 -0.051 0.475 0.934 1.611 2.190 2.620 2.732 2.510 2.459 2.258 0.000 
5.250 7.940 -0.185 0.334 0.789 1.465 2.043 2.479 2.591 2.369 2.318 2.118 0.000 
5.250 10.000 -0.328 0.183 0.632 1.307 1.884 2.321 2.433 2.211 2.159 1.961 0.000 
5.250 12.590 -0.478 0.025 0.468 1.141 1.717 2.154 2.266 2.043 1.991 1.793 0.000 
5.250 15.850 -0.632 -0.138 0.299 0.969 1.543 1.980 2.092 1.868 1.815 1.619 0.000 
5.250 19.950 -0.788 -0.304 0.126 0.793 1.365 1.802 1.913 1.688 1.635 1.440 0.000 
5.250 25.120 -0.945 -0.472 -0.049 0.614 1.183 1.620 1.730 1.503 1.449 1.256 0.000 
5.250 31.620 -1.104 -0.642 -0.227 0.432 0.997 1.433 1.542 1.314 1.260 1.068 0.000 
5.250 39.810 -1.263 -0.813 -0.406 0.246 0.807 1.243 1.351 1.121 1.065 0.876 0.000 
5.250 50.120 -1.424 -0.985 -0.587 0.058 0.613 1.049 1.155 0.922 0.865 0.679 0.000 
5.250 63.100 -1.585 -1.159 -0.770 -0.134 0.414 0.849 0.954 0.717 0.658 0.476 0.000 
5.250 79.430 -1.747 -1.334 -0.954 -0.330 0.209 0.643 0.746 0.505 0.443 0.266 0.000 
5.250 100.000 -1.911 -1.511 -1.140 -0.531 -0.003 0.430 0.529 0.283 0.218 0.048 0.000 
5.250 125.890 -2.078 -1.690 -1.329 -0.739 -0.225 0.206 0.302 0.049 -0.020 -0.181 0.000 
5.250 158.490 -2.247 -1.872 -1.521 -0.954 -0.459 -0.029 0.063 -0.200 -0.273 -0.424 0.000 
5.250 199.530 -2.419 -2.058 -1.716 -1.180 -0.707 -0.279 -0.193 -0.467 -0.547 -0.684 0.000 
5.250 251.190 -2.596 -2.249 -1.917 -1.418 -0.973 -0.548 -0.470 -0.757 -0.845 -0.966 0.000 
5.250 316.230 -2.779 -2.446 -2.123 -1.672 -1.263 -0.841 -0.772 -1.077 -1.174 -1.274 0.000 
5.250 398.110 -2.970 -2.650 -2.337 -1.946 -1.582 -1.164 -1.106 -1.433 -1.543 -1.617 0.000 
5.250 501.190 -3.170 -2.864 -2.561 -2.245 -1.937 -1.525 -1.481 -1.836 -1.961 -2.002 0.000 
5.250 630.960 -3.382 -3.090 -2.796 -2.575 -2.339 -1.933 -1.908 -2.297 -2.442 -2.442 0.000 
5.250 794.330 -3.609 -3.330 -3.047 -2.945 -2.799 -2.401 -2.398 -2.832 -3.002 -2.949 0.000 
5.250 1000.000 -3.855 -3.590 -3.317 -3.365 -3.332 -2.944 -2.971 -3.460 -3.660 -3.542 0.000 
5.500 1.000 0.557 1.107 1.566 2.214 2.765 3.123 3.207 2.980 2.921 2.719 0.000 
5.500 1.260 0.549 1.097 1.555 2.204 2.755 3.112 3.196 2.969 2.910 2.708 0.000 
5.500 1.580 0.536 1.082 1.539 2.187 2.738 3.097 3.181 2.954 2.895 2.693 0.000 
5.500 2.000 0.516 1.060 1.514 2.163 2.714 3.076 3.161 2.934 2.874 2.674 0.000 
5.500 2.510 0.485 1.026 1.478 2.127 2.677 3.044 3.130 2.903 2.844 2.645 0.000 
5.500 3.160 0.441 0.978 1.428 2.076 2.626 3.000 3.086 2.859 2.800 2.603 0.000 
5.500 3.980 0.379 0.912 1.359 2.006 2.557 2.938 3.026 2.798 2.739 2.544 0.000 
5.500 5.010 0.299 0.827 1.270 1.917 2.467 2.856 2.945 2.718 2.658 2.466 0.000 
5.500 6.310 0.200 0.722 1.161 1.808 2.357 2.754 2.844 2.616 2.556 2.368 0.000 
5.500 7.940 0.084 0.600 1.035 1.680 2.228 2.632 2.723 2.495 2.435 2.249 0.000 
5.500 10.000 -0.045 0.463 0.893 1.537 2.084 2.494 2.585 2.357 2.297 2.113 0.000 
5.500 12.590 -0.185 0.316 0.740 1.382 1.928 2.339 2.430 2.201 2.140 1.957 0.000 
5.500 15.850 -0.331 0.161 0.578 1.218 1.762 2.173 2.264 2.034 1.973 1.791 0.000 
5.500 19.950 -0.482 0.000 0.410 1.048 1.590 2.000 2.090 1.859 1.798 1.617 0.000 
5.500 25.120 -0.636 -0.164 0.239 0.872 1.412 1.822 1.911 1.679 1.616 1.437 0.000 
5.500 31.620 -0.792 -0.331 0.064 0.693 1.229 1.638 1.727 1.493 1.429 1.253 0.000 
5.500 39.810 -0.950 -0.500 -0.113 0.510 1.041 1.450 1.538 1.302 1.237 1.063 0.000 
5.500 50.120 -1.109 -0.671 -0.292 0.323 0.849 1.258 1.344 1.105 1.038 0.868 0.000 
5.500 63.100 -1.269 -0.843 -0.473 0.133 0.651 1.059 1.144 0.901 0.833 0.666 0.000 
5.500 79.430 -1.430 -1.017 -0.656 -0.062 0.448 0.855 0.937 0.690 0.619 0.458 0.000 
5.500 100.000 -1.593 -1.193 -0.841 -0.262 0.236 0.643 0.722 0.469 0.396 0.241 0.000 
5.500 125.890 -1.758 -1.371 -1.028 -0.469 0.016 0.421 0.496 0.237 0.159 0.012 0.000 
5.500 158.490 -1.926 -1.552 -1.219 -0.683 -0.217 0.187 0.258 -0.011 -0.093 -0.229 0.000 
5.500 199.530 -2.098 -1.737 -1.414 -0.907 -0.464 -0.062 0.003 -0.277 -0.365 -0.488 0.000 
5.500 251.190 -2.274 -1.927 -1.613 -1.145 -0.729 -0.331 -0.272 -0.566 -0.662 -0.769 0.000 
5.500 316.230 -2.456 -2.123 -1.819 -1.397 -1.018 -0.622 -0.573 -0.884 -0.990 -1.076 0.000 
5.500 398.110 -2.646 -2.326 -2.032 -1.670 -1.336 -0.944 -0.907 -1.240 -1.358 -1.418 0.000 
5.500 501.190 -2.845 -2.539 -2.254 -1.968 -1.690 -1.304 -1.281 -1.642 -1.776 -1.802 0.000 
5.500 630.960 -3.056 -2.764 -2.489 -2.297 -2.091 -1.711 -1.706 -2.102 -2.255 -2.241 0.000 
5.500 794.330 -3.282 -3.003 -2.738 -2.666 -2.550 -2.178 -2.196 -2.636 -2.814 -2.747 0.000 
5.500 1000.000 -3.527 -3.262 -3.007 -3.085 -3.082 -2.720 -2.767 -3.263 -3.471 -3.338 0.000 
5.750 1.000 0.654 1.199 1.637 2.254 2.775 3.109 3.173 2.939 2.871 2.685 0.000 
5.750 1.260 0.651 1.194 1.631 2.248 2.769 3.103 3.168 2.934 2.866 2.680 0.000 
5.750 1.580 0.645 1.186 1.622 2.239 2.760 3.095 3.160 2.926 2.858 2.673 0.000 
5.750 2.000 0.634 1.173 1.607 2.224 2.745 3.083 3.148 2.914 2.846 2.661 0.000 
5.750 2.510 0.617 1.153 1.585 2.202 2.723 3.064 3.129 2.895 2.827 2.643 0.000 
5.750 3.160 0.591 1.123 1.553 2.170 2.690 3.035 3.101 2.867 2.799 2.617 0.000 
5.750 3.980 0.551 1.080 1.507 2.123 2.643 2.994 3.061 2.827 2.758 2.578 0.000 
5.750 5.010 0.496 1.020 1.443 2.059 2.579 2.936 3.004 2.770 2.701 2.523 0.000 
5.750 6.310 0.422 0.941 1.360 1.976 2.495 2.859 2.928 2.693 2.625 2.449 0.000 
5.750 7.940 0.329 0.842 1.257 1.872 2.390 2.762 2.831 2.597 2.528 2.355 0.000 
5.750 10.000 0.220 0.725 1.135 1.749 2.267 2.644 2.715 2.480 2.411 2.240 0.000 
5.750 12.590 0.095 0.593 0.998 1.610 2.126 2.509 2.580 2.344 2.275 2.107 0.000 
5.750 15.850 -0.040 0.449 0.848 1.457 1.972 2.356 2.427 2.190 2.121 1.954 0.000 
5.750 19.950 -0.183 0.297 0.689 1.295 1.808 2.192 2.262 2.024 1.954 1.788 0.000 
5.750 25.120 -0.332 0.138 0.523 1.126 1.636 2.019 2.089 1.850 1.779 1.615 0.000 
5.750 31.620 -0.484 -0.025 0.353 0.951 1.457 1.840 1.909 1.668 1.596 1.434 0.000 
5.750 39.810 -0.639 -0.191 0.179 0.771 1.273 1.656 1.723 1.480 1.407 1.248 0.000 
5.750 50.120 -0.796 -0.359 0.002 0.587 1.083 1.465 1.531 1.286 1.211 1.055 0.000 
5.750 63.100 -0.954 -0.529 -0.177 0.398 0.888 1.269 1.333 1.084 1.008 0.856 0.000 
5.750 79.430 -1.114 -0.702 -0.358 0.205 0.686 1.066 1.128 0.875 0.796 0.649 0.000 
5.750 100.000 -1.276 -0.876 -0.542 0.007 0.476 0.855 0.914 0.655 0.573 0.433 0.000 
5.750 125.890 -1.440 -1.054 -0.728 -0.199 0.256 0.635 0.690 0.424 0.338 0.206 0.000 
5.750 158.490 -1.607 -1.234 -0.918 -0.412 0.025 0.402 0.453 0.178 0.087 -0.035 0.000 
5.750 199.530 -1.778 -1.418 -1.111 -0.635 -0.221 0.154 0.199 -0.087 -0.184 -0.293 0.000 
5.750 251.190 -1.953 -1.606 -1.310 -0.871 -0.485 -0.113 -0.075 -0.375 -0.480 -0.572 0.000 
5.750 316.230 -2.134 -1.801 -1.514 -1.123 -0.773 -0.404 -0.375 -0.693 -0.807 -0.878 0.000 
5.750 398.110 -2.323 -2.003 -1.726 -1.395 -1.090 -0.725 -0.708 -1.047 -1.174 -1.219 0.000 
5.750 501.190 -2.521 -2.215 -1.948 -1.692 -1.443 -1.084 -1.081 -1.448 -1.590 -1.602 0.000 
5.750 630.960 -2.731 -2.439 -2.181 -2.020 -1.843 -1.490 -1.505 -1.907 -2.069 -2.040 0.000 
5.750 794.330 -2.956 -2.677 -2.430 -2.388 -2.301 -1.956 -1.994 -2.440 -2.626 -2.545 0.000 
5.750 1000.000 -3.200 -2.935 -2.698 -2.806 -2.832 -2.497 -2.564 -3.066 -3.283 -3.135 0.000 
6.000 1.000 0.750 1.289 1.707 2.293 2.783 3.096 3.140 2.900 2.823 2.654 0.000 
6.000 1.260 0.749 1.287 1.704 2.289 2.780 3.093 3.137 2.897 2.820 2.651 0.000 
6.000 1.580 0.747 1.283 1.698 2.284 2.774 3.088 3.133 2.892 2.816 2.647 0.000 
6.000 2.000 0.742 1.276 1.690 2.276 2.766 3.080 3.126 2.885 2.808 2.640 0.000 
6.000 2.510 0.734 1.265 1.677 2.263 2.753 3.069 3.114 2.874 2.797 2.629 0.000 
6.000 3.160 0.719 1.248 1.658 2.243 2.733 3.052 3.097 2.857 2.780 2.613 0.000 
6.000 3.980 0.697 1.221 1.628 2.214 2.704 3.026 3.072 2.831 2.754 2.588 0.000 
6.000 5.010 0.662 1.182 1.586 2.171 2.661 2.988 3.034 2.794 2.717 2.552 0.000 
6.000 6.310 0.612 1.128 1.528 2.112 2.602 2.934 2.982 2.741 2.663 2.501 0.000 
6.000 7.940 0.545 1.054 1.451 2.034 2.523 2.862 2.910 2.669 2.592 2.431 0.000 
6.000 10.000 0.459 0.962 1.354 1.936 2.424 2.769 2.818 2.576 2.499 2.341 0.000 
6.000 12.590 0.355 0.851 1.237 1.818 2.304 2.656 2.706 2.463 2.386 2.230 0.000 
6.000 15.850 0.236 0.723 1.104 1.682 2.168 2.524 2.574 2.331 2.253 2.101 0.000 
6.000 19.950 0.105 0.583 0.957 1.533 2.016 2.373 2.423 2.179 2.100 1.949 0.000 
6.000 25.120 -0.035 0.433 0.801 1.373 1.853 2.210 2.259 2.014 1.934 1.785 0.000 
6.000 31.620 -0.182 0.277 0.637 1.204 1.681 2.038 2.086 1.839 1.759 1.611 0.000 
6.000 39.810 -0.332 0.115 0.467 1.029 1.502 1.858 1.905 1.656 1.574 1.429 0.000 
6.000 50.120 -0.486 -0.050 0.294 0.849 1.315 1.671 1.717 1.465 1.382 1.240 0.000 
6.000 63.100 -0.642 -0.218 0.117 0.663 1.122 1.477 1.521 1.266 1.181 1.043 0.000 
6.000 79.430 -0.800 -0.389 -0.062 0.472 0.922 1.277 1.318 1.058 0.971 0.839 0.000 
6.000 100.000 -0.961 -0.562 -0.244 0.275 0.714 1.067 1.106 0.841 0.750 0.624 0.000 
6.000 125.890 -1.124 -0.737 -0.429 0.071 0.496 0.848 0.883 0.611 0.516 0.399 0.000 
6.000 158.490 -1.289 -0.916 -0.617 -0.141 0.266 0.616 0.647 0.366 0.267 0.160 0.000 
6.000 199.530 -1.459 -1.099 -0.809 -0.363 0.022 0.370 0.395 0.102 -0.003 -0.097 0.000 
6.000 251.190 -1.633 -1.287 -1.007 -0.598 -0.242 0.104 0.122 -0.185 -0.298 -0.375 0.000 
6.000 316.230 -1.813 -1.480 -1.210 -0.849 -0.528 -0.186 -0.177 -0.501 -0.624 -0.681 0.000 
6.000 398.110 -2.001 -1.681 -1.421 -1.120 -0.844 -0.506 -0.509 -0.854 -0.990 -1.020 0.000 
6.000 501.190 -2.198 -1.892 -1.641 -1.415 -1.196 -0.863 -0.881 -1.254 -1.405 -1.403 0.000 
6.000 630.960 -2.407 -2.115 -1.874 -1.743 -1.595 -1.268 -1.304 -1.712 -1.883 -1.839 0.000 
6.000 794.330 -2.631 -2.353 -2.121 -2.110 -2.052 -1.733 -1.792 -2.244 -2.439 -2.343 0.000 
6.000 1000.000 -2.874 -2.610 -2.388 -2.527 -2.582 -2.274 -2.361 -2.869 -3.095 -2.933 0.000 
6.250 1.000 0.845 1.379 1.777 2.331 2.791 3.081 3.106 2.859 2.773 2.621 0.000 
6.250 1.260 0.846 1.378 1.775 2.329 2.789 3.080 3.105 2.857 2.772 2.619 0.000 
6.250 1.580 0.845 1.376 1.772 2.326 2.785 3.077 3.102 2.855 2.769 2.617 0.000 
6.250 2.000 0.844 1.373 1.768 2.321 2.781 3.073 3.098 2.850 2.765 2.613 0.000 
6.250 2.510 0.840 1.367 1.760 2.314 2.773 3.066 3.091 2.844 2.758 2.606 0.000 
6.250 3.160 0.834 1.358 1.749 2.302 2.761 3.056 3.081 2.834 2.748 2.597 0.000 
6.250 3.980 0.822 1.342 1.731 2.285 2.744 3.040 3.066 2.818 2.732 2.582 0.000 
6.250 5.010 0.803 1.319 1.705 2.258 2.717 3.016 3.042 2.795 2.709 2.559 0.000 
6.250 6.310 0.773 1.285 1.667 2.220 2.678 2.981 3.008 2.760 2.674 2.526 0.000 
6.250 7.940 0.729 1.235 1.614 2.166 2.624 2.932 2.959 2.711 2.625 2.478 0.000 
6.250 10.000 0.668 1.168 1.542 2.093 2.550 2.864 2.892 2.643 2.557 2.413 0.000 
6.250 12.590 0.588 1.081 1.450 2.000 2.456 2.776 2.804 2.555 2.469 2.327 0.000 
6.250 15.850 0.491 0.975 1.339 1.887 2.342 2.667 2.696 2.446 2.359 2.220 0.000 
6.250 19.950 0.377 0.853 1.210 1.755 2.208 2.538 2.568 2.317 2.230 2.093 0.000 
6.250 25.120 0.250 0.717 1.067 1.609 2.059 2.389 2.418 2.166 2.078 1.944 0.000 
6.250 31.620 0.113 0.570 0.913 1.450 1.897 2.227 2.255 2.002 1.913 1.780 0.000 
6.250 39.810 -0.031 0.415 0.751 1.282 1.725 2.055 2.082 1.826 1.736 1.605 0.000 
6.250 50.120 -0.180 0.255 0.583 1.107 1.544 1.873 1.899 1.640 1.548 1.421 0.000 
6.250 63.100 -0.333 0.090 0.410 0.925 1.355 1.683 1.707 1.445 1.351 1.229 0.000 
6.250 79.430 -0.489 -0.078 0.233 0.736 1.158 1.485 1.507 1.241 1.144 1.027 0.000 
6.250 100.000 -0.647 -0.249 0.053 0.542 0.952 1.278 1.297 1.025 0.926 0.815 0.000 
6.250 125.890 -0.809 -0.423 -0.130 0.339 0.735 1.061 1.076 0.797 0.694 0.591 0.000 
6.250 158.490 -0.973 -0.600 -0.317 0.129 0.507 0.831 0.841 0.554 0.446 0.353 0.000 
6.250 199.530 -1.142 -0.782 -0.508 -0.092 0.264 0.585 0.590 0.291 0.177 0.098 0.000 
6.250 251.190 -1.315 -0.968 -0.704 -0.326 0.002 0.321 0.318 0.006 -0.116 -0.179 0.000 
6.250 316.230 -1.494 -1.161 -0.906 -0.575 -0.284 0.032 0.020 -0.310 -0.441 -0.483 0.000 
6.250 398.110 -1.680 -1.361 -1.116 -0.845 -0.598 -0.287 -0.310 -0.662 -0.806 -0.822 0.000 
6.250 501.190 -1.876 -1.571 -1.335 -1.140 -0.950 -0.643 -0.681 -1.061 -1.220 -1.203 0.000 
6.250 630.960 -2.084 -1.792 -1.567 -1.466 -1.347 -1.047 -1.103 -1.518 -1.697 -1.638 0.000 
6.250 794.330 -2.307 -2.029 -1.813 -1.832 -1.803 -1.511 -1.590 -2.049 -2.252 -2.141 0.000 
6.250 1000.000 -2.549 -2.285 -2.079 -2.247 -2.332 -2.051 -2.158 -2.672 -2.906 -2.730 0.000 
6.500 1.000 0.940 1.468 1.848 2.369 2.797 3.066 3.071 2.817 2.722 2.587 0.000 
6.500 1.260 0.941 1.468 1.847 2.368 2.796 3.065 3.070 2.816 2.721 2.586 0.000 
6.500 1.580 0.942 1.467 1.846 2.366 2.795 3.064 3.069 2.814 2.719 2.584 0.000 
6.500 2.000 0.942 1.466 1.843 2.364 2.792 3.061 3.067 2.812 2.717 2.582 0.000 
6.500 2.510 0.942 1.463 1.839 2.360 2.788 3.058 3.063 2.808 2.713 2.579 0.000 
6.500 3.160 0.940 1.459 1.832 2.353 2.781 3.052 3.057 2.802 2.707 2.573 0.000 
6.500 3.980 0.935 1.451 1.822 2.343 2.770 3.042 3.048 2.793 2.698 2.564 0.000 
6.500 5.010 0.926 1.438 1.806 2.327 2.755 3.028 3.034 2.779 2.684 2.550 0.000 
6.500 6.310 0.910 1.418 1.783 2.303 2.730 3.006 3.012 2.757 2.662 2.530 0.000 
6.500 7.940 0.885 1.387 1.749 2.268 2.695 2.974 2.981 2.725 2.630 2.499 0.000 
6.500 10.000 0.846 1.342 1.700 2.218 2.645 2.928 2.935 2.680 2.584 2.455 0.000 
6.500 12.590 0.791 1.281 1.633 2.151 2.576 2.865 2.872 2.616 2.521 2.393 0.000 
6.500 15.850 0.718 1.200 1.547 2.063 2.487 2.781 2.789 2.532 2.437 2.311 0.000 
6.500 19.950 0.626 1.100 1.441 1.955 2.377 2.676 2.685 2.427 2.331 2.208 0.000 
6.500 25.120 0.517 0.982 1.317 1.828 2.248 2.551 2.559 2.301 2.204 2.084 0.000 
6.500 31.620 0.395 0.850 1.178 1.684 2.101 2.404 2.412 2.152 2.054 1.936 0.000 
6.500 39.810 0.261 0.706 1.026 1.527 1.940 2.243 2.249 1.987 1.888 1.773 0.000 
6.500 50.120 0.119 0.553 0.866 1.359 1.767 2.069 2.074 1.809 1.709 1.597 0.000 
6.500 63.100 -0.028 0.394 0.699 1.183 1.583 1.885 1.888 1.620 1.518 1.410 0.000 
6.500 79.430 -0.180 0.230 0.526 0.998 1.390 1.691 1.692 1.420 1.315 1.212 0.000 
6.500 100.000 -0.336 0.062 0.349 0.807 1.187 1.487 1.485 1.207 1.100 1.003 0.000 
6.500 125.890 -0.496 -0.110 0.168 0.607 0.973 1.272 1.267 0.982 0.870 0.782 0.000 
6.500 158.490 -0.658 -0.286 -0.017 0.398 0.747 1.044 1.034 0.740 0.624 0.546 0.000 
6.500 199.530 -0.825 -0.466 -0.207 0.179 0.505 0.800 0.784 0.480 0.357 0.292 0.000 
6.500 251.190 -0.997 -0.651 -0.401 -0.053 0.244 0.537 0.514 0.195 0.065 0.017 0.000 
6.500 316.230 -1.175 -0.843 -0.602 -0.302 -0.040 0.249 0.218 -0.119 -0.259 -0.286 0.000 
6.500 398.110 -1.361 -1.042 -0.811 -0.570 -0.353 -0.068 -0.111 -0.470 -0.622 -0.624 0.000 
6.500 501.190 -1.556 -1.250 -1.029 -0.864 -0.704 -0.424 -0.481 -0.867 -1.035 -1.004 0.000 
6.500 630.960 -1.763 -1.471 -1.260 -1.189 -1.100 -0.827 -0.902 -1.324 -1.511 -1.438 0.000 
6.500 794.330 -1.985 -1.707 -1.505 -1.554 -1.555 -1.289 -1.388 -1.853 -2.065 -1.940 0.000 
6.500 1000.000 -2.226 -1.962 -1.770 -1.969 -2.083 -1.828 -1.955 -2.476 -2.719 -2.527 0.000 
6.750 1.000 1.035 1.558 1.921 2.408 2.804 3.051 3.036 2.773 2.669 2.552 0.000 
6.750 1.260 1.037 1.558 1.920 2.407 2.803 3.050 3.035 2.773 2.669 2.551 0.000 
6.750 1.580 1.038 1.558 1.919 2.406 2.802 3.049 3.034 2.772 2.668 2.550 0.000 
6.750 2.000 1.039 1.558 1.918 2.405 2.801 3.048 3.033 2.770 2.666 2.549 0.000 
6.750 2.510 1.040 1.557 1.915 2.402 2.798 3.046 3.031 2.768 2.664 2.547 0.000 
6.750 3.160 1.041 1.555 1.911 2.399 2.795 3.042 3.027 2.765 2.661 2.543 0.000 
6.750 3.980 1.040 1.551 1.906 2.393 2.789 3.037 3.022 2.759 2.655 2.538 0.000 
6.750 5.010 1.037 1.545 1.897 2.384 2.779 3.028 3.014 2.751 2.647 2.530 0.000 
6.750 6.310 1.030 1.534 1.883 2.369 2.765 3.015 3.001 2.738 2.634 2.518 0.000 
6.750 7.940 1.018 1.516 1.862 2.348 2.743 2.996 2.981 2.719 2.614 2.499 0.000 
6.750 10.000 0.996 1.489 1.831 2.316 2.711 2.966 2.952 2.689 2.585 2.471 0.000 
6.750 12.590 0.962 1.449 1.786 2.271 2.665 2.924 2.910 2.647 2.542 2.429 0.000 
6.750 15.850 0.913 1.393 1.725 2.208 2.601 2.864 2.851 2.587 2.482 2.371 0.000 
6.750 19.950 0.846 1.318 1.644 2.125 2.517 2.785 2.772 2.507 2.402 2.294 0.000 
6.750 25.120 0.761 1.224 1.544 2.022 2.411 2.684 2.671 2.405 2.300 2.194 0.000 
6.750 31.620 0.658 1.111 1.424 1.899 2.285 2.562 2.549 2.282 2.175 2.072 0.000 
6.750 39.810 0.539 0.982 1.289 1.758 2.140 2.416 2.402 2.133 2.026 1.925 0.000 
6.750 50.120 0.409 0.841 1.140 1.602 1.979 2.255 2.240 1.968 1.859 1.762 0.000 
6.750 63.100 0.269 0.691 0.981 1.434 1.805 2.080 2.063 1.788 1.677 1.584 0.000 
6.750 79.430 0.123 0.532 0.814 1.256 1.618 1.892 1.873 1.594 1.481 1.392 0.000 
6.750 100.000 -0.029 0.368 0.642 1.069 1.419 1.693 1.671 1.386 1.270 1.188 0.000 
6.750 125.890 -0.185 0.200 0.464 0.872 1.209 1.481 1.456 1.164 1.044 0.970 0.000 
6.750 158.490 -0.346 0.026 0.281 0.666 0.985 1.255 1.225 0.925 0.800 0.737 0.000 
6.750 199.530 -0.511 -0.152 0.094 0.449 0.745 1.014 0.978 0.667 0.535 0.485 0.000 
6.750 251.190 -0.682 -0.336 -0.099 0.218 0.486 0.752 0.709 0.384 0.245 0.211 0.000 
6.750 316.230 -0.858 -0.526 -0.299 -0.029 0.204 0.466 0.414 0.071 -0.077 -0.090 0.000 
6.750 398.110 -1.043 -0.724 -0.506 -0.296 -0.109 0.150 0.086 -0.278 -0.439 -0.426 0.000 
6.750 501.190 -1.237 -0.931 -0.724 -0.588 -0.458 -0.204 -0.282 -0.675 -0.851 -0.805 0.000 
6.750 630.960 -1.443 -1.151 -0.953 -0.913 -0.853 -0.606 -0.702 -1.130 -1.326 -1.238 0.000 
6.750 794.330 -1.664 -1.386 -1.198 -1.276 -1.307 -1.068 -1.187 -1.658 -1.879 -1.739 0.000 
6.750 1000.000 -1.904 -1.639 -1.461 -1.690 -1.833 -1.605 -1.753 -2.280 -2.531 -2.325 0.000 
7.000 1.000 1.131 1.648 1.994 2.447 2.810 3.034 2.998 2.728 2.614 2.515 0.000 
7.000 1.260 1.133 1.648 1.994 2.446 2.809 3.033 2.998 2.728 2.614 2.514 0.000 
7.000 1.580 1.134 1.649 1.993 2.446 2.809 3.033 2.997 2.727 2.614 2.514 0.000 
7.000 2.000 1.136 1.649 1.992 2.445 2.808 3.032 2.997 2.726 2.613 2.513 0.000 
7.000 2.510 1.138 1.649 1.991 2.444 2.807 3.031 2.995 2.725 2.612 2.512 0.000 
7.000 3.160 1.139 1.648 1.989 2.441 2.805 3.029 2.993 2.723 2.610 2.510 0.000 
7.000 3.980 1.141 1.647 1.986 2.438 2.801 3.026 2.990 2.720 2.606 2.507 0.000 
7.000 5.010 1.141 1.644 1.981 2.433 2.796 3.021 2.985 2.715 2.601 2.502 0.000 
7.000 6.310 1.140 1.639 1.973 2.425 2.787 3.013 2.978 2.707 2.594 2.495 0.000 
7.000 7.940 1.135 1.630 1.960 2.412 2.774 3.001 2.966 2.696 2.582 2.484 0.000 
7.000 10.000 1.125 1.615 1.942 2.393 2.755 2.983 2.948 2.678 2.564 2.466 0.000 
7.000 12.590 1.108 1.591 1.914 2.364 2.725 2.956 2.922 2.650 2.537 2.440 0.000 
7.000 15.850 1.079 1.555 1.873 2.322 2.683 2.917 2.882 2.611 2.497 2.401 0.000 
7.000 19.950 1.035 1.504 1.817 2.264 2.623 2.861 2.827 2.555 2.440 2.347 0.000 
7.000 25.120 0.974 1.435 1.741 2.186 2.544 2.786 2.752 2.479 2.364 2.273 0.000 
7.000 31.620 0.895 1.346 1.646 2.087 2.442 2.689 2.654 2.380 2.264 2.177 0.000 
7.000 39.810 0.797 1.239 1.531 1.968 2.319 2.569 2.534 2.258 2.141 2.057 0.000 
7.000 50.120 0.683 1.114 1.399 1.829 2.176 2.425 2.389 2.110 1.992 1.911 0.000 
7.000 63.100 0.556 0.976 1.253 1.675 2.015 2.263 2.226 1.944 1.824 1.746 0.000 
7.000 79.430 0.418 0.827 1.096 1.506 1.838 2.085 2.046 1.760 1.638 1.565 0.000 
7.000 100.000 0.273 0.669 0.930 1.326 1.646 1.893 1.851 1.559 1.434 1.368 0.000 
7.000 125.890 0.121 0.505 0.757 1.134 1.441 1.686 1.640 1.342 1.213 1.155 0.000 
7.000 158.490 -0.036 0.335 0.578 0.932 1.221 1.465 1.414 1.107 0.974 0.925 0.000 
7.000 199.530 -0.199 0.159 0.393 0.717 0.984 1.225 1.169 0.852 0.712 0.677 0.000 
7.000 251.190 -0.368 -0.022 0.202 0.488 0.727 0.966 0.903 0.571 0.424 0.405 0.000 
7.000 316.230 -0.543 -0.211 0.004 0.243 0.446 0.682 0.610 0.261 0.103 0.105 0.000 
7.000 398.110 -0.726 -0.407 -0.202 -0.023 0.135 0.367 0.284 -0.087 -0.257 -0.229 0.000 
7.000 501.190 -0.919 -0.614 -0.418 -0.314 -0.212 0.015 -0.084 -0.483 -0.667 -0.607 0.000 
7.000 630.960 -1.124 -0.832 -0.647 -0.636 -0.606 -0.386 -0.502 -0.936 -1.141 -1.038 0.000 
7.000 794.330 -1.344 -1.066 -0.890 -0.999 -1.059 -0.847 -0.986 -1.464 -1.693 -1.538 0.000 
7.000 1000.000 -1.583 -1.319 -1.153 -1.412 -1.585 -1.383 -1.551 -2.084 -2.344 -2.123 0.000 
7.250 1.000 1.227 1.738 2.069 2.485 2.814 3.015 2.959 2.680 2.556 2.475 0.000 
7.250 1.260 1.228 1.739 2.069 2.485 2.814 3.015 2.958 2.679 2.556 2.475 0.000 
7.250 1.580 1.230 1.739 2.069 2.485 2.814 3.015 2.958 2.679 2.556 2.475 0.000 
7.250 2.000 1.232 1.740 2.068 2.484 2.813 3.014 2.958 2.679 2.555 2.474 0.000 
7.250 2.510 1.234 1.740 2.067 2.483 2.812 3.013 2.957 2.678 2.555 2.474 0.000 
7.250 3.160 1.236 1.740 2.066 2.482 2.811 3.012 2.956 2.677 2.554 2.472 0.000 
7.250 3.980 1.239 1.740 2.064 2.480 2.809 3.010 2.954 2.675 2.552 2.471 0.000 
7.250 5.010 1.241 1.740 2.061 2.477 2.806 3.008 2.951 2.672 2.549 2.468 0.000 
7.250 6.310 1.243 1.738 2.057 2.472 2.801 3.003 2.947 2.668 2.544 2.464 0.000 
7.250 7.940 1.243 1.733 2.050 2.465 2.794 2.996 2.940 2.661 2.537 2.457 0.000 
7.250 10.000 1.240 1.726 2.039 2.454 2.782 2.985 2.929 2.650 2.526 2.446 0.000 
7.250 12.590 1.233 1.713 2.022 2.436 2.764 2.969 2.913 2.633 2.510 2.430 0.000 
7.250 15.850 1.219 1.693 1.997 2.410 2.737 2.944 2.888 2.608 2.484 2.406 0.000 
7.250 19.950 1.195 1.661 1.960 2.372 2.698 2.907 2.851 2.571 2.447 2.370 0.000 
7.250 25.120 1.156 1.615 1.908 2.318 2.642 2.855 2.799 2.518 2.394 2.319 0.000 
7.250 31.620 1.101 1.551 1.838 2.245 2.567 2.783 2.728 2.445 2.320 2.248 0.000 
7.250 39.810 1.028 1.468 1.748 2.150 2.469 2.689 2.634 2.350 2.224 2.154 0.000 
7.250 50.120 0.935 1.365 1.638 2.034 2.349 2.571 2.515 2.229 2.101 2.036 0.000 
7.250 63.100 0.826 1.245 1.510 1.898 2.207 2.428 2.370 2.081 1.952 1.890 0.000 
7.250 79.430 0.702 1.109 1.366 1.744 2.044 2.265 2.205 1.912 1.781 1.723 0.000 
7.250 100.000 0.566 0.962 1.210 1.574 1.864 2.084 2.021 1.723 1.589 1.537 0.000 
7.250 125.890 0.421 0.805 1.044 1.390 1.666 1.885 1.819 1.514 1.376 1.333 0.000 
7.250 158.490 0.269 0.640 0.870 1.193 1.452 1.669 1.598 1.285 1.142 1.109 0.000 
7.250 199.530 0.109 0.467 0.689 0.982 1.219 1.434 1.358 1.033 0.885 0.864 0.000 
7.250 251.190 -0.057 0.288 0.501 0.757 0.965 1.178 1.094 0.756 0.600 0.596 0.000 
7.250 316.230 -0.230 0.102 0.305 0.514 0.687 0.896 0.804 0.448 0.282 0.299 0.000 
7.250 398.110 -0.411 -0.093 0.101 0.250 0.378 0.584 0.480 0.102 -0.076 -0.033 0.000 
7.250 501.190 -0.603 -0.298 -0.114 -0.039 0.032 0.232 0.114 -0.291 -0.485 -0.409 0.000 
7.250 630.960 -0.806 -0.515 -0.341 -0.361 -0.361 -0.167 -0.303 -0.744 -0.957 -0.840 0.000 
7.250 794.330 -1.025 -0.747 -0.583 -0.722 -0.812 -0.626 -0.786 -1.270 -1.507 -1.338 0.000 
7.250 1000.000 -1.263 -0.999 -0.844 -1.134 -1.336 -1.161 -1.349 -1.889 -2.157 -1.922 0.000 
7.500 1.000 1.323 1.828 2.145 2.522 2.815 2.993 2.915 2.627 2.494 2.432 0.000 
7.500 1.260 1.324 1.829 2.145 2.522 2.815 2.993 2.915 2.627 2.493 2.432 0.000 
7.500 1.580 1.326 1.829 2.144 2.522 2.815 2.993 2.915 2.627 2.493 2.432 0.000 
7.500 2.000 1.328 1.830 2.144 2.522 2.815 2.993 2.915 2.627 2.493 2.431 0.000 
7.500 2.510 1.330 1.831 2.144 2.521 2.814 2.992 2.914 2.626 2.493 2.431 0.000 
7.500 3.160 1.333 1.831 2.143 2.520 2.814 2.991 2.914 2.625 2.492 2.430 0.000 
7.500 3.980 1.336 1.832 2.142 2.519 2.813 2.990 2.913 2.624 2.491 2.429 0.000 
7.500 5.010 1.339 1.832 2.140 2.518 2.811 2.989 2.911 2.623 2.489 2.428 0.000 
7.500 6.310 1.342 1.832 2.138 2.515 2.808 2.986 2.909 2.620 2.487 2.425 0.000 
7.500 7.940 1.344 1.831 2.134 2.511 2.804 2.982 2.905 2.616 2.482 2.421 0.000 
7.500 10.000 1.346 1.828 2.128 2.504 2.797 2.976 2.898 2.610 2.476 2.415 0.000 
7.500 12.590 1.345 1.822 2.118 2.494 2.786 2.966 2.888 2.600 2.466 2.405 0.000 
7.500 15.850 1.341 1.811 2.103 2.478 2.770 2.951 2.873 2.584 2.450 2.390 0.000 
7.500 19.950 1.330 1.793 2.080 2.454 2.745 2.928 2.850 2.561 2.427 2.368 0.000 
7.500 25.120 1.310 1.765 2.046 2.419 2.709 2.893 2.816 2.526 2.391 2.334 0.000 
7.500 31.620 1.277 1.724 1.999 2.369 2.657 2.844 2.767 2.476 2.341 2.285 0.000 
7.500 39.810 1.227 1.665 1.934 2.300 2.585 2.776 2.698 2.406 2.270 2.217 0.000 
7.500 50.120 1.159 1.587 1.849 2.210 2.491 2.685 2.607 2.312 2.176 2.126 0.000 
7.500 63.100 1.072 1.490 1.743 2.097 2.373 2.568 2.488 2.191 2.053 2.007 0.000 
7.500 79.430 0.967 1.373 1.619 1.963 2.231 2.425 2.344 2.043 1.903 1.861 0.000 
7.500 100.000 0.845 1.240 1.478 1.808 2.066 2.260 2.176 1.870 1.727 1.692 0.000 
7.500 125.890 0.711 1.094 1.323 1.636 1.881 2.073 1.986 1.674 1.527 1.499 0.000 
7.500 158.490 0.567 0.937 1.157 1.447 1.675 1.866 1.774 1.454 1.303 1.285 0.000 
7.500 199.530 0.413 0.771 0.981 1.243 1.449 1.637 1.540 1.209 1.052 1.047 0.000 
7.500 251.190 0.251 0.596 0.797 1.022 1.200 1.386 1.282 0.937 0.772 0.783 0.000 
7.500 316.230 0.081 0.412 0.605 0.782 0.925 1.108 0.995 0.633 0.458 0.490 0.000 
7.500 398.110 -0.099 0.220 0.402 0.521 0.619 0.798 0.673 0.289 0.102 0.160 0.000 
7.500 501.190 -0.288 0.017 0.190 0.233 0.275 0.449 0.310 -0.102 -0.304 -0.214 0.000 
7.500 630.960 -0.490 -0.199 -0.035 -0.086 -0.116 0.051 -0.105 -0.552 -0.774 -0.642 0.000 
7.500 794.330 -0.708 -0.430 -0.276 -0.446 -0.565 -0.406 -0.586 -1.077 -1.323 -1.139 0.000 
7.500 1000.000 -0.944 -0.681 -0.537 -0.856 -1.089 -0.940 -1.148 -1.694 -1.971 -1.722 0.000 
7.750 1.000 1.419 1.918 2.221 2.557 2.812 2.966 2.867 2.568 2.424 2.383 0.000 
7.750 1.260 1.420 1.919 2.221 2.557 2.812 2.966 2.867 2.568 2.424 2.383 0.000 
7.750 1.580 1.421 1.919 2.221 2.557 2.812 2.966 2.867 2.568 2.424 2.383 0.000 
7.750 2.000 1.423 1.920 2.221 2.557 2.812 2.966 2.867 2.568 2.423 2.382 0.000 
7.750 2.510 1.425 1.921 2.221 2.556 2.812 2.966 2.866 2.568 2.423 2.382 0.000 
7.750 3.160 1.428 1.922 2.220 2.556 2.811 2.966 2.866 2.567 2.423 2.382 0.000 
7.750 3.980 1.431 1.922 2.220 2.555 2.811 2.965 2.865 2.567 2.422 2.381 0.000 
7.750 5.010 1.434 1.923 2.219 2.554 2.810 2.964 2.865 2.566 2.421 2.380 0.000 
7.750 6.310 1.438 1.924 2.217 2.553 2.808 2.962 2.863 2.564 2.420 2.379 0.000 
7.750 7.940 1.442 1.924 2.215 2.550 2.806 2.960 2.861 2.562 2.417 2.376 0.000 
7.750 10.000 1.446 1.924 2.211 2.547 2.802 2.956 2.857 2.558 2.413 2.373 0.000 
7.750 12.590 1.449 1.922 2.206 2.541 2.795 2.950 2.851 2.552 2.407 2.367 0.000 
7.750 15.850 1.450 1.917 2.197 2.531 2.786 2.941 2.842 2.543 2.398 2.358 0.000 
7.750 19.950 1.448 1.908 2.183 2.517 2.771 2.927 2.828 2.528 2.383 2.344 0.000 
7.750 25.120 1.440 1.893 2.163 2.495 2.748 2.906 2.806 2.506 2.361 2.323 0.000 
7.750 31.620 1.424 1.869 2.133 2.463 2.714 2.874 2.774 2.473 2.328 2.291 0.000 
7.750 39.810 1.395 1.831 2.089 2.416 2.665 2.827 2.727 2.425 2.279 2.244 0.000 
7.750 50.120 1.351 1.778 2.028 2.351 2.597 2.761 2.661 2.357 2.210 2.178 0.000 
7.750 63.100 1.289 1.705 1.948 2.265 2.505 2.673 2.572 2.266 2.117 2.089 0.000 
7.750 79.430 1.206 1.612 1.847 2.155 2.389 2.556 2.453 2.144 1.994 1.970 0.000 
7.750 100.000 1.105 1.499 1.726 2.022 2.246 2.412 2.308 1.994 1.841 1.822 0.000 
7.750 125.890 0.987 1.369 1.588 1.866 2.078 2.244 2.135 1.815 1.659 1.648 0.000 
7.750 158.490 0.854 1.224 1.434 1.690 1.886 2.050 1.938 1.609 1.449 1.447 0.000 
7.750 199.530 0.709 1.066 1.267 1.495 1.670 1.832 1.714 1.375 1.209 1.219 0.000 
7.750 251.190 0.553 0.897 1.089 1.281 1.428 1.587 1.463 1.111 0.937 0.963 0.000 
7.750 316.230 0.387 0.718 0.901 1.046 1.158 1.315 1.181 0.812 0.628 0.675 0.000 
7.750 398.110 0.211 0.529 0.702 0.789 0.857 1.009 0.864 0.473 0.277 0.350 0.000 
7.750 501.190 0.024 0.328 0.492 0.504 0.516 0.663 0.503 0.085 -0.126 -0.020 0.000 
7.750 630.960 -0.176 0.115 0.269 0.187 0.127 0.268 0.091 -0.363 -0.593 -0.446 0.000 
7.750 794.330 -0.392 -0.115 0.029 -0.171 -0.320 -0.188 -0.388 -0.885 -1.140 -0.941 0.000 
7.750 1000.000 -0.628 -0.364 -0.229 -0.580 -0.842 -0.720 -0.948 -1.501 -1.787 -1.522 0.000 
8.000 1.000 1.513 2.007 2.297 2.588 2.802 2.933 2.811 2.500 2.344 2.325 0.000 
8.000 1.260 1.514 2.007 2.297 2.588 2.802 2.933 2.811 2.500 2.344 2.325 0.000 
8.000 1.580 1.516 2.008 2.297 2.588 2.802 2.933 2.811 2.500 2.344 2.325 0.000 
8.000 2.000 1.518 2.009 2.297 2.588 2.802 2.933 2.811 2.500 2.344 2.325 0.000 
8.000 2.510 1.520 2.009 2.297 2.588 2.802 2.932 2.810 2.500 2.344 2.325 0.000 
8.000 3.160 1.522 2.010 2.297 2.587 2.802 2.932 2.810 2.499 2.343 2.325 0.000 
8.000 3.980 1.525 2.011 2.296 2.587 2.801 2.932 2.810 2.499 2.343 2.324 0.000 
8.000 5.010 1.529 2.013 2.296 2.586 2.801 2.931 2.809 2.499 2.342 2.324 0.000 
8.000 6.310 1.533 2.014 2.295 2.586 2.800 2.930 2.808 2.498 2.342 2.323 0.000 
8.000 7.940 1.537 2.015 2.294 2.584 2.798 2.929 2.807 2.496 2.340 2.322 0.000 
8.000 10.000 1.542 2.016 2.292 2.582 2.796 2.927 2.805 2.494 2.338 2.319 0.000 
8.000 12.590 1.547 2.016 2.289 2.578 2.792 2.923 2.801 2.490 2.334 2.316 0.000 
8.000 15.850 1.551 2.015 2.284 2.573 2.787 2.918 2.796 2.485 2.328 2.311 0.000 
8.000 19.950 1.554 2.011 2.276 2.565 2.778 2.909 2.787 2.476 2.320 2.302 0.000 
8.000 25.120 1.554 2.004 2.264 2.551 2.764 2.896 2.774 2.462 2.306 2.289 0.000 
8.000 31.620 1.549 1.991 2.245 2.531 2.743 2.876 2.754 2.441 2.284 2.269 0.000 
8.000 39.810 1.536 1.970 2.217 2.501 2.711 2.846 2.723 2.410 2.252 2.238 0.000 
8.000 50.120 1.512 1.936 2.177 2.458 2.664 2.801 2.678 2.363 2.205 2.193 0.000 
8.000 63.100 1.472 1.887 2.121 2.396 2.599 2.737 2.614 2.297 2.138 2.129 0.000 
8.000 79.430 1.415 1.819 2.045 2.313 2.509 2.649 2.525 2.205 2.044 2.039 0.000 
8.000 100.000 1.338 1.731 1.949 2.205 2.394 2.533 2.406 2.082 1.919 1.919 0.000 
8.000 125.890 1.241 1.622 1.832 2.072 2.249 2.388 2.258 1.929 1.762 1.769 0.000 
8.000 158.490 1.125 1.494 1.695 1.915 2.077 2.213 2.080 1.743 1.573 1.588 0.000 
8.000 199.530 0.992 1.349 1.541 1.734 1.875 2.010 1.871 1.525 1.349 1.376 0.000 
8.000 251.190 0.846 1.190 1.373 1.531 1.645 1.778 1.632 1.272 1.089 1.132 0.000 
8.000 316.230 0.687 1.018 1.192 1.304 1.384 1.513 1.359 0.982 0.789 0.852 0.000 
8.000 398.110 0.516 0.834 0.998 1.052 1.088 1.214 1.048 0.650 0.445 0.534 0.000 
8.000 501.190 0.332 0.637 0.792 0.772 0.752 0.872 0.693 0.267 0.047 0.168 0.000 
8.000 630.960 0.135 0.426 0.571 0.457 0.367 0.481 0.283 -0.177 -0.416 -0.254 0.000 
8.000 794.330 -0.079 0.198 0.334 0.102 -0.078 0.028 -0.193 -0.697 -0.960 -0.746 0.000 
8.000 1000.000 -0.313 -0.049 0.077 -0.305 -0.597 -0.501 -0.751 -1.310 -1.604 -1.325 0.000 
