AbrahamsonEtAl2015SSlab as implemented in OpenQuake, distance is rhypo. Log10 ground motion values in cgs units, PGV and Sa(T<0.1s) not valid
          14 31 24 : nmag, ndist, nperiod
          10.000 7.500 6.000 5.000 4.000 3.000 2.500 2.000 1.500 1.000 0.750 0.600 0.500 0.400 0.300 0.250 0.200 0.150 0.100 0.075 0.050 0.020 PGA PGV 
          0.740 0.740 0.740 0.740 0.740 0.740 0.740 0.740 0.740 0.740 0.740 0.740 0.740 0.740 0.740 0.740 0.740 0.740 0.740 0.740 0.740 0.740 0.740 0.000 
4.750 1.000 -0.359 -0.134 0.093 0.274 0.509 0.859 1.095 1.285 1.465 1.788 1.975 2.115 2.246 2.398 2.513 2.591 2.676 2.721 2.689 2.636 2.581 2.640 2.640 0.000 
4.750 1.260 -0.371 -0.147 0.080 0.260 0.495 0.844 1.079 1.271 1.458 1.786 1.977 2.118 2.250 2.401 2.516 2.592 2.676 2.717 2.683 2.627 2.571 2.626 2.626 0.000 
4.750 1.580 -0.385 -0.162 0.064 0.244 0.477 0.825 1.059 1.254 1.448 1.784 1.979 2.121 2.254 2.405 2.519 2.594 2.676 2.714 2.675 2.617 2.559 2.610 2.610 0.000 
4.750 2.000 -0.402 -0.180 0.044 0.223 0.456 0.802 1.036 1.234 1.436 1.782 1.980 2.125 2.258 2.409 2.523 2.596 2.676 2.709 2.666 2.605 2.544 2.590 2.590 0.000 
4.750 2.510 -0.423 -0.203 0.021 0.199 0.430 0.775 1.008 1.210 1.422 1.777 1.981 2.127 2.261 2.413 2.527 2.598 2.675 2.704 2.656 2.591 2.527 2.567 2.567 0.000 
4.750 3.160 -0.447 -0.229 -0.006 0.170 0.401 0.744 0.976 1.181 1.403 1.771 1.980 2.129 2.263 2.416 2.529 2.599 2.673 2.697 2.643 2.574 2.507 2.539 2.539 0.000 
4.750 3.980 -0.475 -0.259 -0.038 0.137 0.366 0.707 0.937 1.147 1.381 1.761 1.976 2.127 2.262 2.416 2.529 2.598 2.669 2.687 2.627 2.554 2.483 2.505 2.505 0.000 
4.750 5.010 -0.508 -0.294 -0.075 0.098 0.325 0.664 0.893 1.107 1.353 1.746 1.967 2.121 2.257 2.411 2.524 2.591 2.660 2.673 2.607 2.529 2.453 2.465 2.465 0.000 
4.750 6.310 -0.546 -0.335 -0.118 0.054 0.279 0.614 0.843 1.061 1.319 1.724 1.951 2.107 2.243 2.398 2.512 2.578 2.645 2.651 2.580 2.496 2.416 2.416 2.416 0.000 
4.750 7.940 -0.588 -0.381 -0.166 0.004 0.227 0.559 0.785 1.008 1.278 1.693 1.925 2.083 2.219 2.374 2.489 2.553 2.618 2.620 2.544 2.455 2.369 2.356 2.356 0.000 
4.750 10.000 -0.636 -0.432 -0.219 -0.052 0.168 0.497 0.722 0.947 1.227 1.651 1.887 2.045 2.181 2.335 2.450 2.513 2.577 2.574 2.495 2.401 2.310 2.284 2.284 0.000 
4.750 12.590 -0.689 -0.489 -0.279 -0.114 0.104 0.429 0.651 0.879 1.167 1.597 1.835 1.993 2.126 2.280 2.394 2.456 2.518 2.511 2.429 2.331 2.236 2.197 2.197 0.000 
4.750 15.850 -0.747 -0.551 -0.344 -0.182 0.033 0.353 0.574 0.803 1.097 1.529 1.768 1.924 2.055 2.205 2.318 2.377 2.438 2.428 2.345 2.243 2.145 2.093 2.093 0.000 
4.750 19.950 -0.811 -0.620 -0.415 -0.257 -0.045 0.272 0.490 0.719 1.017 1.449 1.686 1.839 1.965 2.112 2.222 2.278 2.337 2.323 2.240 2.135 2.034 1.973 1.973 0.000 
4.750 25.120 -0.881 -0.694 -0.493 -0.337 -0.129 0.183 0.399 0.628 0.927 1.355 1.589 1.737 1.859 2.001 2.106 2.158 2.215 2.196 2.114 2.007 1.905 1.837 1.837 0.000 
4.750 31.620 -0.957 -0.775 -0.577 -0.425 -0.219 0.087 0.301 0.528 0.826 1.249 1.478 1.622 1.737 1.873 1.972 2.020 2.074 2.050 1.969 1.861 1.759 1.685 1.685 0.000 
4.750 39.810 -1.040 -0.863 -0.669 -0.520 -0.318 -0.016 0.195 0.420 0.716 1.131 1.355 1.493 1.602 1.731 1.823 1.866 1.915 1.886 1.807 1.698 1.597 1.521 1.521 0.000 
4.750 50.120 -1.131 -0.959 -0.768 -0.623 -0.424 -0.128 0.080 0.303 0.596 1.001 1.219 1.351 1.454 1.576 1.661 1.698 1.743 1.708 1.630 1.520 1.422 1.345 1.345 0.000 
4.750 63.100 -1.230 -1.064 -0.877 -0.735 -0.540 -0.250 -0.044 0.176 0.465 0.860 1.071 1.198 1.293 1.409 1.486 1.518 1.559 1.518 1.442 1.331 1.236 1.161 1.161 0.000 
4.750 79.430 -1.341 -1.180 -0.997 -0.859 -0.667 -0.382 -0.179 0.037 0.322 0.706 0.910 1.032 1.122 1.232 1.302 1.327 1.364 1.318 1.243 1.133 1.041 0.968 0.968 0.000 
4.750 100.000 -1.464 -1.309 -1.129 -0.995 -0.807 -0.528 -0.328 -0.115 0.165 0.537 0.735 0.854 0.938 1.043 1.107 1.127 1.161 1.109 1.036 0.925 0.838 0.768 0.768 0.000 
4.750 125.890 -1.603 -1.454 -1.278 -1.147 -0.963 -0.689 -0.492 -0.283 -0.008 0.352 0.545 0.661 0.741 0.844 0.902 0.918 0.948 0.892 0.822 0.711 0.628 0.562 0.562 0.000 
4.750 158.490 -1.761 -1.618 -1.445 -1.319 -1.139 -0.870 -0.676 -0.471 -0.201 0.148 0.336 0.452 0.529 0.631 0.687 0.699 0.728 0.668 0.601 0.490 0.411 0.349 0.349 0.000 
4.750 199.530 -1.943 -1.806 -1.637 -1.514 -1.338 -1.076 -0.884 -0.683 -0.419 -0.081 0.104 0.223 0.299 0.404 0.459 0.469 0.498 0.436 0.372 0.261 0.187 0.130 0.130 0.000 
4.750 251.190 -2.155 -2.024 -1.859 -1.740 -1.568 -1.312 -1.123 -0.925 -0.667 -0.339 -0.156 -0.030 0.047 0.159 0.218 0.226 0.259 0.196 0.136 0.025 -0.044 -0.097 -0.097 0.000 
4.750 316.230 -2.405 -2.279 -2.119 -2.004 -1.835 -1.585 -1.399 -1.205 -0.953 -0.633 -0.450 -0.314 -0.231 -0.108 -0.041 -0.030 0.007 -0.054 -0.108 -0.219 -0.283 -0.332 -0.332 0.000 
4.750 398.110 -2.702 -2.582 -2.426 -2.314 -2.150 -1.905 -1.723 -1.532 -1.286 -0.974 -0.787 -0.635 -0.542 -0.401 -0.320 -0.305 -0.259 -0.316 -0.362 -0.473 -0.533 -0.576 -0.576 0.000 
4.750 501.190 -3.058 -2.944 -2.791 -2.684 -2.524 -2.285 -2.105 -1.919 -1.679 -1.373 -1.179 -1.002 -0.894 -0.726 -0.624 -0.602 -0.542 -0.591 -0.628 -0.739 -0.794 -0.833 -0.833 0.000 
4.750 630.960 -3.489 -3.380 -3.232 -3.129 -2.972 -2.739 -2.562 -2.380 -2.146 -1.843 -1.638 -1.428 -1.298 -1.093 -0.961 -0.926 -0.846 -0.883 -0.909 -1.020 -1.070 -1.103 -1.103 0.000 
4.750 794.330 -4.013 -3.910 -3.766 -3.666 -3.514 -3.287 -3.113 -2.935 -2.707 -2.405 -2.182 -1.927 -1.766 -1.512 -1.338 -1.284 -1.178 -1.196 -1.208 -1.319 -1.363 -1.392 -1.392 0.000 
4.750 1000.000 -4.654 -4.558 -4.417 -4.322 -4.173 -3.953 -3.782 -3.607 -3.385 -3.080 -2.832 -2.518 -2.316 -1.995 -1.764 -1.684 -1.543 -1.535 -1.529 -1.640 -1.680 -1.704 -1.704 0.000 
5.000 1.000 -0.157 0.066 0.292 0.472 0.700 1.032 1.257 1.429 1.582 1.868 2.035 2.161 2.281 2.421 2.525 2.597 2.679 2.722 2.696 2.646 2.597 2.664 2.664 0.000 
5.000 1.260 -0.167 0.055 0.280 0.459 0.687 1.019 1.243 1.417 1.575 1.867 2.037 2.164 2.285 2.424 2.528 2.599 2.679 2.719 2.690 2.638 2.587 2.652 2.652 0.000 
5.000 1.580 -0.180 0.041 0.265 0.444 0.671 1.002 1.225 1.402 1.567 1.866 2.040 2.168 2.289 2.428 2.531 2.601 2.679 2.715 2.682 2.628 2.576 2.637 2.637 0.000 
5.000 2.000 -0.195 0.024 0.248 0.426 0.652 0.981 1.204 1.384 1.557 1.865 2.042 2.172 2.293 2.433 2.535 2.603 2.679 2.711 2.674 2.617 2.562 2.619 2.619 0.000 
5.000 2.510 -0.214 0.004 0.227 0.404 0.629 0.957 1.179 1.362 1.544 1.862 2.044 2.176 2.298 2.438 2.539 2.605 2.679 2.706 2.664 2.604 2.547 2.597 2.597 0.000 
5.000 3.160 -0.236 -0.019 0.202 0.378 0.601 0.928 1.149 1.336 1.528 1.858 2.045 2.179 2.302 2.442 2.543 2.608 2.678 2.700 2.653 2.588 2.528 2.572 2.572 0.000 
5.000 3.980 -0.262 -0.047 0.173 0.347 0.569 0.893 1.114 1.305 1.509 1.851 2.045 2.181 2.305 2.446 2.546 2.609 2.676 2.693 2.639 2.570 2.506 2.542 2.542 0.000 
5.000 5.010 -0.292 -0.080 0.139 0.311 0.532 0.854 1.073 1.269 1.485 1.840 2.041 2.180 2.304 2.446 2.547 2.607 2.672 2.682 2.622 2.548 2.480 2.506 2.506 0.000 
5.000 6.310 -0.326 -0.117 0.099 0.270 0.489 0.808 1.026 1.226 1.456 1.824 2.031 2.173 2.298 2.440 2.541 2.601 2.663 2.667 2.601 2.521 2.448 2.463 2.463 0.000 
5.000 7.940 -0.366 -0.160 0.055 0.224 0.441 0.756 0.973 1.177 1.420 1.801 2.013 2.157 2.283 2.426 2.528 2.586 2.645 2.644 2.572 2.487 2.409 2.411 2.411 0.000 
5.000 10.000 -0.410 -0.207 0.005 0.171 0.386 0.698 0.913 1.121 1.375 1.767 1.985 2.131 2.256 2.399 2.502 2.558 2.617 2.610 2.533 2.443 2.360 2.348 2.348 0.000 
5.000 12.590 -0.460 -0.261 -0.052 0.112 0.325 0.633 0.846 1.058 1.322 1.722 1.944 2.090 2.215 2.357 2.460 2.515 2.572 2.561 2.480 2.385 2.297 2.272 2.272 0.000 
5.000 15.850 -0.515 -0.320 -0.113 0.048 0.257 0.562 0.773 0.987 1.258 1.664 1.888 2.033 2.156 2.297 2.399 2.453 2.508 2.493 2.410 2.311 2.218 2.180 2.180 0.000 
5.000 19.950 -0.576 -0.385 -0.181 -0.023 0.184 0.484 0.692 0.907 1.185 1.592 1.816 1.960 2.079 2.218 2.318 2.369 2.423 2.404 2.321 2.218 2.122 2.072 2.072 0.000 
5.000 25.120 -0.643 -0.457 -0.256 -0.101 0.103 0.399 0.605 0.820 1.100 1.507 1.729 1.869 1.985 2.120 2.216 2.264 2.316 2.293 2.210 2.105 2.007 1.947 1.947 0.000 
5.000 31.620 -0.716 -0.534 -0.337 -0.185 0.015 0.306 0.510 0.724 1.006 1.408 1.627 1.763 1.873 2.003 2.095 2.139 2.189 2.162 2.079 1.972 1.873 1.806 1.806 0.000 
5.000 39.810 -0.796 -0.619 -0.425 -0.277 -0.080 0.206 0.407 0.620 0.901 1.297 1.510 1.642 1.747 1.871 1.957 1.996 2.042 2.011 1.930 1.821 1.723 1.651 1.651 0.000 
5.000 50.120 -0.883 -0.712 -0.522 -0.377 -0.183 0.098 0.296 0.507 0.785 1.173 1.381 1.507 1.606 1.724 1.803 1.838 1.880 1.843 1.763 1.654 1.557 1.484 1.484 0.000 
5.000 63.100 -0.980 -0.815 -0.627 -0.486 -0.296 -0.021 0.175 0.383 0.658 1.036 1.238 1.360 1.452 1.564 1.636 1.665 1.704 1.661 1.584 1.473 1.379 1.306 1.306 0.000 
5.000 79.430 -1.088 -0.928 -0.744 -0.606 -0.420 -0.150 0.043 0.248 0.519 0.886 1.082 1.199 1.285 1.392 1.457 1.481 1.516 1.468 1.392 1.281 1.190 1.119 1.119 0.000 
5.000 100.000 -1.208 -1.054 -0.874 -0.740 -0.557 -0.293 -0.103 0.099 0.365 0.722 0.912 1.025 1.106 1.208 1.268 1.286 1.318 1.265 1.191 1.080 0.993 0.924 0.924 0.000 
5.000 125.890 -1.344 -1.195 -1.019 -0.889 -0.710 -0.452 -0.264 -0.066 0.195 0.540 0.725 0.836 0.913 1.012 1.068 1.081 1.111 1.053 0.982 0.870 0.787 0.722 0.722 0.000 
5.000 158.490 -1.500 -1.357 -1.184 -1.058 -0.883 -0.630 -0.445 -0.251 0.005 0.339 0.519 0.631 0.704 0.803 0.856 0.866 0.894 0.833 0.765 0.653 0.575 0.513 0.513 0.000 
5.000 199.530 -1.679 -1.542 -1.374 -1.251 -1.080 -0.833 -0.651 -0.461 -0.210 0.113 0.290 0.405 0.477 0.579 0.632 0.640 0.668 0.605 0.540 0.429 0.355 0.297 0.297 0.000 
5.000 251.190 -1.889 -1.757 -1.593 -1.474 -1.307 -1.066 -0.887 -0.700 -0.456 -0.142 0.033 0.154 0.229 0.337 0.394 0.401 0.432 0.368 0.308 0.196 0.127 0.074 0.074 0.000 
5.000 316.230 -2.136 -2.010 -1.850 -1.735 -1.572 -1.336 -1.160 -0.978 -0.739 -0.434 -0.258 -0.126 -0.046 0.074 0.138 0.147 0.184 0.121 0.066 -0.045 -0.110 -0.158 -0.158 0.000 
5.000 398.110 -2.431 -2.311 -2.154 -2.043 -1.884 -1.654 -1.481 -1.302 -1.069 -0.772 -0.593 -0.444 -0.355 -0.216 -0.138 -0.125 -0.079 -0.137 -0.185 -0.296 -0.356 -0.400 -0.400 0.000 
5.000 501.190 -2.784 -2.670 -2.517 -2.410 -2.255 -2.031 -1.861 -1.686 -1.459 -1.168 -0.981 -0.809 -0.704 -0.539 -0.440 -0.418 -0.360 -0.410 -0.448 -0.560 -0.614 -0.653 -0.653 0.000 
5.000 630.960 -3.212 -3.104 -2.955 -2.852 -2.701 -2.483 -2.316 -2.145 -1.924 -1.636 -1.438 -1.232 -1.105 -0.903 -0.774 -0.740 -0.661 -0.699 -0.726 -0.837 -0.887 -0.921 -0.921 0.000 
5.000 794.330 -3.733 -3.631 -3.487 -3.387 -3.240 -3.028 -2.864 -2.697 -2.482 -2.194 -1.979 -1.728 -1.571 -1.319 -1.148 -1.095 -0.990 -1.009 -1.022 -1.134 -1.179 -1.208 -1.208 0.000 
5.000 1000.000 -4.373 -4.276 -4.136 -4.040 -3.897 -3.691 -3.530 -3.367 -3.158 -2.867 -2.627 -2.317 -2.118 -1.799 -1.571 -1.493 -1.352 -1.345 -1.341 -1.452 -1.492 -1.516 -1.516 0.000 
5.250 1.000 0.042 0.263 0.487 0.665 0.887 1.203 1.417 1.572 1.697 1.948 2.095 2.206 2.316 2.444 2.537 2.605 2.683 2.725 2.704 2.657 2.613 2.689 2.689 0.000 
5.250 1.260 0.033 0.253 0.476 0.654 0.875 1.190 1.404 1.561 1.691 1.947 2.097 2.209 2.319 2.447 2.540 2.606 2.682 2.721 2.697 2.649 2.604 2.678 2.678 0.000 
5.250 1.580 0.021 0.240 0.463 0.640 0.861 1.175 1.388 1.547 1.684 1.947 2.099 2.213 2.323 2.451 2.543 2.607 2.682 2.717 2.690 2.640 2.593 2.664 2.664 0.000 
5.250 2.000 0.007 0.225 0.447 0.624 0.844 1.157 1.369 1.531 1.675 1.945 2.102 2.217 2.327 2.455 2.546 2.609 2.682 2.713 2.682 2.629 2.581 2.647 2.647 0.000 
5.250 2.510 -0.009 0.207 0.428 0.604 0.823 1.134 1.346 1.511 1.664 1.944 2.105 2.222 2.333 2.460 2.551 2.612 2.681 2.708 2.672 2.616 2.566 2.627 2.627 0.000 
5.250 3.160 -0.029 0.186 0.406 0.580 0.798 1.108 1.319 1.488 1.650 1.941 2.108 2.226 2.338 2.466 2.555 2.614 2.681 2.703 2.662 2.602 2.549 2.604 2.604 0.000 
5.250 3.980 -0.053 0.160 0.379 0.552 0.769 1.077 1.287 1.460 1.634 1.937 2.109 2.231 2.343 2.471 2.560 2.617 2.681 2.696 2.649 2.585 2.528 2.577 2.577 0.000 
5.250 5.010 -0.080 0.130 0.348 0.519 0.734 1.040 1.249 1.426 1.613 1.930 2.109 2.233 2.346 2.475 2.564 2.618 2.679 2.688 2.634 2.566 2.505 2.544 2.544 0.000 
5.250 6.310 -0.112 0.096 0.311 0.481 0.695 0.998 1.206 1.388 1.588 1.919 2.105 2.232 2.346 2.475 2.564 2.617 2.675 2.677 2.617 2.542 2.477 2.506 2.506 0.000 
5.250 7.940 -0.149 0.056 0.270 0.438 0.649 0.949 1.156 1.343 1.557 1.902 2.094 2.224 2.339 2.469 2.558 2.610 2.665 2.661 2.593 2.514 2.444 2.461 2.461 0.000 
5.250 10.000 -0.190 0.012 0.223 0.389 0.598 0.895 1.100 1.291 1.518 1.876 2.075 2.207 2.322 2.454 2.543 2.593 2.646 2.636 2.563 2.477 2.402 2.406 2.406 0.000 
5.250 12.590 -0.237 -0.039 0.170 0.334 0.541 0.834 1.037 1.232 1.471 1.840 2.044 2.178 2.293 2.424 2.515 2.563 2.614 2.599 2.521 2.430 2.349 2.339 2.339 0.000 
5.250 15.850 -0.289 -0.094 0.112 0.272 0.477 0.766 0.967 1.166 1.414 1.792 1.999 2.133 2.247 2.379 2.469 2.516 2.566 2.546 2.465 2.369 2.283 2.259 2.259 0.000 
5.250 19.950 -0.346 -0.156 0.047 0.205 0.406 0.691 0.890 1.091 1.347 1.729 1.939 2.072 2.184 2.314 2.404 2.449 2.497 2.474 2.390 2.290 2.200 2.163 2.163 0.000 
5.250 25.120 -0.410 -0.224 -0.024 0.131 0.329 0.610 0.806 1.008 1.270 1.653 1.862 1.994 2.102 2.229 2.317 2.360 2.407 2.380 2.296 2.192 2.099 2.050 2.050 0.000 
5.250 31.620 -0.480 -0.299 -0.102 0.050 0.245 0.521 0.715 0.917 1.181 1.562 1.769 1.898 2.003 2.126 2.210 2.250 2.295 2.264 2.180 2.074 1.979 1.921 1.921 0.000 
5.250 39.810 -0.557 -0.381 -0.187 -0.039 0.153 0.424 0.616 0.816 1.081 1.458 1.662 1.786 1.886 2.004 2.084 2.120 2.162 2.127 2.045 1.937 1.841 1.776 1.776 0.000 
5.250 50.120 -0.642 -0.471 -0.280 -0.135 0.053 0.319 0.508 0.707 0.970 1.340 1.539 1.659 1.753 1.866 1.940 1.972 2.011 1.971 1.890 1.781 1.686 1.618 1.618 0.000 
5.250 63.100 -0.736 -0.570 -0.383 -0.242 -0.057 0.204 0.390 0.586 0.847 1.209 1.402 1.518 1.606 1.714 1.782 1.808 1.844 1.800 1.721 1.610 1.517 1.447 1.447 0.000 
5.250 79.430 -0.840 -0.680 -0.497 -0.359 -0.178 0.077 0.261 0.455 0.712 1.064 1.252 1.363 1.446 1.548 1.610 1.631 1.664 1.614 1.537 1.427 1.336 1.267 1.267 0.000 
5.250 100.000 -0.958 -0.803 -0.624 -0.490 -0.312 -0.063 0.118 0.309 0.562 0.903 1.085 1.194 1.271 1.370 1.426 1.443 1.473 1.418 1.343 1.232 1.145 1.077 1.077 0.000 
5.250 125.890 -1.091 -0.943 -0.767 -0.636 -0.462 -0.218 -0.040 0.147 0.395 0.726 0.903 1.009 1.082 1.179 1.231 1.243 1.271 1.212 1.139 1.028 0.945 0.880 0.880 0.000 
5.250 158.490 -1.244 -1.101 -0.929 -0.802 -0.632 -0.394 -0.219 -0.035 0.208 0.528 0.700 0.807 0.878 0.974 1.023 1.032 1.059 0.996 0.927 0.815 0.737 0.675 0.675 0.000 
5.250 199.530 -1.421 -1.284 -1.115 -0.993 -0.826 -0.594 -0.422 -0.242 -0.004 0.305 0.475 0.584 0.654 0.753 0.803 0.810 0.837 0.772 0.706 0.595 0.520 0.463 0.463 0.000 
5.250 251.190 -1.628 -1.497 -1.332 -1.213 -1.051 -0.824 -0.655 -0.479 -0.247 0.053 0.221 0.337 0.409 0.515 0.568 0.574 0.604 0.539 0.478 0.366 0.296 0.243 0.243 0.000 
5.250 316.230 -1.873 -1.747 -1.587 -1.472 -1.313 -1.092 -0.926 -0.754 -0.527 -0.236 -0.068 0.060 0.137 0.254 0.316 0.324 0.359 0.295 0.240 0.128 0.063 0.014 0.014 0.000 
5.250 398.110 -2.164 -2.045 -1.888 -1.777 -1.622 -1.408 -1.244 -1.076 -0.855 -0.572 -0.400 -0.256 -0.169 -0.033 0.043 0.055 0.099 0.040 -0.008 -0.120 -0.180 -0.224 -0.224 0.000 
5.250 501.190 -2.515 -2.401 -2.249 -2.142 -1.991 -1.782 -1.621 -1.457 -1.242 -0.965 -0.785 -0.617 -0.515 -0.353 -0.256 -0.236 -0.178 -0.229 -0.269 -0.381 -0.436 -0.475 -0.475 0.000 
5.250 630.960 -2.941 -2.833 -2.684 -2.581 -2.434 -2.231 -2.073 -1.913 -1.704 -1.430 -1.239 -1.038 -0.914 -0.714 -0.587 -0.555 -0.478 -0.516 -0.544 -0.656 -0.706 -0.740 -0.740 0.000 
5.250 794.330 -3.460 -3.358 -3.213 -3.114 -2.971 -2.774 -2.619 -2.463 -2.260 -1.986 -1.778 -1.531 -1.377 -1.128 -0.959 -0.907 -0.804 -0.823 -0.837 -0.949 -0.994 -1.024 -1.024 0.000 
5.250 1000.000 -4.096 -4.000 -3.859 -3.764 -3.625 -3.434 -3.282 -3.130 -2.933 -2.656 -2.423 -2.117 -1.921 -1.605 -1.380 -1.303 -1.163 -1.157 -1.153 -1.265 -1.305 -1.330 -1.330 0.000 
5.500 1.000 0.237 0.455 0.678 0.855 1.071 1.370 1.575 1.712 1.811 2.027 2.154 2.251 2.350 2.467 2.550 2.613 2.688 2.728 2.712 2.670 2.631 2.715 2.715 0.000 
5.500 1.260 0.229 0.446 0.668 0.845 1.060 1.359 1.563 1.703 1.806 2.026 2.156 2.254 2.353 2.470 2.552 2.613 2.687 2.725 2.706 2.662 2.622 2.705 2.705 0.000 
5.500 1.580 0.218 0.435 0.657 0.832 1.047 1.345 1.549 1.690 1.799 2.026 2.158 2.257 2.357 2.473 2.554 2.614 2.686 2.720 2.699 2.653 2.612 2.691 2.691 0.000 
5.500 2.000 0.206 0.422 0.642 0.817 1.032 1.329 1.532 1.676 1.791 2.025 2.161 2.261 2.361 2.477 2.557 2.615 2.685 2.716 2.691 2.642 2.600 2.676 2.676 0.000 
5.500 2.510 0.191 0.406 0.625 0.800 1.013 1.309 1.511 1.658 1.782 2.024 2.164 2.266 2.366 2.482 2.561 2.617 2.684 2.711 2.681 2.630 2.585 2.657 2.657 0.000 
5.500 3.160 0.173 0.386 0.605 0.778 0.990 1.284 1.486 1.637 1.770 2.022 2.167 2.271 2.372 2.488 2.566 2.620 2.684 2.705 2.671 2.616 2.569 2.636 2.636 0.000 
5.500 3.980 0.152 0.363 0.580 0.752 0.963 1.256 1.456 1.611 1.755 2.020 2.171 2.277 2.378 2.494 2.571 2.623 2.684 2.699 2.659 2.600 2.550 2.610 2.610 0.000 
5.500 5.010 0.127 0.336 0.552 0.722 0.932 1.222 1.422 1.581 1.737 2.015 2.173 2.282 2.383 2.500 2.577 2.626 2.683 2.692 2.645 2.582 2.528 2.581 2.581 0.000 
5.500 6.310 0.097 0.304 0.518 0.687 0.895 1.183 1.382 1.546 1.716 2.008 2.173 2.285 2.387 2.504 2.581 2.628 2.682 2.684 2.629 2.561 2.503 2.547 2.547 0.000 
5.500 7.940 0.064 0.267 0.480 0.647 0.853 1.138 1.335 1.505 1.689 1.996 2.168 2.283 2.387 2.505 2.581 2.626 2.677 2.672 2.610 2.536 2.474 2.506 2.506 0.000 
5.500 10.000 0.025 0.226 0.436 0.601 0.805 1.087 1.283 1.457 1.656 1.978 2.157 2.275 2.379 2.498 2.575 2.618 2.666 2.654 2.586 2.505 2.438 2.458 2.458 0.000 
5.500 12.590 -0.019 0.179 0.387 0.550 0.751 1.030 1.223 1.402 1.615 1.950 2.135 2.256 2.361 2.480 2.558 2.600 2.645 2.628 2.553 2.467 2.394 2.400 2.400 0.000 
5.500 15.850 -0.067 0.126 0.332 0.492 0.691 0.966 1.157 1.340 1.564 1.911 2.101 2.224 2.328 2.448 2.527 2.567 2.611 2.588 2.509 2.417 2.338 2.330 2.330 0.000 
5.500 19.950 -0.122 0.067 0.270 0.428 0.624 0.895 1.084 1.270 1.504 1.859 2.052 2.175 2.279 2.398 2.477 2.516 2.559 2.531 2.449 2.352 2.269 2.246 2.246 0.000 
5.500 25.120 -0.183 0.002 0.202 0.357 0.550 0.817 1.004 1.192 1.433 1.792 1.987 2.109 2.211 2.329 2.407 2.444 2.486 2.454 2.370 2.269 2.182 2.145 2.145 0.000 
5.500 31.620 -0.249 -0.069 0.128 0.279 0.470 0.731 0.916 1.105 1.351 1.710 1.905 2.026 2.124 2.239 2.315 2.350 2.390 2.355 2.271 2.166 2.076 2.029 2.029 0.000 
5.500 39.810 -0.323 -0.148 0.046 0.194 0.381 0.638 0.820 1.009 1.257 1.614 1.807 1.924 2.018 2.130 2.202 2.234 2.273 2.233 2.150 2.043 1.951 1.895 1.895 0.000 
5.500 50.120 -0.405 -0.235 -0.045 0.100 0.284 0.536 0.716 0.903 1.151 1.503 1.692 1.806 1.895 2.003 2.071 2.099 2.135 2.092 2.010 1.901 1.809 1.747 1.747 0.000 
5.500 63.100 -0.496 -0.331 -0.144 -0.003 0.177 0.424 0.601 0.786 1.033 1.378 1.563 1.673 1.756 1.859 1.922 1.946 1.979 1.932 1.851 1.742 1.650 1.585 1.585 0.000 
5.500 79.430 -0.598 -0.438 -0.255 -0.118 0.059 0.300 0.475 0.658 0.902 1.238 1.418 1.524 1.603 1.701 1.759 1.778 1.808 1.756 1.678 1.567 1.478 1.412 1.412 0.000 
5.500 100.000 -0.713 -0.559 -0.379 -0.245 -0.072 0.163 0.336 0.515 0.755 1.082 1.256 1.360 1.434 1.529 1.582 1.596 1.624 1.567 1.491 1.380 1.294 1.228 1.228 0.000 
5.500 125.890 -0.844 -0.695 -0.519 -0.389 -0.220 0.010 0.180 0.356 0.592 0.908 1.078 1.180 1.250 1.343 1.392 1.402 1.428 1.367 1.294 1.183 1.100 1.036 1.036 0.000 
5.500 158.490 -0.994 -0.851 -0.679 -0.552 -0.387 -0.163 0.004 0.177 0.408 0.714 0.879 0.982 1.049 1.142 1.189 1.196 1.221 1.157 1.087 0.975 0.897 0.836 0.836 0.000 
5.500 199.530 -1.168 -1.031 -0.863 -0.740 -0.578 -0.360 -0.196 -0.027 0.199 0.495 0.657 0.763 0.830 0.926 0.973 0.978 1.004 0.938 0.871 0.759 0.685 0.628 0.628 0.000 
5.500 251.190 -1.372 -1.241 -1.077 -0.958 -0.800 -0.587 -0.426 -0.261 -0.041 0.246 0.406 0.518 0.588 0.690 0.741 0.746 0.775 0.708 0.646 0.534 0.464 0.411 0.411 0.000 
5.500 316.230 -1.614 -1.489 -1.328 -1.213 -1.059 -0.853 -0.695 -0.533 -0.318 -0.041 0.121 0.244 0.318 0.433 0.492 0.499 0.533 0.468 0.412 0.300 0.235 0.186 0.186 0.000 
5.500 398.110 -1.904 -1.784 -1.627 -1.516 -1.366 -1.165 -1.010 -0.852 -0.644 -0.373 -0.208 -0.068 0.016 0.149 0.222 0.233 0.276 0.216 0.167 0.055 -0.006 -0.050 -0.050 0.000 
5.500 501.190 -2.252 -2.138 -1.986 -1.878 -1.732 -1.537 -1.385 -1.231 -1.028 -0.764 -0.591 -0.427 -0.328 -0.168 -0.074 -0.055 0.002 -0.050 -0.091 -0.203 -0.258 -0.298 -0.298 0.000 
5.500 630.960 -2.675 -2.567 -2.418 -2.315 -2.173 -1.984 -1.835 -1.684 -1.487 -1.226 -1.042 -0.845 -0.724 -0.527 -0.402 -0.371 -0.295 -0.334 -0.363 -0.475 -0.526 -0.560 -0.560 0.000 
5.500 794.330 -3.191 -3.089 -2.944 -2.845 -2.707 -2.524 -2.378 -2.231 -2.040 -1.780 -1.578 -1.336 -1.184 -0.937 -0.771 -0.720 -0.618 -0.639 -0.653 -0.765 -0.811 -0.841 -0.841 0.000 
5.500 1000.000 -3.825 -3.729 -3.588 -3.493 -3.359 -3.182 -3.038 -2.896 -2.711 -2.447 -2.221 -1.919 -1.726 -1.412 -1.189 -1.113 -0.975 -0.970 -0.967 -1.079 -1.119 -1.144 -1.144 0.000 
5.750 1.000 0.428 0.644 0.865 1.041 1.251 1.535 1.730 1.851 1.924 2.105 2.213 2.297 2.385 2.491 2.564 2.622 2.694 2.733 2.723 2.683 2.650 2.743 2.743 0.000 
5.750 1.260 0.421 0.636 0.857 1.032 1.241 1.525 1.720 1.843 1.919 2.105 2.215 2.299 2.387 2.493 2.565 2.622 2.693 2.729 2.716 2.676 2.642 2.732 2.732 0.000 
5.750 1.580 0.412 0.626 0.846 1.021 1.230 1.513 1.707 1.832 1.913 2.104 2.217 2.302 2.390 2.496 2.567 2.622 2.691 2.725 2.709 2.667 2.632 2.720 2.720 0.000 
5.750 2.000 0.401 0.614 0.834 1.007 1.216 1.498 1.691 1.818 1.906 2.104 2.219 2.305 2.394 2.499 2.569 2.622 2.689 2.720 2.701 2.656 2.620 2.705 2.705 0.000 
5.750 2.510 0.387 0.600 0.818 0.991 1.199 1.479 1.672 1.802 1.897 2.103 2.222 2.310 2.399 2.503 2.572 2.623 2.688 2.714 2.691 2.644 2.606 2.688 2.688 0.000 
5.750 3.160 0.371 0.582 0.800 0.971 1.178 1.457 1.650 1.783 1.887 2.102 2.226 2.315 2.404 2.509 2.576 2.625 2.687 2.708 2.680 2.630 2.590 2.668 2.668 0.000 
5.750 3.980 0.352 0.561 0.777 0.948 1.154 1.431 1.623 1.760 1.874 2.100 2.230 2.321 2.411 2.515 2.581 2.628 2.686 2.702 2.668 2.615 2.572 2.644 2.644 0.000 
5.750 5.010 0.329 0.536 0.751 0.921 1.125 1.401 1.591 1.732 1.859 2.098 2.233 2.327 2.417 2.522 2.587 2.632 2.686 2.695 2.655 2.597 2.551 2.616 2.616 0.000 
5.750 6.310 0.302 0.507 0.721 0.889 1.091 1.365 1.554 1.700 1.840 2.093 2.236 2.333 2.424 2.529 2.593 2.635 2.686 2.688 2.641 2.578 2.528 2.585 2.585 0.000 
5.750 7.940 0.271 0.473 0.685 0.851 1.052 1.323 1.511 1.662 1.816 2.085 2.236 2.336 2.428 2.533 2.597 2.637 2.684 2.679 2.624 2.555 2.501 2.548 2.548 0.000 
5.750 10.000 0.235 0.435 0.644 0.809 1.008 1.275 1.462 1.619 1.788 2.073 2.231 2.334 2.427 2.534 2.598 2.635 2.679 2.666 2.604 2.529 2.470 2.505 2.505 0.000 
5.750 12.590 0.195 0.391 0.598 0.760 0.957 1.221 1.406 1.568 1.752 2.052 2.218 2.325 2.418 2.526 2.591 2.626 2.667 2.647 2.578 2.497 2.432 2.455 2.455 0.000 
5.750 15.850 0.149 0.341 0.546 0.706 0.900 1.161 1.344 1.511 1.709 2.022 2.194 2.304 2.398 2.506 2.572 2.606 2.645 2.619 2.543 2.456 2.386 2.394 2.394 0.000 
5.750 19.950 0.097 0.286 0.488 0.645 0.837 1.093 1.274 1.445 1.655 1.980 2.157 2.268 2.362 2.471 2.538 2.570 2.607 2.576 2.496 2.403 2.327 2.320 2.320 0.000 
5.750 25.120 0.040 0.224 0.423 0.578 0.766 1.019 1.198 1.372 1.591 1.923 2.104 2.215 2.309 2.417 2.484 2.515 2.551 2.515 2.432 2.334 2.254 2.232 2.232 0.000 
5.750 31.620 -0.024 0.156 0.352 0.503 0.689 0.937 1.113 1.289 1.515 1.852 2.033 2.144 2.235 2.343 2.409 2.438 2.473 2.433 2.349 2.247 2.162 2.128 2.128 0.000 
5.750 39.810 -0.095 0.080 0.273 0.421 0.604 0.847 1.021 1.197 1.428 1.764 1.945 2.055 2.143 2.247 2.312 2.339 2.372 2.329 2.245 2.140 2.052 2.007 2.007 0.000 
5.750 50.120 -0.174 -0.004 0.186 0.330 0.510 0.748 0.920 1.095 1.328 1.661 1.840 1.947 2.031 2.132 2.194 2.218 2.250 2.203 2.120 2.012 1.924 1.870 1.870 0.000 
5.750 63.100 -0.262 -0.097 0.089 0.230 0.406 0.639 0.808 0.982 1.215 1.543 1.718 1.822 1.901 1.999 2.057 2.077 2.107 2.056 1.975 1.866 1.777 1.718 1.718 0.000 
5.750 79.430 -0.361 -0.202 -0.019 0.119 0.291 0.519 0.685 0.857 1.088 1.409 1.580 1.681 1.755 1.850 1.902 1.919 1.947 1.892 1.813 1.702 1.615 1.553 1.553 0.000 
5.750 100.000 -0.473 -0.319 -0.140 -0.006 0.163 0.385 0.549 0.718 0.946 1.258 1.424 1.523 1.593 1.684 1.733 1.745 1.771 1.712 1.635 1.524 1.439 1.376 1.376 0.000 
5.750 125.890 -0.601 -0.453 -0.277 -0.147 0.018 0.235 0.396 0.562 0.786 1.088 1.250 1.348 1.415 1.504 1.549 1.558 1.582 1.520 1.445 1.334 1.252 1.190 1.190 0.000 
5.750 158.490 -0.749 -0.606 -0.434 -0.308 -0.146 0.065 0.223 0.386 0.605 0.898 1.056 1.154 1.219 1.308 1.352 1.358 1.381 1.316 1.244 1.133 1.054 0.995 0.995 0.000 
5.750 199.530 -0.920 -0.783 -0.615 -0.493 -0.335 -0.130 0.026 0.185 0.399 0.682 0.837 0.939 1.003 1.096 1.140 1.144 1.168 1.101 1.034 0.922 0.847 0.791 0.791 0.000 
5.750 251.190 -1.122 -0.991 -0.827 -0.708 -0.554 -0.355 -0.202 -0.046 0.162 0.436 0.590 0.698 0.764 0.865 0.913 0.916 0.943 0.876 0.813 0.701 0.631 0.578 0.578 0.000 
5.750 316.230 -1.362 -1.236 -1.076 -0.961 -0.811 -0.617 -0.468 -0.316 -0.112 0.153 0.308 0.427 0.499 0.611 0.667 0.672 0.705 0.640 0.582 0.470 0.405 0.356 0.356 0.000 
5.750 398.110 -1.648 -1.528 -1.372 -1.261 -1.115 -0.927 -0.781 -0.632 -0.435 -0.177 -0.018 0.117 0.199 0.330 0.400 0.410 0.452 0.391 0.341 0.229 0.168 0.124 0.124 0.000 
5.750 501.190 -1.994 -1.880 -1.728 -1.620 -1.479 -1.297 -1.153 -1.008 -0.817 -0.565 -0.399 -0.239 -0.142 0.015 0.107 0.125 0.181 0.128 0.087 -0.026 -0.081 -0.121 -0.121 0.000 
5.750 630.960 -2.414 -2.306 -2.158 -2.054 -1.917 -1.740 -1.600 -1.459 -1.273 -1.025 -0.847 -0.654 -0.535 -0.341 -0.218 -0.188 -0.113 -0.153 -0.183 -0.295 -0.346 -0.381 -0.381 0.000 
5.750 794.330 -2.928 -2.826 -2.681 -2.582 -2.448 -2.278 -2.140 -2.004 -1.824 -1.576 -1.380 -1.142 -0.992 -0.748 -0.584 -0.535 -0.433 -0.455 -0.470 -0.583 -0.629 -0.659 -0.659 0.000 
5.750 1000.000 -3.560 -3.463 -3.323 -3.227 -3.098 -2.933 -2.798 -2.666 -2.492 -2.241 -2.021 -1.723 -1.531 -1.221 -1.000 -0.925 -0.787 -0.783 -0.781 -0.893 -0.934 -0.959 -0.959 0.000 
6.000 1.000 0.616 0.830 1.049 1.223 1.427 1.697 1.883 1.989 2.036 2.184 2.273 2.343 2.421 2.516 2.580 2.632 2.702 2.740 2.735 2.699 2.671 2.771 2.771 0.000 
6.000 1.260 0.609 0.823 1.041 1.215 1.419 1.688 1.874 1.981 2.032 2.183 2.274 2.345 2.423 2.517 2.580 2.632 2.700 2.736 2.729 2.691 2.663 2.761 2.761 0.000 
6.000 1.580 0.601 0.814 1.032 1.205 1.409 1.677 1.862 1.971 2.026 2.182 2.275 2.347 2.425 2.519 2.581 2.631 2.698 2.731 2.721 2.682 2.653 2.750 2.750 0.000 
6.000 2.000 0.591 0.803 1.021 1.193 1.396 1.663 1.848 1.959 2.020 2.182 2.277 2.350 2.428 2.522 2.582 2.631 2.695 2.725 2.713 2.672 2.642 2.736 2.736 0.000 
6.000 2.510 0.579 0.790 1.007 1.178 1.381 1.647 1.831 1.944 2.012 2.181 2.280 2.353 2.431 2.525 2.584 2.631 2.693 2.719 2.703 2.660 2.628 2.719 2.719 0.000 
6.000 3.160 0.565 0.774 0.990 1.161 1.362 1.627 1.811 1.927 2.002 2.180 2.283 2.358 2.436 2.529 2.587 2.632 2.691 2.712 2.692 2.646 2.612 2.700 2.700 0.000 
6.000 3.980 0.547 0.755 0.970 1.140 1.340 1.603 1.786 1.906 1.991 2.179 2.287 2.364 2.442 2.535 2.591 2.634 2.689 2.705 2.679 2.630 2.595 2.678 2.678 0.000 
6.000 5.010 0.527 0.732 0.946 1.114 1.313 1.575 1.757 1.881 1.977 2.177 2.291 2.370 2.449 2.542 2.596 2.636 2.689 2.698 2.666 2.613 2.575 2.652 2.652 0.000 
6.000 6.310 0.502 0.706 0.918 1.085 1.282 1.542 1.723 1.851 1.960 2.174 2.295 2.377 2.457 2.550 2.603 2.640 2.688 2.691 2.652 2.594 2.552 2.622 2.622 0.000 
6.000 7.940 0.473 0.675 0.885 1.051 1.246 1.503 1.683 1.817 1.940 2.170 2.298 2.383 2.464 2.557 2.609 2.643 2.688 2.683 2.636 2.573 2.527 2.588 2.588 0.000 
6.000 10.000 0.440 0.639 0.847 1.011 1.205 1.459 1.637 1.777 1.915 2.162 2.298 2.387 2.468 2.562 2.614 2.646 2.686 2.673 2.618 2.549 2.499 2.549 2.549 0.000 
6.000 12.590 0.403 0.598 0.804 0.966 1.158 1.409 1.585 1.730 1.885 2.148 2.292 2.384 2.467 2.562 2.614 2.644 2.680 2.660 2.597 2.522 2.466 2.504 2.504 0.000 
6.000 15.850 0.360 0.551 0.755 0.914 1.104 1.352 1.526 1.677 1.847 2.126 2.278 2.373 2.457 2.553 2.606 2.634 2.667 2.640 2.569 2.488 2.426 2.451 2.451 0.000 
6.000 19.950 0.311 0.499 0.701 0.857 1.044 1.288 1.460 1.616 1.800 2.093 2.252 2.350 2.434 2.532 2.585 2.611 2.643 2.609 2.533 2.445 2.377 2.387 2.387 0.000 
6.000 25.120 0.257 0.440 0.639 0.793 0.977 1.217 1.387 1.547 1.743 2.046 2.210 2.311 2.395 2.493 2.548 2.572 2.603 2.563 2.482 2.389 2.316 2.310 2.310 0.000 
6.000 31.620 0.196 0.375 0.571 0.722 0.903 1.138 1.307 1.469 1.674 1.985 2.152 2.253 2.336 2.434 2.490 2.513 2.542 2.499 2.415 2.316 2.238 2.219 2.219 0.000 
6.000 39.810 0.128 0.302 0.495 0.643 0.821 1.051 1.218 1.381 1.593 1.907 2.076 2.177 2.258 2.354 2.409 2.431 2.459 2.412 2.328 2.225 2.143 2.110 2.110 0.000 
6.000 50.120 0.052 0.221 0.411 0.555 0.730 0.956 1.119 1.283 1.499 1.813 1.981 2.081 2.159 2.253 2.307 2.326 2.354 2.303 2.219 2.113 2.029 1.985 1.985 0.000 
6.000 63.100 -0.034 0.131 0.317 0.458 0.630 0.850 1.011 1.174 1.392 1.703 1.868 1.966 2.040 2.132 2.183 2.200 2.226 2.172 2.089 1.981 1.896 1.844 1.844 0.000 
6.000 79.430 -0.130 0.029 0.212 0.350 0.518 0.733 0.891 1.053 1.270 1.575 1.737 1.833 1.903 1.993 2.040 2.053 2.078 2.021 1.940 1.830 1.745 1.689 1.689 0.000 
6.000 100.000 -0.239 -0.085 0.094 0.228 0.392 0.602 0.758 0.917 1.132 1.430 1.588 1.682 1.748 1.836 1.880 1.890 1.913 1.852 1.774 1.663 1.579 1.521 1.521 0.000 
6.000 125.890 -0.364 -0.216 -0.040 0.090 0.250 0.455 0.608 0.764 0.976 1.265 1.420 1.512 1.576 1.662 1.704 1.710 1.732 1.668 1.593 1.481 1.400 1.341 1.341 0.000 
6.000 158.490 -0.509 -0.366 -0.195 -0.068 0.089 0.287 0.438 0.591 0.799 1.079 1.230 1.324 1.385 1.472 1.512 1.516 1.538 1.471 1.399 1.287 1.209 1.151 1.151 0.000 
6.000 199.530 -0.678 -0.541 -0.373 -0.250 -0.097 0.096 0.243 0.393 0.596 0.867 1.015 1.113 1.174 1.264 1.306 1.308 1.331 1.262 1.194 1.082 1.008 0.952 0.952 0.000 
6.000 251.190 -0.877 -0.746 -0.582 -0.463 -0.314 -0.126 0.018 0.165 0.363 0.624 0.772 0.876 0.939 1.037 1.083 1.085 1.111 1.042 0.978 0.866 0.796 0.744 0.744 0.000 
6.000 316.230 -1.114 -0.988 -0.828 -0.713 -0.568 -0.386 -0.245 -0.102 0.091 0.344 0.492 0.608 0.677 0.787 0.841 0.845 0.876 0.810 0.752 0.639 0.574 0.525 0.525 0.000 
6.000 398.110 -1.398 -1.278 -1.122 -1.011 -0.869 -0.694 -0.555 -0.416 -0.229 0.017 0.169 0.301 0.381 0.509 0.577 0.586 0.627 0.565 0.514 0.401 0.340 0.296 0.296 0.000 
6.000 501.190 -1.741 -1.627 -1.475 -1.368 -1.230 -1.060 -0.924 -0.789 -0.608 -0.368 -0.208 -0.052 0.043 0.198 0.287 0.304 0.359 0.305 0.263 0.150 0.094 0.055 0.055 0.000 
6.000 630.960 -2.159 -2.051 -1.902 -1.799 -1.665 -1.502 -1.369 -1.237 -1.062 -0.825 -0.654 -0.464 -0.347 -0.155 -0.035 -0.006 0.068 0.027 -0.003 -0.116 -0.167 -0.202 -0.202 0.000 
6.000 794.330 -2.670 -2.568 -2.424 -2.324 -2.194 -2.037 -1.907 -1.779 -1.610 -1.373 -1.184 -0.950 -0.802 -0.560 -0.398 -0.350 -0.249 -0.272 -0.288 -0.401 -0.447 -0.477 -0.477 0.000 
6.000 1000.000 -3.299 -3.203 -3.062 -2.967 -2.841 -2.689 -2.562 -2.439 -2.275 -2.036 -1.822 -1.528 -1.339 -1.030 -0.811 -0.737 -0.601 -0.598 -0.596 -0.709 -0.750 -0.775 -0.775 0.000 
6.250 1.000 0.800 1.012 1.229 1.401 1.601 1.856 2.034 2.124 2.147 2.262 2.333 2.390 2.458 2.543 2.597 2.645 2.712 2.749 2.749 2.716 2.694 2.801 2.801 0.000 
6.250 1.260 0.794 1.005 1.223 1.394 1.593 1.848 2.025 2.117 2.143 2.261 2.334 2.391 2.459 2.543 2.597 2.644 2.710 2.745 2.743 2.709 2.686 2.792 2.792 0.000 
6.250 1.580 0.787 0.997 1.214 1.386 1.584 1.838 2.015 2.108 2.138 2.260 2.335 2.393 2.460 2.544 2.596 2.642 2.707 2.739 2.735 2.700 2.676 2.781 2.781 0.000 
6.250 2.000 0.778 0.988 1.204 1.375 1.572 1.826 2.003 2.097 2.132 2.259 2.336 2.395 2.462 2.546 2.597 2.641 2.703 2.733 2.726 2.690 2.665 2.768 2.768 0.000 
6.250 2.510 0.768 0.976 1.191 1.362 1.559 1.811 1.987 2.084 2.125 2.258 2.338 2.397 2.465 2.548 2.597 2.640 2.700 2.726 2.716 2.678 2.652 2.752 2.752 0.000 
6.250 3.160 0.754 0.962 1.176 1.346 1.542 1.793 1.969 2.068 2.116 2.257 2.340 2.401 2.469 2.551 2.599 2.640 2.697 2.719 2.705 2.664 2.636 2.734 2.734 0.000 
6.250 3.980 0.739 0.944 1.158 1.326 1.522 1.772 1.946 2.049 2.105 2.256 2.344 2.406 2.474 2.556 2.602 2.640 2.694 2.711 2.692 2.648 2.619 2.712 2.712 0.000 
6.250 5.010 0.720 0.924 1.136 1.304 1.498 1.746 1.920 2.026 2.093 2.255 2.348 2.412 2.480 2.562 2.606 2.642 2.692 2.703 2.678 2.631 2.599 2.687 2.687 0.000 
6.250 6.310 0.697 0.899 1.111 1.277 1.469 1.716 1.888 1.999 2.078 2.253 2.352 2.419 2.488 2.569 2.612 2.644 2.691 2.694 2.663 2.612 2.577 2.659 2.659 0.000 
6.250 7.940 0.671 0.871 1.081 1.245 1.436 1.680 1.851 1.968 2.060 2.250 2.357 2.427 2.496 2.577 2.618 2.648 2.690 2.686 2.648 2.591 2.553 2.627 2.627 0.000 
6.250 10.000 0.641 0.838 1.046 1.208 1.397 1.639 1.809 1.931 2.039 2.245 2.360 2.433 2.503 2.585 2.625 2.652 2.689 2.678 2.631 2.568 2.526 2.591 2.591 0.000 
6.250 12.590 0.606 0.799 1.005 1.166 1.353 1.592 1.760 1.888 2.012 2.236 2.359 2.436 2.508 2.590 2.630 2.654 2.688 2.667 2.612 2.543 2.496 2.550 2.550 0.000 
6.250 15.850 0.565 0.756 0.960 1.118 1.303 1.538 1.705 1.839 1.979 2.221 2.353 2.434 2.506 2.590 2.630 2.652 2.681 2.653 2.590 2.514 2.461 2.503 2.503 0.000 
6.250 19.950 0.520 0.707 0.908 1.064 1.246 1.477 1.643 1.782 1.939 2.197 2.336 2.421 2.495 2.580 2.621 2.641 2.667 2.632 2.561 2.478 2.420 2.447 2.447 0.000 
6.250 25.120 0.468 0.651 0.850 1.003 1.183 1.410 1.573 1.717 1.888 2.160 2.307 2.394 2.469 2.556 2.598 2.616 2.641 2.599 2.522 2.433 2.368 2.380 2.380 0.000 
6.250 31.620 0.410 0.589 0.785 0.935 1.112 1.335 1.496 1.644 1.827 2.109 2.261 2.351 2.425 2.513 2.557 2.574 2.597 2.550 2.469 2.374 2.304 2.300 2.300 0.000 
6.250 39.810 0.345 0.519 0.712 0.859 1.033 1.251 1.410 1.561 1.753 2.042 2.197 2.288 2.362 2.449 2.494 2.510 2.533 2.481 2.398 2.298 2.223 2.205 2.205 0.000 
6.250 50.120 0.272 0.441 0.631 0.775 0.945 1.159 1.315 1.467 1.666 1.958 2.114 2.205 2.277 2.364 2.408 2.423 2.445 2.390 2.306 2.202 2.124 2.093 2.093 0.000 
6.250 63.100 0.190 0.354 0.540 0.680 0.848 1.057 1.210 1.362 1.564 1.856 2.012 2.102 2.171 2.257 2.300 2.312 2.334 2.276 2.193 2.086 2.005 1.964 1.964 0.000 
6.250 79.430 0.096 0.255 0.438 0.575 0.739 0.942 1.093 1.245 1.448 1.736 1.890 1.979 2.045 2.129 2.170 2.180 2.201 2.140 2.058 1.950 1.868 1.819 1.819 0.000 
6.250 100.000 -0.010 0.143 0.322 0.456 0.616 0.814 0.963 1.113 1.315 1.597 1.748 1.836 1.899 1.981 2.021 2.028 2.048 1.984 1.905 1.795 1.713 1.660 1.660 0.000 
6.250 125.890 -0.133 0.015 0.191 0.321 0.478 0.670 0.816 0.963 1.163 1.438 1.586 1.673 1.734 1.816 1.853 1.858 1.877 1.811 1.734 1.623 1.544 1.488 1.488 0.000 
6.250 158.490 -0.275 -0.132 0.039 0.166 0.319 0.506 0.649 0.793 0.990 1.256 1.401 1.490 1.549 1.632 1.669 1.671 1.691 1.622 1.549 1.437 1.360 1.305 1.305 0.000 
6.250 199.530 -0.441 -0.304 -0.136 -0.014 0.136 0.317 0.457 0.598 0.791 1.049 1.191 1.284 1.343 1.430 1.468 1.469 1.490 1.420 1.351 1.239 1.165 1.111 1.111 0.000 
6.250 251.190 -0.638 -0.506 -0.342 -0.224 -0.078 0.098 0.235 0.373 0.560 0.809 0.951 1.051 1.112 1.207 1.250 1.251 1.275 1.205 1.141 1.028 0.959 0.907 0.907 0.000 
6.250 316.230 -0.872 -0.746 -0.586 -0.471 -0.330 -0.160 -0.025 0.109 0.291 0.532 0.675 0.787 0.854 0.961 1.013 1.015 1.046 0.978 0.919 0.806 0.741 0.693 0.693 0.000 
6.250 398.110 -1.153 -1.034 -0.877 -0.766 -0.628 -0.464 -0.333 -0.202 -0.026 0.209 0.355 0.484 0.561 0.687 0.753 0.760 0.800 0.737 0.685 0.572 0.511 0.468 0.468 0.000 
6.250 501.190 -1.494 -1.380 -1.228 -1.121 -0.987 -0.828 -0.700 -0.573 -0.402 -0.173 -0.019 0.134 0.226 0.378 0.466 0.481 0.535 0.480 0.438 0.325 0.269 0.229 0.229 0.000 
6.250 630.960 -1.909 -1.801 -1.653 -1.549 -1.419 -1.267 -1.142 -1.019 -0.853 -0.628 -0.462 -0.276 -0.161 0.028 0.146 0.175 0.248 0.206 0.175 0.062 0.010 -0.025 -0.025 0.000 
6.250 794.330 -2.418 -2.316 -2.171 -2.072 -1.946 -1.799 -1.677 -1.558 -1.398 -1.173 -0.990 -0.759 -0.613 -0.374 -0.214 -0.167 -0.067 -0.090 -0.107 -0.220 -0.267 -0.297 -0.297 0.000 
6.250 1000.000 -3.044 -2.948 -2.807 -2.712 -2.590 -2.450 -2.330 -2.215 -2.061 -1.833 -1.625 -1.334 -1.147 -0.841 -0.624 -0.551 -0.415 -0.413 -0.412 -0.525 -0.567 -0.592 -0.592 0.000 
6.500 1.000 0.981 1.190 1.406 1.577 1.770 2.013 2.183 2.259 2.258 2.341 2.394 2.438 2.496 2.571 2.616 2.660 2.725 2.761 2.766 2.736 2.719 2.833 2.833 0.000 
6.500 1.260 0.976 1.184 1.400 1.570 1.764 2.006 2.175 2.252 2.254 2.340 2.394 2.439 2.497 2.571 2.615 2.658 2.722 2.756 2.759 2.729 2.711 2.825 2.825 0.000 
6.500 1.580 0.969 1.177 1.393 1.562 1.756 1.997 2.166 2.244 2.249 2.339 2.395 2.440 2.497 2.571 2.614 2.656 2.718 2.750 2.752 2.720 2.702 2.814 2.814 0.000 
6.500 2.000 0.961 1.169 1.383 1.553 1.745 1.986 2.155 2.234 2.244 2.338 2.395 2.441 2.499 2.572 2.614 2.654 2.714 2.744 2.743 2.710 2.691 2.801 2.801 0.000 
6.500 2.510 0.952 1.158 1.372 1.541 1.733 1.973 2.141 2.222 2.237 2.336 2.396 2.443 2.500 2.573 2.613 2.652 2.710 2.736 2.732 2.698 2.678 2.786 2.786 0.000 
6.500 3.160 0.940 1.145 1.359 1.526 1.718 1.956 2.124 2.208 2.229 2.335 2.398 2.445 2.503 2.574 2.613 2.650 2.705 2.728 2.721 2.684 2.662 2.769 2.769 0.000 
6.500 3.980 0.926 1.130 1.342 1.509 1.699 1.937 2.104 2.190 2.219 2.333 2.400 2.449 2.506 2.577 2.614 2.649 2.701 2.719 2.707 2.668 2.645 2.748 2.748 0.000 
6.500 5.010 0.909 1.111 1.322 1.488 1.678 1.913 2.079 2.169 2.207 2.332 2.404 2.454 2.511 2.582 2.617 2.649 2.697 2.709 2.693 2.650 2.625 2.724 2.724 0.000 
6.500 6.310 0.888 1.089 1.299 1.464 1.652 1.885 2.050 2.145 2.194 2.330 2.408 2.460 2.518 2.588 2.621 2.650 2.694 2.700 2.677 2.630 2.603 2.697 2.697 0.000 
6.500 7.940 0.864 1.062 1.271 1.434 1.621 1.853 2.017 2.116 2.178 2.328 2.413 2.468 2.526 2.596 2.627 2.652 2.692 2.690 2.661 2.609 2.579 2.666 2.666 0.000 
6.500 10.000 0.836 1.032 1.239 1.400 1.585 1.814 1.977 2.082 2.158 2.325 2.417 2.476 2.535 2.604 2.634 2.656 2.692 2.681 2.644 2.587 2.553 2.632 2.632 0.000 
6.500 12.590 0.804 0.996 1.201 1.361 1.544 1.770 1.932 2.042 2.135 2.320 2.420 2.482 2.542 2.613 2.641 2.660 2.691 2.672 2.626 2.563 2.524 2.594 2.594 0.000 
6.500 15.850 0.766 0.956 1.159 1.316 1.497 1.720 1.880 1.996 2.107 2.309 2.419 2.486 2.547 2.618 2.646 2.662 2.689 2.661 2.606 2.536 2.493 2.551 2.551 0.000 
6.500 19.950 0.723 0.909 1.110 1.265 1.443 1.663 1.821 1.944 2.071 2.292 2.411 2.482 2.544 2.617 2.646 2.659 2.682 2.646 2.582 2.506 2.456 2.501 2.501 0.000 
6.500 25.120 0.675 0.857 1.055 1.207 1.383 1.599 1.755 1.883 2.027 2.265 2.392 2.467 2.531 2.605 2.635 2.647 2.667 2.623 2.552 2.468 2.413 2.443 2.443 0.000 
6.500 31.620 0.620 0.798 0.993 1.143 1.316 1.527 1.681 1.814 1.973 2.225 2.359 2.437 2.502 2.578 2.609 2.620 2.638 2.588 2.510 2.421 2.359 2.373 2.373 0.000 
6.500 39.810 0.558 0.731 0.923 1.070 1.240 1.447 1.599 1.736 1.906 2.169 2.308 2.389 2.454 2.531 2.564 2.574 2.591 2.536 2.454 2.359 2.292 2.290 2.290 0.000 
6.500 50.120 0.487 0.656 0.845 0.989 1.156 1.358 1.507 1.647 1.826 2.095 2.238 2.320 2.384 2.462 2.497 2.505 2.522 2.463 2.380 2.279 2.207 2.191 2.191 0.000 
6.500 63.100 0.408 0.571 0.757 0.898 1.061 1.259 1.405 1.546 1.732 2.003 2.147 2.230 2.292 2.371 2.405 2.413 2.430 2.368 2.284 2.179 2.104 2.075 2.075 0.000 
6.500 79.430 0.317 0.476 0.658 0.795 0.955 1.148 1.292 1.433 1.621 1.892 2.035 2.118 2.178 2.256 2.291 2.296 2.313 2.249 2.166 2.059 1.981 1.943 1.943 0.000 
6.500 100.000 0.213 0.367 0.546 0.679 0.836 1.023 1.164 1.304 1.493 1.760 1.902 1.985 2.043 2.121 2.154 2.158 2.175 2.108 2.027 1.918 1.840 1.794 1.794 0.000 
6.500 125.890 0.094 0.242 0.417 0.547 0.700 0.881 1.020 1.158 1.346 1.607 1.747 1.830 1.887 1.965 1.997 1.999 2.016 1.947 1.869 1.759 1.681 1.631 1.631 0.000 
6.500 158.490 -0.046 0.097 0.268 0.394 0.544 0.720 0.856 0.992 1.177 1.431 1.569 1.653 1.709 1.789 1.822 1.822 1.839 1.768 1.694 1.583 1.507 1.455 1.455 0.000 
6.500 199.530 -0.209 -0.073 0.095 0.218 0.363 0.534 0.667 0.800 0.981 1.227 1.363 1.452 1.508 1.593 1.628 1.627 1.646 1.574 1.504 1.392 1.319 1.268 1.268 0.000 
6.500 251.190 -0.403 -0.272 -0.108 0.010 0.152 0.317 0.447 0.577 0.754 0.992 1.128 1.224 1.283 1.375 1.415 1.414 1.437 1.366 1.301 1.188 1.119 1.069 1.069 0.000 
6.500 316.230 -0.635 -0.510 -0.349 -0.235 -0.096 0.063 0.190 0.316 0.489 0.719 0.856 0.964 1.028 1.133 1.182 1.184 1.213 1.144 1.084 0.972 0.906 0.859 0.859 0.000 
6.500 398.110 -0.914 -0.794 -0.638 -0.527 -0.393 -0.239 -0.115 0.008 0.175 0.398 0.539 0.664 0.739 0.862 0.926 0.932 0.971 0.907 0.855 0.742 0.681 0.638 0.638 0.000 
6.500 501.190 -1.252 -1.138 -0.986 -0.879 -0.748 -0.601 -0.479 -0.361 -0.199 0.019 0.168 0.317 0.407 0.558 0.643 0.658 0.710 0.655 0.611 0.498 0.442 0.403 0.403 0.000 
6.500 630.960 -1.664 -1.556 -1.408 -1.305 -1.178 -1.037 -0.918 -0.803 -0.647 -0.432 -0.272 -0.089 0.023 0.211 0.327 0.354 0.426 0.384 0.352 0.239 0.187 0.152 0.152 0.000 
6.500 794.330 -2.170 -2.069 -1.924 -1.825 -1.702 -1.567 -1.451 -1.340 -1.190 -0.975 -0.797 -0.569 -0.426 -0.188 -0.030 0.016 0.115 0.091 0.073 -0.040 -0.087 -0.117 -0.117 0.000 
6.500 1000.000 -2.794 -2.698 -2.558 -2.463 -2.344 -2.214 -2.102 -1.995 -1.850 -1.632 -1.429 -1.142 -0.957 -0.652 -0.438 -0.366 -0.231 -0.229 -0.229 -0.342 -0.384 -0.410 -0.410 0.000 
6.750 1.000 1.158 1.365 1.579 1.748 1.937 2.167 2.329 2.391 2.368 2.421 2.457 2.488 2.537 2.602 2.638 2.678 2.740 2.775 2.785 2.758 2.746 2.867 2.867 0.000 
6.750 1.260 1.154 1.360 1.574 1.742 1.931 2.161 2.322 2.386 2.364 2.420 2.456 2.488 2.537 2.601 2.637 2.675 2.736 2.770 2.778 2.751 2.738 2.859 2.859 0.000 
6.750 1.580 1.148 1.353 1.567 1.735 1.924 2.153 2.314 2.378 2.360 2.418 2.456 2.488 2.537 2.600 2.635 2.673 2.732 2.764 2.771 2.743 2.729 2.849 2.849 0.000 
6.750 2.000 1.141 1.346 1.559 1.727 1.915 2.143 2.304 2.369 2.355 2.416 2.456 2.489 2.537 2.600 2.633 2.670 2.728 2.757 2.762 2.732 2.719 2.837 2.837 0.000 
6.750 2.510 1.132 1.336 1.549 1.716 1.903 2.131 2.292 2.359 2.348 2.415 2.456 2.490 2.537 2.600 2.632 2.667 2.723 2.749 2.751 2.720 2.706 2.823 2.823 0.000 
6.750 3.160 1.122 1.325 1.537 1.703 1.890 2.116 2.276 2.345 2.340 2.413 2.457 2.491 2.539 2.600 2.630 2.663 2.717 2.740 2.739 2.706 2.691 2.805 2.805 0.000 
6.750 3.980 1.109 1.311 1.522 1.687 1.873 2.099 2.258 2.329 2.331 2.411 2.458 2.493 2.541 2.601 2.630 2.660 2.711 2.729 2.725 2.690 2.673 2.785 2.785 0.000 
6.750 5.010 1.093 1.294 1.504 1.669 1.853 2.077 2.236 2.310 2.320 2.409 2.460 2.497 2.544 2.604 2.630 2.658 2.706 2.719 2.710 2.672 2.653 2.762 2.762 0.000 
6.750 6.310 1.075 1.273 1.482 1.646 1.830 2.052 2.209 2.287 2.308 2.407 2.463 2.502 2.549 2.608 2.632 2.657 2.701 2.707 2.693 2.652 2.631 2.736 2.736 0.000 
6.750 7.940 1.053 1.249 1.457 1.619 1.801 2.021 2.178 2.261 2.293 2.405 2.468 2.508 2.555 2.614 2.636 2.657 2.697 2.696 2.675 2.630 2.607 2.706 2.706 0.000 
6.750 10.000 1.027 1.221 1.427 1.588 1.768 1.986 2.142 2.229 2.275 2.402 2.472 2.516 2.564 2.622 2.641 2.660 2.694 2.686 2.657 2.607 2.581 2.673 2.673 0.000 
6.750 12.590 0.997 1.188 1.393 1.551 1.730 1.945 2.099 2.193 2.254 2.399 2.477 2.524 2.573 2.631 2.649 2.663 2.693 2.676 2.639 2.583 2.553 2.637 2.637 0.000 
6.750 15.850 0.962 1.150 1.353 1.509 1.686 1.898 2.051 2.150 2.229 2.392 2.480 2.531 2.581 2.640 2.656 2.668 2.692 2.666 2.620 2.557 2.523 2.596 2.596 0.000 
6.750 19.950 0.922 1.107 1.307 1.461 1.636 1.844 1.995 2.101 2.199 2.381 2.478 2.533 2.585 2.645 2.661 2.670 2.690 2.654 2.599 2.529 2.489 2.551 2.551 0.000 
6.750 25.120 0.876 1.057 1.255 1.407 1.579 1.783 1.932 2.045 2.160 2.361 2.468 2.528 2.581 2.643 2.660 2.666 2.682 2.638 2.574 2.497 2.451 2.499 2.499 0.000 
6.750 31.620 0.824 1.001 1.196 1.345 1.514 1.715 1.862 1.981 2.112 2.331 2.446 2.511 2.565 2.630 2.648 2.652 2.666 2.614 2.542 2.458 2.406 2.438 2.438 0.000 
6.750 39.810 0.765 0.937 1.129 1.276 1.442 1.638 1.783 1.907 2.053 2.285 2.408 2.477 2.532 2.599 2.619 2.622 2.635 2.577 2.499 2.408 2.350 2.366 2.366 0.000 
6.750 50.120 0.697 0.865 1.054 1.197 1.361 1.552 1.695 1.822 1.980 2.223 2.351 2.423 2.479 2.547 2.570 2.572 2.584 2.522 2.440 2.343 2.279 2.280 2.280 0.000 
6.750 63.100 0.620 0.784 0.969 1.109 1.269 1.456 1.596 1.726 1.893 2.142 2.273 2.347 2.403 2.473 2.497 2.499 2.511 2.445 2.361 2.260 2.191 2.177 2.177 0.000 
6.750 79.430 0.533 0.691 0.873 1.010 1.166 1.348 1.486 1.616 1.789 2.040 2.173 2.248 2.303 2.374 2.400 2.401 2.413 2.345 2.261 2.156 2.084 2.057 2.057 0.000 
6.750 100.000 0.432 0.585 0.763 0.897 1.050 1.226 1.361 1.492 1.667 1.917 2.050 2.126 2.180 2.252 2.278 2.278 2.291 2.221 2.139 2.031 1.957 1.921 1.921 0.000 
6.750 125.890 0.315 0.462 0.637 0.767 0.917 1.088 1.220 1.349 1.525 1.772 1.904 1.981 2.034 2.107 2.134 2.133 2.146 2.074 1.995 1.886 1.811 1.768 1.768 0.000 
6.750 158.490 0.178 0.320 0.492 0.618 0.764 0.929 1.059 1.186 1.360 1.601 1.732 1.812 1.864 1.940 1.969 1.966 1.981 1.908 1.833 1.722 1.648 1.601 1.601 0.000 
6.750 199.530 0.017 0.154 0.321 0.444 0.586 0.746 0.873 0.997 1.169 1.403 1.533 1.618 1.671 1.751 1.783 1.780 1.797 1.724 1.652 1.541 1.469 1.421 1.421 0.000 
6.750 251.190 -0.174 -0.043 0.121 0.239 0.378 0.532 0.656 0.778 0.945 1.172 1.302 1.395 1.451 1.540 1.577 1.574 1.596 1.523 1.457 1.344 1.276 1.228 1.228 0.000 
6.750 316.230 -0.403 -0.278 -0.118 -0.003 0.132 0.280 0.401 0.520 0.683 0.903 1.034 1.138 1.201 1.303 1.350 1.349 1.377 1.307 1.247 1.134 1.069 1.024 1.024 0.000 
6.750 398.110 -0.679 -0.560 -0.404 -0.293 -0.162 -0.019 0.099 0.214 0.372 0.586 0.721 0.843 0.915 1.037 1.098 1.103 1.141 1.076 1.023 0.910 0.849 0.806 0.806 0.000 
6.750 501.190 -1.015 -0.901 -0.749 -0.642 -0.515 -0.378 -0.263 -0.151 0.001 0.210 0.353 0.499 0.587 0.735 0.819 0.832 0.884 0.827 0.783 0.670 0.614 0.575 0.575 0.000 
6.750 630.960 -1.425 -1.317 -1.169 -1.066 -0.943 -0.811 -0.699 -0.592 -0.444 -0.239 -0.084 0.096 0.206 0.392 0.506 0.532 0.604 0.560 0.527 0.414 0.362 0.328 0.328 0.000 
6.750 794.330 -1.929 -1.827 -1.682 -1.583 -1.464 -1.338 -1.229 -1.126 -0.984 -0.779 -0.606 -0.381 -0.240 -0.004 0.152 0.197 0.295 0.270 0.252 0.139 0.092 0.061 0.061 0.000 
6.750 1000.000 -2.550 -2.454 -2.313 -2.218 -2.103 -1.983 -1.877 -1.777 -1.642 -1.433 -1.235 -0.951 -0.768 -0.466 -0.253 -0.181 -0.047 -0.047 -0.047 -0.160 -0.202 -0.228 -0.228 0.000 
7.000 1.000 1.332 1.536 1.749 1.916 2.101 2.319 2.474 2.523 2.478 2.501 2.521 2.540 2.580 2.635 2.663 2.698 2.758 2.792 2.807 2.783 2.775 2.903 2.903 0.000 
7.000 1.260 1.328 1.532 1.744 1.911 2.095 2.313 2.468 2.518 2.475 2.500 2.520 2.540 2.579 2.634 2.661 2.696 2.754 2.787 2.800 2.776 2.768 2.896 2.896 0.000 
7.000 1.580 1.323 1.526 1.738 1.905 2.089 2.306 2.460 2.511 2.470 2.498 2.519 2.539 2.578 2.632 2.659 2.692 2.750 2.781 2.793 2.768 2.759 2.886 2.886 0.000 
7.000 2.000 1.317 1.519 1.731 1.897 2.080 2.297 2.451 2.503 2.465 2.496 2.519 2.539 2.578 2.631 2.656 2.689 2.745 2.773 2.784 2.758 2.749 2.875 2.875 0.000 
7.000 2.510 1.309 1.511 1.722 1.888 2.070 2.287 2.440 2.493 2.459 2.494 2.518 2.539 2.577 2.630 2.653 2.685 2.739 2.765 2.773 2.746 2.736 2.861 2.861 0.000 
7.000 3.160 1.299 1.500 1.711 1.876 2.058 2.273 2.426 2.481 2.452 2.491 2.518 2.539 2.577 2.629 2.651 2.680 2.732 2.755 2.761 2.732 2.722 2.844 2.844 0.000 
7.000 3.980 1.288 1.488 1.697 1.862 2.043 2.257 2.410 2.466 2.443 2.489 2.518 2.540 2.577 2.628 2.648 2.675 2.725 2.744 2.746 2.715 2.704 2.825 2.825 0.000 
7.000 5.010 1.274 1.472 1.681 1.845 2.025 2.238 2.389 2.449 2.433 2.486 2.518 2.541 2.579 2.629 2.647 2.671 2.717 2.732 2.730 2.697 2.684 2.802 2.802 0.000 
7.000 6.310 1.257 1.454 1.662 1.824 2.003 2.214 2.365 2.428 2.420 2.483 2.520 2.545 2.582 2.631 2.646 2.668 2.710 2.719 2.712 2.676 2.662 2.776 2.776 0.000 
7.000 7.940 1.237 1.432 1.638 1.799 1.978 2.187 2.337 2.403 2.406 2.481 2.523 2.549 2.586 2.634 2.647 2.666 2.704 2.706 2.693 2.653 2.637 2.747 2.747 0.000 
7.000 10.000 1.213 1.406 1.611 1.771 1.947 2.154 2.303 2.374 2.390 2.478 2.527 2.556 2.593 2.640 2.650 2.665 2.699 2.693 2.674 2.629 2.611 2.715 2.715 0.000 
7.000 12.590 1.186 1.376 1.579 1.737 1.912 2.116 2.263 2.340 2.371 2.475 2.531 2.563 2.601 2.648 2.656 2.667 2.696 2.681 2.654 2.604 2.582 2.679 2.679 0.000 
7.000 15.850 1.153 1.340 1.542 1.698 1.870 2.072 2.218 2.301 2.348 2.470 2.536 2.572 2.610 2.658 2.663 2.671 2.694 2.670 2.634 2.578 2.552 2.641 2.641 0.000 
7.000 19.950 1.116 1.300 1.499 1.652 1.823 2.021 2.166 2.255 2.321 2.463 2.538 2.578 2.618 2.666 2.671 2.675 2.693 2.659 2.614 2.551 2.520 2.598 2.598 0.000 
7.000 25.120 1.073 1.253 1.450 1.601 1.769 1.964 2.106 2.203 2.287 2.449 2.535 2.580 2.621 2.671 2.676 2.677 2.690 2.647 2.592 2.522 2.485 2.551 2.551 0.000 
7.000 31.620 1.023 1.199 1.394 1.542 1.708 1.898 2.039 2.142 2.245 2.427 2.522 2.573 2.616 2.668 2.674 2.672 2.682 2.630 2.566 2.488 2.446 2.497 2.497 0.000 
7.000 39.810 0.967 1.139 1.330 1.476 1.639 1.825 1.964 2.073 2.193 2.392 2.496 2.552 2.597 2.652 2.660 2.657 2.664 2.605 2.532 2.448 2.399 2.434 2.434 0.000 
7.000 50.120 0.902 1.069 1.258 1.401 1.561 1.742 1.879 1.993 2.128 2.341 2.453 2.513 2.560 2.617 2.628 2.624 2.630 2.565 2.487 2.395 2.340 2.359 2.359 0.000 
7.000 63.100 0.828 0.991 1.176 1.316 1.472 1.649 1.783 1.901 2.048 2.272 2.389 2.452 2.500 2.560 2.574 2.570 2.576 2.506 2.425 2.327 2.267 2.269 2.269 0.000 
7.000 79.430 0.743 0.901 1.083 1.219 1.372 1.545 1.676 1.796 1.951 2.181 2.302 2.368 2.416 2.479 2.495 2.491 2.498 2.426 2.343 2.241 2.175 2.163 2.163 0.000 
7.000 100.000 0.645 0.797 0.976 1.109 1.259 1.426 1.555 1.675 1.836 2.068 2.190 2.259 2.307 2.373 2.391 2.386 2.395 2.320 2.238 2.133 2.064 2.039 2.039 0.000 
7.000 125.890 0.530 0.678 0.853 0.982 1.129 1.290 1.417 1.537 1.699 1.930 2.054 2.125 2.173 2.241 2.262 2.256 2.266 2.191 2.111 2.003 1.933 1.899 1.899 0.000 
7.000 158.490 0.396 0.538 0.710 0.835 0.978 1.135 1.258 1.377 1.540 1.767 1.890 1.965 2.014 2.085 2.109 2.103 2.115 2.039 1.963 1.853 1.782 1.742 1.742 0.000 
7.000 199.530 0.238 0.374 0.542 0.664 0.803 0.954 1.075 1.192 1.353 1.575 1.698 1.778 1.828 1.906 1.933 1.927 1.943 1.867 1.794 1.683 1.614 1.570 1.570 0.000 
7.000 251.190 0.049 0.180 0.344 0.462 0.598 0.743 0.861 0.975 1.133 1.349 1.473 1.562 1.615 1.701 1.735 1.731 1.750 1.676 1.608 1.496 1.429 1.385 1.385 0.000 
7.000 316.230 -0.177 -0.052 0.108 0.223 0.354 0.494 0.609 0.720 0.874 1.084 1.210 1.311 1.370 1.470 1.514 1.512 1.539 1.467 1.406 1.293 1.229 1.185 1.185 0.000 
7.000 398.110 -0.451 -0.331 -0.175 -0.064 0.064 0.197 0.309 0.417 0.567 0.770 0.901 1.019 1.090 1.208 1.268 1.271 1.308 1.241 1.188 1.075 1.014 0.973 0.973 0.000 
7.000 501.190 -0.784 -0.670 -0.518 -0.411 -0.287 -0.159 -0.050 0.054 0.199 0.398 0.536 0.679 0.765 0.911 0.993 1.005 1.056 0.998 0.954 0.840 0.784 0.746 0.746 0.000 
7.000 630.960 -1.191 -1.083 -0.935 -0.832 -0.712 -0.590 -0.483 -0.383 -0.244 -0.048 0.103 0.280 0.388 0.571 0.683 0.709 0.779 0.735 0.702 0.588 0.536 0.502 0.502 0.000 
7.000 794.330 -1.692 -1.590 -1.446 -1.347 -1.231 -1.114 -1.011 -0.914 -0.781 -0.585 -0.417 -0.195 -0.055 0.178 0.333 0.377 0.474 0.449 0.430 0.316 0.269 0.239 0.239 0.000 
7.000 1000.000 -2.311 -2.215 -2.074 -1.979 -1.867 -1.757 -1.656 -1.564 -1.436 -1.237 -1.043 -0.762 -0.580 -0.280 -0.069 0.002 0.135 0.135 0.134 0.021 -0.022 -0.047 -0.047 0.000 
7.250 1.000 1.502 1.704 1.915 2.081 2.261 2.468 2.616 2.653 2.588 2.583 2.586 2.595 2.625 2.671 2.691 2.722 2.780 2.812 2.831 2.811 2.807 2.942 2.942 0.000 
7.250 1.260 1.499 1.700 1.911 2.076 2.256 2.463 2.611 2.648 2.584 2.582 2.585 2.594 2.624 2.669 2.688 2.719 2.776 2.807 2.825 2.804 2.801 2.934 2.934 0.000 
7.250 1.580 1.494 1.695 1.906 2.071 2.250 2.457 2.604 2.642 2.580 2.580 2.584 2.593 2.623 2.667 2.686 2.716 2.771 2.801 2.818 2.796 2.792 2.925 2.925 0.000 
7.250 2.000 1.489 1.689 1.899 2.064 2.243 2.449 2.596 2.635 2.576 2.577 2.583 2.592 2.621 2.665 2.682 2.711 2.765 2.793 2.809 2.786 2.782 2.915 2.915 0.000 
7.250 2.510 1.482 1.681 1.891 2.055 2.234 2.439 2.586 2.626 2.570 2.574 2.582 2.590 2.620 2.663 2.679 2.706 2.758 2.784 2.798 2.774 2.770 2.901 2.901 0.000 
7.250 3.160 1.473 1.672 1.881 2.045 2.223 2.427 2.574 2.615 2.563 2.571 2.580 2.589 2.618 2.661 2.675 2.701 2.751 2.774 2.785 2.760 2.755 2.886 2.886 0.000 
7.250 3.980 1.463 1.661 1.869 2.032 2.209 2.412 2.558 2.602 2.554 2.568 2.579 2.589 2.617 2.659 2.671 2.695 2.742 2.762 2.771 2.744 2.738 2.867 2.867 0.000 
7.250 5.010 1.450 1.647 1.854 2.016 2.193 2.395 2.540 2.585 2.544 2.564 2.578 2.589 2.617 2.657 2.667 2.688 2.733 2.749 2.754 2.725 2.718 2.845 2.845 0.000 
7.250 6.310 1.435 1.630 1.837 1.998 2.173 2.374 2.518 2.566 2.533 2.561 2.578 2.590 2.617 2.656 2.664 2.683 2.724 2.734 2.735 2.704 2.696 2.819 2.819 0.000 
7.250 7.940 1.417 1.610 1.815 1.975 2.149 2.348 2.492 2.543 2.519 2.557 2.579 2.592 2.619 2.657 2.662 2.678 2.715 2.719 2.715 2.680 2.671 2.791 2.791 0.000 
7.250 10.000 1.395 1.586 1.790 1.949 2.121 2.318 2.461 2.516 2.503 2.554 2.581 2.596 2.623 2.660 2.662 2.674 2.707 2.704 2.694 2.655 2.643 2.759 2.759 0.000 
7.250 12.590 1.370 1.558 1.760 1.917 2.088 2.283 2.424 2.485 2.485 2.550 2.585 2.602 2.629 2.666 2.665 2.673 2.701 2.689 2.672 2.628 2.614 2.724 2.724 0.000 
7.250 15.850 1.340 1.525 1.726 1.881 2.050 2.241 2.381 2.448 2.464 2.546 2.589 2.610 2.638 2.674 2.670 2.674 2.697 2.676 2.650 2.601 2.583 2.685 2.685 0.000 
7.250 19.950 1.305 1.487 1.686 1.838 2.006 2.194 2.332 2.405 2.439 2.540 2.593 2.618 2.647 2.683 2.678 2.678 2.694 2.664 2.628 2.573 2.551 2.644 2.644 0.000 
7.250 25.120 1.264 1.443 1.639 1.790 1.955 2.140 2.276 2.356 2.409 2.531 2.594 2.624 2.654 2.692 2.685 2.682 2.693 2.653 2.607 2.545 2.518 2.599 2.599 0.000 
7.250 31.620 1.217 1.393 1.586 1.734 1.897 2.078 2.213 2.299 2.372 2.515 2.589 2.624 2.656 2.696 2.690 2.683 2.690 2.640 2.584 2.514 2.481 2.550 2.550 0.000 
7.250 39.810 1.163 1.335 1.526 1.671 1.830 2.008 2.140 2.234 2.326 2.489 2.573 2.614 2.649 2.692 2.687 2.678 2.681 2.622 2.557 2.479 2.440 2.494 2.494 0.000 
7.250 50.120 1.102 1.268 1.456 1.599 1.755 1.928 2.059 2.159 2.268 2.449 2.542 2.589 2.626 2.672 2.670 2.660 2.661 2.595 2.522 2.437 2.391 2.429 2.429 0.000 
7.250 63.100 1.030 1.193 1.377 1.517 1.670 1.838 1.967 2.071 2.195 2.391 2.492 2.544 2.583 2.633 2.634 2.624 2.625 2.553 2.474 2.382 2.330 2.351 2.351 0.000 
7.250 79.430 0.948 1.105 1.287 1.423 1.573 1.737 1.862 1.971 2.106 2.312 2.419 2.476 2.516 2.570 2.575 2.565 2.566 2.491 2.409 2.311 2.254 2.258 2.258 0.000 
7.250 100.000 0.852 1.005 1.183 1.316 1.463 1.621 1.744 1.854 1.998 2.210 2.321 2.382 2.424 2.481 2.490 2.480 2.483 2.405 2.323 2.221 2.159 2.149 2.149 0.000 
7.250 125.890 0.741 0.888 1.063 1.192 1.335 1.488 1.609 1.720 1.869 2.082 2.196 2.261 2.304 2.365 2.378 2.368 2.374 2.295 2.215 2.108 2.043 2.021 2.021 0.000 
7.250 158.490 0.609 0.751 0.922 1.048 1.188 1.335 1.453 1.564 1.715 1.927 2.043 2.112 2.156 2.223 2.240 2.231 2.239 2.160 2.082 1.974 1.907 1.876 1.876 0.000 
7.250 199.530 0.454 0.590 0.757 0.879 1.016 1.158 1.273 1.382 1.533 1.742 1.858 1.934 1.980 2.054 2.076 2.068 2.080 2.002 1.928 1.818 1.751 1.714 1.714 0.000 
7.250 251.190 0.268 0.398 0.562 0.680 0.813 0.949 1.062 1.169 1.317 1.522 1.640 1.724 1.775 1.858 1.888 1.881 1.899 1.822 1.754 1.642 1.577 1.537 1.537 0.000 
7.250 316.230 0.044 0.169 0.329 0.444 0.572 0.703 0.813 0.917 1.062 1.261 1.382 1.479 1.537 1.634 1.675 1.671 1.696 1.623 1.561 1.448 1.385 1.344 1.344 0.000 
7.250 398.110 -0.227 -0.108 0.048 0.159 0.284 0.409 0.516 0.617 0.758 0.952 1.078 1.193 1.261 1.378 1.434 1.437 1.472 1.404 1.350 1.237 1.177 1.137 1.137 0.000 
7.250 501.190 -0.557 -0.444 -0.292 -0.185 -0.064 0.055 0.159 0.257 0.393 0.583 0.717 0.857 0.941 1.085 1.164 1.176 1.225 1.166 1.121 1.008 0.952 0.915 0.915 0.000 
7.250 630.960 -0.962 -0.855 -0.706 -0.603 -0.486 -0.373 -0.272 -0.178 -0.047 0.141 0.287 0.461 0.567 0.749 0.859 0.884 0.953 0.908 0.874 0.761 0.709 0.675 0.675 0.000 
7.250 794.330 -1.461 -1.359 -1.215 -1.116 -1.002 -0.895 -0.797 -0.707 -0.581 -0.393 -0.229 -0.010 0.128 0.360 0.512 0.556 0.652 0.626 0.606 0.493 0.445 0.415 0.415 0.000 
7.250 1000.000 -2.077 -1.981 -1.841 -1.746 -1.636 -1.535 -1.440 -1.353 -1.233 -1.042 -0.853 -0.574 -0.394 -0.096 0.114 0.184 0.316 0.316 0.314 0.200 0.158 0.132 0.132 0.000 
7.500 1.000 1.669 1.869 2.078 2.242 2.418 2.615 2.757 2.782 2.697 2.666 2.654 2.652 2.673 2.710 2.722 2.750 2.804 2.836 2.859 2.841 2.842 2.983 2.983 0.000 
7.500 1.260 1.666 1.865 2.074 2.238 2.414 2.610 2.752 2.778 2.694 2.664 2.653 2.650 2.672 2.708 2.719 2.746 2.800 2.831 2.853 2.835 2.836 2.976 2.976 0.000 
7.500 1.580 1.662 1.861 2.070 2.233 2.408 2.605 2.746 2.772 2.691 2.662 2.652 2.649 2.670 2.706 2.716 2.742 2.795 2.824 2.846 2.827 2.828 2.967 2.967 0.000 
7.500 2.000 1.657 1.855 2.064 2.227 2.402 2.598 2.739 2.766 2.686 2.660 2.650 2.647 2.668 2.703 2.712 2.737 2.789 2.817 2.837 2.817 2.818 2.957 2.957 0.000 
7.500 2.510 1.651 1.848 2.056 2.219 2.394 2.589 2.730 2.757 2.680 2.657 2.648 2.645 2.665 2.700 2.708 2.732 2.782 2.807 2.826 2.806 2.806 2.944 2.944 0.000 
7.500 3.160 1.643 1.840 2.048 2.210 2.384 2.578 2.718 2.747 2.673 2.653 2.645 2.643 2.663 2.696 2.703 2.725 2.774 2.797 2.814 2.792 2.792 2.929 2.929 0.000 
7.500 3.980 1.634 1.830 2.037 2.198 2.371 2.565 2.705 2.735 2.665 2.649 2.643 2.641 2.660 2.693 2.697 2.718 2.764 2.784 2.799 2.776 2.775 2.911 2.911 0.000 
7.500 5.010 1.623 1.817 2.023 2.184 2.356 2.549 2.688 2.720 2.656 2.644 2.641 2.639 2.658 2.689 2.692 2.710 2.754 2.770 2.782 2.757 2.756 2.890 2.890 0.000 
7.500 6.310 1.609 1.802 2.007 2.167 2.338 2.529 2.668 2.702 2.644 2.640 2.639 2.638 2.656 2.686 2.686 2.702 2.743 2.754 2.762 2.735 2.733 2.865 2.865 0.000 
7.500 7.940 1.592 1.784 1.988 2.146 2.317 2.506 2.644 2.681 2.631 2.635 2.638 2.638 2.656 2.685 2.682 2.694 2.731 2.737 2.741 2.711 2.707 2.837 2.837 0.000 
7.500 10.000 1.573 1.762 1.965 2.122 2.291 2.478 2.615 2.656 2.616 2.630 2.638 2.640 2.657 2.684 2.678 2.687 2.720 2.719 2.718 2.684 2.679 2.805 2.805 0.000 
7.500 12.590 1.549 1.736 1.937 2.093 2.261 2.446 2.581 2.626 2.598 2.625 2.639 2.643 2.660 2.686 2.677 2.683 2.710 2.702 2.694 2.656 2.649 2.770 2.770 0.000 
7.500 15.850 1.521 1.705 1.905 2.059 2.225 2.407 2.542 2.592 2.578 2.621 2.642 2.648 2.666 2.691 2.679 2.680 2.703 2.685 2.669 2.627 2.617 2.732 2.732 0.000 
7.500 19.950 1.488 1.670 1.867 2.020 2.183 2.363 2.496 2.552 2.555 2.615 2.645 2.655 2.673 2.699 2.684 2.681 2.697 2.671 2.646 2.597 2.584 2.691 2.691 0.000 
7.500 25.120 1.450 1.628 1.824 1.974 2.135 2.311 2.443 2.506 2.527 2.608 2.648 2.663 2.682 2.708 2.691 2.684 2.695 2.658 2.623 2.568 2.550 2.647 2.647 0.000 
7.500 31.620 1.406 1.581 1.774 1.921 2.080 2.253 2.382 2.453 2.494 2.596 2.647 2.668 2.689 2.716 2.699 2.688 2.693 2.645 2.600 2.538 2.515 2.601 2.601 0.000 
7.500 39.810 1.355 1.526 1.716 1.861 2.017 2.186 2.313 2.391 2.453 2.577 2.639 2.666 2.689 2.720 2.703 2.689 2.690 2.632 2.576 2.506 2.477 2.549 2.549 0.000 
7.500 50.120 1.296 1.462 1.650 1.792 1.945 2.109 2.235 2.320 2.401 2.546 2.620 2.653 2.679 2.713 2.698 2.682 2.680 2.613 2.548 2.470 2.434 2.491 2.491 0.000 
7.500 63.100 1.227 1.389 1.573 1.712 1.863 2.023 2.146 2.237 2.336 2.500 2.583 2.622 2.651 2.690 2.679 2.662 2.658 2.584 2.512 2.426 2.383 2.424 2.424 0.000 
7.500 79.430 1.148 1.305 1.486 1.622 1.769 1.924 2.045 2.141 2.255 2.433 2.525 2.570 2.602 2.645 2.639 2.622 2.618 2.539 2.462 2.369 2.320 2.343 2.343 0.000 
7.500 100.000 1.055 1.207 1.385 1.517 1.661 1.811 1.929 2.029 2.154 2.343 2.441 2.492 2.527 2.575 2.574 2.557 2.555 2.474 2.393 2.295 2.240 2.247 2.247 0.000 
7.500 125.890 0.946 1.093 1.267 1.396 1.537 1.682 1.797 1.899 2.032 2.226 2.329 2.386 2.423 2.477 2.481 2.466 2.467 2.384 2.303 2.200 2.141 2.134 2.134 0.000 
7.500 158.490 0.817 0.959 1.130 1.255 1.392 1.532 1.645 1.747 1.884 2.081 2.187 2.250 2.289 2.350 2.360 2.346 2.351 2.268 2.190 2.083 2.021 2.002 2.002 0.000 
7.500 199.530 0.664 0.800 0.968 1.089 1.223 1.357 1.467 1.568 1.708 1.904 2.013 2.083 2.126 2.194 2.211 2.199 2.208 2.126 2.052 1.943 1.880 1.851 1.851 0.000 
7.500 251.190 0.481 0.611 0.775 0.893 1.023 1.151 1.259 1.359 1.497 1.691 1.802 1.882 1.930 2.009 2.034 2.025 2.040 1.961 1.891 1.780 1.718 1.684 1.684 0.000 
7.500 316.230 0.260 0.385 0.544 0.659 0.785 0.908 1.012 1.110 1.246 1.436 1.551 1.644 1.699 1.793 1.830 1.825 1.848 1.772 1.710 1.597 1.536 1.500 1.500 0.000 
7.500 398.110 -0.009 0.110 0.266 0.377 0.499 0.616 0.718 0.813 0.946 1.131 1.252 1.364 1.430 1.544 1.598 1.598 1.632 1.563 1.508 1.395 1.336 1.299 1.299 0.000 
7.500 501.190 -0.337 -0.223 -0.071 0.036 0.154 0.266 0.364 0.456 0.585 0.766 0.895 1.033 1.115 1.257 1.333 1.343 1.392 1.332 1.286 1.173 1.117 1.082 1.082 0.000 
7.500 630.960 -0.739 -0.631 -0.483 -0.380 -0.266 -0.160 -0.064 0.024 0.148 0.328 0.469 0.641 0.745 0.925 1.033 1.057 1.125 1.079 1.045 0.931 0.880 0.846 0.846 0.000 
7.500 794.330 -1.235 -1.133 -0.989 -0.890 -0.779 -0.679 -0.586 -0.502 -0.383 -0.203 -0.044 0.173 0.309 0.539 0.690 0.733 0.828 0.801 0.781 0.668 0.620 0.591 0.591 0.000 
7.500 1000.000 -1.849 -1.753 -1.612 -1.517 -1.411 -1.317 -1.227 -1.146 -1.033 -0.849 -0.664 -0.388 -0.210 0.087 0.295 0.364 0.496 0.495 0.493 0.379 0.336 0.311 0.311 0.000 
7.750 1.000 1.735 1.932 2.140 2.302 2.474 2.662 2.798 2.818 2.730 2.693 2.677 2.669 2.686 2.716 2.721 2.744 2.793 2.818 2.839 2.819 2.821 2.961 2.961 0.000 
7.750 1.260 1.732 1.929 2.136 2.299 2.470 2.658 2.793 2.814 2.728 2.692 2.676 2.668 2.684 2.715 2.719 2.741 2.790 2.814 2.834 2.813 2.815 2.955 2.955 0.000 
7.750 1.580 1.729 1.925 2.132 2.294 2.465 2.652 2.788 2.810 2.724 2.690 2.675 2.667 2.683 2.713 2.716 2.737 2.785 2.808 2.827 2.806 2.808 2.947 2.947 0.000 
7.750 2.000 1.724 1.920 2.127 2.289 2.460 2.646 2.781 2.804 2.720 2.688 2.673 2.666 2.681 2.711 2.713 2.733 2.780 2.802 2.820 2.798 2.799 2.938 2.938 0.000 
7.750 2.510 1.719 1.914 2.121 2.282 2.452 2.638 2.773 2.796 2.715 2.685 2.672 2.664 2.680 2.708 2.710 2.729 2.774 2.794 2.810 2.788 2.789 2.927 2.927 0.000 
7.750 3.160 1.712 1.906 2.112 2.273 2.443 2.628 2.763 2.787 2.709 2.682 2.670 2.663 2.678 2.706 2.706 2.723 2.767 2.784 2.799 2.776 2.777 2.914 2.914 0.000 
7.750 3.980 1.704 1.897 2.103 2.263 2.432 2.616 2.751 2.776 2.702 2.679 2.668 2.661 2.676 2.703 2.701 2.717 2.759 2.774 2.786 2.762 2.762 2.898 2.898 0.000 
7.750 5.010 1.693 1.886 2.091 2.250 2.419 2.602 2.736 2.763 2.693 2.675 2.667 2.660 2.674 2.700 2.697 2.711 2.750 2.761 2.771 2.745 2.744 2.878 2.878 0.000 
7.750 6.310 1.681 1.872 2.076 2.234 2.402 2.584 2.717 2.746 2.683 2.671 2.665 2.659 2.673 2.698 2.692 2.704 2.740 2.747 2.754 2.725 2.724 2.856 2.856 0.000 
7.750 7.940 1.666 1.855 2.058 2.216 2.383 2.563 2.695 2.727 2.671 2.667 2.665 2.660 2.673 2.697 2.688 2.697 2.730 2.732 2.734 2.703 2.701 2.831 2.831 0.000 
7.750 10.000 1.648 1.835 2.037 2.193 2.359 2.537 2.669 2.704 2.657 2.662 2.665 2.661 2.674 2.697 2.685 2.691 2.720 2.716 2.713 2.679 2.675 2.801 2.801 0.000 
7.750 12.590 1.626 1.811 2.012 2.167 2.331 2.507 2.637 2.677 2.641 2.658 2.666 2.664 2.677 2.699 2.685 2.687 2.712 2.700 2.691 2.653 2.647 2.769 2.769 0.000 
7.750 15.850 1.600 1.783 1.982 2.135 2.298 2.471 2.600 2.645 2.622 2.654 2.668 2.670 2.682 2.703 2.686 2.684 2.704 2.684 2.668 2.626 2.617 2.733 2.733 0.000 
7.750 19.950 1.570 1.750 1.947 2.098 2.259 2.430 2.557 2.607 2.600 2.648 2.671 2.676 2.689 2.710 2.691 2.685 2.699 2.670 2.646 2.598 2.586 2.695 2.695 0.000 
7.750 25.120 1.534 1.711 1.906 2.055 2.214 2.381 2.508 2.564 2.574 2.642 2.674 2.683 2.697 2.719 2.697 2.687 2.696 2.657 2.624 2.570 2.554 2.654 2.654 0.000 
7.750 31.620 1.493 1.666 1.858 2.005 2.161 2.326 2.450 2.513 2.543 2.631 2.673 2.688 2.704 2.727 2.704 2.691 2.694 2.646 2.602 2.541 2.520 2.609 2.609 0.000 
7.750 39.810 1.444 1.614 1.803 1.948 2.101 2.262 2.384 2.455 2.504 2.613 2.667 2.687 2.706 2.731 2.709 2.692 2.692 2.633 2.579 2.510 2.484 2.560 2.560 0.000 
7.750 50.120 1.387 1.553 1.740 1.881 2.032 2.189 2.309 2.386 2.455 2.585 2.650 2.677 2.698 2.727 2.706 2.688 2.684 2.616 2.553 2.476 2.444 2.506 2.506 0.000 
7.750 63.100 1.322 1.483 1.667 1.805 1.953 2.105 2.223 2.307 2.394 2.542 2.617 2.650 2.675 2.708 2.691 2.671 2.665 2.590 2.520 2.435 2.396 2.442 2.442 0.000 
7.750 79.430 1.245 1.401 1.582 1.717 1.862 2.010 2.125 2.214 2.316 2.480 2.564 2.603 2.631 2.669 2.657 2.637 2.631 2.551 2.474 2.383 2.337 2.367 2.367 0.000 
7.750 100.000 1.154 1.306 1.484 1.616 1.757 1.900 2.013 2.105 2.220 2.395 2.486 2.532 2.562 2.606 2.599 2.580 2.576 2.492 2.413 2.315 2.264 2.277 2.277 0.000 
7.750 125.890 1.048 1.195 1.369 1.498 1.636 1.773 1.884 1.979 2.102 2.284 2.380 2.433 2.466 2.515 2.515 2.497 2.495 2.410 2.330 2.228 2.172 2.170 2.170 0.000 
7.750 158.490 0.922 1.063 1.234 1.359 1.494 1.626 1.734 1.830 1.958 2.144 2.244 2.303 2.339 2.396 2.402 2.386 2.388 2.303 2.225 2.119 2.059 2.044 2.044 0.000 
7.750 199.530 0.772 0.907 1.075 1.196 1.327 1.454 1.560 1.655 1.786 1.972 2.075 2.142 2.182 2.247 2.261 2.247 2.254 2.170 2.095 1.987 1.925 1.901 1.901 0.000 
7.750 251.190 0.591 0.721 0.885 1.003 1.130 1.251 1.354 1.448 1.579 1.763 1.870 1.947 1.992 2.068 2.091 2.080 2.093 2.012 1.943 1.832 1.770 1.739 1.739 0.000 
7.750 316.230 0.372 0.497 0.657 0.771 0.895 1.010 1.110 1.202 1.332 1.513 1.623 1.714 1.767 1.858 1.893 1.886 1.908 1.831 1.767 1.656 1.595 1.560 1.560 0.000 
7.750 398.110 0.106 0.225 0.381 0.492 0.612 0.722 0.819 0.908 1.035 1.212 1.328 1.438 1.502 1.614 1.665 1.665 1.697 1.627 1.571 1.459 1.400 1.365 1.365 0.000 
7.750 501.190 -0.219 -0.106 0.047 0.153 0.269 0.374 0.468 0.554 0.676 0.850 0.975 1.110 1.191 1.331 1.406 1.415 1.462 1.401 1.355 1.242 1.187 1.152 1.152 0.000 
7.750 630.960 -0.619 -0.511 -0.363 -0.260 -0.148 -0.049 0.042 0.125 0.242 0.415 0.553 0.722 0.825 1.003 1.109 1.132 1.200 1.153 1.118 1.004 0.953 0.920 0.920 0.000 
7.750 794.330 -1.112 -1.010 -0.866 -0.767 -0.659 -0.566 -0.478 -0.399 -0.286 -0.113 0.043 0.257 0.392 0.620 0.770 0.812 0.907 0.879 0.858 0.745 0.697 0.668 0.668 0.000 
7.750 1000.000 -1.723 -1.628 -1.487 -1.392 -1.288 -1.201 -1.115 -1.040 -0.933 -0.756 -0.575 -0.301 -0.124 0.172 0.378 0.446 0.577 0.576 0.573 0.459 0.417 0.391 0.391 0.000 
8.000 1.000 1.798 1.992 2.198 2.359 2.527 2.706 2.837 2.853 2.763 2.720 2.699 2.687 2.699 2.723 2.721 2.739 2.783 2.802 2.819 2.798 2.800 2.940 2.940 0.000 
8.000 1.260 1.795 1.989 2.195 2.356 2.524 2.702 2.833 2.850 2.760 2.719 2.699 2.686 2.698 2.722 2.719 2.736 2.780 2.798 2.815 2.793 2.795 2.935 2.935 0.000 
8.000 1.580 1.792 1.986 2.192 2.352 2.519 2.698 2.828 2.845 2.757 2.717 2.698 2.685 2.697 2.721 2.717 2.733 2.776 2.793 2.809 2.787 2.789 2.928 2.928 0.000 
8.000 2.000 1.788 1.981 2.187 2.347 2.514 2.692 2.822 2.840 2.754 2.715 2.697 2.684 2.696 2.719 2.715 2.730 2.772 2.788 2.803 2.780 2.782 2.920 2.920 0.000 
8.000 2.510 1.783 1.976 2.181 2.341 2.508 2.685 2.815 2.833 2.749 2.713 2.696 2.683 2.694 2.717 2.712 2.726 2.767 2.781 2.795 2.771 2.773 2.911 2.911 0.000 
8.000 3.160 1.777 1.969 2.174 2.333 2.499 2.676 2.806 2.825 2.744 2.711 2.694 2.682 2.693 2.715 2.709 2.722 2.761 2.773 2.785 2.760 2.762 2.899 2.899 0.000 
8.000 3.980 1.770 1.961 2.165 2.324 2.489 2.665 2.794 2.815 2.738 2.708 2.693 2.682 2.692 2.713 2.705 2.717 2.754 2.763 2.774 2.748 2.748 2.884 2.884 0.000 
8.000 5.010 1.760 1.951 2.154 2.312 2.477 2.652 2.781 2.803 2.730 2.705 2.692 2.681 2.690 2.711 2.701 2.711 2.747 2.752 2.760 2.733 2.733 2.867 2.867 0.000 
8.000 6.310 1.749 1.938 2.141 2.298 2.462 2.636 2.764 2.788 2.721 2.701 2.691 2.681 2.690 2.710 2.698 2.705 2.738 2.740 2.745 2.716 2.715 2.847 2.847 0.000 
8.000 7.940 1.735 1.923 2.125 2.281 2.444 2.616 2.744 2.771 2.710 2.698 2.691 2.681 2.690 2.709 2.695 2.700 2.729 2.727 2.727 2.696 2.694 2.824 2.824 0.000 
8.000 10.000 1.719 1.905 2.105 2.260 2.422 2.593 2.719 2.749 2.697 2.694 2.691 2.683 2.691 2.709 2.692 2.695 2.721 2.712 2.708 2.674 2.671 2.797 2.797 0.000 
8.000 12.590 1.699 1.883 2.082 2.236 2.396 2.565 2.690 2.724 2.682 2.690 2.692 2.686 2.694 2.711 2.692 2.691 2.712 2.697 2.688 2.650 2.645 2.767 2.767 0.000 
8.000 15.850 1.675 1.856 2.054 2.206 2.366 2.532 2.656 2.694 2.665 2.686 2.694 2.690 2.699 2.715 2.693 2.688 2.706 2.683 2.667 2.625 2.617 2.734 2.734 0.000 
8.000 19.950 1.647 1.826 2.021 2.172 2.329 2.493 2.616 2.659 2.644 2.681 2.697 2.696 2.705 2.721 2.697 2.689 2.701 2.669 2.645 2.598 2.587 2.698 2.698 0.000 
8.000 25.120 1.613 1.789 1.983 2.131 2.287 2.447 2.569 2.618 2.620 2.674 2.699 2.703 2.713 2.729 2.703 2.691 2.697 2.657 2.624 2.571 2.557 2.659 2.659 0.000 
8.000 31.620 1.574 1.746 1.938 2.084 2.238 2.395 2.514 2.571 2.590 2.664 2.699 2.708 2.719 2.737 2.710 2.694 2.696 2.646 2.603 2.543 2.524 2.617 2.617 0.000 
8.000 39.810 1.528 1.697 1.886 2.029 2.180 2.334 2.452 2.515 2.553 2.648 2.693 2.708 2.722 2.742 2.715 2.696 2.693 2.633 2.582 2.514 2.490 2.571 2.571 0.000 
8.000 50.120 1.474 1.639 1.825 1.966 2.114 2.264 2.380 2.449 2.507 2.622 2.678 2.699 2.716 2.739 2.714 2.693 2.687 2.618 2.557 2.482 2.452 2.519 2.519 0.000 
8.000 63.100 1.411 1.571 1.755 1.893 2.038 2.183 2.297 2.373 2.448 2.582 2.649 2.676 2.696 2.724 2.702 2.680 2.671 2.596 2.526 2.444 2.408 2.459 2.459 0.000 
8.000 79.430 1.336 1.492 1.673 1.808 1.950 2.091 2.202 2.284 2.375 2.524 2.600 2.635 2.657 2.691 2.673 2.651 2.642 2.561 2.485 2.396 2.353 2.388 2.388 0.000 
8.000 100.000 1.249 1.400 1.577 1.709 1.848 1.984 2.093 2.179 2.282 2.445 2.528 2.569 2.595 2.634 2.622 2.601 2.594 2.508 2.430 2.334 2.285 2.304 2.304 0.000 
8.000 125.890 1.145 1.291 1.465 1.594 1.730 1.860 1.967 2.055 2.168 2.339 2.429 2.476 2.506 2.551 2.546 2.526 2.521 2.434 2.355 2.253 2.200 2.204 2.204 0.000 
8.000 158.490 1.022 1.163 1.333 1.458 1.591 1.716 1.820 1.910 2.029 2.205 2.299 2.354 2.387 2.440 2.441 2.423 2.422 2.336 2.257 2.152 2.095 2.085 2.085 0.000 
8.000 199.530 0.874 1.009 1.176 1.298 1.427 1.547 1.648 1.738 1.861 2.037 2.136 2.199 2.236 2.298 2.308 2.292 2.297 2.211 2.136 2.028 1.969 1.948 1.948 0.000 
8.000 251.190 0.696 0.826 0.989 1.107 1.232 1.347 1.446 1.534 1.658 1.834 1.935 2.009 2.052 2.126 2.145 2.133 2.144 2.062 1.991 1.881 1.821 1.793 1.793 0.000 
8.000 316.230 0.480 0.604 0.764 0.878 1.000 1.109 1.205 1.291 1.414 1.587 1.693 1.781 1.832 1.921 1.954 1.945 1.965 1.887 1.823 1.712 1.652 1.620 1.620 0.000 
8.000 398.110 0.216 0.335 0.491 0.602 0.719 0.823 0.916 1.000 1.120 1.290 1.403 1.510 1.572 1.682 1.731 1.730 1.761 1.690 1.633 1.521 1.463 1.429 1.429 0.000 
8.000 501.190 -0.106 0.007 0.159 0.266 0.379 0.477 0.567 0.648 0.765 0.932 1.054 1.186 1.265 1.403 1.476 1.485 1.531 1.469 1.422 1.309 1.254 1.221 1.221 0.000 
8.000 630.960 -0.504 -0.396 -0.248 -0.145 -0.035 0.057 0.144 0.222 0.334 0.500 0.634 0.801 0.903 1.079 1.184 1.206 1.273 1.225 1.190 1.076 1.025 0.993 0.993 0.000 
8.000 794.330 -0.995 -0.893 -0.749 -0.650 -0.543 -0.457 -0.373 -0.299 -0.192 -0.025 0.128 0.340 0.473 0.700 0.848 0.889 0.984 0.955 0.934 0.820 0.773 0.744 0.744 0.000 
8.000 1000.000 -1.603 -1.508 -1.367 -1.272 -1.170 -1.089 -1.008 -0.937 -0.836 -0.666 -0.487 -0.215 -0.040 0.255 0.460 0.527 0.658 0.655 0.653 0.539 0.496 0.471 0.471 0.000 
