AbrahamsonEtAl2015SSlab as implemented in OpenQuake, distance is rhypo. Log10 ground motion values in cgs units, PGV and Sa(T<0.1s) not valid
          14 31 24 : nmag, ndist, nperiod
          10.000 7.500 6.000 5.000 4.000 3.000 2.500 2.000 1.500 1.000 0.750 0.600 0.500 0.400 0.300 0.250 0.200 0.150 0.100 0.075 0.050 0.020 PGA PGV 
          0.740 0.740 0.740 0.740 0.740 0.740 0.740 0.740 0.740 0.740 0.740 0.740 0.740 0.740 0.740 0.740 0.740 0.740 0.740 0.740 0.740 0.740 0.740 0.000 
4.750 1.000 -0.389 -0.165 0.060 0.240 0.473 0.820 1.053 1.253 1.459 1.815 2.021 2.174 2.314 2.472 2.593 2.673 2.757 2.799 2.761 2.703 2.638 2.677 2.677 0.000 
4.750 1.260 -0.400 -0.177 0.047 0.226 0.458 0.805 1.037 1.238 1.450 1.812 2.020 2.174 2.314 2.472 2.593 2.672 2.754 2.794 2.753 2.693 2.627 2.663 2.663 0.000 
4.750 1.580 -0.414 -0.193 0.031 0.209 0.441 0.786 1.017 1.221 1.439 1.807 2.018 2.173 2.314 2.473 2.593 2.671 2.752 2.788 2.744 2.682 2.613 2.645 2.645 0.000 
4.750 2.000 -0.432 -0.211 0.011 0.189 0.419 0.763 0.994 1.201 1.425 1.800 2.015 2.172 2.313 2.472 2.593 2.669 2.748 2.781 2.733 2.668 2.597 2.624 2.624 0.000 
4.750 2.510 -0.452 -0.233 -0.012 0.164 0.394 0.736 0.966 1.176 1.408 1.792 2.011 2.169 2.311 2.470 2.591 2.666 2.743 2.772 2.720 2.651 2.578 2.598 2.598 0.000 
4.750 3.160 -0.476 -0.259 -0.039 0.136 0.364 0.705 0.934 1.146 1.387 1.780 2.004 2.164 2.306 2.466 2.587 2.661 2.736 2.761 2.703 2.631 2.555 2.568 2.568 0.000 
4.750 3.980 -0.505 -0.290 -0.071 0.102 0.329 0.667 0.895 1.111 1.362 1.765 1.993 2.154 2.297 2.458 2.579 2.652 2.726 2.745 2.683 2.607 2.527 2.531 2.531 0.000 
4.750 5.010 -0.537 -0.325 -0.108 0.064 0.289 0.625 0.851 1.070 1.331 1.743 1.976 2.139 2.283 2.444 2.566 2.638 2.709 2.725 2.658 2.577 2.493 2.486 2.486 0.000 
4.750 6.310 -0.575 -0.366 -0.151 0.019 0.243 0.575 0.801 1.023 1.294 1.715 1.952 2.116 2.259 2.421 2.544 2.615 2.685 2.696 2.625 2.540 2.451 2.433 2.433 0.000 
4.750 7.940 -0.617 -0.411 -0.198 -0.031 0.190 0.520 0.744 0.969 1.248 1.677 1.917 2.083 2.225 2.387 2.510 2.580 2.649 2.656 2.582 2.492 2.398 2.368 2.368 0.000 
4.750 10.000 -0.665 -0.462 -0.252 -0.087 0.132 0.458 0.680 0.907 1.194 1.629 1.871 2.036 2.177 2.338 2.462 2.530 2.598 2.601 2.525 2.431 2.333 2.290 2.290 0.000 
4.750 12.590 -0.718 -0.519 -0.311 -0.149 0.067 0.390 0.609 0.838 1.131 1.569 1.812 1.976 2.114 2.273 2.396 2.462 2.529 2.529 2.451 2.353 2.252 2.197 2.197 0.000 
4.750 15.850 -0.776 -0.582 -0.377 -0.217 -0.004 0.314 0.532 0.762 1.058 1.496 1.738 1.899 2.035 2.190 2.311 2.375 2.441 2.437 2.359 2.258 2.154 2.088 2.088 0.000 
4.750 19.950 -0.840 -0.650 -0.448 -0.291 -0.081 0.233 0.448 0.677 0.976 1.411 1.651 1.808 1.939 2.090 2.207 2.268 2.331 2.324 2.246 2.143 2.037 1.963 1.963 0.000 
4.750 25.120 -0.910 -0.725 -0.526 -0.372 -0.165 0.144 0.357 0.585 0.884 1.314 1.550 1.702 1.828 1.973 2.085 2.142 2.203 2.191 2.114 2.009 1.903 1.823 1.823 0.000 
4.750 31.620 -0.986 -0.806 -0.610 -0.460 -0.256 0.048 0.259 0.485 0.783 1.206 1.436 1.583 1.702 1.842 1.946 1.999 2.056 2.039 1.964 1.858 1.752 1.668 1.668 0.000 
4.750 39.810 -1.069 -0.894 -0.702 -0.555 -0.354 -0.055 0.153 0.377 0.672 1.086 1.310 1.452 1.564 1.696 1.794 1.841 1.894 1.872 1.798 1.691 1.587 1.502 1.502 0.000 
4.750 50.120 -1.160 -0.990 -0.801 -0.658 -0.461 -0.167 0.038 0.259 0.551 0.955 1.173 1.308 1.414 1.539 1.629 1.670 1.719 1.691 1.618 1.511 1.410 1.325 1.325 0.000 
4.750 63.100 -1.260 -1.095 -0.910 -0.770 -0.577 -0.289 -0.086 0.132 0.420 0.813 1.024 1.154 1.252 1.371 1.453 1.488 1.533 1.499 1.428 1.320 1.222 1.139 1.139 0.000 
4.750 79.430 -1.370 -1.211 -1.030 -0.893 -0.704 -0.421 -0.221 -0.006 0.276 0.658 0.862 0.988 1.080 1.193 1.267 1.297 1.337 1.297 1.228 1.120 1.026 0.945 0.945 0.000 
4.750 100.000 -1.493 -1.340 -1.162 -1.029 -0.844 -0.567 -0.370 -0.158 0.119 0.489 0.687 0.809 0.895 1.003 1.072 1.096 1.133 1.088 1.020 0.912 0.822 0.744 0.744 0.000 
4.750 125.890 -1.632 -1.484 -1.310 -1.182 -0.999 -0.728 -0.534 -0.326 -0.054 0.304 0.497 0.616 0.698 0.803 0.867 0.886 0.920 0.870 0.805 0.697 0.611 0.538 0.538 0.000 
4.750 158.490 -1.790 -1.648 -1.478 -1.353 -1.175 -0.909 -0.718 -0.514 -0.248 0.100 0.287 0.406 0.486 0.590 0.651 0.666 0.699 0.646 0.584 0.475 0.394 0.325 0.325 0.000 
4.750 199.530 -1.972 -1.836 -1.670 -1.549 -1.375 -1.115 -0.926 -0.726 -0.465 -0.129 0.055 0.177 0.255 0.363 0.423 0.436 0.469 0.414 0.355 0.247 0.170 0.105 0.105 0.000 
4.750 251.190 -2.185 -2.054 -1.892 -1.775 -1.604 -1.351 -1.165 -0.969 -0.714 -0.387 -0.204 -0.076 0.004 0.118 0.182 0.194 0.230 0.173 0.119 0.011 -0.061 -0.121 -0.121 0.000 
4.750 316.230 -2.434 -2.310 -2.152 -2.038 -1.872 -1.624 -1.441 -1.249 -1.000 -0.682 -0.499 -0.360 -0.274 -0.149 -0.077 -0.063 -0.022 -0.077 -0.125 -0.234 -0.301 -0.356 -0.356 0.000 
4.750 398.110 -2.731 -2.613 -2.458 -2.349 -2.186 -1.944 -1.765 -1.576 -1.333 -1.023 -0.836 -0.681 -0.586 -0.442 -0.356 -0.338 -0.288 -0.338 -0.380 -0.488 -0.550 -0.600 -0.600 0.000 
4.750 501.190 -3.087 -2.975 -2.824 -2.719 -2.560 -2.324 -2.147 -1.963 -1.725 -1.421 -1.227 -1.048 -0.938 -0.767 -0.661 -0.634 -0.571 -0.614 -0.646 -0.754 -0.811 -0.857 -0.857 0.000 
4.750 630.960 -3.518 -3.411 -3.265 -3.163 -3.008 -2.778 -2.604 -2.424 -2.192 -1.892 -1.686 -1.474 -1.342 -1.134 -0.997 -0.958 -0.876 -0.906 -0.927 -1.035 -1.087 -1.128 -1.128 0.000 
4.750 794.330 -4.042 -3.941 -3.799 -3.701 -3.550 -3.326 -3.155 -2.979 -2.753 -2.453 -2.230 -1.973 -1.810 -1.553 -1.374 -1.316 -1.207 -1.219 -1.225 -1.334 -1.381 -1.417 -1.417 0.000 
4.750 1000.000 -4.683 -4.589 -4.450 -4.357 -4.210 -3.992 -3.824 -3.651 -3.431 -3.129 -2.881 -2.564 -2.359 -2.036 -1.800 -1.717 -1.572 -1.558 -1.547 -1.655 -1.697 -1.728 -1.728 0.000 
5.000 1.000 -0.186 0.036 0.259 0.437 0.663 0.993 1.215 1.398 1.578 1.900 2.087 2.225 2.355 2.501 2.610 2.684 2.764 2.804 2.770 2.715 2.655 2.704 2.704 0.000 
5.000 1.260 -0.197 0.024 0.247 0.425 0.650 0.980 1.201 1.385 1.570 1.897 2.086 2.226 2.355 2.501 2.611 2.683 2.762 2.799 2.762 2.706 2.645 2.690 2.690 0.000 
5.000 1.580 -0.209 0.011 0.232 0.409 0.635 0.963 1.183 1.370 1.560 1.893 2.085 2.226 2.356 2.502 2.611 2.682 2.759 2.794 2.754 2.695 2.632 2.674 2.674 0.000 
5.000 2.000 -0.225 -0.006 0.215 0.391 0.615 0.942 1.162 1.351 1.548 1.888 2.083 2.226 2.356 2.502 2.611 2.681 2.756 2.787 2.743 2.682 2.617 2.655 2.655 0.000 
5.000 2.510 -0.243 -0.026 0.194 0.369 0.592 0.918 1.137 1.329 1.533 1.882 2.081 2.225 2.355 2.502 2.610 2.679 2.752 2.779 2.731 2.667 2.600 2.632 2.632 0.000 
5.000 3.160 -0.265 -0.050 0.169 0.343 0.565 0.889 1.107 1.302 1.515 1.873 2.076 2.222 2.353 2.500 2.609 2.676 2.747 2.769 2.717 2.649 2.579 2.604 2.604 0.000 
5.000 3.980 -0.291 -0.078 0.140 0.312 0.533 0.854 1.072 1.270 1.493 1.861 2.069 2.217 2.348 2.496 2.605 2.671 2.740 2.757 2.700 2.628 2.554 2.571 2.571 0.000 
5.000 5.010 -0.321 -0.110 0.106 0.277 0.496 0.815 1.031 1.233 1.466 1.844 2.057 2.207 2.339 2.488 2.597 2.662 2.729 2.741 2.678 2.602 2.524 2.532 2.532 0.000 
5.000 6.310 -0.356 -0.148 0.067 0.236 0.453 0.769 0.984 1.190 1.433 1.821 2.040 2.191 2.323 2.473 2.583 2.646 2.711 2.719 2.651 2.570 2.488 2.484 2.484 0.000 
5.000 7.940 -0.395 -0.190 0.022 0.189 0.404 0.717 0.931 1.140 1.394 1.791 2.013 2.166 2.298 2.448 2.559 2.622 2.685 2.688 2.616 2.530 2.443 2.428 2.428 0.000 
5.000 10.000 -0.440 -0.238 -0.028 0.136 0.349 0.659 0.871 1.082 1.346 1.750 1.976 2.130 2.261 2.411 2.522 2.584 2.646 2.645 2.569 2.479 2.388 2.359 2.359 0.000 
5.000 12.590 -0.489 -0.292 -0.084 0.078 0.288 0.594 0.804 1.018 1.289 1.699 1.927 2.080 2.210 2.359 2.470 2.530 2.591 2.586 2.509 2.414 2.318 2.277 2.277 0.000 
5.000 15.850 -0.545 -0.351 -0.146 0.013 0.221 0.523 0.731 0.946 1.222 1.635 1.863 2.015 2.142 2.289 2.399 2.458 2.518 2.509 2.430 2.332 2.233 2.180 2.180 0.000 
5.000 19.950 -0.605 -0.416 -0.214 -0.058 0.147 0.445 0.650 0.866 1.146 1.558 1.785 1.934 2.058 2.201 2.309 2.365 2.424 2.412 2.333 2.231 2.130 2.066 2.066 0.000 
5.000 25.120 -0.672 -0.487 -0.289 -0.135 0.067 0.360 0.563 0.778 1.059 1.469 1.693 1.838 1.957 2.096 2.200 2.253 2.309 2.293 2.215 2.112 2.008 1.937 1.937 0.000 
5.000 31.620 -0.745 -0.565 -0.370 -0.219 -0.021 0.267 0.468 0.682 0.963 1.367 1.587 1.727 1.841 1.975 2.073 2.122 2.175 2.155 2.078 1.973 1.870 1.792 1.792 0.000 
5.000 39.810 -0.825 -0.650 -0.458 -0.311 -0.116 0.167 0.365 0.577 0.857 1.253 1.468 1.603 1.711 1.838 1.930 1.974 2.024 1.999 1.923 1.817 1.715 1.634 1.634 0.000 
5.000 50.120 -0.913 -0.743 -0.555 -0.411 -0.219 0.059 0.254 0.463 0.740 1.127 1.336 1.466 1.567 1.688 1.773 1.812 1.858 1.828 1.754 1.647 1.546 1.464 1.464 0.000 
5.000 63.100 -1.010 -0.845 -0.660 -0.520 -0.332 -0.060 0.133 0.340 0.613 0.990 1.192 1.317 1.411 1.526 1.604 1.637 1.679 1.643 1.571 1.464 1.366 1.285 1.285 0.000 
5.000 79.430 -1.117 -0.958 -0.777 -0.641 -0.456 -0.189 0.001 0.204 0.473 0.839 1.035 1.155 1.244 1.353 1.424 1.451 1.490 1.448 1.378 1.270 1.176 1.096 1.096 0.000 
5.000 100.000 -1.237 -1.084 -0.907 -0.774 -0.593 -0.332 -0.145 0.055 0.319 0.674 0.864 0.980 1.064 1.168 1.233 1.256 1.291 1.244 1.176 1.067 0.977 0.901 0.901 0.000 
5.000 125.890 -1.374 -1.226 -1.052 -0.923 -0.746 -0.491 -0.306 -0.110 0.149 0.492 0.677 0.791 0.870 0.972 1.032 1.050 1.083 1.031 0.965 0.857 0.771 0.698 0.698 0.000 
5.000 158.490 -1.529 -1.387 -1.217 -1.092 -0.919 -0.669 -0.487 -0.295 -0.042 0.291 0.471 0.585 0.661 0.763 0.821 0.834 0.866 0.811 0.748 0.639 0.558 0.489 0.489 0.000 
5.000 199.530 -1.709 -1.573 -1.407 -1.285 -1.116 -0.872 -0.693 -0.504 -0.257 0.065 0.242 0.359 0.434 0.539 0.596 0.608 0.640 0.582 0.523 0.415 0.338 0.273 0.273 0.000 
5.000 251.190 -1.918 -1.788 -1.626 -1.509 -1.343 -1.105 -0.929 -0.744 -0.502 -0.190 -0.015 0.108 0.186 0.297 0.358 0.369 0.403 0.345 0.290 0.182 0.110 0.049 0.049 0.000 
5.000 316.230 -2.165 -2.041 -1.883 -1.769 -1.608 -1.375 -1.202 -1.021 -0.785 -0.482 -0.307 -0.172 -0.090 0.033 0.102 0.115 0.154 0.098 0.049 -0.059 -0.127 -0.182 -0.182 0.000 
5.000 398.110 -2.460 -2.341 -2.187 -2.078 -1.920 -1.693 -1.523 -1.346 -1.116 -0.820 -0.641 -0.490 -0.398 -0.257 -0.174 -0.157 -0.108 -0.160 -0.202 -0.311 -0.373 -0.424 -0.424 0.000 
5.000 501.190 -2.813 -2.701 -2.550 -2.445 -2.291 -2.070 -1.903 -1.730 -1.506 -1.216 -1.030 -0.855 -0.748 -0.580 -0.476 -0.451 -0.389 -0.432 -0.466 -0.574 -0.632 -0.678 -0.678 0.000 
5.000 630.960 -3.241 -3.135 -2.988 -2.887 -2.737 -2.522 -2.358 -2.189 -1.970 -1.684 -1.486 -1.278 -1.149 -0.944 -0.810 -0.772 -0.691 -0.722 -0.744 -0.852 -0.905 -0.946 -0.946 0.000 
5.000 794.330 -3.763 -3.662 -3.519 -3.422 -3.276 -3.067 -2.906 -2.741 -2.528 -2.243 -2.027 -1.774 -1.615 -1.360 -1.184 -1.128 -1.019 -1.032 -1.040 -1.148 -1.196 -1.232 -1.232 0.000 
5.000 1000.000 -4.402 -4.307 -4.168 -4.075 -3.933 -3.730 -3.572 -3.411 -3.204 -2.916 -2.676 -2.363 -2.161 -1.840 -1.607 -1.525 -1.382 -1.368 -1.358 -1.467 -1.510 -1.541 -1.541 0.000 
5.250 1.000 0.013 0.232 0.454 0.630 0.851 1.164 1.375 1.541 1.695 1.984 2.152 2.276 2.395 2.529 2.627 2.695 2.771 2.809 2.779 2.728 2.674 2.731 2.731 0.000 
5.250 1.260 0.003 0.222 0.443 0.619 0.839 1.151 1.362 1.530 1.688 1.982 2.151 2.277 2.395 2.530 2.627 2.694 2.769 2.805 2.772 2.719 2.664 2.718 2.718 0.000 
5.250 1.580 -0.008 0.210 0.430 0.606 0.825 1.136 1.346 1.516 1.680 1.979 2.151 2.277 2.396 2.530 2.628 2.693 2.766 2.799 2.764 2.709 2.652 2.703 2.703 0.000 
5.250 2.000 -0.022 0.195 0.414 0.589 0.807 1.118 1.327 1.499 1.669 1.975 2.150 2.278 2.397 2.531 2.628 2.692 2.763 2.793 2.754 2.697 2.638 2.686 2.686 0.000 
5.250 2.510 -0.039 0.177 0.395 0.569 0.786 1.095 1.304 1.479 1.656 1.969 2.148 2.278 2.397 2.532 2.628 2.691 2.760 2.785 2.743 2.682 2.622 2.664 2.664 0.000 
5.250 3.160 -0.058 0.155 0.373 0.545 0.762 1.069 1.277 1.455 1.640 1.962 2.146 2.277 2.397 2.532 2.628 2.689 2.756 2.777 2.729 2.666 2.602 2.639 2.639 0.000 
5.250 3.980 -0.082 0.130 0.346 0.517 0.732 1.038 1.245 1.426 1.621 1.953 2.141 2.275 2.395 2.531 2.627 2.686 2.751 2.766 2.714 2.646 2.580 2.609 2.609 0.000 
5.250 5.010 -0.109 0.100 0.315 0.485 0.698 1.001 1.207 1.392 1.598 1.940 2.134 2.269 2.390 2.526 2.623 2.681 2.743 2.753 2.695 2.623 2.553 2.574 2.574 0.000 
5.250 6.310 -0.141 0.065 0.279 0.447 0.658 0.959 1.164 1.352 1.569 1.923 2.122 2.259 2.381 2.518 2.614 2.671 2.731 2.736 2.673 2.596 2.521 2.532 2.532 0.000 
5.250 7.940 -0.178 0.026 0.237 0.403 0.613 0.910 1.114 1.306 1.534 1.898 2.102 2.242 2.364 2.501 2.599 2.655 2.713 2.712 2.644 2.562 2.483 2.482 2.482 0.000 
5.250 10.000 -0.219 -0.019 0.190 0.354 0.562 0.856 1.058 1.253 1.492 1.866 2.074 2.215 2.337 2.475 2.573 2.628 2.684 2.679 2.606 2.519 2.435 2.422 2.422 0.000 
5.250 12.590 -0.266 -0.069 0.137 0.299 0.504 0.795 0.995 1.193 1.441 1.822 2.034 2.176 2.297 2.435 2.534 2.587 2.643 2.633 2.557 2.465 2.377 2.350 2.350 0.000 
5.250 15.850 -0.318 -0.125 0.079 0.238 0.440 0.727 0.925 1.126 1.381 1.767 1.981 2.122 2.241 2.378 2.477 2.530 2.584 2.571 2.492 2.396 2.303 2.263 2.263 0.000 
5.250 19.950 -0.376 -0.187 0.014 0.170 0.370 0.652 0.848 1.050 1.310 1.699 1.913 2.052 2.169 2.304 2.402 2.452 2.505 2.489 2.409 2.310 2.213 2.161 2.161 0.000 
5.250 25.120 -0.439 -0.255 -0.057 0.096 0.293 0.571 0.765 0.966 1.230 1.618 1.830 1.967 2.080 2.211 2.307 2.355 2.406 2.386 2.307 2.204 2.106 2.044 2.044 0.000 
5.250 31.620 -0.509 -0.330 -0.135 0.015 0.209 0.482 0.673 0.874 1.139 1.523 1.733 1.866 1.974 2.101 2.192 2.237 2.286 2.262 2.184 2.080 1.980 1.910 1.910 0.000 
5.250 39.810 -0.586 -0.412 -0.220 -0.073 0.117 0.385 0.574 0.774 1.038 1.416 1.621 1.750 1.853 1.974 2.061 2.101 2.147 2.119 2.042 1.936 1.836 1.761 1.761 0.000 
5.250 50.120 -0.671 -0.502 -0.313 -0.170 0.017 0.280 0.466 0.664 0.926 1.296 1.496 1.620 1.717 1.833 1.913 1.949 1.992 1.959 1.883 1.777 1.678 1.600 1.600 0.000 
5.250 63.100 -0.765 -0.601 -0.416 -0.276 -0.093 0.165 0.348 0.543 0.802 1.163 1.357 1.476 1.567 1.678 1.752 1.782 1.822 1.784 1.710 1.603 1.506 1.427 1.427 0.000 
5.250 79.430 -0.870 -0.711 -0.530 -0.394 -0.214 0.038 0.219 0.411 0.666 1.017 1.205 1.320 1.405 1.510 1.578 1.603 1.639 1.596 1.525 1.416 1.323 1.245 1.245 0.000 
5.250 100.000 -0.987 -0.834 -0.657 -0.524 -0.348 -0.102 0.077 0.265 0.516 0.856 1.038 1.150 1.230 1.331 1.393 1.413 1.446 1.398 1.329 1.220 1.130 1.055 1.055 0.000 
5.250 125.890 -1.121 -0.973 -0.799 -0.671 -0.499 -0.257 -0.082 0.103 0.349 0.678 0.855 0.964 1.040 1.139 1.196 1.212 1.243 1.191 1.124 1.015 0.929 0.857 0.857 0.000 
5.250 158.490 -1.273 -1.132 -0.962 -0.837 -0.669 -0.433 -0.261 -0.079 0.161 0.480 0.652 0.762 0.835 0.933 0.988 1.001 1.031 0.975 0.910 0.802 0.720 0.651 0.651 0.000 
5.250 199.530 -1.450 -1.314 -1.148 -1.027 -0.863 -0.633 -0.464 -0.286 -0.051 0.257 0.426 0.539 0.611 0.713 0.768 0.778 0.808 0.750 0.690 0.581 0.504 0.439 0.439 0.000 
5.250 251.190 -1.657 -1.527 -1.365 -1.248 -1.087 -0.863 -0.697 -0.523 -0.293 0.005 0.172 0.291 0.366 0.474 0.533 0.542 0.575 0.516 0.460 0.352 0.279 0.219 0.219 0.000 
5.250 316.230 -1.902 -1.778 -1.619 -1.506 -1.349 -1.131 -0.968 -0.797 -0.574 -0.285 -0.116 0.014 0.093 0.213 0.280 0.291 0.330 0.272 0.222 0.114 0.046 -0.010 -0.010 0.000 
5.250 398.110 -2.194 -2.075 -1.921 -1.812 -1.659 -1.447 -1.286 -1.119 -0.902 -0.620 -0.448 -0.301 -0.212 -0.074 0.007 0.022 0.070 0.017 -0.026 -0.135 -0.198 -0.249 -0.249 0.000 
5.250 501.190 -2.545 -2.432 -2.282 -2.176 -2.027 -1.821 -1.663 -1.501 -1.289 -1.013 -0.834 -0.663 -0.559 -0.394 -0.292 -0.269 -0.208 -0.252 -0.286 -0.395 -0.453 -0.499 -0.499 0.000 
5.250 630.960 -2.970 -2.863 -2.717 -2.615 -2.470 -2.270 -2.115 -1.957 -1.751 -1.478 -1.288 -1.084 -0.957 -0.756 -0.624 -0.587 -0.507 -0.539 -0.561 -0.670 -0.723 -0.765 -0.765 0.000 
5.250 794.330 -3.489 -3.388 -3.246 -3.148 -3.007 -2.813 -2.661 -2.506 -2.306 -2.035 -1.826 -1.577 -1.420 -1.169 -0.995 -0.940 -0.833 -0.846 -0.855 -0.964 -1.012 -1.048 -1.048 0.000 
5.250 1000.000 -4.125 -4.031 -3.892 -3.799 -3.662 -3.473 -3.324 -3.174 -2.979 -2.705 -2.472 -2.163 -1.965 -1.646 -1.416 -1.335 -1.192 -1.180 -1.171 -1.280 -1.323 -1.354 -1.354 0.000 
5.500 1.000 0.208 0.425 0.645 0.820 1.034 1.331 1.533 1.682 1.812 2.067 2.216 2.327 2.434 2.557 2.645 2.707 2.779 2.816 2.790 2.742 2.693 2.758 2.758 0.000 
5.500 1.260 0.199 0.416 0.635 0.810 1.024 1.320 1.521 1.672 1.805 2.065 2.216 2.327 2.435 2.558 2.645 2.706 2.777 2.811 2.783 2.734 2.684 2.747 2.747 0.000 
5.500 1.580 0.189 0.405 0.624 0.798 1.011 1.306 1.507 1.660 1.798 2.062 2.215 2.328 2.436 2.558 2.645 2.705 2.774 2.805 2.775 2.724 2.672 2.733 2.733 0.000 
5.500 2.000 0.177 0.391 0.610 0.783 0.995 1.290 1.490 1.645 1.788 2.059 2.215 2.329 2.437 2.559 2.645 2.704 2.771 2.799 2.765 2.712 2.659 2.716 2.716 0.000 
5.500 2.510 0.162 0.375 0.592 0.765 0.976 1.269 1.469 1.626 1.777 2.055 2.214 2.329 2.438 2.560 2.645 2.702 2.768 2.792 2.754 2.698 2.644 2.697 2.697 0.000 
5.500 3.160 0.144 0.355 0.572 0.743 0.954 1.245 1.444 1.604 1.763 2.049 2.213 2.330 2.438 2.561 2.645 2.701 2.764 2.783 2.742 2.682 2.626 2.673 2.673 0.000 
5.500 3.980 0.123 0.332 0.548 0.718 0.927 1.217 1.415 1.578 1.746 2.042 2.210 2.329 2.438 2.562 2.645 2.699 2.760 2.774 2.727 2.664 2.605 2.646 2.646 0.000 
5.500 5.010 0.097 0.305 0.519 0.688 0.896 1.183 1.380 1.547 1.725 2.033 2.206 2.327 2.437 2.560 2.644 2.696 2.754 2.763 2.710 2.643 2.580 2.614 2.614 0.000 
5.500 6.310 0.068 0.273 0.486 0.653 0.859 1.144 1.340 1.511 1.700 2.019 2.198 2.321 2.432 2.556 2.640 2.691 2.746 2.749 2.691 2.619 2.552 2.576 2.576 0.000 
5.500 7.940 0.034 0.237 0.447 0.613 0.817 1.099 1.293 1.469 1.670 2.000 2.185 2.311 2.422 2.547 2.631 2.681 2.733 2.731 2.667 2.589 2.518 2.532 2.532 0.000 
5.500 10.000 -0.004 0.195 0.403 0.567 0.769 1.048 1.241 1.420 1.633 1.974 2.164 2.292 2.403 2.529 2.615 2.663 2.714 2.705 2.636 2.553 2.477 2.479 2.479 0.000 
5.500 12.590 -0.048 0.148 0.354 0.515 0.715 0.991 1.182 1.364 1.588 1.939 2.134 2.263 2.374 2.501 2.587 2.634 2.683 2.670 2.596 2.508 2.427 2.415 2.415 0.000 
5.500 15.850 -0.097 0.095 0.299 0.457 0.655 0.927 1.115 1.301 1.534 1.893 2.090 2.220 2.331 2.457 2.544 2.590 2.638 2.621 2.543 2.451 2.365 2.340 2.340 0.000 
5.500 19.950 -0.151 0.037 0.237 0.393 0.588 0.856 1.042 1.230 1.470 1.833 2.033 2.163 2.271 2.397 2.484 2.528 2.575 2.554 2.475 2.378 2.288 2.249 2.249 0.000 
5.500 25.120 -0.212 -0.028 0.170 0.322 0.514 0.778 0.962 1.151 1.396 1.761 1.961 2.088 2.194 2.318 2.403 2.446 2.492 2.467 2.387 2.287 2.194 2.143 2.143 0.000 
5.500 31.620 -0.279 -0.100 0.095 0.245 0.433 0.692 0.874 1.063 1.311 1.675 1.873 1.998 2.100 2.220 2.303 2.343 2.388 2.359 2.280 2.177 2.081 2.021 2.021 0.000 
5.500 39.810 -0.353 -0.179 0.013 0.159 0.345 0.599 0.779 0.966 1.215 1.575 1.769 1.891 1.989 2.105 2.184 2.220 2.263 2.231 2.152 2.048 1.951 1.883 1.883 0.000 
5.500 50.120 -0.434 -0.265 -0.077 0.066 0.248 0.497 0.674 0.860 1.108 1.461 1.652 1.769 1.861 1.973 2.047 2.079 2.119 2.083 2.006 1.900 1.804 1.731 1.731 0.000 
5.500 63.100 -0.525 -0.362 -0.177 -0.038 0.141 0.385 0.559 0.743 0.989 1.334 1.519 1.633 1.719 1.826 1.894 1.922 1.959 1.919 1.844 1.736 1.641 1.567 1.567 0.000 
5.500 79.430 -0.627 -0.469 -0.288 -0.152 0.023 0.261 0.433 0.614 0.857 1.192 1.372 1.482 1.563 1.665 1.728 1.751 1.785 1.740 1.667 1.559 1.466 1.391 1.391 0.000 
5.500 100.000 -0.742 -0.589 -0.412 -0.280 -0.109 0.124 0.294 0.472 0.710 1.035 1.210 1.316 1.393 1.491 1.549 1.567 1.599 1.549 1.478 1.370 1.280 1.207 1.207 0.000 
5.500 125.890 -0.873 -0.726 -0.552 -0.423 -0.256 -0.029 0.138 0.313 0.546 0.861 1.030 1.135 1.208 1.304 1.358 1.372 1.401 1.347 1.279 1.171 1.085 1.013 1.013 0.000 
5.500 158.490 -1.023 -0.881 -0.712 -0.587 -0.423 -0.202 -0.038 0.133 0.362 0.666 0.831 0.937 1.007 1.102 1.154 1.165 1.194 1.136 1.071 0.962 0.881 0.812 0.812 0.000 
5.500 199.530 -1.197 -1.061 -0.895 -0.775 -0.615 -0.399 -0.238 -0.070 0.153 0.447 0.609 0.717 0.787 0.885 0.937 0.946 0.975 0.916 0.854 0.746 0.668 0.604 0.604 0.000 
5.500 251.190 -1.402 -1.272 -1.109 -0.992 -0.836 -0.626 -0.468 -0.305 -0.087 0.197 0.358 0.473 0.545 0.650 0.706 0.714 0.746 0.686 0.629 0.520 0.447 0.387 0.387 0.000 
5.500 316.230 -1.644 -1.519 -1.361 -1.248 -1.096 -0.892 -0.737 -0.577 -0.365 -0.089 0.072 0.198 0.275 0.392 0.457 0.467 0.504 0.446 0.395 0.285 0.217 0.162 0.162 0.000 
5.500 398.110 -1.933 -1.814 -1.660 -1.551 -1.403 -1.204 -1.052 -0.896 -0.690 -0.422 -0.257 -0.114 -0.027 0.108 0.186 0.201 0.247 0.193 0.149 0.040 -0.023 -0.074 -0.074 0.000 
5.500 501.190 -2.281 -2.169 -2.018 -1.913 -1.769 -1.576 -1.427 -1.275 -1.075 -0.812 -0.640 -0.473 -0.371 -0.209 -0.110 -0.087 -0.028 -0.073 -0.108 -0.217 -0.275 -0.322 -0.322 0.000 
5.500 630.960 -2.704 -2.597 -2.451 -2.350 -2.209 -2.023 -1.876 -1.728 -1.534 -1.275 -1.091 -0.891 -0.767 -0.568 -0.438 -0.403 -0.324 -0.357 -0.380 -0.489 -0.543 -0.584 -0.584 0.000 
5.500 794.330 -3.220 -3.120 -2.977 -2.880 -2.743 -2.563 -2.420 -2.275 -2.087 -1.828 -1.627 -1.382 -1.228 -0.978 -0.807 -0.753 -0.647 -0.662 -0.671 -0.780 -0.829 -0.865 -0.865 0.000 
5.500 1000.000 -3.854 -3.760 -3.621 -3.528 -3.395 -3.221 -3.080 -2.940 -2.757 -2.496 -2.270 -1.965 -1.769 -1.453 -1.225 -1.146 -1.004 -0.993 -0.984 -1.093 -1.137 -1.168 -1.168 0.000 
5.750 1.000 0.399 0.614 0.832 1.006 1.214 1.496 1.688 1.822 1.926 2.150 2.280 2.377 2.474 2.586 2.663 2.720 2.789 2.823 2.802 2.757 2.714 2.787 2.787 0.000 
5.750 1.260 0.392 0.606 0.824 0.997 1.205 1.486 1.678 1.813 1.921 2.148 2.279 2.378 2.475 2.586 2.662 2.718 2.786 2.818 2.795 2.749 2.705 2.776 2.776 0.000 
5.750 1.580 0.383 0.596 0.813 0.986 1.193 1.474 1.665 1.802 1.914 2.145 2.279 2.378 2.475 2.587 2.662 2.717 2.783 2.812 2.787 2.739 2.694 2.763 2.763 0.000 
5.750 2.000 0.371 0.584 0.801 0.973 1.179 1.459 1.649 1.788 1.905 2.142 2.279 2.379 2.476 2.587 2.662 2.715 2.779 2.806 2.778 2.728 2.681 2.748 2.748 0.000 
5.750 2.510 0.358 0.569 0.785 0.956 1.162 1.440 1.630 1.771 1.895 2.139 2.278 2.380 2.477 2.588 2.662 2.714 2.776 2.799 2.767 2.715 2.666 2.729 2.729 0.000 
5.750 3.160 0.342 0.552 0.767 0.937 1.142 1.418 1.608 1.752 1.883 2.134 2.278 2.381 2.478 2.589 2.662 2.712 2.772 2.790 2.754 2.699 2.649 2.708 2.708 0.000 
5.750 3.980 0.322 0.531 0.745 0.914 1.117 1.392 1.581 1.728 1.868 2.129 2.277 2.381 2.479 2.590 2.662 2.711 2.768 2.781 2.740 2.682 2.629 2.682 2.682 0.000 
5.750 5.010 0.300 0.506 0.718 0.886 1.089 1.362 1.549 1.700 1.850 2.121 2.274 2.381 2.479 2.591 2.663 2.709 2.763 2.771 2.725 2.662 2.606 2.653 2.653 0.000 
5.750 6.310 0.273 0.477 0.688 0.854 1.055 1.326 1.512 1.667 1.828 2.111 2.270 2.379 2.478 2.590 2.661 2.706 2.757 2.759 2.707 2.640 2.580 2.618 2.618 0.000 
5.750 7.940 0.242 0.443 0.652 0.817 1.016 1.284 1.469 1.628 1.801 2.097 2.261 2.373 2.473 2.586 2.657 2.700 2.748 2.744 2.686 2.613 2.550 2.578 2.578 0.000 
5.750 10.000 0.206 0.404 0.612 0.774 0.971 1.236 1.420 1.583 1.769 2.076 2.247 2.361 2.462 2.576 2.648 2.689 2.735 2.725 2.660 2.582 2.514 2.531 2.531 0.000 
5.750 12.590 0.165 0.360 0.565 0.726 0.921 1.182 1.364 1.531 1.729 2.048 2.225 2.341 2.442 2.557 2.630 2.670 2.714 2.698 2.627 2.544 2.471 2.475 2.475 0.000 
5.750 15.850 0.119 0.311 0.513 0.671 0.864 1.122 1.302 1.473 1.681 2.010 2.192 2.309 2.410 2.526 2.600 2.639 2.681 2.660 2.585 2.497 2.418 2.409 2.409 0.000 
5.750 19.950 0.068 0.255 0.455 0.610 0.800 1.054 1.233 1.406 1.624 1.961 2.145 2.263 2.364 2.479 2.554 2.592 2.633 2.607 2.529 2.436 2.353 2.329 2.329 0.000 
5.750 25.120 0.010 0.193 0.391 0.543 0.730 0.980 1.156 1.331 1.556 1.897 2.083 2.201 2.300 2.414 2.489 2.525 2.566 2.537 2.457 2.359 2.272 2.235 2.235 0.000 
5.750 31.620 -0.053 0.125 0.319 0.469 0.652 0.898 1.072 1.248 1.478 1.820 2.006 2.122 2.218 2.330 2.404 2.438 2.478 2.445 2.365 2.264 2.173 2.125 2.125 0.000 
5.750 39.810 -0.124 0.049 0.240 0.386 0.567 0.808 0.979 1.155 1.388 1.728 1.912 2.026 2.118 2.227 2.298 2.330 2.368 2.332 2.253 2.149 2.057 1.999 1.999 0.000 
5.750 50.120 -0.203 -0.035 0.153 0.296 0.473 0.709 0.878 1.053 1.286 1.621 1.802 1.913 2.001 2.106 2.174 2.202 2.239 2.199 2.121 2.015 1.922 1.857 1.857 0.000 
5.750 63.100 -0.291 -0.128 0.056 0.196 0.370 0.600 0.766 0.939 1.171 1.500 1.677 1.784 1.867 1.968 2.032 2.056 2.090 2.047 1.971 1.864 1.771 1.702 1.702 0.000 
5.750 79.430 -0.391 -0.232 -0.052 0.084 0.255 0.480 0.643 0.814 1.043 1.364 1.536 1.640 1.718 1.815 1.874 1.894 1.926 1.878 1.804 1.696 1.605 1.534 1.534 0.000 
5.750 100.000 -0.503 -0.350 -0.173 -0.041 0.126 0.346 0.507 0.675 0.900 1.212 1.379 1.480 1.554 1.648 1.702 1.718 1.748 1.696 1.624 1.515 1.427 1.356 1.356 0.000 
5.750 125.890 -0.631 -0.483 -0.310 -0.182 -0.018 0.196 0.354 0.519 0.740 1.041 1.204 1.304 1.374 1.466 1.517 1.529 1.557 1.501 1.432 1.323 1.238 1.168 1.168 0.000 
5.750 158.490 -0.778 -0.637 -0.467 -0.342 -0.183 0.026 0.181 0.342 0.559 0.850 1.008 1.109 1.177 1.269 1.318 1.327 1.354 1.295 1.229 1.120 1.039 0.972 0.972 0.000 
5.750 199.530 -0.950 -0.814 -0.648 -0.527 -0.372 -0.169 -0.016 0.141 0.353 0.634 0.789 0.894 0.960 1.056 1.105 1.113 1.140 1.080 1.018 0.908 0.831 0.767 0.767 0.000 
5.750 251.190 -1.151 -1.021 -0.859 -0.742 -0.591 -0.394 -0.244 -0.090 0.116 0.388 0.542 0.653 0.722 0.824 0.878 0.884 0.915 0.854 0.796 0.687 0.614 0.554 0.554 0.000 
5.750 316.230 -1.391 -1.267 -1.108 -0.995 -0.847 -0.656 -0.510 -0.359 -0.159 0.104 0.259 0.381 0.455 0.570 0.632 0.640 0.677 0.617 0.565 0.456 0.388 0.332 0.332 0.000 
5.750 398.110 -1.677 -1.559 -1.405 -1.295 -1.152 -0.966 -0.822 -0.676 -0.481 -0.226 -0.067 0.072 0.156 0.289 0.365 0.378 0.423 0.368 0.324 0.214 0.151 0.100 0.100 0.000 
5.750 501.190 -2.023 -1.911 -1.760 -1.655 -1.515 -1.336 -1.195 -1.052 -0.863 -0.613 -0.447 -0.285 -0.185 -0.026 0.071 0.093 0.152 0.105 0.069 -0.040 -0.099 -0.145 -0.145 0.000 
5.750 630.960 -2.443 -2.337 -2.190 -2.089 -1.953 -1.779 -1.642 -1.503 -1.320 -1.073 -0.896 -0.700 -0.578 -0.382 -0.254 -0.220 -0.142 -0.176 -0.200 -0.310 -0.363 -0.405 -0.405 0.000 
5.750 794.330 -2.957 -2.857 -2.714 -2.617 -2.485 -2.317 -2.182 -2.047 -1.870 -1.624 -1.429 -1.188 -1.036 -0.789 -0.620 -0.567 -0.462 -0.478 -0.488 -0.597 -0.646 -0.683 -0.683 0.000 
5.750 1000.000 -3.589 -3.494 -3.356 -3.262 -3.134 -2.972 -2.840 -2.710 -2.538 -2.289 -2.069 -1.769 -1.575 -1.262 -1.036 -0.957 -0.817 -0.806 -0.798 -0.908 -0.952 -0.984 -0.984 0.000 
6.000 1.000 0.587 0.799 1.016 1.188 1.391 1.658 1.841 1.960 2.040 2.232 2.344 2.428 2.515 2.616 2.682 2.734 2.799 2.832 2.816 2.774 2.736 2.817 2.817 0.000 
6.000 1.260 0.580 0.792 1.009 1.180 1.382 1.649 1.832 1.952 2.035 2.230 2.343 2.428 2.515 2.615 2.681 2.732 2.796 2.827 2.809 2.766 2.727 2.807 2.807 0.000 
6.000 1.580 0.572 0.783 0.999 1.170 1.372 1.638 1.820 1.941 2.029 2.228 2.343 2.429 2.515 2.615 2.680 2.730 2.793 2.821 2.801 2.757 2.717 2.795 2.795 0.000 
6.000 2.000 0.562 0.772 0.988 1.158 1.360 1.624 1.806 1.929 2.021 2.225 2.343 2.429 2.515 2.615 2.679 2.728 2.789 2.814 2.792 2.746 2.705 2.780 2.780 0.000 
6.000 2.510 0.550 0.759 0.974 1.144 1.344 1.608 1.789 1.914 2.012 2.222 2.342 2.430 2.516 2.616 2.679 2.726 2.785 2.807 2.781 2.733 2.690 2.763 2.763 0.000 
6.000 3.160 0.536 0.743 0.957 1.126 1.326 1.588 1.769 1.896 2.001 2.218 2.342 2.430 2.517 2.617 2.679 2.724 2.780 2.798 2.768 2.718 2.673 2.742 2.742 0.000 
6.000 3.980 0.518 0.724 0.937 1.105 1.303 1.564 1.744 1.875 1.988 2.213 2.341 2.431 2.518 2.618 2.679 2.722 2.776 2.789 2.754 2.700 2.654 2.718 2.718 0.000 
6.000 5.010 0.497 0.702 0.913 1.080 1.277 1.536 1.715 1.849 1.971 2.207 2.340 2.432 2.520 2.619 2.679 2.720 2.771 2.779 2.739 2.681 2.632 2.691 2.691 0.000 
6.000 6.310 0.473 0.675 0.885 1.050 1.246 1.503 1.681 1.819 1.952 2.199 2.338 2.432 2.520 2.620 2.679 2.719 2.766 2.767 2.722 2.660 2.608 2.659 2.659 0.000 
6.000 7.940 0.444 0.644 0.852 1.016 1.210 1.464 1.641 1.783 1.929 2.188 2.333 2.430 2.519 2.619 2.678 2.715 2.760 2.754 2.702 2.635 2.580 2.622 2.622 0.000 
6.000 10.000 0.411 0.608 0.815 0.976 1.169 1.420 1.595 1.742 1.900 2.173 2.324 2.424 2.513 2.615 2.674 2.709 2.751 2.739 2.680 2.608 2.548 2.579 2.579 0.000 
6.000 12.590 0.373 0.567 0.772 0.931 1.121 1.370 1.543 1.694 1.866 2.151 2.309 2.411 2.502 2.604 2.664 2.698 2.737 2.718 2.653 2.575 2.510 2.530 2.530 0.000 
6.000 15.850 0.330 0.520 0.723 0.880 1.068 1.312 1.484 1.640 1.823 2.121 2.284 2.389 2.480 2.583 2.645 2.677 2.714 2.690 2.619 2.535 2.465 2.471 2.471 0.000 
6.000 19.950 0.282 0.468 0.668 0.822 1.008 1.249 1.419 1.578 1.772 2.080 2.248 2.355 2.445 2.550 2.612 2.643 2.679 2.650 2.574 2.485 2.409 2.401 2.401 0.000 
6.000 25.120 0.227 0.410 0.606 0.758 0.941 1.178 1.345 1.507 1.711 2.026 2.197 2.305 2.395 2.499 2.563 2.593 2.627 2.594 2.515 2.421 2.340 2.319 2.319 0.000 
6.000 31.620 0.166 0.344 0.538 0.687 0.867 1.099 1.265 1.428 1.639 1.958 2.131 2.238 2.326 2.430 2.493 2.522 2.556 2.519 2.439 2.340 2.256 2.220 2.220 0.000 
6.000 39.810 0.098 0.272 0.462 0.608 0.785 1.012 1.176 1.340 1.555 1.875 2.047 2.153 2.239 2.340 2.403 2.430 2.463 2.423 2.342 2.241 2.153 2.106 2.106 0.000 
6.000 50.120 0.022 0.191 0.378 0.521 0.694 0.917 1.078 1.241 1.459 1.776 1.947 2.051 2.133 2.232 2.292 2.317 2.349 2.305 2.226 2.122 2.032 1.976 1.976 0.000 
6.000 63.100 -0.063 0.100 0.284 0.423 0.593 0.811 0.969 1.132 1.350 1.662 1.830 1.931 2.009 2.105 2.162 2.183 2.214 2.167 2.089 1.983 1.893 1.831 1.831 0.000 
6.000 79.430 -0.159 -0.001 0.179 0.315 0.481 0.694 0.849 1.010 1.226 1.532 1.695 1.794 1.868 1.961 2.014 2.032 2.061 2.010 1.935 1.828 1.738 1.672 1.672 0.000 
6.000 100.000 -0.268 -0.116 0.061 0.193 0.356 0.563 0.716 0.874 1.087 1.385 1.544 1.641 1.711 1.801 1.851 1.865 1.892 1.837 1.764 1.656 1.569 1.501 1.501 0.000 
6.000 125.890 -0.394 -0.247 -0.073 0.055 0.214 0.416 0.566 0.721 0.931 1.219 1.374 1.470 1.536 1.625 1.672 1.683 1.708 1.651 1.581 1.472 1.388 1.320 1.320 0.000 
6.000 158.490 -0.538 -0.397 -0.227 -0.103 0.052 0.248 0.396 0.548 0.753 1.031 1.183 1.280 1.344 1.433 1.479 1.487 1.512 1.452 1.385 1.276 1.195 1.129 1.129 0.000 
6.000 199.530 -0.707 -0.572 -0.406 -0.285 -0.134 0.057 0.201 0.350 0.550 0.819 0.968 1.068 1.132 1.225 1.271 1.277 1.304 1.241 1.178 1.069 0.992 0.929 0.929 0.000 
6.000 251.190 -0.906 -0.777 -0.615 -0.498 -0.350 -0.165 -0.024 0.121 0.317 0.576 0.724 0.830 0.897 0.997 1.048 1.053 1.083 1.020 0.962 0.852 0.780 0.720 0.720 0.000 
6.000 316.230 -1.143 -1.019 -0.861 -0.748 -0.604 -0.425 -0.286 -0.145 0.044 0.295 0.444 0.562 0.634 0.746 0.805 0.813 0.848 0.787 0.735 0.625 0.557 0.502 0.502 0.000 
6.000 398.110 -1.427 -1.309 -1.155 -1.045 -0.906 -0.733 -0.597 -0.459 -0.275 -0.031 0.121 0.256 0.338 0.468 0.542 0.554 0.598 0.542 0.497 0.387 0.323 0.272 0.272 0.000 
6.000 501.190 -1.770 -1.658 -1.508 -1.402 -1.266 -1.099 -0.966 -0.833 -0.654 -0.416 -0.257 -0.098 -0.001 0.157 0.251 0.272 0.329 0.282 0.246 0.136 0.077 0.030 0.030 0.000 
6.000 630.960 -2.188 -2.082 -1.935 -1.834 -1.702 -1.541 -1.411 -1.281 -1.108 -0.874 -0.702 -0.510 -0.391 -0.196 -0.071 -0.038 0.039 0.004 -0.021 -0.131 -0.185 -0.226 -0.226 0.000 
6.000 794.330 -2.699 -2.599 -2.456 -2.359 -2.231 -2.076 -1.948 -1.823 -1.656 -1.422 -1.233 -0.996 -0.846 -0.601 -0.434 -0.383 -0.279 -0.295 -0.306 -0.415 -0.465 -0.502 -0.502 0.000 
6.000 1000.000 -3.328 -3.234 -3.095 -3.002 -2.878 -2.728 -2.604 -2.482 -2.322 -2.084 -1.870 -1.574 -1.382 -1.071 -0.847 -0.770 -0.630 -0.620 -0.613 -0.723 -0.767 -0.800 -0.800 0.000 
6.250 1.000 0.771 0.981 1.196 1.367 1.564 1.817 1.992 2.096 2.153 2.314 2.408 2.480 2.556 2.646 2.703 2.750 2.812 2.843 2.832 2.793 2.760 2.848 2.848 0.000 
6.250 1.260 0.765 0.975 1.190 1.360 1.557 1.809 1.984 2.089 2.149 2.312 2.408 2.480 2.556 2.646 2.701 2.747 2.809 2.838 2.825 2.785 2.751 2.839 2.839 0.000 
6.250 1.580 0.758 0.967 1.181 1.351 1.547 1.799 1.973 2.080 2.143 2.310 2.407 2.479 2.556 2.645 2.700 2.745 2.805 2.832 2.817 2.776 2.741 2.827 2.827 0.000 
6.250 2.000 0.749 0.957 1.171 1.340 1.536 1.787 1.961 2.068 2.136 2.307 2.406 2.479 2.556 2.645 2.698 2.742 2.800 2.825 2.807 2.765 2.730 2.814 2.814 0.000 
6.250 2.510 0.738 0.945 1.159 1.327 1.522 1.772 1.945 2.055 2.128 2.304 2.406 2.480 2.556 2.644 2.697 2.739 2.795 2.817 2.796 2.752 2.716 2.797 2.797 0.000 
6.250 3.160 0.725 0.931 1.144 1.311 1.505 1.754 1.927 2.039 2.117 2.300 2.405 2.480 2.556 2.644 2.696 2.737 2.790 2.808 2.784 2.737 2.699 2.778 2.778 0.000 
6.250 3.980 0.709 0.914 1.125 1.292 1.485 1.733 1.904 2.019 2.105 2.296 2.404 2.481 2.557 2.645 2.696 2.734 2.785 2.798 2.770 2.720 2.681 2.755 2.755 0.000 
6.250 5.010 0.691 0.893 1.104 1.269 1.461 1.707 1.878 1.996 2.091 2.291 2.404 2.482 2.558 2.646 2.695 2.732 2.780 2.787 2.754 2.701 2.659 2.729 2.729 0.000 
6.250 6.310 0.668 0.869 1.078 1.242 1.433 1.677 1.846 1.968 2.073 2.284 2.403 2.483 2.560 2.648 2.696 2.730 2.774 2.776 2.737 2.680 2.635 2.699 2.699 0.000 
6.250 7.940 0.642 0.840 1.048 1.210 1.400 1.641 1.810 1.935 2.053 2.276 2.400 2.483 2.560 2.649 2.696 2.728 2.769 2.763 2.718 2.657 2.609 2.664 2.664 0.000 
6.250 10.000 0.612 0.807 1.013 1.174 1.361 1.600 1.767 1.897 2.028 2.264 2.395 2.481 2.559 2.648 2.695 2.724 2.762 2.750 2.698 2.631 2.579 2.625 2.625 0.000 
6.250 12.590 0.576 0.769 0.973 1.131 1.317 1.553 1.718 1.853 1.997 2.248 2.385 2.474 2.553 2.643 2.691 2.718 2.752 2.733 2.674 2.602 2.545 2.580 2.580 0.000 
6.250 15.850 0.536 0.725 0.927 1.083 1.267 1.499 1.663 1.803 1.960 2.224 2.369 2.460 2.540 2.632 2.680 2.706 2.737 2.711 2.645 2.567 2.505 2.528 2.528 0.000 
6.250 19.950 0.491 0.676 0.875 1.029 1.210 1.438 1.601 1.745 1.915 2.191 2.342 2.436 2.517 2.609 2.659 2.683 2.713 2.681 2.609 2.525 2.458 2.467 2.467 0.000 
6.250 25.120 0.439 0.620 0.817 0.968 1.146 1.371 1.531 1.679 1.860 2.147 2.302 2.398 2.479 2.572 2.624 2.647 2.676 2.638 2.562 2.472 2.400 2.394 2.394 0.000 
6.250 31.620 0.381 0.558 0.752 0.900 1.075 1.296 1.454 1.604 1.795 2.088 2.247 2.344 2.424 2.518 2.570 2.592 2.620 2.579 2.500 2.405 2.328 2.308 2.308 0.000 
6.250 39.810 0.316 0.489 0.679 0.824 0.997 1.212 1.368 1.520 1.717 2.015 2.175 2.272 2.350 2.444 2.496 2.517 2.545 2.500 2.420 2.321 2.239 2.206 2.206 0.000 
6.250 50.120 0.243 0.411 0.598 0.740 0.909 1.120 1.273 1.426 1.627 1.925 2.085 2.181 2.257 2.349 2.401 2.420 2.447 2.399 2.319 2.217 2.133 2.088 2.088 0.000 
6.250 63.100 0.160 0.323 0.507 0.646 0.812 1.017 1.168 1.320 1.524 1.818 1.977 2.071 2.144 2.234 2.284 2.301 2.328 2.277 2.198 2.094 2.008 1.954 1.954 0.000 
6.250 79.430 0.067 0.225 0.405 0.540 0.703 0.903 1.052 1.202 1.405 1.695 1.850 1.943 2.013 2.101 2.148 2.163 2.188 2.134 2.058 1.951 1.865 1.805 1.805 0.000 
6.250 100.000 -0.039 0.113 0.290 0.421 0.580 0.775 0.921 1.070 1.271 1.554 1.706 1.797 1.863 1.949 1.994 2.006 2.030 1.973 1.899 1.791 1.706 1.643 1.643 0.000 
6.250 125.890 -0.162 -0.015 0.158 0.286 0.441 0.631 0.774 0.920 1.118 1.393 1.541 1.632 1.695 1.781 1.824 1.832 1.855 1.796 1.725 1.616 1.533 1.469 1.469 0.000 
6.250 158.490 -0.304 -0.163 0.007 0.131 0.282 0.467 0.607 0.750 0.944 1.210 1.355 1.447 1.509 1.595 1.637 1.643 1.667 1.604 1.537 1.428 1.347 1.284 1.284 0.000 
6.250 199.530 -0.470 -0.335 -0.169 -0.048 0.099 0.278 0.415 0.555 0.745 1.001 1.144 1.240 1.301 1.391 1.435 1.439 1.464 1.400 1.337 1.227 1.151 1.089 1.089 0.000 
6.250 251.190 -0.667 -0.537 -0.375 -0.258 -0.114 0.059 0.193 0.329 0.514 0.762 0.903 1.006 1.070 1.168 1.216 1.220 1.248 1.184 1.125 1.016 0.943 0.884 0.884 0.000 
6.250 316.230 -0.901 -0.777 -0.619 -0.506 -0.366 -0.199 -0.067 0.065 0.245 0.484 0.627 0.741 0.811 0.921 0.977 0.984 1.018 0.956 0.903 0.793 0.725 0.670 0.670 0.000 
6.250 398.110 -1.182 -1.064 -0.910 -0.801 -0.665 -0.503 -0.375 -0.246 -0.072 0.161 0.307 0.438 0.518 0.646 0.717 0.728 0.771 0.714 0.668 0.559 0.495 0.444 0.444 0.000 
6.250 501.190 -1.523 -1.411 -1.260 -1.155 -1.023 -0.867 -0.742 -0.617 -0.448 -0.221 -0.068 0.088 0.183 0.338 0.430 0.449 0.506 0.458 0.421 0.311 0.252 0.205 0.205 0.000 
6.250 630.960 -1.938 -1.832 -1.685 -1.584 -1.456 -1.306 -1.183 -1.062 -0.900 -0.676 -0.510 -0.322 -0.205 -0.013 0.110 0.142 0.219 0.183 0.157 0.047 -0.007 -0.049 -0.049 0.000 
6.250 794.330 -2.447 -2.346 -2.204 -2.106 -1.982 -1.838 -1.719 -1.602 -1.445 -1.222 -1.038 -0.805 -0.657 -0.415 -0.250 -0.199 -0.096 -0.113 -0.125 -0.234 -0.284 -0.321 -0.321 0.000 
6.250 1000.000 -3.073 -2.979 -2.840 -2.747 -2.626 -2.489 -2.372 -2.259 -2.108 -1.881 -1.673 -1.380 -1.190 -0.882 -0.660 -0.583 -0.445 -0.436 -0.429 -0.539 -0.584 -0.616 -0.616 0.000 
6.500 1.000 0.952 1.159 1.373 1.542 1.734 1.974 2.141 2.231 2.266 2.396 2.473 2.532 2.599 2.679 2.725 2.768 2.827 2.856 2.849 2.814 2.785 2.882 2.882 0.000 
6.500 1.260 0.947 1.154 1.367 1.536 1.727 1.967 2.133 2.224 2.261 2.394 2.473 2.532 2.598 2.677 2.724 2.765 2.823 2.851 2.843 2.806 2.777 2.873 2.873 0.000 
6.500 1.580 0.940 1.147 1.360 1.528 1.719 1.958 2.124 2.216 2.256 2.392 2.472 2.531 2.598 2.676 2.722 2.762 2.819 2.845 2.835 2.797 2.768 2.862 2.862 0.000 
6.500 2.000 0.932 1.138 1.351 1.518 1.709 1.947 2.113 2.206 2.250 2.389 2.471 2.531 2.597 2.675 2.719 2.759 2.814 2.837 2.825 2.786 2.756 2.849 2.849 0.000 
6.500 2.510 0.923 1.127 1.339 1.506 1.697 1.934 2.099 2.194 2.242 2.386 2.470 2.530 2.596 2.674 2.717 2.755 2.808 2.829 2.814 2.774 2.743 2.833 2.833 0.000 
6.500 3.160 0.911 1.114 1.326 1.492 1.681 1.917 2.082 2.179 2.233 2.382 2.469 2.530 2.596 2.673 2.715 2.751 2.802 2.819 2.801 2.759 2.727 2.814 2.814 0.000 
6.500 3.980 0.897 1.099 1.309 1.475 1.663 1.898 2.062 2.161 2.221 2.378 2.468 2.530 2.596 2.673 2.714 2.748 2.796 2.809 2.787 2.742 2.708 2.793 2.793 0.000 
6.500 5.010 0.880 1.080 1.289 1.454 1.641 1.874 2.037 2.140 2.208 2.373 2.467 2.531 2.597 2.674 2.712 2.744 2.790 2.797 2.771 2.723 2.687 2.768 2.768 0.000 
6.500 6.310 0.859 1.058 1.266 1.429 1.615 1.846 2.008 2.114 2.192 2.368 2.466 2.532 2.598 2.674 2.712 2.741 2.783 2.785 2.753 2.702 2.664 2.739 2.739 0.000 
6.500 7.940 0.835 1.032 1.238 1.400 1.585 1.814 1.975 2.084 2.174 2.361 2.465 2.533 2.600 2.676 2.712 2.739 2.777 2.772 2.735 2.679 2.638 2.706 2.706 0.000 
6.500 10.000 0.807 1.001 1.206 1.366 1.549 1.775 1.935 2.049 2.151 2.352 2.462 2.533 2.600 2.677 2.712 2.736 2.771 2.759 2.714 2.653 2.609 2.669 2.669 0.000 
6.500 12.590 0.775 0.966 1.169 1.327 1.508 1.731 1.890 2.009 2.124 2.339 2.456 2.531 2.599 2.676 2.711 2.733 2.764 2.744 2.692 2.626 2.577 2.628 2.628 0.000 
6.500 15.850 0.737 0.925 1.126 1.282 1.461 1.681 1.838 1.962 2.092 2.321 2.446 2.523 2.592 2.671 2.707 2.726 2.754 2.727 2.667 2.595 2.542 2.581 2.581 0.000 
6.500 19.950 0.694 0.879 1.077 1.230 1.407 1.624 1.779 1.908 2.052 2.295 2.427 2.508 2.578 2.658 2.695 2.713 2.738 2.704 2.637 2.559 2.500 2.526 2.526 0.000 
6.500 25.120 0.646 0.826 1.022 1.173 1.347 1.560 1.713 1.846 2.003 2.259 2.397 2.481 2.552 2.634 2.672 2.689 2.712 2.672 2.600 2.515 2.450 2.462 2.462 0.000 
6.500 31.620 0.591 0.767 0.960 1.108 1.279 1.488 1.639 1.776 1.945 2.211 2.354 2.440 2.511 2.594 2.634 2.649 2.672 2.627 2.550 2.459 2.390 2.386 2.386 0.000 
6.500 39.810 0.528 0.700 0.890 1.035 1.204 1.408 1.557 1.696 1.874 2.147 2.293 2.380 2.451 2.535 2.576 2.591 2.613 2.564 2.485 2.389 2.315 2.297 2.297 0.000 
6.500 50.120 0.458 0.625 0.812 0.954 1.119 1.319 1.465 1.606 1.790 2.067 2.214 2.302 2.371 2.455 2.497 2.511 2.533 2.481 2.401 2.301 2.222 2.191 2.191 0.000 
6.500 63.100 0.379 0.541 0.724 0.863 1.025 1.220 1.363 1.505 1.693 1.969 2.117 2.204 2.271 2.354 2.397 2.409 2.430 2.376 2.296 2.193 2.112 2.070 2.070 0.000 
6.500 79.430 0.288 0.445 0.625 0.760 0.919 1.109 1.250 1.391 1.580 1.853 1.999 2.086 2.151 2.233 2.274 2.284 2.306 2.248 2.171 2.065 1.983 1.932 1.932 0.000 
6.500 100.000 0.184 0.336 0.513 0.644 0.799 0.984 1.122 1.262 1.450 1.719 1.862 1.949 2.011 2.092 2.132 2.140 2.161 2.101 2.026 1.919 1.836 1.779 1.779 0.000 
6.500 125.890 0.064 0.211 0.384 0.512 0.663 0.842 0.978 1.115 1.302 1.563 1.704 1.791 1.850 1.932 1.970 1.976 1.997 1.935 1.863 1.754 1.673 1.613 1.613 0.000 
6.500 158.490 -0.075 0.066 0.235 0.360 0.507 0.681 0.814 0.948 1.132 1.385 1.524 1.612 1.670 1.753 1.792 1.795 1.817 1.753 1.684 1.575 1.496 1.435 1.435 0.000 
6.500 199.530 -0.239 -0.103 0.062 0.183 0.327 0.495 0.625 0.756 0.936 1.181 1.317 1.409 1.468 1.555 1.596 1.598 1.621 1.556 1.491 1.382 1.306 1.246 1.246 0.000 
6.500 251.190 -0.432 -0.303 -0.141 -0.024 0.116 0.278 0.406 0.533 0.709 0.945 1.081 1.180 1.241 1.336 1.382 1.384 1.411 1.346 1.286 1.176 1.104 1.047 1.047 0.000 
6.500 316.230 -0.664 -0.540 -0.382 -0.269 -0.133 0.024 0.148 0.272 0.442 0.671 0.808 0.919 0.986 1.093 1.148 1.153 1.185 1.123 1.069 0.959 0.890 0.836 0.836 0.000 
6.500 398.110 -0.943 -0.825 -0.671 -0.561 -0.429 -0.279 -0.157 -0.036 0.128 0.350 0.491 0.619 0.696 0.822 0.891 0.901 0.943 0.885 0.838 0.728 0.665 0.614 0.614 0.000 
6.500 501.190 -1.281 -1.169 -1.018 -0.913 -0.785 -0.640 -0.521 -0.404 -0.245 -0.029 0.120 0.272 0.364 0.517 0.607 0.626 0.682 0.632 0.594 0.484 0.425 0.379 0.379 0.000 
6.500 630.960 -1.694 -1.587 -1.441 -1.339 -1.215 -1.076 -0.960 -0.847 -0.694 -0.481 -0.320 -0.135 -0.020 0.170 0.291 0.322 0.397 0.361 0.335 0.224 0.170 0.128 0.128 0.000 
6.500 794.330 -2.200 -2.099 -1.957 -1.859 -1.739 -1.606 -1.493 -1.384 -1.236 -1.023 -0.846 -0.615 -0.469 -0.229 -0.066 -0.016 0.086 0.068 0.056 -0.055 -0.104 -0.142 -0.142 0.000 
6.500 1000.000 -2.824 -2.729 -2.591 -2.497 -2.380 -2.253 -2.143 -2.038 -1.897 -1.681 -1.478 -1.188 -1.000 -0.693 -0.474 -0.398 -0.260 -0.252 -0.246 -0.357 -0.401 -0.434 -0.434 0.000 
6.750 1.000 1.129 1.334 1.546 1.714 1.901 2.128 2.287 2.364 2.378 2.479 2.540 2.586 2.643 2.713 2.750 2.788 2.844 2.872 2.870 2.837 2.813 2.916 2.916 0.000 
6.750 1.260 1.124 1.329 1.541 1.708 1.895 2.122 2.281 2.358 2.374 2.477 2.538 2.586 2.642 2.711 2.748 2.785 2.840 2.867 2.863 2.830 2.806 2.908 2.908 0.000 
6.750 1.580 1.119 1.323 1.534 1.701 1.887 2.114 2.272 2.351 2.369 2.475 2.537 2.585 2.641 2.710 2.746 2.781 2.835 2.860 2.855 2.821 2.797 2.898 2.898 0.000 
6.750 2.000 1.112 1.315 1.526 1.692 1.878 2.104 2.262 2.342 2.363 2.472 2.536 2.583 2.640 2.708 2.743 2.777 2.830 2.853 2.846 2.810 2.785 2.885 2.885 0.000 
6.750 2.510 1.103 1.306 1.516 1.682 1.867 2.092 2.250 2.330 2.355 2.468 2.534 2.582 2.639 2.706 2.740 2.773 2.824 2.844 2.835 2.798 2.772 2.870 2.870 0.000 
6.750 3.160 1.092 1.294 1.504 1.669 1.853 2.077 2.234 2.317 2.347 2.465 2.533 2.581 2.637 2.704 2.737 2.768 2.817 2.833 2.822 2.783 2.757 2.853 2.853 0.000 
6.750 3.980 1.080 1.280 1.489 1.653 1.837 2.060 2.216 2.301 2.336 2.460 2.531 2.581 2.637 2.703 2.734 2.763 2.810 2.822 2.807 2.766 2.738 2.832 2.832 0.000 
6.750 5.010 1.064 1.263 1.471 1.634 1.817 2.038 2.194 2.281 2.324 2.455 2.530 2.581 2.636 2.702 2.731 2.759 2.802 2.810 2.790 2.747 2.718 2.808 2.808 0.000 
6.750 6.310 1.046 1.243 1.450 1.611 1.793 2.013 2.167 2.258 2.309 2.450 2.529 2.581 2.637 2.702 2.729 2.754 2.794 2.796 2.772 2.725 2.694 2.780 2.780 0.000 
6.750 7.940 1.024 1.219 1.424 1.585 1.765 1.982 2.136 2.230 2.292 2.444 2.527 2.582 2.638 2.703 2.728 2.751 2.787 2.783 2.753 2.702 2.668 2.749 2.749 0.000 
6.750 10.000 0.998 1.191 1.394 1.553 1.732 1.947 2.100 2.198 2.272 2.436 2.526 2.583 2.639 2.704 2.728 2.748 2.780 2.769 2.732 2.677 2.640 2.713 2.713 0.000 
6.750 12.590 0.968 1.158 1.360 1.517 1.694 1.906 2.057 2.161 2.248 2.426 2.523 2.582 2.639 2.705 2.728 2.745 2.773 2.754 2.710 2.650 2.609 2.674 2.674 0.000 
6.750 15.850 0.933 1.120 1.320 1.475 1.650 1.859 2.009 2.117 2.219 2.412 2.516 2.579 2.638 2.704 2.727 2.741 2.765 2.739 2.687 2.620 2.576 2.630 2.630 0.000 
6.750 19.950 0.893 1.076 1.274 1.427 1.599 1.805 1.953 2.067 2.184 2.392 2.504 2.571 2.630 2.698 2.722 2.734 2.755 2.720 2.661 2.588 2.538 2.581 2.581 0.000 
6.750 25.120 0.847 1.027 1.222 1.372 1.542 1.744 1.890 2.009 2.141 2.364 2.483 2.554 2.614 2.684 2.709 2.719 2.738 2.696 2.629 2.550 2.495 2.524 2.524 0.000 
6.750 31.620 0.795 0.970 1.163 1.310 1.478 1.676 1.820 1.943 2.088 2.324 2.450 2.524 2.586 2.657 2.684 2.693 2.710 2.662 2.589 2.504 2.443 2.457 2.457 0.000 
6.750 39.810 0.735 0.907 1.096 1.241 1.406 1.599 1.741 1.868 2.024 2.271 2.402 2.478 2.540 2.613 2.643 2.651 2.667 2.614 2.537 2.446 2.380 2.379 2.379 0.000 
6.750 50.120 0.668 0.835 1.021 1.163 1.324 1.513 1.653 1.782 1.948 2.200 2.335 2.413 2.475 2.550 2.581 2.589 2.605 2.548 2.469 2.373 2.301 2.285 2.285 0.000 
6.750 63.100 0.591 0.753 0.936 1.075 1.233 1.417 1.554 1.685 1.856 2.113 2.249 2.328 2.389 2.464 2.497 2.504 2.520 2.461 2.381 2.281 2.206 2.176 2.176 0.000 
6.750 79.430 0.503 0.660 0.840 0.975 1.130 1.309 1.444 1.575 1.750 2.006 2.142 2.222 2.281 2.357 2.390 2.396 2.412 2.351 2.272 2.169 2.091 2.051 2.051 0.000 
6.750 100.000 0.402 0.554 0.731 0.862 1.013 1.187 1.319 1.450 1.626 1.878 2.014 2.094 2.151 2.227 2.261 2.265 2.282 2.219 2.143 2.037 1.958 1.910 1.910 0.000 
6.750 125.890 0.285 0.432 0.605 0.732 0.880 1.049 1.178 1.307 1.482 1.730 1.863 1.944 2.000 2.077 2.111 2.114 2.131 2.066 1.993 1.885 1.807 1.753 1.753 0.000 
6.750 158.490 0.149 0.289 0.459 0.583 0.727 0.890 1.017 1.143 1.316 1.557 1.689 1.772 1.827 1.907 1.941 1.943 1.962 1.895 1.825 1.717 1.639 1.583 1.583 0.000 
6.750 199.530 -0.012 0.123 0.288 0.409 0.550 0.707 0.831 0.954 1.124 1.357 1.487 1.576 1.631 1.715 1.753 1.753 1.774 1.707 1.642 1.532 1.458 1.401 1.401 0.000 
6.750 251.190 -0.203 -0.074 0.088 0.205 0.341 0.493 0.614 0.734 0.900 1.126 1.255 1.351 1.410 1.502 1.545 1.546 1.571 1.504 1.444 1.334 1.262 1.207 1.207 0.000 
6.750 316.230 -0.432 -0.309 -0.151 -0.038 0.095 0.241 0.360 0.476 0.637 0.855 0.987 1.094 1.159 1.264 1.316 1.319 1.351 1.287 1.232 1.122 1.054 1.001 1.001 0.000 
6.750 398.110 -0.709 -0.591 -0.437 -0.327 -0.198 -0.058 0.057 0.170 0.326 0.538 0.673 0.798 0.873 0.997 1.063 1.072 1.113 1.054 1.007 0.897 0.833 0.783 0.783 0.000 
6.750 501.190 -1.044 -0.932 -0.782 -0.677 -0.551 -0.417 -0.304 -0.195 -0.045 0.162 0.305 0.454 0.544 0.695 0.783 0.800 0.855 0.805 0.767 0.657 0.597 0.551 0.551 0.000 
6.750 630.960 -1.454 -1.348 -1.202 -1.100 -0.979 -0.850 -0.741 -0.635 -0.491 -0.287 -0.132 0.050 0.163 0.351 0.470 0.500 0.575 0.537 0.510 0.400 0.345 0.304 0.304 0.000 
6.750 794.330 -1.958 -1.857 -1.715 -1.618 -1.500 -1.377 -1.271 -1.169 -1.030 -0.827 -0.654 -0.427 -0.283 -0.045 0.116 0.165 0.266 0.248 0.235 0.124 0.074 0.037 0.037 0.000 
6.750 1000.000 -2.579 -2.485 -2.346 -2.253 -2.139 -2.022 -1.919 -1.821 -1.688 -1.482 -1.284 -0.997 -0.811 -0.507 -0.289 -0.214 -0.077 -0.069 -0.064 -0.175 -0.220 -0.252 -0.252 0.000 
7.000 1.000 1.303 1.505 1.716 1.882 2.064 2.280 2.432 2.496 2.489 2.562 2.607 2.642 2.690 2.749 2.778 2.811 2.864 2.891 2.893 2.863 2.844 2.954 2.954 0.000 
7.000 1.260 1.299 1.501 1.711 1.877 2.059 2.274 2.426 2.491 2.485 2.560 2.606 2.641 2.688 2.747 2.775 2.808 2.860 2.885 2.886 2.856 2.837 2.946 2.946 0.000 
7.000 1.580 1.294 1.495 1.705 1.870 2.052 2.267 2.418 2.484 2.481 2.558 2.604 2.640 2.687 2.745 2.772 2.804 2.855 2.879 2.878 2.847 2.828 2.936 2.936 0.000 
7.000 2.000 1.287 1.488 1.698 1.863 2.044 2.258 2.409 2.476 2.475 2.555 2.602 2.638 2.685 2.743 2.769 2.799 2.849 2.871 2.869 2.837 2.817 2.924 2.924 0.000 
7.000 2.510 1.280 1.480 1.689 1.853 2.034 2.247 2.398 2.466 2.468 2.551 2.600 2.636 2.683 2.740 2.765 2.794 2.842 2.862 2.858 2.824 2.804 2.910 2.910 0.000 
7.000 3.160 1.270 1.470 1.678 1.841 2.022 2.234 2.384 2.453 2.460 2.547 2.598 2.634 2.681 2.738 2.761 2.788 2.835 2.851 2.845 2.810 2.789 2.893 2.893 0.000 
7.000 3.980 1.259 1.457 1.665 1.827 2.007 2.218 2.368 2.438 2.450 2.543 2.596 2.633 2.679 2.735 2.757 2.782 2.826 2.839 2.830 2.793 2.771 2.873 2.873 0.000 
7.000 5.010 1.245 1.442 1.648 1.810 1.989 2.199 2.347 2.420 2.439 2.538 2.594 2.632 2.677 2.732 2.752 2.776 2.817 2.825 2.813 2.773 2.750 2.850 2.850 0.000 
7.000 6.310 1.228 1.423 1.629 1.789 1.967 2.175 2.323 2.399 2.425 2.532 2.592 2.631 2.676 2.731 2.749 2.770 2.808 2.811 2.794 2.752 2.727 2.823 2.823 0.000 
7.000 7.940 1.208 1.401 1.606 1.765 1.941 2.148 2.295 2.374 2.409 2.526 2.590 2.631 2.676 2.730 2.746 2.764 2.799 2.796 2.773 2.728 2.701 2.792 2.792 0.000 
7.000 10.000 1.184 1.375 1.578 1.736 1.911 2.115 2.261 2.344 2.390 2.518 2.588 2.631 2.677 2.730 2.744 2.760 2.790 2.780 2.751 2.702 2.673 2.758 2.758 0.000 
7.000 12.590 1.156 1.345 1.546 1.702 1.875 2.077 2.221 2.309 2.368 2.510 2.586 2.631 2.678 2.731 2.744 2.756 2.782 2.765 2.729 2.674 2.642 2.720 2.720 0.000 
7.000 15.850 1.124 1.310 1.509 1.663 1.834 2.033 2.176 2.269 2.342 2.498 2.582 2.631 2.678 2.732 2.744 2.753 2.775 2.749 2.705 2.645 2.609 2.679 2.679 0.000 
7.000 19.950 1.087 1.269 1.466 1.618 1.787 1.982 2.124 2.222 2.310 2.483 2.575 2.627 2.675 2.731 2.742 2.749 2.767 2.733 2.681 2.614 2.574 2.632 2.632 0.000 
7.000 25.120 1.043 1.222 1.417 1.566 1.733 1.925 2.064 2.168 2.272 2.461 2.561 2.617 2.667 2.724 2.737 2.741 2.755 2.713 2.653 2.580 2.534 2.580 2.580 0.000 
7.000 31.620 0.994 1.169 1.361 1.508 1.672 1.859 1.997 2.106 2.226 2.429 2.537 2.598 2.649 2.708 2.722 2.725 2.737 2.688 2.621 2.541 2.489 2.521 2.521 0.000 
7.000 39.810 0.937 1.108 1.297 1.441 1.602 1.786 1.922 2.035 2.168 2.385 2.500 2.564 2.617 2.678 2.695 2.697 2.707 2.652 2.579 2.493 2.435 2.452 2.452 0.000 
7.000 50.120 0.873 1.039 1.225 1.366 1.524 1.703 1.837 1.954 2.098 2.326 2.446 2.513 2.566 2.631 2.650 2.651 2.661 2.602 2.525 2.432 2.369 2.371 2.371 0.000 
7.000 63.100 0.799 0.960 1.143 1.281 1.436 1.610 1.741 1.861 2.014 2.248 2.372 2.442 2.495 2.561 2.584 2.584 2.595 2.532 2.453 2.356 2.288 2.274 2.274 0.000 
7.000 79.430 0.714 0.870 1.050 1.185 1.336 1.506 1.634 1.755 1.914 2.151 2.276 2.348 2.401 2.469 2.494 2.494 2.506 2.440 2.361 2.260 2.188 2.162 2.162 0.000 
7.000 100.000 0.615 0.767 0.943 1.074 1.222 1.387 1.513 1.634 1.796 2.032 2.158 2.232 2.284 2.354 2.380 2.380 2.393 2.326 2.248 2.144 2.070 2.032 2.032 0.000 
7.000 125.890 0.501 0.647 0.820 0.948 1.092 1.251 1.375 1.494 1.658 1.891 2.016 2.092 2.144 2.216 2.243 2.243 2.257 2.189 2.114 2.007 1.932 1.887 1.887 0.000 
7.000 158.490 0.367 0.508 0.677 0.801 0.942 1.096 1.216 1.334 1.496 1.725 1.849 1.928 1.980 2.055 2.085 2.083 2.099 2.030 1.959 1.851 1.777 1.726 1.726 0.000 
7.000 199.530 0.209 0.344 0.509 0.630 0.767 0.915 1.033 1.149 1.308 1.530 1.654 1.738 1.791 1.872 1.905 1.903 1.922 1.853 1.786 1.678 1.604 1.552 1.552 0.000 
7.000 251.190 0.020 0.150 0.311 0.428 0.562 0.704 0.819 0.932 1.088 1.303 1.427 1.519 1.575 1.665 1.704 1.703 1.727 1.659 1.597 1.487 1.417 1.364 1.364 0.000 
7.000 316.230 -0.206 -0.082 0.075 0.188 0.318 0.455 0.567 0.676 0.829 1.037 1.163 1.267 1.329 1.432 1.481 1.483 1.513 1.448 1.392 1.282 1.215 1.163 1.163 0.000 
7.000 398.110 -0.480 -0.362 -0.208 -0.099 0.027 0.158 0.267 0.373 0.521 0.723 0.853 0.975 1.048 1.169 1.233 1.241 1.281 1.221 1.173 1.062 0.999 0.950 0.950 0.000 
7.000 501.190 -0.813 -0.701 -0.550 -0.445 -0.323 -0.198 -0.092 0.011 0.153 0.350 0.488 0.634 0.723 0.871 0.958 0.974 1.028 0.976 0.937 0.827 0.768 0.722 0.722 0.000 
7.000 630.960 -1.220 -1.114 -0.968 -0.866 -0.748 -0.629 -0.525 -0.427 -0.290 -0.096 0.054 0.234 0.345 0.531 0.648 0.677 0.751 0.713 0.685 0.574 0.520 0.478 0.478 0.000 
7.000 794.330 -1.721 -1.621 -1.479 -1.381 -1.267 -1.153 -1.053 -0.958 -0.827 -0.633 -0.465 -0.240 -0.099 0.138 0.297 0.345 0.445 0.426 0.413 0.302 0.252 0.215 0.215 0.000 
7.000 1000.000 -2.340 -2.246 -2.107 -2.014 -1.903 -1.796 -1.698 -1.607 -1.482 -1.285 -1.092 -0.807 -0.624 -0.321 -0.105 -0.031 0.106 0.112 0.117 0.006 -0.039 -0.072 -0.072 0.000 
7.250 1.000 1.473 1.673 1.882 2.046 2.224 2.429 2.574 2.627 2.600 2.647 2.676 2.700 2.739 2.789 2.808 2.837 2.887 2.912 2.918 2.891 2.877 2.993 2.993 0.000 
7.250 1.260 1.469 1.669 1.878 2.042 2.220 2.424 2.569 2.622 2.597 2.645 2.675 2.698 2.737 2.786 2.805 2.833 2.883 2.907 2.912 2.884 2.870 2.985 2.985 0.000 
7.250 1.580 1.465 1.664 1.873 2.036 2.214 2.418 2.562 2.616 2.592 2.642 2.673 2.697 2.735 2.784 2.802 2.829 2.878 2.900 2.904 2.876 2.861 2.976 2.976 0.000 
7.250 2.000 1.459 1.658 1.866 2.029 2.206 2.410 2.554 2.608 2.587 2.639 2.671 2.694 2.732 2.781 2.798 2.824 2.872 2.892 2.895 2.866 2.851 2.965 2.965 0.000 
7.250 2.510 1.452 1.651 1.858 2.021 2.197 2.400 2.544 2.599 2.581 2.635 2.668 2.692 2.729 2.777 2.794 2.818 2.864 2.883 2.884 2.854 2.838 2.951 2.951 0.000 
7.250 3.160 1.444 1.641 1.848 2.010 2.186 2.388 2.532 2.588 2.573 2.631 2.665 2.690 2.727 2.774 2.788 2.812 2.856 2.872 2.871 2.839 2.824 2.935 2.935 0.000 
7.250 3.980 1.434 1.630 1.836 1.997 2.173 2.373 2.516 2.574 2.564 2.626 2.662 2.687 2.723 2.770 2.783 2.805 2.847 2.859 2.856 2.822 2.806 2.916 2.916 0.000 
7.250 5.010 1.421 1.616 1.821 1.982 2.156 2.356 2.498 2.558 2.553 2.620 2.659 2.684 2.720 2.766 2.777 2.797 2.836 2.845 2.838 2.803 2.786 2.893 2.893 0.000 
7.250 6.310 1.406 1.599 1.804 1.963 2.137 2.334 2.476 2.538 2.540 2.614 2.656 2.682 2.718 2.762 2.772 2.789 2.825 2.829 2.819 2.781 2.762 2.867 2.867 0.000 
7.250 7.940 1.388 1.579 1.782 1.941 2.113 2.309 2.450 2.515 2.524 2.607 2.653 2.680 2.716 2.760 2.767 2.781 2.814 2.812 2.797 2.756 2.736 2.838 2.838 0.000 
7.250 10.000 1.366 1.556 1.757 1.914 2.085 2.279 2.419 2.487 2.507 2.600 2.650 2.680 2.715 2.758 2.763 2.774 2.803 2.795 2.774 2.730 2.707 2.804 2.804 0.000 
7.250 12.590 1.340 1.527 1.728 1.883 2.052 2.244 2.382 2.455 2.486 2.592 2.648 2.679 2.715 2.758 2.760 2.768 2.793 2.777 2.750 2.701 2.676 2.767 2.767 0.000 
7.250 15.850 1.310 1.495 1.693 1.846 2.014 2.202 2.340 2.417 2.462 2.582 2.645 2.679 2.715 2.758 2.759 2.764 2.784 2.760 2.725 2.672 2.643 2.727 2.727 0.000 
7.250 19.950 1.275 1.457 1.653 1.804 1.969 2.155 2.290 2.373 2.433 2.569 2.640 2.678 2.715 2.759 2.759 2.760 2.776 2.743 2.700 2.641 2.608 2.682 2.682 0.000 
7.250 25.120 1.235 1.412 1.606 1.755 1.918 2.101 2.234 2.323 2.399 2.552 2.631 2.673 2.712 2.757 2.757 2.756 2.767 2.726 2.674 2.608 2.571 2.634 2.634 0.000 
7.250 31.620 1.188 1.362 1.553 1.700 1.860 2.039 2.171 2.265 2.357 2.527 2.615 2.662 2.702 2.749 2.750 2.747 2.755 2.706 2.646 2.572 2.530 2.580 2.580 0.000 
7.250 39.810 1.134 1.304 1.493 1.636 1.794 1.968 2.098 2.198 2.306 2.491 2.587 2.639 2.681 2.731 2.735 2.730 2.736 2.679 2.612 2.531 2.483 2.518 2.518 0.000 
7.250 50.120 1.072 1.238 1.424 1.564 1.719 1.889 2.017 2.121 2.243 2.441 2.545 2.601 2.645 2.698 2.705 2.699 2.704 2.641 2.568 2.481 2.427 2.447 2.447 0.000 
7.250 63.100 1.001 1.162 1.345 1.482 1.634 1.799 1.925 2.033 2.166 2.375 2.484 2.544 2.589 2.645 2.655 2.650 2.655 2.588 2.511 2.418 2.359 2.362 2.362 0.000 
7.250 79.430 0.919 1.075 1.254 1.389 1.537 1.698 1.820 1.931 2.073 2.288 2.401 2.464 2.510 2.570 2.584 2.578 2.584 2.515 2.437 2.339 2.274 2.263 2.263 0.000 
7.250 100.000 0.823 0.974 1.150 1.281 1.426 1.582 1.702 1.813 1.961 2.179 2.295 2.361 2.408 2.470 2.487 2.482 2.490 2.419 2.341 2.239 2.171 2.146 2.146 0.000 
7.250 125.890 0.712 0.857 1.030 1.157 1.299 1.449 1.567 1.678 1.829 2.046 2.163 2.233 2.280 2.346 2.366 2.361 2.371 2.299 2.223 2.119 2.048 2.013 2.013 0.000 
7.250 158.490 0.580 0.721 0.889 1.013 1.152 1.296 1.411 1.521 1.673 1.887 2.005 2.078 2.126 2.196 2.221 2.216 2.228 2.156 2.084 1.977 1.906 1.863 1.863 0.000 
7.250 199.530 0.425 0.559 0.725 0.845 0.979 1.119 1.231 1.339 1.489 1.699 1.817 1.896 1.946 2.023 2.051 2.047 2.064 1.992 1.924 1.816 1.745 1.698 1.698 0.000 
7.250 251.190 0.239 0.368 0.529 0.646 0.777 0.910 1.020 1.126 1.273 1.477 1.596 1.684 1.737 1.823 1.859 1.857 1.878 1.808 1.745 1.636 1.567 1.518 1.518 0.000 
7.250 316.230 0.015 0.138 0.296 0.409 0.536 0.664 0.771 0.873 1.017 1.215 1.336 1.437 1.497 1.597 1.643 1.644 1.672 1.605 1.549 1.439 1.373 1.323 1.323 0.000 
7.250 398.110 -0.256 -0.138 0.016 0.125 0.248 0.370 0.474 0.573 0.712 0.905 1.031 1.149 1.220 1.339 1.401 1.407 1.446 1.385 1.336 1.225 1.163 1.115 1.115 0.000 
7.250 501.190 -0.587 -0.475 -0.324 -0.219 -0.100 0.016 0.117 0.213 0.347 0.536 0.669 0.812 0.899 1.046 1.130 1.145 1.198 1.145 1.106 0.995 0.936 0.892 0.892 0.000 
7.250 630.960 -0.992 -0.885 -0.739 -0.638 -0.523 -0.412 -0.314 -0.222 -0.093 0.093 0.239 0.416 0.525 0.709 0.824 0.852 0.925 0.886 0.858 0.747 0.693 0.651 0.651 0.000 
7.250 794.330 -1.490 -1.390 -1.247 -1.150 -1.039 -0.934 -0.839 -0.750 -0.627 -0.441 -0.278 -0.056 0.084 0.319 0.477 0.524 0.623 0.603 0.589 0.479 0.429 0.392 0.392 0.000 
7.250 1000.000 -2.106 -2.012 -1.874 -1.780 -1.673 -1.574 -1.482 -1.397 -1.279 -1.090 -0.902 -0.620 -0.438 -0.136 0.078 0.151 0.287 0.293 0.297 0.186 0.141 0.108 0.108 0.000 
7.500 1.000 1.640 1.838 2.045 2.208 2.381 2.576 2.715 2.756 2.711 2.733 2.747 2.760 2.790 2.831 2.842 2.866 2.914 2.937 2.947 2.922 2.912 3.034 3.034 0.000 
7.500 1.260 1.637 1.834 2.041 2.204 2.377 2.571 2.710 2.752 2.708 2.730 2.746 2.758 2.788 2.828 2.839 2.863 2.909 2.931 2.941 2.916 2.906 3.027 3.027 0.000 
7.500 1.580 1.633 1.830 2.037 2.199 2.372 2.566 2.704 2.746 2.704 2.728 2.743 2.756 2.785 2.825 2.835 2.858 2.904 2.925 2.934 2.908 2.898 3.019 3.019 0.000 
7.500 2.000 1.628 1.824 2.031 2.192 2.365 2.559 2.697 2.739 2.699 2.724 2.741 2.753 2.782 2.822 2.831 2.853 2.898 2.917 2.924 2.898 2.888 3.008 3.008 0.000 
7.500 2.510 1.622 1.818 2.024 2.185 2.357 2.550 2.688 2.731 2.693 2.720 2.738 2.751 2.779 2.818 2.826 2.846 2.890 2.907 2.914 2.886 2.876 2.995 2.995 0.000 
7.500 3.160 1.614 1.809 2.015 2.175 2.347 2.539 2.676 2.721 2.685 2.716 2.734 2.747 2.775 2.813 2.820 2.839 2.881 2.896 2.901 2.872 2.861 2.980 2.980 0.000 
7.500 3.980 1.605 1.799 2.004 2.164 2.335 2.526 2.663 2.708 2.677 2.711 2.730 2.744 2.771 2.808 2.813 2.831 2.871 2.883 2.885 2.855 2.844 2.961 2.961 0.000 
7.500 5.010 1.593 1.786 1.990 2.149 2.320 2.510 2.646 2.693 2.666 2.704 2.726 2.740 2.767 2.803 2.806 2.822 2.859 2.868 2.867 2.836 2.824 2.940 2.940 0.000 
7.500 6.310 1.580 1.771 1.974 2.132 2.302 2.490 2.626 2.675 2.654 2.698 2.722 2.736 2.763 2.797 2.798 2.812 2.847 2.851 2.847 2.814 2.801 2.914 2.914 0.000 
7.500 7.940 1.563 1.753 1.955 2.112 2.280 2.467 2.602 2.653 2.639 2.690 2.718 2.733 2.759 2.792 2.791 2.802 2.833 2.833 2.825 2.789 2.774 2.885 2.885 0.000 
7.500 10.000 1.543 1.731 1.932 2.087 2.255 2.439 2.573 2.628 2.622 2.682 2.714 2.730 2.756 2.788 2.785 2.792 2.820 2.813 2.800 2.761 2.745 2.852 2.852 0.000 
7.500 12.590 1.520 1.705 1.904 2.059 2.224 2.407 2.539 2.598 2.602 2.673 2.710 2.728 2.753 2.786 2.779 2.784 2.807 2.793 2.775 2.731 2.714 2.816 2.816 0.000 
7.500 15.850 1.492 1.675 1.872 2.025 2.189 2.368 2.500 2.562 2.579 2.663 2.706 2.727 2.753 2.784 2.776 2.777 2.796 2.774 2.748 2.700 2.680 2.776 2.776 0.000 
7.500 19.950 1.459 1.639 1.835 1.985 2.147 2.324 2.454 2.521 2.553 2.652 2.702 2.726 2.752 2.784 2.774 2.772 2.786 2.755 2.722 2.668 2.644 2.733 2.733 0.000 
7.500 25.120 1.421 1.598 1.791 1.939 2.099 2.272 2.401 2.474 2.521 2.637 2.696 2.724 2.751 2.784 2.773 2.767 2.777 2.737 2.695 2.636 2.607 2.686 2.686 0.000 
7.500 31.620 1.377 1.550 1.741 1.887 2.044 2.214 2.340 2.420 2.484 2.617 2.685 2.717 2.747 2.781 2.771 2.762 2.767 2.719 2.668 2.601 2.568 2.635 2.635 0.000 
7.500 39.810 1.326 1.495 1.683 1.826 1.981 2.147 2.271 2.357 2.438 2.588 2.665 2.703 2.735 2.772 2.763 2.752 2.754 2.698 2.638 2.564 2.526 2.579 2.579 0.000 
7.500 50.120 1.267 1.431 1.617 1.757 1.909 2.070 2.193 2.284 2.381 2.548 2.634 2.677 2.710 2.752 2.745 2.733 2.733 2.670 2.602 2.522 2.477 2.515 2.515 0.000 
7.500 63.100 1.198 1.358 1.541 1.678 1.827 1.984 2.104 2.199 2.311 2.491 2.585 2.633 2.669 2.714 2.712 2.700 2.699 2.630 2.557 2.470 2.419 2.441 2.441 0.000 
7.500 79.430 1.119 1.274 1.453 1.587 1.733 1.885 2.003 2.102 2.225 2.416 2.515 2.569 2.606 2.656 2.658 2.647 2.647 2.574 2.498 2.404 2.348 2.354 2.354 0.000 
7.500 100.000 1.026 1.176 1.352 1.483 1.625 1.772 1.888 1.989 2.120 2.318 2.422 2.480 2.519 2.573 2.581 2.570 2.572 2.497 2.420 2.321 2.260 2.251 2.251 0.000 
7.500 125.890 0.917 1.062 1.234 1.362 1.501 1.643 1.755 1.858 1.994 2.195 2.302 2.364 2.406 2.465 2.477 2.467 2.472 2.396 2.320 2.218 2.153 2.131 2.131 0.000 
7.500 158.490 0.788 0.928 1.097 1.221 1.356 1.493 1.603 1.705 1.844 2.044 2.153 2.221 2.265 2.329 2.347 2.338 2.346 2.271 2.198 2.092 2.025 1.993 1.993 0.000 
7.500 199.530 0.635 0.770 0.935 1.055 1.187 1.318 1.425 1.526 1.666 1.863 1.974 2.049 2.095 2.167 2.191 2.183 2.196 2.122 2.053 1.945 1.878 1.838 1.838 0.000 
7.500 251.190 0.452 0.581 0.742 0.859 0.987 1.112 1.217 1.316 1.454 1.647 1.760 1.844 1.895 1.977 2.009 2.004 2.022 1.950 1.886 1.778 1.711 1.667 1.667 0.000 
7.500 316.230 0.230 0.354 0.512 0.624 0.749 0.869 0.970 1.067 1.202 1.390 1.506 1.603 1.661 1.758 1.801 1.800 1.826 1.757 1.700 1.591 1.526 1.480 1.480 0.000 
7.500 398.110 -0.038 0.080 0.234 0.342 0.463 0.577 0.676 0.769 0.901 1.085 1.206 1.321 1.389 1.506 1.566 1.570 1.607 1.545 1.495 1.385 1.323 1.278 1.278 0.000 
7.500 501.190 -0.366 -0.254 -0.104 0.001 0.118 0.227 0.322 0.412 0.539 0.719 0.848 0.989 1.073 1.218 1.300 1.314 1.365 1.312 1.272 1.161 1.103 1.059 1.059 0.000 
7.500 630.960 -0.768 -0.662 -0.516 -0.415 -0.302 -0.199 -0.106 -0.020 0.102 0.280 0.421 0.596 0.703 0.885 0.999 1.026 1.097 1.058 1.029 0.918 0.864 0.823 0.823 0.000 
7.500 794.330 -1.264 -1.164 -1.022 -0.924 -0.815 -0.718 -0.628 -0.546 -0.429 -0.252 -0.092 0.128 0.266 0.499 0.655 0.701 0.800 0.779 0.765 0.654 0.604 0.567 0.567 0.000 
7.500 1000.000 -1.878 -1.784 -1.645 -1.552 -1.447 -1.356 -1.269 -1.190 -1.079 -0.898 -0.713 -0.434 -0.253 0.047 0.260 0.332 0.467 0.472 0.476 0.365 0.319 0.287 0.287 0.000 
7.750 1.000 1.706 1.901 2.107 2.268 2.438 2.623 2.756 2.792 2.743 2.758 2.768 2.776 2.801 2.835 2.840 2.859 2.902 2.919 2.926 2.900 2.890 3.012 3.012 0.000 
7.750 1.260 1.703 1.898 2.104 2.264 2.434 2.619 2.752 2.788 2.741 2.756 2.767 2.774 2.799 2.833 2.837 2.856 2.898 2.914 2.921 2.894 2.885 3.006 3.006 0.000 
7.750 1.580 1.700 1.894 2.099 2.260 2.429 2.613 2.746 2.783 2.737 2.754 2.765 2.773 2.797 2.831 2.834 2.852 2.893 2.908 2.914 2.887 2.877 2.998 2.998 0.000 
7.750 2.000 1.695 1.889 2.094 2.254 2.423 2.607 2.740 2.777 2.733 2.751 2.763 2.770 2.795 2.828 2.830 2.848 2.888 2.901 2.907 2.878 2.869 2.989 2.989 0.000 
7.750 2.510 1.690 1.883 2.088 2.247 2.416 2.599 2.731 2.770 2.727 2.748 2.760 2.768 2.792 2.825 2.826 2.843 2.882 2.893 2.897 2.868 2.858 2.978 2.978 0.000 
7.750 3.160 1.683 1.876 2.080 2.239 2.407 2.589 2.721 2.760 2.721 2.744 2.757 2.765 2.789 2.821 2.821 2.836 2.874 2.883 2.886 2.856 2.845 2.964 2.964 0.000 
7.750 3.980 1.674 1.866 2.070 2.228 2.396 2.577 2.709 2.749 2.713 2.739 2.754 2.763 2.785 2.817 2.816 2.829 2.865 2.872 2.872 2.841 2.830 2.948 2.948 0.000 
7.750 5.010 1.664 1.855 2.058 2.215 2.382 2.563 2.694 2.735 2.703 2.734 2.751 2.759 2.782 2.812 2.810 2.821 2.855 2.859 2.856 2.824 2.812 2.928 2.928 0.000 
7.750 6.310 1.652 1.841 2.043 2.200 2.366 2.545 2.675 2.719 2.692 2.728 2.747 2.756 2.778 2.808 2.803 2.813 2.844 2.844 2.838 2.804 2.791 2.905 2.905 0.000 
7.750 7.940 1.637 1.825 2.025 2.181 2.346 2.524 2.653 2.699 2.679 2.721 2.743 2.754 2.775 2.804 2.797 2.804 2.832 2.827 2.818 2.781 2.768 2.879 2.879 0.000 
7.750 10.000 1.619 1.805 2.004 2.159 2.322 2.498 2.627 2.676 2.663 2.714 2.740 2.751 2.772 2.800 2.791 2.796 2.820 2.810 2.796 2.756 2.741 2.849 2.849 0.000 
7.750 12.590 1.597 1.781 1.979 2.132 2.294 2.468 2.595 2.648 2.645 2.706 2.736 2.749 2.771 2.798 2.787 2.788 2.808 2.791 2.772 2.729 2.712 2.815 2.815 0.000 
7.750 15.850 1.571 1.753 1.949 2.100 2.261 2.432 2.559 2.615 2.624 2.697 2.733 2.748 2.770 2.797 2.783 2.781 2.798 2.773 2.747 2.700 2.680 2.778 2.778 0.000 
7.750 19.950 1.541 1.719 1.914 2.064 2.222 2.391 2.516 2.577 2.599 2.686 2.729 2.747 2.769 2.796 2.781 2.776 2.788 2.755 2.722 2.669 2.647 2.737 2.737 0.000 
7.750 25.120 1.505 1.681 1.873 2.020 2.177 2.342 2.466 2.532 2.569 2.672 2.723 2.745 2.768 2.796 2.780 2.772 2.779 2.738 2.697 2.638 2.611 2.693 2.693 0.000 
7.750 31.620 1.463 1.635 1.826 1.971 2.125 2.287 2.408 2.480 2.534 2.653 2.713 2.740 2.764 2.794 2.778 2.767 2.770 2.720 2.670 2.605 2.574 2.645 2.645 0.000 
7.750 39.810 1.415 1.583 1.771 1.913 2.065 2.223 2.342 2.420 2.490 2.627 2.695 2.727 2.754 2.786 2.772 2.759 2.758 2.700 2.642 2.570 2.534 2.591 2.591 0.000 
7.750 50.120 1.358 1.522 1.707 1.847 1.996 2.150 2.267 2.351 2.436 2.589 2.666 2.704 2.733 2.769 2.757 2.742 2.740 2.675 2.609 2.530 2.488 2.531 2.531 0.000 
7.750 63.100 1.292 1.452 1.634 1.771 1.917 2.066 2.181 2.270 2.370 2.536 2.622 2.664 2.696 2.736 2.728 2.713 2.710 2.639 2.567 2.481 2.433 2.461 2.461 0.000 
7.750 79.430 1.215 1.370 1.549 1.683 1.826 1.971 2.083 2.175 2.287 2.465 2.557 2.605 2.639 2.683 2.680 2.666 2.664 2.589 2.513 2.421 2.367 2.379 2.379 0.000 
7.750 100.000 1.125 1.275 1.451 1.581 1.721 1.861 1.971 2.066 2.187 2.372 2.469 2.522 2.558 2.608 2.610 2.596 2.596 2.519 2.442 2.344 2.286 2.282 2.282 0.000 
7.750 125.890 1.019 1.164 1.336 1.463 1.599 1.734 1.842 1.938 2.065 2.254 2.355 2.413 2.451 2.506 2.514 2.501 2.504 2.426 2.350 2.248 2.186 2.169 2.169 0.000 
7.750 158.490 0.893 1.033 1.201 1.325 1.458 1.587 1.692 1.788 1.919 2.109 2.212 2.276 2.317 2.378 2.391 2.380 2.387 2.309 2.235 2.131 2.065 2.037 2.037 0.000 
7.750 199.530 0.742 0.877 1.042 1.162 1.291 1.415 1.518 1.613 1.744 1.932 2.038 2.109 2.153 2.222 2.242 2.233 2.244 2.168 2.098 1.991 1.925 1.889 1.889 0.000 
7.750 251.190 0.562 0.691 0.852 0.968 1.094 1.212 1.312 1.405 1.536 1.721 1.829 1.910 1.958 2.038 2.067 2.060 2.077 2.003 1.939 1.831 1.765 1.723 1.723 0.000 
7.750 316.230 0.343 0.466 0.624 0.737 0.858 0.971 1.068 1.159 1.287 1.468 1.579 1.674 1.729 1.824 1.865 1.862 1.887 1.817 1.759 1.650 1.586 1.542 1.542 0.000 
7.750 398.110 0.077 0.195 0.349 0.457 0.575 0.683 0.777 0.865 0.989 1.166 1.282 1.395 1.462 1.577 1.634 1.638 1.674 1.610 1.560 1.450 1.388 1.344 1.344 0.000 
7.750 501.190 -0.248 -0.136 0.014 0.119 0.233 0.335 0.426 0.510 0.631 0.803 0.929 1.066 1.149 1.292 1.373 1.385 1.436 1.382 1.341 1.231 1.172 1.130 1.130 0.000 
7.750 630.960 -0.648 -0.542 -0.396 -0.295 -0.184 -0.088 0.000 0.081 0.196 0.367 0.505 0.677 0.782 0.963 1.075 1.101 1.172 1.132 1.102 0.992 0.937 0.897 0.897 0.000 
7.750 794.330 -1.141 -1.041 -0.899 -0.802 -0.695 -0.605 -0.520 -0.442 -0.332 -0.161 -0.005 0.212 0.349 0.580 0.735 0.780 0.878 0.857 0.842 0.731 0.681 0.644 0.644 0.000 
7.750 1000.000 -1.753 -1.658 -1.520 -1.427 -1.324 -1.240 -1.157 -1.084 -0.979 -0.805 -0.623 -0.346 -0.167 0.131 0.343 0.414 0.549 0.553 0.556 0.445 0.400 0.367 0.367 0.000 
8.000 1.000 1.769 1.961 2.165 2.324 2.491 2.667 2.795 2.827 2.775 2.784 2.789 2.792 2.812 2.841 2.838 2.853 2.891 2.902 2.906 2.878 2.870 2.991 2.991 0.000 
8.000 1.260 1.766 1.959 2.162 2.321 2.487 2.663 2.791 2.823 2.772 2.782 2.788 2.791 2.811 2.839 2.836 2.850 2.888 2.898 2.902 2.873 2.865 2.986 2.986 0.000 
8.000 1.580 1.763 1.955 2.159 2.317 2.483 2.659 2.786 2.819 2.769 2.780 2.787 2.789 2.809 2.837 2.834 2.847 2.884 2.893 2.896 2.867 2.858 2.979 2.979 0.000 
8.000 2.000 1.759 1.951 2.154 2.312 2.478 2.653 2.780 2.813 2.765 2.778 2.785 2.788 2.807 2.835 2.831 2.844 2.879 2.887 2.889 2.860 2.851 2.971 2.971 0.000 
8.000 2.510 1.754 1.945 2.148 2.306 2.471 2.646 2.773 2.807 2.761 2.775 2.783 2.786 2.805 2.832 2.827 2.839 2.874 2.880 2.881 2.851 2.841 2.961 2.961 0.000 
8.000 3.160 1.748 1.938 2.141 2.298 2.463 2.637 2.764 2.798 2.755 2.772 2.781 2.784 2.803 2.829 2.823 2.834 2.867 2.871 2.871 2.840 2.830 2.949 2.949 0.000 
8.000 3.980 1.740 1.930 2.132 2.289 2.453 2.626 2.752 2.788 2.748 2.768 2.778 2.781 2.800 2.826 2.819 2.828 2.859 2.861 2.859 2.827 2.817 2.934 2.934 0.000 
8.000 5.010 1.731 1.920 2.121 2.277 2.441 2.613 2.739 2.776 2.739 2.763 2.775 2.779 2.797 2.822 2.814 2.821 2.851 2.849 2.845 2.812 2.801 2.917 2.917 0.000 
8.000 6.310 1.720 1.907 2.108 2.263 2.426 2.597 2.722 2.761 2.729 2.758 2.772 2.776 2.794 2.819 2.808 2.814 2.841 2.836 2.829 2.794 2.782 2.896 2.896 0.000 
8.000 7.940 1.706 1.892 2.092 2.246 2.408 2.577 2.702 2.743 2.717 2.752 2.769 2.774 2.791 2.815 2.803 2.806 2.831 2.821 2.811 2.773 2.760 2.872 2.872 0.000 
8.000 10.000 1.690 1.874 2.072 2.226 2.386 2.554 2.677 2.721 2.703 2.745 2.766 2.772 2.789 2.812 2.798 2.799 2.820 2.806 2.791 2.750 2.736 2.844 2.844 0.000 
8.000 12.590 1.670 1.852 2.049 2.201 2.360 2.526 2.648 2.695 2.686 2.737 2.762 2.771 2.787 2.810 2.794 2.792 2.809 2.789 2.769 2.725 2.709 2.813 2.813 0.000 
8.000 15.850 1.646 1.826 2.021 2.172 2.329 2.493 2.614 2.665 2.666 2.729 2.759 2.769 2.787 2.809 2.790 2.785 2.799 2.772 2.746 2.698 2.680 2.779 2.779 0.000 
8.000 19.950 1.618 1.795 1.989 2.137 2.293 2.454 2.574 2.629 2.643 2.718 2.755 2.768 2.786 2.808 2.789 2.780 2.790 2.755 2.722 2.670 2.648 2.740 2.740 0.000 
8.000 25.120 1.584 1.758 1.950 2.097 2.251 2.408 2.527 2.587 2.615 2.705 2.749 2.766 2.785 2.808 2.787 2.776 2.781 2.738 2.698 2.640 2.615 2.699 2.699 0.000 
8.000 31.620 1.545 1.716 1.905 2.050 2.201 2.356 2.473 2.538 2.581 2.688 2.740 2.761 2.781 2.806 2.786 2.772 2.773 2.721 2.673 2.608 2.579 2.653 2.653 0.000 
8.000 39.810 1.499 1.666 1.853 1.995 2.144 2.295 2.410 2.481 2.540 2.663 2.724 2.750 2.772 2.800 2.780 2.764 2.762 2.703 2.646 2.575 2.541 2.603 2.603 0.000 
8.000 50.120 1.445 1.608 1.792 1.932 2.078 2.225 2.338 2.414 2.489 2.628 2.698 2.729 2.754 2.784 2.767 2.750 2.746 2.679 2.615 2.537 2.498 2.546 2.546 0.000 
8.000 63.100 1.381 1.540 1.722 1.858 2.002 2.144 2.255 2.336 2.426 2.579 2.657 2.694 2.721 2.756 2.743 2.725 2.719 2.647 2.576 2.492 2.447 2.480 2.480 0.000 
8.000 79.430 1.307 1.462 1.640 1.773 1.914 2.052 2.160 2.245 2.347 2.512 2.597 2.640 2.669 2.709 2.700 2.683 2.678 2.601 2.527 2.436 2.385 2.403 2.403 0.000 
8.000 100.000 1.220 1.369 1.544 1.675 1.812 1.945 2.051 2.139 2.250 2.424 2.514 2.563 2.594 2.640 2.637 2.620 2.617 2.538 2.461 2.365 2.309 2.312 2.312 0.000 
8.000 125.890 1.116 1.260 1.432 1.559 1.693 1.821 1.925 2.014 2.133 2.311 2.406 2.460 2.494 2.545 2.548 2.533 2.533 2.453 2.377 2.276 2.216 2.205 2.205 0.000 
8.000 158.490 0.992 1.132 1.300 1.424 1.554 1.677 1.778 1.868 1.991 2.171 2.269 2.329 2.366 2.424 2.433 2.420 2.424 2.344 2.270 2.166 2.103 2.080 2.080 0.000 
8.000 199.530 0.845 0.979 1.144 1.263 1.390 1.508 1.606 1.696 1.820 1.999 2.100 2.168 2.209 2.275 2.292 2.280 2.289 2.211 2.141 2.035 1.970 1.938 1.938 0.000 
8.000 251.190 0.666 0.795 0.956 1.073 1.196 1.308 1.404 1.491 1.615 1.792 1.895 1.973 2.019 2.097 2.123 2.114 2.130 2.054 1.989 1.881 1.817 1.778 1.778 0.000 
8.000 316.230 0.450 0.574 0.731 0.844 0.963 1.070 1.163 1.248 1.370 1.543 1.650 1.742 1.796 1.888 1.926 1.922 1.946 1.875 1.816 1.707 1.644 1.602 1.602 0.000 
8.000 398.110 0.187 0.305 0.458 0.567 0.683 0.784 0.874 0.957 1.075 1.244 1.357 1.468 1.533 1.646 1.701 1.703 1.738 1.674 1.623 1.513 1.452 1.409 1.409 0.000 
8.000 501.190 -0.136 -0.024 0.126 0.231 0.343 0.438 0.526 0.605 0.719 0.885 1.007 1.143 1.224 1.365 1.444 1.456 1.506 1.451 1.409 1.299 1.241 1.199 1.199 0.000 
8.000 630.960 -0.533 -0.427 -0.281 -0.180 -0.071 0.018 0.102 0.178 0.288 0.452 0.587 0.756 0.861 1.040 1.150 1.176 1.246 1.205 1.175 1.064 1.010 0.970 0.970 0.000 
8.000 794.330 -1.024 -0.924 -0.781 -0.684 -0.580 -0.496 -0.415 -0.342 -0.238 -0.073 0.079 0.295 0.430 0.660 0.813 0.858 0.956 0.933 0.918 0.807 0.757 0.721 0.721 0.000 
8.000 1000.000 -1.632 -1.538 -1.400 -1.307 -1.206 -1.128 -1.050 -0.981 -0.882 -0.714 -0.536 -0.261 -0.083 0.214 0.425 0.495 0.629 0.633 0.636 0.525 0.479 0.447 0.447 0.000 
