AtkinsonBoore2003SSlabCascadia_CanadaSHM6-trial modified from OpenQuake implementation, distance is rrup. Log10 ground motion values in cgs units, PGV and Sa(T<0.1s) not valid
          14 31 11 : nmag, ndist, nperiod
          10.000 5.000 3.000 2.000 1.000 0.400 0.200 0.100 0.040 PGA PGV 
          0.691 0.691 0.691 0.691 0.668 0.645 0.645 0.645 0.576 0.622 0.000 
4.750 1.000 0.277 0.873 1.426 2.167 2.826 3.129 3.274 3.067 3.033 2.787 0.000 
4.750 1.260 0.232 0.826 1.378 2.118 2.778 3.080 3.226 3.018 2.985 2.738 0.000 
4.750 1.580 0.171 0.762 1.312 2.052 2.711 3.031 3.174 2.965 2.931 2.688 0.000 
4.750 2.000 0.090 0.678 1.226 1.966 2.625 2.991 3.129 2.917 2.880 2.645 0.000 
4.750 2.510 -0.010 0.574 1.119 1.859 2.518 2.931 3.063 2.848 2.809 2.582 0.000 
4.750 3.160 -0.128 0.452 0.994 1.733 2.392 2.846 2.974 2.756 2.714 2.496 0.000 
4.750 3.980 -0.260 0.315 0.853 1.592 2.250 2.739 2.863 2.642 2.598 2.386 0.000 
4.750 5.010 -0.403 0.166 0.700 1.438 2.096 2.612 2.732 2.509 2.464 2.257 0.000 
4.750 6.310 -0.553 0.008 0.537 1.275 1.932 2.455 2.575 2.351 2.305 2.100 0.000 
4.750 7.940 -0.709 -0.155 0.369 1.105 1.762 2.285 2.404 2.180 2.134 1.929 0.000 
4.750 10.000 -0.867 -0.321 0.196 0.931 1.586 2.109 2.228 2.003 1.957 1.753 0.000 
4.750 12.590 -1.027 -0.490 0.021 0.754 1.407 1.930 2.049 1.823 1.777 1.574 0.000 
4.750 15.850 -1.188 -0.661 -0.157 0.574 1.226 1.748 1.866 1.640 1.593 1.391 0.000 
4.750 19.950 -1.349 -0.833 -0.336 0.392 1.041 1.564 1.681 1.454 1.406 1.205 0.000 
4.750 25.120 -1.511 -1.005 -0.516 0.207 0.854 1.377 1.493 1.264 1.216 1.017 0.000 
4.750 31.620 -1.673 -1.178 -0.698 0.021 0.665 1.187 1.302 1.072 1.022 0.825 0.000 
4.750 39.810 -1.835 -1.352 -0.880 -0.167 0.472 0.993 1.108 0.875 0.825 0.630 0.000 
4.750 50.120 -1.997 -1.527 -1.064 -0.358 0.275 0.796 0.909 0.674 0.622 0.430 0.000 
4.750 63.100 -2.160 -1.703 -1.249 -0.553 0.073 0.594 0.705 0.466 0.412 0.225 0.000 
4.750 79.430 -2.325 -1.880 -1.435 -0.751 -0.134 0.386 0.495 0.251 0.195 0.013 0.000 
4.750 100.000 -2.491 -2.059 -1.624 -0.954 -0.349 0.170 0.276 0.027 -0.033 -0.208 0.000 
4.750 125.890 -2.659 -2.241 -1.815 -1.164 -0.573 -0.055 0.047 -0.209 -0.272 -0.439 0.000 
4.750 158.490 -2.830 -2.425 -2.009 -1.382 -0.808 -0.293 -0.195 -0.460 -0.528 -0.684 0.000 
4.750 199.530 -3.004 -2.613 -2.206 -1.610 -1.059 -0.545 -0.453 -0.729 -0.803 -0.946 0.000 
4.750 251.190 -3.183 -2.806 -2.409 -1.850 -1.327 -0.816 -0.731 -1.021 -1.103 -1.230 0.000 
4.750 316.230 -3.368 -3.005 -2.617 -2.106 -1.619 -1.111 -1.035 -1.343 -1.435 -1.541 0.000 
4.750 398.110 -3.561 -3.211 -2.833 -2.382 -1.940 -1.436 -1.372 -1.701 -1.806 -1.885 0.000 
4.750 501.190 -3.763 -3.427 -3.059 -2.683 -2.298 -1.799 -1.749 -2.106 -2.226 -2.273 0.000 
4.750 630.960 -3.977 -3.654 -3.297 -3.015 -2.701 -2.209 -2.177 -2.570 -2.709 -2.714 0.000 
4.750 794.330 -4.206 -3.897 -3.549 -3.387 -3.163 -2.679 -2.670 -3.107 -3.271 -3.224 0.000 
4.750 1000.000 -4.454 -4.159 -3.821 -3.809 -3.698 -3.225 -3.245 -3.737 -3.931 -3.818 0.000 
5.000 1.000 0.403 0.994 1.523 2.233 2.863 3.139 3.264 3.050 3.008 2.776 0.000 
5.000 1.260 0.376 0.965 1.492 2.203 2.832 3.108 3.233 3.019 2.977 2.746 0.000 
5.000 1.580 0.336 0.923 1.449 2.159 2.788 3.064 3.189 2.975 2.933 2.702 0.000 
5.000 2.000 0.281 0.864 1.388 2.098 2.727 3.038 3.159 2.943 2.899 2.673 0.000 
5.000 2.510 0.207 0.786 1.308 2.017 2.647 2.998 3.115 2.895 2.849 2.631 0.000 
5.000 3.160 0.113 0.689 1.207 1.916 2.546 2.939 3.050 2.828 2.780 2.570 0.000 
5.000 3.980 0.001 0.572 1.087 1.796 2.425 2.857 2.964 2.738 2.688 2.485 0.000 
5.000 5.010 -0.125 0.440 0.951 1.659 2.287 2.752 2.855 2.627 2.575 2.378 0.000 
5.000 6.310 -0.264 0.295 0.801 1.509 2.136 2.626 2.726 2.496 2.443 2.251 0.000 
5.000 7.940 -0.411 0.141 0.642 1.348 1.975 2.472 2.570 2.340 2.285 2.095 0.000 
5.000 10.000 -0.563 -0.020 0.476 1.180 1.806 2.303 2.401 2.170 2.116 1.926 0.000 
5.000 12.590 -0.719 -0.185 0.305 1.008 1.632 2.128 2.226 1.995 1.940 1.751 0.000 
5.000 15.850 -0.878 -0.352 0.130 0.831 1.453 1.950 2.047 1.815 1.759 1.572 0.000 
5.000 19.950 -1.037 -0.521 -0.046 0.651 1.272 1.768 1.865 1.631 1.575 1.389 0.000 
5.000 25.120 -1.197 -0.692 -0.225 0.469 1.087 1.582 1.679 1.444 1.387 1.202 0.000 
5.000 31.620 -1.357 -0.864 -0.404 0.285 0.899 1.394 1.490 1.253 1.195 1.012 0.000 
5.000 39.810 -1.518 -1.036 -0.585 0.098 0.707 1.202 1.297 1.057 0.998 0.819 0.000 
5.000 50.120 -1.679 -1.210 -0.768 -0.092 0.512 1.006 1.099 0.857 0.797 0.620 0.000 
5.000 63.100 -1.842 -1.385 -0.951 -0.285 0.311 0.805 0.896 0.651 0.588 0.416 0.000 
5.000 79.430 -2.005 -1.561 -1.137 -0.483 0.105 0.598 0.687 0.437 0.372 0.205 0.000 
5.000 100.000 -2.170 -1.739 -1.324 -0.685 -0.109 0.383 0.469 0.214 0.146 -0.015 0.000 
5.000 125.890 -2.337 -1.920 -1.514 -0.894 -0.332 0.159 0.242 -0.021 -0.093 -0.245 0.000 
5.000 158.490 -2.507 -2.103 -1.707 -1.110 -0.566 -0.077 0.001 -0.270 -0.347 -0.489 0.000 
5.000 199.530 -2.681 -2.290 -1.903 -1.337 -0.815 -0.328 -0.256 -0.538 -0.621 -0.750 0.000 
5.000 251.190 -2.859 -2.482 -2.105 -1.576 -1.083 -0.598 -0.534 -0.830 -0.920 -1.033 0.000 
5.000 316.230 -3.043 -2.679 -2.312 -1.831 -1.374 -0.892 -0.837 -1.150 -1.251 -1.342 0.000 
5.000 398.110 -3.234 -2.885 -2.527 -2.106 -1.694 -1.216 -1.172 -1.508 -1.621 -1.686 0.000 
5.000 501.190 -3.435 -3.099 -2.752 -2.406 -2.050 -1.578 -1.548 -1.912 -2.040 -2.072 0.000 
5.000 630.960 -3.648 -3.326 -2.989 -2.737 -2.453 -1.987 -1.976 -2.374 -2.522 -2.513 0.000 
5.000 794.330 -3.876 -3.568 -3.240 -3.108 -2.914 -2.456 -2.468 -2.910 -3.083 -3.021 0.000 
5.000 1000.000 -4.123 -3.829 -3.511 -3.529 -3.448 -3.001 -3.041 -3.539 -3.742 -3.615 0.000 
5.250 1.000 0.515 1.100 1.606 2.286 2.886 3.135 3.240 3.019 2.969 2.752 0.000 
5.250 1.260 0.499 1.083 1.588 2.267 2.867 3.116 3.221 3.001 2.950 2.733 0.000 
5.250 1.580 0.476 1.057 1.560 2.240 2.840 3.089 3.194 2.973 2.923 2.706 0.000 
5.250 2.000 0.441 1.019 1.521 2.200 2.800 3.069 3.172 2.950 2.898 2.685 0.000 
5.250 2.510 0.391 0.966 1.465 2.144 2.744 3.044 3.143 2.919 2.866 2.658 0.000 
5.250 3.160 0.323 0.895 1.391 2.070 2.669 3.005 3.100 2.873 2.818 2.617 0.000 
5.250 3.980 0.236 0.803 1.296 1.974 2.573 2.947 3.037 2.808 2.751 2.557 0.000 
5.250 5.010 0.131 0.693 1.182 1.859 2.458 2.867 2.953 2.721 2.662 2.475 0.000 
5.250 6.310 0.010 0.565 1.050 1.727 2.325 2.765 2.847 2.613 2.552 2.370 0.000 
5.250 7.940 -0.125 0.424 0.904 1.580 2.177 2.642 2.721 2.484 2.422 2.246 0.000 
5.250 10.000 -0.268 0.273 0.748 1.422 2.018 2.488 2.567 2.329 2.266 2.091 0.000 
5.250 12.590 -0.417 0.115 0.584 1.257 1.851 2.321 2.399 2.161 2.098 1.924 0.000 
5.250 15.850 -0.571 -0.047 0.415 1.085 1.678 2.148 2.225 1.986 1.922 1.749 0.000 
5.250 19.950 -0.727 -0.213 0.242 0.909 1.500 1.969 2.046 1.806 1.742 1.570 0.000 
5.250 25.120 -0.884 -0.381 0.066 0.730 1.318 1.787 1.863 1.622 1.556 1.386 0.000 
5.250 31.620 -1.043 -0.551 -0.112 0.547 1.132 1.601 1.676 1.433 1.366 1.199 0.000 
5.250 39.810 -1.203 -0.722 -0.291 0.362 0.942 1.410 1.485 1.239 1.172 1.006 0.000 
5.250 50.120 -1.363 -0.894 -0.472 0.174 0.748 1.216 1.289 1.040 0.971 0.809 0.000 
5.250 63.100 -1.524 -1.068 -0.654 -0.018 0.549 1.016 1.087 0.836 0.765 0.607 0.000 
5.250 79.430 -1.687 -1.243 -0.838 -0.214 0.344 0.810 0.879 0.623 0.550 0.397 0.000 
5.250 100.000 -1.851 -1.420 -1.025 -0.416 0.131 0.597 0.663 0.401 0.324 0.178 0.000 
5.250 125.890 -2.017 -1.599 -1.213 -0.623 -0.090 0.374 0.436 0.167 0.087 -0.051 0.000 
5.250 158.490 -2.186 -1.782 -1.405 -0.839 -0.324 0.139 0.196 -0.081 -0.167 -0.294 0.000 
5.250 199.530 -2.358 -1.968 -1.601 -1.064 -0.572 -0.112 -0.060 -0.348 -0.440 -0.554 0.000 
5.250 251.190 -2.536 -2.158 -1.801 -1.302 -0.839 -0.381 -0.336 -0.639 -0.738 -0.835 0.000 
5.250 316.230 -2.719 -2.355 -2.008 -1.556 -1.128 -0.674 -0.638 -0.958 -1.067 -1.144 0.000 
5.250 398.110 -2.909 -2.559 -2.222 -1.830 -1.447 -0.997 -0.973 -1.315 -1.436 -1.487 0.000 
5.250 501.190 -3.109 -2.773 -2.445 -2.129 -1.803 -1.357 -1.348 -1.718 -1.854 -1.872 0.000 
5.250 630.960 -3.321 -2.999 -2.681 -2.459 -2.204 -1.765 -1.774 -2.179 -2.335 -2.311 0.000 
5.250 794.330 -3.548 -3.240 -2.932 -2.829 -2.664 -2.233 -2.265 -2.714 -2.895 -2.819 0.000 
5.250 1000.000 -3.794 -3.500 -3.201 -3.249 -3.197 -2.777 -2.837 -3.342 -3.553 -3.411 0.000 
5.500 1.000 0.617 1.197 1.681 2.330 2.900 3.123 3.207 2.980 2.921 2.719 0.000 
5.500 1.260 0.610 1.188 1.671 2.319 2.889 3.112 3.196 2.969 2.910 2.708 0.000 
5.500 1.580 0.597 1.173 1.654 2.303 2.873 3.100 3.184 2.957 2.897 2.696 0.000 
5.500 2.000 0.577 1.150 1.630 2.278 2.848 3.091 3.173 2.944 2.884 2.685 0.000 
5.500 2.510 0.546 1.117 1.594 2.242 2.812 3.075 3.155 2.925 2.863 2.669 0.000 
5.500 3.160 0.501 1.068 1.543 2.191 2.761 3.050 3.127 2.895 2.832 2.642 0.000 
5.500 3.980 0.440 1.003 1.474 2.122 2.691 3.012 3.084 2.850 2.786 2.602 0.000 
5.500 5.010 0.359 0.917 1.386 2.033 2.602 2.955 3.024 2.788 2.721 2.544 0.000 
5.500 6.310 0.260 0.813 1.277 1.923 2.492 2.878 2.943 2.704 2.636 2.464 0.000 
5.500 7.940 0.145 0.691 1.150 1.795 2.363 2.778 2.840 2.598 2.528 2.362 0.000 
5.500 10.000 0.016 0.554 1.008 1.652 2.219 2.658 2.716 2.473 2.401 2.240 0.000 
5.500 12.590 -0.124 0.407 0.855 1.497 2.063 2.506 2.564 2.319 2.247 2.088 0.000 
5.500 15.850 -0.270 0.251 0.694 1.334 1.897 2.340 2.397 2.152 2.080 1.921 0.000 
5.500 19.950 -0.421 0.091 0.526 1.163 1.724 2.167 2.224 1.978 1.905 1.748 0.000 
5.500 25.120 -0.575 -0.074 0.354 0.988 1.546 1.989 2.045 1.797 1.723 1.568 0.000 
5.500 31.620 -0.732 -0.241 0.180 0.808 1.363 1.806 1.861 1.611 1.536 1.383 0.000 
5.500 39.810 -0.889 -0.410 0.002 0.625 1.176 1.618 1.672 1.420 1.344 1.193 0.000 
5.500 50.120 -1.048 -0.580 -0.177 0.439 0.983 1.425 1.477 1.223 1.145 0.998 0.000 
5.500 63.100 -1.208 -0.753 -0.358 0.248 0.786 1.227 1.277 1.020 0.940 0.797 0.000 
5.500 79.430 -1.369 -0.926 -0.540 0.054 0.582 1.022 1.071 0.808 0.726 0.588 0.000 
5.500 100.000 -1.532 -1.102 -0.725 -0.146 0.371 0.810 0.855 0.588 0.503 0.371 0.000 
5.500 125.890 -1.698 -1.281 -0.913 -0.353 0.150 0.588 0.630 0.355 0.266 0.143 0.000 
5.500 158.490 -1.866 -1.462 -1.104 -0.567 -0.082 0.354 0.391 0.108 0.014 -0.099 0.000 
5.500 199.530 -2.037 -1.647 -1.298 -0.792 -0.329 0.105 0.136 -0.158 -0.258 -0.358 0.000 
5.500 251.190 -2.213 -1.837 -1.498 -1.029 -0.595 -0.163 -0.139 -0.448 -0.555 -0.638 0.000 
5.500 316.230 -2.395 -2.032 -1.703 -1.282 -0.883 -0.455 -0.440 -0.766 -0.884 -0.946 0.000 
5.500 398.110 -2.585 -2.235 -1.916 -1.555 -1.201 -0.777 -0.773 -1.122 -1.251 -1.287 0.000 
5.500 501.190 -2.784 -2.448 -2.139 -1.852 -1.556 -1.137 -1.147 -1.524 -1.669 -1.672 0.000 
5.500 630.960 -2.995 -2.673 -2.373 -2.182 -1.956 -1.544 -1.573 -1.984 -2.149 -2.110 0.000 
5.500 794.330 -3.221 -2.913 -2.623 -2.551 -2.415 -2.011 -2.062 -2.518 -2.707 -2.616 0.000 
5.500 1000.000 -3.466 -3.172 -2.892 -2.970 -2.947 -2.553 -2.634 -3.144 -3.364 -3.208 0.000 
5.750 1.000 0.715 1.290 1.753 2.370 2.910 3.117 3.180 2.945 2.877 2.692 0.000 
5.750 1.260 0.712 1.285 1.747 2.364 2.904 3.115 3.177 2.942 2.873 2.689 0.000 
5.750 1.580 0.706 1.277 1.737 2.354 2.894 3.111 3.172 2.937 2.868 2.685 0.000 
5.750 2.000 0.695 1.264 1.723 2.340 2.880 3.105 3.165 2.930 2.860 2.678 0.000 
5.750 2.510 0.678 1.244 1.701 2.318 2.857 3.095 3.154 2.917 2.847 2.668 0.000 
5.750 3.160 0.651 1.214 1.668 2.285 2.825 3.079 3.136 2.899 2.827 2.651 0.000 
5.750 3.980 0.612 1.171 1.622 2.239 2.778 3.055 3.109 2.870 2.797 2.625 0.000 
5.750 5.010 0.556 1.111 1.559 2.175 2.714 3.017 3.069 2.827 2.753 2.586 0.000 
5.750 6.310 0.483 1.031 1.476 2.091 2.630 2.963 3.011 2.767 2.692 2.530 0.000 
5.750 7.940 0.390 0.933 1.373 1.987 2.525 2.888 2.932 2.686 2.609 2.453 0.000 
5.750 10.000 0.280 0.816 1.251 1.864 2.401 2.791 2.832 2.584 2.505 2.355 0.000 
5.750 12.590 0.156 0.684 1.113 1.725 2.261 2.673 2.711 2.461 2.380 2.235 0.000 
5.750 15.850 0.021 0.540 0.964 1.573 2.107 2.523 2.560 2.309 2.228 2.084 0.000 
5.750 19.950 -0.123 0.388 0.804 1.411 1.943 2.359 2.395 2.143 2.061 1.919 0.000 
5.750 25.120 -0.271 0.229 0.639 1.242 1.771 2.187 2.222 1.968 1.886 1.745 0.000 
5.750 31.620 -0.424 0.066 0.468 1.066 1.592 2.008 2.043 1.787 1.703 1.565 0.000 
5.750 39.810 -0.578 -0.100 0.294 0.887 1.408 1.823 1.857 1.599 1.514 1.378 0.000 
5.750 50.120 -0.735 -0.268 0.117 0.702 1.218 1.633 1.665 1.404 1.318 1.185 0.000 
5.750 63.100 -0.894 -0.439 -0.062 0.514 1.022 1.436 1.467 1.203 1.115 0.986 0.000 
5.750 79.430 -1.054 -0.611 -0.243 0.321 0.820 1.234 1.262 0.993 0.903 0.779 0.000 
5.750 100.000 -1.215 -0.786 -0.427 0.122 0.610 1.023 1.048 0.774 0.680 0.563 0.000 
5.750 125.890 -1.380 -0.963 -0.613 -0.083 0.391 0.802 0.824 0.542 0.445 0.336 0.000 
5.750 158.490 -1.547 -1.143 -0.802 -0.296 0.160 0.569 0.586 0.296 0.194 0.096 0.000 
5.750 199.530 -1.717 -1.327 -0.996 -0.520 -0.086 0.321 0.332 0.031 -0.077 -0.162 0.000 
5.750 251.190 -1.892 -1.516 -1.194 -0.756 -0.351 0.054 0.058 -0.257 -0.373 -0.442 0.000 
5.750 316.230 -2.073 -1.710 -1.398 -1.008 -0.638 -0.237 -0.242 -0.574 -0.700 -0.748 0.000 
5.750 398.110 -2.262 -1.913 -1.610 -1.279 -0.955 -0.558 -0.574 -0.929 -1.067 -1.089 0.000 
5.750 501.190 -2.460 -2.124 -1.832 -1.576 -1.309 -0.916 -0.947 -1.330 -1.483 -1.472 0.000 
5.750 630.960 -2.670 -2.348 -2.066 -1.904 -1.708 -1.322 -1.371 -1.789 -1.962 -1.909 0.000 
5.750 794.330 -2.895 -2.587 -2.314 -2.272 -2.166 -1.788 -1.860 -2.322 -2.520 -2.414 0.000 
5.750 1000.000 -3.139 -2.845 -2.582 -2.690 -2.697 -2.330 -2.430 -2.947 -3.176 -3.005 0.000 
6.000 1.000 0.811 1.380 1.823 2.409 2.918 3.121 3.161 2.918 2.840 2.674 0.000 
6.000 1.260 0.810 1.378 1.819 2.405 2.914 3.120 3.159 2.916 2.838 2.672 0.000 
6.000 1.580 0.808 1.373 1.814 2.400 2.909 3.117 3.156 2.913 2.834 2.670 0.000 
6.000 2.000 0.803 1.367 1.806 2.391 2.900 3.114 3.152 2.909 2.829 2.666 0.000 
6.000 2.510 0.794 1.356 1.793 2.378 2.887 3.107 3.145 2.901 2.822 2.659 0.000 
6.000 3.160 0.780 1.338 1.773 2.359 2.868 3.098 3.134 2.889 2.809 2.649 0.000 
6.000 3.980 0.757 1.312 1.744 2.329 2.838 3.082 3.117 2.871 2.790 2.632 0.000 
6.000 5.010 0.723 1.273 1.702 2.287 2.795 3.059 3.091 2.844 2.762 2.608 0.000 
6.000 6.310 0.673 1.218 1.644 2.228 2.736 3.023 3.052 2.803 2.720 2.570 0.000 
6.000 7.940 0.606 1.145 1.566 2.150 2.658 2.970 2.997 2.746 2.661 2.516 0.000 
6.000 10.000 0.520 1.052 1.469 2.051 2.558 2.898 2.921 2.668 2.582 2.442 0.000 
6.000 12.590 0.416 0.941 1.353 1.933 2.439 2.804 2.824 2.568 2.480 2.346 0.000 
6.000 15.850 0.297 0.814 1.219 1.798 2.302 2.689 2.706 2.448 2.359 2.229 0.000 
6.000 19.950 0.165 0.674 1.073 1.649 2.151 2.541 2.557 2.297 2.207 2.080 0.000 
6.000 25.120 0.025 0.524 0.916 1.489 1.988 2.377 2.393 2.132 2.041 1.915 0.000 
6.000 31.620 -0.121 0.367 0.752 1.320 1.816 2.205 2.220 1.957 1.866 1.741 0.000 
6.000 39.810 -0.271 0.206 0.583 1.145 1.636 2.025 2.039 1.774 1.681 1.560 0.000 
6.000 50.120 -0.425 0.041 0.409 0.964 1.450 1.838 1.850 1.583 1.489 1.370 0.000 
6.000 63.100 -0.581 -0.127 0.233 0.778 1.257 1.645 1.655 1.384 1.288 1.174 0.000 
6.000 79.430 -0.740 -0.298 0.054 0.587 1.057 1.444 1.452 1.177 1.078 0.969 0.000 
6.000 100.000 -0.900 -0.471 -0.128 0.390 0.849 1.235 1.240 0.959 0.857 0.755 0.000 
6.000 125.890 -1.063 -0.647 -0.313 0.186 0.631 1.015 1.017 0.729 0.623 0.529 0.000 
6.000 158.490 -1.229 -0.826 -0.501 -0.026 0.401 0.784 0.781 0.484 0.374 0.290 0.000 
6.000 199.530 -1.398 -1.008 -0.694 -0.248 0.156 0.537 0.528 0.221 0.104 0.033 0.000 
6.000 251.190 -1.573 -1.196 -0.891 -0.483 -0.107 0.271 0.255 -0.066 -0.191 -0.245 0.000 
6.000 316.230 -1.753 -1.390 -1.094 -0.733 -0.394 -0.019 -0.044 -0.383 -0.517 -0.550 0.000 
6.000 398.110 -1.940 -1.591 -1.305 -1.004 -0.709 -0.338 -0.375 -0.736 -0.883 -0.890 0.000 
6.000 501.190 -2.137 -1.802 -1.526 -1.300 -1.062 -0.696 -0.747 -1.136 -1.298 -1.272 0.000 
6.000 630.960 -2.346 -2.024 -1.758 -1.627 -1.460 -1.101 -1.170 -1.594 -1.776 -1.708 0.000 
6.000 794.330 -2.570 -2.262 -2.006 -1.994 -1.917 -1.566 -1.658 -2.126 -2.332 -2.213 0.000 
6.000 1000.000 -2.813 -2.519 -2.273 -2.411 -2.447 -2.106 -2.227 -2.751 -2.988 -2.802 0.000 
6.250 1.000 0.906 1.469 1.893 2.447 2.925 3.124 3.140 2.889 2.800 2.654 0.000 
6.250 1.260 0.906 1.468 1.891 2.445 2.923 3.123 3.139 2.888 2.799 2.653 0.000 
6.250 1.580 0.906 1.467 1.888 2.442 2.920 3.121 3.137 2.886 2.797 2.651 0.000 
6.250 2.000 0.905 1.463 1.883 2.437 2.915 3.119 3.135 2.883 2.794 2.649 0.000 
6.250 2.510 0.901 1.458 1.876 2.429 2.908 3.115 3.130 2.878 2.789 2.645 0.000 
6.250 3.160 0.895 1.448 1.864 2.418 2.896 3.109 3.124 2.871 2.782 2.638 0.000 
6.250 3.980 0.883 1.433 1.847 2.400 2.878 3.099 3.113 2.860 2.770 2.628 0.000 
6.250 5.010 0.864 1.410 1.821 2.374 2.852 3.085 3.097 2.843 2.752 2.613 0.000 
6.250 6.310 0.834 1.375 1.783 2.335 2.813 3.062 3.072 2.817 2.725 2.589 0.000 
6.250 7.940 0.790 1.326 1.729 2.281 2.758 3.027 3.035 2.778 2.686 2.553 0.000 
6.250 10.000 0.729 1.258 1.658 2.208 2.685 2.977 2.982 2.723 2.629 2.501 0.000 
6.250 12.590 0.649 1.172 1.566 2.115 2.591 2.908 2.910 2.649 2.553 2.430 0.000 
6.250 15.850 0.551 1.066 1.455 2.002 2.476 2.817 2.816 2.552 2.455 2.337 0.000 
6.250 19.950 0.437 0.943 1.326 1.871 2.343 2.704 2.700 2.434 2.336 2.222 0.000 
6.250 25.120 0.310 0.807 1.183 1.724 2.194 2.557 2.552 2.285 2.185 2.074 0.000 
6.250 31.620 0.174 0.660 1.029 1.566 2.032 2.395 2.389 2.120 2.020 1.910 0.000 
6.250 39.810 0.030 0.506 0.867 1.398 1.860 2.222 2.215 1.944 1.843 1.736 0.000 
6.250 50.120 -0.119 0.345 0.698 1.222 1.679 2.040 2.032 1.759 1.655 1.552 0.000 
6.250 63.100 -0.272 0.181 0.525 1.040 1.489 1.851 1.841 1.564 1.458 1.359 0.000 
6.250 79.430 -0.428 0.013 0.349 0.852 1.292 1.653 1.640 1.359 1.251 1.157 0.000 
6.250 100.000 -0.586 -0.158 0.169 0.657 1.086 1.445 1.430 1.143 1.033 0.945 0.000 
6.250 125.890 -0.748 -0.332 -0.014 0.455 0.870 1.228 1.209 0.915 0.801 0.721 0.000 
6.250 158.490 -0.912 -0.510 -0.201 0.245 0.642 0.998 0.975 0.672 0.553 0.484 0.000 
6.250 199.530 -1.081 -0.691 -0.392 0.024 0.398 0.752 0.723 0.410 0.284 0.228 0.000 
6.250 251.190 -1.254 -0.878 -0.588 -0.210 0.136 0.488 0.452 0.124 -0.009 -0.049 0.000 
6.250 316.230 -1.433 -1.070 -0.790 -0.460 -0.149 0.199 0.154 -0.191 -0.334 -0.353 0.000 
6.250 398.110 -1.620 -1.270 -1.000 -0.729 -0.464 -0.119 -0.176 -0.544 -0.699 -0.691 0.000 
6.250 501.190 -1.816 -1.480 -1.220 -1.024 -0.815 -0.476 -0.547 -0.942 -1.113 -1.073 0.000 
6.250 630.960 -2.024 -1.702 -1.451 -1.350 -1.213 -0.880 -0.970 -1.400 -1.590 -1.508 0.000 
6.250 794.330 -2.247 -1.939 -1.698 -1.716 -1.669 -1.344 -1.456 -1.930 -2.145 -2.011 0.000 
6.250 1000.000 -2.489 -2.194 -1.963 -2.132 -2.198 -1.883 -2.024 -2.554 -2.800 -2.599 0.000 
6.500 1.000 1.001 1.559 1.964 2.485 2.932 3.124 3.117 2.857 2.759 2.631 0.000 
6.500 1.260 1.002 1.559 1.963 2.484 2.931 3.123 3.117 2.857 2.758 2.631 0.000 
6.500 1.580 1.003 1.558 1.961 2.482 2.929 3.122 3.115 2.855 2.757 2.630 0.000 
6.500 2.000 1.003 1.557 1.958 2.479 2.926 3.121 3.114 2.854 2.755 2.628 0.000 
6.500 2.510 1.003 1.554 1.954 2.475 2.922 3.118 3.111 2.851 2.752 2.626 0.000 
6.500 3.160 1.001 1.549 1.948 2.468 2.915 3.115 3.107 2.847 2.748 2.622 0.000 
6.500 3.980 0.996 1.541 1.938 2.458 2.905 3.109 3.101 2.840 2.741 2.616 0.000 
6.500 5.010 0.987 1.528 1.922 2.442 2.889 3.100 3.091 2.829 2.730 2.606 0.000 
6.500 6.310 0.971 1.508 1.899 2.419 2.865 3.085 3.075 2.813 2.713 2.591 0.000 
6.500 7.940 0.945 1.477 1.864 2.384 2.830 3.064 3.052 2.789 2.687 2.569 0.000 
6.500 10.000 0.907 1.433 1.815 2.334 2.780 3.031 3.017 2.752 2.650 2.535 0.000 
6.500 12.590 0.852 1.371 1.749 2.266 2.711 2.983 2.966 2.700 2.596 2.485 0.000 
6.500 15.850 0.778 1.291 1.663 2.179 2.622 2.916 2.897 2.628 2.523 2.417 0.000 
6.500 19.950 0.687 1.190 1.557 2.070 2.512 2.828 2.806 2.534 2.428 2.327 0.000 
6.500 25.120 0.578 1.073 1.433 1.943 2.382 2.718 2.693 2.419 2.310 2.214 0.000 
6.500 31.620 0.455 0.940 1.293 1.799 2.235 2.571 2.545 2.270 2.161 2.066 0.000 
6.500 39.810 0.322 0.796 1.142 1.642 2.074 2.410 2.383 2.105 1.995 1.903 0.000 
6.500 50.120 0.180 0.644 0.981 1.475 1.901 2.236 2.208 1.928 1.816 1.727 0.000 
6.500 63.100 0.033 0.485 0.814 1.298 1.718 2.052 2.022 1.738 1.625 1.540 0.000 
6.500 79.430 -0.120 0.321 0.642 1.114 1.525 1.858 1.826 1.538 1.422 1.342 0.000 
6.500 100.000 -0.275 0.152 0.465 0.922 1.322 1.654 1.619 1.326 1.207 1.133 0.000 
6.500 125.890 -0.435 -0.020 0.284 0.723 1.108 1.439 1.400 1.100 0.977 0.912 0.000 
6.500 158.490 -0.598 -0.195 0.099 0.514 0.881 1.211 1.168 0.859 0.731 0.676 0.000 
6.500 199.530 -0.765 -0.375 -0.091 0.294 0.639 0.967 0.918 0.598 0.464 0.423 0.000 
6.500 251.190 -0.937 -0.561 -0.286 0.062 0.379 0.704 0.647 0.314 0.172 0.147 0.000 
6.500 316.230 -1.115 -0.752 -0.487 -0.186 0.095 0.417 0.351 -0.000 -0.152 -0.156 0.000 
6.500 398.110 -1.300 -0.951 -0.695 -0.455 -0.219 0.099 0.022 -0.352 -0.515 -0.493 0.000 
6.500 501.190 -1.495 -1.160 -0.914 -0.748 -0.569 -0.256 -0.348 -0.749 -0.928 -0.873 0.000 
6.500 630.960 -1.702 -1.380 -1.144 -1.073 -0.965 -0.659 -0.769 -1.205 -1.404 -1.307 0.000 
6.500 794.330 -1.924 -1.616 -1.390 -1.438 -1.420 -1.122 -1.255 -1.735 -1.958 -1.810 0.000 
6.500 1000.000 -2.165 -1.871 -1.654 -1.853 -1.948 -1.660 -1.822 -2.358 -2.612 -2.397 0.000 
6.750 1.000 1.096 1.648 2.036 2.523 2.939 3.122 3.092 2.824 2.715 2.607 0.000 
6.750 1.260 1.097 1.649 2.036 2.523 2.938 3.122 3.092 2.823 2.714 2.607 0.000 
6.750 1.580 1.099 1.649 2.035 2.522 2.937 3.121 3.091 2.823 2.714 2.606 0.000 
6.750 2.000 1.100 1.648 2.033 2.520 2.935 3.120 3.090 2.822 2.713 2.605 0.000 
6.750 2.510 1.101 1.647 2.031 2.518 2.933 3.119 3.089 2.820 2.711 2.604 0.000 
6.750 3.160 1.102 1.645 2.027 2.514 2.929 3.116 3.086 2.817 2.708 2.601 0.000 
6.750 3.980 1.101 1.642 2.021 2.508 2.923 3.113 3.083 2.813 2.704 2.598 0.000 
6.750 5.010 1.098 1.635 2.012 2.499 2.914 3.107 3.077 2.807 2.697 2.592 0.000 
6.750 6.310 1.091 1.624 1.998 2.485 2.900 3.099 3.067 2.797 2.687 2.583 0.000 
6.750 7.940 1.078 1.607 1.977 2.464 2.878 3.085 3.053 2.782 2.671 2.569 0.000 
6.750 10.000 1.057 1.580 1.946 2.432 2.846 3.064 3.030 2.758 2.647 2.547 0.000 
6.750 12.590 1.023 1.540 1.902 2.386 2.799 3.033 2.997 2.724 2.612 2.514 0.000 
6.750 15.850 0.974 1.483 1.841 2.324 2.736 2.987 2.949 2.674 2.561 2.467 0.000 
6.750 19.950 0.907 1.409 1.760 2.241 2.652 2.923 2.882 2.605 2.490 2.401 0.000 
6.750 25.120 0.821 1.314 1.659 2.138 2.546 2.838 2.794 2.514 2.398 2.314 0.000 
6.750 31.620 0.718 1.201 1.540 2.014 2.420 2.729 2.682 2.400 2.282 2.203 0.000 
6.750 39.810 0.600 1.073 1.404 1.873 2.275 2.584 2.536 2.252 2.133 2.056 0.000 
6.750 50.120 0.470 0.932 1.255 1.718 2.114 2.422 2.373 2.086 1.966 1.892 0.000 
6.750 63.100 0.330 0.781 1.097 1.550 1.939 2.247 2.196 1.906 1.784 1.714 0.000 
6.750 79.430 0.184 0.623 0.930 1.372 1.752 2.060 2.007 1.712 1.587 1.523 0.000 
6.750 100.000 0.032 0.459 0.757 1.184 1.554 1.860 1.804 1.505 1.377 1.319 0.000 
6.750 125.890 -0.124 0.290 0.580 0.988 1.344 1.648 1.589 1.282 1.151 1.101 0.000 
6.750 158.490 -0.285 0.117 0.397 0.782 1.120 1.423 1.359 1.044 0.907 0.867 0.000 
6.750 199.530 -0.450 -0.062 0.209 0.564 0.880 1.181 1.111 0.785 0.642 0.616 0.000 
6.750 251.190 -0.621 -0.245 0.016 0.334 0.621 0.919 0.843 0.502 0.352 0.342 0.000 
6.750 316.230 -0.798 -0.435 -0.183 0.087 0.338 0.633 0.548 0.190 0.030 0.040 0.000 
6.750 398.110 -0.982 -0.633 -0.391 -0.180 0.026 0.317 0.220 -0.160 -0.332 -0.296 0.000 
6.750 501.190 -1.176 -0.841 -0.608 -0.473 -0.323 -0.037 -0.149 -0.556 -0.744 -0.674 0.000 
6.750 630.960 -1.382 -1.060 -0.837 -0.797 -0.718 -0.439 -0.569 -1.011 -1.219 -1.107 0.000 
6.750 794.330 -1.603 -1.295 -1.082 -1.161 -1.172 -0.901 -1.053 -1.540 -1.772 -1.608 0.000 
6.750 1000.000 -1.843 -1.549 -1.346 -1.574 -1.699 -1.438 -1.619 -2.162 -2.424 -2.195 0.000 
7.000 1.000 1.192 1.738 2.110 2.562 2.944 3.118 3.065 2.787 2.668 2.580 0.000 
7.000 1.260 1.193 1.739 2.109 2.562 2.944 3.118 3.065 2.787 2.668 2.580 0.000 
7.000 1.580 1.195 1.739 2.109 2.561 2.943 3.117 3.065 2.787 2.668 2.580 0.000 
7.000 2.000 1.197 1.739 2.108 2.560 2.943 3.117 3.064 2.786 2.667 2.579 0.000 
7.000 2.510 1.198 1.739 2.107 2.559 2.941 3.116 3.063 2.785 2.666 2.578 0.000 
7.000 3.160 1.200 1.739 2.105 2.557 2.939 3.115 3.062 2.784 2.664 2.577 0.000 
7.000 3.980 1.201 1.738 2.101 2.554 2.936 3.113 3.060 2.781 2.662 2.575 0.000 
7.000 5.010 1.202 1.735 2.096 2.548 2.930 3.109 3.056 2.777 2.658 2.571 0.000 
7.000 6.310 1.200 1.729 2.088 2.540 2.922 3.104 3.050 2.771 2.652 2.566 0.000 
7.000 7.940 1.196 1.720 2.076 2.527 2.909 3.096 3.041 2.762 2.642 2.557 0.000 
7.000 10.000 1.186 1.705 2.057 2.508 2.889 3.083 3.028 2.748 2.627 2.543 0.000 
7.000 12.590 1.168 1.682 2.029 2.479 2.860 3.063 3.006 2.726 2.605 2.523 0.000 
7.000 15.850 1.139 1.646 1.989 2.438 2.818 3.033 2.975 2.693 2.571 2.492 0.000 
7.000 19.950 1.096 1.595 1.932 2.380 2.758 2.989 2.929 2.645 2.522 2.447 0.000 
7.000 25.120 1.035 1.526 1.857 2.302 2.678 2.928 2.865 2.579 2.454 2.383 0.000 
7.000 31.620 0.956 1.437 1.762 2.203 2.577 2.845 2.779 2.491 2.364 2.298 0.000 
7.000 39.810 0.858 1.329 1.647 2.083 2.454 2.736 2.668 2.376 2.248 2.187 0.000 
7.000 50.120 0.744 1.205 1.515 1.945 2.310 2.592 2.523 2.229 2.099 2.041 0.000 
7.000 63.100 0.617 1.067 1.369 1.790 2.149 2.430 2.359 2.062 1.931 1.876 0.000 
7.000 79.430 0.479 0.918 1.211 1.622 1.972 2.253 2.179 1.878 1.745 1.695 0.000 
7.000 100.000 0.334 0.760 1.045 1.441 1.781 2.060 1.984 1.678 1.541 1.498 0.000 
7.000 125.890 0.182 0.596 0.872 1.250 1.575 1.854 1.774 1.461 1.320 1.285 0.000 
7.000 158.490 0.024 0.426 0.693 1.047 1.355 1.632 1.548 1.226 1.081 1.056 0.000 
7.000 199.530 -0.139 0.250 0.508 0.833 1.118 1.393 1.303 0.970 0.819 0.807 0.000 
7.000 251.190 -0.307 0.068 0.317 0.604 0.861 1.133 1.036 0.690 0.531 0.535 0.000 
7.000 316.230 -0.482 -0.120 0.119 0.359 0.581 0.849 0.743 0.379 0.210 0.236 0.000 
7.000 398.110 -0.665 -0.317 -0.087 0.093 0.270 0.535 0.417 0.031 -0.150 -0.099 0.000 
7.000 501.190 -0.858 -0.523 -0.303 -0.198 -0.078 0.182 0.050 -0.364 -0.561 -0.476 0.000 
7.000 630.960 -1.063 -0.742 -0.531 -0.521 -0.472 -0.219 -0.369 -0.818 -1.034 -0.908 0.000 
7.000 794.330 -1.283 -0.975 -0.775 -0.883 -0.924 -0.679 -0.852 -1.346 -1.586 -1.408 0.000 
7.000 1000.000 -1.522 -1.228 -1.037 -1.296 -1.450 -1.215 -1.417 -1.966 -2.237 -1.993 0.000 
7.250 1.000 1.288 1.829 2.185 2.601 2.949 3.112 3.036 2.748 2.618 2.550 0.000 
7.250 1.260 1.289 1.829 2.184 2.600 2.948 3.111 3.036 2.748 2.618 2.550 0.000 
7.250 1.580 1.291 1.830 2.184 2.600 2.948 3.111 3.035 2.748 2.618 2.550 0.000 
7.250 2.000 1.293 1.830 2.184 2.600 2.948 3.111 3.035 2.747 2.617 2.550 0.000 
7.250 2.510 1.295 1.831 2.183 2.599 2.947 3.110 3.034 2.747 2.617 2.549 0.000 
7.250 3.160 1.297 1.831 2.182 2.598 2.946 3.110 3.034 2.746 2.616 2.548 0.000 
7.250 3.980 1.300 1.831 2.180 2.596 2.944 3.108 3.032 2.744 2.614 2.547 0.000 
7.250 5.010 1.302 1.830 2.177 2.593 2.941 3.106 3.030 2.742 2.612 2.545 0.000 
7.250 6.310 1.303 1.828 2.172 2.588 2.936 3.103 3.027 2.738 2.608 2.542 0.000 
7.250 7.940 1.303 1.824 2.165 2.581 2.928 3.098 3.021 2.733 2.602 2.536 0.000 
7.250 10.000 1.301 1.817 2.154 2.569 2.917 3.090 3.013 2.724 2.593 2.528 0.000 
7.250 12.590 1.294 1.804 2.137 2.552 2.899 3.078 3.000 2.710 2.579 2.515 0.000 
7.250 15.850 1.280 1.783 2.112 2.526 2.872 3.059 2.980 2.690 2.558 2.496 0.000 
7.250 19.950 1.255 1.752 2.075 2.488 2.833 3.031 2.950 2.658 2.526 2.466 0.000 
7.250 25.120 1.217 1.705 2.024 2.434 2.777 2.989 2.906 2.613 2.479 2.423 0.000 
7.250 31.620 1.162 1.642 1.953 2.360 2.702 2.929 2.844 2.549 2.413 2.361 0.000 
7.250 39.810 1.088 1.558 1.863 2.266 2.604 2.848 2.760 2.462 2.325 2.278 0.000 
7.250 50.120 0.996 1.456 1.753 2.150 2.484 2.739 2.648 2.347 2.208 2.166 0.000 
7.250 63.100 0.886 1.335 1.625 2.014 2.341 2.596 2.504 2.199 2.059 2.020 0.000 
7.250 79.430 0.762 1.200 1.482 1.860 2.179 2.433 2.339 2.030 1.888 1.854 0.000 
7.250 100.000 0.627 1.052 1.326 1.690 1.998 2.251 2.154 1.841 1.696 1.668 0.000 
7.250 125.890 0.482 0.895 1.160 1.506 1.801 2.052 1.952 1.632 1.483 1.463 0.000 
7.250 158.490 0.329 0.730 0.986 1.309 1.586 1.836 1.732 1.403 1.249 1.239 0.000 
7.250 199.530 0.170 0.558 0.805 1.098 1.353 1.602 1.491 1.152 0.992 0.995 0.000 
7.250 251.190 0.004 0.379 0.616 0.872 1.100 1.345 1.228 0.875 0.707 0.726 0.000 
7.250 316.230 -0.169 0.193 0.421 0.629 0.821 1.064 0.937 0.566 0.389 0.429 0.000 
7.250 398.110 -0.350 -0.002 0.216 0.366 0.513 0.751 0.613 0.220 0.031 0.097 0.000 
7.250 501.190 -0.542 -0.207 0.002 0.076 0.167 0.400 0.247 -0.173 -0.378 -0.279 0.000 
7.250 630.960 -0.745 -0.424 -0.225 -0.245 -0.226 0.001 -0.170 -0.625 -0.850 -0.709 0.000 
7.250 794.330 -0.964 -0.657 -0.467 -0.607 -0.677 -0.459 -0.652 -1.152 -1.400 -1.208 0.000 
7.250 1000.000 -1.202 -0.908 -0.729 -1.018 -1.202 -0.994 -1.216 -1.771 -2.050 -1.792 0.000 
7.500 1.000 1.384 1.919 2.260 2.638 2.950 3.102 3.002 2.704 2.563 2.516 0.000 
7.500 1.260 1.385 1.919 2.260 2.638 2.950 3.102 3.002 2.704 2.563 2.516 0.000 
7.500 1.580 1.387 1.920 2.260 2.637 2.950 3.102 3.002 2.704 2.563 2.516 0.000 
7.500 2.000 1.389 1.921 2.260 2.637 2.949 3.101 3.002 2.703 2.563 2.516 0.000 
7.500 2.510 1.391 1.921 2.259 2.637 2.949 3.101 3.001 2.703 2.562 2.516 0.000 
7.500 3.160 1.393 1.922 2.259 2.636 2.948 3.101 3.001 2.703 2.562 2.515 0.000 
7.500 3.980 1.396 1.923 2.258 2.635 2.947 3.100 3.000 2.702 2.561 2.514 0.000 
7.500 5.010 1.399 1.923 2.256 2.633 2.945 3.099 2.999 2.700 2.559 2.513 0.000 
7.500 6.310 1.402 1.923 2.253 2.631 2.943 3.097 2.997 2.698 2.557 2.511 0.000 
7.500 7.940 1.405 1.922 2.249 2.626 2.938 3.094 2.993 2.695 2.554 2.508 0.000 
7.500 10.000 1.407 1.918 2.243 2.620 2.931 3.089 2.988 2.689 2.548 2.503 0.000 
7.500 12.590 1.406 1.912 2.233 2.609 2.921 3.081 2.980 2.681 2.539 2.495 0.000 
7.500 15.850 1.401 1.902 2.218 2.594 2.905 3.070 2.968 2.668 2.526 2.483 0.000 
7.500 19.950 1.391 1.884 2.196 2.570 2.880 3.052 2.949 2.648 2.506 2.464 0.000 
7.500 25.120 1.370 1.856 2.162 2.535 2.844 3.024 2.920 2.618 2.475 2.436 0.000 
7.500 31.620 1.337 1.814 2.114 2.485 2.791 2.984 2.878 2.575 2.430 2.394 0.000 
7.500 39.810 1.288 1.756 2.049 2.416 2.720 2.926 2.818 2.512 2.366 2.334 0.000 
7.500 50.120 1.220 1.678 1.964 2.325 2.626 2.847 2.736 2.427 2.279 2.253 0.000 
7.500 63.100 1.133 1.580 1.859 2.213 2.507 2.735 2.622 2.310 2.160 2.138 0.000 
7.500 79.430 1.027 1.464 1.734 2.078 2.365 2.592 2.477 2.162 2.010 1.992 0.000 
7.500 100.000 0.906 1.331 1.593 1.924 2.201 2.427 2.309 1.989 1.834 1.822 0.000 
7.500 125.890 0.772 1.185 1.439 1.752 2.016 2.240 2.119 1.792 1.634 1.630 0.000 
7.500 158.490 0.627 1.028 1.273 1.563 1.810 2.033 1.908 1.572 1.409 1.415 0.000 
7.500 199.530 0.474 0.861 1.097 1.359 1.583 1.805 1.674 1.328 1.159 1.177 0.000 
7.500 251.190 0.312 0.686 0.913 1.137 1.334 1.553 1.415 1.055 0.879 0.913 0.000 
7.500 316.230 0.141 0.503 0.720 0.898 1.060 1.275 1.128 0.751 0.565 0.620 0.000 
7.500 398.110 -0.038 0.310 0.518 0.636 0.754 0.965 0.807 0.408 0.209 0.290 0.000 
7.500 501.190 -0.227 0.107 0.305 0.349 0.410 0.616 0.444 0.017 -0.197 -0.083 0.000 
7.500 630.960 -0.430 -0.108 0.080 0.029 0.019 0.219 0.028 -0.434 -0.667 -0.512 0.000 
7.500 794.330 -0.647 -0.340 -0.161 -0.331 -0.431 -0.239 -0.453 -0.958 -1.216 -1.008 0.000 
7.500 1000.000 -0.884 -0.590 -0.421 -0.741 -0.954 -0.772 -1.015 -1.576 -1.864 -1.591 0.000 
7.750 1.000 1.479 2.009 2.337 2.673 2.947 3.087 2.963 2.653 2.501 2.477 0.000 
7.750 1.260 1.481 2.009 2.337 2.672 2.947 3.087 2.963 2.653 2.501 2.477 0.000 
7.750 1.580 1.482 2.010 2.336 2.672 2.947 3.087 2.963 2.653 2.501 2.476 0.000 
7.750 2.000 1.484 2.011 2.336 2.672 2.947 3.087 2.963 2.653 2.501 2.476 0.000 
7.750 2.510 1.486 2.011 2.336 2.672 2.946 3.087 2.963 2.653 2.500 2.476 0.000 
7.750 3.160 1.489 2.012 2.336 2.672 2.946 3.086 2.962 2.653 2.500 2.476 0.000 
7.750 3.980 1.492 2.013 2.335 2.671 2.945 3.086 2.962 2.652 2.499 2.475 0.000 
7.750 5.010 1.495 2.014 2.334 2.670 2.944 3.085 2.961 2.651 2.499 2.475 0.000 
7.750 6.310 1.499 2.015 2.333 2.668 2.943 3.084 2.960 2.650 2.497 2.473 0.000 
7.750 7.940 1.503 2.015 2.330 2.666 2.940 3.082 2.958 2.648 2.495 2.471 0.000 
7.750 10.000 1.507 2.014 2.327 2.662 2.936 3.079 2.955 2.645 2.492 2.468 0.000 
7.750 12.590 1.510 2.012 2.321 2.656 2.930 3.075 2.950 2.640 2.487 2.464 0.000 
7.750 15.850 1.511 2.008 2.312 2.647 2.920 3.067 2.942 2.632 2.478 2.456 0.000 
7.750 19.950 1.509 1.999 2.299 2.633 2.905 3.056 2.931 2.619 2.466 2.444 0.000 
7.750 25.120 1.501 1.984 2.278 2.611 2.882 3.039 2.912 2.600 2.446 2.426 0.000 
7.750 31.620 1.484 1.959 2.248 2.578 2.849 3.012 2.885 2.571 2.416 2.399 0.000 
7.750 39.810 1.456 1.922 2.204 2.532 2.800 2.973 2.844 2.529 2.373 2.358 0.000 
7.750 50.120 1.412 1.868 2.144 2.467 2.731 2.917 2.785 2.468 2.310 2.300 0.000 
7.750 63.100 1.349 1.795 2.064 2.380 2.640 2.839 2.704 2.383 2.224 2.219 0.000 
7.750 79.430 1.267 1.702 1.963 2.270 2.523 2.723 2.587 2.262 2.101 2.100 0.000 
7.750 100.000 1.166 1.590 1.842 2.137 2.381 2.580 2.441 2.112 1.948 1.953 0.000 
7.750 125.890 1.048 1.459 1.703 1.982 2.213 2.411 2.269 1.934 1.766 1.778 0.000 
7.750 158.490 0.915 1.314 1.549 1.806 2.021 2.217 2.071 1.728 1.556 1.577 0.000 
7.750 199.530 0.769 1.156 1.383 1.611 1.804 1.999 1.847 1.493 1.316 1.350 0.000 
7.750 251.190 0.614 0.988 1.205 1.397 1.563 1.755 1.596 1.229 1.044 1.094 0.000 
7.750 316.230 0.448 0.809 1.016 1.162 1.293 1.482 1.314 0.930 0.735 0.806 0.000 
7.750 398.110 0.272 0.620 0.818 0.904 0.991 1.176 0.997 0.591 0.384 0.480 0.000 
7.750 501.190 0.085 0.419 0.608 0.620 0.650 0.830 0.637 0.203 -0.019 0.110 0.000 
7.750 630.960 -0.116 0.205 0.384 0.302 0.262 0.435 0.224 -0.245 -0.486 -0.316 0.000 
7.750 794.330 -0.332 -0.024 0.145 -0.056 -0.186 -0.021 -0.255 -0.767 -1.033 -0.811 0.000 
7.750 1000.000 -0.567 -0.273 -0.114 -0.464 -0.707 -0.552 -0.815 -1.383 -1.680 -1.392 0.000 
8.000 1.000 1.574 2.098 2.413 2.703 2.937 3.065 2.916 2.594 2.429 2.429 0.000 
8.000 1.260 1.575 2.098 2.413 2.703 2.937 3.065 2.916 2.594 2.429 2.429 0.000 
8.000 1.580 1.577 2.099 2.413 2.703 2.937 3.065 2.916 2.594 2.429 2.428 0.000 
8.000 2.000 1.578 2.099 2.413 2.703 2.937 3.065 2.916 2.594 2.429 2.428 0.000 
8.000 2.510 1.580 2.100 2.413 2.703 2.937 3.065 2.916 2.593 2.428 2.428 0.000 
8.000 3.160 1.583 2.101 2.412 2.703 2.936 3.065 2.916 2.593 2.428 2.428 0.000 
8.000 3.980 1.586 2.102 2.412 2.703 2.936 3.065 2.916 2.593 2.428 2.428 0.000 
8.000 5.010 1.589 2.103 2.412 2.702 2.935 3.064 2.915 2.592 2.427 2.427 0.000 
8.000 6.310 1.593 2.104 2.411 2.701 2.934 3.063 2.914 2.592 2.427 2.427 0.000 
8.000 7.940 1.598 2.105 2.409 2.700 2.933 3.062 2.913 2.590 2.425 2.425 0.000 
8.000 10.000 1.603 2.106 2.407 2.697 2.931 3.060 2.911 2.588 2.423 2.424 0.000 
8.000 12.590 1.607 2.106 2.404 2.694 2.927 3.058 2.908 2.585 2.420 2.421 0.000 
8.000 15.850 1.612 2.105 2.399 2.689 2.921 3.053 2.904 2.580 2.415 2.416 0.000 
8.000 19.950 1.615 2.102 2.391 2.680 2.912 3.046 2.896 2.573 2.407 2.409 0.000 
8.000 25.120 1.614 2.095 2.379 2.667 2.898 3.035 2.885 2.561 2.395 2.397 0.000 
8.000 31.620 1.609 2.082 2.361 2.647 2.877 3.019 2.867 2.542 2.376 2.380 0.000 
8.000 39.810 1.596 2.060 2.333 2.617 2.845 2.993 2.841 2.514 2.347 2.353 0.000 
8.000 50.120 1.572 2.027 2.293 2.573 2.799 2.955 2.801 2.472 2.304 2.313 0.000 
8.000 63.100 1.533 1.978 2.237 2.511 2.733 2.899 2.743 2.412 2.242 2.255 0.000 
8.000 79.430 1.476 1.910 2.161 2.428 2.644 2.817 2.658 2.324 2.151 2.170 0.000 
8.000 100.000 1.399 1.821 2.064 2.321 2.528 2.700 2.539 2.201 2.026 2.050 0.000 
8.000 125.890 1.301 1.712 1.947 2.188 2.384 2.555 2.391 2.047 1.869 1.899 0.000 
8.000 158.490 1.185 1.584 1.810 2.031 2.211 2.381 2.213 1.861 1.680 1.719 0.000 
8.000 199.530 1.053 1.439 1.657 1.850 2.010 2.178 2.005 1.643 1.456 1.506 0.000 
8.000 251.190 0.907 1.280 1.489 1.646 1.780 1.945 1.765 1.390 1.196 1.262 0.000 
8.000 316.230 0.748 1.108 1.307 1.420 1.519 1.681 1.492 1.100 0.896 0.983 0.000 
8.000 398.110 0.577 0.924 1.114 1.168 1.223 1.381 1.181 0.768 0.552 0.664 0.000 
8.000 501.190 0.393 0.727 0.907 0.887 0.887 1.040 0.826 0.385 0.154 0.298 0.000 
8.000 630.960 0.195 0.516 0.687 0.573 0.502 0.648 0.417 -0.059 -0.309 -0.124 0.000 
8.000 794.330 -0.018 0.289 0.450 0.217 0.057 0.195 -0.059 -0.578 -0.853 -0.616 0.000 
8.000 1000.000 -0.252 0.041 0.192 -0.189 -0.462 -0.334 -0.617 -1.192 -1.497 -1.194 0.000 
