AtkinsonBoore2003SSlabCascadia_CanadaSHM6-trial modified from OpenQuake implementation, distance is rrup. Log10 ground motion values in cgs units, PGV and Sa(T<0.1s) not valid
          14 31 11 : nmag, ndist, nperiod
          10.000 5.000 3.000 2.000 1.000 0.400 0.200 0.100 0.040 PGA PGV 
          0.691 0.691 0.691 0.691 0.668 0.645 0.645 0.645 0.576 0.622 0.000 
4.750 1.000 0.172 0.728 1.247 1.979 2.607 3.075 3.238 3.067 3.033 2.787 0.000 
4.750 1.260 0.128 0.681 1.198 1.931 2.559 3.026 3.189 3.018 2.985 2.738 0.000 
4.750 1.580 0.066 0.617 1.132 1.865 2.493 2.960 3.123 2.952 2.918 2.672 0.000 
4.750 2.000 -0.014 0.533 1.046 1.778 2.406 2.873 3.036 2.865 2.832 2.585 0.000 
4.750 2.510 -0.114 0.429 0.940 1.672 2.299 2.766 2.929 2.758 2.724 2.478 0.000 
4.750 3.160 -0.232 0.307 0.815 1.546 2.173 2.640 2.803 2.632 2.598 2.352 0.000 
4.750 3.980 -0.364 0.170 0.674 1.405 2.031 2.498 2.661 2.489 2.456 2.210 0.000 
4.750 5.010 -0.507 0.021 0.520 1.251 1.877 2.344 2.507 2.335 2.301 2.055 0.000 
4.750 6.310 -0.658 -0.137 0.358 1.088 1.713 2.180 2.343 2.170 2.136 1.891 0.000 
4.750 7.940 -0.813 -0.300 0.190 0.918 1.543 2.010 2.172 1.999 1.965 1.720 0.000 
4.750 10.000 -0.972 -0.466 0.017 0.744 1.367 1.834 1.996 1.823 1.788 1.544 0.000 
4.750 12.590 -1.132 -0.635 -0.159 0.566 1.189 1.655 1.817 1.643 1.608 1.365 0.000 
4.750 15.850 -1.292 -0.806 -0.336 0.386 1.007 1.473 1.635 1.460 1.424 1.182 0.000 
4.750 19.950 -1.454 -0.978 -0.515 0.204 0.822 1.289 1.449 1.273 1.237 0.996 0.000 
4.750 25.120 -1.615 -1.150 -0.696 0.020 0.635 1.102 1.261 1.084 1.047 0.808 0.000 
4.750 31.620 -1.777 -1.323 -0.877 -0.166 0.446 0.912 1.071 0.891 0.854 0.616 0.000 
4.750 39.810 -1.939 -1.497 -1.060 -0.354 0.253 0.718 0.876 0.695 0.656 0.421 0.000 
4.750 50.120 -2.101 -1.672 -1.243 -0.546 0.056 0.521 0.677 0.493 0.453 0.221 0.000 
4.750 63.100 -2.265 -1.848 -1.428 -0.740 -0.146 0.319 0.473 0.286 0.243 0.016 0.000 
4.750 79.430 -2.429 -2.025 -1.615 -0.938 -0.353 0.111 0.263 0.071 0.026 -0.196 0.000 
4.750 100.000 -2.595 -2.204 -1.803 -1.142 -0.568 -0.105 0.044 -0.153 -0.202 -0.417 0.000 
4.750 125.890 -2.763 -2.386 -1.994 -1.352 -0.792 -0.331 -0.185 -0.389 -0.441 -0.648 0.000 
4.750 158.490 -2.934 -2.570 -2.188 -1.569 -1.027 -0.568 -0.427 -0.640 -0.697 -0.893 0.000 
4.750 199.530 -3.108 -2.758 -2.385 -1.797 -1.278 -0.820 -0.685 -0.909 -0.972 -1.155 0.000 
4.750 251.190 -3.288 -2.951 -2.588 -2.037 -1.546 -1.091 -0.963 -1.201 -1.272 -1.439 0.000 
4.750 316.230 -3.473 -3.150 -2.796 -2.293 -1.838 -1.386 -1.267 -1.523 -1.604 -1.750 0.000 
4.750 398.110 -3.665 -3.356 -3.013 -2.569 -2.159 -1.711 -1.604 -1.882 -1.975 -2.094 0.000 
4.750 501.190 -3.867 -3.572 -3.238 -2.870 -2.516 -2.074 -1.981 -2.287 -2.395 -2.482 0.000 
4.750 630.960 -4.081 -3.799 -3.476 -3.202 -2.920 -2.484 -2.409 -2.750 -2.878 -2.923 0.000 
4.750 794.330 -4.310 -4.042 -3.729 -3.574 -3.382 -2.954 -2.902 -3.287 -3.440 -3.433 0.000 
4.750 1000.000 -4.558 -4.304 -4.001 -3.996 -3.917 -3.500 -3.476 -3.917 -4.100 -4.027 0.000 
5.000 1.000 0.299 0.849 1.344 2.046 2.644 3.085 3.228 3.050 3.008 2.776 0.000 
5.000 1.260 0.272 0.820 1.313 2.015 2.614 3.054 3.197 3.019 2.977 2.746 0.000 
5.000 1.580 0.232 0.778 1.269 1.971 2.569 3.010 3.153 2.975 2.933 2.702 0.000 
5.000 2.000 0.176 0.719 1.209 1.910 2.508 2.949 3.092 2.914 2.872 2.641 0.000 
5.000 2.510 0.102 0.641 1.129 1.830 2.428 2.869 3.011 2.833 2.791 2.560 0.000 
5.000 3.160 0.009 0.544 1.028 1.729 2.327 2.767 2.910 2.732 2.690 2.458 0.000 
5.000 3.980 -0.103 0.427 0.908 1.609 2.206 2.647 2.789 2.611 2.569 2.338 0.000 
5.000 5.010 -0.230 0.295 0.772 1.472 2.068 2.509 2.651 2.473 2.431 2.200 0.000 
5.000 6.310 -0.368 0.150 0.622 1.321 1.917 2.358 2.500 2.321 2.279 2.048 0.000 
5.000 7.940 -0.515 -0.004 0.463 1.161 1.756 2.196 2.338 2.159 2.116 1.887 0.000 
5.000 10.000 -0.668 -0.165 0.297 0.993 1.587 2.028 2.169 1.990 1.947 1.717 0.000 
5.000 12.590 -0.824 -0.330 0.126 0.820 1.413 1.853 1.995 1.814 1.771 1.542 0.000 
5.000 15.850 -0.982 -0.497 -0.049 0.644 1.235 1.675 1.816 1.634 1.590 1.363 0.000 
5.000 19.950 -1.141 -0.667 -0.225 0.464 1.053 1.493 1.633 1.451 1.406 1.180 0.000 
5.000 25.120 -1.301 -0.837 -0.404 0.282 0.868 1.307 1.447 1.263 1.218 0.993 0.000 
5.000 31.620 -1.461 -1.009 -0.583 0.097 0.680 1.119 1.258 1.072 1.026 0.803 0.000 
5.000 39.810 -1.622 -1.182 -0.765 -0.090 0.488 0.927 1.065 0.877 0.830 0.610 0.000 
5.000 50.120 -1.784 -1.355 -0.947 -0.279 0.293 0.731 0.867 0.677 0.628 0.411 0.000 
5.000 63.100 -1.946 -1.530 -1.131 -0.473 0.092 0.530 0.665 0.471 0.420 0.207 0.000 
5.000 79.430 -2.109 -1.706 -1.316 -0.670 -0.114 0.323 0.455 0.257 0.203 -0.004 0.000 
5.000 100.000 -2.274 -1.884 -1.503 -0.872 -0.328 0.108 0.238 0.034 -0.023 -0.224 0.000 
5.000 125.890 -2.441 -2.065 -1.693 -1.081 -0.550 -0.116 0.010 -0.201 -0.262 -0.454 0.000 
5.000 158.490 -2.611 -2.248 -1.886 -1.298 -0.785 -0.352 -0.231 -0.451 -0.516 -0.698 0.000 
5.000 199.530 -2.785 -2.435 -2.083 -1.524 -1.034 -0.603 -0.488 -0.719 -0.790 -0.959 0.000 
5.000 251.190 -2.963 -2.627 -2.284 -1.763 -1.302 -0.873 -0.765 -1.010 -1.089 -1.242 0.000 
5.000 316.230 -3.147 -2.824 -2.492 -2.018 -1.593 -1.167 -1.069 -1.331 -1.420 -1.551 0.000 
5.000 398.110 -3.339 -3.030 -2.707 -2.293 -1.912 -1.491 -1.404 -1.688 -1.790 -1.895 0.000 
5.000 501.190 -3.540 -3.244 -2.931 -2.593 -2.269 -1.853 -1.780 -2.092 -2.209 -2.281 0.000 
5.000 630.960 -3.753 -3.471 -3.168 -2.924 -2.672 -2.262 -2.207 -2.555 -2.691 -2.722 0.000 
5.000 794.330 -3.981 -3.713 -3.420 -3.295 -3.133 -2.731 -2.699 -3.091 -3.251 -3.230 0.000 
5.000 1000.000 -4.227 -3.974 -3.690 -3.716 -3.667 -3.276 -3.273 -3.719 -3.911 -3.824 0.000 
5.250 1.000 0.410 0.955 1.427 2.098 2.667 3.081 3.203 3.019 2.969 2.752 0.000 
5.250 1.260 0.395 0.938 1.409 2.080 2.648 3.063 3.185 3.001 2.950 2.733 0.000 
5.250 1.580 0.372 0.912 1.381 2.052 2.621 3.035 3.157 2.973 2.923 2.706 0.000 
5.250 2.000 0.337 0.874 1.342 2.013 2.581 2.995 3.118 2.933 2.883 2.666 0.000 
5.250 2.510 0.287 0.821 1.286 1.957 2.525 2.939 3.061 2.877 2.826 2.610 0.000 
5.250 3.160 0.219 0.749 1.212 1.882 2.450 2.864 2.986 2.802 2.751 2.535 0.000 
5.250 3.980 0.132 0.658 1.117 1.787 2.355 2.769 2.891 2.706 2.655 2.439 0.000 
5.250 5.010 0.027 0.547 1.003 1.672 2.239 2.653 2.775 2.591 2.540 2.323 0.000 
5.250 6.310 -0.095 0.420 0.871 1.540 2.106 2.520 2.642 2.457 2.406 2.190 0.000 
5.250 7.940 -0.229 0.279 0.725 1.393 1.958 2.372 2.494 2.309 2.257 2.042 0.000 
5.250 10.000 -0.372 0.128 0.569 1.235 1.800 2.213 2.335 2.149 2.097 1.882 0.000 
5.250 12.590 -0.521 -0.030 0.405 1.069 1.632 2.046 2.167 1.981 1.929 1.715 0.000 
5.250 15.850 -0.675 -0.192 0.236 0.898 1.459 1.873 1.993 1.806 1.753 1.540 0.000 
5.250 19.950 -0.831 -0.358 0.063 0.722 1.281 1.694 1.814 1.626 1.573 1.361 0.000 
5.250 25.120 -0.989 -0.526 -0.113 0.542 1.099 1.512 1.631 1.441 1.387 1.177 0.000 
5.250 31.620 -1.147 -0.696 -0.291 0.360 0.913 1.326 1.444 1.252 1.197 0.990 0.000 
5.250 39.810 -1.307 -0.867 -0.470 0.175 0.723 1.135 1.253 1.059 1.003 0.797 0.000 
5.250 50.120 -1.467 -1.039 -0.651 -0.014 0.529 0.941 1.057 0.860 0.802 0.600 0.000 
5.250 63.100 -1.628 -1.213 -0.833 -0.206 0.330 0.741 0.855 0.655 0.596 0.398 0.000 
5.250 79.430 -1.791 -1.388 -1.018 -0.402 0.125 0.535 0.647 0.443 0.381 0.188 0.000 
5.250 100.000 -1.955 -1.565 -1.204 -0.603 -0.088 0.322 0.431 0.221 0.155 -0.031 0.000 
5.250 125.890 -2.121 -1.745 -1.392 -0.811 -0.309 0.099 0.204 -0.013 -0.082 -0.260 0.000 
5.250 158.490 -2.290 -1.927 -1.584 -1.026 -0.543 -0.136 -0.036 -0.262 -0.336 -0.503 0.000 
5.250 199.530 -2.463 -2.113 -1.780 -1.252 -0.791 -0.387 -0.292 -0.529 -0.609 -0.763 0.000 
5.250 251.190 -2.640 -2.304 -1.980 -1.490 -1.058 -0.656 -0.568 -0.819 -0.907 -1.044 0.000 
5.250 316.230 -2.823 -2.500 -2.187 -1.744 -1.347 -0.949 -0.870 -1.139 -1.236 -1.353 0.000 
5.250 398.110 -3.013 -2.704 -2.401 -2.018 -1.666 -1.272 -1.204 -1.495 -1.605 -1.696 0.000 
5.250 501.190 -3.213 -2.918 -2.624 -2.316 -2.022 -1.632 -1.580 -1.898 -2.023 -2.081 0.000 
5.250 630.960 -3.425 -3.144 -2.860 -2.647 -2.423 -2.041 -2.006 -2.359 -2.504 -2.520 0.000 
5.250 794.330 -3.652 -3.385 -3.111 -3.017 -2.883 -2.509 -2.497 -2.894 -3.064 -3.028 0.000 
5.250 1000.000 -3.898 -3.645 -3.380 -3.437 -3.416 -3.052 -3.069 -3.522 -3.722 -3.620 0.000 
5.500 1.000 0.513 1.052 1.502 2.143 2.681 3.069 3.171 2.980 2.921 2.719 0.000 
5.500 1.260 0.505 1.043 1.491 2.132 2.670 3.058 3.160 2.969 2.910 2.708 0.000 
5.500 1.580 0.493 1.028 1.475 2.116 2.654 3.041 3.144 2.953 2.894 2.692 0.000 
5.500 2.000 0.472 1.005 1.451 2.091 2.629 3.017 3.119 2.928 2.869 2.667 0.000 
5.500 2.510 0.442 0.972 1.415 2.055 2.593 2.981 3.083 2.892 2.833 2.631 0.000 
5.500 3.160 0.397 0.923 1.364 2.004 2.542 2.929 3.031 2.841 2.781 2.579 0.000 
5.500 3.980 0.335 0.858 1.295 1.935 2.472 2.860 2.962 2.771 2.711 2.510 0.000 
5.500 5.010 0.255 0.772 1.206 1.845 2.383 2.770 2.872 2.681 2.621 2.420 0.000 
5.500 6.310 0.156 0.668 1.098 1.736 2.273 2.660 2.762 2.570 2.510 2.309 0.000 
5.500 7.940 0.041 0.545 0.971 1.608 2.144 2.531 2.633 2.441 2.381 2.180 0.000 
5.500 10.000 -0.089 0.409 0.829 1.465 2.000 2.387 2.488 2.296 2.236 2.036 0.000 
5.500 12.590 -0.228 0.262 0.676 1.310 1.844 2.231 2.332 2.139 2.078 1.879 0.000 
5.500 15.850 -0.374 0.106 0.514 1.146 1.678 2.065 2.166 1.972 1.911 1.712 0.000 
5.500 19.950 -0.526 -0.054 0.347 0.976 1.505 1.892 1.992 1.797 1.736 1.539 0.000 
5.500 25.120 -0.680 -0.219 0.175 0.800 1.327 1.714 1.813 1.617 1.554 1.359 0.000 
5.500 31.620 -0.836 -0.386 0.000 0.621 1.144 1.530 1.629 1.431 1.367 1.174 0.000 
5.500 39.810 -0.993 -0.555 -0.177 0.438 0.957 1.343 1.440 1.239 1.175 0.984 0.000 
5.500 50.120 -1.152 -0.725 -0.356 0.251 0.765 1.150 1.246 1.043 0.976 0.789 0.000 
5.500 63.100 -1.312 -0.898 -0.537 0.061 0.567 0.952 1.046 0.839 0.771 0.588 0.000 
5.500 79.430 -1.474 -1.072 -0.720 -0.134 0.363 0.747 0.839 0.628 0.557 0.379 0.000 
5.500 100.000 -1.637 -1.247 -0.905 -0.334 0.152 0.535 0.624 0.407 0.334 0.162 0.000 
5.500 125.890 -1.802 -1.426 -1.092 -0.540 -0.069 0.313 0.398 0.175 0.097 -0.066 0.000 
5.500 158.490 -1.970 -1.607 -1.283 -0.755 -0.301 0.079 0.159 -0.073 -0.155 -0.308 0.000 
5.500 199.530 -2.141 -1.792 -1.477 -0.979 -0.548 -0.170 -0.095 -0.339 -0.427 -0.567 0.000 
5.500 251.190 -2.318 -1.982 -1.677 -1.216 -0.813 -0.438 -0.371 -0.628 -0.724 -0.847 0.000 
5.500 316.230 -2.500 -2.177 -1.882 -1.469 -1.102 -0.730 -0.672 -0.946 -1.053 -1.155 0.000 
5.500 398.110 -2.689 -2.380 -2.095 -1.742 -1.420 -1.052 -1.005 -1.302 -1.420 -1.496 0.000 
5.500 501.190 -2.888 -2.593 -2.318 -2.040 -1.774 -1.412 -1.379 -1.704 -1.838 -1.881 0.000 
5.500 630.960 -3.099 -2.818 -2.552 -2.369 -2.175 -1.819 -1.804 -2.164 -2.318 -2.319 0.000 
5.500 794.330 -3.325 -3.058 -2.802 -2.738 -2.634 -2.286 -2.294 -2.698 -2.876 -2.825 0.000 
5.500 1000.000 -3.570 -3.317 -3.071 -3.157 -3.166 -2.828 -2.865 -3.325 -3.533 -3.417 0.000 
5.750 1.000 0.611 1.145 1.573 2.183 2.691 3.052 3.134 2.936 2.868 2.681 0.000 
5.750 1.260 0.608 1.140 1.567 2.177 2.685 3.046 3.128 2.930 2.862 2.675 0.000 
5.750 1.580 0.601 1.132 1.558 2.167 2.675 3.036 3.118 2.921 2.853 2.666 0.000 
5.750 2.000 0.591 1.119 1.543 2.153 2.661 3.022 3.103 2.906 2.838 2.651 0.000 
5.750 2.510 0.574 1.099 1.522 2.131 2.639 3.000 3.081 2.884 2.816 2.629 0.000 
5.750 3.160 0.547 1.069 1.489 2.098 2.606 2.967 3.048 2.851 2.783 2.596 0.000 
5.750 3.980 0.508 1.026 1.443 2.051 2.559 2.920 3.002 2.804 2.736 2.549 0.000 
5.750 5.010 0.452 0.965 1.380 1.988 2.495 2.856 2.937 2.739 2.671 2.485 0.000 
5.750 6.310 0.378 0.886 1.297 1.904 2.411 2.772 2.853 2.655 2.586 2.400 0.000 
5.750 7.940 0.286 0.788 1.194 1.800 2.306 2.667 2.748 2.550 2.481 2.295 0.000 
5.750 10.000 0.176 0.671 1.072 1.677 2.182 2.543 2.624 2.425 2.356 2.171 0.000 
5.750 12.590 0.052 0.539 0.934 1.538 2.042 2.402 2.483 2.283 2.214 2.030 0.000 
5.750 15.850 -0.084 0.395 0.784 1.386 1.888 2.248 2.329 2.128 2.059 1.875 0.000 
5.750 19.950 -0.227 0.242 0.625 1.224 1.724 2.084 2.164 1.962 1.892 1.710 0.000 
5.750 25.120 -0.376 0.084 0.459 1.054 1.552 1.912 1.991 1.788 1.717 1.536 0.000 
5.750 31.620 -0.528 -0.079 0.289 0.879 1.373 1.733 1.811 1.606 1.534 1.356 0.000 
5.750 39.810 -0.683 -0.245 0.115 0.699 1.189 1.548 1.625 1.418 1.345 1.169 0.000 
5.750 50.120 -0.839 -0.414 -0.062 0.515 0.999 1.358 1.433 1.224 1.149 0.976 0.000 
5.750 63.100 -0.998 -0.584 -0.241 0.327 0.803 1.161 1.235 1.022 0.946 0.777 0.000 
5.750 79.430 -1.158 -0.756 -0.422 0.133 0.601 0.959 1.030 0.813 0.734 0.570 0.000 
5.750 100.000 -1.320 -0.931 -0.606 -0.065 0.391 0.748 0.816 0.593 0.511 0.354 0.000 
5.750 125.890 -1.484 -1.108 -0.792 -0.270 0.172 0.527 0.592 0.362 0.276 0.127 0.000 
5.750 158.490 -1.651 -1.288 -0.982 -0.484 -0.059 0.294 0.354 0.116 0.025 -0.113 0.000 
5.750 199.530 -1.821 -1.472 -1.175 -0.707 -0.305 0.046 0.101 -0.149 -0.246 -0.371 0.000 
5.750 251.190 -1.997 -1.661 -1.373 -0.943 -0.570 -0.221 -0.174 -0.437 -0.542 -0.651 0.000 
5.750 316.230 -2.178 -1.855 -1.578 -1.195 -0.857 -0.512 -0.474 -0.755 -0.869 -0.957 0.000 
5.750 398.110 -2.366 -2.058 -1.790 -1.467 -1.174 -0.833 -0.806 -1.109 -1.236 -1.298 0.000 
5.750 501.190 -2.564 -2.269 -2.011 -1.763 -1.527 -1.191 -1.179 -1.510 -1.652 -1.681 0.000 
5.750 630.960 -2.774 -2.493 -2.245 -2.092 -1.927 -1.597 -1.603 -1.969 -2.131 -2.118 0.000 
5.750 794.330 -2.999 -2.732 -2.493 -2.460 -2.385 -2.063 -2.092 -2.502 -2.689 -2.623 0.000 
5.750 1000.000 -3.243 -2.990 -2.761 -2.878 -2.916 -2.605 -2.662 -3.128 -3.345 -3.214 0.000 
6.000 1.000 0.707 1.235 1.643 2.221 2.699 3.033 3.095 2.890 2.814 2.642 0.000 
6.000 1.260 0.706 1.233 1.640 2.218 2.696 3.030 3.091 2.887 2.810 2.638 0.000 
6.000 1.580 0.703 1.228 1.635 2.212 2.690 3.024 3.086 2.881 2.805 2.633 0.000 
6.000 2.000 0.699 1.222 1.626 2.204 2.682 3.016 3.077 2.873 2.796 2.624 0.000 
6.000 2.510 0.690 1.211 1.613 2.191 2.669 3.003 3.064 2.860 2.783 2.611 0.000 
6.000 3.160 0.676 1.193 1.594 2.171 2.649 2.983 3.044 2.840 2.763 2.591 0.000 
6.000 3.980 0.653 1.167 1.565 2.142 2.619 2.953 3.015 2.810 2.733 2.562 0.000 
6.000 5.010 0.619 1.128 1.523 2.100 2.577 2.911 2.972 2.767 2.690 2.519 0.000 
6.000 6.310 0.569 1.073 1.465 2.041 2.517 2.852 2.912 2.708 2.631 2.459 0.000 
6.000 7.940 0.502 1.000 1.387 1.963 2.439 2.773 2.834 2.629 2.551 2.380 0.000 
6.000 10.000 0.415 0.907 1.290 1.864 2.339 2.673 2.734 2.528 2.451 2.281 0.000 
6.000 12.590 0.312 0.796 1.173 1.746 2.220 2.554 2.614 2.408 2.330 2.161 0.000 
6.000 15.850 0.192 0.669 1.040 1.611 2.083 2.417 2.477 2.270 2.192 2.023 0.000 
6.000 19.950 0.061 0.529 0.894 1.461 1.932 2.265 2.325 2.117 2.038 1.871 0.000 
6.000 25.120 -0.079 0.379 0.737 1.301 1.769 2.102 2.161 1.952 1.872 1.706 0.000 
6.000 31.620 -0.225 0.222 0.573 1.133 1.597 1.930 1.988 1.777 1.697 1.532 0.000 
6.000 39.810 -0.376 0.061 0.404 0.957 1.417 1.750 1.807 1.594 1.512 1.351 0.000 
6.000 50.120 -0.529 -0.104 0.230 0.777 1.231 1.563 1.619 1.403 1.320 1.161 0.000 
6.000 63.100 -0.686 -0.272 0.054 0.591 1.038 1.370 1.423 1.204 1.119 0.965 0.000 
6.000 79.430 -0.844 -0.443 -0.126 0.400 0.838 1.169 1.220 0.996 0.909 0.760 0.000 
6.000 100.000 -1.004 -0.616 -0.308 0.203 0.630 0.960 1.008 0.779 0.688 0.546 0.000 
6.000 125.890 -1.167 -0.792 -0.492 -0.001 0.412 0.740 0.785 0.549 0.454 0.320 0.000 
6.000 158.490 -1.333 -0.971 -0.681 -0.213 0.182 0.509 0.549 0.304 0.205 0.081 0.000 
6.000 199.530 -1.503 -1.153 -0.873 -0.435 -0.063 0.262 0.296 0.040 -0.065 -0.176 0.000 
6.000 251.190 -1.677 -1.341 -1.070 -0.670 -0.326 -0.004 0.023 -0.247 -0.360 -0.454 0.000 
6.000 316.230 -1.857 -1.535 -1.273 -0.921 -0.613 -0.294 -0.276 -0.563 -0.686 -0.759 0.000 
6.000 398.110 -2.044 -1.736 -1.484 -1.192 -0.928 -0.613 -0.607 -0.916 -1.052 -1.099 0.000 
6.000 501.190 -2.241 -1.947 -1.705 -1.487 -1.281 -0.971 -0.979 -1.316 -1.467 -1.481 0.000 
6.000 630.960 -2.450 -2.169 -1.937 -1.815 -1.679 -1.376 -1.402 -1.775 -1.945 -1.917 0.000 
6.000 794.330 -2.674 -2.407 -2.185 -2.181 -2.136 -1.841 -1.890 -2.306 -2.501 -2.422 0.000 
6.000 1000.000 -2.917 -2.664 -2.452 -2.598 -2.666 -2.381 -2.459 -2.931 -3.157 -3.011 0.000 
6.250 1.000 0.802 1.324 1.714 2.259 2.706 3.014 3.054 2.843 2.758 2.601 0.000 
6.250 1.260 0.802 1.323 1.712 2.257 2.704 3.012 3.052 2.841 2.756 2.599 0.000 
6.250 1.580 0.802 1.322 1.709 2.254 2.701 3.009 3.049 2.838 2.752 2.596 0.000 
6.250 2.000 0.800 1.318 1.704 2.249 2.696 3.004 3.045 2.833 2.748 2.591 0.000 
6.250 2.510 0.797 1.312 1.697 2.242 2.689 2.996 3.037 2.826 2.740 2.584 0.000 
6.250 3.160 0.790 1.303 1.685 2.230 2.677 2.985 3.025 2.814 2.728 2.572 0.000 
6.250 3.980 0.779 1.288 1.668 2.213 2.659 2.967 3.007 2.796 2.710 2.554 0.000 
6.250 5.010 0.760 1.265 1.642 2.186 2.633 2.940 2.981 2.769 2.683 2.527 0.000 
6.250 6.310 0.730 1.230 1.604 2.148 2.594 2.901 2.942 2.730 2.644 2.488 0.000 
6.250 7.940 0.686 1.181 1.550 2.094 2.539 2.847 2.887 2.675 2.589 2.433 0.000 
6.250 10.000 0.625 1.113 1.478 2.021 2.466 2.773 2.813 2.601 2.515 2.360 0.000 
6.250 12.590 0.545 1.027 1.387 1.928 2.372 2.679 2.719 2.506 2.420 2.265 0.000 
6.250 15.850 0.447 0.921 1.275 1.815 2.257 2.564 2.604 2.390 2.303 2.150 0.000 
6.250 19.950 0.333 0.798 1.147 1.684 2.124 2.431 2.470 2.256 2.168 2.015 0.000 
6.250 25.120 0.206 0.662 1.004 1.537 1.975 2.282 2.320 2.104 2.016 1.865 0.000 
6.250 31.620 0.069 0.515 0.850 1.379 1.813 2.120 2.157 1.940 1.851 1.701 0.000 
6.250 39.810 -0.075 0.361 0.687 1.211 1.641 1.947 1.983 1.764 1.674 1.527 0.000 
6.250 50.120 -0.224 0.200 0.519 1.035 1.460 1.765 1.800 1.578 1.486 1.343 0.000 
6.250 63.100 -0.376 0.036 0.346 0.853 1.271 1.576 1.609 1.383 1.289 1.150 0.000 
6.250 79.430 -0.532 -0.132 0.170 0.665 1.073 1.377 1.408 1.178 1.082 0.948 0.000 
6.250 100.000 -0.691 -0.303 -0.010 0.470 0.867 1.170 1.198 0.963 0.864 0.736 0.000 
6.250 125.890 -0.852 -0.477 -0.193 0.268 0.651 0.953 0.977 0.735 0.632 0.512 0.000 
6.250 158.490 -1.017 -0.655 -0.380 0.057 0.423 0.723 0.743 0.492 0.384 0.275 0.000 
6.250 199.530 -1.185 -0.836 -0.571 -0.164 0.179 0.477 0.492 0.229 0.115 0.019 0.000 
6.250 251.190 -1.358 -1.023 -0.767 -0.397 -0.083 0.213 0.220 -0.056 -0.178 -0.258 0.000 
6.250 316.230 -1.537 -1.215 -0.969 -0.647 -0.368 -0.076 -0.078 -0.372 -0.503 -0.562 0.000 
6.250 398.110 -1.724 -1.415 -1.179 -0.917 -0.683 -0.395 -0.408 -0.724 -0.868 -0.900 0.000 
6.250 501.190 -1.920 -1.625 -1.399 -1.211 -1.034 -0.751 -0.779 -1.123 -1.282 -1.282 0.000 
6.250 630.960 -2.128 -1.847 -1.630 -1.538 -1.432 -1.155 -1.201 -1.580 -1.759 -1.717 0.000 
6.250 794.330 -2.351 -2.084 -1.877 -1.903 -1.887 -1.619 -1.688 -2.111 -2.314 -2.220 0.000 
6.250 1000.000 -2.593 -2.339 -2.143 -2.319 -2.416 -2.158 -2.256 -2.734 -2.969 -2.808 0.000 
6.500 1.000 0.897 1.414 1.785 2.297 2.713 2.994 3.014 2.795 2.701 2.560 0.000 
6.500 1.260 0.898 1.414 1.784 2.296 2.712 2.993 3.013 2.794 2.700 2.559 0.000 
6.500 1.580 0.898 1.413 1.782 2.295 2.710 2.991 3.011 2.793 2.698 2.557 0.000 
6.500 2.000 0.899 1.411 1.779 2.292 2.708 2.988 3.008 2.790 2.695 2.554 0.000 
6.500 2.510 0.898 1.409 1.775 2.288 2.703 2.984 3.004 2.786 2.691 2.550 0.000 
6.500 3.160 0.896 1.404 1.768 2.281 2.697 2.977 2.997 2.779 2.684 2.543 0.000 
6.500 3.980 0.892 1.396 1.758 2.271 2.686 2.967 2.987 2.768 2.673 2.533 0.000 
6.500 5.010 0.882 1.383 1.743 2.255 2.670 2.951 2.971 2.752 2.657 2.517 0.000 
6.500 6.310 0.867 1.363 1.719 2.231 2.646 2.927 2.947 2.728 2.633 2.493 0.000 
6.500 7.940 0.841 1.332 1.685 2.196 2.611 2.892 2.911 2.692 2.597 2.457 0.000 
6.500 10.000 0.802 1.288 1.636 2.147 2.561 2.841 2.861 2.642 2.546 2.407 0.000 
6.500 12.590 0.747 1.226 1.570 2.079 2.492 2.773 2.792 2.572 2.477 2.338 0.000 
6.500 15.850 0.674 1.145 1.484 1.991 2.403 2.684 2.703 2.482 2.386 2.248 0.000 
6.500 19.950 0.582 1.045 1.378 1.883 2.293 2.573 2.592 2.371 2.274 2.137 0.000 
6.500 25.120 0.474 0.928 1.254 1.756 2.163 2.444 2.461 2.239 2.142 2.006 0.000 
6.500 31.620 0.351 0.795 1.114 1.612 2.017 2.296 2.313 2.090 1.992 1.857 0.000 
6.500 39.810 0.218 0.651 0.963 1.455 1.855 2.135 2.151 1.925 1.826 1.694 0.000 
6.500 50.120 0.076 0.499 0.802 1.287 1.682 1.961 1.976 1.747 1.647 1.518 0.000 
6.500 63.100 -0.072 0.340 0.635 1.111 1.499 1.777 1.790 1.558 1.456 1.331 0.000 
6.500 79.430 -0.224 0.176 0.462 0.927 1.306 1.583 1.594 1.358 1.253 1.133 0.000 
6.500 100.000 -0.380 0.007 0.285 0.735 1.103 1.379 1.387 1.145 1.038 0.924 0.000 
6.500 125.890 -0.539 -0.165 0.104 0.535 0.889 1.164 1.168 0.920 0.808 0.703 0.000 
6.500 158.490 -0.702 -0.340 -0.081 0.326 0.662 0.936 0.936 0.678 0.562 0.467 0.000 
6.500 199.530 -0.869 -0.521 -0.270 0.107 0.421 0.692 0.686 0.418 0.295 0.214 0.000 
6.500 251.190 -1.041 -0.706 -0.465 -0.125 0.160 0.429 0.416 0.133 0.003 -0.062 0.000 
6.500 316.230 -1.219 -0.897 -0.666 -0.374 -0.124 0.142 0.119 -0.181 -0.321 -0.365 0.000 
6.500 398.110 -1.404 -1.096 -0.875 -0.642 -0.438 -0.176 -0.210 -0.532 -0.684 -0.702 0.000 
6.500 501.190 -1.599 -1.305 -1.093 -0.936 -0.788 -0.531 -0.580 -0.930 -1.097 -1.082 0.000 
6.500 630.960 -1.806 -1.525 -1.323 -1.261 -1.184 -0.934 -1.001 -1.386 -1.573 -1.516 0.000 
6.500 794.330 -2.028 -1.761 -1.569 -1.626 -1.639 -1.397 -1.486 -1.916 -2.127 -2.018 0.000 
6.500 1000.000 -2.269 -2.016 -1.834 -2.040 -2.167 -1.935 -2.053 -2.538 -2.781 -2.606 0.000 
6.750 1.000 0.992 1.503 1.857 2.336 2.720 2.974 2.973 2.747 2.643 2.518 0.000 
6.750 1.260 0.993 1.504 1.856 2.335 2.719 2.973 2.972 2.746 2.642 2.517 0.000 
6.750 1.580 0.995 1.504 1.855 2.335 2.718 2.972 2.971 2.745 2.641 2.516 0.000 
6.750 2.000 0.996 1.503 1.854 2.333 2.717 2.971 2.970 2.744 2.640 2.515 0.000 
6.750 2.510 0.997 1.502 1.852 2.331 2.714 2.968 2.967 2.741 2.637 2.512 0.000 
6.750 3.160 0.997 1.500 1.848 2.327 2.710 2.964 2.963 2.737 2.633 2.509 0.000 
6.750 3.980 0.997 1.497 1.842 2.321 2.704 2.958 2.957 2.731 2.627 2.503 0.000 
6.750 5.010 0.994 1.490 1.833 2.312 2.695 2.949 2.948 2.722 2.618 2.493 0.000 
6.750 6.310 0.987 1.479 1.819 2.298 2.681 2.935 2.934 2.707 2.603 2.479 0.000 
6.750 7.940 0.974 1.462 1.798 2.276 2.659 2.913 2.912 2.685 2.581 2.457 0.000 
6.750 10.000 0.953 1.435 1.767 2.245 2.627 2.881 2.879 2.653 2.548 2.424 0.000 
6.750 12.590 0.919 1.395 1.723 2.199 2.581 2.835 2.833 2.606 2.501 2.378 0.000 
6.750 15.850 0.870 1.338 1.661 2.136 2.517 2.771 2.769 2.541 2.436 2.314 0.000 
6.750 19.950 0.803 1.264 1.581 2.054 2.433 2.686 2.684 2.456 2.351 2.229 0.000 
6.750 25.120 0.717 1.169 1.480 1.950 2.327 2.580 2.578 2.348 2.243 2.122 0.000 
6.750 31.620 0.614 1.056 1.361 1.827 2.201 2.454 2.450 2.220 2.113 1.994 0.000 
6.750 39.810 0.496 0.928 1.225 1.686 2.056 2.309 2.304 2.071 1.964 1.847 0.000 
6.750 50.120 0.365 0.787 1.076 1.530 1.895 2.147 2.141 1.906 1.797 1.683 0.000 
6.750 63.100 0.226 0.636 0.917 1.362 1.720 1.972 1.964 1.726 1.615 1.505 0.000 
6.750 79.430 0.079 0.478 0.751 1.184 1.534 1.784 1.775 1.532 1.418 1.314 0.000 
6.750 100.000 -0.072 0.314 0.578 0.997 1.335 1.585 1.573 1.324 1.208 1.110 0.000 
6.750 125.890 -0.229 0.145 0.400 0.801 1.125 1.373 1.357 1.102 0.982 0.892 0.000 
6.750 158.490 -0.389 -0.028 0.218 0.594 0.901 1.148 1.127 0.863 0.738 0.658 0.000 
6.750 199.530 -0.555 -0.207 0.030 0.377 0.661 0.906 0.880 0.605 0.473 0.407 0.000 
6.750 251.190 -0.725 -0.390 -0.163 0.146 0.402 0.644 0.611 0.322 0.183 0.133 0.000 
6.750 316.230 -0.902 -0.580 -0.363 -0.101 0.119 0.358 0.316 0.009 -0.139 -0.169 0.000 
6.750 398.110 -1.086 -0.778 -0.570 -0.368 -0.193 0.042 -0.012 -0.340 -0.501 -0.505 0.000 
6.750 501.190 -1.280 -0.986 -0.787 -0.660 -0.542 -0.312 -0.380 -0.737 -0.913 -0.883 0.000 
6.750 630.960 -1.486 -1.205 -1.017 -0.984 -0.937 -0.714 -0.801 -1.192 -1.388 -1.316 0.000 
6.750 794.330 -1.707 -1.440 -1.261 -1.348 -1.391 -1.176 -1.285 -1.720 -1.941 -1.817 0.000 
6.750 1000.000 -1.947 -1.694 -1.525 -1.762 -1.918 -1.713 -1.851 -2.342 -2.593 -2.404 0.000 
7.000 1.000 1.088 1.593 1.931 2.375 2.726 2.953 2.931 2.697 2.583 2.475 0.000 
7.000 1.260 1.089 1.594 1.930 2.375 2.725 2.952 2.930 2.696 2.583 2.475 0.000 
7.000 1.580 1.091 1.594 1.930 2.374 2.725 2.952 2.930 2.696 2.582 2.474 0.000 
7.000 2.000 1.092 1.594 1.929 2.373 2.724 2.951 2.929 2.695 2.581 2.473 0.000 
7.000 2.510 1.094 1.594 1.928 2.372 2.722 2.950 2.927 2.693 2.580 2.472 0.000 
7.000 3.160 1.096 1.594 1.925 2.370 2.720 2.947 2.925 2.691 2.578 2.470 0.000 
7.000 3.980 1.097 1.593 1.922 2.366 2.717 2.944 2.922 2.688 2.574 2.466 0.000 
7.000 5.010 1.098 1.590 1.917 2.361 2.711 2.939 2.916 2.682 2.569 2.461 0.000 
7.000 6.310 1.096 1.584 1.909 2.353 2.703 2.930 2.908 2.674 2.560 2.452 0.000 
7.000 7.940 1.092 1.575 1.897 2.340 2.690 2.917 2.895 2.661 2.547 2.439 0.000 
7.000 10.000 1.082 1.560 1.878 2.321 2.670 2.898 2.875 2.641 2.527 2.419 0.000 
7.000 12.590 1.064 1.537 1.850 2.292 2.641 2.868 2.846 2.611 2.497 2.390 0.000 
7.000 15.850 1.035 1.501 1.809 2.250 2.599 2.826 2.803 2.568 2.454 2.347 0.000 
7.000 19.950 0.992 1.450 1.753 2.192 2.539 2.766 2.743 2.507 2.393 2.287 0.000 
7.000 25.120 0.931 1.381 1.678 2.114 2.460 2.686 2.663 2.426 2.311 2.206 0.000 
7.000 31.620 0.851 1.292 1.582 2.016 2.358 2.585 2.560 2.322 2.206 2.103 0.000 
7.000 39.810 0.753 1.184 1.468 1.896 2.235 2.461 2.436 2.196 2.079 1.978 0.000 
7.000 50.120 0.640 1.060 1.336 1.758 2.091 2.317 2.291 2.048 1.930 1.832 0.000 
7.000 63.100 0.512 0.921 1.190 1.603 1.930 2.155 2.127 1.882 1.762 1.667 0.000 
7.000 79.430 0.375 0.772 1.032 1.434 1.753 1.978 1.947 1.698 1.576 1.486 0.000 
7.000 100.000 0.229 0.615 0.866 1.254 1.562 1.785 1.752 1.497 1.372 1.289 0.000 
7.000 125.890 0.078 0.451 0.693 1.062 1.357 1.579 1.542 1.280 1.151 1.076 0.000 
7.000 158.490 -0.080 0.281 0.514 0.860 1.136 1.357 1.316 1.045 0.912 0.847 0.000 
7.000 199.530 -0.243 0.105 0.329 0.645 0.899 1.118 1.071 0.790 0.650 0.598 0.000 
7.000 251.190 -0.411 -0.077 0.138 0.417 0.643 0.858 0.805 0.509 0.362 0.326 0.000 
7.000 316.230 -0.587 -0.265 -0.060 0.171 0.362 0.574 0.511 0.199 0.041 0.027 0.000 
7.000 398.110 -0.770 -0.462 -0.266 -0.094 0.051 0.260 0.185 -0.150 -0.319 -0.308 0.000 
7.000 501.190 -0.962 -0.668 -0.482 -0.385 -0.297 -0.093 -0.182 -0.545 -0.729 -0.685 0.000 
7.000 630.960 -1.167 -0.887 -0.710 -0.708 -0.691 -0.494 -0.601 -0.998 -1.203 -1.117 0.000 
7.000 794.330 -1.387 -1.120 -0.954 -1.071 -1.143 -0.954 -1.084 -1.526 -1.755 -1.617 0.000 
7.000 1000.000 -1.626 -1.373 -1.216 -1.484 -1.669 -1.490 -1.649 -2.146 -2.406 -2.202 0.000 
7.250 1.000 1.184 1.684 2.005 2.413 2.730 2.930 2.886 2.644 2.521 2.430 0.000 
7.250 1.260 1.185 1.684 2.005 2.413 2.730 2.930 2.886 2.644 2.520 2.430 0.000 
7.250 1.580 1.187 1.685 2.005 2.413 2.729 2.929 2.886 2.643 2.520 2.429 0.000 
7.250 2.000 1.188 1.685 2.004 2.412 2.729 2.929 2.885 2.643 2.519 2.429 0.000 
7.250 2.510 1.191 1.686 2.004 2.411 2.728 2.928 2.885 2.642 2.519 2.428 0.000 
7.250 3.160 1.193 1.686 2.002 2.410 2.727 2.927 2.883 2.641 2.517 2.427 0.000 
7.250 3.980 1.195 1.686 2.001 2.408 2.725 2.925 2.881 2.639 2.515 2.425 0.000 
7.250 5.010 1.198 1.685 1.998 2.405 2.722 2.922 2.878 2.636 2.512 2.422 0.000 
7.250 6.310 1.199 1.683 1.993 2.401 2.717 2.917 2.873 2.631 2.507 2.417 0.000 
7.250 7.940 1.199 1.679 1.986 2.393 2.709 2.909 2.866 2.623 2.500 2.409 0.000 
7.250 10.000 1.197 1.671 1.975 2.382 2.698 2.898 2.854 2.611 2.488 2.397 0.000 
7.250 12.590 1.190 1.659 1.958 2.364 2.680 2.880 2.836 2.593 2.469 2.379 0.000 
7.250 15.850 1.175 1.638 1.933 2.338 2.653 2.853 2.809 2.565 2.442 2.352 0.000 
7.250 19.950 1.151 1.606 1.896 2.300 2.614 2.814 2.769 2.525 2.401 2.312 0.000 
7.250 25.120 1.113 1.560 1.844 2.246 2.558 2.758 2.713 2.468 2.344 2.256 0.000 
7.250 31.620 1.058 1.496 1.774 2.173 2.483 2.682 2.637 2.391 2.266 2.179 0.000 
7.250 39.810 0.984 1.413 1.684 2.079 2.385 2.584 2.538 2.291 2.165 2.080 0.000 
7.250 50.120 0.892 1.311 1.574 1.963 2.265 2.464 2.416 2.167 2.039 1.957 0.000 
7.250 63.100 0.782 1.190 1.446 1.826 2.122 2.321 2.272 2.019 1.890 1.811 0.000 
7.250 79.430 0.658 1.055 1.302 1.672 1.960 2.158 2.107 1.850 1.719 1.645 0.000 
7.250 100.000 0.522 0.907 1.146 1.502 1.779 1.976 1.923 1.661 1.527 1.459 0.000 
7.250 125.890 0.378 0.750 0.981 1.318 1.582 1.777 1.720 1.452 1.314 1.254 0.000 
7.250 158.490 0.225 0.585 0.807 1.121 1.367 1.561 1.500 1.223 1.080 1.030 0.000 
7.250 199.530 0.066 0.413 0.625 0.911 1.135 1.326 1.259 0.971 0.823 0.786 0.000 
7.250 251.190 -0.100 0.234 0.437 0.685 0.881 1.070 0.996 0.694 0.538 0.517 0.000 
7.250 316.230 -0.273 0.048 0.241 0.442 0.603 0.789 0.705 0.386 0.220 0.220 0.000 
7.250 398.110 -0.455 -0.147 0.037 0.178 0.294 0.476 0.381 0.040 -0.138 -0.112 0.000 
7.250 501.190 -0.646 -0.352 -0.177 -0.111 -0.052 0.125 0.016 -0.353 -0.547 -0.488 0.000 
7.250 630.960 -0.850 -0.569 -0.404 -0.433 -0.445 -0.275 -0.402 -0.806 -1.019 -0.918 0.000 
7.250 794.330 -1.068 -0.802 -0.647 -0.794 -0.896 -0.734 -0.884 -1.332 -1.569 -1.417 0.000 
7.250 1000.000 -1.306 -1.053 -0.908 -1.206 -1.421 -1.269 -1.447 -1.951 -2.219 -2.001 0.000 
7.500 1.000 1.280 1.774 2.081 2.450 2.731 2.904 2.839 2.587 2.453 2.381 0.000 
7.500 1.260 1.281 1.774 2.081 2.450 2.731 2.904 2.839 2.587 2.453 2.381 0.000 
7.500 1.580 1.283 1.775 2.081 2.450 2.731 2.904 2.839 2.587 2.453 2.380 0.000 
7.500 2.000 1.284 1.776 2.081 2.450 2.731 2.904 2.838 2.586 2.453 2.380 0.000 
7.500 2.510 1.287 1.776 2.080 2.449 2.730 2.903 2.838 2.586 2.452 2.380 0.000 
7.500 3.160 1.289 1.777 2.080 2.449 2.729 2.902 2.837 2.585 2.451 2.379 0.000 
7.500 3.980 1.292 1.778 2.078 2.448 2.728 2.901 2.836 2.584 2.450 2.378 0.000 
7.500 5.010 1.295 1.778 2.077 2.446 2.727 2.900 2.834 2.582 2.448 2.376 0.000 
7.500 6.310 1.298 1.778 2.074 2.443 2.724 2.897 2.831 2.579 2.446 2.373 0.000 
7.500 7.940 1.301 1.776 2.070 2.439 2.719 2.892 2.827 2.575 2.441 2.369 0.000 
7.500 10.000 1.302 1.773 2.064 2.432 2.713 2.886 2.820 2.568 2.434 2.362 0.000 
7.500 12.590 1.302 1.767 2.054 2.422 2.702 2.875 2.809 2.557 2.423 2.351 0.000 
7.500 15.850 1.297 1.757 2.039 2.406 2.686 2.859 2.793 2.540 2.406 2.334 0.000 
7.500 19.950 1.286 1.739 2.016 2.383 2.661 2.834 2.768 2.515 2.381 2.309 0.000 
7.500 25.120 1.266 1.711 1.983 2.347 2.625 2.797 2.731 2.477 2.343 2.272 0.000 
7.500 31.620 1.233 1.669 1.935 2.297 2.573 2.745 2.678 2.424 2.289 2.219 0.000 
7.500 39.810 1.184 1.611 1.870 2.228 2.501 2.673 2.606 2.350 2.214 2.146 0.000 
7.500 50.120 1.116 1.533 1.785 2.138 2.407 2.579 2.510 2.252 2.115 2.050 0.000 
7.500 63.100 1.028 1.435 1.680 2.025 2.288 2.460 2.390 2.129 1.991 1.929 0.000 
7.500 79.430 0.923 1.319 1.555 1.891 2.147 2.317 2.246 1.981 1.841 1.783 0.000 
7.500 100.000 0.802 1.186 1.414 1.737 1.982 2.152 2.078 1.808 1.665 1.613 0.000 
7.500 125.890 0.668 1.040 1.259 1.564 1.797 1.965 1.888 1.612 1.465 1.421 0.000 
7.500 158.490 0.523 0.883 1.093 1.376 1.591 1.758 1.676 1.392 1.240 1.206 0.000 
7.500 199.530 0.369 0.716 0.918 1.171 1.365 1.530 1.442 1.147 0.990 0.968 0.000 
7.500 251.190 0.207 0.541 0.734 0.950 1.116 1.278 1.184 0.875 0.710 0.704 0.000 
7.500 316.230 0.037 0.358 0.541 0.710 0.841 1.000 0.896 0.570 0.396 0.411 0.000 
7.500 398.110 -0.142 0.165 0.339 0.449 0.535 0.690 0.575 0.227 0.040 0.081 0.000 
7.500 501.190 -0.332 -0.038 0.126 0.162 0.191 0.341 0.212 -0.164 -0.366 -0.292 0.000 
7.500 630.960 -0.534 -0.253 -0.099 -0.158 -0.200 -0.056 -0.204 -0.614 -0.836 -0.721 0.000 
7.500 794.330 -0.751 -0.485 -0.340 -0.518 -0.650 -0.514 -0.684 -1.139 -1.385 -1.217 0.000 
7.500 1000.000 -0.988 -0.735 -0.600 -0.928 -1.173 -1.047 -1.247 -1.756 -2.033 -1.800 0.000 
7.750 1.000 1.375 1.864 2.157 2.485 2.728 2.874 2.786 2.523 2.379 2.326 0.000 
7.750 1.260 1.376 1.864 2.157 2.485 2.728 2.874 2.786 2.523 2.379 2.326 0.000 
7.750 1.580 1.378 1.865 2.157 2.485 2.728 2.874 2.786 2.523 2.379 2.326 0.000 
7.750 2.000 1.380 1.865 2.157 2.485 2.728 2.873 2.786 2.523 2.379 2.326 0.000 
7.750 2.510 1.382 1.866 2.157 2.485 2.727 2.873 2.785 2.523 2.378 2.325 0.000 
7.750 3.160 1.384 1.867 2.157 2.484 2.727 2.873 2.785 2.522 2.378 2.325 0.000 
7.750 3.980 1.388 1.868 2.156 2.484 2.726 2.872 2.784 2.522 2.377 2.324 0.000 
7.750 5.010 1.391 1.869 2.155 2.483 2.725 2.871 2.783 2.521 2.376 2.323 0.000 
7.750 6.310 1.395 1.870 2.154 2.481 2.724 2.869 2.782 2.519 2.375 2.322 0.000 
7.750 7.940 1.399 1.870 2.151 2.479 2.721 2.867 2.779 2.516 2.372 2.319 0.000 
7.750 10.000 1.402 1.869 2.148 2.475 2.717 2.863 2.775 2.512 2.368 2.315 0.000 
7.750 12.590 1.405 1.867 2.142 2.469 2.711 2.857 2.769 2.506 2.361 2.309 0.000 
7.750 15.850 1.407 1.863 2.133 2.460 2.701 2.847 2.759 2.496 2.351 2.299 0.000 
7.750 19.950 1.404 1.854 2.120 2.445 2.686 2.832 2.744 2.480 2.335 2.283 0.000 
7.750 25.120 1.396 1.839 2.099 2.423 2.664 2.809 2.721 2.457 2.312 2.260 0.000 
7.750 31.620 1.380 1.814 2.069 2.391 2.630 2.775 2.686 2.422 2.276 2.226 0.000 
7.750 39.810 1.352 1.777 2.025 2.344 2.581 2.726 2.636 2.371 2.225 2.175 0.000 
7.750 50.120 1.308 1.723 1.965 2.279 2.512 2.657 2.567 2.300 2.153 2.105 0.000 
7.750 63.100 1.245 1.650 1.884 2.193 2.421 2.565 2.474 2.204 2.056 2.011 0.000 
7.750 79.430 1.163 1.557 1.784 2.083 2.304 2.448 2.355 2.082 1.932 1.891 0.000 
7.750 100.000 1.062 1.445 1.663 1.950 2.162 2.305 2.209 1.932 1.779 1.744 0.000 
7.750 125.890 0.943 1.314 1.524 1.794 1.994 2.136 2.037 1.753 1.597 1.569 0.000 
7.750 158.490 0.810 1.169 1.370 1.619 1.802 1.942 1.839 1.547 1.387 1.368 0.000 
7.750 199.530 0.665 1.011 1.203 1.424 1.585 1.724 1.615 1.313 1.147 1.141 0.000 
7.750 251.190 0.509 0.843 1.025 1.209 1.344 1.480 1.364 1.049 0.875 0.885 0.000 
7.750 316.230 0.343 0.664 0.837 0.975 1.074 1.207 1.083 0.750 0.566 0.597 0.000 
7.750 398.110 0.167 0.474 0.639 0.717 0.772 0.901 0.765 0.411 0.215 0.271 0.000 
7.750 501.190 -0.020 0.274 0.428 0.432 0.431 0.555 0.405 0.023 -0.188 -0.099 0.000 
7.750 630.960 -0.220 0.060 0.205 0.115 0.043 0.160 -0.008 -0.425 -0.655 -0.525 0.000 
7.750 794.330 -0.436 -0.169 -0.034 -0.243 -0.405 -0.296 -0.486 -0.947 -1.202 -1.020 0.000 
7.750 1000.000 -0.671 -0.418 -0.293 -0.652 -0.926 -0.827 -1.047 -1.563 -1.849 -1.601 0.000 
8.000 1.000 1.470 1.953 2.234 2.516 2.718 2.836 2.725 2.451 2.295 2.263 0.000 
8.000 1.260 1.471 1.953 2.234 2.516 2.718 2.836 2.725 2.451 2.295 2.263 0.000 
8.000 1.580 1.472 1.954 2.234 2.516 2.718 2.836 2.725 2.451 2.295 2.263 0.000 
8.000 2.000 1.474 1.954 2.233 2.516 2.718 2.836 2.725 2.451 2.295 2.263 0.000 
8.000 2.510 1.476 1.955 2.233 2.516 2.718 2.836 2.725 2.451 2.295 2.263 0.000 
8.000 3.160 1.479 1.956 2.233 2.516 2.717 2.836 2.725 2.450 2.294 2.263 0.000 
8.000 3.980 1.482 1.957 2.233 2.515 2.717 2.835 2.724 2.450 2.294 2.262 0.000 
8.000 5.010 1.485 1.958 2.232 2.515 2.716 2.835 2.724 2.449 2.293 2.262 0.000 
8.000 6.310 1.489 1.959 2.231 2.514 2.716 2.834 2.723 2.448 2.292 2.261 0.000 
8.000 7.940 1.494 1.960 2.230 2.512 2.714 2.832 2.721 2.447 2.291 2.259 0.000 
8.000 10.000 1.498 1.961 2.228 2.510 2.712 2.830 2.719 2.444 2.288 2.257 0.000 
8.000 12.590 1.503 1.961 2.225 2.507 2.708 2.826 2.715 2.441 2.284 2.253 0.000 
8.000 15.850 1.508 1.960 2.220 2.501 2.702 2.820 2.709 2.435 2.278 2.247 0.000 
8.000 19.950 1.510 1.957 2.212 2.493 2.693 2.811 2.700 2.425 2.269 2.238 0.000 
8.000 25.120 1.510 1.950 2.200 2.480 2.679 2.797 2.686 2.411 2.254 2.223 0.000 
8.000 31.620 1.505 1.937 2.181 2.460 2.658 2.776 2.664 2.388 2.232 2.202 0.000 
8.000 39.810 1.492 1.915 2.154 2.430 2.626 2.744 2.632 2.355 2.198 2.169 0.000 
8.000 50.120 1.468 1.882 2.114 2.386 2.580 2.697 2.585 2.306 2.148 2.121 0.000 
8.000 63.100 1.429 1.833 2.057 2.324 2.514 2.631 2.518 2.237 2.078 2.053 0.000 
8.000 79.430 1.372 1.765 1.982 2.241 2.425 2.542 2.426 2.143 1.982 1.961 0.000 
8.000 100.000 1.294 1.676 1.885 2.133 2.309 2.425 2.308 2.020 1.857 1.841 0.000 
8.000 125.890 1.197 1.567 1.768 2.001 2.165 2.280 2.160 1.867 1.700 1.690 0.000 
8.000 158.490 1.081 1.439 1.631 1.843 1.992 2.106 1.981 1.681 1.511 1.510 0.000 
8.000 199.530 0.949 1.294 1.478 1.663 1.791 1.903 1.773 1.463 1.287 1.297 0.000 
8.000 251.190 0.802 1.135 1.309 1.459 1.561 1.670 1.534 1.210 1.027 1.053 0.000 
8.000 316.230 0.643 0.963 1.128 1.232 1.300 1.406 1.261 0.920 0.727 0.774 0.000 
8.000 398.110 0.472 0.779 0.934 0.980 1.004 1.106 0.950 0.588 0.383 0.455 0.000 
8.000 501.190 0.289 0.582 0.728 0.700 0.668 0.765 0.594 0.205 -0.015 0.089 0.000 
8.000 630.960 0.091 0.371 0.507 0.385 0.283 0.373 0.185 -0.239 -0.478 -0.333 0.000 
8.000 794.330 -0.123 0.144 0.270 0.030 -0.162 -0.080 -0.291 -0.759 -1.022 -0.825 0.000 
8.000 1000.000 -0.356 -0.104 0.013 -0.377 -0.681 -0.609 -0.849 -1.372 -1.666 -1.403 0.000 
