AtkinsonBoore2003SSlabCascadia_CanadaSHM6-trial modified from OpenQuake implementation, distance is rrup. Log10 ground motion values in cgs units, PGV and Sa(T<0.1s) not valid
          14 31 11 : nmag, ndist, nperiod
          10.000 5.000 3.000 2.000 1.000 0.400 0.200 0.100 0.040 PGA PGV 
          0.691 0.691 0.691 0.691 0.668 0.645 0.645 0.645 0.576 0.622 0.000 
4.750 1.000 0.176 0.731 1.251 1.985 2.615 3.084 3.244 3.067 3.033 2.787 0.000 
4.750 1.260 0.132 0.685 1.202 1.936 2.566 3.035 3.196 3.018 2.985 2.738 0.000 
4.750 1.580 0.070 0.621 1.136 1.870 2.500 2.969 3.129 2.952 2.918 2.672 0.000 
4.750 2.000 -0.010 0.537 1.050 1.784 2.414 2.883 3.043 2.865 2.832 2.585 0.000 
4.750 2.510 -0.110 0.433 0.944 1.677 2.307 2.776 2.936 2.758 2.724 2.478 0.000 
4.750 3.160 -0.228 0.311 0.818 1.551 2.181 2.650 2.810 2.632 2.598 2.352 0.000 
4.750 3.980 -0.360 0.174 0.677 1.410 2.039 2.508 2.668 2.489 2.456 2.210 0.000 
4.750 5.010 -0.503 0.025 0.524 1.256 1.884 2.353 2.513 2.335 2.301 2.055 0.000 
4.750 6.310 -0.654 -0.133 0.362 1.093 1.720 2.189 2.349 2.170 2.136 1.891 0.000 
4.750 7.940 -0.809 -0.296 0.194 0.923 1.550 2.019 2.178 1.999 1.965 1.720 0.000 
4.750 10.000 -0.968 -0.462 0.021 0.749 1.375 1.844 2.003 1.823 1.788 1.544 0.000 
4.750 12.590 -1.128 -0.632 -0.155 0.572 1.196 1.665 1.823 1.643 1.608 1.365 0.000 
4.750 15.850 -1.289 -0.802 -0.332 0.392 1.014 1.483 1.641 1.460 1.424 1.182 0.000 
4.750 19.950 -1.450 -0.974 -0.511 0.209 0.830 1.298 1.456 1.273 1.237 0.996 0.000 
4.750 25.120 -1.611 -1.146 -0.692 0.025 0.643 1.111 1.268 1.084 1.047 0.808 0.000 
4.750 31.620 -1.773 -1.320 -0.873 -0.161 0.453 0.921 1.077 0.891 0.854 0.616 0.000 
4.750 39.810 -1.935 -1.494 -1.056 -0.349 0.260 0.728 0.882 0.695 0.656 0.421 0.000 
4.750 50.120 -2.097 -1.668 -1.239 -0.540 0.063 0.530 0.684 0.493 0.453 0.221 0.000 
4.750 63.100 -2.261 -1.844 -1.424 -0.735 -0.138 0.328 0.480 0.286 0.243 0.016 0.000 
4.750 79.430 -2.425 -2.022 -1.611 -0.933 -0.346 0.120 0.269 0.071 0.026 -0.196 0.000 
4.750 100.000 -2.591 -2.201 -1.799 -1.137 -0.560 -0.096 0.050 -0.153 -0.202 -0.417 0.000 
4.750 125.890 -2.759 -2.382 -1.990 -1.346 -0.784 -0.321 -0.179 -0.389 -0.441 -0.648 0.000 
4.750 158.490 -2.930 -2.566 -2.184 -1.564 -1.020 -0.558 -0.420 -0.640 -0.697 -0.893 0.000 
4.750 199.530 -3.105 -2.754 -2.382 -1.792 -1.270 -0.811 -0.678 -0.909 -0.972 -1.155 0.000 
4.750 251.190 -3.284 -2.947 -2.584 -2.032 -1.539 -1.082 -0.957 -1.201 -1.272 -1.439 0.000 
4.750 316.230 -3.469 -3.146 -2.793 -2.288 -1.831 -1.377 -1.261 -1.523 -1.604 -1.750 0.000 
4.750 398.110 -3.661 -3.352 -3.009 -2.564 -2.151 -1.702 -1.597 -1.882 -1.975 -2.094 0.000 
4.750 501.190 -3.863 -3.568 -3.234 -2.865 -2.509 -2.065 -1.975 -2.287 -2.395 -2.482 0.000 
4.750 630.960 -4.077 -3.796 -3.472 -3.197 -2.913 -2.475 -2.403 -2.750 -2.878 -2.923 0.000 
4.750 794.330 -4.306 -4.039 -3.725 -3.569 -3.375 -2.945 -2.896 -3.287 -3.440 -3.433 0.000 
4.750 1000.000 -4.554 -4.300 -3.997 -3.991 -3.910 -3.490 -3.470 -3.917 -4.100 -4.027 0.000 
5.000 1.000 0.303 0.852 1.348 2.051 2.651 3.094 3.234 3.050 3.008 2.776 0.000 
5.000 1.260 0.276 0.823 1.317 2.021 2.621 3.064 3.203 3.019 2.977 2.746 0.000 
5.000 1.580 0.236 0.781 1.273 1.977 2.577 3.020 3.159 2.975 2.933 2.702 0.000 
5.000 2.000 0.180 0.723 1.213 1.916 2.516 2.959 3.098 2.914 2.872 2.641 0.000 
5.000 2.510 0.106 0.645 1.132 1.835 2.435 2.878 3.018 2.833 2.791 2.560 0.000 
5.000 3.160 0.013 0.547 1.032 1.734 2.334 2.777 2.916 2.732 2.690 2.458 0.000 
5.000 3.980 -0.099 0.431 0.912 1.614 2.213 2.656 2.795 2.611 2.569 2.338 0.000 
5.000 5.010 -0.226 0.299 0.776 1.477 2.076 2.518 2.658 2.473 2.431 2.200 0.000 
5.000 6.310 -0.364 0.154 0.626 1.326 1.925 2.367 2.506 2.321 2.279 2.048 0.000 
5.000 7.940 -0.511 -0.001 0.467 1.166 1.763 2.206 2.345 2.159 2.116 1.887 0.000 
5.000 10.000 -0.664 -0.161 0.300 0.998 1.595 2.037 2.176 1.990 1.947 1.717 0.000 
5.000 12.590 -0.820 -0.326 0.129 0.826 1.420 1.863 2.001 1.814 1.771 1.542 0.000 
5.000 15.850 -0.978 -0.493 -0.045 0.649 1.242 1.684 1.822 1.634 1.590 1.363 0.000 
5.000 19.950 -1.137 -0.663 -0.222 0.469 1.060 1.502 1.639 1.451 1.406 1.180 0.000 
5.000 25.120 -1.297 -0.833 -0.400 0.287 0.875 1.317 1.453 1.263 1.218 0.993 0.000 
5.000 31.620 -1.457 -1.005 -0.580 0.103 0.687 1.128 1.264 1.072 1.026 0.803 0.000 
5.000 39.810 -1.618 -1.178 -0.761 -0.084 0.496 0.936 1.071 0.877 0.830 0.610 0.000 
5.000 50.120 -1.780 -1.351 -0.943 -0.274 0.300 0.740 0.874 0.677 0.628 0.411 0.000 
5.000 63.100 -1.942 -1.526 -1.127 -0.467 0.100 0.539 0.671 0.471 0.420 0.207 0.000 
5.000 79.430 -2.105 -1.702 -1.312 -0.665 -0.106 0.332 0.461 0.257 0.203 -0.004 0.000 
5.000 100.000 -2.270 -1.880 -1.499 -0.867 -0.320 0.118 0.244 0.034 -0.023 -0.224 0.000 
5.000 125.890 -2.438 -2.061 -1.689 -1.076 -0.543 -0.107 0.016 -0.201 -0.262 -0.454 0.000 
5.000 158.490 -2.608 -2.244 -1.882 -1.292 -0.778 -0.343 -0.225 -0.451 -0.516 -0.698 0.000 
5.000 199.530 -2.781 -2.431 -2.079 -1.519 -1.027 -0.594 -0.482 -0.719 -0.790 -0.959 0.000 
5.000 251.190 -2.959 -2.623 -2.280 -1.758 -1.294 -0.864 -0.759 -1.010 -1.089 -1.242 0.000 
5.000 316.230 -3.143 -2.821 -2.488 -2.013 -1.585 -1.158 -1.062 -1.331 -1.420 -1.551 0.000 
5.000 398.110 -3.335 -3.026 -2.703 -2.288 -1.905 -1.482 -1.398 -1.688 -1.790 -1.895 0.000 
5.000 501.190 -3.536 -3.241 -2.927 -2.588 -2.262 -1.844 -1.774 -2.092 -2.209 -2.281 0.000 
5.000 630.960 -3.749 -3.467 -3.164 -2.919 -2.664 -2.253 -2.201 -2.555 -2.691 -2.722 0.000 
5.000 794.330 -3.977 -3.709 -3.416 -3.290 -3.125 -2.722 -2.693 -3.091 -3.251 -3.230 0.000 
5.000 1000.000 -4.224 -3.970 -3.687 -3.711 -3.659 -3.266 -3.266 -3.719 -3.911 -3.824 0.000 
5.250 1.000 0.414 0.959 1.431 2.104 2.674 3.090 3.210 3.019 2.969 2.752 0.000 
5.250 1.260 0.399 0.942 1.412 2.085 2.656 3.072 3.191 3.001 2.950 2.733 0.000 
5.250 1.580 0.376 0.916 1.385 2.058 2.628 3.044 3.164 2.973 2.923 2.706 0.000 
5.250 2.000 0.340 0.878 1.345 2.018 2.588 3.004 3.124 2.933 2.883 2.666 0.000 
5.250 2.510 0.290 0.825 1.290 1.962 2.532 2.948 3.068 2.877 2.826 2.610 0.000 
5.250 3.160 0.223 0.753 1.215 1.887 2.457 2.873 2.993 2.802 2.751 2.535 0.000 
5.250 3.980 0.136 0.662 1.121 1.792 2.362 2.778 2.897 2.706 2.655 2.439 0.000 
5.250 5.010 0.030 0.551 1.006 1.677 2.247 2.663 2.782 2.591 2.540 2.323 0.000 
5.250 6.310 -0.091 0.424 0.875 1.545 2.113 2.529 2.648 2.457 2.406 2.190 0.000 
5.250 7.940 -0.225 0.283 0.729 1.398 1.966 2.382 2.500 2.309 2.257 2.042 0.000 
5.250 10.000 -0.368 0.132 0.573 1.240 1.807 2.223 2.341 2.149 2.097 1.882 0.000 
5.250 12.590 -0.518 -0.026 0.409 1.074 1.640 2.055 2.174 1.981 1.929 1.715 0.000 
5.250 15.850 -0.671 -0.188 0.239 0.903 1.467 1.882 2.000 1.806 1.753 1.540 0.000 
5.250 19.950 -0.827 -0.354 0.066 0.727 1.288 1.704 1.821 1.626 1.573 1.361 0.000 
5.250 25.120 -0.985 -0.523 -0.109 0.548 1.106 1.521 1.638 1.441 1.387 1.177 0.000 
5.250 31.620 -1.144 -0.692 -0.287 0.365 0.920 1.335 1.450 1.252 1.197 0.990 0.000 
5.250 39.810 -1.303 -0.863 -0.466 0.180 0.730 1.145 1.259 1.059 1.003 0.797 0.000 
5.250 50.120 -1.463 -1.036 -0.647 -0.008 0.536 0.950 1.063 0.860 0.802 0.600 0.000 
5.250 63.100 -1.625 -1.209 -0.830 -0.200 0.337 0.751 0.862 0.655 0.596 0.398 0.000 
5.250 79.430 -1.787 -1.384 -1.014 -0.396 0.132 0.545 0.653 0.443 0.381 0.188 0.000 
5.250 100.000 -1.951 -1.561 -1.200 -0.598 -0.080 0.331 0.437 0.221 0.155 -0.031 0.000 
5.250 125.890 -2.117 -1.741 -1.389 -0.805 -0.302 0.108 0.210 -0.013 -0.082 -0.260 0.000 
5.250 158.490 -2.286 -1.923 -1.580 -1.021 -0.535 -0.127 -0.029 -0.262 -0.336 -0.503 0.000 
5.250 199.530 -2.459 -2.109 -1.776 -1.246 -0.784 -0.377 -0.285 -0.529 -0.609 -0.763 0.000 
5.250 251.190 -2.636 -2.300 -1.976 -1.485 -1.050 -0.646 -0.562 -0.819 -0.907 -1.044 0.000 
5.250 316.230 -2.819 -2.496 -2.183 -1.738 -1.340 -0.939 -0.864 -1.139 -1.236 -1.353 0.000 
5.250 398.110 -3.010 -2.701 -2.397 -2.012 -1.659 -1.262 -1.198 -1.495 -1.605 -1.696 0.000 
5.250 501.190 -3.210 -2.914 -2.621 -2.311 -2.014 -1.623 -1.573 -1.898 -2.023 -2.081 0.000 
5.250 630.960 -3.421 -3.140 -2.856 -2.641 -2.416 -2.031 -2.000 -2.359 -2.504 -2.520 0.000 
5.250 794.330 -3.648 -3.381 -3.107 -3.011 -2.876 -2.499 -2.491 -2.894 -3.064 -3.028 0.000 
5.250 1000.000 -3.894 -3.641 -3.377 -3.431 -3.409 -3.043 -3.063 -3.522 -3.722 -3.620 0.000 
5.500 1.000 0.517 1.056 1.506 2.148 2.688 3.078 3.177 2.980 2.921 2.719 0.000 
5.500 1.260 0.509 1.047 1.495 2.137 2.678 3.067 3.166 2.969 2.910 2.708 0.000 
5.500 1.580 0.496 1.032 1.479 2.121 2.661 3.051 3.150 2.953 2.894 2.692 0.000 
5.500 2.000 0.476 1.009 1.455 2.096 2.637 3.026 3.125 2.928 2.869 2.667 0.000 
5.500 2.510 0.445 0.975 1.419 2.060 2.600 2.990 3.089 2.892 2.833 2.631 0.000 
5.500 3.160 0.401 0.927 1.368 2.009 2.549 2.939 3.038 2.841 2.781 2.579 0.000 
5.500 3.980 0.339 0.861 1.299 1.940 2.480 2.869 2.968 2.771 2.711 2.510 0.000 
5.500 5.010 0.259 0.776 1.210 1.851 2.390 2.779 2.878 2.681 2.621 2.420 0.000 
5.500 6.310 0.160 0.671 1.102 1.741 2.280 2.669 2.768 2.570 2.510 2.309 0.000 
5.500 7.940 0.044 0.549 0.975 1.613 2.151 2.541 2.639 2.441 2.381 2.180 0.000 
5.500 10.000 -0.085 0.413 0.833 1.470 2.007 2.397 2.495 2.296 2.236 2.036 0.000 
5.500 12.590 -0.224 0.265 0.680 1.315 1.851 2.240 2.338 2.139 2.078 1.879 0.000 
5.500 15.850 -0.371 0.110 0.518 1.151 1.686 2.074 2.172 1.972 1.911 1.712 0.000 
5.500 19.950 -0.522 -0.051 0.351 0.981 1.513 1.902 1.998 1.797 1.736 1.539 0.000 
5.500 25.120 -0.676 -0.215 0.179 0.806 1.335 1.723 1.819 1.617 1.554 1.359 0.000 
5.500 31.620 -0.832 -0.382 0.004 0.626 1.152 1.540 1.635 1.431 1.367 1.174 0.000 
5.500 39.810 -0.990 -0.551 -0.173 0.443 0.964 1.352 1.446 1.239 1.175 0.984 0.000 
5.500 50.120 -1.148 -0.722 -0.352 0.256 0.772 1.159 1.252 1.043 0.976 0.789 0.000 
5.500 63.100 -1.308 -0.894 -0.533 0.066 0.575 0.961 1.052 0.839 0.771 0.588 0.000 
5.500 79.430 -1.470 -1.068 -0.716 -0.129 0.371 0.757 0.845 0.628 0.557 0.379 0.000 
5.500 100.000 -1.633 -1.244 -0.901 -0.329 0.160 0.544 0.630 0.407 0.334 0.162 0.000 
5.500 125.890 -1.798 -1.422 -1.088 -0.535 -0.061 0.322 0.404 0.175 0.097 -0.066 0.000 
5.500 158.490 -1.966 -1.603 -1.279 -0.750 -0.294 0.088 0.166 -0.073 -0.155 -0.308 0.000 
5.500 199.530 -2.138 -1.788 -1.474 -0.974 -0.541 -0.161 -0.089 -0.339 -0.427 -0.567 0.000 
5.500 251.190 -2.314 -1.978 -1.673 -1.211 -0.806 -0.429 -0.364 -0.628 -0.724 -0.847 0.000 
5.500 316.230 -2.496 -2.173 -1.878 -1.464 -1.095 -0.721 -0.665 -0.946 -1.053 -1.155 0.000 
5.500 398.110 -2.685 -2.377 -2.091 -1.737 -1.413 -1.043 -0.999 -1.302 -1.420 -1.496 0.000 
5.500 501.190 -2.884 -2.589 -2.314 -2.035 -1.767 -1.402 -1.373 -1.704 -1.838 -1.881 0.000 
5.500 630.960 -3.095 -2.814 -2.548 -2.364 -2.168 -1.810 -1.798 -2.164 -2.318 -2.319 0.000 
5.500 794.330 -3.321 -3.054 -2.798 -2.733 -2.627 -2.277 -2.288 -2.698 -2.876 -2.825 0.000 
5.500 1000.000 -3.566 -3.313 -3.067 -3.152 -3.159 -2.819 -2.859 -3.325 -3.533 -3.417 0.000 
5.750 1.000 0.615 1.149 1.577 2.188 2.698 3.061 3.140 2.936 2.868 2.681 0.000 
5.750 1.260 0.611 1.144 1.571 2.182 2.692 3.055 3.134 2.930 2.862 2.675 0.000 
5.750 1.580 0.605 1.136 1.562 2.172 2.683 3.046 3.124 2.921 2.853 2.666 0.000 
5.750 2.000 0.595 1.123 1.547 2.158 2.668 3.031 3.110 2.906 2.838 2.651 0.000 
5.750 2.510 0.578 1.103 1.525 2.136 2.646 3.009 3.087 2.884 2.816 2.629 0.000 
5.750 3.160 0.551 1.073 1.493 2.103 2.613 2.976 3.055 2.851 2.783 2.596 0.000 
5.750 3.980 0.511 1.029 1.447 2.057 2.567 2.929 3.008 2.804 2.736 2.549 0.000 
5.750 5.010 0.456 0.969 1.383 1.993 2.502 2.865 2.944 2.739 2.671 2.485 0.000 
5.750 6.310 0.382 0.890 1.300 1.909 2.418 2.781 2.859 2.655 2.586 2.400 0.000 
5.750 7.940 0.290 0.791 1.197 1.805 2.314 2.676 2.754 2.550 2.481 2.295 0.000 
5.750 10.000 0.180 0.675 1.076 1.682 2.190 2.552 2.630 2.425 2.356 2.171 0.000 
5.750 12.590 0.056 0.543 0.938 1.543 2.049 2.412 2.489 2.283 2.214 2.030 0.000 
5.750 15.850 -0.080 0.399 0.788 1.391 1.895 2.258 2.335 2.128 2.059 1.875 0.000 
5.750 19.950 -0.223 0.246 0.629 1.229 1.731 2.093 2.170 1.962 1.892 1.710 0.000 
5.750 25.120 -0.372 0.088 0.463 1.059 1.559 1.921 1.997 1.788 1.717 1.536 0.000 
5.750 31.620 -0.524 -0.075 0.293 0.884 1.380 1.742 1.817 1.606 1.534 1.356 0.000 
5.750 39.810 -0.679 -0.241 0.119 0.704 1.196 1.557 1.631 1.418 1.345 1.169 0.000 
5.750 50.120 -0.836 -0.410 -0.058 0.520 1.006 1.367 1.439 1.224 1.149 0.976 0.000 
5.750 63.100 -0.994 -0.580 -0.237 0.332 0.811 1.171 1.241 1.022 0.946 0.777 0.000 
5.750 79.430 -1.154 -0.753 -0.418 0.139 0.609 0.968 1.036 0.813 0.734 0.570 0.000 
5.750 100.000 -1.316 -0.927 -0.602 -0.060 0.399 0.757 0.822 0.593 0.511 0.354 0.000 
5.750 125.890 -1.480 -1.104 -0.788 -0.265 0.179 0.536 0.598 0.362 0.276 0.127 0.000 
5.750 158.490 -1.647 -1.284 -0.978 -0.478 -0.052 0.303 0.361 0.116 0.025 -0.113 0.000 
5.750 199.530 -1.818 -1.468 -1.171 -0.702 -0.298 0.055 0.107 -0.149 -0.246 -0.371 0.000 
5.750 251.190 -1.993 -1.657 -1.370 -0.938 -0.562 -0.212 -0.167 -0.437 -0.542 -0.651 0.000 
5.750 316.230 -2.174 -1.852 -1.574 -1.190 -0.850 -0.503 -0.467 -0.755 -0.869 -0.957 0.000 
5.750 398.110 -2.362 -2.054 -1.786 -1.461 -1.167 -0.823 -0.800 -1.109 -1.236 -1.298 0.000 
5.750 501.190 -2.560 -2.266 -2.007 -1.758 -1.520 -1.182 -1.173 -1.510 -1.652 -1.681 0.000 
5.750 630.960 -2.770 -2.489 -2.241 -2.086 -1.920 -1.588 -1.597 -1.969 -2.131 -2.118 0.000 
5.750 794.330 -2.995 -2.728 -2.490 -2.454 -2.378 -2.054 -2.086 -2.502 -2.689 -2.623 0.000 
5.750 1000.000 -3.239 -2.986 -2.757 -2.872 -2.909 -2.595 -2.656 -3.128 -3.345 -3.214 0.000 
6.000 1.000 0.711 1.239 1.647 2.226 2.706 3.043 3.101 2.890 2.814 2.642 0.000 
6.000 1.260 0.710 1.236 1.644 2.223 2.703 3.039 3.097 2.887 2.810 2.638 0.000 
6.000 1.580 0.707 1.232 1.639 2.218 2.697 3.034 3.092 2.881 2.805 2.633 0.000 
6.000 2.000 0.702 1.225 1.630 2.209 2.689 3.025 3.083 2.873 2.796 2.624 0.000 
6.000 2.510 0.694 1.214 1.617 2.196 2.676 3.012 3.070 2.860 2.783 2.611 0.000 
6.000 3.160 0.680 1.197 1.598 2.176 2.656 2.992 3.050 2.840 2.763 2.591 0.000 
6.000 3.980 0.657 1.171 1.569 2.147 2.627 2.963 3.021 2.810 2.733 2.562 0.000 
6.000 5.010 0.622 1.132 1.527 2.105 2.584 2.920 2.978 2.767 2.690 2.519 0.000 
6.000 6.310 0.573 1.077 1.468 2.046 2.525 2.861 2.919 2.708 2.631 2.459 0.000 
6.000 7.940 0.505 1.004 1.391 1.968 2.446 2.782 2.840 2.629 2.551 2.380 0.000 
6.000 10.000 0.419 0.911 1.294 1.869 2.347 2.683 2.740 2.528 2.451 2.281 0.000 
6.000 12.590 0.315 0.800 1.177 1.751 2.227 2.563 2.621 2.408 2.330 2.161 0.000 
6.000 15.850 0.196 0.673 1.044 1.616 2.091 2.426 2.483 2.270 2.192 2.023 0.000 
6.000 19.950 0.065 0.532 0.897 1.467 1.939 2.275 2.331 2.117 2.038 1.871 0.000 
6.000 25.120 -0.075 0.383 0.741 1.306 1.776 2.112 2.167 1.952 1.872 1.706 0.000 
6.000 31.620 -0.221 0.226 0.577 1.138 1.604 1.939 1.994 1.777 1.697 1.532 0.000 
6.000 39.810 -0.372 0.065 0.407 0.963 1.425 1.759 1.813 1.594 1.512 1.351 0.000 
6.000 50.120 -0.526 -0.101 0.234 0.782 1.239 1.573 1.625 1.403 1.320 1.161 0.000 
6.000 63.100 -0.682 -0.269 0.058 0.596 1.046 1.379 1.429 1.204 1.119 0.965 0.000 
6.000 79.430 -0.840 -0.439 -0.122 0.405 0.846 1.178 1.226 0.996 0.909 0.760 0.000 
6.000 100.000 -1.000 -0.612 -0.304 0.208 0.637 0.969 1.014 0.779 0.688 0.546 0.000 
6.000 125.890 -1.163 -0.788 -0.489 0.004 0.419 0.750 0.791 0.549 0.454 0.320 0.000 
6.000 158.490 -1.329 -0.967 -0.677 -0.208 0.189 0.518 0.555 0.304 0.205 0.081 0.000 
6.000 199.530 -1.499 -1.150 -0.869 -0.430 -0.055 0.271 0.303 0.040 -0.065 -0.176 0.000 
6.000 251.190 -1.673 -1.337 -1.066 -0.665 -0.319 0.005 0.029 -0.247 -0.360 -0.454 0.000 
6.000 316.230 -1.853 -1.531 -1.270 -0.916 -0.605 -0.284 -0.269 -0.563 -0.686 -0.759 0.000 
6.000 398.110 -2.041 -1.732 -1.481 -1.186 -0.921 -0.604 -0.601 -0.916 -1.052 -1.099 0.000 
6.000 501.190 -2.238 -1.943 -1.701 -1.482 -1.273 -0.962 -0.973 -1.316 -1.467 -1.481 0.000 
6.000 630.960 -2.447 -2.166 -1.934 -1.809 -1.672 -1.367 -1.396 -1.775 -1.945 -1.917 0.000 
6.000 794.330 -2.671 -2.403 -2.181 -2.176 -2.129 -1.832 -1.884 -2.306 -2.501 -2.422 0.000 
6.000 1000.000 -2.914 -2.660 -2.448 -2.593 -2.659 -2.372 -2.453 -2.931 -3.157 -3.011 0.000 
6.250 1.000 0.806 1.328 1.717 2.264 2.714 3.023 3.061 2.843 2.758 2.601 0.000 
6.250 1.260 0.806 1.327 1.716 2.262 2.712 3.021 3.059 2.841 2.756 2.599 0.000 
6.250 1.580 0.806 1.325 1.712 2.259 2.709 3.018 3.056 2.838 2.752 2.596 0.000 
6.250 2.000 0.804 1.322 1.708 2.255 2.704 3.013 3.051 2.833 2.748 2.591 0.000 
6.250 2.510 0.801 1.316 1.700 2.247 2.696 3.006 3.043 2.826 2.740 2.584 0.000 
6.250 3.160 0.794 1.307 1.689 2.236 2.685 2.994 3.032 2.814 2.728 2.572 0.000 
6.250 3.980 0.783 1.292 1.671 2.218 2.667 2.976 3.014 2.796 2.710 2.554 0.000 
6.250 5.010 0.763 1.269 1.645 2.192 2.640 2.950 2.987 2.769 2.683 2.527 0.000 
6.250 6.310 0.734 1.234 1.607 2.153 2.601 2.911 2.948 2.730 2.644 2.488 0.000 
6.250 7.940 0.689 1.184 1.554 2.099 2.547 2.856 2.893 2.675 2.589 2.433 0.000 
6.250 10.000 0.628 1.117 1.482 2.026 2.473 2.783 2.820 2.601 2.515 2.360 0.000 
6.250 12.590 0.549 1.031 1.390 1.933 2.379 2.688 2.725 2.506 2.420 2.265 0.000 
6.250 15.850 0.451 0.925 1.279 1.820 2.265 2.574 2.610 2.390 2.303 2.150 0.000 
6.250 19.950 0.337 0.802 1.150 1.689 2.131 2.440 2.476 2.256 2.168 2.015 0.000 
6.250 25.120 0.210 0.666 1.007 1.542 1.982 2.291 2.326 2.104 2.016 1.865 0.000 
6.250 31.620 0.073 0.519 0.853 1.384 1.821 2.129 2.163 1.940 1.851 1.701 0.000 
6.250 39.810 -0.071 0.364 0.691 1.216 1.648 1.956 1.990 1.764 1.674 1.527 0.000 
6.250 50.120 -0.220 0.204 0.523 1.040 1.467 1.775 1.807 1.578 1.486 1.343 0.000 
6.250 63.100 -0.372 0.040 0.350 0.858 1.278 1.585 1.615 1.383 1.289 1.150 0.000 
6.250 79.430 -0.528 -0.128 0.173 0.670 1.081 1.387 1.415 1.178 1.082 0.948 0.000 
6.250 100.000 -0.687 -0.299 -0.006 0.475 0.875 1.180 1.205 0.963 0.864 0.736 0.000 
6.250 125.890 -0.848 -0.473 -0.190 0.273 0.658 0.962 0.984 0.735 0.632 0.512 0.000 
6.250 158.490 -1.013 -0.651 -0.376 0.062 0.430 0.732 0.749 0.492 0.384 0.275 0.000 
6.250 199.530 -1.181 -0.832 -0.567 -0.158 0.187 0.487 0.498 0.229 0.115 0.019 0.000 
6.250 251.190 -1.354 -1.019 -0.763 -0.392 -0.075 0.222 0.226 -0.056 -0.178 -0.258 0.000 
6.250 316.230 -1.533 -1.211 -0.966 -0.642 -0.361 -0.067 -0.072 -0.372 -0.503 -0.562 0.000 
6.250 398.110 -1.720 -1.412 -1.175 -0.911 -0.675 -0.385 -0.402 -0.724 -0.868 -0.900 0.000 
6.250 501.190 -1.916 -1.621 -1.395 -1.206 -1.027 -0.742 -0.773 -1.123 -1.282 -1.282 0.000 
6.250 630.960 -2.124 -1.843 -1.626 -1.532 -1.424 -1.146 -1.195 -1.580 -1.759 -1.717 0.000 
6.250 794.330 -2.347 -2.080 -1.873 -1.898 -1.880 -1.610 -1.682 -2.111 -2.314 -2.220 0.000 
6.250 1000.000 -2.589 -2.336 -2.139 -2.314 -2.409 -2.149 -2.250 -2.734 -2.969 -2.808 0.000 
6.500 1.000 0.901 1.418 1.788 2.303 2.720 3.003 3.020 2.795 2.701 2.560 0.000 
6.500 1.260 0.901 1.417 1.787 2.302 2.719 3.002 3.019 2.794 2.700 2.559 0.000 
6.500 1.580 0.902 1.417 1.786 2.300 2.718 3.000 3.017 2.793 2.698 2.557 0.000 
6.500 2.000 0.903 1.415 1.783 2.297 2.715 2.998 3.015 2.790 2.695 2.554 0.000 
6.500 2.510 0.902 1.413 1.779 2.293 2.711 2.993 3.010 2.786 2.691 2.550 0.000 
6.500 3.160 0.900 1.408 1.772 2.286 2.704 2.987 3.004 2.779 2.684 2.543 0.000 
6.500 3.980 0.895 1.400 1.762 2.276 2.694 2.976 2.993 2.768 2.673 2.533 0.000 
6.500 5.010 0.886 1.387 1.747 2.260 2.678 2.960 2.977 2.752 2.657 2.517 0.000 
6.500 6.310 0.870 1.367 1.723 2.236 2.654 2.936 2.953 2.728 2.633 2.493 0.000 
6.500 7.940 0.845 1.336 1.689 2.202 2.618 2.901 2.918 2.692 2.597 2.457 0.000 
6.500 10.000 0.806 1.292 1.640 2.152 2.568 2.851 2.867 2.642 2.546 2.407 0.000 
6.500 12.590 0.751 1.230 1.574 2.084 2.500 2.782 2.798 2.572 2.477 2.338 0.000 
6.500 15.850 0.678 1.149 1.487 1.997 2.411 2.693 2.709 2.482 2.386 2.248 0.000 
6.500 19.950 0.586 1.049 1.382 1.888 2.300 2.583 2.598 2.371 2.274 2.137 0.000 
6.500 25.120 0.478 0.932 1.257 1.761 2.171 2.453 2.468 2.239 2.142 2.006 0.000 
6.500 31.620 0.355 0.799 1.118 1.617 2.024 2.306 2.320 2.090 1.992 1.857 0.000 
6.500 39.810 0.221 0.655 0.967 1.460 1.863 2.144 2.157 1.925 1.826 1.694 0.000 
6.500 50.120 0.080 0.503 0.806 1.293 1.690 1.971 1.982 1.747 1.647 1.518 0.000 
6.500 63.100 -0.068 0.343 0.639 1.116 1.506 1.787 1.796 1.558 1.456 1.331 0.000 
6.500 79.430 -0.220 0.179 0.466 0.932 1.313 1.593 1.600 1.358 1.253 1.133 0.000 
6.500 100.000 -0.376 0.011 0.289 0.740 1.110 1.389 1.393 1.145 1.038 0.924 0.000 
6.500 125.890 -0.535 -0.161 0.108 0.540 0.896 1.174 1.175 0.920 0.808 0.703 0.000 
6.500 158.490 -0.698 -0.337 -0.077 0.332 0.670 0.945 0.942 0.678 0.562 0.467 0.000 
6.500 199.530 -0.865 -0.517 -0.266 0.112 0.428 0.702 0.692 0.418 0.295 0.214 0.000 
6.500 251.190 -1.037 -0.702 -0.461 -0.120 0.167 0.438 0.422 0.133 0.003 -0.062 0.000 
6.500 316.230 -1.215 -0.893 -0.662 -0.368 -0.117 0.151 0.125 -0.181 -0.321 -0.365 0.000 
6.500 398.110 -1.401 -1.092 -0.871 -0.637 -0.430 -0.167 -0.204 -0.532 -0.684 -0.702 0.000 
6.500 501.190 -1.596 -1.301 -1.089 -0.930 -0.780 -0.522 -0.573 -0.930 -1.097 -1.082 0.000 
6.500 630.960 -1.803 -1.522 -1.320 -1.256 -1.177 -0.925 -0.995 -1.386 -1.573 -1.516 0.000 
6.500 794.330 -2.025 -1.757 -1.565 -1.620 -1.632 -1.388 -1.480 -1.916 -2.127 -2.018 0.000 
6.500 1000.000 -2.266 -2.012 -1.830 -2.035 -2.160 -1.926 -2.047 -2.538 -2.781 -2.606 0.000 
6.750 1.000 0.996 1.507 1.861 2.341 2.727 2.983 2.979 2.747 2.643 2.518 0.000 
6.750 1.260 0.997 1.507 1.860 2.341 2.726 2.982 2.978 2.746 2.642 2.517 0.000 
6.750 1.580 0.998 1.507 1.859 2.340 2.725 2.981 2.977 2.745 2.641 2.516 0.000 
6.750 2.000 1.000 1.507 1.858 2.338 2.724 2.980 2.976 2.744 2.640 2.515 0.000 
6.750 2.510 1.001 1.506 1.855 2.336 2.722 2.977 2.973 2.741 2.637 2.512 0.000 
6.750 3.160 1.001 1.504 1.852 2.332 2.718 2.974 2.970 2.737 2.633 2.509 0.000 
6.750 3.980 1.000 1.500 1.846 2.326 2.712 2.968 2.964 2.731 2.627 2.503 0.000 
6.750 5.010 0.997 1.494 1.837 2.317 2.702 2.958 2.954 2.722 2.618 2.493 0.000 
6.750 6.310 0.991 1.483 1.823 2.303 2.688 2.944 2.940 2.707 2.603 2.479 0.000 
6.750 7.940 0.978 1.465 1.802 2.281 2.666 2.922 2.918 2.685 2.581 2.457 0.000 
6.750 10.000 0.956 1.438 1.771 2.250 2.634 2.890 2.886 2.653 2.548 2.424 0.000 
6.750 12.590 0.923 1.398 1.726 2.204 2.588 2.844 2.839 2.606 2.501 2.378 0.000 
6.750 15.850 0.874 1.342 1.665 2.142 2.524 2.780 2.775 2.541 2.436 2.314 0.000 
6.750 19.950 0.807 1.267 1.585 2.059 2.440 2.696 2.690 2.456 2.351 2.229 0.000 
6.750 25.120 0.721 1.173 1.484 1.955 2.334 2.590 2.584 2.348 2.243 2.122 0.000 
6.750 31.620 0.618 1.060 1.364 1.832 2.208 2.463 2.457 2.220 2.113 1.994 0.000 
6.750 39.810 0.500 0.932 1.229 1.691 2.063 2.318 2.310 2.071 1.964 1.847 0.000 
6.750 50.120 0.369 0.791 1.080 1.535 1.902 2.156 2.148 1.906 1.797 1.683 0.000 
6.750 63.100 0.230 0.640 0.921 1.368 1.728 1.981 1.971 1.726 1.615 1.505 0.000 
6.750 79.430 0.083 0.482 0.755 1.190 1.541 1.794 1.781 1.532 1.418 1.314 0.000 
6.750 100.000 -0.068 0.318 0.582 1.002 1.343 1.594 1.579 1.324 1.208 1.110 0.000 
6.750 125.890 -0.225 0.149 0.404 0.806 1.132 1.383 1.363 1.102 0.982 0.892 0.000 
6.750 158.490 -0.386 -0.025 0.222 0.600 0.908 1.157 1.133 0.863 0.738 0.658 0.000 
6.750 199.530 -0.551 -0.203 0.034 0.382 0.668 0.915 0.886 0.605 0.473 0.407 0.000 
6.750 251.190 -0.721 -0.387 -0.159 0.152 0.409 0.654 0.617 0.322 0.183 0.133 0.000 
6.750 316.230 -0.898 -0.577 -0.359 -0.095 0.127 0.368 0.322 0.009 -0.139 -0.169 0.000 
6.750 398.110 -1.082 -0.774 -0.566 -0.363 -0.186 0.051 -0.006 -0.340 -0.501 -0.505 0.000 
6.750 501.190 -1.276 -0.982 -0.783 -0.655 -0.535 -0.303 -0.374 -0.737 -0.913 -0.883 0.000 
6.750 630.960 -1.482 -1.202 -1.013 -0.979 -0.930 -0.705 -0.794 -1.192 -1.388 -1.316 0.000 
6.750 794.330 -1.703 -1.436 -1.257 -1.343 -1.384 -1.166 -1.279 -1.720 -1.941 -1.817 0.000 
6.750 1000.000 -1.943 -1.690 -1.521 -1.757 -1.910 -1.703 -1.845 -2.342 -2.593 -2.404 0.000 
7.000 1.000 1.092 1.597 1.934 2.380 2.733 2.962 2.937 2.697 2.583 2.475 0.000 
7.000 1.260 1.093 1.598 1.934 2.380 2.733 2.962 2.937 2.696 2.583 2.475 0.000 
7.000 1.580 1.094 1.598 1.934 2.379 2.732 2.961 2.936 2.696 2.582 2.474 0.000 
7.000 2.000 1.096 1.598 1.933 2.378 2.731 2.960 2.935 2.695 2.581 2.473 0.000 
7.000 2.510 1.098 1.598 1.931 2.377 2.730 2.959 2.934 2.693 2.580 2.472 0.000 
7.000 3.160 1.100 1.598 1.929 2.375 2.728 2.957 2.932 2.691 2.578 2.470 0.000 
7.000 3.980 1.101 1.596 1.926 2.372 2.724 2.953 2.928 2.688 2.574 2.466 0.000 
7.000 5.010 1.101 1.594 1.921 2.366 2.719 2.948 2.923 2.682 2.569 2.461 0.000 
7.000 6.310 1.100 1.588 1.913 2.358 2.710 2.940 2.914 2.674 2.560 2.452 0.000 
7.000 7.940 1.095 1.579 1.900 2.345 2.698 2.927 2.901 2.661 2.547 2.439 0.000 
7.000 10.000 1.086 1.564 1.882 2.326 2.678 2.907 2.882 2.641 2.527 2.419 0.000 
7.000 12.590 1.068 1.540 1.854 2.297 2.649 2.878 2.852 2.611 2.497 2.390 0.000 
7.000 15.850 1.039 1.505 1.813 2.256 2.606 2.835 2.809 2.568 2.454 2.347 0.000 
7.000 19.950 0.996 1.454 1.757 2.197 2.547 2.775 2.749 2.507 2.393 2.287 0.000 
7.000 25.120 0.935 1.384 1.681 2.120 2.467 2.696 2.669 2.426 2.311 2.206 0.000 
7.000 31.620 0.855 1.296 1.586 2.021 2.365 2.594 2.567 2.322 2.206 2.103 0.000 
7.000 39.810 0.757 1.188 1.471 1.901 2.242 2.470 2.442 2.196 2.079 1.978 0.000 
7.000 50.120 0.643 1.064 1.340 1.763 2.099 2.326 2.297 2.048 1.930 1.832 0.000 
7.000 63.100 0.516 0.925 1.193 1.608 1.938 2.165 2.134 1.882 1.762 1.667 0.000 
7.000 79.430 0.379 0.776 1.036 1.440 1.761 1.987 1.954 1.698 1.576 1.486 0.000 
7.000 100.000 0.233 0.619 0.870 1.259 1.569 1.795 1.759 1.497 1.372 1.289 0.000 
7.000 125.890 0.081 0.455 0.697 1.068 1.364 1.588 1.548 1.280 1.151 1.076 0.000 
7.000 158.490 -0.076 0.284 0.518 0.865 1.144 1.366 1.322 1.045 0.912 0.847 0.000 
7.000 199.530 -0.239 0.109 0.333 0.650 0.907 1.127 1.077 0.790 0.650 0.598 0.000 
7.000 251.190 -0.408 -0.073 0.142 0.422 0.650 0.868 0.811 0.509 0.362 0.326 0.000 
7.000 316.230 -0.583 -0.262 -0.056 0.177 0.369 0.584 0.518 0.199 0.041 0.027 0.000 
7.000 398.110 -0.766 -0.458 -0.262 -0.089 0.058 0.269 0.192 -0.150 -0.319 -0.308 0.000 
7.000 501.190 -0.959 -0.664 -0.478 -0.380 -0.289 -0.084 -0.176 -0.545 -0.729 -0.685 0.000 
7.000 630.960 -1.163 -0.883 -0.706 -0.703 -0.683 -0.485 -0.594 -0.998 -1.203 -1.117 0.000 
7.000 794.330 -1.383 -1.116 -0.950 -1.066 -1.136 -0.945 -1.078 -1.526 -1.755 -1.617 0.000 
7.000 1000.000 -1.622 -1.369 -1.213 -1.478 -1.662 -1.481 -1.643 -2.146 -2.406 -2.202 0.000 
7.250 1.000 1.187 1.688 2.009 2.418 2.737 2.939 2.893 2.644 2.521 2.430 0.000 
7.250 1.260 1.189 1.688 2.009 2.418 2.737 2.939 2.892 2.644 2.520 2.430 0.000 
7.250 1.580 1.190 1.688 2.009 2.418 2.737 2.939 2.892 2.643 2.520 2.429 0.000 
7.250 2.000 1.192 1.689 2.008 2.417 2.736 2.938 2.892 2.643 2.519 2.429 0.000 
7.250 2.510 1.194 1.689 2.008 2.417 2.735 2.937 2.891 2.642 2.519 2.428 0.000 
7.250 3.160 1.197 1.690 2.006 2.416 2.734 2.936 2.890 2.641 2.517 2.427 0.000 
7.250 3.980 1.199 1.690 2.004 2.414 2.732 2.934 2.888 2.639 2.515 2.425 0.000 
7.250 5.010 1.201 1.689 2.002 2.411 2.729 2.931 2.885 2.636 2.512 2.422 0.000 
7.250 6.310 1.203 1.687 1.997 2.406 2.724 2.926 2.880 2.631 2.507 2.417 0.000 
7.250 7.940 1.203 1.683 1.990 2.399 2.717 2.919 2.872 2.623 2.500 2.409 0.000 
7.250 10.000 1.200 1.675 1.979 2.387 2.705 2.907 2.860 2.611 2.488 2.397 0.000 
7.250 12.590 1.193 1.663 1.962 2.370 2.687 2.889 2.842 2.593 2.469 2.379 0.000 
7.250 15.850 1.179 1.642 1.937 2.344 2.660 2.862 2.815 2.565 2.442 2.352 0.000 
7.250 19.950 1.155 1.610 1.900 2.305 2.621 2.823 2.776 2.525 2.401 2.312 0.000 
7.250 25.120 1.117 1.564 1.848 2.251 2.566 2.767 2.720 2.468 2.344 2.256 0.000 
7.250 31.620 1.062 1.500 1.778 2.178 2.490 2.692 2.643 2.391 2.266 2.179 0.000 
7.250 39.810 0.988 1.417 1.688 2.084 2.393 2.594 2.545 2.291 2.165 2.080 0.000 
7.250 50.120 0.896 1.314 1.578 1.968 2.272 2.473 2.423 2.167 2.039 1.957 0.000 
7.250 63.100 0.786 1.194 1.450 1.832 2.130 2.330 2.278 2.019 1.890 1.811 0.000 
7.250 79.430 0.662 1.058 1.306 1.677 1.967 2.167 2.113 1.850 1.719 1.645 0.000 
7.250 100.000 0.526 0.911 1.150 1.507 1.787 1.985 1.929 1.661 1.527 1.459 0.000 
7.250 125.890 0.381 0.754 0.985 1.324 1.589 1.787 1.727 1.452 1.314 1.254 0.000 
7.250 158.490 0.229 0.589 0.811 1.126 1.375 1.571 1.506 1.223 1.080 1.030 0.000 
7.250 199.530 0.070 0.417 0.629 0.916 1.142 1.336 1.266 0.971 0.823 0.786 0.000 
7.250 251.190 -0.096 0.238 0.441 0.690 0.888 1.080 1.002 0.694 0.538 0.517 0.000 
7.250 316.230 -0.269 0.051 0.245 0.447 0.610 0.798 0.712 0.386 0.220 0.220 0.000 
7.250 398.110 -0.451 -0.143 0.041 0.183 0.301 0.485 0.387 0.040 -0.138 -0.112 0.000 
7.250 501.190 -0.642 -0.348 -0.174 -0.106 -0.045 0.134 0.022 -0.353 -0.547 -0.488 0.000 
7.250 630.960 -0.846 -0.565 -0.401 -0.427 -0.437 -0.265 -0.395 -0.806 -1.019 -0.918 0.000 
7.250 794.330 -1.065 -0.798 -0.643 -0.789 -0.889 -0.725 -0.878 -1.332 -1.569 -1.417 0.000 
7.250 1000.000 -1.303 -1.049 -0.904 -1.200 -1.413 -1.259 -1.441 -1.951 -2.219 -2.001 0.000 
7.500 1.000 1.283 1.778 2.085 2.456 2.739 2.914 2.845 2.587 2.453 2.381 0.000 
7.500 1.260 1.285 1.778 2.085 2.456 2.738 2.913 2.845 2.587 2.453 2.381 0.000 
7.500 1.580 1.286 1.779 2.085 2.455 2.738 2.913 2.845 2.587 2.453 2.380 0.000 
7.500 2.000 1.288 1.779 2.084 2.455 2.738 2.913 2.845 2.586 2.453 2.380 0.000 
7.500 2.510 1.290 1.780 2.084 2.455 2.737 2.912 2.844 2.586 2.452 2.380 0.000 
7.500 3.160 1.293 1.781 2.083 2.454 2.737 2.912 2.843 2.585 2.451 2.379 0.000 
7.500 3.980 1.296 1.781 2.082 2.453 2.736 2.911 2.842 2.584 2.450 2.378 0.000 
7.500 5.010 1.299 1.782 2.081 2.451 2.734 2.909 2.840 2.582 2.448 2.376 0.000 
7.500 6.310 1.302 1.782 2.078 2.448 2.731 2.906 2.838 2.579 2.446 2.373 0.000 
7.500 7.940 1.305 1.780 2.074 2.444 2.727 2.902 2.833 2.575 2.441 2.369 0.000 
7.500 10.000 1.306 1.777 2.068 2.438 2.720 2.895 2.826 2.568 2.434 2.362 0.000 
7.500 12.590 1.306 1.771 2.058 2.427 2.709 2.884 2.816 2.557 2.423 2.351 0.000 
7.500 15.850 1.301 1.761 2.043 2.412 2.693 2.868 2.799 2.540 2.406 2.334 0.000 
7.500 19.950 1.290 1.743 2.020 2.388 2.668 2.843 2.774 2.515 2.381 2.309 0.000 
7.500 25.120 1.270 1.715 1.987 2.353 2.632 2.807 2.737 2.477 2.343 2.272 0.000 
7.500 31.620 1.237 1.673 1.939 2.303 2.580 2.755 2.685 2.424 2.289 2.219 0.000 
7.500 39.810 1.188 1.615 1.874 2.234 2.508 2.683 2.612 2.350 2.214 2.146 0.000 
7.500 50.120 1.120 1.537 1.789 2.143 2.414 2.588 2.517 2.252 2.115 2.050 0.000 
7.500 63.100 1.032 1.439 1.683 2.031 2.296 2.469 2.396 2.129 1.991 1.929 0.000 
7.500 79.430 0.927 1.322 1.559 1.896 2.154 2.327 2.252 1.981 1.841 1.783 0.000 
7.500 100.000 0.806 1.190 1.418 1.742 1.989 2.161 2.084 1.808 1.665 1.613 0.000 
7.500 125.890 0.672 1.044 1.263 1.570 1.804 1.975 1.894 1.612 1.465 1.421 0.000 
7.500 158.490 0.527 0.886 1.097 1.381 1.598 1.767 1.682 1.392 1.240 1.206 0.000 
7.500 199.530 0.373 0.720 0.922 1.176 1.372 1.539 1.448 1.147 0.990 0.968 0.000 
7.500 251.190 0.211 0.545 0.737 0.955 1.123 1.288 1.190 0.875 0.710 0.704 0.000 
7.500 316.230 0.041 0.362 0.545 0.716 0.848 1.009 0.903 0.570 0.396 0.411 0.000 
7.500 398.110 -0.138 0.169 0.343 0.454 0.542 0.699 0.581 0.227 0.040 0.081 0.000 
7.500 501.190 -0.328 -0.034 0.130 0.167 0.198 0.350 0.218 -0.164 -0.366 -0.292 0.000 
7.500 630.960 -0.530 -0.250 -0.095 -0.153 -0.193 -0.047 -0.198 -0.614 -0.836 -0.721 0.000 
7.500 794.330 -0.747 -0.481 -0.336 -0.513 -0.642 -0.505 -0.678 -1.139 -1.385 -1.217 0.000 
7.500 1000.000 -0.984 -0.731 -0.596 -0.923 -1.165 -1.038 -1.240 -1.756 -2.033 -1.800 0.000 
7.750 1.000 1.379 1.868 2.161 2.490 2.735 2.883 2.792 2.523 2.379 2.326 0.000 
7.750 1.260 1.380 1.868 2.161 2.490 2.735 2.883 2.792 2.523 2.379 2.326 0.000 
7.750 1.580 1.382 1.869 2.161 2.490 2.735 2.883 2.792 2.523 2.379 2.326 0.000 
7.750 2.000 1.384 1.869 2.161 2.490 2.735 2.883 2.792 2.523 2.379 2.326 0.000 
7.750 2.510 1.386 1.870 2.161 2.490 2.735 2.882 2.792 2.523 2.378 2.325 0.000 
7.750 3.160 1.388 1.871 2.160 2.489 2.734 2.882 2.791 2.522 2.378 2.325 0.000 
7.750 3.980 1.391 1.872 2.160 2.489 2.734 2.881 2.791 2.522 2.377 2.324 0.000 
7.750 5.010 1.395 1.873 2.159 2.488 2.733 2.880 2.790 2.521 2.376 2.323 0.000 
7.750 6.310 1.399 1.873 2.157 2.486 2.731 2.879 2.788 2.519 2.375 2.322 0.000 
7.750 7.940 1.403 1.874 2.155 2.484 2.729 2.876 2.785 2.516 2.372 2.319 0.000 
7.750 10.000 1.406 1.873 2.152 2.480 2.725 2.872 2.781 2.512 2.368 2.315 0.000 
7.750 12.590 1.409 1.871 2.146 2.474 2.718 2.866 2.775 2.506 2.361 2.309 0.000 
7.750 15.850 1.410 1.867 2.137 2.465 2.709 2.856 2.765 2.496 2.351 2.299 0.000 
7.750 19.950 1.408 1.858 2.124 2.450 2.694 2.841 2.750 2.480 2.335 2.283 0.000 
7.750 25.120 1.400 1.843 2.103 2.429 2.671 2.818 2.727 2.457 2.312 2.260 0.000 
7.750 31.620 1.384 1.818 2.073 2.396 2.637 2.784 2.693 2.422 2.276 2.226 0.000 
7.750 39.810 1.355 1.781 2.029 2.350 2.588 2.735 2.643 2.371 2.225 2.175 0.000 
7.750 50.120 1.311 1.727 1.968 2.285 2.520 2.666 2.573 2.300 2.153 2.105 0.000 
7.750 63.100 1.249 1.654 1.888 2.198 2.428 2.575 2.480 2.204 2.056 2.011 0.000 
7.750 79.430 1.167 1.561 1.787 2.088 2.312 2.457 2.361 2.082 1.932 1.891 0.000 
7.750 100.000 1.066 1.448 1.667 1.955 2.169 2.314 2.215 1.932 1.779 1.744 0.000 
7.750 125.890 0.947 1.318 1.528 1.800 2.001 2.145 2.043 1.753 1.597 1.569 0.000 
7.750 158.490 0.814 1.173 1.374 1.624 1.809 1.951 1.845 1.547 1.387 1.368 0.000 
7.750 199.530 0.669 1.015 1.207 1.429 1.593 1.733 1.622 1.313 1.147 1.141 0.000 
7.750 251.190 0.513 0.846 1.029 1.215 1.351 1.489 1.371 1.049 0.875 0.885 0.000 
7.750 316.230 0.347 0.668 0.841 0.980 1.082 1.216 1.089 0.750 0.566 0.597 0.000 
7.750 398.110 0.171 0.478 0.642 0.722 0.780 0.910 0.772 0.411 0.215 0.271 0.000 
7.750 501.190 -0.016 0.278 0.432 0.438 0.439 0.564 0.411 0.023 -0.188 -0.099 0.000 
7.750 630.960 -0.216 0.064 0.209 0.120 0.050 0.169 -0.002 -0.425 -0.655 -0.525 0.000 
7.750 794.330 -0.432 -0.165 -0.030 -0.238 -0.397 -0.286 -0.480 -0.947 -1.202 -1.020 0.000 
7.750 1000.000 -0.667 -0.415 -0.289 -0.647 -0.919 -0.818 -1.041 -1.563 -1.849 -1.601 0.000 
8.000 1.000 1.474 1.956 2.237 2.521 2.725 2.845 2.732 2.451 2.295 2.263 0.000 
8.000 1.260 1.475 1.957 2.237 2.521 2.725 2.845 2.732 2.451 2.295 2.263 0.000 
8.000 1.580 1.476 1.957 2.237 2.521 2.725 2.845 2.731 2.451 2.295 2.263 0.000 
8.000 2.000 1.478 1.958 2.237 2.521 2.725 2.845 2.731 2.451 2.295 2.263 0.000 
8.000 2.510 1.480 1.959 2.237 2.521 2.725 2.845 2.731 2.451 2.295 2.263 0.000 
8.000 3.160 1.482 1.960 2.237 2.521 2.725 2.845 2.731 2.450 2.294 2.263 0.000 
8.000 3.980 1.485 1.961 2.237 2.520 2.724 2.845 2.731 2.450 2.294 2.262 0.000 
8.000 5.010 1.489 1.962 2.236 2.520 2.724 2.844 2.730 2.449 2.293 2.262 0.000 
8.000 6.310 1.493 1.963 2.235 2.519 2.723 2.843 2.729 2.448 2.292 2.261 0.000 
8.000 7.940 1.497 1.964 2.234 2.518 2.721 2.842 2.728 2.447 2.291 2.259 0.000 
8.000 10.000 1.502 1.965 2.232 2.515 2.719 2.839 2.725 2.444 2.288 2.257 0.000 
8.000 12.590 1.507 1.965 2.229 2.512 2.715 2.836 2.721 2.441 2.284 2.253 0.000 
8.000 15.850 1.511 1.964 2.224 2.506 2.710 2.830 2.716 2.435 2.278 2.247 0.000 
8.000 19.950 1.514 1.961 2.216 2.498 2.701 2.821 2.706 2.425 2.269 2.238 0.000 
8.000 25.120 1.514 1.954 2.204 2.485 2.687 2.807 2.692 2.411 2.254 2.223 0.000 
8.000 31.620 1.509 1.941 2.185 2.465 2.666 2.785 2.671 2.388 2.232 2.202 0.000 
8.000 39.810 1.496 1.919 2.158 2.435 2.634 2.753 2.638 2.355 2.198 2.169 0.000 
8.000 50.120 1.472 1.886 2.117 2.391 2.587 2.707 2.591 2.306 2.148 2.121 0.000 
8.000 63.100 1.433 1.836 2.061 2.329 2.522 2.641 2.524 2.237 2.078 2.053 0.000 
8.000 79.430 1.376 1.769 1.986 2.246 2.432 2.551 2.433 2.143 1.982 1.961 0.000 
8.000 100.000 1.298 1.680 1.889 2.138 2.317 2.434 2.314 2.020 1.857 1.841 0.000 
8.000 125.890 1.201 1.571 1.772 2.006 2.173 2.289 2.166 1.867 1.700 1.690 0.000 
8.000 158.490 1.085 1.443 1.635 1.849 2.000 2.115 1.988 1.681 1.511 1.510 0.000 
8.000 199.530 0.953 1.298 1.481 1.668 1.799 1.912 1.779 1.463 1.287 1.297 0.000 
8.000 251.190 0.806 1.139 1.313 1.464 1.568 1.679 1.540 1.210 1.027 1.053 0.000 
8.000 316.230 0.647 0.967 1.132 1.237 1.307 1.415 1.267 0.920 0.727 0.774 0.000 
8.000 398.110 0.476 0.783 0.938 0.985 1.011 1.115 0.956 0.588 0.383 0.455 0.000 
8.000 501.190 0.293 0.586 0.732 0.705 0.675 0.774 0.600 0.205 -0.015 0.089 0.000 
8.000 630.960 0.095 0.375 0.511 0.391 0.290 0.383 0.191 -0.239 -0.478 -0.333 0.000 
8.000 794.330 -0.119 0.148 0.274 0.035 -0.155 -0.070 -0.285 -0.759 -1.022 -0.825 0.000 
8.000 1000.000 -0.352 -0.100 0.017 -0.371 -0.674 -0.600 -0.843 -1.372 -1.666 -1.403 0.000 
