ZhaoEtAl2006SSlabCascadia_CanadaSHM6-trial modified from OpenQuake implementation, distance is rrup. Log10 ground motion values in cgs units, PGV and Sa(T<0.1s) not valid
          14 31 23 : nmag, ndist, nperiod
          10.000 5.000 4.000 3.000 2.500 2.000 1.500 1.250 1.000 0.900 0.800 0.700 0.600 0.500 0.400 0.300 0.250 0.200 0.150 0.100 0.050 PGA PGV 
          0.708 0.708 0.705 0.721 0.732 0.733 0.721 0.716 0.717 0.714 0.713 0.714 0.712 0.707 0.715 0.728 0.743 0.764 0.794 0.811 0.743 0.684 0.000 
4.750 1.000 0.495 1.098 1.382 1.863 1.949 2.255 2.718 3.021 3.244 3.395 3.557 3.741 3.872 3.947 3.972 3.835 3.660 3.643 3.712 3.573 3.684 3.575 0.000 
4.750 1.260 0.426 1.027 1.298 1.763 1.853 2.155 2.604 2.897 3.119 3.269 3.428 3.612 3.746 3.831 3.867 3.743 3.578 3.562 3.625 3.488 3.579 3.467 0.000 
4.750 1.580 0.352 0.950 1.210 1.660 1.754 2.051 2.486 2.770 2.990 3.138 3.295 3.477 3.615 3.709 3.756 3.644 3.491 3.475 3.532 3.397 3.468 3.353 0.000 
4.750 2.000 0.273 0.869 1.117 1.552 1.650 1.944 2.364 2.639 2.857 3.003 3.159 3.339 3.480 3.582 3.640 3.540 3.397 3.382 3.433 3.300 3.351 3.234 0.000 
4.750 2.510 0.191 0.782 1.020 1.441 1.543 1.833 2.239 2.505 2.721 2.865 3.019 3.198 3.341 3.450 3.518 3.430 3.298 3.283 3.328 3.197 3.228 3.109 0.000 
4.750 3.160 0.104 0.691 0.919 1.327 1.433 1.719 2.112 2.368 2.581 2.724 2.876 3.053 3.198 3.314 3.392 3.314 3.193 3.178 3.218 3.089 3.100 2.980 0.000 
4.750 3.980 0.015 0.597 0.816 1.211 1.321 1.603 1.983 2.229 2.440 2.581 2.731 2.906 3.053 3.174 3.261 3.194 3.083 3.068 3.102 2.974 2.967 2.846 0.000 
4.750 5.010 -0.077 0.499 0.709 1.093 1.207 1.485 1.851 2.089 2.296 2.436 2.584 2.756 2.905 3.031 3.126 3.069 2.968 2.953 2.980 2.854 2.830 2.708 0.000 
4.750 6.310 -0.172 0.398 0.600 0.972 1.090 1.366 1.718 1.946 2.151 2.289 2.435 2.605 2.754 2.885 2.987 2.939 2.849 2.833 2.854 2.729 2.688 2.566 0.000 
4.750 7.940 -0.268 0.294 0.490 0.851 0.973 1.244 1.583 1.803 2.004 2.140 2.285 2.451 2.602 2.737 2.845 2.806 2.725 2.709 2.723 2.600 2.542 2.421 0.000 
4.750 10.000 -0.365 0.188 0.377 0.728 0.853 1.122 1.447 1.657 1.855 1.990 2.133 2.296 2.447 2.586 2.701 2.668 2.597 2.580 2.588 2.465 2.392 2.272 0.000 
4.750 12.590 -0.464 0.080 0.263 0.603 0.733 0.998 1.310 1.511 1.705 1.839 1.979 2.140 2.291 2.432 2.553 2.528 2.465 2.447 2.449 2.327 2.239 2.121 0.000 
4.750 15.850 -0.565 -0.030 0.147 0.478 0.611 0.873 1.171 1.364 1.554 1.686 1.825 1.982 2.133 2.277 2.403 2.384 2.330 2.310 2.305 2.183 2.082 1.966 0.000 
4.750 19.950 -0.666 -0.142 0.030 0.351 0.488 0.747 1.031 1.215 1.401 1.532 1.668 1.823 1.974 2.120 2.250 2.236 2.190 2.169 2.157 2.035 1.921 1.808 0.000 
4.750 25.120 -0.769 -0.256 -0.089 0.223 0.363 0.619 0.890 1.065 1.247 1.376 1.511 1.662 1.812 1.960 2.094 2.085 2.047 2.023 2.004 1.882 1.756 1.647 0.000 
4.750 31.620 -0.874 -0.372 -0.210 0.094 0.237 0.490 0.747 0.913 1.091 1.219 1.351 1.499 1.648 1.797 1.935 1.929 1.899 1.872 1.845 1.723 1.586 1.481 0.000 
4.750 39.810 -0.980 -0.490 -0.332 -0.036 0.110 0.359 0.602 0.760 0.934 1.059 1.190 1.333 1.482 1.632 1.772 1.769 1.746 1.715 1.680 1.557 1.410 1.311 0.000 
4.750 50.120 -1.088 -0.611 -0.456 -0.168 -0.020 0.226 0.455 0.605 0.774 0.898 1.026 1.166 1.313 1.463 1.604 1.604 1.586 1.552 1.508 1.383 1.227 1.135 0.000 
4.750 63.100 -1.200 -0.735 -0.583 -0.302 -0.152 0.091 0.305 0.447 0.611 0.733 0.859 0.995 1.141 1.290 1.432 1.432 1.419 1.380 1.327 1.200 1.036 0.952 0.000 
4.750 79.430 -1.315 -0.863 -0.713 -0.438 -0.287 -0.048 0.152 0.286 0.445 0.565 0.688 0.820 0.964 1.111 1.252 1.252 1.243 1.198 1.135 1.004 0.835 0.760 0.000 
4.750 100.000 -1.434 -0.995 -0.847 -0.577 -0.425 -0.190 -0.006 0.121 0.275 0.392 0.513 0.640 0.782 0.927 1.065 1.062 1.056 1.004 0.929 0.793 0.621 0.558 0.000 
4.750 125.890 -1.558 -1.133 -0.985 -0.719 -0.568 -0.337 -0.169 -0.049 0.100 0.214 0.332 0.454 0.593 0.734 0.868 0.859 0.855 0.794 0.706 0.564 0.392 0.343 0.000 
4.750 158.490 -1.690 -1.278 -1.129 -0.866 -0.716 -0.490 -0.338 -0.225 -0.082 0.030 0.144 0.261 0.396 0.531 0.658 0.642 0.637 0.564 0.461 0.312 0.143 0.111 0.000 
4.750 199.530 -1.830 -1.432 -1.280 -1.018 -0.871 -0.651 -0.516 -0.409 -0.272 -0.164 -0.053 0.058 0.189 0.316 0.433 0.405 0.396 0.311 0.191 0.031 -0.131 -0.142 0.000 
4.750 251.190 -1.981 -1.597 -1.441 -1.178 -1.035 -0.821 -0.704 -0.602 -0.472 -0.368 -0.261 -0.157 -0.032 0.085 0.188 0.143 0.128 0.026 -0.114 -0.287 -0.437 -0.421 0.000 
4.750 316.230 -2.146 -1.775 -1.613 -1.345 -1.210 -1.002 -0.905 -0.807 -0.685 -0.585 -0.483 -0.387 -0.269 -0.166 -0.081 -0.148 -0.174 -0.297 -0.460 -0.651 -0.781 -0.733 0.000 
4.750 398.110 -2.329 -1.972 -1.799 -1.524 -1.398 -1.198 -1.122 -1.028 -0.914 -0.820 -0.723 -0.636 -0.526 -0.441 -0.382 -0.478 -0.519 -0.668 -0.860 -1.072 -1.174 -1.086 0.000 
4.750 501.190 -2.533 -2.189 -2.003 -1.716 -1.604 -1.413 -1.360 -1.267 -1.163 -1.076 -0.985 -0.908 -0.810 -0.748 -0.721 -0.855 -0.919 -1.100 -1.326 -1.566 -1.629 -1.491 0.000 
4.750 630.960 -2.764 -2.435 -2.229 -1.925 -1.832 -1.651 -1.624 -1.531 -1.438 -1.359 -1.276 -1.211 -1.126 -1.093 -1.109 -1.293 -1.387 -1.608 -1.876 -2.152 -2.162 -1.961 0.000 
4.750 794.330 -3.031 -2.715 -2.485 -2.155 -2.086 -1.918 -1.921 -1.824 -1.745 -1.676 -1.601 -1.551 -1.484 -1.488 -1.559 -1.807 -1.942 -2.213 -2.531 -2.852 -2.793 -2.514 0.000 
4.750 1000.000 -3.340 -3.039 -2.776 -2.413 -2.375 -2.222 -2.259 -2.156 -2.092 -2.035 -1.971 -1.939 -1.893 -1.946 -2.087 -2.416 -2.604 -2.938 -3.319 -3.697 -3.548 -3.171 0.000 
5.000 1.000 0.633 1.231 1.539 2.031 2.117 2.420 2.870 3.163 3.367 3.511 3.664 3.836 3.951 4.011 4.018 3.863 3.678 3.650 3.711 3.565 3.685 3.594 0.000 
5.000 1.260 0.571 1.167 1.461 1.937 2.027 2.325 2.762 3.045 3.248 3.390 3.541 3.712 3.831 3.900 3.919 3.776 3.602 3.575 3.631 3.487 3.586 3.492 0.000 
5.000 1.580 0.503 1.097 1.378 1.838 1.932 2.226 2.648 2.922 3.124 3.264 3.413 3.583 3.706 3.784 3.814 3.684 3.520 3.495 3.544 3.402 3.482 3.385 0.000 
5.000 2.000 0.430 1.021 1.291 1.734 1.833 2.122 2.531 2.795 2.995 3.134 3.281 3.449 3.576 3.662 3.703 3.585 3.433 3.408 3.452 3.312 3.371 3.272 0.000 
5.000 2.510 0.353 0.940 1.198 1.627 1.730 2.015 2.410 2.664 2.863 3.000 3.145 3.312 3.442 3.536 3.587 3.481 3.340 3.316 3.354 3.216 3.255 3.153 0.000 
5.000 3.160 0.271 0.854 1.102 1.517 1.624 1.904 2.286 2.530 2.727 2.862 3.005 3.171 3.303 3.404 3.465 3.370 3.240 3.217 3.249 3.114 3.133 3.029 0.000 
5.000 3.980 0.185 0.764 1.001 1.403 1.514 1.791 2.159 2.394 2.588 2.722 2.863 3.026 3.161 3.268 3.338 3.255 3.135 3.112 3.139 3.005 3.005 2.900 0.000 
5.000 5.010 0.097 0.669 0.898 1.287 1.402 1.675 2.029 2.255 2.447 2.579 2.718 2.879 3.016 3.128 3.207 3.134 3.025 3.002 3.023 2.891 2.872 2.766 0.000 
5.000 6.310 0.005 0.571 0.791 1.168 1.287 1.557 1.898 2.115 2.304 2.434 2.571 2.730 2.867 2.985 3.072 3.008 2.909 2.887 2.901 2.771 2.734 2.628 0.000 
5.000 7.940 -0.089 0.470 0.682 1.048 1.171 1.438 1.764 1.972 2.158 2.287 2.422 2.578 2.717 2.839 2.933 2.878 2.789 2.766 2.774 2.645 2.592 2.485 0.000 
5.000 10.000 -0.184 0.367 0.572 0.926 1.053 1.316 1.630 1.828 2.011 2.138 2.271 2.424 2.564 2.690 2.791 2.743 2.664 2.641 2.643 2.515 2.445 2.340 0.000 
5.000 12.590 -0.282 0.260 0.459 0.803 0.933 1.193 1.493 1.683 1.862 1.987 2.119 2.269 2.409 2.538 2.645 2.605 2.535 2.511 2.506 2.379 2.294 2.190 0.000 
5.000 15.850 -0.381 0.152 0.344 0.678 0.812 1.069 1.355 1.536 1.711 1.835 1.965 2.112 2.252 2.384 2.496 2.463 2.402 2.376 2.365 2.239 2.140 2.037 0.000 
5.000 19.950 -0.482 0.041 0.228 0.552 0.690 0.943 1.216 1.388 1.560 1.682 1.809 1.953 2.094 2.228 2.345 2.317 2.264 2.237 2.219 2.093 1.980 1.881 0.000 
5.000 25.120 -0.584 -0.072 0.109 0.425 0.566 0.816 1.075 1.238 1.406 1.527 1.652 1.793 1.933 2.069 2.190 2.167 2.122 2.093 2.068 1.942 1.816 1.721 0.000 
5.000 31.620 -0.688 -0.187 -0.010 0.296 0.440 0.687 0.933 1.087 1.251 1.370 1.493 1.630 1.770 1.907 2.031 2.013 1.976 1.943 1.910 1.784 1.647 1.556 0.000 
5.000 39.810 -0.793 -0.305 -0.132 0.166 0.313 0.557 0.788 0.934 1.093 1.211 1.332 1.466 1.604 1.742 1.869 1.853 1.823 1.788 1.747 1.619 1.473 1.387 0.000 
5.000 50.120 -0.902 -0.425 -0.256 0.035 0.184 0.424 0.641 0.779 0.934 1.049 1.168 1.298 1.436 1.574 1.702 1.689 1.665 1.625 1.576 1.447 1.291 1.211 0.000 
5.000 63.100 -1.013 -0.549 -0.383 -0.099 0.052 0.289 0.491 0.621 0.772 0.885 1.002 1.127 1.263 1.401 1.530 1.517 1.498 1.454 1.395 1.264 1.100 1.029 0.000 
5.000 79.430 -1.127 -0.676 -0.512 -0.235 -0.082 0.150 0.338 0.460 0.606 0.717 0.831 0.953 1.087 1.223 1.351 1.337 1.323 1.273 1.203 1.069 0.900 0.838 0.000 
5.000 100.000 -1.246 -0.808 -0.646 -0.374 -0.221 0.008 0.181 0.295 0.436 0.544 0.656 0.773 0.905 1.038 1.164 1.148 1.136 1.079 0.998 0.859 0.686 0.636 0.000 
5.000 125.890 -1.371 -0.946 -0.784 -0.516 -0.363 -0.139 0.018 0.126 0.261 0.367 0.475 0.587 0.716 0.846 0.967 0.946 0.935 0.869 0.775 0.630 0.457 0.421 0.000 
5.000 158.490 -1.502 -1.091 -0.928 -0.663 -0.511 -0.292 -0.151 -0.050 0.079 0.182 0.287 0.394 0.519 0.643 0.758 0.728 0.717 0.640 0.531 0.378 0.208 0.189 0.000 
5.000 199.530 -1.642 -1.244 -1.079 -0.815 -0.667 -0.452 -0.329 -0.234 -0.111 -0.011 0.090 0.191 0.312 0.428 0.532 0.491 0.477 0.386 0.261 0.097 -0.066 -0.064 0.000 
5.000 251.190 -1.794 -1.409 -1.240 -0.974 -0.830 -0.622 -0.517 -0.427 -0.311 -0.215 -0.118 -0.024 0.092 0.197 0.288 0.230 0.209 0.102 -0.043 -0.221 -0.371 -0.343 0.000 
5.000 316.230 -1.958 -1.588 -1.411 -1.142 -1.005 -0.803 -0.718 -0.632 -0.524 -0.433 -0.340 -0.254 -0.145 -0.053 0.018 -0.061 -0.093 -0.221 -0.390 -0.585 -0.715 -0.654 0.000 
5.000 398.110 -2.141 -1.784 -1.597 -1.320 -1.194 -0.999 -0.935 -0.852 -0.753 -0.667 -0.580 -0.502 -0.403 -0.329 -0.282 -0.390 -0.438 -0.592 -0.789 -1.006 -1.108 -1.007 0.000 
5.000 501.190 -2.345 -2.001 -1.801 -1.512 -1.399 -1.214 -1.173 -1.092 -1.002 -0.923 -0.842 -0.775 -0.687 -0.635 -0.621 -0.768 -0.838 -1.023 -1.255 -1.500 -1.563 -1.412 0.000 
5.000 630.960 -2.576 -2.247 -2.028 -1.721 -1.627 -1.452 -1.437 -1.355 -1.277 -1.206 -1.132 -1.077 -1.003 -0.981 -1.009 -1.206 -1.306 -1.532 -1.805 -2.085 -2.096 -1.883 0.000 
5.000 794.330 -2.842 -2.527 -2.283 -1.952 -1.881 -1.719 -1.734 -1.649 -1.584 -1.523 -1.458 -1.418 -1.360 -1.376 -1.459 -1.719 -1.860 -2.136 -2.460 -2.785 -2.727 -2.435 0.000 
5.000 1000.000 -3.152 -2.850 -2.574 -2.209 -2.170 -2.024 -2.072 -1.981 -1.931 -1.882 -1.828 -1.805 -1.770 -1.833 -1.987 -2.329 -2.523 -2.862 -3.248 -3.630 -3.482 -3.092 0.000 
5.250 1.000 0.766 1.359 1.688 2.191 2.277 2.577 3.016 3.299 3.484 3.621 3.767 3.927 4.027 4.073 4.065 3.894 3.699 3.662 3.715 3.561 3.689 3.613 0.000 
5.250 1.260 0.710 1.301 1.617 2.103 2.193 2.488 2.913 3.186 3.371 3.506 3.650 3.809 3.914 3.969 3.972 3.813 3.629 3.593 3.640 3.489 3.597 3.518 0.000 
5.250 1.580 0.648 1.237 1.540 2.009 2.104 2.394 2.805 3.069 3.253 3.386 3.528 3.686 3.795 3.859 3.873 3.726 3.553 3.518 3.560 3.411 3.499 3.418 0.000 
5.250 2.000 0.582 1.168 1.458 1.911 2.010 2.295 2.693 2.946 3.130 3.261 3.401 3.558 3.671 3.743 3.768 3.633 3.472 3.438 3.474 3.327 3.395 3.311 0.000 
5.250 2.510 0.510 1.093 1.371 1.808 1.911 2.192 2.576 2.820 3.002 3.132 3.269 3.425 3.542 3.622 3.657 3.534 3.384 3.351 3.382 3.238 3.285 3.199 0.000 
5.250 3.160 0.433 1.012 1.279 1.701 1.808 2.085 2.455 2.690 2.870 2.998 3.134 3.288 3.408 3.495 3.541 3.430 3.291 3.259 3.284 3.142 3.169 3.080 0.000 
5.250 3.980 0.352 0.927 1.182 1.590 1.702 1.975 2.331 2.556 2.735 2.861 2.995 3.147 3.270 3.364 3.419 3.319 3.191 3.160 3.180 3.040 3.047 2.957 0.000 
5.250 5.010 0.268 0.837 1.082 1.477 1.593 1.862 2.205 2.420 2.597 2.721 2.853 3.003 3.128 3.228 3.292 3.203 3.086 3.056 3.070 2.932 2.920 2.828 0.000 
5.250 6.310 0.180 0.743 0.979 1.361 1.481 1.746 2.075 2.281 2.456 2.578 2.708 2.856 2.983 3.088 3.161 3.082 2.975 2.945 2.954 2.817 2.787 2.694 0.000 
5.250 7.940 0.089 0.645 0.873 1.242 1.366 1.628 1.944 2.141 2.312 2.433 2.561 2.707 2.835 2.945 3.025 2.955 2.859 2.829 2.832 2.697 2.648 2.555 0.000 
5.250 10.000 -0.005 0.544 0.764 1.122 1.250 1.508 1.810 1.998 2.167 2.286 2.411 2.555 2.684 2.798 2.885 2.824 2.738 2.708 2.704 2.571 2.505 2.413 0.000 
5.250 12.590 -0.100 0.440 0.653 1.000 1.131 1.386 1.675 1.854 2.019 2.137 2.260 2.401 2.531 2.649 2.742 2.688 2.612 2.581 2.571 2.439 2.358 2.266 0.000 
5.250 15.850 -0.198 0.333 0.539 0.876 1.011 1.263 1.538 1.708 1.870 1.986 2.107 2.245 2.375 2.496 2.595 2.549 2.481 2.450 2.433 2.302 2.205 2.115 0.000 
5.250 19.950 -0.297 0.224 0.424 0.751 0.890 1.138 1.400 1.561 1.719 1.833 1.953 2.087 2.217 2.341 2.445 2.405 2.346 2.313 2.289 2.159 2.048 1.961 0.000 
5.250 25.120 -0.398 0.112 0.307 0.625 0.767 1.011 1.259 1.412 1.566 1.679 1.796 1.927 2.058 2.183 2.291 2.256 2.205 2.171 2.140 2.010 1.886 1.802 0.000 
5.250 31.620 -0.501 -0.002 0.188 0.497 0.642 0.883 1.117 1.261 1.411 1.522 1.638 1.766 1.895 2.022 2.134 2.103 2.060 2.023 1.985 1.854 1.718 1.639 0.000 
5.250 39.810 -0.606 -0.119 0.067 0.367 0.515 0.753 0.973 1.109 1.254 1.364 1.477 1.601 1.730 1.858 1.973 1.945 1.909 1.869 1.823 1.691 1.545 1.470 0.000 
5.250 50.120 -0.714 -0.238 -0.057 0.236 0.386 0.621 0.827 0.954 1.095 1.203 1.314 1.434 1.562 1.690 1.806 1.781 1.751 1.707 1.653 1.520 1.364 1.295 0.000 
5.250 63.100 -0.825 -0.361 -0.183 0.102 0.254 0.486 0.677 0.796 0.933 1.039 1.147 1.264 1.390 1.518 1.635 1.610 1.586 1.537 1.473 1.338 1.174 1.114 0.000 
5.250 79.430 -0.939 -0.488 -0.313 -0.034 0.120 0.347 0.524 0.635 0.768 0.871 0.977 1.089 1.214 1.340 1.456 1.431 1.411 1.357 1.282 1.144 0.974 0.923 0.000 
5.250 100.000 -1.058 -0.620 -0.446 -0.172 -0.018 0.205 0.367 0.471 0.598 0.699 0.802 0.910 1.032 1.156 1.270 1.242 1.225 1.163 1.078 0.934 0.761 0.722 0.000 
5.250 125.890 -1.182 -0.757 -0.584 -0.314 -0.160 0.059 0.204 0.301 0.423 0.521 0.621 0.724 0.844 0.963 1.073 1.040 1.025 0.954 0.855 0.706 0.532 0.507 0.000 
5.250 158.490 -1.313 -0.902 -0.728 -0.461 -0.309 -0.094 0.035 0.125 0.241 0.337 0.434 0.531 0.647 0.761 0.864 0.823 0.807 0.725 0.612 0.454 0.284 0.275 0.000 
5.250 199.530 -1.453 -1.055 -0.879 -0.613 -0.464 -0.255 -0.142 -0.058 0.051 0.143 0.237 0.328 0.440 0.546 0.639 0.587 0.567 0.472 0.342 0.174 0.010 0.023 0.000 
5.250 251.190 -1.604 -1.220 -1.039 -0.772 -0.627 -0.424 -0.330 -0.251 -0.148 -0.061 0.029 0.113 0.220 0.315 0.394 0.326 0.299 0.188 0.038 -0.144 -0.295 -0.256 0.000 
5.250 316.230 -1.769 -1.398 -1.211 -0.940 -0.802 -0.606 -0.531 -0.456 -0.361 -0.278 -0.193 -0.116 -0.017 0.065 0.125 0.035 -0.003 -0.134 -0.309 -0.507 -0.639 -0.567 0.000 
5.250 398.110 -1.951 -1.594 -1.397 -1.118 -0.990 -0.802 -0.748 -0.677 -0.590 -0.513 -0.433 -0.365 -0.275 -0.210 -0.175 -0.295 -0.348 -0.505 -0.708 -0.928 -1.032 -0.920 0.000 
5.250 501.190 -2.155 -1.812 -1.601 -1.310 -1.196 -1.016 -0.986 -0.916 -0.839 -0.769 -0.695 -0.638 -0.558 -0.517 -0.514 -0.672 -0.747 -0.937 -1.173 -1.422 -1.487 -1.325 0.000 
5.250 630.960 -2.387 -2.058 -1.827 -1.519 -1.423 -1.254 -1.251 -1.180 -1.114 -1.051 -0.986 -0.940 -0.875 -0.862 -0.903 -1.110 -1.215 -1.445 -1.723 -2.007 -2.020 -1.796 0.000 
5.250 794.330 -2.653 -2.337 -2.082 -1.750 -1.678 -1.522 -1.547 -1.473 -1.421 -1.368 -1.311 -1.280 -1.232 -1.258 -1.352 -1.623 -1.770 -2.050 -2.378 -2.707 -2.651 -2.348 0.000 
5.250 1000.000 -2.963 -2.661 -2.373 -2.007 -1.967 -1.826 -1.885 -1.805 -1.768 -1.727 -1.681 -1.668 -1.641 -1.715 -1.880 -2.233 -2.433 -2.775 -3.166 -3.552 -3.405 -3.005 0.000 
5.500 1.000 0.892 1.479 1.829 2.342 2.428 2.725 3.153 3.428 3.594 3.726 3.866 4.014 4.100 4.135 4.114 3.928 3.724 3.678 3.723 3.563 3.697 3.633 0.000 
5.500 1.260 0.843 1.428 1.765 2.260 2.350 2.643 3.057 3.322 3.488 3.618 3.755 3.903 3.994 4.037 4.026 3.852 3.659 3.614 3.653 3.495 3.611 3.545 0.000 
5.500 1.580 0.788 1.371 1.695 2.173 2.267 2.554 2.955 3.210 3.376 3.504 3.639 3.787 3.881 3.933 3.933 3.771 3.589 3.545 3.579 3.423 3.519 3.451 0.000 
5.500 2.000 0.727 1.308 1.619 2.080 2.179 2.461 2.848 3.093 3.259 3.385 3.518 3.664 3.764 3.823 3.834 3.684 3.513 3.470 3.499 3.346 3.422 3.351 0.000 
5.500 2.510 0.662 1.240 1.537 1.982 2.085 2.363 2.736 2.971 3.137 3.261 3.391 3.537 3.640 3.708 3.729 3.591 3.432 3.390 3.414 3.263 3.318 3.245 0.000 
5.500 3.160 0.591 1.165 1.450 1.879 1.987 2.260 2.620 2.845 3.010 3.132 3.260 3.404 3.512 3.587 3.618 3.492 3.344 3.304 3.323 3.174 3.209 3.133 0.000 
5.500 3.980 0.515 1.085 1.359 1.773 1.885 2.154 2.500 2.715 2.879 2.999 3.125 3.268 3.378 3.460 3.501 3.387 3.251 3.212 3.225 3.079 3.093 3.016 0.000 
5.500 5.010 0.435 1.001 1.263 1.663 1.779 2.044 2.376 2.582 2.744 2.862 2.987 3.127 3.241 3.329 3.379 3.276 3.151 3.113 3.121 2.977 2.971 2.892 0.000 
5.500 6.310 0.351 0.911 1.163 1.549 1.670 1.930 2.250 2.446 2.606 2.722 2.845 2.983 3.099 3.193 3.252 3.159 3.045 3.008 3.011 2.869 2.844 2.763 0.000 
5.500 7.940 0.264 0.817 1.060 1.433 1.558 1.815 2.120 2.308 2.465 2.580 2.700 2.837 2.954 3.053 3.120 3.037 2.934 2.897 2.894 2.754 2.710 2.629 0.000 
5.500 10.000 0.174 0.719 0.953 1.315 1.443 1.697 1.989 2.167 2.322 2.435 2.553 2.687 2.806 2.909 2.984 2.910 2.817 2.781 2.771 2.633 2.572 2.490 0.000 
5.500 12.590 0.081 0.618 0.844 1.194 1.326 1.576 1.855 2.024 2.176 2.287 2.403 2.535 2.655 2.762 2.843 2.777 2.694 2.658 2.643 2.506 2.428 2.347 0.000 
5.500 15.850 -0.015 0.514 0.733 1.072 1.208 1.454 1.720 1.880 2.028 2.138 2.252 2.380 2.501 2.612 2.699 2.640 2.567 2.530 2.508 2.373 2.278 2.199 0.000 
5.500 19.950 -0.113 0.407 0.619 0.948 1.087 1.330 1.582 1.733 1.878 1.986 2.098 2.224 2.345 2.458 2.551 2.499 2.434 2.396 2.368 2.233 2.124 2.047 0.000 
5.500 25.120 -0.212 0.297 0.503 0.822 0.965 1.205 1.443 1.585 1.727 1.832 1.942 2.065 2.186 2.302 2.399 2.352 2.296 2.257 2.221 2.087 1.964 1.890 0.000 
5.500 31.620 -0.314 0.184 0.385 0.695 0.841 1.077 1.301 1.435 1.573 1.677 1.785 1.904 2.025 2.142 2.243 2.201 2.153 2.111 2.068 1.934 1.798 1.728 0.000 
5.500 39.810 -0.419 0.068 0.264 0.566 0.714 0.947 1.157 1.283 1.416 1.519 1.624 1.740 1.860 1.979 2.082 2.044 2.003 1.958 1.908 1.772 1.626 1.561 0.000 
5.500 50.120 -0.526 -0.051 0.141 0.435 0.586 0.815 1.011 1.128 1.258 1.358 1.461 1.573 1.693 1.812 1.917 1.881 1.847 1.798 1.739 1.602 1.446 1.387 0.000 
5.500 63.100 -0.636 -0.173 0.016 0.302 0.455 0.681 0.862 0.971 1.096 1.194 1.295 1.403 1.521 1.640 1.746 1.711 1.682 1.629 1.561 1.422 1.258 1.206 0.000 
5.500 79.430 -0.750 -0.300 -0.113 0.166 0.321 0.543 0.710 0.811 0.931 1.027 1.125 1.229 1.346 1.463 1.568 1.533 1.508 1.450 1.371 1.229 1.058 1.016 0.000 
5.500 100.000 -0.868 -0.431 -0.246 0.028 0.183 0.401 0.553 0.646 0.761 0.855 0.951 1.050 1.164 1.279 1.382 1.344 1.323 1.257 1.167 1.020 0.846 0.815 0.000 
5.500 125.890 -0.992 -0.568 -0.384 -0.114 0.041 0.254 0.390 0.477 0.586 0.678 0.770 0.865 0.976 1.087 1.186 1.143 1.123 1.049 0.946 0.793 0.618 0.601 0.000 
5.500 158.490 -1.123 -0.712 -0.528 -0.261 -0.107 0.102 0.221 0.301 0.405 0.493 0.583 0.672 0.779 0.884 0.977 0.926 0.905 0.820 0.703 0.542 0.370 0.370 0.000 
5.500 199.530 -1.263 -0.865 -0.679 -0.413 -0.262 -0.058 0.044 0.118 0.215 0.300 0.386 0.469 0.572 0.670 0.752 0.690 0.666 0.567 0.433 0.261 0.096 0.118 0.000 
5.500 251.190 -1.414 -1.030 -0.839 -0.572 -0.426 -0.228 -0.144 -0.075 0.016 0.096 0.178 0.254 0.352 0.439 0.508 0.429 0.398 0.284 0.129 -0.056 -0.208 -0.161 0.000 
5.500 316.230 -1.579 -1.208 -1.010 -0.739 -0.600 -0.409 -0.345 -0.280 -0.197 -0.121 -0.044 0.025 0.115 0.189 0.238 0.138 0.097 -0.039 -0.217 -0.419 -0.552 -0.472 0.000 
5.500 398.110 -1.761 -1.404 -1.196 -0.917 -0.789 -0.605 -0.562 -0.501 -0.426 -0.356 -0.284 -0.224 -0.142 -0.086 -0.062 -0.191 -0.248 -0.409 -0.616 -0.840 -0.945 -0.825 0.000 
5.500 501.190 -1.965 -1.622 -1.400 -1.109 -0.994 -0.820 -0.800 -0.740 -0.675 -0.611 -0.546 -0.497 -0.426 -0.393 -0.401 -0.568 -0.648 -0.841 -1.081 -1.333 -1.400 -1.230 0.000 
5.500 630.960 -2.196 -1.867 -1.627 -1.318 -1.222 -1.058 -1.064 -1.004 -0.950 -0.894 -0.836 -0.799 -0.742 -0.738 -0.789 -1.006 -1.116 -1.349 -1.631 -1.918 -1.933 -1.700 0.000 
5.500 794.330 -2.462 -2.147 -1.882 -1.549 -1.476 -1.325 -1.361 -1.297 -1.257 -1.211 -1.162 -1.139 -1.099 -1.133 -1.239 -1.519 -1.670 -1.953 -2.286 -2.618 -2.564 -2.253 0.000 
5.500 1000.000 -2.772 -2.470 -2.173 -1.806 -1.765 -1.629 -1.699 -1.629 -1.604 -1.570 -1.532 -1.527 -1.508 -1.590 -1.766 -2.128 -2.333 -2.679 -3.073 -3.463 -3.318 -2.909 0.000 
5.750 1.000 1.013 1.595 1.963 2.486 2.570 2.865 3.283 3.549 3.698 3.825 3.960 4.098 4.170 4.196 4.163 3.966 3.753 3.699 3.736 3.569 3.709 3.655 0.000 
5.750 1.260 0.969 1.549 1.905 2.410 2.499 2.789 3.193 3.450 3.599 3.723 3.856 3.993 4.070 4.104 4.081 3.895 3.693 3.639 3.671 3.507 3.628 3.572 0.000 
5.750 1.580 0.920 1.499 1.841 2.329 2.422 2.707 3.098 3.344 3.494 3.616 3.746 3.883 3.965 4.006 3.994 3.819 3.628 3.575 3.602 3.440 3.542 3.485 0.000 
5.750 2.000 0.867 1.443 1.772 2.242 2.340 2.619 2.997 3.233 3.383 3.503 3.631 3.767 3.854 3.903 3.901 3.737 3.558 3.507 3.528 3.368 3.451 3.392 0.000 
5.750 2.510 0.807 1.381 1.696 2.149 2.252 2.527 2.890 3.117 3.267 3.385 3.510 3.646 3.736 3.793 3.802 3.650 3.482 3.432 3.449 3.292 3.354 3.292 0.000 
5.750 3.160 0.743 1.313 1.616 2.052 2.159 2.429 2.779 2.996 3.146 3.262 3.385 3.519 3.614 3.678 3.697 3.557 3.401 3.353 3.364 3.209 3.251 3.187 0.000 
5.750 3.980 0.673 1.239 1.529 1.949 2.061 2.327 2.664 2.871 3.020 3.134 3.254 3.387 3.486 3.557 3.586 3.458 3.313 3.267 3.273 3.121 3.142 3.076 0.000 
5.750 5.010 0.598 1.160 1.438 1.843 1.959 2.221 2.544 2.741 2.889 3.001 3.120 3.251 3.353 3.431 3.469 3.352 3.220 3.174 3.176 3.026 3.027 2.959 0.000 
5.750 6.310 0.519 1.075 1.342 1.733 1.854 2.111 2.421 2.609 2.755 2.865 2.981 3.111 3.216 3.300 3.347 3.241 3.119 3.075 3.072 2.924 2.905 2.836 0.000 
5.750 7.940 0.436 0.986 1.243 1.620 1.745 1.998 2.294 2.473 2.617 2.726 2.839 2.967 3.074 3.164 3.219 3.123 3.013 2.970 2.961 2.815 2.777 2.707 0.000 
5.750 10.000 0.349 0.892 1.140 1.504 1.633 1.882 2.165 2.334 2.476 2.583 2.695 2.820 2.929 3.023 3.086 3.000 2.901 2.858 2.844 2.700 2.644 2.572 0.000 
5.750 12.590 0.259 0.795 1.033 1.385 1.518 1.764 2.033 2.193 2.333 2.438 2.547 2.670 2.781 2.879 2.949 2.872 2.782 2.741 2.720 2.578 2.504 2.433 0.000 
5.750 15.850 0.166 0.693 0.924 1.265 1.401 1.643 1.899 2.050 2.187 2.290 2.397 2.518 2.629 2.731 2.808 2.738 2.658 2.616 2.590 2.450 2.358 2.288 0.000 
5.750 19.950 0.071 0.588 0.812 1.142 1.282 1.520 1.763 1.905 2.038 2.140 2.245 2.363 2.475 2.580 2.662 2.599 2.529 2.486 2.453 2.314 2.207 2.139 0.000 
5.750 25.120 -0.027 0.480 0.697 1.017 1.161 1.396 1.624 1.758 1.888 1.987 2.091 2.205 2.318 2.425 2.512 2.455 2.394 2.350 2.310 2.171 2.050 1.984 0.000 
5.750 31.620 -0.128 0.369 0.580 0.891 1.037 1.269 1.484 1.608 1.735 1.833 1.934 2.045 2.158 2.267 2.357 2.306 2.252 2.207 2.160 2.021 1.886 1.824 0.000 
5.750 39.810 -0.231 0.255 0.461 0.762 0.912 1.140 1.341 1.457 1.579 1.675 1.774 1.882 1.994 2.104 2.198 2.151 2.105 2.056 2.002 1.862 1.716 1.659 0.000 
5.750 50.120 -0.337 0.137 0.339 0.632 0.784 1.008 1.195 1.303 1.421 1.515 1.612 1.716 1.828 1.938 2.034 1.989 1.950 1.898 1.835 1.694 1.538 1.486 0.000 
5.750 63.100 -0.446 0.016 0.214 0.499 0.653 0.874 1.047 1.146 1.260 1.352 1.446 1.546 1.657 1.767 1.864 1.820 1.786 1.730 1.658 1.516 1.350 1.307 0.000 
5.750 79.430 -0.560 -0.110 0.085 0.364 0.520 0.737 0.894 0.986 1.095 1.185 1.277 1.373 1.481 1.590 1.687 1.643 1.613 1.552 1.470 1.324 1.152 1.117 0.000 
5.750 100.000 -0.678 -0.241 -0.047 0.226 0.382 0.595 0.738 0.822 0.926 1.014 1.102 1.194 1.301 1.407 1.501 1.455 1.429 1.360 1.267 1.116 0.941 0.917 0.000 
5.750 125.890 -0.801 -0.377 -0.185 0.084 0.240 0.449 0.575 0.653 0.752 0.836 0.922 1.009 1.113 1.215 1.305 1.254 1.229 1.152 1.046 0.890 0.713 0.703 0.000 
5.750 158.490 -0.932 -0.521 -0.328 -0.062 0.092 0.296 0.407 0.477 0.570 0.652 0.735 0.816 0.916 1.014 1.097 1.038 1.012 0.925 0.804 0.640 0.465 0.473 0.000 
5.750 199.530 -1.072 -0.674 -0.479 -0.214 -0.062 0.136 0.229 0.294 0.381 0.459 0.538 0.613 0.709 0.799 0.872 0.802 0.773 0.672 0.534 0.360 0.192 0.221 0.000 
5.750 251.190 -1.223 -0.839 -0.639 -0.373 -0.226 -0.033 0.042 0.101 0.181 0.255 0.330 0.399 0.489 0.569 0.628 0.541 0.507 0.389 0.231 0.043 -0.112 -0.057 0.000 
5.750 316.230 -1.387 -1.017 -0.810 -0.540 -0.400 -0.214 -0.159 -0.104 -0.031 0.038 0.108 0.169 0.253 0.318 0.359 0.251 0.205 0.067 -0.115 -0.320 -0.455 -0.368 0.000 
5.750 398.110 -1.569 -1.212 -0.996 -0.718 -0.589 -0.410 -0.376 -0.324 -0.260 -0.196 -0.131 -0.079 -0.005 0.043 0.059 -0.078 -0.140 -0.303 -0.513 -0.740 -0.848 -0.721 0.000 
5.750 501.190 -1.773 -1.430 -1.200 -0.910 -0.794 -0.625 -0.614 -0.564 -0.509 -0.452 -0.393 -0.352 -0.288 -0.263 -0.280 -0.455 -0.539 -0.734 -0.979 -1.233 -1.303 -1.126 0.000 
5.750 630.960 -2.004 -1.675 -1.426 -1.119 -1.022 -0.863 -0.878 -0.827 -0.784 -0.735 -0.684 -0.654 -0.604 -0.608 -0.668 -0.893 -1.007 -1.242 -1.528 -1.818 -1.835 -1.596 0.000 
5.750 794.330 -2.270 -1.955 -1.681 -1.350 -1.276 -1.130 -1.175 -1.121 -1.091 -1.051 -1.009 -0.994 -0.961 -1.003 -1.118 -1.406 -1.561 -1.847 -2.183 -2.518 -2.466 -2.148 0.000 
5.750 1000.000 -2.580 -2.278 -1.972 -1.607 -1.565 -1.434 -1.513 -1.452 -1.438 -1.411 -1.379 -1.382 -1.371 -1.460 -1.645 -2.015 -2.224 -2.572 -2.970 -3.362 -3.220 -2.805 0.000 
6.000 1.000 1.128 1.705 2.090 2.620 2.703 2.995 3.403 3.664 3.795 3.917 4.048 4.177 4.237 4.256 4.215 4.008 3.788 3.725 3.756 3.582 3.727 3.679 0.000 
6.000 1.260 1.090 1.665 2.038 2.551 2.639 2.926 3.321 3.571 3.703 3.823 3.951 4.079 4.143 4.170 4.138 3.941 3.732 3.670 3.695 3.524 3.650 3.602 0.000 
6.000 1.580 1.047 1.620 1.981 2.476 2.568 2.851 3.232 3.472 3.605 3.723 3.848 3.976 4.045 4.078 4.056 3.870 3.671 3.610 3.630 3.461 3.570 3.520 0.000 
6.000 2.000 1.000 1.571 1.917 2.395 2.492 2.770 3.138 3.367 3.501 3.617 3.740 3.866 3.940 3.981 3.968 3.793 3.606 3.547 3.562 3.395 3.484 3.433 0.000 
6.000 2.510 0.947 1.515 1.849 2.309 2.411 2.683 3.038 3.257 3.392 3.505 3.625 3.751 3.830 3.878 3.875 3.712 3.536 3.478 3.488 3.324 3.393 3.341 0.000 
6.000 3.160 0.888 1.454 1.774 2.217 2.324 2.591 2.932 3.142 3.277 3.388 3.506 3.631 3.714 3.769 3.776 3.624 3.461 3.404 3.409 3.248 3.297 3.242 0.000 
6.000 3.980 0.825 1.387 1.693 2.120 2.231 2.494 2.822 3.021 3.156 3.265 3.381 3.505 3.592 3.654 3.671 3.531 3.379 3.324 3.325 3.166 3.195 3.138 0.000 
6.000 5.010 0.756 1.314 1.608 2.018 2.134 2.392 2.706 2.897 3.031 3.138 3.251 3.373 3.465 3.533 3.560 3.431 3.291 3.238 3.234 3.077 3.086 3.027 0.000 
6.000 6.310 0.683 1.235 1.517 1.912 2.032 2.286 2.587 2.768 2.901 3.006 3.116 3.238 3.332 3.407 3.443 3.325 3.197 3.146 3.136 2.982 2.970 2.910 0.000 
6.000 7.940 0.604 1.151 1.421 1.802 1.927 2.176 2.464 2.635 2.767 2.870 2.978 3.098 3.195 3.276 3.320 3.213 3.096 3.047 3.032 2.881 2.849 2.787 0.000 
6.000 10.000 0.522 1.062 1.322 1.689 1.818 2.063 2.338 2.499 2.629 2.731 2.837 2.954 3.054 3.139 3.192 3.095 2.989 2.941 2.921 2.772 2.720 2.658 0.000 
6.000 12.590 0.436 0.968 1.219 1.573 1.706 1.947 2.208 2.361 2.489 2.588 2.692 2.807 2.909 2.999 3.059 2.971 2.875 2.828 2.802 2.656 2.585 2.523 0.000 
6.000 15.850 0.346 0.870 1.112 1.454 1.591 1.829 2.076 2.219 2.345 2.442 2.544 2.657 2.760 2.854 2.920 2.841 2.756 2.709 2.677 2.532 2.444 2.382 0.000 
6.000 19.950 0.253 0.768 1.002 1.333 1.473 1.708 1.942 2.076 2.198 2.294 2.393 2.503 2.608 2.705 2.777 2.705 2.630 2.582 2.545 2.401 2.297 2.236 0.000 
6.000 25.120 0.157 0.663 0.889 1.210 1.354 1.584 1.805 1.930 2.049 2.143 2.240 2.347 2.453 2.552 2.630 2.564 2.498 2.450 2.406 2.263 2.143 2.084 0.000 
6.000 31.620 0.058 0.554 0.774 1.084 1.231 1.459 1.665 1.782 1.897 1.990 2.085 2.189 2.294 2.395 2.477 2.417 2.359 2.310 2.259 2.116 1.982 1.927 0.000 
6.000 39.810 -0.043 0.441 0.656 0.957 1.107 1.330 1.523 1.631 1.743 1.833 1.926 2.027 2.132 2.235 2.320 2.264 2.214 2.162 2.103 1.961 1.814 1.763 0.000 
6.000 50.120 -0.148 0.325 0.535 0.827 0.980 1.200 1.378 1.478 1.586 1.674 1.764 1.862 1.966 2.070 2.157 2.104 2.060 2.006 1.939 1.795 1.638 1.593 0.000 
6.000 63.100 -0.257 0.204 0.410 0.695 0.850 1.066 1.230 1.321 1.425 1.512 1.599 1.693 1.796 1.899 1.988 1.936 1.899 1.840 1.764 1.618 1.452 1.414 0.000 
6.000 79.430 -0.369 0.080 0.283 0.560 0.716 0.929 1.078 1.162 1.261 1.345 1.430 1.520 1.622 1.724 1.811 1.760 1.727 1.663 1.577 1.428 1.255 1.226 0.000 
6.000 100.000 -0.487 -0.050 0.151 0.423 0.579 0.788 0.922 0.998 1.092 1.174 1.256 1.341 1.441 1.541 1.627 1.573 1.543 1.472 1.376 1.222 1.045 1.027 0.000 
6.000 125.890 -0.610 -0.186 0.014 0.281 0.438 0.642 0.760 0.829 0.918 0.997 1.077 1.156 1.254 1.350 1.431 1.373 1.345 1.266 1.156 0.997 0.818 0.814 0.000 
6.000 158.490 -0.740 -0.330 -0.129 0.135 0.290 0.489 0.591 0.653 0.737 0.813 0.889 0.964 1.058 1.148 1.223 1.157 1.129 1.039 0.914 0.748 0.571 0.584 0.000 
6.000 199.530 -0.880 -0.482 -0.280 -0.017 0.136 0.329 0.414 0.470 0.548 0.620 0.693 0.762 0.851 0.934 0.999 0.922 0.890 0.787 0.646 0.469 0.299 0.332 0.000 
6.000 251.190 -1.030 -0.646 -0.440 -0.175 -0.028 0.160 0.227 0.278 0.348 0.417 0.485 0.547 0.631 0.704 0.755 0.662 0.624 0.504 0.343 0.153 -0.005 0.054 0.000 
6.000 316.230 -1.194 -0.824 -0.611 -0.342 -0.202 -0.021 0.026 0.073 0.136 0.200 0.264 0.318 0.395 0.454 0.487 0.371 0.323 0.183 -0.002 -0.210 -0.348 -0.256 0.000 
6.000 398.110 -1.376 -1.020 -0.797 -0.521 -0.390 -0.217 -0.191 -0.147 -0.093 -0.035 0.024 0.069 0.138 0.179 0.187 0.042 -0.022 -0.187 -0.400 -0.630 -0.741 -0.609 0.000 
6.000 501.190 -1.580 -1.237 -1.000 -0.712 -0.596 -0.431 -0.429 -0.387 -0.342 -0.290 -0.238 -0.203 -0.146 -0.127 -0.152 -0.334 -0.421 -0.618 -0.865 -1.123 -1.195 -1.013 0.000 
6.000 630.960 -1.811 -1.482 -1.227 -0.921 -0.823 -0.669 -0.693 -0.650 -0.616 -0.573 -0.528 -0.505 -0.462 -0.473 -0.540 -0.772 -0.889 -1.126 -1.414 -1.707 -1.728 -1.483 0.000 
6.000 794.330 -2.077 -1.762 -1.482 -1.152 -1.078 -0.936 -0.989 -0.944 -0.923 -0.890 -0.854 -0.845 -0.819 -0.868 -0.990 -1.285 -1.443 -1.730 -2.069 -2.407 -2.358 -2.036 0.000 
6.000 1000.000 -2.387 -2.085 -1.773 -1.409 -1.367 -1.241 -1.327 -1.275 -1.270 -1.249 -1.224 -1.233 -1.228 -1.325 -1.517 -1.894 -2.105 -2.455 -2.856 -3.251 -3.112 -2.692 0.000 
6.250 1.000 1.239 1.810 2.210 2.747 2.827 3.118 3.516 3.770 3.886 4.005 4.132 4.252 4.301 4.317 4.269 4.055 3.828 3.758 3.782 3.603 3.750 3.707 0.000 
6.250 1.260 1.206 1.775 2.163 2.684 2.769 3.054 3.440 3.684 3.801 3.917 4.042 4.161 4.214 4.235 4.196 3.992 3.775 3.706 3.725 3.547 3.677 3.634 0.000 
6.250 1.580 1.169 1.736 2.112 2.615 2.706 2.986 3.358 3.592 3.709 3.823 3.946 4.064 4.122 4.149 4.119 3.925 3.719 3.650 3.664 3.489 3.601 3.557 0.000 
6.250 2.000 1.127 1.693 2.055 2.541 2.636 2.911 3.270 3.494 3.613 3.724 3.844 3.962 4.024 4.058 4.037 3.853 3.659 3.591 3.600 3.427 3.521 3.476 0.000 
6.250 2.510 1.080 1.644 1.993 2.460 2.561 2.831 3.177 3.391 3.510 3.619 3.736 3.853 3.920 3.961 3.950 3.776 3.594 3.528 3.531 3.361 3.436 3.390 0.000 
6.250 3.160 1.028 1.589 1.925 2.374 2.480 2.745 3.078 3.281 3.401 3.508 3.623 3.739 3.811 3.859 3.856 3.695 3.524 3.459 3.458 3.290 3.346 3.298 0.000 
6.250 3.980 0.971 1.528 1.850 2.283 2.393 2.653 2.973 3.167 3.287 3.392 3.504 3.619 3.696 3.750 3.757 3.607 3.448 3.385 3.380 3.214 3.250 3.200 0.000 
6.250 5.010 0.908 1.462 1.771 2.186 2.301 2.557 2.863 3.047 3.168 3.270 3.379 3.494 3.574 3.635 3.652 3.513 3.366 3.306 3.295 3.133 3.147 3.096 0.000 
6.250 6.310 0.841 1.389 1.685 2.085 2.204 2.455 2.749 2.922 3.043 3.143 3.250 3.363 3.448 3.515 3.541 3.413 3.278 3.219 3.204 3.044 3.039 2.985 0.000 
6.250 7.940 0.768 1.311 1.595 1.979 2.103 2.350 2.630 2.794 2.914 3.012 3.116 3.228 3.316 3.388 3.423 3.306 3.183 3.126 3.106 2.949 2.923 2.868 0.000 
6.250 10.000 0.691 1.227 1.500 1.869 1.998 2.240 2.507 2.661 2.780 2.877 2.978 3.088 3.179 3.257 3.300 3.193 3.081 3.027 3.001 2.847 2.801 2.745 0.000 
6.250 12.590 0.609 1.138 1.400 1.756 1.889 2.127 2.381 2.526 2.643 2.737 2.836 2.944 3.038 3.120 3.171 3.074 2.973 2.920 2.889 2.737 2.672 2.616 0.000 
6.250 15.850 0.523 1.045 1.297 1.640 1.777 2.011 2.251 2.387 2.502 2.594 2.691 2.797 2.892 2.979 3.037 2.948 2.858 2.806 2.770 2.620 2.536 2.480 0.000 
6.250 19.950 0.433 0.946 1.190 1.521 1.661 1.892 2.118 2.245 2.358 2.448 2.543 2.646 2.743 2.833 2.897 2.816 2.736 2.684 2.643 2.494 2.393 2.338 0.000 
6.250 25.120 0.340 0.844 1.079 1.399 1.543 1.770 1.983 2.101 2.210 2.299 2.391 2.492 2.590 2.683 2.752 2.679 2.608 2.556 2.508 2.361 2.243 2.190 0.000 
6.250 31.620 0.244 0.737 0.966 1.275 1.422 1.646 1.845 1.954 2.060 2.147 2.237 2.335 2.433 2.528 2.602 2.534 2.472 2.419 2.365 2.218 2.086 2.035 0.000 
6.250 39.810 0.144 0.627 0.849 1.149 1.299 1.519 1.704 1.804 1.907 1.992 2.080 2.174 2.273 2.369 2.447 2.383 2.329 2.275 2.213 2.066 1.920 1.874 0.000 
6.250 50.120 0.040 0.512 0.729 1.020 1.173 1.389 1.560 1.652 1.751 1.834 1.919 2.010 2.108 2.206 2.285 2.226 2.179 2.121 2.051 1.904 1.746 1.706 0.000 
6.250 63.100 -0.067 0.393 0.606 0.889 1.044 1.256 1.413 1.496 1.591 1.672 1.755 1.842 1.939 2.037 2.118 2.060 2.019 1.957 1.879 1.730 1.563 1.529 0.000 
6.250 79.430 -0.178 0.270 0.479 0.755 0.911 1.119 1.261 1.337 1.428 1.507 1.587 1.669 1.766 1.862 1.942 1.885 1.849 1.782 1.694 1.542 1.367 1.342 0.000 
6.250 100.000 -0.295 0.141 0.348 0.617 0.775 0.979 1.105 1.174 1.260 1.336 1.413 1.492 1.586 1.680 1.759 1.699 1.666 1.593 1.494 1.338 1.158 1.144 0.000 
6.250 125.890 -0.417 0.006 0.211 0.476 0.633 0.833 0.944 1.005 1.086 1.159 1.234 1.307 1.399 1.489 1.564 1.499 1.469 1.388 1.276 1.114 0.933 0.932 0.000 
6.250 158.490 -0.547 -0.137 0.068 0.330 0.486 0.681 0.776 0.830 0.905 0.976 1.047 1.115 1.203 1.288 1.356 1.284 1.253 1.162 1.035 0.866 0.686 0.702 0.000 
6.250 199.530 -0.686 -0.289 -0.082 0.179 0.332 0.521 0.599 0.647 0.716 0.783 0.851 0.913 0.997 1.074 1.133 1.050 1.015 0.911 0.767 0.588 0.415 0.452 0.000 
6.250 251.190 -0.836 -0.453 -0.241 0.021 0.169 0.352 0.411 0.455 0.517 0.580 0.643 0.699 0.778 0.844 0.889 0.790 0.749 0.629 0.465 0.272 0.112 0.174 0.000 
6.250 316.230 -1.001 -0.630 -0.412 -0.146 -0.006 0.171 0.211 0.250 0.305 0.363 0.422 0.470 0.541 0.595 0.621 0.500 0.449 0.308 0.121 -0.089 -0.231 -0.136 0.000 
6.250 398.110 -1.182 -0.826 -0.598 -0.325 -0.194 -0.025 -0.006 0.030 0.076 0.129 0.182 0.221 0.284 0.320 0.321 0.172 0.105 -0.062 -0.277 -0.509 -0.623 -0.488 0.000 
6.250 501.190 -1.386 -1.043 -0.801 -0.516 -0.399 -0.239 -0.244 -0.209 -0.173 -0.127 -0.080 -0.051 0.001 0.014 -0.017 -0.205 -0.294 -0.493 -0.742 -1.001 -1.077 -0.892 0.000 
6.250 630.960 -1.617 -1.288 -1.027 -0.725 -0.626 -0.477 -0.508 -0.472 -0.447 -0.409 -0.370 -0.353 -0.315 -0.331 -0.405 -0.642 -0.762 -1.000 -1.291 -1.586 -1.610 -1.362 0.000 
6.250 794.330 -1.883 -1.567 -1.282 -0.955 -0.881 -0.744 -0.804 -0.766 -0.754 -0.726 -0.695 -0.693 -0.672 -0.726 -0.855 -1.156 -1.315 -1.604 -1.945 -2.285 -2.240 -1.915 0.000 
6.250 1000.000 -2.192 -1.891 -1.573 -1.213 -1.170 -1.048 -1.142 -1.098 -1.101 -1.085 -1.065 -1.080 -1.081 -1.183 -1.382 -1.764 -1.978 -2.329 -2.732 -3.129 -2.994 -2.571 0.000 
6.500 1.000 1.347 1.912 2.323 2.866 2.944 3.232 3.621 3.870 3.972 4.087 4.212 4.325 4.364 4.378 4.327 4.108 3.874 3.798 3.816 3.631 3.779 3.738 0.000 
6.500 1.260 1.318 1.882 2.282 2.808 2.891 3.174 3.551 3.790 3.892 4.005 4.128 4.239 4.282 4.301 4.257 4.047 3.824 3.748 3.761 3.578 3.710 3.669 0.000 
6.500 1.580 1.285 1.847 2.236 2.746 2.834 3.112 3.476 3.705 3.807 3.918 4.038 4.149 4.196 4.220 4.185 3.984 3.772 3.696 3.704 3.523 3.638 3.597 0.000 
6.500 2.000 1.248 1.809 2.186 2.677 2.771 3.044 3.395 3.614 3.717 3.826 3.943 4.053 4.104 4.135 4.107 3.916 3.715 3.641 3.644 3.465 3.562 3.521 0.000 
6.500 2.510 1.207 1.766 2.130 2.604 2.702 2.970 3.308 3.517 3.621 3.728 3.842 3.951 4.007 4.044 4.025 3.845 3.655 3.582 3.580 3.403 3.483 3.440 0.000 
6.500 3.160 1.162 1.718 2.068 2.524 2.627 2.891 3.216 3.414 3.520 3.624 3.735 3.844 3.905 3.947 3.938 3.768 3.590 3.518 3.511 3.338 3.398 3.354 0.000 
6.500 3.980 1.111 1.664 2.000 2.438 2.547 2.805 3.117 3.306 3.412 3.514 3.622 3.730 3.796 3.845 3.845 3.686 3.520 3.450 3.438 3.267 3.308 3.263 0.000 
6.500 5.010 1.055 1.604 1.927 2.347 2.461 2.714 3.013 3.192 3.299 3.398 3.504 3.611 3.682 3.736 3.745 3.598 3.443 3.376 3.360 3.191 3.212 3.165 0.000 
6.500 6.310 0.993 1.538 1.847 2.251 2.370 2.618 2.904 3.072 3.180 3.277 3.380 3.486 3.561 3.622 3.640 3.503 3.361 3.296 3.275 3.109 3.110 3.062 0.000 
6.500 7.940 0.926 1.466 1.762 2.150 2.273 2.517 2.790 2.949 3.056 3.151 3.251 3.356 3.435 3.501 3.528 3.402 3.272 3.209 3.184 3.021 3.001 2.951 0.000 
6.500 10.000 0.854 1.388 1.672 2.044 2.172 2.412 2.671 2.820 2.927 3.020 3.118 3.221 3.303 3.375 3.410 3.295 3.177 3.116 3.086 2.926 2.885 2.834 0.000 
6.500 12.590 0.778 1.304 1.577 1.935 2.067 2.302 2.549 2.688 2.794 2.885 2.980 3.081 3.167 3.243 3.286 3.181 3.074 3.015 2.980 2.822 2.762 2.711 0.000 
6.500 15.850 0.696 1.216 1.477 1.821 1.958 2.189 2.422 2.552 2.657 2.745 2.838 2.937 3.025 3.106 3.156 3.060 2.964 2.907 2.867 2.711 2.632 2.580 0.000 
6.500 19.950 0.610 1.122 1.374 1.705 1.845 2.072 2.292 2.413 2.516 2.602 2.692 2.789 2.879 2.964 3.020 2.932 2.847 2.791 2.745 2.592 2.494 2.443 0.000 
6.500 25.120 0.521 1.023 1.266 1.585 1.729 1.953 2.159 2.270 2.371 2.456 2.543 2.638 2.729 2.816 2.879 2.798 2.723 2.667 2.615 2.464 2.349 2.299 0.000 
6.500 31.620 0.427 0.919 1.155 1.463 1.610 1.830 2.023 2.125 2.223 2.306 2.391 2.483 2.575 2.665 2.732 2.657 2.591 2.535 2.477 2.326 2.195 2.149 0.000 
6.500 39.810 0.330 0.811 1.040 1.338 1.488 1.704 1.883 1.977 2.071 2.152 2.235 2.324 2.416 2.508 2.579 2.509 2.452 2.394 2.329 2.179 2.034 1.990 0.000 
6.500 50.120 0.228 0.699 0.922 1.210 1.364 1.576 1.740 1.826 1.917 1.995 2.076 2.161 2.254 2.346 2.419 2.354 2.304 2.244 2.171 2.020 1.863 1.825 0.000 
6.500 63.100 0.123 0.582 0.800 1.080 1.235 1.444 1.594 1.671 1.758 1.835 1.913 1.994 2.086 2.178 2.253 2.190 2.146 2.083 2.002 1.849 1.681 1.650 0.000 
6.500 79.430 0.012 0.460 0.674 0.947 1.104 1.308 1.443 1.513 1.595 1.670 1.745 1.822 1.913 2.005 2.079 2.016 1.978 1.910 1.819 1.664 1.488 1.465 0.000 
6.500 100.000 -0.103 0.332 0.543 0.810 0.968 1.168 1.288 1.350 1.428 1.500 1.572 1.645 1.734 1.823 1.897 1.832 1.797 1.723 1.621 1.462 1.281 1.268 0.000 
6.500 125.890 -0.225 0.198 0.408 0.670 0.827 1.022 1.127 1.182 1.255 1.324 1.393 1.462 1.548 1.634 1.703 1.634 1.601 1.519 1.404 1.240 1.056 1.057 0.000 
6.500 158.490 -0.354 0.056 0.266 0.524 0.680 0.871 0.959 1.007 1.075 1.141 1.207 1.270 1.353 1.433 1.496 1.420 1.386 1.294 1.165 0.994 0.811 0.829 0.000 
6.500 199.530 -0.492 -0.096 0.116 0.373 0.526 0.711 0.783 0.824 0.886 0.949 1.011 1.068 1.148 1.220 1.273 1.185 1.149 1.044 0.899 0.717 0.540 0.579 0.000 
6.500 251.190 -0.642 -0.259 -0.043 0.215 0.363 0.542 0.596 0.632 0.687 0.746 0.804 0.855 0.928 0.991 1.030 0.927 0.884 0.763 0.598 0.403 0.238 0.302 0.000 
6.500 316.230 -0.806 -0.436 -0.214 0.048 0.189 0.362 0.395 0.428 0.475 0.529 0.583 0.625 0.692 0.741 0.762 0.637 0.584 0.442 0.254 0.042 -0.104 -0.008 0.000 
6.500 398.110 -0.987 -0.631 -0.399 -0.130 0.001 0.166 0.178 0.208 0.247 0.295 0.343 0.377 0.436 0.467 0.463 0.309 0.240 0.073 -0.144 -0.377 -0.496 -0.359 0.000 
6.500 501.190 -1.190 -0.848 -0.603 -0.321 -0.204 -0.048 -0.059 -0.031 -0.002 0.039 0.081 0.105 0.153 0.161 0.124 -0.068 -0.158 -0.357 -0.608 -0.869 -0.950 -0.763 0.000 
6.500 630.960 -1.421 -1.092 -0.829 -0.530 -0.431 -0.286 -0.323 -0.295 -0.276 -0.243 -0.208 -0.197 -0.163 -0.184 -0.263 -0.504 -0.625 -0.864 -1.156 -1.453 -1.482 -1.233 0.000 
6.500 794.330 -1.687 -1.372 -1.083 -0.760 -0.685 -0.553 -0.619 -0.588 -0.583 -0.560 -0.534 -0.537 -0.520 -0.579 -0.713 -1.017 -1.179 -1.468 -1.810 -2.152 -2.112 -1.785 0.000 
6.500 1000.000 -1.996 -1.695 -1.374 -1.018 -0.974 -0.857 -0.957 -0.920 -0.930 -0.919 -0.904 -0.924 -0.929 -1.036 -1.239 -1.626 -1.841 -2.193 -2.597 -2.996 -2.865 -2.441 0.000 
6.750 1.000 1.451 2.011 2.431 2.977 3.052 3.338 3.719 3.964 4.052 4.164 4.288 4.395 4.426 4.442 4.388 4.166 3.927 3.845 3.858 3.668 3.816 3.775 0.000 
6.750 1.260 1.426 1.984 2.395 2.925 3.005 3.286 3.654 3.890 3.978 4.088 4.209 4.315 4.349 4.369 4.322 4.108 3.880 3.798 3.806 3.618 3.750 3.709 0.000 
6.750 1.580 1.397 1.954 2.354 2.868 2.953 3.230 3.585 3.810 3.899 4.007 4.126 4.230 4.268 4.292 4.253 4.048 3.830 3.749 3.751 3.565 3.681 3.640 0.000 
6.750 2.000 1.365 1.921 2.309 2.806 2.896 3.168 3.511 3.726 3.815 3.921 4.037 4.140 4.182 4.211 4.180 3.984 3.777 3.697 3.694 3.510 3.609 3.568 0.000 
6.750 2.510 1.329 1.883 2.259 2.738 2.834 3.101 3.431 3.636 3.726 3.830 3.943 4.045 4.091 4.126 4.102 3.916 3.721 3.641 3.634 3.452 3.534 3.493 0.000 
6.750 3.160 1.289 1.840 2.203 2.665 2.766 3.028 3.345 3.540 3.632 3.733 3.843 3.944 3.995 4.035 4.020 3.844 3.660 3.582 3.570 3.390 3.454 3.412 0.000 
6.750 3.980 1.244 1.793 2.142 2.586 2.692 2.949 3.254 3.438 3.531 3.630 3.737 3.837 3.894 3.939 3.933 3.767 3.595 3.519 3.502 3.325 3.370 3.327 0.000 
6.750 5.010 1.194 1.739 2.075 2.501 2.613 2.864 3.156 3.330 3.425 3.521 3.625 3.725 3.786 3.837 3.840 3.685 3.524 3.450 3.429 3.254 3.280 3.236 0.000 
6.750 6.310 1.139 1.680 2.002 2.410 2.527 2.774 3.053 3.217 3.312 3.406 3.507 3.606 3.672 3.728 3.740 3.596 3.448 3.376 3.350 3.178 3.184 3.139 0.000 
6.750 7.940 1.079 1.615 1.923 2.314 2.436 2.678 2.944 3.098 3.194 3.286 3.384 3.482 3.552 3.614 3.634 3.501 3.365 3.296 3.265 3.096 3.082 3.035 0.000 
6.750 10.000 1.013 1.543 1.838 2.213 2.340 2.577 2.831 2.975 3.071 3.160 3.256 3.352 3.426 3.493 3.522 3.399 3.275 3.208 3.173 3.007 2.972 2.925 0.000 
6.750 12.590 0.942 1.466 1.748 2.108 2.239 2.472 2.712 2.846 2.942 3.030 3.122 3.217 3.295 3.367 3.403 3.291 3.179 3.114 3.074 2.911 2.856 2.808 0.000 
6.750 15.850 0.865 1.382 1.653 1.998 2.134 2.362 2.589 2.714 2.809 2.894 2.984 3.077 3.158 3.234 3.278 3.175 3.074 3.012 2.967 2.807 2.732 2.683 0.000 
6.750 19.950 0.784 1.293 1.554 1.885 2.024 2.249 2.463 2.578 2.672 2.755 2.842 2.933 3.016 3.096 3.147 3.053 2.963 2.901 2.852 2.694 2.600 2.552 0.000 
6.750 25.120 0.699 1.199 1.449 1.768 1.911 2.132 2.332 2.438 2.530 2.611 2.696 2.785 2.870 2.953 3.009 2.923 2.843 2.783 2.728 2.572 2.460 2.413 0.000 
6.750 31.620 0.608 1.099 1.341 1.648 1.795 2.011 2.198 2.295 2.385 2.464 2.546 2.632 2.718 2.804 2.865 2.786 2.716 2.656 2.595 2.440 2.311 2.266 0.000 
6.750 39.810 0.514 0.994 1.229 1.524 1.675 1.887 2.060 2.149 2.235 2.312 2.392 2.475 2.562 2.650 2.715 2.641 2.580 2.519 2.451 2.297 2.153 2.112 0.000 
6.750 50.120 0.415 0.885 1.112 1.398 1.551 1.760 1.919 1.999 2.082 2.157 2.234 2.314 2.402 2.490 2.558 2.488 2.435 2.373 2.298 2.143 1.986 1.949 0.000 
6.750 63.100 0.311 0.770 0.992 1.269 1.424 1.629 1.774 1.845 1.925 1.998 2.072 2.149 2.236 2.324 2.394 2.327 2.280 2.215 2.132 1.976 1.808 1.777 0.000 
6.750 79.430 0.203 0.650 0.867 1.137 1.293 1.494 1.624 1.688 1.764 1.834 1.906 1.978 2.065 2.152 2.222 2.155 2.114 2.045 1.952 1.794 1.617 1.594 0.000 
6.750 100.000 0.089 0.523 0.738 1.001 1.158 1.355 1.470 1.526 1.597 1.665 1.734 1.802 1.887 1.972 2.041 1.972 1.935 1.860 1.757 1.595 1.412 1.400 0.000 
6.750 125.890 -0.032 0.390 0.603 0.861 1.018 1.210 1.309 1.358 1.425 1.490 1.555 1.619 1.702 1.783 1.848 1.775 1.741 1.658 1.542 1.375 1.189 1.190 0.000 
6.750 158.490 -0.160 0.249 0.462 0.716 0.872 1.059 1.142 1.184 1.245 1.307 1.369 1.428 1.507 1.584 1.642 1.562 1.528 1.435 1.305 1.131 0.945 0.963 0.000 
6.750 199.530 -0.298 0.099 0.313 0.565 0.718 0.900 0.966 1.002 1.057 1.116 1.174 1.227 1.302 1.371 1.420 1.329 1.292 1.186 1.039 0.855 0.676 0.714 0.000 
6.750 251.190 -0.447 -0.064 0.154 0.407 0.556 0.731 0.779 0.810 0.858 0.913 0.967 1.013 1.083 1.142 1.177 1.071 1.027 0.906 0.739 0.543 0.374 0.438 0.000 
6.750 316.230 -0.610 -0.240 -0.016 0.241 0.382 0.551 0.579 0.605 0.647 0.696 0.746 0.785 0.848 0.893 0.910 0.782 0.728 0.586 0.397 0.183 0.033 0.129 0.000 
6.750 398.110 -0.791 -0.435 -0.201 0.063 0.194 0.355 0.362 0.386 0.419 0.463 0.507 0.537 0.591 0.619 0.611 0.454 0.385 0.218 0.000 -0.235 -0.358 -0.222 0.000 
6.750 501.190 -0.994 -0.651 -0.404 -0.128 -0.011 0.141 0.125 0.147 0.170 0.207 0.246 0.265 0.309 0.314 0.273 0.078 -0.013 -0.212 -0.464 -0.727 -0.812 -0.626 0.000 
6.750 630.960 -1.225 -0.896 -0.630 -0.337 -0.238 -0.096 -0.139 -0.116 -0.104 -0.075 -0.044 -0.037 -0.007 -0.031 -0.114 -0.358 -0.480 -0.719 -1.011 -1.310 -1.343 -1.095 0.000 
6.750 794.330 -1.490 -1.175 -0.885 -0.567 -0.492 -0.363 -0.435 -0.410 -0.411 -0.391 -0.369 -0.377 -0.364 -0.426 -0.564 -0.871 -1.033 -1.322 -1.665 -2.008 -1.973 -1.647 0.000 
6.750 1000.000 -1.799 -1.498 -1.176 -0.824 -0.781 -0.667 -0.773 -0.741 -0.758 -0.750 -0.739 -0.764 -0.773 -0.882 -1.090 -1.480 -1.695 -2.046 -2.452 -2.852 -2.726 -2.303 0.000 
7.000 1.000 1.554 2.108 2.535 3.082 3.154 3.438 3.810 4.053 4.129 4.239 4.362 4.464 4.489 4.507 4.453 4.230 3.987 3.900 3.909 3.714 3.861 3.816 0.000 
7.000 1.260 1.531 2.084 2.502 3.034 3.111 3.391 3.751 3.983 4.059 4.167 4.288 4.388 4.415 4.437 4.390 4.175 3.942 3.855 3.858 3.665 3.797 3.753 0.000 
7.000 1.580 1.506 2.058 2.466 2.982 3.065 3.340 3.687 3.909 3.985 4.092 4.209 4.308 4.339 4.364 4.324 4.117 3.895 3.808 3.806 3.615 3.731 3.688 0.000 
7.000 2.000 1.478 2.028 2.425 2.926 3.013 3.284 3.619 3.831 3.908 4.011 4.127 4.224 4.258 4.288 4.255 4.057 3.845 3.759 3.751 3.562 3.662 3.620 0.000 
7.000 2.510 1.447 1.995 2.381 2.864 2.957 3.223 3.545 3.747 3.825 3.926 4.039 4.135 4.173 4.208 4.182 3.993 3.792 3.707 3.694 3.507 3.590 3.548 0.000 
7.000 3.160 1.412 1.958 2.331 2.797 2.896 3.156 3.466 3.658 3.737 3.836 3.945 4.040 4.083 4.122 4.105 3.925 3.735 3.651 3.634 3.449 3.515 3.473 0.000 
7.000 3.980 1.372 1.916 2.276 2.725 2.828 3.084 3.382 3.563 3.643 3.740 3.846 3.940 3.988 4.032 4.022 3.852 3.674 3.592 3.570 3.388 3.435 3.393 0.000 
7.000 5.010 1.328 1.869 2.216 2.646 2.755 3.006 3.291 3.462 3.544 3.638 3.741 3.835 3.887 3.936 3.935 3.775 3.609 3.529 3.502 3.322 3.351 3.308 0.000 
7.000 6.310 1.279 1.816 2.149 2.562 2.676 2.922 3.194 3.355 3.438 3.530 3.630 3.723 3.780 3.834 3.841 3.692 3.538 3.460 3.429 3.251 3.261 3.217 0.000 
7.000 7.940 1.225 1.757 2.077 2.471 2.591 2.832 3.092 3.242 3.327 3.416 3.513 3.605 3.666 3.726 3.741 3.603 3.461 3.385 3.349 3.175 3.165 3.120 0.000 
7.000 10.000 1.166 1.692 1.998 2.376 2.500 2.736 2.983 3.124 3.209 3.297 3.390 3.481 3.547 3.611 3.635 3.507 3.377 3.304 3.264 3.092 3.062 3.016 0.000 
7.000 12.590 1.100 1.621 1.914 2.275 2.405 2.636 2.870 3.001 3.086 3.171 3.262 3.351 3.421 3.490 3.522 3.404 3.286 3.216 3.171 3.003 2.953 2.906 0.000 
7.000 15.850 1.030 1.544 1.824 2.169 2.304 2.530 2.752 2.872 2.958 3.041 3.129 3.216 3.290 3.363 3.402 3.294 3.188 3.120 3.071 2.905 2.835 2.788 0.000 
7.000 19.950 0.954 1.460 1.729 2.060 2.198 2.420 2.629 2.740 2.825 2.905 2.990 3.076 3.153 3.230 3.276 3.176 3.082 3.016 2.962 2.799 2.709 2.662 0.000 
7.000 25.120 0.873 1.371 1.628 1.946 2.088 2.306 2.501 2.603 2.687 2.765 2.848 2.932 3.011 3.091 3.142 3.051 2.968 2.903 2.844 2.683 2.575 2.529 0.000 
7.000 31.620 0.787 1.275 1.523 1.828 1.975 2.188 2.370 2.463 2.545 2.621 2.700 2.782 2.863 2.945 3.003 2.919 2.845 2.781 2.717 2.558 2.432 2.387 0.000 
7.000 39.810 0.696 1.175 1.414 1.707 1.857 2.067 2.235 2.318 2.398 2.472 2.549 2.628 2.710 2.794 2.856 2.778 2.714 2.650 2.579 2.421 2.279 2.237 0.000 
7.000 50.120 0.600 1.068 1.300 1.583 1.735 1.941 2.095 2.170 2.247 2.319 2.393 2.469 2.552 2.637 2.702 2.628 2.573 2.508 2.430 2.272 2.116 2.078 0.000 
7.000 63.100 0.499 0.956 1.182 1.455 1.610 1.812 1.952 2.018 2.092 2.162 2.233 2.305 2.388 2.474 2.540 2.470 2.421 2.354 2.268 2.110 1.941 1.910 0.000 
7.000 79.430 0.393 0.838 1.059 1.324 1.481 1.678 1.803 1.862 1.932 1.999 2.068 2.136 2.219 2.304 2.370 2.300 2.258 2.187 2.092 1.932 1.753 1.730 0.000 
7.000 100.000 0.280 0.714 0.931 1.189 1.347 1.540 1.650 1.701 1.767 1.831 1.897 1.961 2.043 2.125 2.190 2.119 2.081 2.005 1.900 1.736 1.551 1.537 0.000 
7.000 125.890 0.161 0.583 0.797 1.050 1.207 1.396 1.490 1.534 1.595 1.657 1.720 1.779 1.858 1.938 1.999 1.924 1.889 1.805 1.688 1.519 1.330 1.330 0.000 
7.000 158.490 0.034 0.443 0.657 0.906 1.062 1.245 1.324 1.361 1.417 1.475 1.534 1.589 1.665 1.739 1.794 1.713 1.677 1.584 1.453 1.277 1.088 1.104 0.000 
7.000 199.530 -0.103 0.293 0.508 0.756 0.909 1.087 1.148 1.179 1.229 1.284 1.340 1.389 1.461 1.527 1.573 1.480 1.442 1.337 1.189 1.004 0.820 0.856 0.000 
7.000 251.190 -0.251 0.132 0.350 0.598 0.747 0.919 0.962 0.987 1.031 1.082 1.133 1.176 1.243 1.299 1.331 1.223 1.179 1.058 0.891 0.692 0.520 0.581 0.000 
7.000 316.230 -0.414 -0.044 0.180 0.432 0.573 0.738 0.762 0.783 0.820 0.866 0.913 0.947 1.008 1.051 1.064 0.935 0.880 0.739 0.549 0.334 0.179 0.273 0.000 
7.000 398.110 -0.594 -0.238 -0.004 0.254 0.386 0.543 0.546 0.564 0.592 0.633 0.674 0.700 0.752 0.777 0.766 0.608 0.538 0.372 0.154 -0.083 -0.211 -0.078 0.000 
7.000 501.190 -0.797 -0.454 -0.207 0.063 0.181 0.329 0.308 0.325 0.344 0.378 0.412 0.428 0.469 0.472 0.428 0.232 0.140 -0.057 -0.309 -0.574 -0.664 -0.481 0.000 
7.000 630.960 -1.027 -0.698 -0.433 -0.145 -0.046 0.092 0.045 0.062 0.070 0.096 0.123 0.126 0.154 0.127 0.041 -0.204 -0.326 -0.563 -0.857 -1.156 -1.195 -0.949 0.000 
7.000 794.330 -1.292 -0.977 -0.687 -0.375 -0.300 -0.175 -0.251 -0.231 -0.237 -0.221 -0.202 -0.213 -0.203 -0.267 -0.408 -0.716 -0.879 -1.166 -1.510 -1.854 -1.824 -1.501 0.000 
7.000 1000.000 -1.601 -1.300 -0.978 -0.632 -0.589 -0.479 -0.589 -0.562 -0.583 -0.580 -0.572 -0.600 -0.612 -0.724 -0.934 -1.325 -1.541 -1.890 -2.296 -2.697 -2.577 -2.156 0.000 
7.250 1.000 1.655 2.203 2.634 3.181 3.249 3.531 3.897 4.136 4.202 4.311 4.434 4.532 4.552 4.575 4.523 4.301 4.055 3.964 3.969 3.770 3.915 3.864 0.000 
7.250 1.260 1.634 2.182 2.605 3.137 3.211 3.488 3.841 4.071 4.136 4.243 4.364 4.460 4.482 4.508 4.462 4.248 4.011 3.920 3.919 3.722 3.852 3.803 0.000 
7.250 1.580 1.612 2.158 2.572 3.090 3.169 3.442 3.782 4.002 4.067 4.172 4.290 4.384 4.409 4.439 4.399 4.192 3.966 3.875 3.869 3.674 3.788 3.740 0.000 
7.250 2.000 1.587 2.132 2.536 3.039 3.123 3.392 3.720 3.929 3.995 4.097 4.212 4.305 4.333 4.366 4.333 4.134 3.919 3.828 3.817 3.623 3.722 3.675 0.000 
7.250 2.510 1.560 2.103 2.496 2.983 3.072 3.336 3.652 3.852 3.917 4.018 4.130 4.221 4.253 4.290 4.264 4.074 3.869 3.779 3.762 3.570 3.653 3.607 0.000 
7.250 3.160 1.529 2.070 2.452 2.922 3.017 3.276 3.579 3.769 3.836 3.934 4.043 4.133 4.168 4.210 4.191 4.009 3.815 3.727 3.705 3.515 3.582 3.536 0.000 
7.250 3.980 1.495 2.034 2.403 2.855 2.956 3.210 3.501 3.680 3.749 3.844 3.950 4.040 4.079 4.125 4.113 3.941 3.759 3.671 3.645 3.457 3.506 3.461 0.000 
7.250 5.010 1.456 1.992 2.349 2.783 2.889 3.139 3.417 3.586 3.656 3.749 3.852 3.940 3.984 4.034 4.031 3.868 3.697 3.612 3.581 3.395 3.427 3.381 0.000 
7.250 6.310 1.413 1.945 2.289 2.705 2.816 3.061 3.327 3.486 3.557 3.648 3.748 3.835 3.884 3.939 3.943 3.790 3.631 3.548 3.512 3.329 3.342 3.296 0.000 
7.250 7.940 1.365 1.893 2.223 2.621 2.738 2.977 3.231 3.379 3.453 3.541 3.637 3.724 3.778 3.837 3.849 3.707 3.560 3.478 3.438 3.258 3.252 3.205 0.000 
7.250 10.000 1.312 1.835 2.151 2.531 2.653 2.888 3.129 3.267 3.342 3.428 3.521 3.606 3.665 3.728 3.749 3.616 3.482 3.403 3.359 3.182 3.156 3.108 0.000 
7.250 12.590 1.253 1.770 2.072 2.435 2.563 2.792 3.022 3.149 3.225 3.309 3.399 3.483 3.546 3.613 3.642 3.519 3.397 3.321 3.272 3.098 3.052 3.004 0.000 
7.250 15.850 1.189 1.699 1.988 2.335 2.467 2.692 2.908 3.026 3.103 3.184 3.270 3.354 3.420 3.492 3.527 3.415 3.305 3.231 3.178 3.007 2.941 2.893 0.000 
7.250 19.950 1.119 1.622 1.898 2.229 2.366 2.586 2.790 2.898 2.974 3.053 3.137 3.218 3.289 3.364 3.406 3.303 3.205 3.133 3.076 2.907 2.822 2.774 0.000 
7.250 25.120 1.043 1.538 1.803 2.119 2.260 2.476 2.667 2.765 2.841 2.918 2.998 3.078 3.151 3.230 3.278 3.184 3.096 3.027 2.965 2.799 2.694 2.647 0.000 
7.250 31.620 0.962 1.448 1.702 2.005 2.150 2.361 2.539 2.628 2.703 2.777 2.855 2.932 3.008 3.089 3.143 3.056 2.979 2.911 2.844 2.679 2.557 2.511 0.000 
7.250 39.810 0.875 1.352 1.596 1.886 2.035 2.242 2.406 2.486 2.559 2.631 2.706 2.781 2.859 2.942 3.000 2.919 2.852 2.785 2.712 2.549 2.409 2.366 0.000 
7.250 50.120 0.783 1.249 1.485 1.764 1.916 2.119 2.269 2.341 2.411 2.481 2.553 2.625 2.704 2.788 2.849 2.773 2.715 2.648 2.568 2.406 2.251 2.212 0.000 
7.250 63.100 0.685 1.141 1.369 1.638 1.793 1.991 2.127 2.190 2.258 2.326 2.395 2.464 2.543 2.627 2.691 2.618 2.568 2.498 2.411 2.249 2.080 2.047 0.000 
7.250 79.430 0.581 1.026 1.248 1.509 1.665 1.859 1.981 2.036 2.100 2.165 2.231 2.297 2.376 2.459 2.523 2.452 2.408 2.335 2.239 2.075 1.896 1.870 0.000 
7.250 100.000 0.471 0.904 1.122 1.375 1.532 1.722 1.829 1.876 1.937 1.999 2.062 2.123 2.201 2.283 2.345 2.273 2.234 2.157 2.051 1.884 1.697 1.681 0.000 
7.250 125.890 0.354 0.774 0.990 1.237 1.394 1.579 1.670 1.710 1.766 1.826 1.886 1.942 2.019 2.097 2.156 2.080 2.044 1.960 1.842 1.670 1.479 1.475 0.000 
7.250 158.490 0.228 0.636 0.850 1.093 1.249 1.429 1.504 1.537 1.589 1.645 1.701 1.753 1.827 1.899 1.952 1.870 1.834 1.741 1.609 1.431 1.239 1.252 0.000 
7.250 199.530 0.093 0.488 0.703 0.944 1.097 1.272 1.329 1.356 1.402 1.455 1.508 1.553 1.623 1.688 1.732 1.639 1.601 1.496 1.348 1.160 0.973 1.006 0.000 
7.250 251.190 -0.055 0.328 0.546 0.787 0.935 1.104 1.144 1.165 1.205 1.253 1.302 1.341 1.406 1.461 1.491 1.383 1.339 1.218 1.051 0.851 0.674 0.732 0.000 
7.250 316.230 -0.217 0.152 0.376 0.621 0.762 0.924 0.944 0.961 0.994 1.037 1.081 1.113 1.172 1.213 1.225 1.096 1.041 0.901 0.711 0.494 0.335 0.425 0.000 
7.250 398.110 -0.396 -0.041 0.192 0.444 0.575 0.730 0.728 0.742 0.767 0.805 0.843 0.866 0.916 0.940 0.927 0.769 0.700 0.535 0.317 0.079 -0.054 0.075 0.000 
7.250 501.190 -0.599 -0.256 -0.010 0.253 0.371 0.516 0.491 0.504 0.519 0.550 0.582 0.595 0.634 0.635 0.590 0.394 0.303 0.107 -0.145 -0.411 -0.506 -0.327 0.000 
7.250 630.960 -0.829 -0.500 -0.236 0.045 0.144 0.279 0.228 0.241 0.245 0.268 0.293 0.293 0.319 0.291 0.204 -0.041 -0.163 -0.399 -0.692 -0.992 -1.037 -0.795 0.000 
7.250 794.330 -1.093 -0.779 -0.490 -0.185 -0.110 0.012 -0.068 -0.052 -0.061 -0.048 -0.032 -0.046 -0.037 -0.103 -0.245 -0.554 -0.715 -1.001 -1.344 -1.689 -1.666 -1.346 0.000 
7.250 1000.000 -1.402 -1.101 -0.780 -0.442 -0.398 -0.292 -0.405 -0.383 -0.408 -0.407 -0.402 -0.433 -0.446 -0.559 -0.771 -1.162 -1.377 -1.725 -2.130 -2.532 -2.418 -2.002 0.000 
7.500 1.000 1.755 2.297 2.730 3.275 3.340 3.619 3.978 4.216 4.274 4.381 4.505 4.600 4.617 4.647 4.598 4.379 4.130 4.036 4.038 3.835 3.977 3.919 0.000 
7.500 1.260 1.736 2.278 2.703 3.234 3.304 3.580 3.926 4.155 4.211 4.317 4.438 4.531 4.549 4.582 4.539 4.327 4.088 3.994 3.990 3.789 3.916 3.859 0.000 
7.500 1.580 1.716 2.257 2.674 3.191 3.266 3.538 3.872 4.090 4.146 4.249 4.368 4.459 4.479 4.515 4.478 4.274 4.044 3.950 3.941 3.741 3.854 3.799 0.000 
7.500 2.000 1.694 2.234 2.642 3.144 3.224 3.492 3.814 4.022 4.077 4.179 4.295 4.384 4.407 4.446 4.415 4.218 3.999 3.905 3.890 3.692 3.789 3.736 0.000 
7.500 2.510 1.670 2.208 2.606 3.093 3.179 3.442 3.751 3.950 4.005 4.105 4.218 4.305 4.331 4.373 4.349 4.160 3.951 3.858 3.838 3.642 3.723 3.671 0.000 
7.500 3.160 1.643 2.179 2.567 3.038 3.129 3.387 3.684 3.873 3.929 4.026 4.137 4.223 4.252 4.297 4.280 4.099 3.901 3.808 3.783 3.589 3.655 3.603 0.000 
7.500 3.980 1.613 2.147 2.523 2.977 3.074 3.328 3.613 3.790 3.848 3.943 4.050 4.135 4.168 4.217 4.207 4.034 3.848 3.756 3.726 3.534 3.583 3.532 0.000 
7.500 5.010 1.580 2.110 2.474 2.911 3.014 3.262 3.535 3.703 3.762 3.854 3.958 4.042 4.079 4.132 4.129 3.966 3.791 3.700 3.665 3.475 3.507 3.457 0.000 
7.500 6.310 1.542 2.069 2.420 2.839 2.947 3.191 3.452 3.609 3.670 3.760 3.861 3.944 3.985 4.042 4.046 3.892 3.729 3.640 3.601 3.413 3.428 3.377 0.000 
7.500 7.940 1.500 2.023 2.361 2.762 2.875 3.114 3.363 3.510 3.572 3.660 3.757 3.839 3.886 3.946 3.958 3.814 3.662 3.576 3.532 3.347 3.343 3.292 0.000 
7.500 10.000 1.452 1.971 2.295 2.678 2.797 3.031 3.267 3.404 3.468 3.553 3.647 3.728 3.780 3.844 3.863 3.729 3.590 3.505 3.457 3.275 3.252 3.201 0.000 
7.500 12.590 1.400 1.913 2.223 2.588 2.713 2.942 3.166 3.292 3.358 3.441 3.531 3.611 3.667 3.736 3.762 3.638 3.511 3.429 3.377 3.197 3.155 3.104 0.000 
7.500 15.850 1.342 1.849 2.145 2.493 2.623 2.847 3.059 3.175 3.242 3.322 3.409 3.488 3.548 3.620 3.654 3.539 3.424 3.346 3.289 3.112 3.050 2.999 0.000 
7.500 19.950 1.278 1.778 2.061 2.392 2.527 2.746 2.945 3.052 3.120 3.197 3.281 3.358 3.423 3.498 3.539 3.433 3.330 3.254 3.193 3.019 2.938 2.887 0.000 
7.500 25.120 1.208 1.701 1.971 2.287 2.426 2.640 2.827 2.923 2.991 3.067 3.147 3.223 3.291 3.369 3.416 3.319 3.228 3.154 3.088 2.917 2.816 2.766 0.000 
7.500 31.620 1.132 1.616 1.875 2.176 2.320 2.529 2.703 2.790 2.858 2.930 3.008 3.082 3.153 3.233 3.285 3.196 3.116 3.044 2.974 2.805 2.685 2.636 0.000 
7.500 39.810 1.050 1.525 1.773 2.061 2.208 2.414 2.574 2.651 2.718 2.789 2.863 2.935 3.008 3.091 3.147 3.065 2.995 2.924 2.848 2.681 2.544 2.497 0.000 
7.500 50.120 0.962 1.427 1.666 1.942 2.092 2.293 2.440 2.508 2.574 2.642 2.713 2.782 2.857 2.941 3.001 2.923 2.863 2.792 2.710 2.544 2.391 2.348 0.000 
7.500 63.100 0.868 1.323 1.553 1.818 1.971 2.168 2.300 2.361 2.424 2.489 2.557 2.623 2.699 2.783 2.845 2.772 2.720 2.648 2.559 2.393 2.225 2.188 0.000 
7.500 79.430 0.768 1.211 1.435 1.690 1.845 2.037 2.156 2.208 2.268 2.331 2.396 2.458 2.535 2.618 2.681 2.609 2.563 2.490 2.392 2.225 2.046 2.016 0.000 
7.500 100.000 0.660 1.092 1.311 1.558 1.714 1.902 2.005 2.049 2.106 2.166 2.228 2.287 2.363 2.444 2.505 2.433 2.393 2.315 2.208 2.038 1.850 1.829 0.000 
7.500 125.890 0.545 0.965 1.180 1.421 1.577 1.760 1.848 1.885 1.938 1.995 2.054 2.108 2.182 2.260 2.318 2.242 2.205 2.121 2.003 1.829 1.635 1.627 0.000 
7.500 158.490 0.422 0.829 1.042 1.279 1.434 1.612 1.683 1.713 1.761 1.815 1.870 1.920 1.991 2.064 2.116 2.034 1.998 1.905 1.773 1.593 1.399 1.406 0.000 
7.500 199.530 0.288 0.682 0.896 1.130 1.283 1.455 1.510 1.533 1.576 1.626 1.677 1.721 1.789 1.854 1.897 1.805 1.767 1.663 1.515 1.325 1.135 1.162 0.000 
7.500 251.190 0.142 0.523 0.740 0.974 1.122 1.288 1.324 1.343 1.379 1.426 1.473 1.510 1.573 1.628 1.658 1.550 1.507 1.387 1.220 1.019 0.838 0.890 0.000 
7.500 316.230 -0.019 0.349 0.571 0.808 0.949 1.108 1.126 1.140 1.169 1.211 1.253 1.283 1.339 1.381 1.392 1.264 1.210 1.072 0.882 0.664 0.500 0.584 0.000 
7.500 398.110 -0.198 0.157 0.388 0.632 0.763 0.914 0.910 0.921 0.942 0.978 1.015 1.036 1.085 1.109 1.095 0.939 0.870 0.707 0.489 0.250 0.112 0.235 0.000 
7.500 501.190 -0.400 -0.058 0.186 0.441 0.559 0.701 0.674 0.683 0.695 0.724 0.754 0.765 0.803 0.804 0.759 0.564 0.474 0.280 0.029 -0.238 -0.339 -0.166 0.000 
7.500 630.960 -0.629 -0.301 -0.039 0.233 0.333 0.464 0.411 0.421 0.422 0.442 0.465 0.464 0.489 0.461 0.373 0.129 0.009 -0.225 -0.517 -0.818 -0.869 -0.634 0.000 
7.500 794.330 -0.894 -0.579 -0.293 0.004 0.079 0.198 0.115 0.128 0.116 0.127 0.141 0.125 0.132 0.067 -0.076 -0.382 -0.543 -0.826 -1.168 -1.514 -1.497 -1.184 0.000 
7.500 1000.000 -1.202 -0.901 -0.583 -0.253 -0.210 -0.106 -0.222 -0.203 -0.231 -0.232 -0.229 -0.262 -0.276 -0.389 -0.602 -0.990 -1.204 -1.550 -1.953 -2.356 -2.249 -1.839 0.000 
7.750 1.000 1.854 2.391 2.824 3.364 3.425 3.703 4.056 4.293 4.344 4.450 4.576 4.669 4.684 4.722 4.678 4.465 4.214 4.118 4.117 3.911 4.048 3.980 0.000 
7.750 1.260 1.837 2.373 2.799 3.326 3.393 3.667 4.007 4.234 4.283 4.388 4.512 4.602 4.618 4.659 4.621 4.414 4.173 4.076 4.070 3.866 3.988 3.922 0.000 
7.750 1.580 1.819 2.354 2.772 3.286 3.358 3.628 3.956 4.173 4.221 4.324 4.445 4.534 4.551 4.595 4.562 4.362 4.130 4.034 4.022 3.819 3.927 3.863 0.000 
7.750 2.000 1.799 2.333 2.743 3.243 3.320 3.586 3.902 4.109 4.156 4.258 4.376 4.462 4.482 4.528 4.501 4.308 4.087 3.990 3.973 3.771 3.865 3.802 0.000 
7.750 2.510 1.778 2.310 2.711 3.197 3.279 3.540 3.844 4.042 4.088 4.188 4.303 4.388 4.410 4.459 4.438 4.252 4.041 3.945 3.922 3.722 3.801 3.740 0.000 
7.750 3.160 1.754 2.285 2.675 3.146 3.233 3.491 3.782 3.970 4.017 4.114 4.226 4.309 4.334 4.386 4.372 4.194 3.993 3.897 3.869 3.671 3.735 3.674 0.000 
7.750 3.980 1.728 2.256 2.636 3.091 3.184 3.437 3.716 3.894 3.941 4.036 4.146 4.227 4.255 4.310 4.302 4.132 3.943 3.847 3.814 3.618 3.666 3.607 0.000 
7.750 5.010 1.698 2.224 2.593 3.031 3.129 3.378 3.645 3.812 3.861 3.954 4.060 4.140 4.172 4.230 4.229 4.067 3.889 3.795 3.757 3.563 3.594 3.535 0.000 
7.750 6.310 1.665 2.188 2.545 2.966 3.070 3.313 3.569 3.725 3.776 3.866 3.969 4.048 4.084 4.145 4.151 3.998 3.831 3.738 3.696 3.504 3.518 3.460 0.000 
7.750 7.940 1.628 2.148 2.492 2.894 3.004 3.243 3.486 3.632 3.685 3.773 3.872 3.950 3.990 4.055 4.068 3.924 3.769 3.678 3.631 3.441 3.438 3.381 0.000 
7.750 10.000 1.587 2.102 2.432 2.817 2.933 3.166 3.398 3.533 3.588 3.673 3.769 3.846 3.891 3.959 3.979 3.845 3.701 3.612 3.561 3.374 3.352 3.295 0.000 
7.750 12.590 1.540 2.050 2.367 2.733 2.855 3.083 3.303 3.428 3.485 3.567 3.659 3.736 3.786 3.857 3.884 3.759 3.628 3.541 3.485 3.301 3.261 3.204 0.000 
7.750 15.850 1.488 1.992 2.295 2.644 2.771 2.994 3.202 3.317 3.375 3.455 3.544 3.619 3.673 3.748 3.782 3.666 3.547 3.463 3.403 3.221 3.162 3.106 0.000 
7.750 19.950 1.430 1.928 2.217 2.549 2.681 2.899 3.094 3.200 3.259 3.337 3.422 3.496 3.555 3.632 3.672 3.566 3.459 3.378 3.313 3.135 3.056 3.000 0.000 
7.750 25.120 1.367 1.857 2.133 2.448 2.585 2.798 2.981 3.076 3.137 3.212 3.293 3.366 3.429 3.509 3.555 3.457 3.363 3.284 3.215 3.039 2.941 2.886 0.000 
7.750 31.620 1.297 1.779 2.042 2.342 2.483 2.692 2.862 2.947 3.009 3.081 3.159 3.230 3.296 3.378 3.430 3.340 3.257 3.181 3.107 2.933 2.817 2.763 0.000 
7.750 39.810 1.220 1.694 1.945 2.231 2.376 2.580 2.737 2.813 2.874 2.944 3.018 3.087 3.157 3.241 3.297 3.214 3.141 3.067 2.988 2.816 2.682 2.631 0.000 
7.750 50.120 1.138 1.601 1.842 2.114 2.263 2.463 2.606 2.674 2.734 2.801 2.872 2.938 3.010 3.095 3.155 3.077 3.015 2.941 2.856 2.686 2.535 2.487 0.000 
7.750 63.100 1.048 1.501 1.733 1.994 2.145 2.340 2.470 2.529 2.587 2.652 2.720 2.783 2.856 2.941 3.003 2.930 2.876 2.802 2.711 2.541 2.375 2.332 0.000 
7.750 79.430 0.951 1.394 1.618 1.868 2.022 2.212 2.328 2.378 2.434 2.496 2.561 2.621 2.695 2.779 2.842 2.771 2.724 2.649 2.550 2.379 2.201 2.165 0.000 
7.750 100.000 0.847 1.278 1.497 1.738 1.893 2.079 2.180 2.222 2.275 2.334 2.396 2.452 2.526 2.608 2.670 2.599 2.558 2.479 2.370 2.198 2.009 1.983 0.000 
7.750 125.890 0.735 1.154 1.368 1.603 1.758 1.938 2.024 2.059 2.109 2.165 2.223 2.275 2.348 2.426 2.485 2.411 2.374 2.289 2.170 1.993 1.799 1.784 0.000 
7.750 158.490 0.614 1.021 1.232 1.462 1.616 1.791 1.861 1.889 1.934 1.987 2.041 2.089 2.159 2.233 2.285 2.205 2.169 2.077 1.945 1.762 1.565 1.566 0.000 
7.750 199.530 0.482 0.876 1.087 1.314 1.466 1.635 1.688 1.709 1.750 1.799 1.849 1.891 1.959 2.025 2.068 1.978 1.940 1.837 1.689 1.498 1.304 1.324 0.000 
7.750 251.190 0.338 0.719 0.932 1.159 1.306 1.469 1.504 1.520 1.554 1.599 1.645 1.681 1.744 1.800 1.830 1.725 1.682 1.564 1.398 1.194 1.009 1.054 0.000 
7.750 316.230 0.178 0.547 0.765 0.994 1.134 1.291 1.306 1.318 1.345 1.385 1.426 1.455 1.511 1.554 1.566 1.440 1.387 1.251 1.062 0.842 0.674 0.750 0.000 
7.750 398.110 0.000 0.355 0.582 0.818 0.948 1.097 1.091 1.100 1.119 1.154 1.189 1.209 1.257 1.282 1.270 1.116 1.048 0.887 0.671 0.431 0.287 0.403 0.000 
7.750 501.190 -0.200 0.141 0.381 0.628 0.745 0.884 0.855 0.862 0.872 0.900 0.929 0.939 0.976 0.979 0.934 0.742 0.653 0.461 0.212 -0.055 -0.163 0.003 0.000 
7.750 630.960 -0.429 -0.101 0.156 0.420 0.519 0.648 0.593 0.600 0.599 0.619 0.640 0.638 0.662 0.635 0.548 0.308 0.189 -0.042 -0.332 -0.634 -0.691 -0.464 0.000 
7.750 794.330 -0.693 -0.378 -0.097 0.191 0.265 0.381 0.297 0.307 0.294 0.303 0.316 0.299 0.307 0.242 0.101 -0.203 -0.362 -0.642 -0.983 -1.329 -1.319 -1.014 0.000 
7.750 1000.000 -1.001 -0.700 -0.387 -0.066 -0.023 0.078 -0.040 -0.023 -0.052 -0.055 -0.053 -0.087 -0.101 -0.213 -0.425 -0.810 -1.022 -1.365 -1.767 -2.170 -2.070 -1.668 0.000 
8.000 1.000 1.954 2.485 2.915 3.449 3.507 3.782 4.131 4.367 4.413 4.519 4.647 4.740 4.753 4.802 4.765 4.557 4.306 4.208 4.206 3.997 4.129 4.049 0.000 
8.000 1.260 1.938 2.468 2.891 3.414 3.476 3.748 4.084 4.311 4.355 4.460 4.585 4.675 4.690 4.740 4.709 4.508 4.265 4.168 4.159 3.952 4.070 3.992 0.000 
8.000 1.580 1.921 2.450 2.867 3.377 3.444 3.712 4.036 4.253 4.295 4.398 4.521 4.609 4.625 4.678 4.651 4.457 4.224 4.126 4.112 3.906 4.010 3.934 0.000 
8.000 2.000 1.903 2.431 2.840 3.337 3.409 3.674 3.985 4.192 4.233 4.334 4.455 4.540 4.558 4.613 4.592 4.405 4.182 4.083 4.064 3.860 3.949 3.875 0.000 
8.000 2.510 1.884 2.411 2.811 3.294 3.372 3.632 3.931 4.129 4.168 4.268 4.386 4.469 4.488 4.546 4.531 4.351 4.138 4.039 4.015 3.812 3.887 3.814 0.000 
8.000 3.160 1.862 2.388 2.779 3.248 3.331 3.587 3.874 4.062 4.101 4.199 4.314 4.395 4.417 4.477 4.468 4.294 4.092 3.994 3.964 3.763 3.822 3.751 0.000 
8.000 3.980 1.839 2.363 2.744 3.198 3.286 3.538 3.813 3.991 4.030 4.126 4.238 4.317 4.342 4.405 4.402 4.236 4.044 3.946 3.911 3.711 3.756 3.686 0.000 
8.000 5.010 1.813 2.334 2.706 3.143 3.237 3.485 3.747 3.915 3.955 4.049 4.157 4.235 4.263 4.329 4.332 4.174 3.993 3.896 3.856 3.658 3.687 3.618 0.000 
8.000 6.310 1.784 2.303 2.663 3.083 3.183 3.426 3.677 3.834 3.876 3.967 4.072 4.149 4.180 4.249 4.258 4.108 3.939 3.843 3.797 3.602 3.614 3.547 0.000 
8.000 7.940 1.752 2.267 2.615 3.018 3.124 3.362 3.601 3.748 3.791 3.880 3.982 4.057 4.093 4.164 4.180 4.038 3.880 3.786 3.736 3.542 3.538 3.472 0.000 
8.000 10.000 1.716 2.227 2.562 2.947 3.059 3.292 3.519 3.656 3.701 3.787 3.885 3.960 4.000 4.074 4.096 3.963 3.817 3.724 3.670 3.479 3.457 3.392 0.000 
8.000 12.590 1.675 2.181 2.503 2.870 2.988 3.216 3.431 3.557 3.605 3.688 3.783 3.856 3.901 3.977 4.006 3.883 3.748 3.658 3.599 3.410 3.371 3.306 0.000 
8.000 15.850 1.629 2.130 2.438 2.787 2.910 3.133 3.337 3.452 3.502 3.583 3.674 3.746 3.795 3.875 3.910 3.796 3.673 3.585 3.522 3.335 3.278 3.214 0.000 
8.000 19.950 1.577 2.072 2.366 2.698 2.826 3.044 3.236 3.341 3.393 3.471 3.558 3.629 3.683 3.765 3.807 3.701 3.591 3.505 3.438 3.254 3.178 3.115 0.000 
8.000 25.120 1.520 2.007 2.288 2.602 2.736 2.949 3.128 3.224 3.277 3.353 3.436 3.506 3.564 3.648 3.695 3.598 3.500 3.418 3.345 3.164 3.070 3.007 0.000 
8.000 31.620 1.456 1.936 2.203 2.501 2.640 2.848 3.015 3.100 3.155 3.227 3.307 3.375 3.438 3.523 3.576 3.487 3.401 3.320 3.244 3.065 2.952 2.891 0.000 
8.000 39.810 1.386 1.857 2.112 2.394 2.537 2.740 2.895 2.971 3.026 3.096 3.172 3.238 3.304 3.391 3.448 3.366 3.291 3.213 3.131 2.954 2.823 2.765 0.000 
8.000 50.120 1.308 1.770 2.014 2.282 2.429 2.627 2.768 2.835 2.890 2.957 3.030 3.094 3.163 3.250 3.311 3.235 3.170 3.093 3.006 2.831 2.683 2.628 0.000 
8.000 63.100 1.224 1.676 1.909 2.165 2.315 2.508 2.636 2.694 2.748 2.812 2.881 2.943 3.014 3.101 3.165 3.093 3.037 2.961 2.867 2.693 2.529 2.479 0.000 
8.000 79.430 1.132 1.573 1.797 2.042 2.194 2.383 2.497 2.546 2.599 2.660 2.726 2.785 2.856 2.943 3.007 2.938 2.890 2.813 2.712 2.537 2.360 2.317 0.000 
8.000 100.000 1.032 1.462 1.679 1.914 2.068 2.252 2.351 2.392 2.443 2.501 2.563 2.618 2.691 2.775 2.838 2.769 2.728 2.648 2.538 2.362 2.174 2.139 0.000 
8.000 125.890 0.923 1.341 1.553 1.781 1.935 2.114 2.198 2.231 2.279 2.334 2.393 2.444 2.515 2.596 2.656 2.585 2.548 2.463 2.343 2.163 1.968 1.945 0.000 
8.000 158.490 0.805 1.211 1.420 1.642 1.795 1.968 2.037 2.063 2.106 2.158 2.213 2.259 2.329 2.405 2.459 2.382 2.346 2.254 2.122 1.937 1.738 1.730 0.000 
8.000 199.530 0.675 1.069 1.277 1.495 1.646 1.813 1.865 1.885 1.924 1.972 2.023 2.064 2.131 2.199 2.244 2.157 2.120 2.018 1.871 1.677 1.480 1.492 0.000 
8.000 251.190 0.533 0.914 1.123 1.341 1.487 1.649 1.682 1.697 1.730 1.774 1.820 1.855 1.917 1.976 2.008 1.906 1.865 1.748 1.582 1.377 1.189 1.225 0.000 
8.000 316.230 0.375 0.743 0.957 1.177 1.317 1.471 1.485 1.495 1.522 1.561 1.602 1.630 1.686 1.731 1.745 1.623 1.572 1.437 1.249 1.029 0.855 0.923 0.000 
8.000 398.110 0.199 0.554 0.775 1.002 1.131 1.278 1.271 1.278 1.297 1.330 1.366 1.385 1.433 1.461 1.450 1.300 1.234 1.076 0.861 0.620 0.471 0.577 0.000 
8.000 501.190 -0.001 0.341 0.575 0.812 0.928 1.066 1.036 1.041 1.051 1.077 1.106 1.115 1.154 1.158 1.115 0.928 0.841 0.652 0.404 0.136 0.023 0.179 0.000 
8.000 630.960 -0.229 0.099 0.351 0.605 0.703 0.829 0.774 0.779 0.778 0.797 0.818 0.815 0.840 0.815 0.730 0.494 0.378 0.150 -0.139 -0.441 -0.504 -0.287 0.000 
8.000 794.330 -0.492 -0.177 0.098 0.376 0.450 0.564 0.479 0.487 0.474 0.482 0.494 0.477 0.485 0.423 0.283 -0.016 -0.172 -0.449 -0.788 -1.135 -1.131 -0.836 0.000 
8.000 1000.000 -0.799 -0.498 -0.191 0.120 0.162 0.261 0.142 0.157 0.128 0.124 0.126 0.091 0.078 -0.032 -0.242 -0.623 -0.832 -1.171 -1.571 -1.974 -1.881 -1.489 0.000 
