GarciaEtAl2005SSlab_CanadaSHM6-trial modified from OpenQuake implementation, distance is rhypo. Log10 ground motion values in cgs units, PGV and Sa(T<0.1s) not valid
          14 31 18 : nmag, ndist, nperiod
          10.000 5.000 4.000 3.000 2.000 1.500 1.000 0.750 0.500 0.400 0.300 0.200 0.100 0.070 0.050 0.040 PGA PGV 
          0.567 0.567 0.583 0.605 0.607 0.645 0.638 0.631 0.609 0.626 0.637 0.644 0.770 0.775 0.773 0.733 0.657 0.593
4.750 1.000 -0.569 0.057 0.292 0.602 1.002 1.288 1.658 1.899 2.201 2.380 2.585 2.804 3.080 3.065 2.999 2.922 2.667 0.845 
4.750 1.260 -0.592 0.031 0.267 0.576 0.976 1.262 1.632 1.873 2.175 2.354 2.559 2.778 3.054 3.038 2.973 2.896 2.641 0.819 
4.750 1.580 -0.625 -0.004 0.231 0.541 0.941 1.227 1.597 1.837 2.140 2.318 2.523 2.742 3.018 3.002 2.937 2.860 2.605 0.784 
4.750 2.000 -0.668 -0.051 0.185 0.494 0.895 1.180 1.550 1.791 2.093 2.271 2.476 2.695 2.970 2.955 2.889 2.813 2.557 0.737 
4.750 2.510 -0.722 -0.108 0.127 0.437 0.836 1.122 1.492 1.732 2.034 2.213 2.417 2.636 2.911 2.896 2.830 2.753 2.498 0.678 
4.750 3.160 -0.787 -0.177 0.059 0.368 0.768 1.053 1.423 1.663 1.965 2.143 2.347 2.566 2.841 2.825 2.760 2.683 2.428 0.609 
4.750 3.980 -0.859 -0.255 -0.019 0.290 0.689 0.975 1.344 1.584 1.886 2.064 2.267 2.486 2.760 2.745 2.679 2.603 2.348 0.530 
4.750 5.010 -0.938 -0.340 -0.104 0.205 0.604 0.889 1.258 1.498 1.799 1.977 2.180 2.398 2.672 2.656 2.591 2.514 2.260 0.443 
4.750 6.310 -1.022 -0.430 -0.195 0.114 0.513 0.798 1.167 1.406 1.707 1.884 2.086 2.304 2.578 2.562 2.496 2.419 2.165 0.351 
4.750 7.940 -1.109 -0.525 -0.289 0.020 0.418 0.703 1.071 1.310 1.610 1.786 1.988 2.205 2.478 2.462 2.396 2.320 2.066 0.254 
4.750 10.000 -1.197 -0.622 -0.386 -0.078 0.320 0.604 0.972 1.210 1.509 1.685 1.886 2.102 2.374 2.358 2.292 2.215 1.963 0.154 
4.750 12.590 -1.287 -0.721 -0.485 -0.177 0.220 0.503 0.871 1.108 1.406 1.581 1.780 1.996 2.266 2.250 2.184 2.107 1.855 0.051 
4.750 15.850 -1.378 -0.821 -0.586 -0.278 0.117 0.401 0.767 1.004 1.300 1.474 1.672 1.886 2.155 2.138 2.071 1.995 1.745 -0.055 
4.750 19.950 -1.469 -0.923 -0.688 -0.381 0.014 0.296 0.661 0.897 1.191 1.363 1.559 1.772 2.039 2.021 1.955 1.879 1.630 -0.163 
4.750 25.120 -1.562 -1.026 -0.792 -0.485 -0.092 0.189 0.553 0.787 1.079 1.250 1.443 1.654 1.919 1.900 1.833 1.757 1.510 -0.275 
4.750 31.620 -1.654 -1.130 -0.896 -0.591 -0.200 0.080 0.443 0.675 0.964 1.132 1.322 1.530 1.792 1.773 1.706 1.630 1.385 -0.389 
4.750 39.810 -1.748 -1.236 -1.002 -0.698 -0.309 -0.031 0.330 0.559 0.844 1.009 1.195 1.400 1.659 1.638 1.571 1.495 1.253 -0.508 
4.750 50.120 -1.843 -1.344 -1.110 -0.807 -0.422 -0.146 0.212 0.439 0.720 0.881 1.061 1.262 1.516 1.494 1.426 1.351 1.113 -0.632 
4.750 63.100 -1.940 -1.453 -1.220 -0.919 -0.538 -0.264 0.091 0.313 0.588 0.745 0.918 1.115 1.363 1.338 1.270 1.195 0.962 -0.763 
4.750 79.430 -2.039 -1.565 -1.333 -1.034 -0.658 -0.388 -0.037 0.181 0.449 0.599 0.764 0.954 1.195 1.168 1.100 1.025 0.797 -0.901 
4.750 100.000 -2.141 -1.680 -1.450 -1.153 -0.783 -0.517 -0.171 0.040 0.299 0.441 0.596 0.779 1.010 0.980 0.911 0.837 0.616 -1.049 
4.750 125.890 -2.247 -1.799 -1.570 -1.277 -0.915 -0.655 -0.315 -0.111 0.136 0.269 0.411 0.583 0.803 0.769 0.699 0.626 0.414 -1.210 
4.750 158.490 -2.358 -1.923 -1.696 -1.406 -1.055 -0.802 -0.469 -0.275 -0.043 0.078 0.203 0.363 0.568 0.529 0.457 0.385 0.186 -1.387 
4.750 199.530 -2.475 -2.054 -1.828 -1.544 -1.205 -0.961 -0.638 -0.457 -0.243 -0.137 -0.033 0.111 0.298 0.253 0.180 0.109 -0.076 -1.583 
4.750 251.190 -2.599 -2.192 -1.969 -1.692 -1.369 -1.135 -0.825 -0.659 -0.469 -0.382 -0.304 -0.179 -0.016 -0.068 -0.144 -0.213 -0.379 -1.805 
4.750 316.230 -2.734 -2.340 -2.120 -1.852 -1.549 -1.329 -1.034 -0.888 -0.727 -0.664 -0.619 -0.519 -0.385 -0.447 -0.526 -0.593 -0.735 -2.057 
4.750 398.110 -2.880 -2.501 -2.285 -2.027 -1.749 -1.547 -1.272 -1.150 -1.026 -0.993 -0.990 -0.921 -0.824 -0.899 -0.980 -1.045 -1.158 -2.350 
4.750 501.190 -3.043 -2.677 -2.466 -2.222 -1.976 -1.795 -1.545 -1.454 -1.376 -1.382 -1.431 -1.402 -1.351 -1.441 -1.526 -1.588 -1.664 -2.692 
4.750 630.960 -3.225 -2.873 -2.669 -2.441 -2.236 -2.082 -1.863 -1.811 -1.791 -1.845 -1.961 -1.980 -1.988 -2.098 -2.188 -2.246 -2.275 -3.097 
4.750 794.330 -3.432 -3.094 -2.898 -2.691 -2.537 -2.417 -2.237 -2.234 -2.288 -2.403 -2.602 -2.683 -2.764 -2.898 -2.996 -3.049 -3.019 -3.581 
4.750 1000.000 -3.670 -3.346 -3.160 -2.981 -2.890 -2.813 -2.683 -2.742 -2.888 -3.078 -3.382 -3.542 -3.716 -3.881 -3.986 -4.033 -3.929 -4.164 
5.000 1.000 -0.427 0.193 0.421 0.719 1.108 1.384 1.741 1.970 2.263 2.434 2.635 2.844 3.109 3.099 3.036 2.961 2.706 0.916 
5.000 1.260 -0.441 0.177 0.405 0.703 1.091 1.368 1.724 1.953 2.247 2.418 2.619 2.827 3.093 3.083 3.020 2.945 2.689 0.899 
5.000 1.580 -0.462 0.154 0.382 0.680 1.068 1.344 1.701 1.930 2.223 2.394 2.595 2.803 3.069 3.059 2.996 2.921 2.666 0.876 
5.000 2.000 -0.492 0.121 0.349 0.647 1.035 1.312 1.668 1.897 2.190 2.361 2.562 2.770 3.036 3.025 2.962 2.888 2.632 0.843 
5.000 2.510 -0.532 0.078 0.306 0.604 0.992 1.268 1.624 1.853 2.146 2.317 2.517 2.726 2.991 2.981 2.918 2.843 2.588 0.799 
5.000 3.160 -0.582 0.023 0.251 0.549 0.936 1.213 1.569 1.798 2.090 2.261 2.461 2.669 2.934 2.924 2.861 2.786 2.531 0.743 
5.000 3.980 -0.644 -0.043 0.185 0.482 0.870 1.146 1.502 1.731 2.023 2.194 2.393 2.601 2.866 2.856 2.793 2.718 2.463 0.676 
5.000 5.010 -0.714 -0.119 0.109 0.407 0.794 1.070 1.426 1.654 1.946 2.116 2.315 2.523 2.787 2.777 2.714 2.639 2.385 0.599 
5.000 6.310 -0.791 -0.202 0.025 0.323 0.710 0.985 1.341 1.569 1.860 2.030 2.229 2.436 2.700 2.689 2.626 2.551 2.297 0.513 
5.000 7.940 -0.873 -0.292 -0.064 0.233 0.620 0.895 1.250 1.478 1.768 1.938 2.136 2.342 2.605 2.594 2.531 2.456 2.203 0.421 
5.000 10.000 -0.959 -0.385 -0.158 0.139 0.525 0.800 1.155 1.381 1.671 1.840 2.037 2.242 2.505 2.493 2.430 2.356 2.103 0.325 
5.000 12.590 -1.047 -0.482 -0.255 0.042 0.427 0.701 1.055 1.281 1.570 1.738 1.933 2.138 2.399 2.388 2.324 2.250 1.998 0.224 
5.000 15.850 -1.137 -0.581 -0.354 -0.058 0.326 0.600 0.953 1.178 1.466 1.632 1.826 2.030 2.289 2.277 2.214 2.139 1.889 0.119 
5.000 19.950 -1.227 -0.682 -0.456 -0.160 0.223 0.496 0.849 1.072 1.358 1.523 1.715 1.917 2.175 2.162 2.098 2.024 1.775 0.012 
5.000 25.120 -1.319 -0.785 -0.558 -0.263 0.118 0.390 0.741 0.964 1.247 1.410 1.599 1.799 2.055 2.041 1.977 1.903 1.656 -0.099 
5.000 31.620 -1.412 -0.889 -0.663 -0.368 0.011 0.282 0.631 0.852 1.132 1.292 1.478 1.676 1.929 1.914 1.850 1.776 1.531 -0.213 
5.000 39.810 -1.505 -0.994 -0.768 -0.475 -0.098 0.170 0.518 0.736 1.013 1.170 1.352 1.546 1.795 1.780 1.715 1.642 1.399 -0.332 
5.000 50.120 -1.601 -1.102 -0.876 -0.584 -0.211 0.056 0.401 0.616 0.888 1.041 1.218 1.409 1.653 1.636 1.571 1.498 1.259 -0.456 
5.000 63.100 -1.697 -1.211 -0.986 -0.696 -0.326 -0.063 0.279 0.490 0.757 0.905 1.075 1.261 1.500 1.480 1.415 1.342 1.108 -0.586 
5.000 79.430 -1.797 -1.323 -1.099 -0.811 -0.446 -0.186 0.152 0.358 0.617 0.760 0.922 1.101 1.332 1.310 1.245 1.172 0.944 -0.724 
5.000 100.000 -1.899 -1.438 -1.215 -0.930 -0.572 -0.316 0.018 0.218 0.467 0.602 0.754 0.925 1.147 1.122 1.056 0.984 0.763 -0.873 
5.000 125.890 -2.005 -1.557 -1.336 -1.053 -0.703 -0.453 -0.126 0.066 0.304 0.430 0.568 0.730 0.940 0.911 0.844 0.772 0.561 -1.033 
5.000 158.490 -2.115 -1.681 -1.461 -1.183 -0.843 -0.600 -0.280 -0.098 0.125 0.239 0.360 0.510 0.705 0.672 0.602 0.532 0.333 -1.210 
5.000 199.530 -2.232 -1.812 -1.594 -1.321 -0.994 -0.759 -0.449 -0.279 -0.075 0.024 0.124 0.258 0.435 0.396 0.325 0.256 0.071 -1.406 
5.000 251.190 -2.357 -1.950 -1.735 -1.469 -1.157 -0.933 -0.636 -0.482 -0.300 -0.221 -0.147 -0.032 0.121 0.074 0.001 -0.066 -0.232 -1.628 
5.000 316.230 -2.491 -2.098 -1.886 -1.628 -1.337 -1.127 -0.845 -0.710 -0.558 -0.503 -0.462 -0.372 -0.248 -0.305 -0.380 -0.446 -0.589 -1.880 
5.000 398.110 -2.638 -2.258 -2.051 -1.804 -1.538 -1.345 -1.083 -0.973 -0.857 -0.832 -0.833 -0.775 -0.687 -0.756 -0.835 -0.898 -1.011 -2.173 
5.000 501.190 -2.801 -2.435 -2.232 -1.999 -1.765 -1.593 -1.356 -1.277 -1.208 -1.221 -1.274 -1.255 -1.213 -1.298 -1.381 -1.441 -1.517 -2.515 
5.000 630.960 -2.983 -2.631 -2.435 -2.218 -2.024 -1.880 -1.674 -1.634 -1.623 -1.684 -1.804 -1.834 -1.851 -1.955 -2.043 -2.099 -2.129 -2.920 
5.000 794.330 -3.190 -2.852 -2.664 -2.468 -2.325 -2.215 -2.049 -2.057 -2.120 -2.242 -2.444 -2.537 -2.627 -2.756 -2.851 -2.902 -2.872 -3.404 
5.000 1000.000 -3.428 -3.104 -2.926 -2.758 -2.678 -2.611 -2.494 -2.564 -2.720 -2.917 -3.225 -3.396 -3.579 -3.738 -3.841 -3.886 -3.783 -3.987 
5.250 1.000 -0.294 0.321 0.541 0.828 1.204 1.471 1.814 2.032 2.316 2.479 2.676 2.874 3.130 3.124 3.064 2.991 2.736 0.977 
5.250 1.260 -0.302 0.312 0.531 0.818 1.194 1.461 1.805 2.022 2.306 2.469 2.666 2.864 3.120 3.114 3.054 2.981 2.726 0.967 
5.250 1.580 -0.314 0.297 0.517 0.804 1.180 1.447 1.790 2.007 2.291 2.454 2.651 2.849 3.105 3.099 3.039 2.966 2.711 0.952 
5.250 2.000 -0.333 0.276 0.495 0.782 1.158 1.425 1.768 1.985 2.270 2.433 2.629 2.827 3.083 3.077 3.017 2.944 2.689 0.931 
5.250 2.510 -0.359 0.246 0.465 0.752 1.128 1.395 1.738 1.955 2.239 2.402 2.599 2.796 3.052 3.046 2.986 2.913 2.658 0.900 
5.250 3.160 -0.396 0.205 0.425 0.712 1.088 1.354 1.697 1.914 2.198 2.361 2.557 2.754 3.010 3.004 2.944 2.871 2.616 0.859 
5.250 3.980 -0.443 0.153 0.373 0.660 1.035 1.302 1.645 1.861 2.145 2.308 2.504 2.701 2.956 2.950 2.890 2.817 2.562 0.806 
5.250 5.010 -0.501 0.090 0.310 0.596 0.972 1.238 1.581 1.797 2.080 2.243 2.438 2.635 2.890 2.884 2.824 2.751 2.496 0.741 
5.250 6.310 -0.569 0.017 0.236 0.522 0.898 1.164 1.506 1.722 2.005 2.167 2.362 2.558 2.812 2.807 2.746 2.673 2.419 0.666 
5.250 7.940 -0.644 -0.065 0.154 0.440 0.815 1.081 1.423 1.639 1.921 2.082 2.276 2.472 2.726 2.720 2.659 2.586 2.333 0.582 
5.250 10.000 -0.725 -0.154 0.066 0.352 0.726 0.991 1.333 1.548 1.829 1.990 2.183 2.378 2.631 2.624 2.564 2.491 2.238 0.490 
5.250 12.590 -0.809 -0.247 -0.028 0.258 0.631 0.896 1.237 1.452 1.732 1.891 2.083 2.277 2.529 2.522 2.462 2.389 2.137 0.393 
5.250 15.850 -0.897 -0.344 -0.125 0.161 0.533 0.797 1.138 1.351 1.630 1.788 1.978 2.171 2.422 2.414 2.354 2.281 2.030 0.291 
5.250 19.950 -0.986 -0.443 -0.224 0.061 0.432 0.695 1.034 1.247 1.523 1.681 1.869 2.060 2.309 2.301 2.240 2.168 1.918 0.186 
5.250 25.120 -1.077 -0.544 -0.326 -0.042 0.328 0.590 0.928 1.139 1.413 1.569 1.754 1.944 2.190 2.181 2.120 2.048 1.800 0.076 
5.250 31.620 -1.169 -0.648 -0.429 -0.146 0.221 0.482 0.819 1.028 1.299 1.452 1.634 1.821 2.065 2.055 1.994 1.922 1.676 -0.038 
5.250 39.810 -1.263 -0.753 -0.535 -0.253 0.112 0.371 0.706 0.912 1.180 1.330 1.508 1.692 1.932 1.921 1.859 1.788 1.545 -0.156 
5.250 50.120 -1.358 -0.860 -0.642 -0.362 0.000 0.257 0.589 0.793 1.056 1.202 1.375 1.555 1.790 1.778 1.715 1.644 1.405 -0.279 
5.250 63.100 -1.455 -0.969 -0.752 -0.473 -0.115 0.139 0.468 0.667 0.925 1.066 1.232 1.407 1.637 1.622 1.560 1.489 1.255 -0.410 
5.250 79.430 -1.554 -1.081 -0.865 -0.588 -0.235 0.016 0.341 0.535 0.785 0.921 1.079 1.247 1.469 1.453 1.389 1.319 1.091 -0.548 
5.250 100.000 -1.656 -1.196 -0.981 -0.707 -0.360 -0.114 0.206 0.395 0.636 0.763 0.911 1.072 1.284 1.265 1.200 1.130 0.910 -0.696 
5.250 125.890 -1.762 -1.315 -1.101 -0.830 -0.492 -0.251 0.063 0.244 0.473 0.591 0.725 0.876 1.077 1.054 0.988 0.919 0.708 -0.857 
5.250 158.490 -1.873 -1.439 -1.227 -0.960 -0.632 -0.398 -0.092 0.079 0.294 0.400 0.517 0.656 0.842 0.814 0.747 0.679 0.480 -1.033 
5.250 199.530 -1.990 -1.569 -1.359 -1.098 -0.782 -0.557 -0.260 -0.102 0.094 0.185 0.282 0.405 0.573 0.538 0.470 0.403 0.218 -1.229 
5.250 251.190 -2.114 -1.707 -1.500 -1.246 -0.946 -0.731 -0.447 -0.304 -0.131 -0.060 0.011 0.114 0.259 0.216 0.146 0.081 -0.086 -1.451 
5.250 316.230 -2.249 -1.856 -1.652 -1.405 -1.126 -0.925 -0.656 -0.533 -0.389 -0.342 -0.305 -0.226 -0.110 -0.163 -0.235 -0.299 -0.442 -1.704 
5.250 398.110 -2.396 -2.016 -1.816 -1.581 -1.327 -1.143 -0.894 -0.795 -0.688 -0.671 -0.676 -0.628 -0.549 -0.614 -0.690 -0.751 -0.864 -1.996 
5.250 501.190 -2.558 -2.192 -1.998 -1.775 -1.553 -1.391 -1.167 -1.099 -1.039 -1.060 -1.117 -1.108 -1.076 -1.156 -1.236 -1.294 -1.371 -2.338 
5.250 630.960 -2.740 -2.388 -2.200 -1.995 -1.813 -1.678 -1.485 -1.456 -1.454 -1.523 -1.646 -1.687 -1.713 -1.813 -1.898 -1.952 -1.982 -2.743 
5.250 794.330 -2.947 -2.609 -2.429 -2.245 -2.114 -2.013 -1.860 -1.880 -1.951 -2.081 -2.287 -2.390 -2.490 -2.614 -2.706 -2.755 -2.725 -3.227 
5.250 1000.000 -3.186 -2.862 -2.692 -2.534 -2.467 -2.409 -2.305 -2.387 -2.551 -2.756 -3.068 -3.249 -3.441 -3.596 -3.696 -3.739 -3.636 -3.810 
5.500 1.000 -0.166 0.444 0.655 0.931 1.295 1.552 1.882 2.088 2.363 2.518 2.710 2.897 3.143 3.143 3.085 3.014 2.759 1.032 
5.500 1.260 -0.170 0.438 0.650 0.925 1.289 1.546 1.877 2.082 2.357 2.512 2.705 2.891 3.137 3.137 3.079 3.008 2.753 1.026 
5.500 1.580 -0.177 0.429 0.641 0.916 1.281 1.538 1.868 2.073 2.348 2.503 2.696 2.882 3.128 3.128 3.070 2.999 2.744 1.017 
5.500 2.000 -0.187 0.416 0.628 0.903 1.267 1.524 1.854 2.060 2.335 2.490 2.682 2.868 3.114 3.114 3.056 2.985 2.730 1.004 
5.500 2.510 -0.204 0.397 0.608 0.884 1.248 1.505 1.835 2.040 2.315 2.470 2.662 2.848 3.094 3.094 3.036 2.965 2.710 0.984 
5.500 3.160 -0.228 0.369 0.581 0.856 1.220 1.477 1.807 2.012 2.287 2.442 2.634 2.820 3.066 3.065 3.008 2.937 2.682 0.956 
5.500 3.980 -0.261 0.332 0.543 0.819 1.182 1.439 1.769 1.974 2.248 2.403 2.595 2.781 3.026 3.026 2.968 2.897 2.642 0.918 
5.500 5.010 -0.305 0.283 0.494 0.769 1.133 1.390 1.719 1.924 2.198 2.353 2.544 2.730 2.975 2.974 2.917 2.846 2.591 0.867 
5.500 6.310 -0.360 0.222 0.434 0.709 1.072 1.328 1.658 1.862 2.136 2.290 2.481 2.666 2.911 2.910 2.852 2.781 2.527 0.805 
5.500 7.940 -0.425 0.151 0.362 0.637 1.000 1.256 1.585 1.789 2.062 2.216 2.406 2.591 2.835 2.834 2.776 2.705 2.452 0.732 
5.500 10.000 -0.497 0.071 0.282 0.557 0.919 1.175 1.503 1.707 1.979 2.132 2.321 2.505 2.749 2.747 2.690 2.619 2.366 0.649 
5.500 12.590 -0.577 -0.016 0.195 0.469 0.831 1.086 1.414 1.617 1.888 2.040 2.228 2.411 2.653 2.652 2.594 2.523 2.271 0.558 
5.500 15.850 -0.660 -0.109 0.102 0.376 0.737 0.991 1.318 1.520 1.790 1.941 2.127 2.309 2.550 2.548 2.490 2.419 2.168 0.460 
5.500 19.950 -0.747 -0.206 0.005 0.279 0.638 0.892 1.218 1.419 1.687 1.836 2.020 2.201 2.440 2.437 2.379 2.309 2.059 0.357 
5.500 25.120 -0.837 -0.305 -0.095 0.178 0.536 0.788 1.114 1.313 1.578 1.726 1.908 2.086 2.323 2.320 2.261 2.191 1.943 0.249 
5.500 31.620 -0.928 -0.407 -0.197 0.075 0.431 0.682 1.005 1.203 1.465 1.611 1.789 1.965 2.199 2.195 2.136 2.066 1.821 0.137 
5.500 39.810 -1.021 -0.512 -0.302 -0.031 0.322 0.572 0.893 1.088 1.347 1.490 1.664 1.837 2.067 2.062 2.003 1.933 1.690 0.019 
5.500 50.120 -1.116 -0.618 -0.409 -0.139 0.211 0.458 0.777 0.969 1.224 1.362 1.531 1.700 1.926 1.919 1.859 1.790 1.551 -0.104 
5.500 63.100 -1.212 -0.727 -0.518 -0.251 0.096 0.340 0.656 0.844 1.093 1.226 1.389 1.553 1.773 1.764 1.704 1.635 1.401 -0.233 
5.500 79.430 -1.311 -0.839 -0.631 -0.365 -0.024 0.217 0.529 0.712 0.954 1.081 1.235 1.394 1.606 1.594 1.534 1.465 1.237 -0.371 
5.500 100.000 -1.414 -0.954 -0.747 -0.484 -0.149 0.088 0.395 0.572 0.804 0.924 1.068 1.218 1.421 1.407 1.345 1.277 1.056 -0.519 
5.500 125.890 -1.519 -1.073 -0.867 -0.607 -0.281 -0.049 0.252 0.421 0.641 0.752 0.882 1.023 1.214 1.196 1.133 1.066 0.854 -0.680 
5.500 158.490 -1.630 -1.197 -0.993 -0.737 -0.421 -0.196 0.097 0.256 0.462 0.561 0.674 0.803 0.980 0.956 0.892 0.826 0.626 -0.856 
5.500 199.530 -1.747 -1.327 -1.125 -0.875 -0.571 -0.355 -0.072 0.075 0.263 0.346 0.439 0.551 0.710 0.680 0.615 0.550 0.365 -1.053 
5.500 251.190 -1.872 -1.465 -1.266 -1.022 -0.735 -0.529 -0.258 -0.127 0.037 0.101 0.168 0.261 0.396 0.359 0.291 0.228 0.061 -1.274 
5.500 316.230 -2.006 -1.613 -1.417 -1.182 -0.915 -0.723 -0.468 -0.356 -0.221 -0.181 -0.147 -0.079 0.027 -0.020 -0.090 -0.152 -0.295 -1.527 
5.500 398.110 -2.153 -1.774 -1.582 -1.358 -1.115 -0.941 -0.705 -0.618 -0.520 -0.510 -0.518 -0.481 -0.412 -0.472 -0.545 -0.604 -0.718 -1.819 
5.500 501.190 -2.316 -1.950 -1.763 -1.552 -1.342 -1.189 -0.978 -0.922 -0.870 -0.899 -0.960 -0.962 -0.939 -1.014 -1.091 -1.147 -1.224 -2.161 
5.500 630.960 -2.498 -2.146 -1.966 -1.772 -1.602 -1.476 -1.296 -1.279 -1.286 -1.362 -1.489 -1.540 -1.576 -1.670 -1.753 -1.805 -1.835 -2.566 
5.500 794.330 -2.705 -2.367 -2.195 -2.022 -1.903 -1.811 -1.671 -1.702 -1.783 -1.920 -2.130 -2.243 -2.352 -2.471 -2.560 -2.608 -2.579 -3.050 
5.500 1000.000 -2.943 -2.619 -2.457 -2.311 -2.256 -2.208 -2.116 -2.210 -2.382 -2.595 -2.911 -3.102 -3.304 -3.454 -3.551 -3.592 -3.489 -3.634 
5.750 1.000 -0.042 0.563 0.766 1.030 1.382 1.629 1.946 2.139 2.405 2.552 2.740 2.916 3.152 3.156 3.101 3.032 2.777 1.083 
5.750 1.260 -0.043 0.559 0.763 1.027 1.379 1.626 1.943 2.136 2.402 2.549 2.737 2.912 3.148 3.153 3.098 3.029 2.774 1.079 
5.750 1.580 -0.047 0.554 0.758 1.022 1.374 1.621 1.938 2.131 2.397 2.544 2.732 2.907 3.143 3.147 3.092 3.023 2.769 1.074 
5.750 2.000 -0.052 0.546 0.750 1.014 1.366 1.613 1.930 2.123 2.389 2.536 2.723 2.899 3.135 3.139 3.084 3.015 2.760 1.066 
5.750 2.510 -0.061 0.535 0.738 1.002 1.354 1.601 1.918 2.111 2.376 2.523 2.711 2.886 3.122 3.127 3.072 3.003 2.748 1.054 
5.750 3.160 -0.075 0.517 0.721 0.985 1.336 1.583 1.900 2.093 2.358 2.505 2.693 2.868 3.104 3.108 3.053 2.984 2.730 1.036 
5.750 3.980 -0.097 0.492 0.695 0.959 1.311 1.558 1.874 2.067 2.333 2.479 2.667 2.842 3.077 3.081 3.027 2.957 2.703 1.010 
5.750 5.010 -0.127 0.457 0.660 0.924 1.276 1.523 1.839 2.032 2.297 2.443 2.630 2.805 3.040 3.044 2.989 2.920 2.666 0.974 
5.750 6.310 -0.168 0.411 0.614 0.878 1.229 1.476 1.792 1.985 2.249 2.395 2.582 2.756 2.991 2.995 2.940 2.871 2.617 0.927 
5.750 7.940 -0.219 0.353 0.557 0.820 1.171 1.417 1.733 1.925 2.189 2.335 2.521 2.695 2.929 2.933 2.878 2.809 2.556 0.867 
5.750 10.000 -0.281 0.284 0.488 0.751 1.101 1.347 1.663 1.854 2.118 2.263 2.448 2.621 2.855 2.858 2.803 2.734 2.482 0.796 
5.750 12.590 -0.352 0.206 0.409 0.672 1.022 1.267 1.582 1.773 2.035 2.180 2.364 2.536 2.769 2.772 2.717 2.648 2.396 0.714 
5.750 15.850 -0.429 0.120 0.323 0.586 0.934 1.179 1.493 1.683 1.944 2.087 2.270 2.441 2.672 2.675 2.620 2.551 2.300 0.623 
5.750 19.950 -0.512 0.028 0.231 0.493 0.840 1.084 1.398 1.587 1.846 1.987 2.168 2.338 2.567 2.569 2.514 2.445 2.196 0.524 
5.750 25.120 -0.599 -0.069 0.134 0.395 0.741 0.984 1.296 1.484 1.741 1.881 2.058 2.226 2.454 2.455 2.399 2.331 2.083 0.420 
5.750 31.620 -0.688 -0.169 0.033 0.294 0.638 0.880 1.190 1.376 1.630 1.767 1.942 2.108 2.332 2.333 2.277 2.208 1.963 0.310 
5.750 39.810 -0.780 -0.272 -0.070 0.190 0.531 0.771 1.080 1.263 1.513 1.648 1.818 1.981 2.202 2.201 2.145 2.077 1.834 0.194 
5.750 50.120 -0.874 -0.378 -0.176 0.082 0.421 0.658 0.965 1.144 1.390 1.521 1.686 1.845 2.061 2.059 2.002 1.934 1.696 0.071 
5.750 63.100 -0.970 -0.486 -0.285 -0.028 0.306 0.541 0.844 1.020 1.260 1.386 1.545 1.699 1.909 1.905 1.848 1.780 1.546 -0.058 
5.750 79.430 -1.069 -0.597 -0.397 -0.143 0.187 0.418 0.717 0.889 1.121 1.241 1.392 1.539 1.742 1.736 1.678 1.611 1.383 -0.195 
5.750 100.000 -1.171 -0.712 -0.513 -0.261 0.062 0.289 0.583 0.749 0.972 1.084 1.224 1.364 1.558 1.548 1.490 1.423 1.202 -0.343 
5.750 125.890 -1.277 -0.831 -0.633 -0.385 -0.070 0.152 0.440 0.598 0.809 0.912 1.039 1.169 1.351 1.338 1.278 1.212 1.001 -0.503 
5.750 158.490 -1.388 -0.955 -0.759 -0.514 -0.210 0.006 0.286 0.433 0.631 0.721 0.832 0.949 1.117 1.098 1.037 0.973 0.773 -0.680 
5.750 199.530 -1.505 -1.085 -0.891 -0.652 -0.360 -0.153 0.117 0.252 0.431 0.507 0.596 0.698 0.847 0.822 0.760 0.696 0.511 -0.876 
5.750 251.190 -1.629 -1.223 -1.032 -0.799 -0.523 -0.328 -0.070 0.050 0.206 0.262 0.325 0.407 0.533 0.501 0.436 0.374 0.208 -1.097 
5.750 316.230 -1.764 -1.371 -1.183 -0.959 -0.703 -0.521 -0.279 -0.179 -0.052 -0.020 0.010 0.067 0.164 0.122 0.055 -0.005 -0.148 -1.350 
5.750 398.110 -1.911 -1.532 -1.348 -1.134 -0.904 -0.739 -0.516 -0.441 -0.351 -0.349 -0.361 -0.335 -0.275 -0.329 -0.400 -0.457 -0.571 -1.642 
5.750 501.190 -2.073 -1.708 -1.529 -1.329 -1.131 -0.987 -0.789 -0.745 -0.702 -0.738 -0.802 -0.815 -0.802 -0.871 -0.946 -1.000 -1.077 -1.985 
5.750 630.960 -2.256 -1.904 -1.731 -1.549 -1.390 -1.274 -1.107 -1.102 -1.117 -1.201 -1.332 -1.394 -1.439 -1.528 -1.608 -1.658 -1.688 -2.389 
5.750 794.330 -2.463 -2.125 -1.960 -1.799 -1.691 -1.610 -1.482 -1.525 -1.614 -1.759 -1.972 -2.097 -2.215 -2.329 -2.415 -2.461 -2.432 -2.873 
5.750 1000.000 -2.701 -2.377 -2.223 -2.088 -2.044 -2.006 -1.927 -2.032 -2.214 -2.434 -2.753 -2.956 -3.167 -3.311 -3.406 -3.445 -3.342 -3.457 
6.000 1.000 0.080 0.679 0.875 1.127 1.467 1.704 2.007 2.188 2.444 2.583 2.766 2.930 3.156 3.165 3.113 3.046 2.792 1.131 
6.000 1.260 0.080 0.677 0.873 1.125 1.465 1.702 2.005 2.186 2.443 2.581 2.764 2.928 3.154 3.163 3.111 3.044 2.790 1.129 
6.000 1.580 0.079 0.674 0.870 1.122 1.462 1.699 2.002 2.183 2.440 2.578 2.761 2.925 3.151 3.160 3.108 3.041 2.787 1.126 
6.000 2.000 0.076 0.670 0.865 1.118 1.457 1.695 1.998 2.179 2.435 2.574 2.757 2.920 3.146 3.155 3.103 3.036 2.782 1.121 
6.000 2.510 0.072 0.663 0.858 1.111 1.450 1.688 1.991 2.172 2.428 2.566 2.749 2.913 3.139 3.148 3.096 3.028 2.774 1.114 
6.000 3.160 0.064 0.652 0.848 1.100 1.440 1.677 1.980 2.161 2.417 2.555 2.738 2.902 3.127 3.137 3.084 3.017 2.763 1.103 
6.000 3.980 0.052 0.636 0.832 1.084 1.424 1.661 1.964 2.144 2.400 2.539 2.721 2.885 3.110 3.120 3.067 3.000 2.746 1.086 
6.000 5.010 0.033 0.613 0.809 1.061 1.400 1.637 1.940 2.121 2.376 2.515 2.697 2.860 3.086 3.095 3.042 2.975 2.721 1.062 
6.000 6.310 0.006 0.581 0.776 1.029 1.368 1.604 1.907 2.088 2.343 2.481 2.663 2.826 3.051 3.060 3.007 2.940 2.687 1.029 
6.000 7.940 -0.031 0.538 0.733 0.985 1.324 1.561 1.863 2.043 2.298 2.435 2.617 2.780 3.004 3.013 2.960 2.893 2.640 0.984 
6.000 10.000 -0.080 0.483 0.678 0.930 1.268 1.505 1.807 1.986 2.240 2.377 2.558 2.720 2.944 2.953 2.900 2.833 2.581 0.927 
6.000 12.590 -0.139 0.417 0.612 0.863 1.201 1.437 1.738 1.917 2.171 2.307 2.487 2.648 2.871 2.879 2.826 2.759 2.508 0.857 
6.000 15.850 -0.207 0.340 0.535 0.786 1.123 1.358 1.659 1.837 2.089 2.224 2.403 2.563 2.785 2.792 2.740 2.673 2.422 0.776 
6.000 19.950 -0.283 0.255 0.450 0.701 1.036 1.271 1.571 1.748 1.998 2.132 2.308 2.467 2.687 2.694 2.641 2.575 2.325 0.685 
6.000 25.120 -0.365 0.164 0.358 0.608 0.942 1.176 1.475 1.650 1.898 2.030 2.204 2.361 2.579 2.586 2.533 2.466 2.218 0.586 
6.000 31.620 -0.451 0.067 0.261 0.511 0.843 1.075 1.372 1.546 1.791 1.921 2.092 2.246 2.461 2.467 2.413 2.347 2.102 0.479 
6.000 39.810 -0.541 -0.034 0.160 0.408 0.738 0.969 1.264 1.435 1.677 1.804 1.970 2.122 2.333 2.338 2.284 2.218 1.975 0.366 
6.000 50.120 -0.634 -0.138 0.055 0.302 0.629 0.857 1.150 1.319 1.556 1.679 1.840 1.988 2.195 2.198 2.144 2.078 1.839 0.245 
6.000 63.100 -0.729 -0.245 -0.053 0.193 0.515 0.741 1.031 1.195 1.427 1.545 1.700 1.843 2.044 2.045 1.990 1.925 1.690 0.117 
6.000 79.430 -0.827 -0.356 -0.164 0.079 0.397 0.619 0.905 1.065 1.289 1.401 1.547 1.684 1.878 1.876 1.821 1.756 1.528 -0.020 
6.000 100.000 -0.929 -0.470 -0.279 -0.039 0.272 0.490 0.771 0.925 1.140 1.244 1.381 1.509 1.694 1.689 1.633 1.569 1.348 -0.167 
6.000 125.890 -1.035 -0.589 -0.399 -0.162 0.141 0.354 0.629 0.774 0.977 1.073 1.196 1.315 1.488 1.479 1.422 1.358 1.147 -0.327 
6.000 158.490 -1.145 -0.713 -0.525 -0.292 0.001 0.207 0.474 0.610 0.799 0.882 0.988 1.095 1.253 1.240 1.182 1.119 0.919 -0.503 
6.000 199.530 -1.262 -0.843 -0.657 -0.429 -0.149 0.048 0.306 0.429 0.599 0.667 0.753 0.844 0.984 0.964 0.904 0.843 0.657 -0.699 
6.000 251.190 -1.387 -0.981 -0.797 -0.576 -0.312 -0.126 0.119 0.227 0.374 0.423 0.482 0.554 0.670 0.643 0.581 0.521 0.354 -0.921 
6.000 316.230 -1.522 -1.129 -0.949 -0.736 -0.492 -0.319 -0.090 -0.001 0.116 0.141 0.167 0.214 0.301 0.264 0.199 0.141 -0.002 -1.173 
6.000 398.110 -1.668 -1.289 -1.113 -0.911 -0.693 -0.537 -0.328 -0.264 -0.183 -0.188 -0.204 -0.188 -0.138 -0.187 -0.255 -0.310 -0.424 -1.466 
6.000 501.190 -1.831 -1.466 -1.295 -1.106 -0.919 -0.786 -0.601 -0.568 -0.533 -0.577 -0.645 -0.668 -0.664 -0.729 -0.801 -0.854 -0.930 -1.808 
6.000 630.960 -2.013 -1.662 -1.497 -1.326 -1.179 -1.072 -0.919 -0.924 -0.948 -1.040 -1.175 -1.247 -1.302 -1.386 -1.463 -1.512 -1.542 -2.213 
6.000 794.330 -2.220 -1.882 -1.726 -1.576 -1.480 -1.408 -1.293 -1.348 -1.445 -1.598 -1.815 -1.950 -2.078 -2.187 -2.270 -2.314 -2.285 -2.697 
6.000 1000.000 -2.459 -2.135 -1.989 -1.865 -1.833 -1.804 -1.739 -1.855 -2.045 -2.273 -2.596 -2.809 -3.029 -3.169 -3.261 -3.298 -3.195 -3.280 
6.250 1.000 0.201 0.794 0.981 1.222 1.549 1.777 2.066 2.235 2.481 2.611 2.789 2.941 3.157 3.170 3.121 3.056 2.802 1.176 
6.250 1.260 0.201 0.793 0.980 1.221 1.548 1.776 2.065 2.234 2.480 2.610 2.788 2.940 3.155 3.169 3.120 3.054 2.801 1.174 
6.250 1.580 0.201 0.791 0.979 1.220 1.547 1.774 2.063 2.232 2.478 2.608 2.786 2.938 3.154 3.167 3.118 3.053 2.799 1.173 
6.250 2.000 0.200 0.789 0.976 1.217 1.544 1.771 2.061 2.229 2.475 2.606 2.784 2.936 3.151 3.165 3.115 3.050 2.796 1.170 
6.250 2.510 0.199 0.785 0.972 1.213 1.540 1.767 2.057 2.225 2.471 2.601 2.779 2.931 3.147 3.160 3.111 3.045 2.792 1.166 
6.250 3.160 0.195 0.778 0.966 1.207 1.534 1.761 2.050 2.219 2.465 2.595 2.773 2.925 3.140 3.153 3.104 3.039 2.785 1.159 
6.250 3.980 0.189 0.769 0.956 1.197 1.524 1.751 2.040 2.209 2.455 2.585 2.762 2.914 3.129 3.143 3.093 3.028 2.775 1.149 
6.250 5.010 0.179 0.754 0.942 1.183 1.509 1.736 2.026 2.194 2.440 2.569 2.747 2.899 3.114 3.127 3.077 3.012 2.759 1.134 
6.250 6.310 0.162 0.733 0.921 1.161 1.488 1.715 2.004 2.172 2.418 2.547 2.724 2.876 3.090 3.104 3.054 2.989 2.736 1.112 
6.250 7.940 0.138 0.704 0.891 1.132 1.458 1.684 1.973 2.141 2.386 2.516 2.692 2.844 3.058 3.071 3.021 2.956 2.704 1.081 
6.250 10.000 0.104 0.663 0.850 1.091 1.417 1.643 1.932 2.099 2.344 2.472 2.649 2.799 3.013 3.026 2.976 2.911 2.659 1.039 
6.250 12.590 0.059 0.611 0.798 1.039 1.364 1.590 1.878 2.045 2.289 2.417 2.592 2.742 2.955 2.968 2.918 2.853 2.601 0.984 
6.250 15.850 0.003 0.547 0.734 0.974 1.299 1.524 1.812 1.978 2.220 2.347 2.521 2.670 2.882 2.895 2.845 2.780 2.529 0.916 
6.250 19.950 -0.063 0.473 0.660 0.899 1.222 1.447 1.734 1.899 2.140 2.266 2.438 2.586 2.796 2.808 2.757 2.693 2.443 0.835 
6.250 25.120 -0.137 0.389 0.576 0.814 1.136 1.360 1.646 1.809 2.048 2.172 2.342 2.488 2.696 2.707 2.657 2.592 2.345 0.744 
6.250 31.620 -0.218 0.298 0.484 0.722 1.042 1.265 1.549 1.711 1.947 2.069 2.236 2.379 2.584 2.595 2.544 2.480 2.234 0.643 
6.250 39.810 -0.305 0.201 0.387 0.624 0.942 1.163 1.445 1.604 1.837 1.956 2.119 2.259 2.461 2.470 2.419 2.355 2.113 0.534 
6.250 50.120 -0.395 0.099 0.285 0.521 0.835 1.054 1.334 1.490 1.719 1.834 1.991 2.128 2.325 2.333 2.282 2.218 1.979 0.416 
6.250 63.100 -0.489 -0.006 0.179 0.413 0.723 0.939 1.216 1.369 1.591 1.702 1.853 1.985 2.176 2.182 2.130 2.067 1.833 0.290 
6.250 79.430 -0.586 -0.116 0.068 0.300 0.606 0.818 1.091 1.239 1.454 1.559 1.702 1.828 2.012 2.015 1.963 1.900 1.671 0.155 
6.250 100.000 -0.688 -0.229 -0.046 0.183 0.482 0.691 0.959 1.100 1.306 1.403 1.536 1.654 1.829 1.829 1.776 1.714 1.492 0.008 
6.250 125.890 -0.793 -0.347 -0.166 0.060 0.352 0.554 0.816 0.950 1.145 1.232 1.352 1.460 1.623 1.620 1.566 1.504 1.292 -0.151 
6.250 158.490 -0.903 -0.471 -0.291 -0.069 0.212 0.408 0.662 0.787 0.966 1.042 1.145 1.241 1.389 1.381 1.325 1.265 1.064 -0.327 
6.250 199.530 -1.020 -0.601 -0.423 -0.206 0.062 0.250 0.494 0.606 0.767 0.828 0.909 0.990 1.120 1.106 1.048 0.989 0.803 -0.523 
6.250 251.190 -1.145 -0.739 -0.563 -0.354 -0.101 0.076 0.308 0.404 0.542 0.583 0.639 0.700 0.807 0.785 0.725 0.667 0.500 -0.744 
6.250 316.230 -1.279 -0.887 -0.714 -0.513 -0.281 -0.118 0.099 0.176 0.284 0.302 0.324 0.360 0.438 0.406 0.344 0.288 0.145 -0.997 
6.250 398.110 -1.426 -1.047 -0.879 -0.688 -0.481 -0.336 -0.139 -0.086 -0.014 -0.028 -0.047 -0.042 -0.001 -0.045 -0.110 -0.164 -0.278 -1.289 
6.250 501.190 -1.589 -1.223 -1.060 -0.883 -0.708 -0.584 -0.412 -0.390 -0.365 -0.416 -0.488 -0.522 -0.527 -0.587 -0.656 -0.707 -0.784 -1.631 
6.250 630.960 -1.771 -1.419 -1.263 -1.102 -0.968 -0.871 -0.730 -0.747 -0.780 -0.879 -1.017 -1.101 -1.164 -1.244 -1.318 -1.365 -1.395 -2.036 
6.250 794.330 -1.978 -1.640 -1.492 -1.353 -1.268 -1.206 -1.104 -1.171 -1.277 -1.437 -1.658 -1.803 -1.941 -2.044 -2.125 -2.167 -2.139 -2.520 
6.250 1000.000 -2.216 -1.892 -1.754 -1.642 -1.621 -1.602 -1.550 -1.678 -1.877 -2.112 -2.439 -2.662 -2.892 -3.027 -3.116 -3.151 -3.049 -3.103 
6.500 1.000 0.320 0.908 1.087 1.316 1.630 1.847 2.123 2.279 2.515 2.636 2.808 2.948 3.153 3.171 3.124 3.060 2.808 1.218 
6.500 1.260 0.320 0.907 1.086 1.316 1.630 1.847 2.122 2.278 2.514 2.635 2.808 2.948 3.152 3.170 3.123 3.060 2.808 1.217 
6.500 1.580 0.321 0.906 1.085 1.315 1.629 1.846 2.121 2.277 2.513 2.634 2.806 2.947 3.151 3.169 3.122 3.059 2.807 1.216 
6.500 2.000 0.321 0.905 1.084 1.313 1.627 1.844 2.120 2.276 2.511 2.632 2.805 2.945 3.149 3.167 3.120 3.057 2.805 1.215 
6.500 2.510 0.321 0.902 1.082 1.311 1.625 1.842 2.117 2.273 2.509 2.630 2.802 2.942 3.147 3.165 3.118 3.055 2.802 1.212 
6.500 3.160 0.320 0.899 1.078 1.307 1.621 1.838 2.114 2.269 2.505 2.626 2.798 2.938 3.143 3.161 3.114 3.050 2.798 1.208 
6.500 3.980 0.318 0.893 1.072 1.302 1.616 1.832 2.108 2.264 2.499 2.620 2.792 2.932 3.136 3.155 3.107 3.044 2.792 1.202 
6.500 5.010 0.313 0.884 1.064 1.293 1.607 1.823 2.099 2.255 2.490 2.611 2.783 2.923 3.127 3.145 3.098 3.035 2.783 1.193 
6.500 6.310 0.304 0.871 1.051 1.280 1.594 1.810 2.085 2.241 2.476 2.597 2.769 2.908 3.112 3.130 3.083 3.020 2.768 1.179 
6.500 7.940 0.290 0.852 1.031 1.260 1.574 1.790 2.066 2.221 2.456 2.576 2.748 2.887 3.091 3.108 3.061 2.998 2.747 1.159 
6.500 10.000 0.269 0.825 1.004 1.233 1.546 1.762 2.037 2.192 2.427 2.547 2.718 2.857 3.059 3.077 3.030 2.967 2.716 1.130 
6.500 12.590 0.238 0.787 0.966 1.195 1.508 1.723 1.998 2.152 2.386 2.506 2.676 2.814 3.016 3.034 2.987 2.924 2.673 1.090 
6.500 15.850 0.196 0.738 0.917 1.145 1.457 1.673 1.947 2.100 2.333 2.452 2.621 2.758 2.959 2.977 2.929 2.866 2.617 1.037 
6.500 19.950 0.143 0.676 0.855 1.083 1.394 1.609 1.882 2.035 2.267 2.384 2.551 2.688 2.887 2.904 2.857 2.794 2.545 0.970 
6.500 25.120 0.079 0.604 0.782 1.010 1.319 1.533 1.805 1.957 2.187 2.302 2.468 2.602 2.800 2.816 2.768 2.706 2.459 0.891 
6.500 31.620 0.006 0.521 0.700 0.926 1.234 1.447 1.718 1.867 2.094 2.208 2.370 2.503 2.698 2.713 2.665 2.603 2.358 0.799 
6.500 39.810 -0.074 0.431 0.608 0.834 1.140 1.351 1.620 1.767 1.991 2.102 2.260 2.390 2.582 2.596 2.547 2.485 2.243 0.696 
6.500 50.120 -0.160 0.333 0.511 0.735 1.038 1.247 1.513 1.658 1.877 1.984 2.138 2.264 2.451 2.464 2.415 2.353 2.114 0.583 
6.500 63.100 -0.251 0.230 0.407 0.630 0.929 1.135 1.399 1.540 1.753 1.856 2.003 2.124 2.306 2.316 2.267 2.206 1.971 0.460 
6.500 79.430 -0.347 0.123 0.299 0.520 0.813 1.016 1.276 1.412 1.618 1.715 1.854 1.969 2.144 2.152 2.102 2.041 1.813 0.327 
6.500 100.000 -0.447 0.011 0.186 0.404 0.691 0.890 1.145 1.275 1.472 1.561 1.690 1.797 1.962 1.968 1.917 1.856 1.635 0.182 
6.500 125.890 -0.552 -0.107 0.067 0.282 0.561 0.755 1.003 1.126 1.311 1.391 1.506 1.604 1.758 1.759 1.708 1.648 1.436 0.023 
6.500 158.490 -0.662 -0.230 -0.057 0.153 0.422 0.609 0.850 0.963 1.133 1.201 1.300 1.385 1.525 1.521 1.468 1.409 1.209 -0.152 
6.500 199.530 -0.778 -0.359 -0.189 0.016 0.273 0.451 0.682 0.782 0.935 0.987 1.065 1.135 1.256 1.247 1.192 1.134 0.949 -0.347 
6.500 251.190 -0.903 -0.497 -0.329 -0.131 0.110 0.277 0.496 0.581 0.710 0.743 0.795 0.845 0.943 0.926 0.869 0.813 0.646 -0.568 
6.500 316.230 -1.037 -0.645 -0.480 -0.290 -0.070 0.084 0.287 0.352 0.452 0.462 0.480 0.506 0.574 0.547 0.488 0.434 0.291 -0.820 
6.500 398.110 -1.184 -0.805 -0.645 -0.465 -0.270 -0.134 0.050 0.091 0.154 0.133 0.110 0.104 0.136 0.097 0.034 -0.018 -0.132 -1.112 
6.500 501.190 -1.346 -0.981 -0.826 -0.660 -0.497 -0.382 -0.223 -0.213 -0.196 -0.255 -0.331 -0.376 -0.390 -0.445 -0.512 -0.560 -0.637 -1.454 
6.500 630.960 -1.529 -1.177 -1.029 -0.879 -0.756 -0.669 -0.541 -0.570 -0.612 -0.718 -0.860 -0.954 -1.027 -1.102 -1.173 -1.218 -1.248 -1.859 
6.500 794.330 -1.736 -1.398 -1.258 -1.130 -1.057 -1.004 -0.916 -0.993 -1.108 -1.276 -1.501 -1.657 -1.804 -1.902 -1.981 -2.020 -1.992 -2.343 
6.500 1000.000 -1.974 -1.650 -1.520 -1.419 -1.410 -1.400 -1.361 -1.501 -1.708 -1.952 -2.282 -2.516 -2.755 -2.884 -2.971 -3.005 -2.902 -2.926 
6.750 1.000 0.438 1.020 1.191 1.408 1.709 1.915 2.177 2.320 2.545 2.656 2.823 2.950 3.143 3.165 3.121 3.060 2.809 1.256 
6.750 1.260 0.439 1.020 1.191 1.408 1.709 1.915 2.177 2.319 2.544 2.656 2.822 2.950 3.142 3.165 3.120 3.059 2.809 1.256 
6.750 1.580 0.439 1.019 1.190 1.407 1.708 1.915 2.176 2.319 2.544 2.655 2.822 2.949 3.142 3.164 3.120 3.059 2.808 1.256 
6.750 2.000 0.440 1.018 1.189 1.407 1.708 1.914 2.175 2.318 2.543 2.655 2.821 2.948 3.141 3.163 3.119 3.058 2.807 1.255 
6.750 2.510 0.441 1.017 1.188 1.405 1.706 1.912 2.174 2.317 2.541 2.653 2.819 2.947 3.139 3.162 3.117 3.056 2.806 1.253 
6.750 3.160 0.441 1.015 1.186 1.403 1.704 1.910 2.172 2.314 2.539 2.651 2.817 2.944 3.137 3.160 3.115 3.054 2.803 1.251 
6.750 3.980 0.441 1.012 1.183 1.400 1.701 1.907 2.168 2.311 2.536 2.647 2.813 2.941 3.133 3.156 3.111 3.050 2.800 1.248 
6.750 5.010 0.439 1.007 1.178 1.395 1.696 1.902 2.163 2.306 2.530 2.642 2.808 2.935 3.127 3.150 3.105 3.044 2.794 1.242 
6.750 6.310 0.436 0.999 1.170 1.387 1.688 1.894 2.155 2.297 2.522 2.633 2.799 2.926 3.118 3.141 3.096 3.035 2.785 1.234 
6.750 7.940 0.429 0.987 1.158 1.375 1.676 1.882 2.143 2.285 2.509 2.620 2.786 2.913 3.105 3.127 3.083 3.021 2.771 1.221 
6.750 10.000 0.417 0.969 1.140 1.358 1.658 1.863 2.124 2.266 2.490 2.601 2.766 2.893 3.084 3.107 3.062 3.001 2.751 1.202 
6.750 12.590 0.398 0.944 1.115 1.332 1.632 1.837 2.098 2.240 2.463 2.573 2.738 2.864 3.055 3.077 3.032 2.971 2.722 1.175 
6.750 15.850 0.370 0.909 1.080 1.297 1.596 1.801 2.061 2.202 2.425 2.534 2.698 2.823 3.013 3.035 2.990 2.929 2.681 1.137 
6.750 19.950 0.331 0.862 1.033 1.249 1.548 1.752 2.012 2.152 2.373 2.482 2.644 2.768 2.957 2.979 2.934 2.873 2.625 1.086 
6.750 25.120 0.281 0.804 0.974 1.190 1.487 1.691 1.949 2.088 2.308 2.415 2.575 2.698 2.885 2.906 2.861 2.800 2.554 1.021 
6.750 31.620 0.220 0.733 0.903 1.118 1.414 1.616 1.873 2.011 2.228 2.333 2.491 2.612 2.796 2.816 2.771 2.710 2.466 0.941 
6.750 39.810 0.149 0.651 0.821 1.035 1.329 1.530 1.785 1.921 2.135 2.237 2.391 2.509 2.691 2.710 2.664 2.603 2.362 0.848 
6.750 50.120 0.069 0.561 0.730 0.943 1.234 1.433 1.686 1.819 2.028 2.127 2.276 2.391 2.568 2.586 2.540 2.479 2.241 0.743 
6.750 63.100 -0.018 0.463 0.632 0.843 1.130 1.326 1.577 1.706 1.910 2.004 2.147 2.257 2.429 2.444 2.398 2.338 2.104 0.625 
6.750 79.430 -0.110 0.359 0.527 0.736 1.018 1.211 1.457 1.582 1.779 1.867 2.002 2.106 2.271 2.284 2.237 2.178 1.949 0.495 
6.750 100.000 -0.208 0.249 0.416 0.622 0.898 1.087 1.329 1.447 1.635 1.716 1.840 1.937 2.092 2.103 2.055 1.996 1.775 0.353 
6.750 125.890 -0.312 0.133 0.299 0.502 0.769 0.953 1.189 1.299 1.476 1.548 1.659 1.746 1.890 1.896 1.848 1.789 1.578 0.196 
6.750 158.490 -0.421 0.011 0.175 0.374 0.632 0.809 1.036 1.137 1.299 1.359 1.454 1.529 1.658 1.660 1.610 1.553 1.352 0.022 
6.750 199.530 -0.537 -0.118 0.044 0.238 0.483 0.651 0.869 0.958 1.101 1.146 1.220 1.279 1.391 1.386 1.334 1.278 1.093 -0.172 
6.750 251.190 -0.661 -0.255 -0.096 0.091 0.320 0.478 0.683 0.757 0.877 0.903 0.951 0.990 1.078 1.066 1.012 0.958 0.791 -0.392 
6.750 316.230 -0.795 -0.403 -0.247 -0.068 0.141 0.285 0.475 0.529 0.620 0.622 0.637 0.651 0.710 0.688 0.632 0.580 0.436 -0.644 
6.750 398.110 -0.942 -0.563 -0.411 -0.243 -0.059 0.067 0.238 0.267 0.322 0.293 0.266 0.250 0.272 0.238 0.178 0.128 0.014 -0.936 
6.750 501.190 -1.104 -0.739 -0.592 -0.437 -0.286 -0.181 -0.035 -0.037 -0.028 -0.095 -0.174 -0.230 -0.254 -0.304 -0.368 -0.414 -0.491 -1.278 
6.750 630.960 -1.286 -0.935 -0.794 -0.657 -0.545 -0.467 -0.353 -0.393 -0.443 -0.558 -0.704 -0.808 -0.891 -0.960 -1.029 -1.072 -1.102 -1.683 
6.750 794.330 -1.493 -1.156 -1.023 -0.907 -0.846 -0.802 -0.727 -0.816 -0.940 -1.115 -1.344 -1.511 -1.667 -1.760 -1.836 -1.874 -1.846 -2.166 
6.750 1000.000 -1.732 -1.408 -1.286 -1.196 -1.199 -1.198 -1.172 -1.324 -1.540 -1.791 -2.125 -2.370 -2.618 -2.742 -2.826 -2.858 -2.756 -2.750 
7.000 1.000 0.554 1.131 1.294 1.499 1.786 1.981 2.228 2.357 2.571 2.672 2.831 2.946 3.126 3.153 3.110 3.051 2.803 1.291 
7.000 1.260 0.555 1.131 1.293 1.499 1.786 1.981 2.228 2.357 2.570 2.672 2.831 2.945 3.126 3.152 3.110 3.051 2.803 1.291 
7.000 1.580 0.556 1.130 1.293 1.498 1.785 1.981 2.228 2.357 2.570 2.672 2.831 2.945 3.125 3.152 3.110 3.051 2.802 1.291 
7.000 2.000 0.557 1.130 1.293 1.498 1.785 1.980 2.227 2.356 2.569 2.671 2.830 2.944 3.125 3.151 3.109 3.050 2.802 1.290 
7.000 2.510 0.558 1.129 1.292 1.497 1.784 1.979 2.226 2.355 2.569 2.670 2.829 2.944 3.124 3.150 3.108 3.049 2.801 1.289 
7.000 3.160 0.559 1.128 1.291 1.496 1.783 1.978 2.225 2.354 2.567 2.669 2.828 2.942 3.122 3.149 3.107 3.048 2.799 1.288 
7.000 3.980 0.560 1.126 1.289 1.494 1.781 1.976 2.223 2.352 2.565 2.667 2.826 2.940 3.120 3.147 3.105 3.045 2.797 1.286 
7.000 5.010 0.560 1.123 1.286 1.491 1.778 1.973 2.220 2.349 2.562 2.664 2.822 2.937 3.117 3.143 3.101 3.042 2.794 1.283 
7.000 6.310 0.560 1.119 1.281 1.487 1.773 1.969 2.215 2.344 2.557 2.658 2.817 2.931 3.111 3.138 3.096 3.036 2.788 1.278 
7.000 7.940 0.557 1.112 1.274 1.479 1.766 1.961 2.208 2.337 2.549 2.651 2.809 2.923 3.103 3.129 3.087 3.028 2.780 1.270 
7.000 10.000 0.552 1.101 1.264 1.469 1.755 1.950 2.197 2.325 2.538 2.639 2.797 2.910 3.090 3.116 3.074 3.015 2.767 1.258 
7.000 12.590 0.542 1.085 1.248 1.452 1.739 1.933 2.180 2.308 2.520 2.620 2.778 2.891 3.070 3.097 3.054 2.995 2.748 1.241 
7.000 15.850 0.525 1.062 1.224 1.429 1.715 1.909 2.155 2.283 2.494 2.594 2.751 2.864 3.042 3.068 3.026 2.967 2.720 1.215 
7.000 19.950 0.500 1.029 1.191 1.396 1.681 1.875 2.120 2.247 2.457 2.557 2.712 2.824 3.001 3.027 2.985 2.926 2.680 1.179 
7.000 25.120 0.465 0.985 1.147 1.351 1.635 1.828 2.073 2.199 2.408 2.506 2.660 2.770 2.946 2.971 2.929 2.870 2.625 1.129 
7.000 31.620 0.417 0.928 1.090 1.294 1.576 1.769 2.012 2.137 2.343 2.439 2.591 2.700 2.873 2.898 2.855 2.796 2.553 1.065 
7.000 39.810 0.358 0.859 1.021 1.224 1.504 1.695 1.937 2.060 2.263 2.357 2.505 2.612 2.782 2.806 2.763 2.704 2.464 0.986 
7.000 50.120 0.288 0.779 0.940 1.142 1.419 1.608 1.848 1.968 2.168 2.258 2.402 2.505 2.672 2.694 2.650 2.592 2.355 0.891 
7.000 63.100 0.209 0.689 0.849 1.049 1.323 1.510 1.747 1.863 2.058 2.144 2.282 2.380 2.541 2.562 2.518 2.460 2.227 0.782 
7.000 79.430 0.122 0.590 0.750 0.948 1.217 1.400 1.633 1.745 1.933 2.013 2.143 2.236 2.391 2.409 2.364 2.307 2.079 0.658 
7.000 100.000 0.027 0.483 0.642 0.838 1.101 1.280 1.508 1.615 1.793 1.866 1.986 2.071 2.217 2.232 2.187 2.130 1.909 0.520 
7.000 125.890 -0.074 0.370 0.528 0.720 0.975 1.149 1.371 1.470 1.637 1.701 1.808 1.884 2.018 2.029 1.983 1.927 1.716 0.366 
7.000 158.490 -0.181 0.250 0.406 0.594 0.839 1.006 1.221 1.310 1.463 1.515 1.606 1.669 1.789 1.795 1.748 1.693 1.493 0.194 
7.000 199.530 -0.296 0.122 0.276 0.459 0.692 0.850 1.055 1.132 1.267 1.303 1.373 1.421 1.523 1.524 1.474 1.420 1.235 0.001 
7.000 251.190 -0.420 -0.015 0.137 0.313 0.530 0.678 0.870 0.932 1.043 1.061 1.105 1.134 1.212 1.205 1.154 1.101 0.934 -0.218 
7.000 316.230 -0.553 -0.162 -0.013 0.154 0.351 0.485 0.662 0.704 0.787 0.781 0.792 0.795 0.845 0.828 0.774 0.724 0.580 -0.469 
7.000 398.110 -0.700 -0.321 -0.177 -0.020 0.151 0.268 0.426 0.443 0.489 0.453 0.422 0.395 0.407 0.378 0.321 0.273 0.159 -0.761 
7.000 501.190 -0.862 -0.497 -0.358 -0.215 -0.075 0.021 0.153 0.140 0.139 0.065 -0.018 -0.085 -0.118 -0.163 -0.224 -0.269 -0.346 -1.102 
7.000 630.960 -1.044 -0.693 -0.560 -0.434 -0.334 -0.266 -0.164 -0.217 -0.276 -0.398 -0.547 -0.663 -0.755 -0.819 -0.885 -0.926 -0.957 -1.507 
7.000 794.330 -1.251 -0.914 -0.789 -0.684 -0.635 -0.601 -0.538 -0.640 -0.772 -0.955 -1.187 -1.365 -1.530 -1.619 -1.692 -1.728 -1.700 -1.990 
7.000 1000.000 -1.489 -1.166 -1.052 -0.973 -0.988 -0.997 -0.984 -1.147 -1.372 -1.630 -1.968 -2.223 -2.481 -2.601 -2.682 -2.712 -2.610 -2.573 
7.250 1.000 0.669 1.240 1.394 1.587 1.860 2.044 2.275 2.390 2.591 2.681 2.832 2.932 3.099 3.130 3.090 3.033 2.788 1.320 
7.250 1.260 0.670 1.240 1.394 1.587 1.860 2.043 2.275 2.390 2.591 2.681 2.832 2.932 3.099 3.130 3.090 3.033 2.788 1.320 
7.250 1.580 0.671 1.239 1.394 1.587 1.859 2.043 2.275 2.390 2.590 2.681 2.832 2.932 3.099 3.129 3.090 3.033 2.787 1.320 
7.250 2.000 0.672 1.239 1.394 1.586 1.859 2.043 2.275 2.390 2.590 2.681 2.831 2.932 3.099 3.129 3.089 3.032 2.787 1.320 
7.250 2.510 0.673 1.239 1.393 1.586 1.859 2.043 2.274 2.389 2.590 2.680 2.831 2.931 3.098 3.128 3.089 3.032 2.786 1.319 
7.250 3.160 0.675 1.238 1.393 1.585 1.858 2.042 2.273 2.388 2.589 2.679 2.830 2.930 3.097 3.128 3.088 3.031 2.786 1.318 
7.250 3.980 0.676 1.237 1.392 1.584 1.857 2.041 2.272 2.387 2.588 2.678 2.829 2.929 3.096 3.126 3.086 3.029 2.784 1.317 
7.250 5.010 0.677 1.235 1.390 1.583 1.855 2.039 2.271 2.385 2.586 2.676 2.827 2.927 3.094 3.124 3.084 3.027 2.782 1.315 
7.250 6.310 0.678 1.233 1.387 1.580 1.852 2.036 2.268 2.383 2.583 2.673 2.824 2.924 3.091 3.121 3.081 3.024 2.779 1.312 
7.250 7.940 0.678 1.229 1.383 1.576 1.848 2.032 2.263 2.378 2.578 2.669 2.819 2.919 3.085 3.116 3.076 3.019 2.774 1.308 
7.250 10.000 0.677 1.222 1.377 1.569 1.842 2.025 2.257 2.371 2.571 2.661 2.811 2.911 3.077 3.107 3.068 3.011 2.766 1.301 
7.250 12.590 0.673 1.213 1.367 1.560 1.831 2.015 2.246 2.360 2.560 2.650 2.800 2.899 3.065 3.095 3.055 2.998 2.754 1.290 
7.250 15.850 0.665 1.198 1.352 1.545 1.816 2.000 2.230 2.344 2.543 2.633 2.782 2.881 3.046 3.076 3.036 2.979 2.735 1.273 
7.250 19.950 0.651 1.177 1.331 1.523 1.794 1.977 2.207 2.321 2.519 2.607 2.756 2.854 3.019 3.048 3.008 2.951 2.708 1.249 
7.250 25.120 0.628 1.146 1.300 1.492 1.762 1.944 2.174 2.287 2.484 2.571 2.718 2.815 2.979 3.008 2.968 2.911 2.668 1.214 
7.250 31.620 0.595 1.104 1.258 1.450 1.718 1.900 2.129 2.240 2.435 2.521 2.666 2.762 2.923 2.952 2.911 2.855 2.614 1.166 
7.250 39.810 0.551 1.050 1.204 1.394 1.661 1.842 2.069 2.179 2.371 2.455 2.597 2.690 2.849 2.877 2.836 2.780 2.541 1.102 
7.250 50.120 0.494 0.983 1.136 1.326 1.590 1.769 1.994 2.101 2.290 2.371 2.509 2.599 2.755 2.781 2.740 2.684 2.448 1.022 
7.250 63.100 0.425 0.904 1.056 1.244 1.505 1.682 1.904 2.008 2.192 2.269 2.401 2.488 2.638 2.663 2.621 2.566 2.334 0.925 
7.250 79.430 0.346 0.813 0.965 1.151 1.408 1.581 1.800 1.900 2.077 2.149 2.273 2.354 2.498 2.520 2.478 2.423 2.196 0.811 
7.250 100.000 0.257 0.713 0.864 1.047 1.298 1.467 1.682 1.776 1.944 2.009 2.124 2.197 2.332 2.352 2.310 2.255 2.035 0.680 
7.250 125.890 0.160 0.604 0.753 0.934 1.177 1.341 1.550 1.636 1.794 1.849 1.951 2.015 2.139 2.155 2.112 2.058 1.847 0.531 
7.250 158.490 0.056 0.486 0.634 0.811 1.044 1.201 1.402 1.479 1.623 1.666 1.753 1.805 1.914 1.926 1.881 1.828 1.628 0.362 
7.250 199.530 -0.057 0.360 0.506 0.677 0.898 1.047 1.239 1.303 1.429 1.458 1.523 1.560 1.652 1.657 1.611 1.559 1.373 0.172 
7.250 251.190 -0.180 0.225 0.369 0.533 0.738 0.876 1.055 1.105 1.207 1.217 1.257 1.274 1.343 1.341 1.292 1.242 1.075 -0.046 
7.250 316.230 -0.313 0.079 0.219 0.375 0.560 0.685 0.849 0.879 0.952 0.938 0.945 0.938 0.977 0.965 0.914 0.866 0.722 -0.296 
7.250 398.110 -0.459 -0.080 0.056 0.201 0.361 0.468 0.613 0.618 0.655 0.611 0.576 0.538 0.541 0.517 0.463 0.416 0.302 -0.586 
7.250 501.190 -0.620 -0.256 -0.125 0.007 0.135 0.221 0.341 0.316 0.306 0.224 0.137 0.060 0.016 -0.023 -0.082 -0.125 -0.202 -0.927 
7.250 630.960 -0.802 -0.451 -0.327 -0.211 -0.124 -0.065 0.024 -0.040 -0.108 -0.238 -0.392 -0.518 -0.619 -0.679 -0.742 -0.781 -0.812 -1.331 
7.250 794.330 -1.009 -0.672 -0.555 -0.461 -0.424 -0.400 -0.350 -0.463 -0.604 -0.795 -1.031 -1.220 -1.395 -1.478 -1.548 -1.583 -1.554 -1.814 
7.250 1000.000 -1.247 -0.924 -0.817 -0.750 -0.777 -0.795 -0.795 -0.970 -1.204 -1.470 -1.812 -2.078 -2.345 -2.460 -2.538 -2.566 -2.464 -2.397 
7.500 1.000 0.782 1.346 1.492 1.672 1.930 2.101 2.317 2.417 2.603 2.682 2.823 2.908 3.060 3.094 3.056 3.001 2.760 1.342 
7.500 1.260 0.782 1.346 1.492 1.672 1.929 2.101 2.317 2.417 2.603 2.682 2.823 2.908 3.060 3.094 3.056 3.001 2.760 1.342 
7.500 1.580 0.783 1.346 1.492 1.672 1.929 2.101 2.317 2.417 2.603 2.682 2.823 2.908 3.060 3.094 3.056 3.001 2.760 1.342 
7.500 2.000 0.784 1.346 1.492 1.672 1.929 2.101 2.317 2.417 2.603 2.682 2.823 2.908 3.060 3.093 3.056 3.001 2.760 1.342 
7.500 2.510 0.786 1.346 1.492 1.672 1.929 2.101 2.317 2.416 2.603 2.681 2.822 2.907 3.059 3.093 3.055 3.001 2.760 1.342 
7.500 3.160 0.787 1.346 1.491 1.671 1.929 2.100 2.316 2.416 2.602 2.681 2.822 2.907 3.059 3.093 3.055 3.000 2.759 1.341 
7.500 3.980 0.789 1.345 1.491 1.671 1.928 2.100 2.316 2.415 2.602 2.680 2.821 2.906 3.058 3.092 3.054 2.999 2.758 1.340 
7.500 5.010 0.791 1.344 1.490 1.670 1.927 2.099 2.314 2.414 2.600 2.679 2.820 2.905 3.057 3.090 3.053 2.998 2.757 1.339 
7.500 6.310 0.792 1.343 1.488 1.668 1.925 2.097 2.313 2.412 2.599 2.677 2.818 2.903 3.055 3.088 3.051 2.996 2.755 1.338 
7.500 7.940 0.794 1.340 1.486 1.666 1.923 2.095 2.310 2.410 2.596 2.674 2.815 2.900 3.052 3.085 3.048 2.993 2.752 1.335 
7.500 10.000 0.795 1.336 1.482 1.662 1.919 2.091 2.306 2.406 2.592 2.670 2.810 2.895 3.047 3.080 3.042 2.988 2.747 1.330 
7.500 12.590 0.795 1.331 1.477 1.656 1.913 2.085 2.300 2.399 2.585 2.663 2.803 2.887 3.039 3.072 3.035 2.980 2.739 1.324 
7.500 15.850 0.792 1.322 1.468 1.647 1.904 2.075 2.290 2.389 2.574 2.652 2.792 2.876 3.027 3.060 3.022 2.968 2.728 1.313 
7.500 19.950 0.785 1.308 1.454 1.634 1.890 2.061 2.275 2.374 2.559 2.636 2.775 2.858 3.009 3.042 3.004 2.949 2.710 1.298 
7.500 25.120 0.773 1.289 1.434 1.613 1.869 2.039 2.253 2.351 2.535 2.611 2.749 2.832 2.981 3.014 2.976 2.921 2.683 1.274 
7.500 31.620 0.753 1.260 1.406 1.584 1.839 2.008 2.222 2.319 2.501 2.576 2.712 2.794 2.941 2.974 2.936 2.881 2.643 1.240 
7.500 39.810 0.723 1.221 1.366 1.544 1.797 1.966 2.178 2.273 2.453 2.526 2.660 2.740 2.885 2.917 2.879 2.824 2.588 1.193 
7.500 50.120 0.681 1.169 1.313 1.491 1.741 1.909 2.119 2.212 2.389 2.460 2.590 2.667 2.809 2.840 2.801 2.747 2.514 1.130 
7.500 63.100 0.626 1.103 1.247 1.423 1.671 1.836 2.044 2.135 2.307 2.374 2.499 2.572 2.710 2.739 2.700 2.646 2.416 1.048 
7.500 79.430 0.558 1.024 1.168 1.342 1.585 1.748 1.953 2.039 2.205 2.267 2.385 2.453 2.585 2.612 2.572 2.519 2.294 0.947 
7.500 100.000 0.479 0.933 1.076 1.248 1.485 1.644 1.844 1.925 2.083 2.139 2.247 2.308 2.432 2.456 2.416 2.363 2.145 0.827 
7.500 125.890 0.388 0.831 0.972 1.141 1.371 1.525 1.720 1.793 1.941 1.987 2.084 2.136 2.249 2.269 2.228 2.176 1.966 0.686 
7.500 158.490 0.288 0.718 0.858 1.023 1.243 1.391 1.578 1.642 1.776 1.811 1.892 1.932 2.031 2.047 2.005 1.953 1.755 0.524 
7.500 199.530 0.178 0.596 0.734 0.893 1.101 1.240 1.418 1.471 1.586 1.607 1.667 1.692 1.774 1.784 1.740 1.690 1.505 0.338 
7.500 251.190 0.058 0.463 0.598 0.751 0.944 1.072 1.238 1.275 1.368 1.369 1.404 1.410 1.469 1.471 1.425 1.377 1.211 0.123 
7.500 316.230 -0.073 0.318 0.450 0.595 0.768 0.882 1.033 1.051 1.115 1.093 1.095 1.076 1.106 1.099 1.050 1.004 0.861 -0.125 
7.500 398.110 -0.218 0.160 0.288 0.422 0.570 0.667 0.798 0.792 0.819 0.767 0.728 0.679 0.672 0.653 0.601 0.557 0.443 -0.414 
7.500 501.190 -0.380 -0.015 0.108 0.229 0.345 0.421 0.527 0.490 0.471 0.381 0.290 0.202 0.149 0.114 0.058 0.017 -0.060 -0.753 
7.500 630.960 -0.561 -0.210 -0.093 0.011 0.086 0.135 0.211 0.135 0.058 -0.080 -0.237 -0.375 -0.486 -0.540 -0.601 -0.638 -0.669 -1.157 
7.500 794.330 -0.767 -0.430 -0.322 -0.239 -0.214 -0.199 -0.163 -0.287 -0.438 -0.636 -0.877 -1.076 -1.260 -1.339 -1.406 -1.439 -1.410 -1.639 
7.500 1000.000 -1.005 -0.682 -0.584 -0.528 -0.566 -0.594 -0.608 -0.794 -1.037 -1.311 -1.656 -1.933 -2.210 -2.320 -2.395 -2.422 -2.319 -2.221 
7.750 1.000 0.891 1.450 1.587 1.754 1.994 2.153 2.352 2.436 2.606 2.671 2.800 2.869 3.004 3.040 3.005 2.952 2.717 1.354 
7.750 1.260 0.892 1.450 1.587 1.754 1.994 2.153 2.352 2.436 2.606 2.671 2.800 2.868 3.004 3.040 3.005 2.952 2.717 1.354 
7.750 1.580 0.893 1.450 1.587 1.754 1.994 2.153 2.352 2.436 2.606 2.671 2.800 2.868 3.004 3.040 3.005 2.952 2.717 1.354 
7.750 2.000 0.894 1.450 1.587 1.754 1.994 2.153 2.352 2.435 2.606 2.671 2.800 2.868 3.004 3.040 3.005 2.952 2.717 1.354 
7.750 2.510 0.895 1.450 1.587 1.754 1.994 2.153 2.352 2.435 2.606 2.671 2.800 2.868 3.004 3.040 3.004 2.952 2.716 1.354 
7.750 3.160 0.896 1.450 1.587 1.753 1.994 2.153 2.352 2.435 2.605 2.670 2.799 2.868 3.003 3.040 3.004 2.952 2.716 1.354 
7.750 3.980 0.898 1.449 1.586 1.753 1.993 2.152 2.351 2.435 2.605 2.670 2.799 2.867 3.003 3.039 3.003 2.951 2.716 1.353 
7.750 5.010 0.900 1.449 1.586 1.753 1.993 2.152 2.351 2.434 2.604 2.669 2.798 2.867 3.002 3.038 3.003 2.950 2.715 1.353 
7.750 6.310 0.902 1.448 1.585 1.752 1.992 2.151 2.350 2.433 2.603 2.668 2.797 2.865 3.001 3.037 3.001 2.949 2.714 1.352 
7.750 7.940 0.905 1.447 1.584 1.750 1.991 2.149 2.348 2.431 2.602 2.667 2.795 2.863 2.999 3.035 2.999 2.947 2.712 1.350 
7.750 10.000 0.907 1.444 1.581 1.748 1.988 2.147 2.346 2.429 2.599 2.664 2.792 2.860 2.996 3.032 2.996 2.944 2.709 1.347 
7.750 12.590 0.908 1.441 1.578 1.745 1.985 2.143 2.342 2.425 2.595 2.659 2.788 2.856 2.991 3.027 2.991 2.939 2.704 1.343 
7.750 15.850 0.909 1.436 1.573 1.739 1.979 2.138 2.336 2.419 2.588 2.653 2.781 2.848 2.983 3.019 2.983 2.931 2.696 1.337 
7.750 19.950 0.907 1.428 1.565 1.731 1.970 2.129 2.327 2.409 2.578 2.642 2.770 2.837 2.971 3.007 2.971 2.919 2.685 1.327 
7.750 25.120 0.903 1.415 1.552 1.718 1.957 2.115 2.313 2.395 2.563 2.627 2.753 2.820 2.953 2.989 2.953 2.901 2.667 1.312 
7.750 31.620 0.892 1.397 1.534 1.699 1.938 2.095 2.292 2.373 2.540 2.603 2.728 2.793 2.926 2.961 2.925 2.873 2.640 1.289 
7.750 39.810 0.875 1.370 1.507 1.672 1.909 2.065 2.262 2.342 2.507 2.568 2.691 2.755 2.885 2.920 2.884 2.832 2.600 1.256 
7.750 50.120 0.847 1.333 1.469 1.634 1.869 2.024 2.219 2.297 2.459 2.518 2.638 2.700 2.828 2.861 2.825 2.773 2.544 1.209 
7.750 63.100 0.807 1.283 1.418 1.582 1.814 1.968 2.160 2.236 2.395 2.450 2.566 2.624 2.748 2.781 2.744 2.692 2.466 1.145 
7.750 79.430 0.754 1.218 1.354 1.515 1.744 1.895 2.085 2.157 2.310 2.361 2.470 2.524 2.643 2.673 2.636 2.585 2.363 1.061 
7.750 100.000 0.686 1.140 1.274 1.434 1.657 1.805 1.990 2.057 2.203 2.248 2.349 2.396 2.507 2.535 2.498 2.447 2.231 0.956 
7.750 125.890 0.606 1.048 1.181 1.338 1.554 1.697 1.877 1.937 2.073 2.109 2.199 2.238 2.339 2.363 2.325 2.274 2.067 0.827 
7.750 158.490 0.513 0.943 1.075 1.227 1.435 1.571 1.744 1.795 1.918 1.943 2.018 2.045 2.133 2.153 2.113 2.064 1.867 0.675 
7.750 199.530 0.409 0.826 0.955 1.103 1.298 1.427 1.591 1.630 1.735 1.746 1.801 1.814 1.884 1.898 1.857 1.809 1.626 0.495 
7.750 251.190 0.292 0.696 0.824 0.965 1.145 1.263 1.415 1.440 1.522 1.515 1.544 1.538 1.586 1.593 1.549 1.503 1.338 0.286 
7.750 316.230 0.163 0.554 0.679 0.812 0.972 1.076 1.213 1.219 1.273 1.242 1.239 1.209 1.228 1.226 1.180 1.135 0.993 0.042 
7.750 398.110 0.020 0.398 0.518 0.641 0.776 0.863 0.981 0.962 0.980 0.920 0.875 0.815 0.798 0.783 0.734 0.692 0.578 -0.244 
7.750 501.190 -0.140 0.224 0.339 0.449 0.552 0.619 0.711 0.662 0.634 0.536 0.440 0.340 0.277 0.247 0.194 0.155 0.078 -0.582 
7.750 630.960 -0.320 0.030 0.139 0.231 0.295 0.334 0.396 0.308 0.222 0.076 -0.086 -0.234 -0.355 -0.405 -0.463 -0.498 -0.528 -0.984 
7.750 794.330 -0.526 -0.189 -0.089 -0.018 -0.004 0.001 0.024 -0.113 -0.272 -0.479 -0.724 -0.934 -1.128 -1.202 -1.267 -1.297 -1.269 -1.465 
7.750 1000.000 -0.764 -0.441 -0.350 -0.306 -0.356 -0.394 -0.421 -0.619 -0.870 -1.153 -1.502 -1.790 -2.077 -2.182 -2.255 -2.279 -2.176 -2.047 
8.000 1.000 0.997 1.550 1.678 1.831 2.053 2.197 2.378 2.443 2.596 2.645 2.759 2.809 2.925 2.963 2.930 2.880 2.652 1.354 
8.000 1.260 0.997 1.550 1.678 1.831 2.053 2.197 2.378 2.443 2.596 2.645 2.759 2.809 2.925 2.963 2.930 2.880 2.652 1.354 
8.000 1.580 0.998 1.550 1.678 1.831 2.052 2.197 2.378 2.443 2.595 2.645 2.759 2.809 2.925 2.963 2.930 2.880 2.652 1.354 
8.000 2.000 0.999 1.550 1.678 1.830 2.052 2.197 2.378 2.443 2.595 2.645 2.759 2.809 2.925 2.963 2.930 2.880 2.652 1.354 
8.000 2.510 1.000 1.550 1.678 1.830 2.052 2.197 2.378 2.443 2.595 2.645 2.759 2.809 2.925 2.963 2.929 2.879 2.652 1.354 
8.000 3.160 1.002 1.549 1.678 1.830 2.052 2.197 2.378 2.443 2.595 2.645 2.759 2.808 2.925 2.963 2.929 2.879 2.651 1.353 
8.000 3.980 1.003 1.549 1.677 1.830 2.052 2.197 2.378 2.443 2.595 2.644 2.759 2.808 2.924 2.963 2.929 2.879 2.651 1.353 
8.000 5.010 1.005 1.549 1.677 1.830 2.052 2.197 2.377 2.442 2.594 2.644 2.758 2.808 2.924 2.962 2.928 2.878 2.651 1.353 
8.000 6.310 1.008 1.548 1.677 1.829 2.051 2.196 2.377 2.442 2.594 2.643 2.757 2.807 2.923 2.961 2.928 2.878 2.650 1.352 
8.000 7.940 1.010 1.548 1.676 1.828 2.050 2.195 2.376 2.441 2.593 2.642 2.756 2.806 2.922 2.960 2.926 2.876 2.649 1.351 
8.000 10.000 1.013 1.546 1.675 1.827 2.049 2.194 2.374 2.439 2.591 2.640 2.754 2.804 2.920 2.958 2.924 2.874 2.647 1.350 
8.000 12.590 1.016 1.544 1.673 1.825 2.047 2.192 2.372 2.437 2.589 2.638 2.752 2.801 2.917 2.955 2.921 2.871 2.644 1.347 
8.000 15.850 1.018 1.541 1.669 1.822 2.043 2.188 2.368 2.433 2.585 2.634 2.747 2.796 2.912 2.950 2.916 2.866 2.639 1.343 
8.000 19.950 1.020 1.537 1.665 1.817 2.038 2.183 2.363 2.427 2.578 2.627 2.740 2.789 2.904 2.942 2.908 2.858 2.631 1.337 
8.000 25.120 1.019 1.529 1.657 1.809 2.030 2.174 2.354 2.418 2.569 2.617 2.729 2.777 2.892 2.930 2.896 2.846 2.620 1.327 
8.000 31.620 1.015 1.518 1.645 1.797 2.018 2.161 2.341 2.404 2.554 2.601 2.713 2.760 2.874 2.911 2.877 2.827 2.602 1.313 
8.000 39.810 1.007 1.501 1.628 1.780 1.999 2.142 2.321 2.383 2.531 2.578 2.687 2.733 2.846 2.883 2.849 2.799 2.574 1.290 
8.000 50.120 0.991 1.475 1.603 1.754 1.971 2.114 2.291 2.352 2.498 2.543 2.650 2.694 2.805 2.841 2.806 2.757 2.534 1.258 
8.000 63.100 0.965 1.440 1.567 1.717 1.932 2.073 2.249 2.308 2.450 2.492 2.596 2.637 2.745 2.779 2.745 2.696 2.475 1.210 
8.000 79.430 0.928 1.391 1.518 1.666 1.879 2.017 2.190 2.246 2.384 2.422 2.520 2.558 2.660 2.694 2.659 2.610 2.393 1.145 
8.000 100.000 0.876 1.328 1.454 1.600 1.808 1.943 2.113 2.164 2.296 2.328 2.419 2.451 2.547 2.578 2.542 2.494 2.283 1.058 
8.000 125.890 0.809 1.249 1.374 1.518 1.719 1.850 2.015 2.060 2.182 2.207 2.287 2.311 2.398 2.426 2.390 2.342 2.138 0.946 
8.000 158.490 0.727 1.156 1.279 1.419 1.612 1.737 1.895 1.932 2.041 2.056 2.122 2.135 2.209 2.233 2.196 2.148 1.955 0.807 
8.000 199.530 0.631 1.047 1.168 1.304 1.485 1.602 1.752 1.777 1.870 1.871 1.918 1.918 1.975 1.993 1.954 1.908 1.728 0.639 
8.000 251.190 0.521 0.924 1.043 1.172 1.339 1.446 1.583 1.595 1.666 1.649 1.671 1.652 1.688 1.699 1.658 1.613 1.450 0.438 
8.000 316.230 0.396 0.786 0.902 1.024 1.170 1.265 1.387 1.380 1.423 1.383 1.373 1.331 1.338 1.340 1.297 1.254 1.113 0.201 
8.000 398.110 0.256 0.633 0.745 0.856 0.978 1.055 1.159 1.128 1.135 1.065 1.015 0.943 0.914 0.904 0.858 0.817 0.705 -0.081 
8.000 501.190 0.098 0.462 0.569 0.666 0.757 0.813 0.892 0.831 0.792 0.685 0.584 0.473 0.399 0.373 0.323 0.285 0.210 -0.415 
8.000 630.960 -0.082 0.269 0.369 0.450 0.501 0.531 0.579 0.479 0.383 0.228 0.061 -0.099 -0.230 -0.275 -0.331 -0.364 -0.393 -0.815 
8.000 794.330 -0.287 0.050 0.143 0.203 0.203 0.199 0.208 0.059 -0.110 -0.324 -0.574 -0.796 -1.000 -1.069 -1.131 -1.160 -1.131 -1.294 
8.000 1000.000 -0.524 -0.200 -0.118 -0.085 -0.147 -0.195 -0.235 -0.445 -0.706 -0.997 -1.351 -1.650 -1.947 -2.047 -2.117 -2.139 -2.037 -1.875 
