AtkinsonBoore2003SSlabCascadia_CanadaSHM6-trial modified from OpenQuake implementation, distance is rrup. Log10 ground motion values in cgs units, PGV and Sa(T<0.1s) not valid
          14 31 11 : nmag, ndist, nperiod
          10.000 5.000 3.000 2.000 1.000 0.400 0.200 0.100 0.040 PGA PGV 
          0.691 0.691 0.691 0.691 0.668 0.645 0.645 0.645 0.576 0.622 0.000 
4.750 1.000 0.206 0.832 1.404 2.076 2.647 3.127 3.387 3.337 3.352 3.069 0.000 
4.750 1.260 0.162 0.785 1.356 2.027 2.599 3.079 3.339 3.288 3.303 3.021 0.000 
4.750 1.580 0.100 0.721 1.290 1.961 2.532 3.012 3.272 3.222 3.237 2.954 0.000 
4.750 2.000 0.020 0.637 1.204 1.875 2.446 2.926 3.186 3.135 3.150 2.868 0.000 
4.750 2.510 -0.080 0.534 1.097 1.768 2.339 2.819 3.079 3.028 3.043 2.761 0.000 
4.750 3.160 -0.198 0.411 0.972 1.642 2.213 2.693 2.953 2.902 2.917 2.635 0.000 
4.750 3.980 -0.330 0.274 0.831 1.501 2.071 2.551 2.811 2.759 2.774 2.492 0.000 
4.750 5.010 -0.473 0.125 0.678 1.347 1.917 2.397 2.656 2.605 2.619 2.338 0.000 
4.750 6.310 -0.624 -0.032 0.516 1.184 1.753 2.233 2.492 2.440 2.455 2.174 0.000 
4.750 7.940 -0.779 -0.195 0.347 1.014 1.583 2.062 2.321 2.269 2.284 2.003 0.000 
4.750 10.000 -0.938 -0.362 0.175 0.840 1.407 1.887 2.146 2.093 2.107 1.827 0.000 
4.750 12.590 -1.098 -0.531 -0.001 0.663 1.228 1.708 1.966 1.913 1.927 1.647 0.000 
4.750 15.850 -1.259 -0.702 -0.179 0.483 1.047 1.526 1.784 1.730 1.743 1.465 0.000 
4.750 19.950 -1.420 -0.873 -0.358 0.300 0.862 1.341 1.599 1.543 1.556 1.279 0.000 
4.750 25.120 -1.581 -1.046 -0.538 0.116 0.675 1.154 1.411 1.354 1.366 1.091 0.000 
4.750 31.620 -1.743 -1.219 -0.720 -0.070 0.486 0.964 1.220 1.161 1.172 0.899 0.000 
4.750 39.810 -1.905 -1.393 -0.902 -0.258 0.293 0.771 1.025 0.965 0.974 0.704 0.000 
4.750 50.120 -2.067 -1.568 -1.086 -0.449 0.096 0.573 0.827 0.763 0.771 0.504 0.000 
4.750 63.100 -2.231 -1.744 -1.270 -0.644 -0.106 0.371 0.623 0.556 0.562 0.299 0.000 
4.750 79.430 -2.395 -1.921 -1.457 -0.842 -0.313 0.163 0.412 0.341 0.345 0.086 0.000 
4.750 100.000 -2.561 -2.100 -1.645 -1.046 -0.528 -0.053 0.193 0.117 0.117 -0.134 0.000 
4.750 125.890 -2.729 -2.281 -1.836 -1.255 -0.752 -0.278 -0.036 -0.119 -0.123 -0.366 0.000 
4.750 158.490 -2.900 -2.466 -2.030 -1.473 -0.987 -0.515 -0.277 -0.370 -0.378 -0.611 0.000 
4.750 199.530 -3.075 -2.654 -2.228 -1.701 -1.238 -0.768 -0.535 -0.639 -0.653 -0.873 0.000 
4.750 251.190 -3.254 -2.847 -2.430 -1.941 -1.506 -1.039 -0.814 -0.931 -0.954 -1.157 0.000 
4.750 316.230 -3.439 -3.045 -2.639 -2.197 -1.798 -1.334 -1.118 -1.253 -1.285 -1.467 0.000 
4.750 398.110 -3.631 -3.252 -2.855 -2.473 -2.119 -1.659 -1.454 -1.612 -1.656 -1.812 0.000 
4.750 501.190 -3.833 -3.467 -3.081 -2.774 -2.477 -2.022 -1.832 -2.017 -2.076 -2.199 0.000 
4.750 630.960 -4.047 -3.695 -3.318 -3.106 -2.880 -2.432 -2.260 -2.480 -2.559 -2.641 0.000 
4.750 794.330 -4.276 -3.938 -3.571 -3.478 -3.342 -2.902 -2.753 -3.017 -3.121 -3.150 0.000 
4.750 1000.000 -4.524 -4.200 -3.843 -3.900 -3.877 -3.447 -3.327 -3.647 -3.781 -3.745 0.000 
5.000 1.000 0.333 0.953 1.501 2.142 2.684 3.137 3.377 3.320 3.327 3.059 0.000 
5.000 1.260 0.306 0.924 1.471 2.112 2.653 3.107 3.346 3.289 3.296 3.028 0.000 
5.000 1.580 0.266 0.882 1.427 2.068 2.609 3.063 3.302 3.245 3.252 2.984 0.000 
5.000 2.000 0.210 0.823 1.366 2.007 2.548 3.002 3.241 3.184 3.191 2.923 0.000 
5.000 2.510 0.136 0.746 1.286 1.926 2.468 2.921 3.161 3.103 3.110 2.842 0.000 
5.000 3.160 0.043 0.648 1.186 1.825 2.367 2.820 3.059 3.002 3.009 2.741 0.000 
5.000 3.980 -0.069 0.532 1.066 1.705 2.246 2.699 2.938 2.881 2.887 2.620 0.000 
5.000 5.010 -0.196 0.399 0.929 1.568 2.108 2.561 2.801 2.743 2.749 2.482 0.000 
5.000 6.310 -0.334 0.254 0.780 1.417 1.957 2.410 2.649 2.591 2.597 2.331 0.000 
5.000 7.940 -0.481 0.100 0.620 1.257 1.796 2.249 2.488 2.429 2.435 2.169 0.000 
5.000 10.000 -0.634 -0.061 0.454 1.089 1.627 2.080 2.319 2.260 2.265 2.000 0.000 
5.000 12.590 -0.790 -0.225 0.283 0.917 1.453 1.906 2.144 2.084 2.090 1.825 0.000 
5.000 15.850 -0.948 -0.393 0.109 0.740 1.274 1.727 1.965 1.904 1.909 1.645 0.000 
5.000 19.950 -1.107 -0.562 -0.068 0.560 1.093 1.545 1.782 1.721 1.725 1.462 0.000 
5.000 25.120 -1.267 -0.733 -0.246 0.378 0.908 1.360 1.596 1.533 1.537 1.276 0.000 
5.000 31.620 -1.427 -0.905 -0.426 0.194 0.720 1.172 1.407 1.342 1.345 1.086 0.000 
5.000 39.810 -1.588 -1.077 -0.607 0.007 0.528 0.980 1.214 1.147 1.148 0.892 0.000 
5.000 50.120 -1.750 -1.251 -0.789 -0.183 0.333 0.784 1.017 0.947 0.946 0.694 0.000 
5.000 63.100 -1.912 -1.426 -0.973 -0.376 0.132 0.583 0.814 0.741 0.738 0.490 0.000 
5.000 79.430 -2.075 -1.602 -1.158 -0.574 -0.074 0.376 0.604 0.527 0.522 0.279 0.000 
5.000 100.000 -2.240 -1.780 -1.346 -0.776 -0.288 0.161 0.387 0.304 0.296 0.059 0.000 
5.000 125.890 -2.408 -1.960 -1.535 -0.985 -0.511 -0.063 0.159 0.069 0.057 -0.171 0.000 
5.000 158.490 -2.578 -2.143 -1.728 -1.201 -0.745 -0.299 -0.082 -0.181 -0.197 -0.416 0.000 
5.000 199.530 -2.751 -2.331 -1.925 -1.428 -0.994 -0.551 -0.339 -0.449 -0.472 -0.677 0.000 
5.000 251.190 -2.929 -2.522 -2.126 -1.667 -1.262 -0.821 -0.616 -0.740 -0.771 -0.959 0.000 
5.000 316.230 -3.113 -2.720 -2.334 -1.922 -1.553 -1.115 -0.919 -1.061 -1.101 -1.269 0.000 
5.000 398.110 -3.305 -2.925 -2.549 -2.197 -1.873 -1.439 -1.255 -1.418 -1.471 -1.612 0.000 
5.000 501.190 -3.506 -3.140 -2.774 -2.497 -2.229 -1.801 -1.631 -1.822 -1.890 -1.999 0.000 
5.000 630.960 -3.719 -3.367 -3.010 -2.828 -2.632 -2.210 -2.058 -2.285 -2.372 -2.439 0.000 
5.000 794.330 -3.947 -3.609 -3.262 -3.199 -3.093 -2.679 -2.550 -2.821 -2.933 -2.947 0.000 
5.000 1000.000 -4.194 -3.869 -3.533 -3.620 -3.627 -3.223 -3.123 -3.449 -3.592 -3.541 0.000 
5.250 1.000 0.444 1.059 1.584 2.195 2.707 3.133 3.353 3.289 3.287 3.034 0.000 
5.250 1.260 0.429 1.042 1.566 2.176 2.688 3.115 3.334 3.271 3.269 3.016 0.000 
5.250 1.580 0.405 1.017 1.539 2.149 2.661 3.088 3.307 3.243 3.241 2.988 0.000 
5.250 2.000 0.370 0.979 1.499 2.109 2.621 3.048 3.267 3.203 3.201 2.948 0.000 
5.250 2.510 0.320 0.926 1.444 2.053 2.565 2.992 3.211 3.147 3.145 2.892 0.000 
5.250 3.160 0.253 0.854 1.369 1.978 2.490 2.917 3.136 3.072 3.070 2.817 0.000 
5.250 3.980 0.166 0.762 1.274 1.883 2.394 2.821 3.040 2.976 2.974 2.722 0.000 
5.250 5.010 0.060 0.652 1.160 1.768 2.279 2.706 2.925 2.861 2.858 2.606 0.000 
5.250 6.310 -0.061 0.524 1.028 1.636 2.146 2.573 2.791 2.727 2.724 2.472 0.000 
5.250 7.940 -0.195 0.384 0.883 1.489 1.998 2.425 2.643 2.579 2.576 2.324 0.000 
5.250 10.000 -0.338 0.233 0.726 1.331 1.839 2.266 2.484 2.419 2.416 2.165 0.000 
5.250 12.590 -0.488 0.075 0.562 1.165 1.672 2.099 2.317 2.251 2.247 1.997 0.000 
5.250 15.850 -0.641 -0.088 0.393 0.994 1.499 1.925 2.143 2.076 2.072 1.823 0.000 
5.250 19.950 -0.797 -0.254 0.220 0.818 1.321 1.747 1.964 1.896 1.891 1.644 0.000 
5.250 25.120 -0.955 -0.422 0.044 0.639 1.139 1.564 1.781 1.711 1.706 1.460 0.000 
5.250 31.620 -1.114 -0.592 -0.133 0.456 0.953 1.378 1.593 1.522 1.516 1.272 0.000 
5.250 39.810 -1.273 -0.763 -0.313 0.271 0.763 1.188 1.402 1.329 1.321 1.080 0.000 
5.250 50.120 -1.433 -0.935 -0.493 0.083 0.569 0.993 1.206 1.130 1.121 0.883 0.000 
5.250 63.100 -1.595 -1.109 -0.676 -0.109 0.370 0.794 1.005 0.925 0.914 0.680 0.000 
5.250 79.430 -1.757 -1.284 -0.860 -0.305 0.165 0.588 0.796 0.713 0.699 0.470 0.000 
5.250 100.000 -1.921 -1.461 -1.046 -0.507 -0.048 0.374 0.580 0.491 0.474 0.252 0.000 
5.250 125.890 -2.087 -1.640 -1.235 -0.714 -0.269 0.151 0.353 0.257 0.237 0.023 0.000 
5.250 158.490 -2.256 -1.822 -1.427 -0.930 -0.503 -0.084 0.114 0.008 -0.017 -0.220 0.000 
5.250 199.530 -2.429 -2.008 -1.622 -1.155 -0.751 -0.334 -0.142 -0.259 -0.290 -0.480 0.000 
5.250 251.190 -2.606 -2.199 -1.823 -1.394 -1.018 -0.603 -0.419 -0.549 -0.588 -0.762 0.000 
5.250 316.230 -2.789 -2.396 -2.029 -1.647 -1.307 -0.896 -0.721 -0.869 -0.917 -1.071 0.000 
5.250 398.110 -2.980 -2.600 -2.243 -1.921 -1.626 -1.219 -1.055 -1.225 -1.286 -1.413 0.000 
5.250 501.190 -3.180 -2.814 -2.467 -2.220 -1.982 -1.580 -1.430 -1.628 -1.705 -1.799 0.000 
5.250 630.960 -3.391 -3.040 -2.702 -2.550 -2.383 -1.988 -1.857 -2.089 -2.185 -2.238 0.000 
5.250 794.330 -3.618 -3.280 -2.953 -2.920 -2.843 -2.456 -2.348 -2.624 -2.745 -2.745 0.000 
5.250 1000.000 -3.864 -3.540 -3.223 -3.340 -3.376 -2.999 -2.920 -3.252 -3.403 -3.338 0.000 
5.500 1.000 0.547 1.157 1.660 2.239 2.721 3.121 3.320 3.250 3.240 3.001 0.000 
5.500 1.260 0.539 1.147 1.649 2.228 2.710 3.110 3.309 3.239 3.229 2.990 0.000 
5.500 1.580 0.526 1.132 1.633 2.212 2.694 3.094 3.293 3.223 3.212 2.974 0.000 
5.500 2.000 0.506 1.110 1.608 2.187 2.669 3.069 3.268 3.198 3.188 2.949 0.000 
5.500 2.510 0.475 1.076 1.572 2.151 2.633 3.033 3.232 3.162 3.151 2.913 0.000 
5.500 3.160 0.431 1.028 1.522 2.100 2.582 2.982 3.181 3.111 3.100 2.862 0.000 
5.500 3.980 0.369 0.962 1.453 2.031 2.512 2.912 3.111 3.041 3.030 2.792 0.000 
5.500 5.010 0.289 0.877 1.364 1.942 2.423 2.823 3.021 2.951 2.940 2.702 0.000 
5.500 6.310 0.190 0.772 1.255 1.832 2.313 2.713 2.911 2.840 2.829 2.592 0.000 
5.500 7.940 0.074 0.650 1.129 1.704 2.184 2.584 2.782 2.711 2.700 2.463 0.000 
5.500 10.000 -0.055 0.513 0.987 1.561 2.040 2.440 2.638 2.566 2.555 2.318 0.000 
5.500 12.590 -0.194 0.366 0.834 1.406 1.884 2.283 2.481 2.409 2.397 2.161 0.000 
5.500 15.850 -0.341 0.211 0.672 1.242 1.718 2.118 2.315 2.242 2.229 1.995 0.000 
5.500 19.950 -0.492 0.050 0.504 1.072 1.545 1.945 2.141 2.067 2.054 1.821 0.000 
5.500 25.120 -0.646 -0.114 0.333 0.897 1.367 1.766 1.962 1.887 1.873 1.641 0.000 
5.500 31.620 -0.802 -0.281 0.158 0.717 1.184 1.583 1.778 1.701 1.686 1.456 0.000 
5.500 39.810 -0.960 -0.450 -0.019 0.534 0.997 1.395 1.589 1.509 1.494 1.267 0.000 
5.500 50.120 -1.118 -0.621 -0.198 0.347 0.804 1.202 1.395 1.313 1.295 1.071 0.000 
5.500 63.100 -1.278 -0.793 -0.379 0.157 0.607 1.004 1.195 1.109 1.090 0.870 0.000 
5.500 79.430 -1.440 -0.967 -0.562 -0.038 0.403 0.800 0.988 0.898 0.876 0.662 0.000 
5.500 100.000 -1.603 -1.143 -0.747 -0.238 0.192 0.587 0.773 0.677 0.652 0.445 0.000 
5.500 125.890 -1.768 -1.321 -0.935 -0.444 -0.029 0.365 0.547 0.445 0.416 0.216 0.000 
5.500 158.490 -1.936 -1.502 -1.125 -0.659 -0.261 0.131 0.309 0.197 0.164 -0.025 0.000 
5.500 199.530 -2.108 -1.687 -1.320 -0.883 -0.508 -0.118 0.054 -0.069 -0.108 -0.284 0.000 
5.500 251.190 -2.284 -1.877 -1.519 -1.120 -0.774 -0.386 -0.221 -0.358 -0.405 -0.565 0.000 
5.500 316.230 -2.466 -2.073 -1.725 -1.373 -1.062 -0.678 -0.522 -0.676 -0.734 -0.872 0.000 
5.500 398.110 -2.655 -2.276 -1.938 -1.646 -1.380 -1.000 -0.856 -1.032 -1.102 -1.214 0.000 
5.500 501.190 -2.854 -2.489 -2.160 -1.944 -1.735 -1.359 -1.230 -1.434 -1.519 -1.598 0.000 
5.500 630.960 -3.065 -2.714 -2.395 -2.273 -2.135 -1.766 -1.655 -1.894 -1.999 -2.037 0.000 
5.500 794.330 -3.291 -2.953 -2.644 -2.642 -2.594 -2.233 -2.145 -2.428 -2.557 -2.543 0.000 
5.500 1000.000 -3.536 -3.212 -2.913 -3.061 -3.126 -2.776 -2.716 -3.055 -3.215 -3.135 0.000 
5.750 1.000 0.645 1.249 1.731 2.279 2.731 3.105 3.283 3.206 3.187 2.964 0.000 
5.750 1.260 0.641 1.244 1.725 2.273 2.725 3.098 3.277 3.200 3.181 2.958 0.000 
5.750 1.580 0.635 1.236 1.716 2.263 2.715 3.089 3.267 3.191 3.171 2.948 0.000 
5.750 2.000 0.625 1.223 1.701 2.249 2.701 3.074 3.253 3.176 3.157 2.933 0.000 
5.750 2.510 0.608 1.203 1.679 2.227 2.678 3.052 3.230 3.154 3.134 2.911 0.000 
5.750 3.160 0.581 1.173 1.647 2.194 2.646 3.019 3.198 3.121 3.102 2.878 0.000 
5.750 3.980 0.541 1.130 1.601 2.148 2.599 2.973 3.151 3.074 3.055 2.832 0.000 
5.750 5.010 0.486 1.070 1.537 2.084 2.535 2.908 3.087 3.009 2.990 2.767 0.000 
5.750 6.310 0.412 0.991 1.454 2.000 2.451 2.824 3.002 2.925 2.905 2.683 0.000 
5.750 7.940 0.320 0.892 1.351 1.896 2.346 2.719 2.897 2.820 2.800 2.578 0.000 
5.750 10.000 0.210 0.775 1.229 1.773 2.222 2.595 2.773 2.695 2.675 2.453 0.000 
5.750 12.590 0.086 0.643 1.092 1.634 2.082 2.455 2.632 2.553 2.533 2.312 0.000 
5.750 15.850 -0.050 0.499 0.942 1.482 1.928 2.301 2.478 2.398 2.377 2.157 0.000 
5.750 19.950 -0.193 0.347 0.783 1.320 1.764 2.137 2.313 2.232 2.211 1.992 0.000 
5.750 25.120 -0.342 0.188 0.617 1.150 1.592 1.964 2.140 2.058 2.036 1.819 0.000 
5.750 31.620 -0.494 0.025 0.446 0.975 1.413 1.785 1.960 1.876 1.853 1.638 0.000 
5.750 39.810 -0.649 -0.141 0.272 0.795 1.229 1.600 1.774 1.688 1.664 1.451 0.000 
5.750 50.120 -0.806 -0.309 0.096 0.611 1.039 1.410 1.582 1.494 1.468 1.259 0.000 
5.750 63.100 -0.964 -0.480 -0.083 0.423 0.843 1.214 1.384 1.292 1.264 1.059 0.000 
5.750 79.430 -1.124 -0.652 -0.265 0.230 0.641 1.011 1.179 1.083 1.052 0.853 0.000 
5.750 100.000 -1.286 -0.827 -0.448 0.031 0.431 0.800 0.965 0.863 0.830 0.637 0.000 
5.750 125.890 -1.450 -1.004 -0.634 -0.174 0.212 0.579 0.741 0.632 0.595 0.410 0.000 
5.750 158.490 -1.617 -1.184 -0.824 -0.387 -0.019 0.347 0.504 0.386 0.344 0.169 0.000 
5.750 199.530 -1.788 -1.368 -1.017 -0.611 -0.265 0.099 0.250 0.121 0.073 -0.089 0.000 
5.750 251.190 -1.963 -1.556 -1.216 -0.847 -0.530 -0.168 -0.024 -0.167 -0.223 -0.368 0.000 
5.750 316.230 -2.144 -1.751 -1.420 -1.099 -0.817 -0.459 -0.324 -0.485 -0.550 -0.675 0.000 
5.750 398.110 -2.332 -1.953 -1.632 -1.370 -1.134 -0.780 -0.657 -0.839 -0.917 -1.015 0.000 
5.750 501.190 -2.530 -2.165 -1.854 -1.667 -1.488 -1.139 -1.030 -1.240 -1.333 -1.398 0.000 
5.750 630.960 -2.740 -2.389 -2.087 -1.995 -1.887 -1.545 -1.454 -1.699 -1.812 -1.836 0.000 
5.750 794.330 -2.965 -2.628 -2.336 -2.363 -2.345 -2.011 -1.943 -2.232 -2.370 -2.341 0.000 
5.750 1000.000 -3.209 -2.885 -2.604 -2.781 -2.876 -2.552 -2.513 -2.858 -3.026 -2.931 0.000 
6.000 1.000 0.741 1.339 1.801 2.317 2.739 3.086 3.244 3.160 3.132 2.924 0.000 
6.000 1.260 0.740 1.337 1.798 2.314 2.735 3.082 3.240 3.157 3.129 2.921 0.000 
6.000 1.580 0.737 1.333 1.792 2.309 2.730 3.077 3.235 3.151 3.123 2.915 0.000 
6.000 2.000 0.732 1.326 1.784 2.300 2.721 3.068 3.226 3.143 3.115 2.907 0.000 
6.000 2.510 0.724 1.315 1.771 2.287 2.708 3.055 3.213 3.130 3.102 2.894 0.000 
6.000 3.160 0.710 1.298 1.751 2.267 2.689 3.036 3.193 3.110 3.082 2.874 0.000 
6.000 3.980 0.687 1.271 1.722 2.238 2.659 3.006 3.164 3.080 3.052 2.844 0.000 
6.000 5.010 0.652 1.232 1.680 2.196 2.616 2.963 3.121 3.037 3.009 2.801 0.000 
6.000 6.310 0.603 1.178 1.622 2.137 2.557 2.904 3.062 2.978 2.949 2.742 0.000 
6.000 7.940 0.535 1.104 1.545 2.059 2.479 2.825 2.983 2.899 2.870 2.663 0.000 
6.000 10.000 0.449 1.012 1.447 1.960 2.379 2.726 2.883 2.798 2.770 2.563 0.000 
6.000 12.590 0.345 0.900 1.331 1.842 2.260 2.607 2.764 2.678 2.649 2.443 0.000 
6.000 15.850 0.226 0.773 1.198 1.707 2.123 2.470 2.626 2.540 2.511 2.306 0.000 
6.000 19.950 0.095 0.633 1.051 1.558 1.972 2.318 2.474 2.387 2.357 2.153 0.000 
6.000 25.120 -0.045 0.483 0.895 1.397 1.809 2.155 2.310 2.222 2.191 1.989 0.000 
6.000 31.620 -0.191 0.327 0.731 1.229 1.637 1.983 2.137 2.047 2.015 1.815 0.000 
6.000 39.810 -0.342 0.165 0.561 1.054 1.457 1.803 1.956 1.864 1.831 1.633 0.000 
6.000 50.120 -0.496 -0.000 0.388 0.873 1.271 1.616 1.768 1.673 1.638 1.444 0.000 
6.000 63.100 -0.652 -0.168 0.211 0.687 1.078 1.422 1.572 1.474 1.438 1.247 0.000 
6.000 79.430 -0.810 -0.339 0.032 0.496 0.878 1.221 1.369 1.266 1.228 1.042 0.000 
6.000 100.000 -0.970 -0.512 -0.150 0.299 0.670 1.012 1.157 1.049 1.007 0.828 0.000 
6.000 125.890 -1.133 -0.687 -0.335 0.095 0.452 0.793 0.934 0.819 0.773 0.603 0.000 
6.000 158.490 -1.299 -0.866 -0.523 -0.117 0.222 0.561 0.698 0.574 0.523 0.363 0.000 
6.000 199.530 -1.469 -1.049 -0.715 -0.339 -0.023 0.314 0.446 0.310 0.254 0.107 0.000 
6.000 251.190 -1.643 -1.237 -0.913 -0.574 -0.286 0.049 0.172 0.023 -0.041 -0.171 0.000 
6.000 316.230 -1.823 -1.430 -1.116 -0.825 -0.573 -0.241 -0.126 -0.293 -0.367 -0.477 0.000 
6.000 398.110 -2.011 -1.632 -1.327 -1.095 -0.888 -0.561 -0.458 -0.646 -0.733 -0.816 0.000 
6.000 501.190 -2.208 -1.842 -1.547 -1.391 -1.241 -0.919 -0.830 -1.046 -1.148 -1.199 0.000 
6.000 630.960 -2.417 -2.065 -1.780 -1.718 -1.639 -1.324 -1.253 -1.505 -1.626 -1.635 0.000 
6.000 794.330 -2.641 -2.303 -2.028 -2.085 -2.096 -1.789 -1.741 -2.036 -2.182 -2.139 0.000 
6.000 1000.000 -2.884 -2.560 -2.294 -2.502 -2.626 -2.329 -2.310 -2.661 -2.838 -2.729 0.000 
6.250 1.000 0.836 1.429 1.871 2.355 2.746 3.066 3.204 3.113 3.076 2.884 0.000 
6.250 1.260 0.836 1.428 1.869 2.353 2.744 3.064 3.202 3.111 3.074 2.882 0.000 
6.250 1.580 0.836 1.426 1.866 2.350 2.741 3.061 3.199 3.108 3.071 2.878 0.000 
6.250 2.000 0.834 1.423 1.862 2.346 2.736 3.056 3.194 3.103 3.066 2.874 0.000 
6.250 2.510 0.831 1.417 1.854 2.338 2.729 3.049 3.186 3.096 3.059 2.866 0.000 
6.250 3.160 0.824 1.407 1.843 2.327 2.717 3.037 3.175 3.084 3.047 2.854 0.000 
6.250 3.980 0.813 1.392 1.825 2.309 2.699 3.019 3.157 3.066 3.029 2.837 0.000 
6.250 5.010 0.793 1.369 1.799 2.283 2.673 2.993 3.130 3.039 3.002 2.810 0.000 
6.250 6.310 0.763 1.335 1.761 2.244 2.634 2.954 3.091 3.000 2.963 2.771 0.000 
6.250 7.940 0.719 1.285 1.708 2.190 2.579 2.899 3.036 2.945 2.908 2.716 0.000 
6.250 10.000 0.658 1.218 1.636 2.117 2.506 2.826 2.963 2.871 2.834 2.642 0.000 
6.250 12.590 0.579 1.131 1.544 2.024 2.412 2.732 2.868 2.776 2.738 2.547 0.000 
6.250 15.850 0.481 1.025 1.433 1.911 2.297 2.617 2.753 2.660 2.622 2.432 0.000 
6.250 19.950 0.367 0.903 1.304 1.780 2.164 2.484 2.619 2.526 2.487 2.298 0.000 
6.250 25.120 0.240 0.766 1.161 1.633 2.015 2.334 2.469 2.374 2.335 2.147 0.000 
6.250 31.620 0.103 0.620 1.007 1.475 1.853 2.172 2.306 2.210 2.169 1.984 0.000 
6.250 39.810 -0.041 0.465 0.845 1.307 1.681 1.999 2.133 2.034 1.992 1.809 0.000 
6.250 50.120 -0.190 0.305 0.677 1.131 1.500 1.818 1.950 1.848 1.805 1.625 0.000 
6.250 63.100 -0.343 0.140 0.504 0.949 1.310 1.628 1.758 1.653 1.608 1.432 0.000 
6.250 79.430 -0.498 -0.028 0.327 0.761 1.113 1.430 1.558 1.448 1.401 1.231 0.000 
6.250 100.000 -0.657 -0.199 0.147 0.566 0.907 1.223 1.348 1.233 1.183 1.019 0.000 
6.250 125.890 -0.818 -0.373 -0.036 0.364 0.691 1.005 1.127 1.005 0.951 0.795 0.000 
6.250 158.490 -0.983 -0.550 -0.223 0.153 0.463 0.775 0.892 0.762 0.702 0.557 0.000 
6.250 199.530 -1.151 -0.732 -0.414 -0.067 0.219 0.530 0.641 0.499 0.434 0.302 0.000 
6.250 251.190 -1.324 -0.918 -0.610 -0.301 -0.043 0.265 0.369 0.214 0.140 0.025 0.000 
6.250 316.230 -1.503 -1.111 -0.812 -0.551 -0.328 -0.023 0.071 -0.102 -0.185 -0.279 0.000 
6.250 398.110 -1.690 -1.311 -1.022 -0.820 -0.643 -0.342 -0.259 -0.454 -0.549 -0.618 0.000 
6.250 501.190 -1.886 -1.521 -1.241 -1.115 -0.994 -0.699 -0.630 -0.853 -0.963 -0.999 0.000 
6.250 630.960 -2.094 -1.742 -1.473 -1.441 -1.392 -1.103 -1.052 -1.310 -1.440 -1.434 0.000 
6.250 794.330 -2.317 -1.979 -1.719 -1.807 -1.848 -1.566 -1.539 -1.841 -1.995 -1.937 0.000 
6.250 1000.000 -2.559 -2.235 -1.985 -2.223 -2.377 -2.106 -2.107 -2.464 -2.650 -2.526 0.000 
6.500 1.000 0.930 1.518 1.942 2.394 2.753 3.047 3.163 3.065 3.019 2.842 0.000 
6.500 1.260 0.931 1.518 1.941 2.393 2.752 3.045 3.162 3.064 3.018 2.841 0.000 
6.500 1.580 0.932 1.517 1.939 2.391 2.750 3.044 3.160 3.063 3.017 2.840 0.000 
6.500 2.000 0.933 1.516 1.937 2.388 2.747 3.041 3.158 3.060 3.014 2.837 0.000 
6.500 2.510 0.932 1.513 1.933 2.384 2.743 3.037 3.153 3.056 3.009 2.832 0.000 
6.500 3.160 0.930 1.509 1.926 2.377 2.736 3.030 3.147 3.049 3.003 2.826 0.000 
6.500 3.980 0.925 1.501 1.916 2.367 2.726 3.020 3.136 3.038 2.992 2.815 0.000 
6.500 5.010 0.916 1.488 1.900 2.351 2.710 3.004 3.120 3.022 2.976 2.799 0.000 
6.500 6.310 0.900 1.468 1.877 2.327 2.686 2.980 3.096 2.998 2.952 2.775 0.000 
6.500 7.940 0.875 1.437 1.843 2.293 2.651 2.944 3.061 2.962 2.916 2.740 0.000 
6.500 10.000 0.836 1.392 1.794 2.243 2.601 2.894 3.010 2.912 2.865 2.689 0.000 
6.500 12.590 0.781 1.331 1.727 2.175 2.532 2.825 2.941 2.842 2.796 2.620 0.000 
6.500 15.850 0.708 1.250 1.641 2.088 2.443 2.736 2.852 2.752 2.705 2.530 0.000 
6.500 19.950 0.616 1.150 1.535 1.979 2.333 2.626 2.741 2.641 2.593 2.419 0.000 
6.500 25.120 0.508 1.032 1.411 1.852 2.203 2.496 2.611 2.509 2.461 2.288 0.000 
6.500 31.620 0.385 0.900 1.272 1.708 2.056 2.349 2.463 2.360 2.310 2.140 0.000 
6.500 39.810 0.251 0.756 1.120 1.551 1.895 2.187 2.300 2.195 2.145 1.977 0.000 
6.500 50.120 0.110 0.603 0.960 1.384 1.722 2.014 2.125 2.017 1.966 1.801 0.000 
6.500 63.100 -0.038 0.444 0.792 1.207 1.539 1.830 1.939 1.828 1.775 1.614 0.000 
6.500 79.430 -0.190 0.280 0.620 1.023 1.346 1.636 1.743 1.628 1.572 1.416 0.000 
6.500 100.000 -0.346 0.112 0.443 0.831 1.143 1.432 1.536 1.415 1.356 1.207 0.000 
6.500 125.890 -0.505 -0.060 0.262 0.631 0.929 1.217 1.318 1.190 1.127 0.986 0.000 
6.500 158.490 -0.668 -0.236 0.077 0.423 0.702 0.989 1.085 0.948 0.880 0.750 0.000 
6.500 199.530 -0.835 -0.416 -0.113 0.203 0.461 0.745 0.835 0.688 0.614 0.496 0.000 
6.500 251.190 -1.007 -0.601 -0.307 -0.029 0.200 0.481 0.565 0.403 0.322 0.220 0.000 
6.500 316.230 -1.185 -0.793 -0.508 -0.277 -0.084 0.194 0.268 0.089 -0.002 -0.083 0.000 
6.500 398.110 -1.371 -0.992 -0.717 -0.546 -0.398 -0.123 -0.061 -0.262 -0.366 -0.420 0.000 
6.500 501.190 -1.566 -1.200 -0.935 -0.839 -0.748 -0.479 -0.430 -0.660 -0.779 -0.800 0.000 
6.500 630.960 -1.773 -1.421 -1.166 -1.165 -1.144 -0.882 -0.852 -1.116 -1.254 -1.234 0.000 
6.500 794.330 -1.995 -1.657 -1.411 -1.529 -1.599 -1.345 -1.337 -1.646 -1.809 -1.736 0.000 
6.500 1000.000 -2.236 -1.912 -1.676 -1.944 -2.127 -1.883 -1.904 -2.268 -2.462 -2.324 0.000 
6.750 1.000 1.026 1.608 2.015 2.432 2.760 3.026 3.122 3.017 2.962 2.801 0.000 
6.750 1.260 1.027 1.608 2.014 2.432 2.759 3.026 3.121 3.016 2.961 2.800 0.000 
6.750 1.580 1.028 1.608 2.013 2.431 2.758 3.025 3.120 3.015 2.960 2.799 0.000 
6.750 2.000 1.030 1.608 2.011 2.429 2.756 3.023 3.119 3.014 2.958 2.797 0.000 
6.750 2.510 1.031 1.607 2.009 2.427 2.754 3.021 3.116 3.011 2.956 2.795 0.000 
6.750 3.160 1.031 1.605 2.005 2.423 2.750 3.017 3.113 3.007 2.952 2.791 0.000 
6.750 3.980 1.030 1.601 2.000 2.417 2.744 3.011 3.107 3.001 2.946 2.785 0.000 
6.750 5.010 1.027 1.594 1.991 2.408 2.735 3.002 3.097 2.992 2.936 2.776 0.000 
6.750 6.310 1.021 1.584 1.977 2.394 2.721 2.987 3.083 2.977 2.922 2.761 0.000 
6.750 7.940 1.008 1.566 1.956 2.372 2.699 2.966 3.061 2.955 2.900 2.739 0.000 
6.750 10.000 0.986 1.539 1.925 2.341 2.667 2.933 3.029 2.923 2.867 2.707 0.000 
6.750 12.590 0.953 1.499 1.880 2.295 2.621 2.887 2.982 2.876 2.820 2.660 0.000 
6.750 15.850 0.904 1.443 1.819 2.233 2.557 2.823 2.918 2.811 2.755 2.596 0.000 
6.750 19.950 0.837 1.368 1.738 2.150 2.473 2.739 2.833 2.726 2.669 2.511 0.000 
6.750 25.120 0.751 1.274 1.638 2.046 2.367 2.633 2.727 2.618 2.561 2.404 0.000 
6.750 31.620 0.648 1.161 1.518 1.923 2.241 2.506 2.600 2.490 2.432 2.276 0.000 
6.750 39.810 0.530 1.032 1.383 1.782 2.096 2.361 2.453 2.341 2.282 2.129 0.000 
6.750 50.120 0.399 0.891 1.234 1.626 1.935 2.200 2.291 2.176 2.116 1.966 0.000 
6.750 63.100 0.260 0.740 1.075 1.459 1.760 2.025 2.114 1.996 1.934 1.788 0.000 
6.750 79.430 0.113 0.582 0.908 1.281 1.573 1.837 1.924 1.802 1.737 1.596 0.000 
6.750 100.000 -0.039 0.418 0.736 1.093 1.375 1.638 1.722 1.594 1.527 1.392 0.000 
6.750 125.890 -0.195 0.250 0.558 0.897 1.165 1.426 1.506 1.372 1.301 1.174 0.000 
6.750 158.490 -0.356 0.076 0.375 0.691 0.941 1.200 1.276 1.133 1.057 0.941 0.000 
6.750 199.530 -0.521 -0.102 0.188 0.473 0.701 0.958 1.029 0.875 0.792 0.689 0.000 
6.750 251.190 -0.691 -0.286 -0.005 0.243 0.442 0.697 0.760 0.592 0.502 0.415 0.000 
6.750 316.230 -0.868 -0.476 -0.205 -0.004 0.159 0.411 0.465 0.279 0.180 0.114 0.000 
6.750 398.110 -1.052 -0.674 -0.412 -0.272 -0.153 0.095 0.137 -0.070 -0.182 -0.222 0.000 
6.750 501.190 -1.246 -0.881 -0.630 -0.564 -0.502 -0.259 -0.231 -0.467 -0.594 -0.601 0.000 
6.750 630.960 -1.452 -1.101 -0.859 -0.888 -0.897 -0.661 -0.651 -0.922 -1.069 -1.034 0.000 
6.750 794.330 -1.673 -1.336 -1.104 -1.252 -1.351 -1.123 -1.136 -1.450 -1.622 -1.535 0.000 
6.750 1000.000 -1.913 -1.590 -1.367 -1.666 -1.878 -1.660 -1.702 -2.072 -2.274 -2.121 0.000 
7.000 1.000 1.121 1.698 2.088 2.471 2.765 3.005 3.080 2.967 2.902 2.758 0.000 
7.000 1.260 1.123 1.698 2.088 2.471 2.765 3.005 3.080 2.966 2.902 2.757 0.000 
7.000 1.580 1.124 1.699 2.087 2.470 2.765 3.004 3.079 2.966 2.901 2.757 0.000 
7.000 2.000 1.126 1.699 2.086 2.469 2.764 3.003 3.078 2.965 2.900 2.756 0.000 
7.000 2.510 1.128 1.699 2.085 2.468 2.762 3.002 3.077 2.963 2.899 2.754 0.000 
7.000 3.160 1.130 1.698 2.083 2.466 2.760 3.000 3.075 2.961 2.896 2.752 0.000 
7.000 3.980 1.131 1.697 2.080 2.463 2.757 2.997 3.071 2.958 2.893 2.749 0.000 
7.000 5.010 1.131 1.694 2.075 2.457 2.751 2.991 3.066 2.952 2.887 2.743 0.000 
7.000 6.310 1.130 1.689 2.067 2.449 2.743 2.983 3.057 2.944 2.879 2.735 0.000 
7.000 7.940 1.125 1.680 2.054 2.436 2.730 2.970 3.044 2.931 2.866 2.722 0.000 
7.000 10.000 1.116 1.665 2.035 2.417 2.710 2.950 3.025 2.911 2.846 2.702 0.000 
7.000 12.590 1.098 1.641 2.007 2.388 2.681 2.921 2.995 2.881 2.816 2.672 0.000 
7.000 15.850 1.069 1.605 1.967 2.347 2.639 2.878 2.952 2.838 2.772 2.629 0.000 
7.000 19.950 1.026 1.554 1.910 2.288 2.579 2.819 2.892 2.777 2.711 2.569 0.000 
7.000 25.120 0.965 1.485 1.835 2.211 2.499 2.739 2.812 2.696 2.630 2.489 0.000 
7.000 31.620 0.885 1.396 1.740 2.112 2.398 2.637 2.710 2.592 2.525 2.386 0.000 
7.000 39.810 0.787 1.289 1.625 1.992 2.275 2.513 2.585 2.466 2.398 2.261 0.000 
7.000 50.120 0.673 1.164 1.493 1.854 2.131 2.370 2.440 2.318 2.249 2.115 0.000 
7.000 63.100 0.546 1.026 1.347 1.699 1.970 2.208 2.277 2.152 2.081 1.950 0.000 
7.000 79.430 0.409 0.877 1.190 1.531 1.793 2.030 2.097 1.968 1.894 1.768 0.000 
7.000 100.000 0.263 0.719 1.024 1.350 1.602 1.838 1.902 1.767 1.691 1.571 0.000 
7.000 125.890 0.111 0.555 0.851 1.159 1.396 1.631 1.691 1.550 1.470 1.359 0.000 
7.000 158.490 -0.046 0.385 0.672 0.956 1.176 1.409 1.465 1.315 1.230 1.129 0.000 
7.000 199.530 -0.209 0.209 0.487 0.741 0.939 1.170 1.220 1.060 0.969 0.880 0.000 
7.000 251.190 -0.378 0.028 0.295 0.513 0.682 0.911 0.954 0.779 0.681 0.609 0.000 
7.000 316.230 -0.553 -0.161 0.098 0.268 0.402 0.627 0.661 0.469 0.360 0.309 0.000 
7.000 398.110 -0.736 -0.357 -0.109 0.002 0.091 0.312 0.335 0.120 -0.000 -0.025 0.000 
7.000 501.190 -0.929 -0.564 -0.325 -0.289 -0.257 -0.041 -0.033 -0.275 -0.411 -0.403 0.000 
7.000 630.960 -1.133 -0.782 -0.553 -0.612 -0.651 -0.441 -0.451 -0.728 -0.884 -0.834 0.000 
7.000 794.330 -1.353 -1.016 -0.796 -0.975 -1.103 -0.902 -0.935 -1.256 -1.436 -1.334 0.000 
7.000 1000.000 -1.592 -1.269 -1.059 -1.387 -1.629 -1.438 -1.500 -1.876 -2.087 -1.920 0.000 
7.250 1.000 1.217 1.788 2.163 2.509 2.770 2.982 3.036 2.914 2.839 2.712 0.000 
7.250 1.260 1.219 1.789 2.163 2.509 2.769 2.982 3.035 2.914 2.839 2.712 0.000 
7.250 1.580 1.220 1.789 2.162 2.509 2.769 2.982 3.035 2.913 2.839 2.712 0.000 
7.250 2.000 1.222 1.790 2.162 2.508 2.769 2.981 3.035 2.913 2.838 2.711 0.000 
7.250 2.510 1.224 1.790 2.161 2.508 2.768 2.981 3.034 2.912 2.837 2.710 0.000 
7.250 3.160 1.227 1.790 2.160 2.507 2.767 2.979 3.033 2.911 2.836 2.709 0.000 
7.250 3.980 1.229 1.790 2.158 2.505 2.765 2.978 3.031 2.909 2.834 2.707 0.000 
7.250 5.010 1.231 1.789 2.155 2.502 2.762 2.974 3.028 2.906 2.831 2.704 0.000 
7.250 6.310 1.233 1.787 2.151 2.497 2.757 2.970 3.023 2.901 2.826 2.699 0.000 
7.250 7.940 1.233 1.783 2.144 2.490 2.749 2.962 3.015 2.893 2.818 2.692 0.000 
7.250 10.000 1.230 1.776 2.133 2.478 2.738 2.950 3.003 2.881 2.806 2.680 0.000 
7.250 12.590 1.223 1.763 2.116 2.461 2.720 2.932 2.985 2.863 2.788 2.662 0.000 
7.250 15.850 1.209 1.742 2.091 2.435 2.693 2.906 2.958 2.835 2.760 2.634 0.000 
7.250 19.950 1.185 1.711 2.054 2.396 2.654 2.866 2.919 2.795 2.720 2.595 0.000 
7.250 25.120 1.147 1.665 2.002 2.342 2.598 2.811 2.863 2.738 2.663 2.538 0.000 
7.250 31.620 1.092 1.601 1.932 2.269 2.523 2.735 2.786 2.661 2.585 2.462 0.000 
7.250 39.810 1.018 1.518 1.842 2.175 2.425 2.637 2.688 2.561 2.484 2.362 0.000 
7.250 50.120 0.926 1.415 1.732 2.059 2.305 2.516 2.566 2.437 2.358 2.239 0.000 
7.250 63.100 0.816 1.294 1.603 1.923 2.162 2.373 2.421 2.289 2.209 2.094 0.000 
7.250 79.430 0.692 1.159 1.460 1.768 2.000 2.210 2.256 2.120 2.038 1.927 0.000 
7.250 100.000 0.556 1.012 1.304 1.598 1.819 2.029 2.072 1.931 1.845 1.741 0.000 
7.250 125.890 0.411 0.854 1.138 1.415 1.622 1.830 1.870 1.722 1.633 1.537 0.000 
7.250 158.490 0.259 0.689 0.964 1.217 1.407 1.614 1.649 1.493 1.399 1.313 0.000 
7.250 199.530 0.100 0.517 0.783 1.007 1.175 1.379 1.409 1.241 1.142 1.068 0.000 
7.250 251.190 -0.066 0.338 0.595 0.781 0.921 1.123 1.145 0.964 0.857 0.800 0.000 
7.250 316.230 -0.239 0.152 0.399 0.538 0.642 0.841 0.855 0.656 0.539 0.503 0.000 
7.250 398.110 -0.421 -0.043 0.195 0.274 0.334 0.528 0.530 0.310 0.181 0.170 0.000 
7.250 501.190 -0.612 -0.248 -0.020 -0.015 -0.012 0.177 0.165 -0.083 -0.228 -0.205 0.000 
7.250 630.960 -0.816 -0.465 -0.247 -0.336 -0.405 -0.222 -0.252 -0.536 -0.700 -0.636 0.000 
7.250 794.330 -1.035 -0.697 -0.489 -0.698 -0.856 -0.681 -0.735 -1.062 -1.251 -1.134 0.000 
7.250 1000.000 -1.273 -0.949 -0.751 -1.109 -1.381 -1.216 -1.298 -1.681 -1.900 -1.718 0.000 
7.500 1.000 1.313 1.878 2.239 2.547 2.771 2.957 2.988 2.857 2.772 2.663 0.000 
7.500 1.260 1.315 1.879 2.239 2.547 2.771 2.957 2.988 2.857 2.772 2.663 0.000 
7.500 1.580 1.316 1.879 2.238 2.546 2.771 2.956 2.988 2.857 2.772 2.663 0.000 
7.500 2.000 1.318 1.880 2.238 2.546 2.770 2.956 2.988 2.856 2.771 2.663 0.000 
7.500 2.510 1.320 1.881 2.238 2.546 2.770 2.956 2.987 2.856 2.771 2.662 0.000 
7.500 3.160 1.323 1.881 2.237 2.545 2.769 2.955 2.986 2.855 2.770 2.661 0.000 
7.500 3.980 1.326 1.882 2.236 2.544 2.768 2.954 2.985 2.854 2.769 2.660 0.000 
7.500 5.010 1.329 1.882 2.234 2.542 2.766 2.952 2.983 2.852 2.767 2.659 0.000 
7.500 6.310 1.332 1.882 2.232 2.539 2.764 2.949 2.981 2.849 2.764 2.656 0.000 
7.500 7.940 1.335 1.881 2.228 2.535 2.759 2.945 2.976 2.845 2.760 2.651 0.000 
7.500 10.000 1.336 1.878 2.221 2.529 2.752 2.938 2.969 2.838 2.753 2.644 0.000 
7.500 12.590 1.336 1.872 2.212 2.518 2.742 2.927 2.959 2.827 2.742 2.634 0.000 
7.500 15.850 1.331 1.861 2.197 2.503 2.726 2.911 2.942 2.810 2.725 2.617 0.000 
7.500 19.950 1.320 1.843 2.174 2.479 2.701 2.886 2.917 2.785 2.699 2.592 0.000 
7.500 25.120 1.300 1.815 2.140 2.444 2.665 2.850 2.880 2.747 2.662 2.555 0.000 
7.500 31.620 1.267 1.774 2.093 2.394 2.612 2.798 2.828 2.694 2.608 2.502 0.000 
7.500 39.810 1.217 1.715 2.028 2.325 2.541 2.726 2.755 2.620 2.533 2.429 0.000 
7.500 50.120 1.150 1.637 1.943 2.234 2.447 2.631 2.660 2.522 2.434 2.332 0.000 
7.500 63.100 1.062 1.539 1.837 2.122 2.328 2.513 2.539 2.399 2.310 2.211 0.000 
7.500 79.430 0.957 1.423 1.713 1.987 2.186 2.370 2.395 2.251 2.159 2.065 0.000 
7.500 100.000 0.836 1.290 1.572 1.833 2.022 2.205 2.227 2.078 1.984 1.896 0.000 
7.500 125.890 0.702 1.144 1.417 1.661 1.837 2.018 2.037 1.882 1.784 1.703 0.000 
7.500 158.490 0.557 0.987 1.251 1.472 1.631 1.811 1.825 1.662 1.559 1.489 0.000 
7.500 199.530 0.403 0.820 1.075 1.267 1.404 1.582 1.591 1.417 1.309 1.251 0.000 
7.500 251.190 0.241 0.646 0.891 1.046 1.155 1.331 1.333 1.145 1.029 0.987 0.000 
7.500 316.230 0.071 0.462 0.698 0.807 0.881 1.053 1.046 0.840 0.715 0.693 0.000 
7.500 398.110 -0.108 0.270 0.496 0.545 0.575 0.743 0.724 0.497 0.359 0.364 0.000 
7.500 501.190 -0.298 0.067 0.284 0.258 0.231 0.394 0.361 0.106 -0.047 -0.010 0.000 
7.500 630.960 -0.500 -0.149 0.058 -0.062 -0.160 -0.004 -0.055 -0.344 -0.517 -0.438 0.000 
7.500 794.330 -0.717 -0.380 -0.182 -0.422 -0.610 -0.462 -0.535 -0.869 -1.066 -0.935 0.000 
7.500 1000.000 -0.954 -0.631 -0.443 -0.832 -1.133 -0.995 -1.097 -1.486 -1.715 -1.518 0.000 
7.750 1.000 1.409 1.968 2.315 2.581 2.768 2.926 2.935 2.793 2.698 2.609 0.000 
7.750 1.260 1.410 1.969 2.315 2.581 2.768 2.926 2.935 2.793 2.698 2.609 0.000 
7.750 1.580 1.412 1.969 2.315 2.581 2.768 2.926 2.935 2.793 2.698 2.608 0.000 
7.750 2.000 1.414 1.970 2.315 2.581 2.768 2.926 2.935 2.793 2.697 2.608 0.000 
7.750 2.510 1.416 1.971 2.314 2.581 2.767 2.926 2.935 2.793 2.697 2.608 0.000 
7.750 3.160 1.418 1.971 2.314 2.580 2.767 2.925 2.934 2.792 2.697 2.608 0.000 
7.750 3.980 1.421 1.972 2.314 2.580 2.766 2.925 2.934 2.792 2.696 2.607 0.000 
7.750 5.010 1.425 1.973 2.313 2.579 2.765 2.924 2.933 2.791 2.695 2.606 0.000 
7.750 6.310 1.429 1.974 2.311 2.577 2.764 2.922 2.931 2.789 2.693 2.604 0.000 
7.750 7.940 1.433 1.974 2.309 2.575 2.761 2.919 2.928 2.786 2.691 2.602 0.000 
7.750 10.000 1.436 1.974 2.305 2.571 2.757 2.915 2.924 2.782 2.687 2.598 0.000 
7.750 12.590 1.439 1.972 2.300 2.565 2.751 2.909 2.918 2.776 2.680 2.591 0.000 
7.750 15.850 1.440 1.967 2.291 2.556 2.741 2.899 2.908 2.766 2.670 2.581 0.000 
7.750 19.950 1.438 1.958 2.277 2.541 2.726 2.884 2.893 2.750 2.654 2.566 0.000 
7.750 25.120 1.430 1.943 2.257 2.520 2.703 2.862 2.870 2.727 2.630 2.543 0.000 
7.750 31.620 1.414 1.919 2.226 2.487 2.670 2.828 2.836 2.692 2.595 2.508 0.000 
7.750 39.810 1.385 1.881 2.183 2.441 2.621 2.778 2.786 2.641 2.543 2.458 0.000 
7.750 50.120 1.341 1.827 2.122 2.376 2.552 2.710 2.716 2.570 2.471 2.388 0.000 
7.750 63.100 1.279 1.755 2.042 2.289 2.461 2.618 2.623 2.474 2.375 2.294 0.000 
7.750 79.430 1.197 1.662 1.941 2.179 2.344 2.501 2.504 2.352 2.250 2.174 0.000 
7.750 100.000 1.095 1.549 1.820 2.046 2.202 2.357 2.358 2.202 2.098 2.026 0.000 
7.750 125.890 0.977 1.419 1.682 1.891 2.034 2.188 2.186 2.023 1.916 1.852 0.000 
7.750 158.490 0.844 1.273 1.528 1.715 1.842 1.995 1.988 1.817 1.705 1.651 0.000 
7.750 199.530 0.699 1.116 1.361 1.520 1.625 1.776 1.765 1.583 1.465 1.423 0.000 
7.750 251.190 0.543 0.947 1.183 1.306 1.384 1.532 1.514 1.319 1.193 1.167 0.000 
7.750 316.230 0.377 0.768 0.995 1.071 1.114 1.259 1.232 1.020 0.885 0.879 0.000 
7.750 398.110 0.201 0.579 0.796 0.813 0.812 0.953 0.915 0.681 0.534 0.554 0.000 
7.750 501.190 0.014 0.378 0.586 0.529 0.471 0.608 0.554 0.293 0.131 0.183 0.000 
7.750 630.960 -0.186 0.165 0.363 0.211 0.083 0.213 0.141 -0.155 -0.336 -0.242 0.000 
7.750 794.330 -0.402 -0.065 0.123 -0.147 -0.365 -0.243 -0.337 -0.677 -0.883 -0.737 0.000 
7.750 1000.000 -0.637 -0.314 -0.135 -0.556 -0.886 -0.775 -0.898 -1.293 -1.530 -1.318 0.000 
8.000 1.000 1.504 2.057 2.391 2.612 2.758 2.889 2.875 2.721 2.614 2.546 0.000 
8.000 1.260 1.505 2.057 2.391 2.612 2.758 2.889 2.875 2.721 2.614 2.546 0.000 
8.000 1.580 1.506 2.058 2.391 2.612 2.758 2.889 2.874 2.721 2.614 2.545 0.000 
8.000 2.000 1.508 2.059 2.391 2.612 2.758 2.889 2.874 2.721 2.613 2.545 0.000 
8.000 2.510 1.510 2.059 2.391 2.612 2.758 2.888 2.874 2.721 2.613 2.545 0.000 
8.000 3.160 1.512 2.060 2.391 2.612 2.757 2.888 2.874 2.720 2.613 2.545 0.000 
8.000 3.980 1.515 2.061 2.390 2.611 2.757 2.888 2.874 2.720 2.613 2.545 0.000 
8.000 5.010 1.519 2.062 2.390 2.611 2.756 2.887 2.873 2.719 2.612 2.544 0.000 
8.000 6.310 1.523 2.064 2.389 2.610 2.755 2.886 2.872 2.718 2.611 2.543 0.000 
8.000 7.940 1.527 2.065 2.388 2.609 2.754 2.885 2.871 2.717 2.609 2.542 0.000 
8.000 10.000 1.532 2.066 2.386 2.606 2.752 2.882 2.868 2.714 2.607 2.539 0.000 
8.000 12.590 1.537 2.066 2.383 2.603 2.748 2.879 2.864 2.711 2.603 2.535 0.000 
8.000 15.850 1.541 2.065 2.377 2.597 2.742 2.873 2.859 2.705 2.597 2.529 0.000 
8.000 19.950 1.544 2.061 2.370 2.589 2.733 2.864 2.849 2.695 2.588 2.520 0.000 
8.000 25.120 1.544 2.054 2.357 2.576 2.719 2.850 2.835 2.681 2.573 2.506 0.000 
8.000 31.620 1.539 2.041 2.339 2.556 2.698 2.829 2.814 2.658 2.550 2.484 0.000 
8.000 39.810 1.526 2.020 2.311 2.526 2.666 2.797 2.781 2.625 2.517 2.451 0.000 
8.000 50.120 1.502 1.986 2.271 2.482 2.620 2.750 2.734 2.576 2.467 2.403 0.000 
8.000 63.100 1.463 1.937 2.215 2.420 2.554 2.684 2.667 2.507 2.397 2.336 0.000 
8.000 79.430 1.406 1.869 2.139 2.337 2.465 2.594 2.576 2.413 2.301 2.243 0.000 
8.000 100.000 1.328 1.781 2.043 2.229 2.349 2.478 2.457 2.290 2.176 2.123 0.000 
8.000 125.890 1.231 1.672 1.925 2.097 2.205 2.332 2.309 2.137 2.019 1.973 0.000 
8.000 158.490 1.115 1.544 1.789 1.940 2.032 2.158 2.131 1.951 1.829 1.792 0.000 
8.000 199.530 0.983 1.399 1.635 1.759 1.831 1.955 1.922 1.733 1.605 1.580 0.000 
8.000 251.190 0.836 1.240 1.467 1.555 1.601 1.722 1.683 1.480 1.345 1.336 0.000 
8.000 316.230 0.677 1.068 1.286 1.328 1.340 1.458 1.410 1.190 1.046 1.056 0.000 
8.000 398.110 0.506 0.883 1.092 1.076 1.044 1.158 1.099 0.858 0.702 0.737 0.000 
8.000 501.190 0.323 0.687 0.886 0.796 0.708 0.817 0.743 0.475 0.304 0.372 0.000 
8.000 630.960 0.125 0.476 0.665 0.482 0.323 0.426 0.334 0.031 -0.160 -0.050 0.000 
8.000 794.330 -0.089 0.248 0.428 0.126 -0.122 -0.027 -0.142 -0.489 -0.703 -0.542 0.000 
8.000 1000.000 -0.322 0.001 0.171 -0.280 -0.641 -0.557 -0.700 -1.102 -1.348 -1.121 0.000 
