ZhaoEtAl2006SSlabCascadia_CanadaSHM6-trial modified from OpenQuake implementation, distance is rrup. Log10 ground motion values in cgs units, PGV and Sa(T<0.1s) not valid
          14 31 23 : nmag, ndist, nperiod
          10.000 5.000 4.000 3.000 2.500 2.000 1.500 1.250 1.000 0.900 0.800 0.700 0.600 0.500 0.400 0.300 0.250 0.200 0.150 0.100 0.050 PGA PGV 
          0.708 0.708 0.705 0.721 0.732 0.733 0.721 0.716 0.717 0.714 0.713 0.714 0.712 0.707 0.715 0.728 0.743 0.764 0.794 0.811 0.743 0.684 0.000 
4.750 1.000 0.258 0.884 1.170 1.637 1.734 2.044 2.499 2.797 3.004 3.135 3.275 3.444 3.559 3.629 3.672 3.595 3.482 3.526 3.702 3.605 3.647 3.447 0.000 
4.750 1.260 0.189 0.812 1.087 1.538 1.639 1.944 2.385 2.673 2.879 3.008 3.146 3.315 3.433 3.513 3.566 3.503 3.400 3.445 3.616 3.520 3.542 3.338 0.000 
4.750 1.580 0.115 0.736 0.999 1.434 1.539 1.840 2.267 2.545 2.750 2.878 3.013 3.181 3.302 3.391 3.455 3.404 3.313 3.358 3.523 3.429 3.431 3.225 0.000 
4.750 2.000 0.037 0.654 0.906 1.326 1.436 1.733 2.145 2.414 2.617 2.743 2.877 3.042 3.167 3.263 3.339 3.300 3.219 3.265 3.424 3.332 3.314 3.105 0.000 
4.750 2.510 -0.046 0.568 0.809 1.215 1.329 1.622 2.020 2.280 2.481 2.605 2.737 2.901 3.028 3.132 3.217 3.190 3.120 3.166 3.319 3.229 3.192 2.980 0.000 
4.750 3.160 -0.133 0.477 0.708 1.102 1.219 1.508 1.893 2.143 2.342 2.464 2.594 2.756 2.885 2.996 3.091 3.074 3.015 3.062 3.208 3.120 3.064 2.851 0.000 
4.750 3.980 -0.222 0.382 0.604 0.985 1.107 1.392 1.763 2.005 2.200 2.321 2.449 2.609 2.740 2.856 2.960 2.954 2.905 2.952 3.092 3.006 2.931 2.717 0.000 
4.750 5.010 -0.314 0.284 0.498 0.867 0.992 1.274 1.632 1.864 2.056 2.176 2.302 2.459 2.592 2.713 2.825 2.829 2.790 2.836 2.971 2.886 2.793 2.579 0.000 
4.750 6.310 -0.409 0.183 0.389 0.747 0.876 1.155 1.499 1.722 1.911 2.029 2.153 2.308 2.441 2.567 2.686 2.699 2.670 2.716 2.845 2.761 2.651 2.437 0.000 
4.750 7.940 -0.505 0.079 0.278 0.625 0.758 1.034 1.364 1.578 1.764 1.880 2.003 2.154 2.288 2.418 2.545 2.566 2.547 2.592 2.714 2.631 2.505 2.292 0.000 
4.750 10.000 -0.602 -0.027 0.166 0.502 0.639 0.911 1.228 1.433 1.615 1.730 1.851 2.000 2.134 2.268 2.400 2.428 2.419 2.463 2.579 2.497 2.356 2.143 0.000 
4.750 12.590 -0.701 -0.135 0.051 0.377 0.518 0.787 1.091 1.287 1.465 1.579 1.697 1.843 1.978 2.114 2.252 2.288 2.287 2.330 2.439 2.358 2.203 1.992 0.000 
4.750 15.850 -0.802 -0.245 -0.065 0.252 0.396 0.662 0.952 1.139 1.314 1.426 1.543 1.685 1.820 1.959 2.102 2.144 2.152 2.193 2.295 2.215 2.045 1.837 0.000 
4.750 19.950 -0.903 -0.357 -0.182 0.125 0.273 0.536 0.812 0.991 1.161 1.272 1.386 1.526 1.660 1.802 1.949 1.996 2.012 2.052 2.147 2.067 1.885 1.679 0.000 
4.750 25.120 -1.006 -0.471 -0.301 -0.003 0.149 0.408 0.671 0.840 1.007 1.116 1.229 1.365 1.499 1.642 1.793 1.845 1.869 1.906 1.994 1.914 1.719 1.518 0.000 
4.750 31.620 -1.110 -0.587 -0.421 -0.132 0.023 0.279 0.528 0.689 0.852 0.958 1.069 1.202 1.335 1.479 1.634 1.689 1.721 1.755 1.836 1.755 1.549 1.352 0.000 
4.750 39.810 -1.217 -0.705 -0.543 -0.262 -0.105 0.148 0.383 0.536 0.694 0.799 0.908 1.037 1.169 1.314 1.471 1.529 1.568 1.599 1.671 1.589 1.373 1.182 0.000 
4.750 50.120 -1.325 -0.826 -0.668 -0.394 -0.234 0.015 0.236 0.380 0.534 0.637 0.744 0.869 1.000 1.145 1.304 1.364 1.408 1.435 1.499 1.415 1.191 1.006 0.000 
4.750 63.100 -1.437 -0.950 -0.794 -0.528 -0.366 -0.120 0.086 0.222 0.372 0.473 0.577 0.698 0.828 0.972 1.131 1.192 1.241 1.263 1.317 1.231 1.000 0.823 0.000 
4.750 79.430 -1.552 -1.077 -0.924 -0.664 -0.501 -0.259 -0.067 0.061 0.206 0.305 0.406 0.523 0.651 0.793 0.952 1.012 1.065 1.082 1.125 1.036 0.799 0.632 0.000 
4.750 100.000 -1.671 -1.210 -1.058 -0.803 -0.640 -0.401 -0.225 -0.104 0.035 0.132 0.231 0.343 0.469 0.608 0.764 0.822 0.878 0.887 0.919 0.825 0.585 0.430 0.000 
4.750 125.890 -1.795 -1.348 -1.196 -0.945 -0.782 -0.548 -0.388 -0.274 -0.140 -0.046 0.050 0.157 0.280 0.416 0.567 0.619 0.677 0.677 0.696 0.596 0.355 0.214 0.000 
4.750 158.490 -1.927 -1.493 -1.341 -1.092 -0.931 -0.701 -0.557 -0.450 -0.322 -0.231 -0.138 -0.036 0.083 0.213 0.357 0.401 0.458 0.448 0.452 0.344 0.106 -0.018 0.000 
4.750 199.530 -2.067 -1.646 -1.492 -1.244 -1.086 -0.862 -0.735 -0.633 -0.511 -0.424 -0.335 -0.239 -0.124 -0.002 0.132 0.164 0.218 0.194 0.181 0.062 -0.168 -0.271 0.000 
4.750 251.190 -2.218 -1.811 -1.652 -1.404 -1.250 -1.031 -0.923 -0.826 -0.712 -0.628 -0.543 -0.454 -0.345 -0.233 -0.113 -0.097 -0.050 -0.091 -0.123 -0.256 -0.473 -0.550 0.000 
4.750 316.230 -2.383 -1.990 -1.824 -1.571 -1.424 -1.213 -1.124 -1.032 -0.924 -0.846 -0.765 -0.684 -0.582 -0.484 -0.382 -0.388 -0.352 -0.413 -0.470 -0.620 -0.817 -0.861 0.000 
4.750 398.110 -2.566 -2.186 -2.010 -1.750 -1.613 -1.409 -1.341 -1.252 -1.153 -1.080 -1.005 -0.933 -0.840 -0.759 -0.683 -0.718 -0.697 -0.784 -0.869 -1.041 -1.211 -1.214 0.000 
4.750 501.190 -2.770 -2.404 -2.214 -1.942 -1.819 -1.624 -1.579 -1.492 -1.403 -1.336 -1.267 -1.205 -1.123 -1.066 -1.022 -1.095 -1.097 -1.216 -1.335 -1.535 -1.666 -1.620 0.000 
4.750 630.960 -3.001 -2.649 -2.441 -2.151 -2.046 -1.862 -1.843 -1.755 -1.678 -1.619 -1.558 -1.508 -1.440 -1.411 -1.410 -1.533 -1.565 -1.725 -1.885 -2.120 -2.199 -2.090 0.000 
4.750 794.330 -3.267 -2.929 -2.696 -2.381 -2.301 -2.129 -2.140 -2.049 -1.985 -1.936 -1.883 -1.848 -1.797 -1.807 -1.860 -2.047 -2.120 -2.329 -2.540 -2.820 -2.830 -2.643 0.000 
4.750 1000.000 -3.577 -3.253 -2.987 -2.639 -2.590 -2.433 -2.478 -2.381 -2.332 -2.295 -2.253 -2.236 -2.206 -2.264 -2.387 -2.656 -2.783 -3.055 -3.328 -3.665 -3.584 -3.299 0.000 
5.000 1.000 0.397 1.017 1.327 1.805 1.902 2.209 2.651 2.939 3.127 3.251 3.382 3.539 3.638 3.693 3.718 3.623 3.499 3.534 3.702 3.597 3.648 3.465 0.000 
5.000 1.260 0.334 0.952 1.250 1.711 1.813 2.114 2.543 2.820 3.008 3.130 3.259 3.415 3.518 3.582 3.618 3.536 3.424 3.459 3.621 3.518 3.550 3.364 0.000 
5.000 1.580 0.266 0.882 1.167 1.612 1.718 2.015 2.429 2.697 2.884 3.004 3.131 3.286 3.393 3.466 3.513 3.444 3.342 3.378 3.535 3.434 3.445 3.256 0.000 
5.000 2.000 0.193 0.806 1.079 1.509 1.619 1.911 2.312 2.570 2.755 2.873 2.999 3.153 3.263 3.344 3.403 3.345 3.255 3.291 3.443 3.344 3.335 3.143 0.000 
5.000 2.510 0.116 0.725 0.987 1.401 1.516 1.804 2.191 2.439 2.623 2.739 2.863 3.015 3.129 3.217 3.286 3.241 3.161 3.199 3.344 3.247 3.218 3.024 0.000 
5.000 3.160 0.034 0.639 0.890 1.291 1.409 1.694 2.067 2.306 2.487 2.602 2.723 2.874 2.990 3.086 3.164 3.130 3.062 3.100 3.240 3.145 3.096 2.900 0.000 
5.000 3.980 -0.051 0.549 0.790 1.177 1.299 1.580 1.940 2.169 2.349 2.462 2.581 2.729 2.848 2.950 3.038 3.015 2.957 2.996 3.129 3.037 2.968 2.771 0.000 
5.000 5.010 -0.140 0.455 0.686 1.061 1.187 1.464 1.810 2.031 2.207 2.319 2.436 2.582 2.702 2.810 2.906 2.894 2.847 2.885 3.013 2.922 2.836 2.637 0.000 
5.000 6.310 -0.232 0.357 0.580 0.942 1.073 1.346 1.679 1.890 2.064 2.173 2.289 2.433 2.554 2.667 2.771 2.768 2.731 2.770 2.892 2.802 2.698 2.499 0.000 
5.000 7.940 -0.326 0.256 0.471 0.822 0.957 1.227 1.545 1.748 1.918 2.026 2.140 2.281 2.404 2.521 2.632 2.638 2.611 2.649 2.765 2.677 2.555 2.357 0.000 
5.000 10.000 -0.421 0.152 0.360 0.700 0.839 1.105 1.410 1.604 1.771 1.878 1.989 2.128 2.251 2.372 2.490 2.503 2.486 2.524 2.633 2.546 2.409 2.211 0.000 
5.000 12.590 -0.519 0.046 0.247 0.577 0.719 0.982 1.274 1.458 1.622 1.727 1.837 1.972 2.096 2.220 2.344 2.365 2.357 2.394 2.497 2.411 2.258 2.062 0.000 
5.000 15.850 -0.618 -0.063 0.132 0.452 0.598 0.858 1.136 1.312 1.472 1.575 1.683 1.815 1.939 2.066 2.196 2.223 2.224 2.259 2.356 2.270 2.103 1.909 0.000 
5.000 19.950 -0.718 -0.173 0.016 0.326 0.475 0.732 0.997 1.163 1.320 1.422 1.527 1.657 1.780 1.910 2.044 2.077 2.086 2.120 2.209 2.124 1.944 1.752 0.000 
5.000 25.120 -0.821 -0.286 -0.102 0.199 0.351 0.605 0.856 1.014 1.166 1.266 1.370 1.496 1.620 1.751 1.889 1.927 1.944 1.976 2.058 1.973 1.780 1.592 0.000 
5.000 31.620 -0.924 -0.402 -0.222 0.070 0.226 0.476 0.713 0.863 1.011 1.109 1.211 1.334 1.457 1.589 1.730 1.773 1.797 1.826 1.901 1.816 1.611 1.427 0.000 
5.000 39.810 -1.030 -0.519 -0.344 -0.060 0.099 0.346 0.569 0.710 0.854 0.950 1.050 1.169 1.291 1.424 1.568 1.613 1.645 1.671 1.737 1.651 1.436 1.258 0.000 
5.000 50.120 -1.139 -0.640 -0.468 -0.191 -0.031 0.213 0.422 0.555 0.694 0.789 0.886 1.001 1.122 1.256 1.401 1.449 1.486 1.508 1.566 1.478 1.254 1.082 0.000 
5.000 63.100 -1.250 -0.763 -0.594 -0.325 -0.162 0.078 0.272 0.397 0.532 0.625 0.720 0.831 0.950 1.083 1.229 1.277 1.320 1.337 1.386 1.295 1.064 0.900 0.000 
5.000 79.430 -1.364 -0.890 -0.724 -0.461 -0.297 -0.060 0.119 0.236 0.366 0.457 0.549 0.656 0.774 0.905 1.050 1.097 1.145 1.156 1.194 1.100 0.863 0.709 0.000 
5.000 100.000 -1.483 -1.023 -0.857 -0.600 -0.435 -0.203 -0.038 0.071 0.196 0.284 0.374 0.476 0.592 0.720 0.863 0.908 0.958 0.962 0.989 0.890 0.650 0.507 0.000 
5.000 125.890 -1.608 -1.160 -0.996 -0.742 -0.578 -0.350 -0.201 -0.099 0.021 0.106 0.193 0.291 0.403 0.528 0.666 0.706 0.757 0.752 0.766 0.661 0.421 0.292 0.000 
5.000 158.490 -1.739 -1.305 -1.140 -0.889 -0.726 -0.503 -0.370 -0.275 -0.161 -0.078 0.005 0.097 0.206 0.325 0.457 0.488 0.539 0.523 0.522 0.409 0.172 0.060 0.000 
5.000 199.530 -1.879 -1.459 -1.291 -1.041 -0.881 -0.663 -0.548 -0.458 -0.351 -0.271 -0.191 -0.106 -0.001 0.110 0.232 0.251 0.299 0.270 0.251 0.128 -0.102 -0.193 0.000 
5.000 251.190 -2.030 -1.623 -1.451 -1.200 -1.045 -0.833 -0.736 -0.651 -0.551 -0.476 -0.400 -0.320 -0.222 -0.121 -0.013 -0.010 0.031 -0.015 -0.053 -0.189 -0.407 -0.471 0.000 
5.000 316.230 -2.195 -1.802 -1.623 -1.368 -1.220 -1.014 -0.937 -0.857 -0.764 -0.693 -0.622 -0.550 -0.459 -0.371 -0.283 -0.301 -0.271 -0.337 -0.399 -0.553 -0.751 -0.783 0.000 
5.000 398.110 -2.378 -1.998 -1.809 -1.546 -1.408 -1.210 -1.154 -1.077 -0.993 -0.928 -0.862 -0.799 -0.716 -0.647 -0.583 -0.630 -0.616 -0.708 -0.799 -0.974 -1.145 -1.136 0.000 
5.000 501.190 -2.582 -2.216 -2.013 -1.738 -1.614 -1.425 -1.392 -1.316 -1.242 -1.184 -1.124 -1.072 -1.000 -0.953 -0.922 -1.008 -1.016 -1.140 -1.264 -1.468 -1.600 -1.541 0.000 
5.000 630.960 -2.813 -2.461 -2.240 -1.947 -1.841 -1.663 -1.656 -1.580 -1.517 -1.466 -1.414 -1.374 -1.316 -1.299 -1.310 -1.446 -1.484 -1.648 -1.814 -2.053 -2.133 -2.011 0.000 
5.000 794.330 -3.079 -2.741 -2.495 -2.178 -2.096 -1.930 -1.953 -1.874 -1.824 -1.783 -1.740 -1.714 -1.674 -1.694 -1.760 -1.959 -2.038 -2.253 -2.469 -2.753 -2.764 -2.564 0.000 
5.000 1000.000 -3.389 -3.065 -2.786 -2.435 -2.385 -2.234 -2.291 -2.205 -2.171 -2.143 -2.110 -2.102 -2.083 -2.151 -2.288 -2.569 -2.701 -2.978 -3.257 -3.598 -3.518 -3.221 0.000 
5.250 1.000 0.529 1.144 1.476 1.965 2.062 2.366 2.797 3.074 3.244 3.361 3.485 3.630 3.714 3.755 3.765 3.654 3.521 3.545 3.705 3.593 3.653 3.484 0.000 
5.250 1.260 0.473 1.086 1.405 1.877 1.978 2.277 2.694 2.962 3.131 3.246 3.368 3.513 3.601 3.651 3.671 3.573 3.450 3.476 3.630 3.520 3.560 3.389 0.000 
5.250 1.580 0.412 1.023 1.329 1.783 1.889 2.183 2.586 2.844 3.013 3.126 3.246 3.390 3.482 3.541 3.572 3.486 3.375 3.401 3.550 3.442 3.462 3.289 0.000 
5.250 2.000 0.345 0.953 1.247 1.685 1.795 2.084 2.474 2.722 2.890 3.001 3.119 3.261 3.358 3.425 3.467 3.393 3.293 3.321 3.465 3.359 3.359 3.182 0.000 
5.250 2.510 0.273 0.878 1.159 1.582 1.697 1.981 2.357 2.595 2.762 2.871 2.987 3.128 3.229 3.304 3.356 3.294 3.206 3.235 3.373 3.269 3.249 3.070 0.000 
5.250 3.160 0.196 0.798 1.067 1.475 1.594 1.874 2.236 2.465 2.630 2.738 2.852 2.991 3.095 3.177 3.240 3.190 3.113 3.142 3.275 3.174 3.133 2.951 0.000 
5.250 3.980 0.116 0.712 0.971 1.364 1.488 1.764 2.112 2.332 2.495 2.601 2.713 2.850 2.956 3.046 3.118 3.079 3.013 3.044 3.171 3.072 3.011 2.828 0.000 
5.250 5.010 0.031 0.622 0.871 1.251 1.378 1.651 1.985 2.195 2.357 2.461 2.571 2.706 2.815 2.910 2.991 2.963 2.908 2.939 3.060 2.963 2.883 2.699 0.000 
5.250 6.310 -0.057 0.528 0.768 1.135 1.266 1.535 1.856 2.057 2.216 2.318 2.426 2.559 2.669 2.770 2.860 2.841 2.797 2.829 2.944 2.849 2.750 2.565 0.000 
5.250 7.940 -0.148 0.430 0.661 1.017 1.152 1.417 1.725 1.916 2.072 2.173 2.279 2.410 2.521 2.627 2.724 2.715 2.681 2.713 2.822 2.729 2.612 2.426 0.000 
5.250 10.000 -0.241 0.329 0.552 0.896 1.035 1.297 1.591 1.774 1.927 2.026 2.129 2.258 2.371 2.480 2.584 2.584 2.560 2.591 2.695 2.603 2.469 2.284 0.000 
5.250 12.590 -0.337 0.225 0.441 0.774 0.917 1.175 1.456 1.629 1.779 1.877 1.978 2.104 2.217 2.330 2.441 2.448 2.433 2.465 2.562 2.471 2.321 2.137 0.000 
5.250 15.850 -0.434 0.119 0.328 0.650 0.797 1.052 1.319 1.484 1.630 1.726 1.825 1.948 2.062 2.178 2.294 2.309 2.303 2.333 2.424 2.334 2.169 1.987 0.000 
5.250 19.950 -0.534 0.010 0.213 0.525 0.675 0.927 1.181 1.336 1.479 1.573 1.671 1.790 1.904 2.023 2.144 2.164 2.167 2.196 2.280 2.190 2.012 1.832 0.000 
5.250 25.120 -0.635 -0.102 0.095 0.399 0.552 0.800 1.040 1.187 1.326 1.419 1.514 1.631 1.744 1.865 1.991 2.016 2.027 2.054 2.131 2.041 1.849 1.673 0.000 
5.250 31.620 -0.738 -0.216 -0.024 0.271 0.427 0.672 0.898 1.037 1.171 1.262 1.356 1.469 1.582 1.704 1.833 1.863 1.882 1.906 1.976 1.886 1.682 1.510 0.000 
5.250 39.810 -0.843 -0.333 -0.145 0.141 0.300 0.542 0.754 0.884 1.014 1.104 1.195 1.304 1.417 1.540 1.672 1.705 1.731 1.752 1.813 1.723 1.508 1.341 0.000 
5.250 50.120 -0.951 -0.453 -0.268 0.010 0.171 0.410 0.607 0.729 0.855 0.943 1.032 1.137 1.249 1.372 1.506 1.541 1.573 1.591 1.643 1.551 1.327 1.167 0.000 
5.250 63.100 -1.062 -0.576 -0.395 -0.124 0.040 0.275 0.458 0.572 0.693 0.778 0.865 0.967 1.077 1.200 1.334 1.370 1.408 1.420 1.464 1.369 1.138 0.985 0.000 
5.250 79.430 -1.176 -0.703 -0.524 -0.259 -0.094 0.136 0.305 0.411 0.528 0.611 0.695 0.792 0.901 1.022 1.155 1.191 1.233 1.240 1.273 1.175 0.938 0.794 0.000 
5.250 100.000 -1.295 -0.834 -0.657 -0.398 -0.232 -0.006 0.148 0.246 0.358 0.439 0.520 0.613 0.719 0.838 0.969 1.002 1.047 1.047 1.068 0.966 0.725 0.593 0.000 
5.250 125.890 -1.419 -0.972 -0.795 -0.540 -0.375 -0.152 -0.015 0.076 0.183 0.261 0.339 0.427 0.531 0.645 0.772 0.800 0.846 0.837 0.846 0.738 0.496 0.378 0.000 
5.250 158.490 -1.550 -1.116 -0.939 -0.687 -0.523 -0.305 -0.184 -0.099 0.001 0.076 0.152 0.234 0.334 0.443 0.563 0.583 0.628 0.609 0.602 0.486 0.247 0.146 0.000 
5.250 199.530 -1.690 -1.270 -1.090 -0.839 -0.678 -0.465 -0.361 -0.283 -0.188 -0.117 -0.045 0.031 0.127 0.228 0.338 0.346 0.389 0.355 0.332 0.205 -0.026 -0.106 0.000 
5.250 251.190 -1.841 -1.434 -1.250 -0.998 -0.842 -0.635 -0.549 -0.476 -0.388 -0.321 -0.253 -0.183 -0.094 -0.003 0.093 0.086 0.121 0.071 0.028 -0.112 -0.331 -0.385 0.000 
5.250 316.230 -2.006 -1.613 -1.422 -1.166 -1.016 -0.816 -0.750 -0.681 -0.601 -0.538 -0.475 -0.413 -0.330 -0.253 -0.176 -0.205 -0.181 -0.251 -0.318 -0.476 -0.675 -0.696 0.000 
5.250 398.110 -2.188 -1.809 -1.608 -1.344 -1.205 -1.013 -0.968 -0.901 -0.830 -0.773 -0.715 -0.662 -0.588 -0.528 -0.476 -0.535 -0.526 -0.622 -0.717 -0.897 -1.068 -1.049 0.000 
5.250 501.190 -2.392 -2.027 -1.812 -1.536 -1.410 -1.227 -1.206 -1.141 -1.079 -1.029 -0.977 -0.934 -0.872 -0.835 -0.815 -0.912 -0.926 -1.054 -1.183 -1.390 -1.523 -1.454 0.000 
5.250 630.960 -2.624 -2.272 -2.039 -1.745 -1.638 -1.465 -1.470 -1.404 -1.354 -1.312 -1.268 -1.237 -1.188 -1.181 -1.203 -1.350 -1.394 -1.562 -1.732 -1.975 -2.056 -1.924 0.000 
5.250 794.330 -2.890 -2.552 -2.294 -1.975 -1.893 -1.732 -1.766 -1.698 -1.661 -1.628 -1.593 -1.577 -1.545 -1.576 -1.653 -1.864 -1.948 -2.166 -2.387 -2.675 -2.687 -2.477 0.000 
5.250 1000.000 -3.200 -2.875 -2.585 -2.233 -2.182 -2.037 -2.104 -2.030 -2.008 -1.988 -1.963 -1.965 -1.955 -2.033 -2.181 -2.473 -2.611 -2.892 -3.175 -3.520 -3.441 -3.133 0.000 
5.500 1.000 0.655 1.265 1.618 2.117 2.213 2.514 2.934 3.203 3.354 3.466 3.584 3.718 3.787 3.817 3.813 3.688 3.546 3.561 3.713 3.594 3.661 3.504 0.000 
5.500 1.260 0.606 1.214 1.553 2.035 2.136 2.432 2.838 3.097 3.248 3.358 3.473 3.607 3.680 3.719 3.725 3.612 3.481 3.497 3.644 3.527 3.574 3.416 0.000 
5.500 1.580 0.551 1.157 1.483 1.947 2.053 2.343 2.736 2.985 3.137 3.244 3.357 3.490 3.568 3.615 3.632 3.531 3.411 3.428 3.569 3.455 3.482 3.322 0.000 
5.500 2.000 0.490 1.094 1.407 1.854 1.964 2.250 2.629 2.868 3.019 3.125 3.236 3.367 3.450 3.505 3.533 3.444 3.335 3.354 3.490 3.377 3.385 3.222 0.000 
5.500 2.510 0.425 1.025 1.326 1.756 1.871 2.152 2.517 2.746 2.897 3.000 3.109 3.240 3.327 3.390 3.428 3.351 3.254 3.274 3.405 3.294 3.282 3.116 0.000 
5.500 3.160 0.354 0.951 1.239 1.653 1.773 2.049 2.401 2.621 2.770 2.872 2.978 3.108 3.198 3.269 3.317 3.252 3.166 3.187 3.313 3.205 3.172 3.005 0.000 
5.500 3.980 0.278 0.871 1.147 1.547 1.670 1.943 2.281 2.491 2.639 2.739 2.843 2.971 3.065 3.142 3.201 3.147 3.073 3.095 3.215 3.110 3.057 2.887 0.000 
5.500 5.010 0.198 0.786 1.051 1.437 1.564 1.833 2.157 2.358 2.505 2.602 2.705 2.831 2.927 3.011 3.079 3.036 2.973 2.997 3.111 3.008 2.935 2.763 0.000 
5.500 6.310 0.114 0.696 0.951 1.323 1.455 1.720 2.031 2.222 2.366 2.462 2.563 2.687 2.786 2.875 2.951 2.919 2.867 2.892 3.001 2.900 2.807 2.634 0.000 
5.500 7.940 0.027 0.603 0.848 1.207 1.343 1.604 1.901 2.083 2.226 2.320 2.418 2.540 2.641 2.735 2.819 2.797 2.756 2.781 2.885 2.786 2.674 2.500 0.000 
5.500 10.000 -0.063 0.505 0.742 1.089 1.229 1.486 1.770 1.942 2.082 2.174 2.271 2.390 2.493 2.591 2.683 2.670 2.639 2.664 2.762 2.665 2.535 2.362 0.000 
5.500 12.590 -0.156 0.404 0.633 0.968 1.112 1.366 1.636 1.800 1.936 2.027 2.121 2.238 2.341 2.444 2.543 2.537 2.516 2.541 2.633 2.537 2.391 2.218 0.000 
5.500 15.850 -0.252 0.299 0.521 0.846 0.993 1.243 1.500 1.655 1.788 1.877 1.970 2.084 2.188 2.294 2.398 2.400 2.389 2.413 2.499 2.404 2.242 2.070 0.000 
5.500 19.950 -0.349 0.192 0.407 0.722 0.873 1.119 1.363 1.509 1.639 1.726 1.816 1.927 2.032 2.140 2.250 2.259 2.256 2.279 2.358 2.264 2.087 1.918 0.000 
5.500 25.120 -0.449 0.082 0.291 0.596 0.750 0.994 1.223 1.360 1.487 1.572 1.660 1.768 1.873 1.984 2.098 2.112 2.118 2.140 2.212 2.118 1.927 1.761 0.000 
5.500 31.620 -0.551 -0.031 0.173 0.469 0.626 0.866 1.082 1.210 1.333 1.417 1.503 1.607 1.711 1.824 1.942 1.961 1.974 1.994 2.059 1.965 1.762 1.599 0.000 
5.500 39.810 -0.656 -0.146 0.053 0.340 0.500 0.736 0.938 1.058 1.177 1.259 1.342 1.443 1.547 1.661 1.782 1.804 1.825 1.842 1.898 1.804 1.589 1.432 0.000 
5.500 50.120 -0.763 -0.265 -0.070 0.209 0.371 0.604 0.792 0.904 1.018 1.098 1.179 1.277 1.380 1.494 1.616 1.641 1.668 1.682 1.730 1.634 1.410 1.258 0.000 
5.500 63.100 -0.873 -0.388 -0.196 0.076 0.240 0.470 0.643 0.747 0.856 0.934 1.013 1.107 1.208 1.322 1.445 1.471 1.504 1.513 1.552 1.453 1.221 1.077 0.000 
5.500 79.430 -0.987 -0.514 -0.325 -0.060 0.106 0.332 0.490 0.586 0.691 0.767 0.843 0.932 1.032 1.144 1.267 1.293 1.330 1.333 1.362 1.260 1.022 0.888 0.000 
5.500 100.000 -1.105 -0.645 -0.458 -0.198 -0.031 0.190 0.333 0.422 0.521 0.595 0.669 0.753 0.851 0.961 1.081 1.104 1.144 1.140 1.158 1.052 0.810 0.687 0.000 
5.500 125.890 -1.229 -0.782 -0.595 -0.340 -0.174 0.043 0.171 0.252 0.347 0.417 0.488 0.568 0.663 0.769 0.885 0.903 0.944 0.932 0.936 0.824 0.581 0.472 0.000 
5.500 158.490 -1.360 -0.927 -0.739 -0.487 -0.322 -0.109 0.002 0.076 0.165 0.233 0.301 0.375 0.466 0.566 0.676 0.686 0.727 0.704 0.693 0.573 0.333 0.241 0.000 
5.500 199.530 -1.500 -1.080 -0.890 -0.639 -0.477 -0.269 -0.175 -0.107 -0.024 0.040 0.104 0.172 0.259 0.352 0.451 0.450 0.487 0.451 0.423 0.293 0.060 -0.011 0.000 
5.500 251.190 -1.651 -1.244 -1.050 -0.798 -0.640 -0.439 -0.363 -0.300 -0.224 -0.164 -0.104 -0.042 0.039 0.121 0.207 0.189 0.220 0.167 0.120 -0.024 -0.245 -0.289 0.000 
5.500 316.230 -1.816 -1.423 -1.222 -0.965 -0.815 -0.620 -0.564 -0.505 -0.437 -0.381 -0.326 -0.272 -0.198 -0.129 -0.062 -0.102 -0.081 -0.155 -0.226 -0.387 -0.588 -0.601 0.000 
5.500 398.110 -1.998 -1.618 -1.408 -1.143 -1.003 -0.816 -0.781 -0.725 -0.666 -0.616 -0.566 -0.521 -0.455 -0.404 -0.362 -0.431 -0.426 -0.526 -0.625 -0.808 -0.981 -0.954 0.000 
5.500 501.190 -2.202 -1.836 -1.611 -1.335 -1.209 -1.031 -1.019 -0.965 -0.915 -0.872 -0.828 -0.793 -0.739 -0.711 -0.702 -0.808 -0.826 -0.957 -1.091 -1.302 -1.436 -1.358 0.000 
5.500 630.960 -2.433 -2.081 -1.838 -1.544 -1.436 -1.269 -1.283 -1.228 -1.190 -1.154 -1.118 -1.096 -1.055 -1.056 -1.090 -1.246 -1.294 -1.465 -1.640 -1.887 -1.969 -1.829 0.000 
5.500 794.330 -2.699 -2.361 -2.093 -1.775 -1.691 -1.536 -1.580 -1.522 -1.497 -1.471 -1.444 -1.436 -1.412 -1.451 -1.539 -1.759 -1.848 -2.070 -2.295 -2.586 -2.600 -2.381 0.000 
5.500 1000.000 -3.009 -2.685 -2.384 -2.032 -1.980 -1.840 -1.918 -1.854 -1.844 -1.830 -1.814 -1.823 -1.822 -1.909 -2.067 -2.368 -2.511 -2.795 -3.083 -3.431 -3.354 -3.038 0.000 
5.750 1.000 0.776 1.380 1.752 2.260 2.355 2.654 3.063 3.325 3.458 3.564 3.678 3.801 3.857 3.877 3.863 3.726 3.575 3.582 3.727 3.601 3.673 3.526 0.000 
5.750 1.260 0.732 1.335 1.694 2.184 2.285 2.578 2.974 3.225 3.359 3.463 3.574 3.697 3.757 3.785 3.780 3.655 3.515 3.522 3.662 3.538 3.592 3.444 0.000 
5.750 1.580 0.684 1.284 1.630 2.103 2.208 2.496 2.879 3.120 3.254 3.356 3.464 3.586 3.652 3.688 3.693 3.579 3.450 3.459 3.593 3.471 3.506 3.356 0.000 
5.750 2.000 0.630 1.228 1.560 2.016 2.125 2.408 2.778 3.009 3.144 3.243 3.349 3.470 3.540 3.584 3.600 3.497 3.380 3.390 3.519 3.400 3.415 3.263 0.000 
5.750 2.510 0.570 1.166 1.485 1.923 2.038 2.316 2.671 2.893 3.027 3.125 3.228 3.349 3.423 3.475 3.501 3.410 3.304 3.316 3.440 3.323 3.318 3.164 0.000 
5.750 3.160 0.506 1.098 1.404 1.826 1.945 2.218 2.560 2.772 2.906 3.002 3.103 3.222 3.301 3.360 3.396 3.317 3.223 3.236 3.355 3.241 3.215 3.059 0.000 
5.750 3.980 0.436 1.025 1.318 1.724 1.847 2.116 2.445 2.646 2.780 2.874 2.972 3.090 3.173 3.239 3.285 3.218 3.135 3.150 3.264 3.152 3.106 2.947 0.000 
5.750 5.010 0.361 0.945 1.227 1.617 1.745 2.010 2.325 2.517 2.649 2.741 2.838 2.954 3.040 3.113 3.168 3.112 3.041 3.057 3.166 3.057 2.991 2.830 0.000 
5.750 6.310 0.282 0.861 1.131 1.507 1.639 1.900 2.202 2.384 2.515 2.605 2.699 2.814 2.903 2.982 3.046 3.001 2.941 2.959 3.062 2.955 2.869 2.707 0.000 
5.750 7.940 0.199 0.772 1.031 1.394 1.530 1.787 2.075 2.248 2.377 2.465 2.557 2.670 2.761 2.846 2.918 2.883 2.835 2.853 2.951 2.847 2.741 2.578 0.000 
5.750 10.000 0.112 0.678 0.928 1.278 1.418 1.671 1.946 2.110 2.237 2.323 2.413 2.523 2.616 2.705 2.786 2.760 2.722 2.742 2.834 2.732 2.607 2.444 0.000 
5.750 12.590 0.022 0.580 0.822 1.159 1.304 1.553 1.814 1.969 2.093 2.177 2.265 2.373 2.468 2.561 2.648 2.632 2.604 2.624 2.711 2.610 2.467 2.304 0.000 
5.750 15.850 -0.070 0.479 0.712 1.039 1.187 1.432 1.680 1.826 1.947 2.030 2.115 2.221 2.316 2.413 2.507 2.498 2.480 2.500 2.580 2.481 2.322 2.160 0.000 
5.750 19.950 -0.166 0.374 0.600 0.916 1.067 1.310 1.544 1.680 1.799 1.880 1.963 2.066 2.162 2.262 2.361 2.359 2.351 2.370 2.444 2.345 2.171 2.010 0.000 
5.750 25.120 -0.264 0.266 0.486 0.791 0.946 1.185 1.405 1.533 1.648 1.727 1.809 1.908 2.005 2.107 2.211 2.215 2.215 2.233 2.301 2.203 2.013 1.855 0.000 
5.750 31.620 -0.365 0.155 0.369 0.665 0.823 1.058 1.265 1.384 1.495 1.572 1.652 1.748 1.844 1.948 2.056 2.066 2.074 2.090 2.150 2.052 1.850 1.696 0.000 
5.750 39.810 -0.468 0.040 0.249 0.536 0.697 0.929 1.122 1.232 1.339 1.415 1.492 1.585 1.681 1.786 1.897 1.910 1.926 1.940 1.992 1.894 1.679 1.530 0.000 
5.750 50.120 -0.574 -0.077 0.127 0.406 0.569 0.798 0.976 1.079 1.181 1.255 1.330 1.419 1.514 1.620 1.733 1.749 1.771 1.781 1.826 1.726 1.501 1.358 0.000 
5.750 63.100 -0.683 -0.199 0.002 0.273 0.439 0.663 0.828 0.922 1.020 1.092 1.164 1.250 1.344 1.449 1.563 1.580 1.608 1.614 1.649 1.547 1.314 1.178 0.000 
5.750 79.430 -0.797 -0.325 -0.126 0.138 0.305 0.526 0.675 0.762 0.855 0.925 0.995 1.076 1.168 1.272 1.386 1.403 1.435 1.435 1.460 1.355 1.116 0.989 0.000 
5.750 100.000 -0.915 -0.455 -0.259 0.000 0.168 0.384 0.518 0.597 0.686 0.753 0.820 0.897 0.987 1.089 1.200 1.215 1.251 1.244 1.257 1.148 0.904 0.788 0.000 
5.750 125.890 -1.038 -0.592 -0.396 -0.142 0.026 0.238 0.356 0.428 0.512 0.576 0.640 0.712 0.800 0.897 1.004 1.014 1.051 1.036 1.036 0.921 0.677 0.575 0.000 
5.750 158.490 -1.169 -0.736 -0.540 -0.288 -0.122 0.085 0.187 0.253 0.330 0.392 0.453 0.519 0.603 0.695 0.796 0.798 0.834 0.808 0.794 0.671 0.429 0.344 0.000 
5.750 199.530 -1.309 -0.889 -0.690 -0.440 -0.277 -0.075 0.010 0.069 0.141 0.199 0.256 0.317 0.396 0.481 0.571 0.562 0.595 0.556 0.525 0.391 0.156 0.092 0.000 
5.750 251.190 -1.459 -1.053 -0.850 -0.599 -0.440 -0.244 -0.177 -0.124 -0.059 -0.005 0.048 0.102 0.176 0.250 0.327 0.301 0.328 0.272 0.221 0.075 -0.148 -0.186 0.000 
5.750 316.230 -1.624 -1.231 -1.022 -0.766 -0.615 -0.425 -0.378 -0.329 -0.271 -0.222 -0.174 -0.127 -0.060 0.000 0.058 0.011 0.027 -0.049 -0.124 -0.288 -0.492 -0.497 0.000 
5.750 398.110 -1.806 -1.427 -1.208 -0.944 -0.803 -0.621 -0.596 -0.549 -0.500 -0.456 -0.413 -0.376 -0.318 -0.275 -0.242 -0.318 -0.318 -0.420 -0.523 -0.709 -0.884 -0.850 0.000 
5.750 501.190 -2.010 -1.644 -1.411 -1.136 -1.009 -0.836 -0.833 -0.788 -0.749 -0.712 -0.675 -0.648 -0.601 -0.581 -0.581 -0.695 -0.717 -0.851 -0.988 -1.202 -1.339 -1.254 0.000 
5.750 630.960 -2.241 -1.890 -1.638 -1.345 -1.236 -1.074 -1.097 -1.052 -1.024 -0.995 -0.966 -0.951 -0.917 -0.927 -0.969 -1.133 -1.185 -1.359 -1.537 -1.787 -1.872 -1.725 0.000 
5.750 794.330 -2.507 -2.169 -1.893 -1.575 -1.491 -1.341 -1.394 -1.345 -1.331 -1.312 -1.291 -1.291 -1.275 -1.321 -1.418 -1.646 -1.739 -1.963 -2.192 -2.486 -2.503 -2.277 0.000 
5.750 1000.000 -2.817 -2.493 -2.184 -1.833 -1.780 -1.645 -1.732 -1.677 -1.678 -1.671 -1.661 -1.678 -1.684 -1.779 -1.946 -2.256 -2.402 -2.689 -2.980 -3.331 -3.257 -2.933 0.000 
6.000 1.000 0.891 1.490 1.878 2.394 2.489 2.784 3.184 3.439 3.555 3.657 3.766 3.880 3.923 3.938 3.914 3.768 3.610 3.608 3.746 3.614 3.690 3.550 0.000 
6.000 1.260 0.853 1.451 1.826 2.325 2.424 2.715 3.101 3.346 3.463 3.563 3.669 3.782 3.830 3.851 3.837 3.701 3.553 3.553 3.685 3.555 3.614 3.473 0.000 
6.000 1.580 0.810 1.406 1.769 2.250 2.354 2.640 3.013 3.247 3.365 3.463 3.566 3.679 3.732 3.760 3.755 3.630 3.493 3.494 3.621 3.493 3.533 3.391 0.000 
6.000 2.000 0.763 1.356 1.706 2.169 2.278 2.559 2.918 3.143 3.261 3.357 3.458 3.570 3.627 3.663 3.667 3.553 3.428 3.430 3.552 3.427 3.448 3.304 0.000 
6.000 2.510 0.710 1.301 1.637 2.083 2.196 2.472 2.818 3.033 3.152 3.245 3.344 3.455 3.517 3.560 3.574 3.472 3.358 3.361 3.479 3.356 3.357 3.212 0.000 
6.000 3.160 0.652 1.239 1.562 1.991 2.109 2.380 2.713 2.917 3.037 3.127 3.224 3.334 3.401 3.451 3.475 3.384 3.282 3.287 3.400 3.279 3.261 3.113 0.000 
6.000 3.980 0.588 1.172 1.482 1.894 2.017 2.283 2.603 2.797 2.916 3.005 3.099 3.208 3.279 3.336 3.370 3.291 3.201 3.208 3.315 3.197 3.158 3.009 0.000 
6.000 5.010 0.519 1.099 1.396 1.792 1.919 2.181 2.487 2.672 2.791 2.877 2.969 3.077 3.152 3.215 3.259 3.191 3.113 3.122 3.224 3.109 3.049 2.898 0.000 
6.000 6.310 0.446 1.021 1.305 1.686 1.818 2.075 2.368 2.543 2.661 2.746 2.834 2.941 3.019 3.089 3.142 3.085 3.019 3.029 3.127 3.014 2.934 2.781 0.000 
6.000 7.940 0.367 0.936 1.210 1.576 1.712 1.965 2.245 2.410 2.527 2.610 2.696 2.801 2.882 2.958 3.019 2.973 2.918 2.930 3.022 2.912 2.812 2.658 0.000 
6.000 10.000 0.285 0.847 1.110 1.463 1.603 1.852 2.119 2.275 2.389 2.470 2.555 2.657 2.741 2.821 2.891 2.855 2.811 2.824 2.911 2.803 2.684 2.529 0.000 
6.000 12.590 0.199 0.754 1.007 1.347 1.491 1.736 1.989 2.136 2.249 2.328 2.410 2.510 2.596 2.681 2.758 2.731 2.697 2.711 2.793 2.687 2.549 2.394 0.000 
6.000 15.850 0.109 0.656 0.900 1.228 1.376 1.618 1.857 1.995 2.105 2.182 2.262 2.360 2.447 2.536 2.619 2.601 2.578 2.592 2.668 2.564 2.408 2.253 0.000 
6.000 19.950 0.016 0.554 0.791 1.107 1.259 1.497 1.723 1.851 1.958 2.034 2.111 2.207 2.295 2.387 2.476 2.465 2.452 2.466 2.536 2.433 2.260 2.107 0.000 
6.000 25.120 -0.080 0.448 0.678 0.984 1.139 1.373 1.586 1.705 1.809 1.883 1.958 2.051 2.139 2.234 2.329 2.324 2.319 2.333 2.396 2.294 2.107 1.956 0.000 
6.000 31.620 -0.179 0.339 0.563 0.858 1.017 1.248 1.446 1.557 1.658 1.729 1.803 1.892 1.981 2.077 2.176 2.177 2.181 2.193 2.249 2.148 1.946 1.798 0.000 
6.000 39.810 -0.280 0.227 0.444 0.731 0.892 1.120 1.304 1.406 1.503 1.573 1.644 1.730 1.819 1.917 2.019 2.024 2.035 2.045 2.094 1.992 1.778 1.635 0.000 
6.000 50.120 -0.385 0.110 0.323 0.601 0.765 0.989 1.159 1.253 1.346 1.414 1.483 1.565 1.653 1.751 1.856 1.864 1.882 1.889 1.930 1.827 1.602 1.464 0.000 
6.000 63.100 -0.494 -0.010 0.199 0.469 0.635 0.855 1.011 1.097 1.185 1.251 1.317 1.396 1.483 1.581 1.687 1.696 1.721 1.723 1.755 1.650 1.416 1.285 0.000 
6.000 79.430 -0.606 -0.135 0.071 0.334 0.502 0.718 0.859 0.937 1.021 1.085 1.148 1.223 1.308 1.405 1.511 1.520 1.549 1.546 1.568 1.460 1.219 1.097 0.000 
6.000 100.000 -0.723 -0.265 -0.061 0.197 0.365 0.577 0.703 0.773 0.852 0.914 0.974 1.044 1.128 1.223 1.326 1.333 1.365 1.356 1.366 1.254 1.008 0.898 0.000 
6.000 125.890 -0.847 -0.401 -0.198 0.055 0.223 0.431 0.541 0.604 0.678 0.737 0.795 0.860 0.941 1.031 1.130 1.133 1.167 1.149 1.147 1.028 0.782 0.685 0.000 
6.000 158.490 -0.977 -0.544 -0.341 -0.091 0.076 0.278 0.372 0.429 0.497 0.553 0.607 0.667 0.745 0.830 0.922 0.917 0.950 0.922 0.905 0.779 0.535 0.455 0.000 
6.000 199.530 -1.116 -0.697 -0.491 -0.242 -0.079 0.118 0.195 0.246 0.308 0.360 0.411 0.465 0.538 0.616 0.698 0.682 0.712 0.670 0.636 0.500 0.262 0.203 0.000 
6.000 251.190 -1.267 -0.861 -0.651 -0.401 -0.242 -0.051 0.008 0.053 0.108 0.157 0.203 0.250 0.318 0.386 0.454 0.422 0.445 0.388 0.334 0.184 -0.042 -0.074 0.000 
6.000 316.230 -1.431 -1.039 -0.822 -0.568 -0.417 -0.232 -0.193 -0.152 -0.104 -0.061 -0.018 0.021 0.082 0.136 0.186 0.131 0.144 0.066 -0.011 -0.178 -0.385 -0.385 0.000 
6.000 398.110 -1.613 -1.234 -1.008 -0.747 -0.605 -0.428 -0.410 -0.372 -0.333 -0.295 -0.258 -0.228 -0.176 -0.139 -0.114 -0.198 -0.200 -0.304 -0.410 -0.598 -0.777 -0.738 0.000 
6.000 501.190 -1.817 -1.451 -1.212 -0.938 -0.810 -0.642 -0.648 -0.611 -0.582 -0.551 -0.520 -0.500 -0.459 -0.445 -0.453 -0.574 -0.599 -0.735 -0.875 -1.091 -1.232 -1.142 0.000 
6.000 630.960 -2.048 -1.696 -1.438 -1.147 -1.038 -0.880 -0.912 -0.875 -0.856 -0.833 -0.810 -0.802 -0.775 -0.791 -0.841 -1.012 -1.067 -1.243 -1.424 -1.676 -1.764 -1.612 0.000 
6.000 794.330 -2.314 -1.976 -1.693 -1.378 -1.292 -1.147 -1.209 -1.168 -1.163 -1.150 -1.136 -1.142 -1.132 -1.186 -1.290 -1.525 -1.621 -1.847 -2.079 -2.375 -2.395 -2.165 0.000 
6.000 1000.000 -2.624 -2.300 -1.984 -1.635 -1.581 -1.451 -1.546 -1.500 -1.510 -1.509 -1.506 -1.530 -1.541 -1.643 -1.818 -2.134 -2.283 -2.572 -2.866 -3.220 -3.149 -2.821 0.000 
6.250 1.000 1.002 1.596 1.998 2.521 2.613 2.907 3.297 3.546 3.646 3.744 3.850 3.956 3.988 3.999 3.968 3.815 3.650 3.641 3.772 3.634 3.713 3.578 0.000 
6.250 1.260 0.969 1.561 1.952 2.458 2.555 2.844 3.221 3.460 3.561 3.656 3.760 3.864 3.901 3.917 3.895 3.752 3.597 3.589 3.715 3.579 3.641 3.505 0.000 
6.250 1.580 0.932 1.522 1.901 2.389 2.491 2.775 3.139 3.368 3.470 3.563 3.664 3.767 3.808 3.831 3.818 3.685 3.541 3.534 3.655 3.520 3.565 3.428 0.000 
6.250 2.000 0.890 1.478 1.844 2.315 2.422 2.700 3.051 3.270 3.373 3.464 3.562 3.665 3.711 3.740 3.736 3.613 3.480 3.475 3.590 3.459 3.484 3.347 0.000 
6.250 2.510 0.843 1.429 1.781 2.234 2.346 2.620 2.958 3.166 3.270 3.359 3.454 3.556 3.607 3.643 3.649 3.536 3.415 3.411 3.522 3.393 3.399 3.261 0.000 
6.250 3.160 0.791 1.374 1.713 2.149 2.265 2.534 2.859 3.057 3.162 3.248 3.341 3.442 3.498 3.540 3.556 3.455 3.345 3.343 3.449 3.322 3.309 3.169 0.000 
6.250 3.980 0.734 1.314 1.639 2.057 2.179 2.443 2.754 2.942 3.047 3.132 3.222 3.322 3.382 3.432 3.457 3.367 3.270 3.269 3.370 3.246 3.213 3.071 0.000 
6.250 5.010 0.672 1.247 1.559 1.960 2.087 2.346 2.644 2.822 2.928 3.010 3.097 3.197 3.261 3.317 3.351 3.273 3.188 3.189 3.285 3.164 3.111 2.967 0.000 
6.250 6.310 0.604 1.175 1.474 1.859 1.990 2.244 2.530 2.698 2.803 2.883 2.968 3.066 3.135 3.197 3.240 3.173 3.099 3.103 3.195 3.076 3.002 2.857 0.000 
6.250 7.940 0.531 1.097 1.383 1.753 1.889 2.139 2.411 2.569 2.674 2.752 2.834 2.931 3.003 3.070 3.123 3.066 3.004 3.010 3.097 2.981 2.887 2.740 0.000 
6.250 10.000 0.454 1.013 1.288 1.643 1.783 2.029 2.288 2.437 2.540 2.616 2.696 2.791 2.866 2.939 2.999 2.953 2.903 2.910 2.992 2.878 2.764 2.616 0.000 
6.250 12.590 0.372 0.924 1.189 1.530 1.674 1.916 2.161 2.301 2.403 2.477 2.554 2.647 2.725 2.802 2.870 2.834 2.795 2.803 2.880 2.769 2.635 2.487 0.000 
6.250 15.850 0.286 0.830 1.085 1.414 1.562 1.800 2.032 2.162 2.262 2.334 2.409 2.500 2.579 2.661 2.736 2.708 2.680 2.689 2.760 2.651 2.499 2.351 0.000 
6.250 19.950 0.196 0.732 0.978 1.295 1.447 1.681 1.899 2.021 2.118 2.188 2.261 2.349 2.430 2.515 2.596 2.576 2.558 2.568 2.633 2.526 2.356 2.209 0.000 
6.250 25.120 0.103 0.630 0.868 1.173 1.329 1.559 1.764 1.876 1.970 2.039 2.109 2.195 2.277 2.365 2.451 2.438 2.429 2.439 2.498 2.392 2.206 2.061 0.000 
6.250 31.620 0.007 0.523 0.754 1.049 1.208 1.435 1.626 1.729 1.820 1.887 1.955 2.038 2.120 2.210 2.301 2.294 2.294 2.302 2.355 2.250 2.049 1.906 0.000 
6.250 39.810 -0.093 0.412 0.638 0.923 1.085 1.308 1.485 1.580 1.667 1.732 1.798 1.877 1.959 2.051 2.146 2.143 2.151 2.158 2.203 2.098 1.884 1.745 0.000 
6.250 50.120 -0.197 0.298 0.518 0.794 0.958 1.178 1.341 1.427 1.511 1.574 1.637 1.713 1.795 1.887 1.985 1.985 2.000 2.004 2.042 1.935 1.710 1.577 0.000 
6.250 63.100 -0.304 0.179 0.394 0.663 0.829 1.045 1.194 1.272 1.351 1.412 1.473 1.545 1.626 1.718 1.817 1.820 1.841 1.841 1.870 1.761 1.526 1.400 0.000 
6.250 79.430 -0.415 0.055 0.267 0.529 0.697 0.908 1.042 1.113 1.188 1.246 1.305 1.373 1.452 1.544 1.642 1.644 1.670 1.666 1.684 1.573 1.331 1.213 0.000 
6.250 100.000 -0.532 -0.074 0.136 0.391 0.560 0.768 0.886 0.949 1.020 1.076 1.131 1.195 1.273 1.361 1.458 1.458 1.488 1.477 1.484 1.369 1.122 1.015 0.000 
6.250 125.890 -0.654 -0.209 -0.000 0.250 0.419 0.622 0.725 0.781 0.846 0.899 0.952 1.011 1.086 1.171 1.263 1.259 1.291 1.271 1.266 1.145 0.896 0.803 0.000 
6.250 158.490 -0.784 -0.352 -0.143 0.105 0.272 0.470 0.557 0.606 0.665 0.716 0.765 0.818 0.890 0.970 1.056 1.044 1.075 1.045 1.026 0.897 0.650 0.574 0.000 
6.250 199.530 -0.923 -0.504 -0.293 -0.047 0.117 0.310 0.380 0.423 0.476 0.523 0.569 0.616 0.684 0.756 0.832 0.809 0.837 0.794 0.758 0.619 0.378 0.323 0.000 
6.250 251.190 -1.073 -0.667 -0.453 -0.205 -0.046 0.141 0.192 0.230 0.277 0.320 0.361 0.402 0.464 0.526 0.588 0.550 0.571 0.512 0.456 0.304 0.075 0.046 0.000 
6.250 316.230 -1.237 -0.845 -0.624 -0.372 -0.220 -0.040 -0.008 0.025 0.065 0.103 0.140 0.173 0.228 0.277 0.320 0.260 0.271 0.191 0.111 -0.058 -0.268 -0.265 0.000 
6.250 398.110 -1.419 -1.040 -0.809 -0.550 -0.408 -0.236 -0.225 -0.195 -0.164 -0.131 -0.100 -0.075 -0.029 0.002 0.020 -0.069 -0.073 -0.179 -0.287 -0.477 -0.660 -0.617 0.000 
6.250 501.190 -1.623 -1.257 -1.013 -0.742 -0.614 -0.450 -0.463 -0.434 -0.413 -0.387 -0.362 -0.348 -0.312 -0.304 -0.318 -0.445 -0.472 -0.609 -0.751 -0.970 -1.114 -1.021 0.000 
6.250 630.960 -1.854 -1.502 -1.239 -0.951 -0.841 -0.688 -0.727 -0.697 -0.687 -0.669 -0.652 -0.650 -0.628 -0.649 -0.706 -0.882 -0.940 -1.117 -1.300 -1.554 -1.646 -1.491 0.000 
6.250 794.330 -2.120 -1.782 -1.494 -1.181 -1.095 -0.955 -1.023 -0.991 -0.994 -0.986 -0.977 -0.990 -0.985 -1.044 -1.155 -1.396 -1.494 -1.721 -1.954 -2.253 -2.277 -2.043 0.000 
6.250 1000.000 -2.429 -2.105 -1.785 -1.439 -1.384 -1.259 -1.361 -1.322 -1.341 -1.345 -1.347 -1.377 -1.394 -1.501 -1.682 -2.004 -2.156 -2.446 -2.742 -3.097 -3.030 -2.699 0.000 
6.500 1.000 1.110 1.698 2.112 2.640 2.729 3.021 3.402 3.646 3.732 3.826 3.930 4.028 4.051 4.060 4.026 3.868 3.696 3.681 3.806 3.663 3.743 3.609 0.000 
6.500 1.260 1.081 1.667 2.071 2.582 2.677 2.964 3.332 3.566 3.652 3.745 3.846 3.942 3.969 3.983 3.957 3.807 3.646 3.632 3.752 3.610 3.674 3.541 0.000 
6.500 1.580 1.048 1.633 2.025 2.520 2.619 2.901 3.256 3.480 3.567 3.658 3.756 3.852 3.883 3.902 3.884 3.744 3.594 3.580 3.695 3.555 3.602 3.468 0.000 
6.500 2.000 1.011 1.595 1.974 2.452 2.556 2.833 3.176 3.389 3.477 3.565 3.661 3.756 3.791 3.817 3.806 3.676 3.537 3.524 3.634 3.497 3.526 3.392 0.000 
6.500 2.510 0.970 1.551 1.918 2.378 2.488 2.759 3.089 3.292 3.382 3.467 3.560 3.654 3.694 3.726 3.724 3.605 3.477 3.465 3.570 3.435 3.446 3.311 0.000 
6.500 3.160 0.925 1.503 1.856 2.298 2.413 2.680 2.996 3.190 3.280 3.363 3.453 3.547 3.592 3.629 3.637 3.528 3.412 3.402 3.502 3.369 3.361 3.225 0.000 
6.500 3.980 0.874 1.449 1.789 2.213 2.333 2.595 2.898 3.081 3.173 3.254 3.340 3.433 3.483 3.527 3.544 3.446 3.341 3.333 3.429 3.299 3.271 3.134 0.000 
6.500 5.010 0.818 1.389 1.715 2.122 2.247 2.504 2.794 2.967 3.059 3.138 3.222 3.314 3.368 3.418 3.445 3.358 3.265 3.259 3.350 3.223 3.175 3.037 0.000 
6.500 6.310 0.756 1.323 1.636 2.025 2.155 2.407 2.685 2.848 2.940 3.017 3.098 3.189 3.248 3.304 3.339 3.263 3.183 3.179 3.266 3.141 3.073 2.933 0.000 
6.500 7.940 0.689 1.251 1.551 1.924 2.059 2.306 2.571 2.724 2.816 2.891 2.969 3.059 3.122 3.183 3.227 3.162 3.094 3.093 3.174 3.052 2.964 2.823 0.000 
6.500 10.000 0.617 1.174 1.461 1.818 1.958 2.201 2.452 2.596 2.688 2.760 2.836 2.924 2.990 3.057 3.109 3.055 2.998 2.999 3.076 2.957 2.849 2.706 0.000 
6.500 12.590 0.541 1.090 1.366 1.709 1.852 2.091 2.330 2.463 2.554 2.625 2.698 2.784 2.853 2.925 2.985 2.941 2.896 2.898 2.971 2.854 2.726 2.582 0.000 
6.500 15.850 0.459 1.001 1.266 1.595 1.743 1.978 2.203 2.327 2.417 2.485 2.556 2.640 2.712 2.788 2.855 2.820 2.786 2.790 2.857 2.743 2.595 2.452 0.000 
6.500 19.950 0.374 0.907 1.162 1.479 1.631 1.861 2.073 2.188 2.276 2.342 2.410 2.493 2.566 2.645 2.719 2.692 2.669 2.674 2.736 2.623 2.458 2.314 0.000 
6.500 25.120 0.284 0.808 1.055 1.359 1.515 1.742 1.940 2.046 2.131 2.195 2.261 2.341 2.416 2.498 2.578 2.558 2.545 2.550 2.606 2.495 2.312 2.171 0.000 
6.500 31.620 0.190 0.705 0.943 1.237 1.396 1.619 1.804 1.901 1.983 2.045 2.109 2.186 2.262 2.346 2.431 2.417 2.413 2.418 2.468 2.358 2.159 2.020 0.000 
6.500 39.810 0.093 0.597 0.829 1.112 1.274 1.493 1.664 1.752 1.832 1.892 1.953 2.027 2.103 2.190 2.278 2.269 2.274 2.277 2.320 2.210 1.997 1.862 0.000 
6.500 50.120 -0.009 0.485 0.710 0.985 1.149 1.365 1.521 1.601 1.677 1.735 1.794 1.864 1.940 2.028 2.119 2.114 2.126 2.127 2.162 2.052 1.826 1.696 0.000 
6.500 63.100 -0.114 0.368 0.588 0.854 1.021 1.233 1.375 1.447 1.518 1.574 1.631 1.697 1.773 1.860 1.952 1.950 1.968 1.966 1.992 1.881 1.645 1.521 0.000 
6.500 79.430 -0.224 0.245 0.462 0.721 0.889 1.097 1.224 1.288 1.356 1.409 1.463 1.526 1.600 1.686 1.779 1.776 1.800 1.793 1.810 1.696 1.452 1.336 0.000 
6.500 100.000 -0.340 0.118 0.332 0.584 0.753 0.957 1.069 1.125 1.188 1.240 1.290 1.349 1.421 1.505 1.596 1.592 1.619 1.606 1.612 1.494 1.244 1.140 0.000 
6.500 125.890 -0.462 -0.017 0.196 0.444 0.612 0.811 0.908 0.957 1.015 1.064 1.111 1.165 1.235 1.316 1.402 1.394 1.423 1.402 1.395 1.272 1.020 0.929 0.000 
6.500 158.490 -0.591 -0.159 0.054 0.298 0.465 0.660 0.740 0.782 0.835 0.880 0.925 0.973 1.040 1.115 1.195 1.180 1.208 1.177 1.156 1.025 0.775 0.700 0.000 
6.500 199.530 -0.729 -0.310 -0.096 0.147 0.312 0.500 0.564 0.600 0.646 0.688 0.729 0.772 0.834 0.902 0.972 0.945 0.971 0.927 0.889 0.748 0.504 0.450 0.000 
6.500 251.190 -0.879 -0.473 -0.255 -0.011 0.149 0.332 0.376 0.408 0.447 0.485 0.522 0.558 0.615 0.672 0.729 0.687 0.706 0.646 0.588 0.434 0.202 0.173 0.000 
6.500 316.230 -1.043 -0.650 -0.425 -0.178 -0.025 0.151 0.176 0.203 0.235 0.269 0.301 0.329 0.379 0.423 0.461 0.397 0.406 0.326 0.244 0.073 -0.141 -0.137 0.000 
6.500 398.110 -1.224 -0.845 -0.611 -0.356 -0.213 -0.045 -0.041 -0.017 0.007 0.035 0.061 0.081 0.122 0.149 0.162 0.069 0.062 -0.043 -0.153 -0.346 -0.532 -0.488 0.000 
6.500 501.190 -1.427 -1.062 -0.814 -0.547 -0.418 -0.259 -0.278 -0.256 -0.242 -0.221 -0.200 -0.192 -0.161 -0.157 -0.176 -0.308 -0.336 -0.474 -0.617 -0.838 -0.986 -0.892 0.000 
6.500 630.960 -1.658 -1.307 -1.040 -0.756 -0.646 -0.497 -0.542 -0.519 -0.516 -0.503 -0.490 -0.494 -0.476 -0.502 -0.564 -0.744 -0.804 -0.981 -1.166 -1.422 -1.518 -1.362 0.000 
6.500 794.330 -1.924 -1.586 -1.295 -0.986 -0.900 -0.764 -0.839 -0.813 -0.823 -0.820 -0.816 -0.833 -0.833 -0.897 -1.013 -1.258 -1.357 -1.584 -1.820 -2.121 -2.148 -1.914 0.000 
6.500 1000.000 -2.233 -1.909 -1.586 -1.244 -1.189 -1.068 -1.176 -1.144 -1.170 -1.179 -1.186 -1.221 -1.242 -1.354 -1.540 -1.866 -2.019 -2.309 -2.607 -2.964 -2.902 -2.570 0.000 
6.750 1.000 1.214 1.797 2.220 2.751 2.838 3.127 3.500 3.740 3.812 3.904 4.006 4.098 4.113 4.123 4.087 3.926 3.749 3.728 3.849 3.700 3.780 3.646 0.000 
6.750 1.260 1.189 1.770 2.183 2.699 2.790 3.075 3.435 3.665 3.738 3.828 3.927 4.018 4.036 4.050 4.021 3.868 3.702 3.681 3.796 3.649 3.714 3.580 0.000 
6.750 1.580 1.160 1.740 2.142 2.642 2.739 3.019 3.366 3.586 3.659 3.747 3.844 3.933 3.955 3.974 3.952 3.808 3.652 3.632 3.742 3.596 3.645 3.512 0.000 
6.750 2.000 1.128 1.706 2.097 2.580 2.682 2.957 3.292 3.501 3.575 3.661 3.755 3.843 3.869 3.893 3.879 3.744 3.599 3.580 3.685 3.541 3.573 3.440 0.000 
6.750 2.510 1.092 1.668 2.047 2.512 2.620 2.890 3.212 3.411 3.486 3.570 3.661 3.748 3.778 3.808 3.802 3.676 3.543 3.525 3.624 3.483 3.497 3.364 0.000 
6.750 3.160 1.052 1.626 1.992 2.439 2.552 2.817 3.126 3.315 3.392 3.473 3.561 3.647 3.682 3.717 3.720 3.604 3.482 3.466 3.560 3.422 3.418 3.283 0.000 
6.750 3.980 1.007 1.578 1.931 2.360 2.478 2.738 3.034 3.213 3.291 3.370 3.455 3.541 3.580 3.621 3.632 3.527 3.417 3.402 3.492 3.356 3.333 3.198 0.000 
6.750 5.010 0.958 1.525 1.864 2.275 2.398 2.653 2.937 3.106 3.185 3.261 3.343 3.428 3.473 3.519 3.539 3.445 3.346 3.334 3.419 3.286 3.243 3.107 0.000 
6.750 6.310 0.902 1.465 1.791 2.184 2.313 2.563 2.834 2.992 3.072 3.146 3.225 3.309 3.359 3.410 3.439 3.356 3.270 3.259 3.340 3.210 3.147 3.010 0.000 
6.750 7.940 0.842 1.400 1.712 2.088 2.222 2.467 2.725 2.874 2.954 3.026 3.102 3.185 3.239 3.296 3.333 3.261 3.187 3.179 3.255 3.128 3.045 2.906 0.000 
6.750 10.000 0.776 1.329 1.627 1.987 2.125 2.366 2.611 2.750 2.831 2.900 2.974 3.055 3.113 3.175 3.221 3.159 3.097 3.092 3.164 3.039 2.936 2.796 0.000 
6.750 12.590 0.705 1.251 1.537 1.882 2.024 2.261 2.493 2.622 2.702 2.770 2.840 2.920 2.982 3.049 3.102 3.051 3.000 2.997 3.065 2.942 2.819 2.679 0.000 
6.750 15.850 0.629 1.168 1.442 1.772 1.919 2.151 2.370 2.490 2.569 2.634 2.702 2.781 2.845 2.916 2.977 2.935 2.896 2.895 2.958 2.838 2.695 2.554 0.000 
6.750 19.950 0.547 1.079 1.342 1.659 1.810 2.038 2.243 2.353 2.432 2.495 2.560 2.636 2.703 2.778 2.846 2.813 2.785 2.785 2.842 2.725 2.563 2.423 0.000 
6.750 25.120 0.462 0.984 1.238 1.542 1.697 1.921 2.113 2.214 2.290 2.351 2.414 2.488 2.556 2.634 2.708 2.683 2.665 2.666 2.718 2.603 2.423 2.284 0.000 
6.750 31.620 0.372 0.885 1.130 1.422 1.580 1.800 1.979 2.070 2.145 2.203 2.264 2.335 2.405 2.486 2.564 2.546 2.538 2.539 2.585 2.471 2.275 2.137 0.000 
6.750 39.810 0.277 0.780 1.017 1.298 1.460 1.676 1.841 1.924 1.995 2.052 2.110 2.178 2.249 2.331 2.414 2.401 2.402 2.402 2.442 2.329 2.117 1.983 0.000 
6.750 50.120 0.178 0.670 0.901 1.172 1.337 1.549 1.700 1.774 1.842 1.897 1.952 2.017 2.088 2.172 2.257 2.248 2.257 2.256 2.288 2.175 1.949 1.820 0.000 
6.750 63.100 0.075 0.555 0.781 1.043 1.210 1.418 1.555 1.621 1.685 1.738 1.790 1.852 1.923 2.006 2.093 2.087 2.102 2.098 2.122 2.008 1.771 1.648 0.000 
6.750 79.430 -0.034 0.435 0.656 0.911 1.079 1.283 1.405 1.463 1.524 1.574 1.624 1.681 1.751 1.834 1.921 1.915 1.936 1.928 1.943 1.826 1.580 1.466 0.000 
6.750 100.000 -0.148 0.309 0.527 0.775 0.944 1.144 1.251 1.301 1.357 1.405 1.452 1.505 1.574 1.654 1.740 1.732 1.757 1.743 1.747 1.627 1.375 1.271 0.000 
6.750 125.890 -0.269 0.176 0.392 0.635 0.804 0.999 1.090 1.133 1.185 1.230 1.273 1.322 1.388 1.465 1.547 1.535 1.563 1.541 1.533 1.407 1.152 1.061 0.000 
6.750 158.490 -0.397 0.035 0.250 0.490 0.657 0.848 0.923 0.959 1.005 1.047 1.087 1.131 1.194 1.266 1.341 1.322 1.350 1.318 1.295 1.162 0.909 0.834 0.000 
6.750 199.530 -0.535 -0.116 0.101 0.339 0.504 0.689 0.747 0.777 0.817 0.855 0.892 0.930 0.989 1.053 1.119 1.089 1.113 1.069 1.030 0.887 0.639 0.585 0.000 
6.750 251.190 -0.684 -0.278 -0.057 0.181 0.341 0.520 0.560 0.585 0.619 0.653 0.685 0.717 0.770 0.824 0.877 0.831 0.849 0.789 0.730 0.574 0.338 0.309 0.000 
6.750 316.230 -0.847 -0.455 -0.228 0.015 0.168 0.340 0.360 0.381 0.407 0.436 0.464 0.488 0.535 0.575 0.609 0.542 0.550 0.470 0.387 0.214 -0.004 -0.000 0.000 
6.750 398.110 -1.028 -0.649 -0.413 -0.163 -0.020 0.145 0.143 0.161 0.179 0.203 0.225 0.240 0.278 0.301 0.310 0.214 0.207 0.101 -0.009 -0.204 -0.395 -0.351 0.000 
6.750 501.190 -1.231 -0.866 -0.616 -0.354 -0.225 -0.070 -0.094 -0.078 -0.070 -0.053 -0.036 -0.032 -0.005 -0.005 -0.028 -0.162 -0.191 -0.329 -0.473 -0.695 -0.848 -0.755 0.000 
6.750 630.960 -1.462 -1.110 -0.842 -0.563 -0.452 -0.307 -0.358 -0.341 -0.344 -0.335 -0.326 -0.334 -0.320 -0.349 -0.415 -0.598 -0.658 -0.835 -1.021 -1.278 -1.380 -1.224 0.000 
6.750 794.330 -1.727 -1.390 -1.097 -0.793 -0.706 -0.574 -0.654 -0.634 -0.651 -0.651 -0.651 -0.674 -0.677 -0.744 -0.864 -1.111 -1.212 -1.438 -1.675 -1.977 -2.010 -1.776 0.000 
6.750 1000.000 -2.036 -1.713 -1.387 -1.050 -0.995 -0.878 -0.992 -0.966 -0.998 -1.010 -1.021 -1.061 -1.086 -1.201 -1.391 -1.720 -1.874 -2.163 -2.461 -2.820 -2.763 -2.432 0.000 
7.000 1.000 1.317 1.893 2.323 2.856 2.939 3.227 3.591 3.828 3.889 3.979 4.080 4.167 4.176 4.189 4.152 3.990 3.809 3.784 3.899 3.746 3.825 3.688 0.000 
7.000 1.260 1.294 1.870 2.290 2.808 2.897 3.180 3.532 3.759 3.819 3.907 4.006 4.091 4.102 4.119 4.089 3.935 3.764 3.738 3.849 3.697 3.761 3.624 0.000 
7.000 1.580 1.269 1.843 2.254 2.757 2.850 3.129 3.468 3.685 3.746 3.831 3.927 4.011 4.025 4.046 4.023 3.877 3.717 3.691 3.796 3.646 3.695 3.559 0.000 
7.000 2.000 1.241 1.814 2.214 2.700 2.799 3.073 3.400 3.606 3.668 3.751 3.845 3.927 3.945 3.970 3.954 3.817 3.667 3.642 3.742 3.594 3.626 3.491 0.000 
7.000 2.510 1.210 1.780 2.169 2.639 2.743 3.012 3.326 3.523 3.585 3.666 3.757 3.838 3.860 3.889 3.881 3.753 3.614 3.590 3.685 3.539 3.554 3.419 0.000 
7.000 3.160 1.175 1.743 2.120 2.572 2.681 2.946 3.247 3.433 3.497 3.576 3.663 3.744 3.770 3.804 3.804 3.685 3.557 3.535 3.625 3.481 3.479 3.344 0.000 
7.000 3.980 1.135 1.701 2.065 2.499 2.614 2.873 3.162 3.338 3.403 3.480 3.564 3.644 3.675 3.714 3.721 3.612 3.496 3.476 3.561 3.419 3.399 3.264 0.000 
7.000 5.010 1.091 1.654 2.004 2.420 2.541 2.795 3.072 3.237 3.304 3.378 3.459 3.538 3.573 3.618 3.634 3.535 3.431 3.412 3.492 3.353 3.315 3.179 0.000 
7.000 6.310 1.042 1.601 1.938 2.336 2.462 2.711 2.975 3.130 3.198 3.270 3.348 3.426 3.466 3.516 3.540 3.452 3.360 3.343 3.419 3.283 3.225 3.088 0.000 
7.000 7.940 0.988 1.543 1.865 2.246 2.377 2.621 2.872 3.017 3.087 3.156 3.231 3.308 3.353 3.408 3.440 3.362 3.283 3.268 3.340 3.207 3.129 2.991 0.000 
7.000 10.000 0.929 1.478 1.787 2.150 2.286 2.525 2.764 2.899 2.969 3.036 3.108 3.184 3.234 3.293 3.334 3.267 3.199 3.187 3.255 3.124 3.026 2.887 0.000 
7.000 12.590 0.863 1.407 1.702 2.049 2.190 2.425 2.651 2.776 2.846 2.911 2.980 3.055 3.108 3.172 3.221 3.164 3.108 3.099 3.162 3.034 2.916 2.777 0.000 
7.000 15.850 0.793 1.329 1.612 1.944 2.089 2.319 2.533 2.648 2.718 2.781 2.847 2.920 2.977 3.045 3.101 3.054 3.010 3.003 3.062 2.937 2.798 2.659 0.000 
7.000 19.950 0.717 1.246 1.517 1.834 1.984 2.209 2.410 2.515 2.585 2.645 2.708 2.780 2.840 2.912 2.975 2.936 2.904 2.899 2.953 2.830 2.673 2.533 0.000 
7.000 25.120 0.636 1.156 1.417 1.720 1.874 2.095 2.282 2.379 2.447 2.505 2.566 2.635 2.697 2.772 2.842 2.811 2.790 2.786 2.835 2.715 2.538 2.400 0.000 
7.000 31.620 0.550 1.061 1.312 1.602 1.760 1.977 2.151 2.238 2.305 2.361 2.418 2.485 2.550 2.627 2.702 2.679 2.667 2.665 2.708 2.589 2.395 2.258 0.000 
7.000 39.810 0.459 0.960 1.203 1.481 1.642 1.856 2.016 2.094 2.158 2.212 2.267 2.331 2.397 2.476 2.555 2.538 2.536 2.533 2.570 2.452 2.242 2.108 0.000 
7.000 50.120 0.363 0.854 1.089 1.357 1.521 1.730 1.876 1.946 2.007 2.059 2.111 2.172 2.239 2.319 2.401 2.388 2.395 2.391 2.421 2.303 2.079 1.950 0.000 
7.000 63.100 0.262 0.742 0.971 1.229 1.396 1.601 1.733 1.794 1.852 1.901 1.951 2.009 2.075 2.156 2.239 2.229 2.243 2.237 2.259 2.141 1.904 1.781 0.000 
7.000 79.430 0.156 0.624 0.848 1.098 1.266 1.467 1.584 1.638 1.692 1.739 1.786 1.840 1.906 1.985 2.069 2.060 2.080 2.070 2.083 1.963 1.717 1.601 0.000 
7.000 100.000 0.043 0.500 0.720 0.963 1.132 1.329 1.431 1.476 1.527 1.571 1.615 1.665 1.729 1.807 1.890 1.879 1.903 1.888 1.890 1.767 1.514 1.408 0.000 
7.000 125.890 -0.076 0.368 0.586 0.824 0.993 1.185 1.271 1.310 1.355 1.397 1.438 1.483 1.545 1.620 1.698 1.684 1.710 1.688 1.679 1.551 1.294 1.201 0.000 
7.000 158.490 -0.203 0.228 0.445 0.680 0.847 1.034 1.105 1.136 1.177 1.215 1.252 1.292 1.352 1.421 1.493 1.473 1.499 1.467 1.443 1.308 1.052 0.975 0.000 
7.000 199.530 -0.339 0.079 0.297 0.530 0.694 0.876 0.929 0.954 0.989 1.024 1.058 1.092 1.148 1.209 1.272 1.240 1.264 1.220 1.180 1.035 0.783 0.727 0.000 
7.000 251.190 -0.488 -0.083 0.139 0.372 0.532 0.708 0.743 0.763 0.791 0.822 0.851 0.879 0.929 0.981 1.030 0.983 1.001 0.941 0.881 0.724 0.483 0.453 0.000 
7.000 316.230 -0.650 -0.259 -0.031 0.206 0.359 0.528 0.543 0.559 0.580 0.606 0.631 0.651 0.694 0.732 0.763 0.695 0.702 0.623 0.540 0.365 0.143 0.144 0.000 
7.000 398.110 -0.831 -0.453 -0.216 0.028 0.171 0.332 0.327 0.339 0.352 0.372 0.392 0.403 0.438 0.459 0.465 0.368 0.360 0.255 0.144 -0.052 -0.248 -0.206 0.000 
7.000 501.190 -1.034 -0.669 -0.418 -0.163 -0.033 0.118 0.089 0.101 0.104 0.117 0.130 0.131 0.156 0.154 0.127 -0.008 -0.038 -0.174 -0.319 -0.542 -0.700 -0.609 0.000 
7.000 630.960 -1.264 -0.913 -0.644 -0.371 -0.260 -0.119 -0.174 -0.162 -0.170 -0.165 -0.159 -0.170 -0.159 -0.191 -0.260 -0.444 -0.504 -0.680 -0.866 -1.125 -1.231 -1.078 0.000 
7.000 794.330 -1.529 -1.192 -0.899 -0.601 -0.514 -0.386 -0.470 -0.455 -0.477 -0.481 -0.484 -0.510 -0.516 -0.585 -0.709 -0.956 -1.057 -1.283 -1.519 -1.823 -1.861 -1.630 0.000 
7.000 1000.000 -1.838 -1.515 -1.189 -0.858 -0.803 -0.690 -0.808 -0.787 -0.823 -0.840 -0.854 -0.897 -0.925 -1.042 -1.235 -1.565 -1.719 -2.007 -2.305 -2.666 -2.614 -2.285 0.000 
7.250 1.000 1.418 1.989 2.423 2.955 3.035 3.320 3.677 3.912 3.963 4.051 4.152 4.235 4.239 4.257 4.222 4.061 3.877 3.847 3.959 3.801 3.878 3.735 0.000 
7.250 1.260 1.397 1.967 2.393 2.911 2.996 3.278 3.622 3.847 3.897 3.983 4.082 4.163 4.169 4.190 4.161 4.008 3.833 3.804 3.910 3.754 3.816 3.674 0.000 
7.250 1.580 1.375 1.944 2.360 2.864 2.954 3.231 3.563 3.778 3.827 3.912 4.008 4.087 4.096 4.121 4.098 3.952 3.788 3.758 3.860 3.705 3.752 3.612 0.000 
7.250 2.000 1.350 1.918 2.325 2.813 2.908 3.181 3.500 3.705 3.755 3.837 3.930 4.008 4.019 4.048 4.032 3.894 3.740 3.711 3.807 3.654 3.686 3.546 0.000 
7.250 2.510 1.323 1.889 2.285 2.757 2.858 3.126 3.433 3.627 3.678 3.758 3.848 3.925 3.939 3.972 3.963 3.834 3.690 3.662 3.753 3.602 3.617 3.478 0.000 
7.250 3.160 1.292 1.856 2.241 2.696 2.802 3.065 3.360 3.544 3.596 3.673 3.761 3.836 3.855 3.891 3.890 3.769 3.637 3.610 3.696 3.547 3.545 3.407 0.000 
7.250 3.980 1.258 1.819 2.192 2.629 2.741 2.999 3.282 3.456 3.509 3.584 3.668 3.743 3.766 3.806 3.813 3.701 3.580 3.554 3.635 3.489 3.470 3.332 0.000 
7.250 5.010 1.220 1.778 2.137 2.557 2.674 2.928 3.198 3.361 3.416 3.489 3.570 3.644 3.671 3.716 3.730 3.628 3.519 3.495 3.571 3.427 3.390 3.252 0.000 
7.250 6.310 1.177 1.731 2.077 2.479 2.602 2.850 3.108 3.261 3.317 3.388 3.466 3.538 3.571 3.620 3.642 3.550 3.453 3.431 3.503 3.361 3.306 3.167 0.000 
7.250 7.940 1.128 1.679 2.011 2.395 2.523 2.766 3.012 3.155 3.213 3.281 3.355 3.427 3.464 3.518 3.548 3.467 3.381 3.361 3.429 3.290 3.216 3.076 0.000 
7.250 10.000 1.075 1.620 1.939 2.305 2.439 2.677 2.910 3.043 3.102 3.168 3.239 3.310 3.352 3.410 3.448 3.376 3.304 3.286 3.349 3.213 3.119 2.979 0.000 
7.250 12.590 1.016 1.556 1.861 2.209 2.348 2.582 2.803 2.925 2.985 3.048 3.117 3.186 3.233 3.295 3.341 3.279 3.219 3.204 3.263 3.129 3.016 2.875 0.000 
7.250 15.850 0.952 1.485 1.777 2.109 2.253 2.481 2.689 2.802 2.863 2.923 2.988 3.057 3.107 3.174 3.227 3.175 3.127 3.114 3.169 3.038 2.905 2.764 0.000 
7.250 19.950 0.882 1.408 1.687 2.003 2.152 2.375 2.571 2.674 2.735 2.793 2.855 2.922 2.976 3.046 3.106 3.063 3.027 3.017 3.067 2.939 2.785 2.645 0.000 
7.250 25.120 0.806 1.324 1.591 1.893 2.046 2.265 2.448 2.541 2.601 2.657 2.716 2.781 2.838 2.912 2.977 2.944 2.918 2.910 2.955 2.830 2.657 2.518 0.000 
7.250 31.620 0.725 1.234 1.490 1.779 1.935 2.150 2.320 2.403 2.463 2.517 2.573 2.635 2.695 2.771 2.842 2.816 2.801 2.794 2.834 2.711 2.520 2.382 0.000 
7.250 39.810 0.638 1.137 1.384 1.660 1.821 2.031 2.187 2.262 2.320 2.371 2.424 2.484 2.546 2.624 2.699 2.679 2.674 2.668 2.702 2.580 2.373 2.237 0.000 
7.250 50.120 0.546 1.035 1.273 1.538 1.701 1.908 2.050 2.116 2.172 2.221 2.271 2.328 2.391 2.470 2.549 2.533 2.537 2.531 2.558 2.437 2.214 2.083 0.000 
7.250 63.100 0.448 0.926 1.158 1.413 1.578 1.780 1.908 1.966 2.019 2.065 2.113 2.167 2.230 2.309 2.390 2.378 2.390 2.382 2.402 2.280 2.044 1.918 0.000 
7.250 79.430 0.344 0.811 1.037 1.283 1.450 1.648 1.762 1.811 1.860 1.905 1.949 2.000 2.063 2.141 2.222 2.212 2.230 2.219 2.230 2.107 1.860 1.742 0.000 
7.250 100.000 0.234 0.689 0.911 1.149 1.318 1.511 1.609 1.651 1.697 1.738 1.780 1.826 1.888 1.964 2.045 2.033 2.056 2.040 2.041 1.915 1.660 1.552 0.000 
7.250 125.890 0.117 0.560 0.778 1.011 1.179 1.368 1.451 1.485 1.527 1.565 1.604 1.646 1.706 1.778 1.855 1.840 1.865 1.843 1.832 1.702 1.443 1.347 0.000 
7.250 158.490 -0.009 0.422 0.639 0.868 1.035 1.219 1.285 1.313 1.349 1.385 1.419 1.456 1.514 1.581 1.652 1.630 1.656 1.624 1.600 1.463 1.203 1.123 0.000 
7.250 199.530 -0.144 0.273 0.491 0.718 0.882 1.061 1.110 1.132 1.162 1.194 1.226 1.257 1.310 1.370 1.431 1.399 1.423 1.379 1.338 1.192 0.937 0.877 0.000 
7.250 251.190 -0.292 0.113 0.334 0.561 0.721 0.893 0.925 0.941 0.965 0.993 1.020 1.044 1.093 1.143 1.191 1.143 1.161 1.102 1.042 0.883 0.638 0.603 0.000 
7.250 316.230 -0.453 -0.062 0.165 0.395 0.548 0.713 0.725 0.737 0.754 0.777 0.799 0.817 0.858 0.895 0.924 0.856 0.863 0.785 0.702 0.526 0.299 0.296 0.000 
7.250 398.110 -0.633 -0.255 -0.019 0.218 0.361 0.519 0.509 0.518 0.527 0.544 0.561 0.569 0.603 0.622 0.627 0.529 0.522 0.418 0.307 0.110 -0.091 -0.054 0.000 
7.250 501.190 -0.835 -0.471 -0.222 0.027 0.156 0.305 0.272 0.279 0.279 0.290 0.300 0.298 0.321 0.317 0.289 0.154 0.125 -0.010 -0.155 -0.379 -0.543 -0.456 0.000 
7.250 630.960 -1.065 -0.714 -0.447 -0.181 -0.070 0.068 0.009 0.017 0.005 0.008 0.011 -0.003 0.006 -0.027 -0.097 -0.281 -0.341 -0.515 -0.701 -0.961 -1.073 -0.924 0.000 
7.250 794.330 -1.330 -0.993 -0.701 -0.411 -0.324 -0.199 -0.287 -0.276 -0.301 -0.308 -0.314 -0.343 -0.351 -0.421 -0.546 -0.794 -0.894 -1.118 -1.354 -1.658 -1.702 -1.475 0.000 
7.250 1000.000 -1.639 -1.315 -0.992 -0.668 -0.613 -0.503 -0.624 -0.607 -0.648 -0.667 -0.684 -0.730 -0.759 -0.877 -1.072 -1.402 -1.555 -1.841 -2.139 -2.500 -2.455 -2.130 0.000 
7.500 1.000 1.518 2.083 2.519 3.049 3.125 3.408 3.759 3.991 4.034 4.121 4.223 4.303 4.304 4.329 4.297 4.139 3.952 3.920 4.028 3.867 3.940 3.790 0.000 
7.500 1.260 1.499 2.063 2.492 3.008 3.090 3.369 3.707 3.930 3.971 4.056 4.156 4.234 4.236 4.264 4.238 4.087 3.910 3.877 3.980 3.820 3.879 3.731 0.000 
7.500 1.580 1.479 2.042 2.462 2.965 3.052 3.327 3.653 3.865 3.906 3.989 4.086 4.162 4.166 4.197 4.177 4.034 3.866 3.834 3.931 3.773 3.817 3.670 0.000 
7.500 2.000 1.457 2.019 2.430 2.918 3.010 3.281 3.594 3.797 3.837 3.919 4.013 4.087 4.094 4.128 4.114 3.978 3.821 3.788 3.881 3.724 3.753 3.607 0.000 
7.500 2.510 1.433 1.993 2.394 2.867 2.964 3.231 3.532 3.725 3.765 3.844 3.936 4.009 4.018 4.055 4.048 3.920 3.773 3.741 3.828 3.673 3.687 3.542 0.000 
7.500 3.160 1.406 1.965 2.355 2.812 2.914 3.177 3.465 3.648 3.689 3.766 3.855 3.926 3.939 3.979 3.979 3.859 3.723 3.692 3.774 3.621 3.618 3.474 0.000 
7.500 3.980 1.376 1.932 2.311 2.751 2.859 3.117 3.394 3.566 3.608 3.683 3.768 3.838 3.855 3.899 3.906 3.794 3.670 3.639 3.716 3.565 3.546 3.403 0.000 
7.500 5.010 1.343 1.896 2.263 2.685 2.799 3.052 3.316 3.478 3.522 3.594 3.676 3.745 3.766 3.814 3.828 3.726 3.612 3.583 3.656 3.507 3.471 3.328 0.000 
7.500 6.310 1.305 1.855 2.209 2.613 2.733 2.980 3.233 3.385 3.430 3.500 3.579 3.647 3.672 3.724 3.745 3.652 3.551 3.523 3.591 3.445 3.391 3.248 0.000 
7.500 7.940 1.263 1.809 2.149 2.536 2.661 2.903 3.144 3.285 3.332 3.400 3.475 3.542 3.572 3.628 3.657 3.574 3.484 3.459 3.522 3.378 3.306 3.163 0.000 
7.500 10.000 1.215 1.757 2.084 2.452 2.583 2.820 3.048 3.179 3.228 3.293 3.365 3.431 3.466 3.526 3.562 3.489 3.412 3.389 3.448 3.306 3.216 3.072 0.000 
7.500 12.590 1.163 1.699 2.012 2.363 2.499 2.731 2.947 3.068 3.118 3.181 3.249 3.314 3.354 3.418 3.461 3.398 3.333 3.312 3.367 3.229 3.118 2.975 0.000 
7.500 15.850 1.105 1.635 1.934 2.267 2.408 2.636 2.840 2.950 3.002 3.062 3.127 3.191 3.235 3.302 3.353 3.299 3.246 3.229 3.279 3.144 3.014 2.870 0.000 
7.500 19.950 1.041 1.564 1.850 2.166 2.313 2.535 2.726 2.827 2.880 2.937 2.999 3.062 3.110 3.180 3.238 3.193 3.152 3.137 3.184 3.051 2.901 2.758 0.000 
7.500 25.120 0.971 1.486 1.759 2.061 2.211 2.429 2.608 2.699 2.752 2.807 2.865 2.926 2.978 3.051 3.115 3.079 3.050 3.037 3.079 2.949 2.780 2.637 0.000 
7.500 31.620 0.895 1.402 1.663 1.950 2.105 2.318 2.484 2.565 2.618 2.670 2.726 2.785 2.840 2.915 2.985 2.956 2.938 2.928 2.964 2.836 2.649 2.508 0.000 
7.500 39.810 0.813 1.311 1.562 1.835 1.994 2.203 2.355 2.427 2.479 2.529 2.581 2.638 2.695 2.772 2.846 2.825 2.817 2.807 2.839 2.712 2.507 2.369 0.000 
7.500 50.120 0.725 1.213 1.454 1.716 1.878 2.082 2.221 2.284 2.334 2.382 2.431 2.485 2.544 2.622 2.700 2.683 2.685 2.676 2.701 2.575 2.354 2.219 0.000 
7.500 63.100 0.631 1.108 1.342 1.592 1.757 1.957 2.081 2.136 2.184 2.229 2.275 2.326 2.386 2.465 2.545 2.532 2.541 2.531 2.549 2.424 2.189 2.059 0.000 
7.500 79.430 0.531 0.997 1.223 1.464 1.631 1.827 1.937 1.983 2.028 2.071 2.114 2.162 2.222 2.300 2.380 2.369 2.385 2.373 2.383 2.256 2.009 1.887 0.000 
7.500 100.000 0.423 0.878 1.099 1.332 1.500 1.691 1.786 1.825 1.866 1.906 1.946 1.990 2.049 2.126 2.205 2.193 2.215 2.198 2.198 2.069 1.814 1.701 0.000 
7.500 125.890 0.308 0.751 0.969 1.195 1.363 1.549 1.629 1.660 1.698 1.735 1.772 1.811 1.869 1.941 2.017 2.002 2.027 2.005 1.993 1.860 1.599 1.498 0.000 
7.500 158.490 0.185 0.615 0.831 1.053 1.219 1.401 1.464 1.489 1.522 1.555 1.588 1.623 1.678 1.746 1.815 1.794 1.820 1.789 1.764 1.625 1.362 1.277 0.000 
7.500 199.530 0.051 0.468 0.685 0.904 1.068 1.244 1.290 1.309 1.336 1.366 1.396 1.424 1.476 1.536 1.597 1.565 1.589 1.546 1.505 1.357 1.098 1.033 0.000 
7.500 251.190 -0.095 0.309 0.528 0.748 0.907 1.077 1.105 1.118 1.139 1.165 1.191 1.213 1.260 1.310 1.357 1.310 1.328 1.271 1.211 1.050 0.801 0.761 0.000 
7.500 316.230 -0.256 0.135 0.360 0.583 0.735 0.898 0.907 0.915 0.929 0.950 0.971 0.986 1.026 1.063 1.092 1.024 1.032 0.955 0.873 0.696 0.463 0.455 0.000 
7.500 398.110 -0.435 -0.057 0.176 0.406 0.548 0.703 0.691 0.696 0.703 0.718 0.733 0.739 0.771 0.790 0.795 0.699 0.692 0.590 0.480 0.282 0.075 0.107 0.000 
7.500 501.190 -0.637 -0.272 -0.026 0.215 0.344 0.490 0.455 0.458 0.455 0.464 0.472 0.468 0.490 0.486 0.458 0.324 0.296 0.163 0.019 -0.206 -0.376 -0.295 0.000 
7.500 630.960 -0.866 -0.515 -0.251 0.007 0.118 0.253 0.192 0.196 0.182 0.182 0.183 0.167 0.175 0.142 0.072 -0.111 -0.169 -0.342 -0.526 -0.787 -0.905 -0.762 0.000 
7.500 794.330 -1.131 -0.793 -0.505 -0.222 -0.136 -0.013 -0.104 -0.097 -0.124 -0.133 -0.141 -0.172 -0.181 -0.251 -0.376 -0.622 -0.721 -0.943 -1.178 -1.483 -1.533 -1.313 0.000 
7.500 1000.000 -1.439 -1.115 -0.795 -0.479 -0.424 -0.317 -0.441 -0.428 -0.471 -0.492 -0.511 -0.559 -0.589 -0.707 -0.902 -1.230 -1.382 -1.666 -1.963 -2.325 -2.285 -1.967 0.000 
7.750 1.000 1.617 2.177 2.612 3.138 3.211 3.492 3.837 4.068 4.104 4.190 4.294 4.372 4.371 4.404 4.378 4.224 4.035 4.001 4.107 3.943 4.011 3.851 0.000 
7.750 1.260 1.600 2.159 2.587 3.101 3.178 3.456 3.788 4.010 4.044 4.128 4.230 4.306 4.305 4.341 4.320 4.174 3.995 3.960 4.060 3.897 3.952 3.793 0.000 
7.750 1.580 1.582 2.140 2.560 3.060 3.143 3.417 3.737 3.949 3.981 4.064 4.163 4.237 4.238 4.277 4.261 4.122 3.952 3.917 4.012 3.850 3.891 3.734 0.000 
7.750 2.000 1.562 2.119 2.531 3.017 3.105 3.375 3.683 3.885 3.916 3.997 4.094 4.165 4.169 4.210 4.200 4.068 3.909 3.873 3.963 3.803 3.828 3.673 0.000 
7.750 2.510 1.541 2.096 2.499 2.971 3.064 3.330 3.625 3.817 3.848 3.927 4.021 4.091 4.096 4.141 4.137 4.012 3.863 3.828 3.912 3.754 3.764 3.611 0.000 
7.750 3.160 1.517 2.070 2.464 2.920 3.019 3.280 3.563 3.745 3.777 3.854 3.944 4.013 4.021 4.068 4.071 3.954 3.815 3.780 3.860 3.703 3.698 3.546 0.000 
7.750 3.980 1.491 2.042 2.425 2.865 2.969 3.226 3.497 3.669 3.701 3.776 3.864 3.930 3.942 3.992 4.002 3.892 3.765 3.731 3.805 3.650 3.629 3.478 0.000 
7.750 5.010 1.461 2.010 2.382 2.805 2.915 3.167 3.426 3.588 3.621 3.694 3.778 3.843 3.859 3.912 3.928 3.827 3.711 3.678 3.747 3.594 3.557 3.407 0.000 
7.750 6.310 1.428 1.974 2.334 2.740 2.855 3.102 3.349 3.501 3.536 3.606 3.687 3.751 3.771 3.827 3.850 3.758 3.653 3.622 3.686 3.535 3.482 3.332 0.000 
7.750 7.940 1.391 1.933 2.280 2.668 2.790 3.032 3.267 3.408 3.445 3.512 3.590 3.653 3.677 3.737 3.767 3.684 3.591 3.561 3.621 3.473 3.401 3.252 0.000 
7.750 10.000 1.350 1.887 2.221 2.591 2.718 2.955 3.178 3.309 3.348 3.413 3.487 3.549 3.578 3.641 3.678 3.605 3.523 3.496 3.551 3.405 3.316 3.167 0.000 
7.750 12.590 1.303 1.836 2.156 2.508 2.640 2.872 3.084 3.204 3.245 3.307 3.377 3.439 3.472 3.539 3.583 3.519 3.450 3.425 3.476 3.332 3.224 3.075 0.000 
7.750 15.850 1.251 1.778 2.084 2.418 2.556 2.783 2.982 3.092 3.135 3.195 3.262 3.322 3.360 3.430 3.481 3.426 3.369 3.347 3.394 3.253 3.126 2.977 0.000 
7.750 19.950 1.194 1.714 2.006 2.323 2.466 2.688 2.875 2.975 3.019 3.077 3.140 3.199 3.241 3.314 3.371 3.326 3.281 3.261 3.304 3.166 3.020 2.872 0.000 
7.750 25.120 1.130 1.643 1.921 2.222 2.370 2.587 2.762 2.852 2.897 2.952 3.011 3.069 3.116 3.191 3.254 3.217 3.184 3.168 3.206 3.070 2.905 2.758 0.000 
7.750 31.620 1.060 1.564 1.831 2.116 2.269 2.481 2.643 2.723 2.769 2.821 2.877 2.933 2.983 3.060 3.129 3.100 3.079 3.064 3.098 2.965 2.781 2.635 0.000 
7.750 39.810 0.983 1.479 1.734 2.005 2.161 2.369 2.518 2.589 2.634 2.684 2.736 2.790 2.843 2.922 2.996 2.974 2.963 2.950 2.978 2.847 2.645 2.502 0.000 
7.750 50.120 0.901 1.387 1.631 1.889 2.049 2.252 2.387 2.449 2.494 2.541 2.590 2.642 2.697 2.777 2.854 2.837 2.837 2.824 2.847 2.717 2.499 2.358 0.000 
7.750 63.100 0.811 1.287 1.522 1.768 1.931 2.129 2.251 2.304 2.347 2.391 2.438 2.486 2.543 2.623 2.703 2.690 2.698 2.686 2.702 2.572 2.339 2.204 0.000 
7.750 79.430 0.714 1.179 1.407 1.642 1.808 2.001 2.109 2.154 2.194 2.236 2.279 2.325 2.382 2.461 2.541 2.531 2.546 2.532 2.540 2.410 2.164 2.036 0.000 
7.750 100.000 0.610 1.064 1.285 1.512 1.679 1.868 1.961 1.997 2.035 2.074 2.114 2.155 2.213 2.290 2.369 2.359 2.380 2.362 2.361 2.229 1.973 1.854 0.000 
7.750 125.890 0.498 0.940 1.157 1.377 1.544 1.728 1.805 1.834 1.869 1.904 1.941 1.978 2.035 2.108 2.184 2.171 2.195 2.172 2.161 2.025 1.762 1.655 0.000 
7.750 158.490 0.377 0.806 1.021 1.236 1.401 1.580 1.642 1.664 1.694 1.727 1.759 1.792 1.846 1.914 1.985 1.965 1.991 1.960 1.935 1.793 1.528 1.437 0.000 
7.750 199.530 0.245 0.662 0.876 1.088 1.251 1.424 1.469 1.485 1.510 1.539 1.567 1.595 1.645 1.707 1.767 1.738 1.762 1.720 1.680 1.529 1.267 1.195 0.000 
7.750 251.190 0.101 0.505 0.721 0.933 1.091 1.258 1.285 1.295 1.315 1.339 1.363 1.384 1.430 1.481 1.529 1.485 1.504 1.447 1.388 1.226 0.973 0.925 0.000 
7.750 316.230 -0.059 0.332 0.553 0.768 0.920 1.080 1.087 1.093 1.105 1.125 1.144 1.158 1.198 1.236 1.265 1.200 1.209 1.134 1.052 0.874 0.637 0.621 0.000 
7.750 398.110 -0.237 0.141 0.371 0.592 0.734 0.886 0.872 0.875 0.879 0.893 0.907 0.912 0.944 0.964 0.969 0.876 0.870 0.771 0.661 0.462 0.251 0.274 0.000 
7.750 501.190 -0.437 -0.073 0.169 0.402 0.530 0.673 0.636 0.637 0.632 0.640 0.647 0.642 0.663 0.661 0.633 0.502 0.475 0.345 0.202 -0.024 -0.199 -0.126 0.000 
7.750 630.960 -0.666 -0.315 -0.055 0.194 0.304 0.437 0.374 0.375 0.360 0.359 0.358 0.341 0.349 0.317 0.248 0.068 0.011 -0.159 -0.342 -0.603 -0.728 -0.593 0.000 
7.750 794.330 -0.930 -0.593 -0.309 -0.035 0.051 0.170 0.078 0.083 0.054 0.043 0.034 0.002 -0.006 -0.076 -0.200 -0.443 -0.540 -0.759 -0.992 -1.298 -1.355 -1.142 0.000 
7.750 1000.000 -1.238 -0.914 -0.598 -0.292 -0.237 -0.133 -0.259 -0.248 -0.292 -0.315 -0.335 -0.384 -0.414 -0.532 -0.726 -1.051 -1.200 -1.482 -1.777 -2.139 -2.106 -1.796 0.000 
8.000 1.000 1.717 2.270 2.703 3.223 3.292 3.571 3.912 4.143 4.173 4.259 4.365 4.443 4.440 4.484 4.464 4.317 4.127 4.092 4.196 4.029 4.092 3.920 0.000 
8.000 1.260 1.701 2.254 2.680 3.188 3.262 3.537 3.865 4.087 4.115 4.199 4.303 4.378 4.377 4.422 4.408 4.268 4.087 4.051 4.150 3.984 4.033 3.863 0.000 
8.000 1.580 1.684 2.236 2.655 3.151 3.230 3.502 3.817 4.028 4.055 4.138 4.239 4.312 4.311 4.359 4.350 4.217 4.046 4.009 4.103 3.938 3.973 3.805 0.000 
8.000 2.000 1.666 2.217 2.628 3.111 3.195 3.463 3.766 3.968 3.993 4.074 4.173 4.243 4.244 4.295 4.291 4.164 4.004 3.967 4.055 3.891 3.912 3.746 0.000 
8.000 2.510 1.647 2.196 2.599 3.068 3.157 3.422 3.712 3.904 3.928 4.008 4.104 4.172 4.175 4.228 4.230 4.110 3.960 3.923 4.005 3.843 3.850 3.685 0.000 
8.000 3.160 1.625 2.173 2.568 3.022 3.116 3.377 3.655 3.837 3.861 3.938 4.032 4.098 4.103 4.159 4.167 4.054 3.914 3.877 3.954 3.794 3.786 3.623 0.000 
8.000 3.980 1.602 2.148 2.533 2.972 3.072 3.328 3.594 3.766 3.790 3.865 3.956 4.020 4.029 4.087 4.101 3.996 3.866 3.829 3.901 3.743 3.719 3.558 0.000 
8.000 5.010 1.576 2.120 2.494 2.917 3.023 3.274 3.528 3.690 3.715 3.788 3.875 3.938 3.950 4.011 4.031 3.934 3.815 3.779 3.846 3.689 3.650 3.490 0.000 
8.000 6.310 1.547 2.088 2.451 2.857 2.969 3.215 3.458 3.610 3.636 3.707 3.790 3.852 3.867 3.931 3.957 3.868 3.761 3.726 3.788 3.633 3.578 3.418 0.000 
8.000 7.940 1.515 2.053 2.403 2.792 2.909 3.151 3.382 3.523 3.551 3.619 3.700 3.760 3.779 3.846 3.879 3.798 3.702 3.669 3.726 3.574 3.502 3.343 0.000 
8.000 10.000 1.479 2.012 2.350 2.721 2.844 3.081 3.300 3.431 3.461 3.527 3.603 3.663 3.686 3.756 3.795 3.723 3.639 3.608 3.660 3.510 3.421 3.263 0.000 
8.000 12.590 1.438 1.967 2.291 2.644 2.773 3.005 3.212 3.333 3.365 3.428 3.501 3.559 3.587 3.659 3.705 3.643 3.570 3.541 3.589 3.441 3.334 3.177 0.000 
8.000 15.850 1.392 1.915 2.226 2.561 2.696 2.922 3.118 3.228 3.262 3.323 3.392 3.449 3.482 3.557 3.609 3.555 3.495 3.469 3.512 3.367 3.242 3.085 0.000 
8.000 19.950 1.340 1.857 2.155 2.472 2.612 2.833 3.017 3.117 3.153 3.211 3.276 3.332 3.370 3.447 3.506 3.461 3.413 3.389 3.428 3.285 3.142 2.986 0.000 
8.000 25.120 1.283 1.793 2.076 2.376 2.522 2.738 2.909 2.999 3.037 3.092 3.154 3.209 3.251 3.330 3.395 3.358 3.322 3.301 3.336 3.196 3.033 2.879 0.000 
8.000 31.620 1.219 1.721 1.992 2.275 2.425 2.637 2.796 2.876 2.915 2.967 3.025 3.079 3.124 3.205 3.275 3.247 3.222 3.204 3.234 3.096 2.915 2.762 0.000 
8.000 39.810 1.149 1.642 1.900 2.168 2.323 2.529 2.676 2.746 2.786 2.835 2.890 2.941 2.991 3.073 3.147 3.126 3.113 3.096 3.122 2.986 2.787 2.636 0.000 
8.000 50.120 1.071 1.556 1.802 2.056 2.214 2.416 2.549 2.610 2.650 2.697 2.748 2.797 2.849 2.932 3.010 2.995 2.992 2.977 2.997 2.862 2.646 2.499 0.000 
8.000 63.100 0.987 1.461 1.697 1.939 2.100 2.297 2.417 2.469 2.508 2.552 2.599 2.646 2.700 2.783 2.864 2.853 2.859 2.844 2.858 2.724 2.493 2.350 0.000 
8.000 79.430 0.895 1.358 1.586 1.816 1.980 2.172 2.278 2.322 2.359 2.400 2.444 2.488 2.543 2.625 2.706 2.698 2.712 2.696 2.703 2.569 2.324 2.188 0.000 
8.000 100.000 0.795 1.247 1.468 1.688 1.854 2.041 2.132 2.168 2.203 2.241 2.281 2.322 2.377 2.457 2.538 2.529 2.550 2.531 2.529 2.393 2.137 2.011 0.000 
8.000 125.890 0.686 1.127 1.342 1.555 1.721 1.903 1.979 2.007 2.039 2.074 2.111 2.147 2.202 2.278 2.356 2.345 2.369 2.346 2.333 2.195 1.931 1.816 0.000 
8.000 158.490 0.568 0.996 1.208 1.416 1.580 1.757 1.817 1.838 1.866 1.898 1.931 1.963 2.016 2.087 2.159 2.142 2.168 2.138 2.113 1.968 1.702 1.601 0.000 
8.000 199.530 0.438 0.855 1.065 1.269 1.431 1.603 1.646 1.661 1.684 1.712 1.741 1.767 1.818 1.881 1.944 1.917 1.942 1.901 1.861 1.709 1.444 1.363 0.000 
8.000 251.190 0.296 0.700 0.912 1.115 1.273 1.438 1.463 1.472 1.490 1.514 1.538 1.558 1.604 1.658 1.707 1.666 1.686 1.631 1.573 1.409 1.152 1.096 0.000 
8.000 316.230 0.138 0.529 0.745 0.951 1.102 1.260 1.266 1.271 1.282 1.301 1.320 1.333 1.373 1.413 1.444 1.383 1.394 1.321 1.240 1.060 0.819 0.794 0.000 
8.000 398.110 -0.038 0.339 0.564 0.776 0.917 1.067 1.052 1.053 1.057 1.070 1.084 1.088 1.120 1.142 1.149 1.060 1.056 0.959 0.851 0.651 0.434 0.449 0.000 
8.000 501.190 -0.238 0.126 0.363 0.586 0.714 0.855 0.817 0.816 0.811 0.817 0.824 0.818 0.840 0.840 0.814 0.688 0.663 0.535 0.394 0.167 -0.014 0.050 0.000 
8.000 630.960 -0.465 -0.115 0.139 0.379 0.489 0.619 0.555 0.555 0.539 0.537 0.536 0.518 0.527 0.497 0.430 0.254 0.200 0.033 -0.148 -0.410 -0.541 -0.416 0.000 
8.000 794.330 -0.729 -0.392 -0.114 0.150 0.236 0.353 0.259 0.263 0.234 0.222 0.212 0.180 0.172 0.105 -0.017 -0.256 -0.351 -0.566 -0.797 -1.103 -1.167 -0.964 0.000 
8.000 1000.000 -1.036 -0.713 -0.403 -0.106 -0.052 0.050 -0.077 -0.068 -0.112 -0.136 -0.156 -0.206 -0.235 -0.351 -0.543 -0.863 -1.010 -1.288 -1.581 -1.943 -1.918 -1.618 0.000 
