AtkinsonBoore2003SSlabCascadia_CanadaSHM6-trial modified from OpenQuake implementation, distance is rrup. Log10 ground motion values in cgs units, PGV and Sa(T<0.1s) not valid
          14 31 11 : nmag, ndist, nperiod
          10.000 5.000 3.000 2.000 1.000 0.400 0.200 0.100 0.040 PGA PGV 
          0.691 0.691 0.691 0.691 0.668 0.645 0.645 0.645 0.576 0.622 0.000 
4.750 1.000 0.256 0.904 1.494 2.172 2.754 3.172 3.417 3.337 3.352 3.069 0.000 
4.750 1.260 0.212 0.857 1.446 2.124 2.706 3.123 3.369 3.288 3.303 3.021 0.000 
4.750 1.580 0.150 0.793 1.380 2.058 2.640 3.057 3.302 3.222 3.237 2.954 0.000 
4.750 2.000 0.070 0.709 1.294 1.972 2.553 2.971 3.216 3.135 3.150 2.868 0.000 
4.750 2.510 -0.030 0.605 1.187 1.865 2.446 2.864 3.109 3.028 3.043 2.761 0.000 
4.750 3.160 -0.148 0.483 1.062 1.739 2.320 2.754 3.001 2.920 2.935 2.658 0.000 
4.750 3.980 -0.280 0.346 0.921 1.598 2.178 2.640 2.891 2.810 2.825 2.557 0.000 
4.750 5.010 -0.423 0.197 0.768 1.444 2.024 2.507 2.762 2.680 2.695 2.434 0.000 
4.750 6.310 -0.574 0.040 0.606 1.281 1.860 2.359 2.616 2.535 2.549 2.293 0.000 
4.750 7.940 -0.729 -0.123 0.437 1.111 1.690 2.200 2.458 2.376 2.391 2.139 0.000 
4.750 10.000 -0.888 -0.290 0.265 0.937 1.514 2.025 2.283 2.200 2.215 1.963 0.000 
4.750 12.590 -1.048 -0.459 0.089 0.759 1.336 1.846 2.104 2.020 2.034 1.783 0.000 
4.750 15.850 -1.209 -0.630 -0.089 0.579 1.154 1.664 1.921 1.837 1.850 1.601 0.000 
4.750 19.950 -1.370 -0.802 -0.268 0.397 0.969 1.479 1.736 1.651 1.663 1.415 0.000 
4.750 25.120 -1.531 -0.974 -0.448 0.213 0.782 1.292 1.548 1.461 1.473 1.227 0.000 
4.750 31.620 -1.693 -1.147 -0.629 0.027 0.593 1.102 1.357 1.269 1.280 1.035 0.000 
4.750 39.810 -1.855 -1.321 -0.812 -0.161 0.400 0.909 1.163 1.072 1.082 0.840 0.000 
4.750 50.120 -2.017 -1.496 -0.996 -0.353 0.203 0.711 0.964 0.871 0.879 0.640 0.000 
4.750 63.100 -2.181 -1.672 -1.180 -0.547 0.002 0.509 0.760 0.663 0.669 0.435 0.000 
4.750 79.430 -2.345 -1.849 -1.367 -0.745 -0.206 0.301 0.550 0.448 0.452 0.223 0.000 
4.750 100.000 -2.511 -2.028 -1.555 -0.949 -0.421 0.085 0.331 0.224 0.225 0.002 0.000 
4.750 125.890 -2.679 -2.210 -1.746 -1.159 -0.645 -0.140 0.102 -0.012 -0.015 -0.230 0.000 
4.750 158.490 -2.850 -2.394 -1.940 -1.376 -0.880 -0.377 -0.140 -0.263 -0.271 -0.475 0.000 
4.750 199.530 -3.024 -2.582 -2.138 -1.604 -1.130 -0.630 -0.398 -0.532 -0.546 -0.737 0.000 
4.750 251.190 -3.204 -2.775 -2.340 -1.844 -1.399 -0.901 -0.676 -0.824 -0.846 -1.021 0.000 
4.750 316.230 -3.389 -2.973 -2.549 -2.100 -1.691 -1.196 -0.981 -1.146 -1.178 -1.331 0.000 
4.750 398.110 -3.581 -3.180 -2.765 -2.376 -2.012 -1.521 -1.317 -1.504 -1.548 -1.676 0.000 
4.750 501.190 -3.783 -3.396 -2.991 -2.677 -2.369 -1.884 -1.694 -1.909 -1.969 -2.063 0.000 
4.750 630.960 -3.997 -3.623 -3.228 -3.009 -2.773 -2.294 -2.123 -2.373 -2.452 -2.505 0.000 
4.750 794.330 -4.226 -3.866 -3.481 -3.381 -3.235 -2.764 -2.616 -2.910 -3.013 -3.014 0.000 
4.750 1000.000 -4.474 -4.128 -3.753 -3.803 -3.770 -3.309 -3.190 -3.540 -3.674 -3.609 0.000 
5.000 1.000 0.383 1.025 1.591 2.239 2.791 3.182 3.407 3.320 3.327 3.059 0.000 
5.000 1.260 0.356 0.996 1.561 2.208 2.761 3.151 3.376 3.289 3.296 3.028 0.000 
5.000 1.580 0.316 0.954 1.517 2.164 2.717 3.107 3.332 3.245 3.252 2.984 0.000 
5.000 2.000 0.260 0.895 1.456 2.103 2.656 3.046 3.271 3.184 3.191 2.923 0.000 
5.000 2.510 0.186 0.817 1.376 2.023 2.575 2.966 3.191 3.103 3.110 2.842 0.000 
5.000 3.160 0.093 0.720 1.276 1.922 2.474 2.865 3.089 3.002 3.009 2.741 0.000 
5.000 3.980 -0.019 0.603 1.156 1.802 2.353 2.763 2.991 2.903 2.910 2.648 0.000 
5.000 5.010 -0.146 0.471 1.019 1.665 2.215 2.652 2.883 2.796 2.802 2.549 0.000 
5.000 6.310 -0.284 0.326 0.870 1.514 2.064 2.522 2.756 2.668 2.674 2.428 0.000 
5.000 7.940 -0.431 0.172 0.710 1.354 1.903 2.376 2.612 2.524 2.530 2.289 0.000 
5.000 10.000 -0.584 0.011 0.544 1.186 1.734 2.218 2.456 2.367 2.373 2.136 0.000 
5.000 12.590 -0.740 -0.153 0.373 1.013 1.560 2.044 2.281 2.192 2.197 1.961 0.000 
5.000 15.850 -0.898 -0.321 0.199 0.837 1.382 1.865 2.102 2.012 2.017 1.781 0.000 
5.000 19.950 -1.057 -0.490 0.022 0.657 1.200 1.683 1.920 1.828 1.832 1.598 0.000 
5.000 25.120 -1.217 -0.661 -0.156 0.475 1.015 1.498 1.734 1.641 1.644 1.412 0.000 
5.000 31.620 -1.377 -0.833 -0.336 0.290 0.827 1.309 1.544 1.450 1.452 1.222 0.000 
5.000 39.810 -1.538 -1.005 -0.517 0.103 0.635 1.117 1.351 1.254 1.256 1.028 0.000 
5.000 50.120 -1.700 -1.179 -0.699 -0.086 0.440 0.921 1.154 1.054 1.054 0.830 0.000 
5.000 63.100 -1.862 -1.354 -0.883 -0.280 0.239 0.720 0.951 0.848 0.846 0.626 0.000 
5.000 79.430 -2.025 -1.530 -1.068 -0.477 0.033 0.513 0.742 0.634 0.629 0.415 0.000 
5.000 100.000 -2.190 -1.708 -1.256 -0.679 -0.180 0.299 0.524 0.411 0.403 0.195 0.000 
5.000 125.890 -2.358 -1.888 -1.445 -0.888 -0.403 0.074 0.296 0.176 0.165 -0.035 0.000 
5.000 158.490 -2.528 -2.072 -1.638 -1.105 -0.638 -0.162 0.056 -0.073 -0.090 -0.279 0.000 
5.000 199.530 -2.701 -2.259 -1.835 -1.331 -0.887 -0.413 -0.201 -0.341 -0.364 -0.541 0.000 
5.000 251.190 -2.879 -2.450 -2.036 -1.570 -1.155 -0.683 -0.479 -0.633 -0.663 -0.823 0.000 
5.000 316.230 -3.063 -2.648 -2.244 -1.825 -1.445 -0.977 -0.782 -0.953 -0.994 -1.133 0.000 
5.000 398.110 -3.255 -2.853 -2.459 -2.100 -1.765 -1.301 -1.117 -1.311 -1.363 -1.476 0.000 
5.000 501.190 -3.456 -3.068 -2.684 -2.400 -2.122 -1.663 -1.493 -1.715 -1.783 -1.863 0.000 
5.000 630.960 -3.669 -3.295 -2.920 -2.731 -2.525 -2.072 -1.921 -2.177 -2.265 -2.303 0.000 
5.000 794.330 -3.897 -3.537 -3.172 -3.102 -2.985 -2.541 -2.413 -2.713 -2.825 -2.811 0.000 
5.000 1000.000 -4.144 -3.798 -3.443 -3.523 -3.520 -3.085 -2.986 -3.342 -3.485 -3.405 0.000 
5.250 1.000 0.494 1.131 1.674 2.291 2.814 3.178 3.383 3.289 3.287 3.034 0.000 
5.250 1.260 0.479 1.114 1.656 2.273 2.795 3.160 3.364 3.271 3.269 3.016 0.000 
5.250 1.580 0.456 1.088 1.629 2.246 2.768 3.132 3.337 3.243 3.241 2.988 0.000 
5.250 2.000 0.421 1.051 1.589 2.206 2.728 3.092 3.297 3.203 3.201 2.948 0.000 
5.250 2.510 0.370 0.997 1.534 2.150 2.672 3.036 3.241 3.147 3.145 2.892 0.000 
5.250 3.160 0.303 0.926 1.459 2.075 2.597 2.961 3.166 3.072 3.070 2.817 0.000 
5.250 3.980 0.216 0.834 1.365 1.980 2.502 2.866 3.070 2.976 2.974 2.722 0.000 
5.250 5.010 0.111 0.724 1.250 1.865 2.386 2.773 2.981 2.886 2.884 2.639 0.000 
5.250 6.310 -0.011 0.596 1.118 1.733 2.253 2.665 2.876 2.781 2.779 2.542 0.000 
5.250 7.940 -0.145 0.455 0.973 1.586 2.105 2.537 2.751 2.656 2.654 2.423 0.000 
5.250 10.000 -0.288 0.305 0.816 1.428 1.947 2.393 2.609 2.514 2.511 2.285 0.000 
5.250 12.590 -0.438 0.147 0.652 1.262 1.780 2.236 2.454 2.358 2.355 2.133 0.000 
5.250 15.850 -0.591 -0.016 0.483 1.091 1.606 2.063 2.280 2.183 2.179 1.959 0.000 
5.250 19.950 -0.747 -0.182 0.310 0.915 1.428 1.885 2.101 2.003 1.999 1.780 0.000 
5.250 25.120 -0.905 -0.350 0.134 0.735 1.246 1.702 1.918 1.819 1.814 1.596 0.000 
5.250 31.620 -1.064 -0.520 -0.043 0.553 1.060 1.516 1.731 1.630 1.624 1.408 0.000 
5.250 39.810 -1.223 -0.691 -0.223 0.368 0.870 1.326 1.539 1.436 1.429 1.216 0.000 
5.250 50.120 -1.383 -0.863 -0.403 0.179 0.676 1.131 1.343 1.238 1.229 1.019 0.000 
5.250 63.100 -1.544 -1.037 -0.586 -0.013 0.477 0.932 1.142 1.033 1.022 0.816 0.000 
5.250 79.430 -1.707 -1.212 -0.770 -0.209 0.272 0.726 0.934 0.820 0.807 0.606 0.000 
5.250 100.000 -1.871 -1.389 -0.956 -0.410 0.060 0.512 0.717 0.598 0.582 0.388 0.000 
5.250 125.890 -2.037 -1.568 -1.145 -0.617 -0.162 0.289 0.491 0.364 0.344 0.159 0.000 
5.250 158.490 -2.206 -1.751 -1.337 -0.833 -0.396 0.054 0.251 0.116 0.091 -0.084 0.000 
5.250 199.530 -2.379 -1.937 -1.532 -1.059 -0.644 -0.196 -0.005 -0.151 -0.183 -0.344 0.000 
5.250 251.190 -2.556 -2.127 -1.733 -1.297 -0.910 -0.465 -0.281 -0.442 -0.481 -0.626 0.000 
5.250 316.230 -2.739 -2.324 -1.939 -1.551 -1.200 -0.758 -0.583 -0.761 -0.810 -0.934 0.000 
5.250 398.110 -2.930 -2.528 -2.153 -1.824 -1.519 -1.081 -0.918 -1.118 -1.179 -1.277 0.000 
5.250 501.190 -3.130 -2.742 -2.377 -2.123 -1.875 -1.442 -1.293 -1.521 -1.597 -1.662 0.000 
5.250 630.960 -3.341 -2.968 -2.612 -2.454 -2.276 -1.850 -1.719 -1.982 -2.078 -2.102 0.000 
5.250 794.330 -3.568 -3.209 -2.863 -2.824 -2.736 -2.318 -2.210 -2.517 -2.637 -2.609 0.000 
5.250 1000.000 -3.814 -3.468 -3.133 -3.244 -3.269 -2.862 -2.782 -3.145 -3.296 -3.202 0.000 
5.500 1.000 0.597 1.228 1.750 2.336 2.828 3.166 3.350 3.250 3.240 3.001 0.000 
5.500 1.260 0.589 1.219 1.739 2.325 2.817 3.155 3.339 3.239 3.229 2.990 0.000 
5.500 1.580 0.576 1.204 1.723 2.309 2.801 3.139 3.323 3.223 3.212 2.974 0.000 
5.500 2.000 0.556 1.181 1.698 2.284 2.776 3.114 3.298 3.198 3.188 2.949 0.000 
5.500 2.510 0.526 1.148 1.662 2.248 2.740 3.078 3.262 3.162 3.151 2.913 0.000 
5.500 3.160 0.481 1.100 1.612 2.197 2.689 3.027 3.211 3.111 3.100 2.862 0.000 
5.500 3.980 0.419 1.034 1.543 2.128 2.619 2.957 3.141 3.041 3.030 2.792 0.000 
5.500 5.010 0.339 0.949 1.454 2.038 2.530 2.867 3.051 2.951 2.940 2.702 0.000 
5.500 6.310 0.240 0.844 1.345 1.929 2.420 2.783 2.970 2.870 2.859 2.629 0.000 
5.500 7.940 0.124 0.722 1.219 1.801 2.291 2.677 2.868 2.767 2.756 2.534 0.000 
5.500 10.000 -0.005 0.585 1.077 1.658 2.147 2.552 2.746 2.644 2.633 2.418 0.000 
5.500 12.590 -0.144 0.438 0.924 1.503 1.991 2.411 2.606 2.504 2.492 2.282 0.000 
5.500 15.850 -0.291 0.282 0.762 1.339 1.825 2.255 2.452 2.349 2.337 2.131 0.000 
5.500 19.950 -0.442 0.122 0.594 1.169 1.653 2.083 2.279 2.175 2.162 1.957 0.000 
5.500 25.120 -0.596 -0.043 0.423 0.993 1.474 1.904 2.100 1.994 1.980 1.777 0.000 
5.500 31.620 -0.752 -0.210 0.248 0.814 1.291 1.721 1.915 1.808 1.793 1.593 0.000 
5.500 39.810 -0.910 -0.379 0.071 0.631 1.104 1.533 1.726 1.617 1.601 1.403 0.000 
5.500 50.120 -1.068 -0.549 -0.108 0.444 0.912 1.340 1.532 1.420 1.403 1.208 0.000 
5.500 63.100 -1.228 -0.721 -0.289 0.254 0.714 1.142 1.332 1.217 1.197 1.006 0.000 
5.500 79.430 -1.390 -0.895 -0.472 0.059 0.510 0.938 1.126 1.005 0.984 0.798 0.000 
5.500 100.000 -1.553 -1.071 -0.657 -0.141 0.299 0.725 0.910 0.785 0.760 0.581 0.000 
5.500 125.890 -1.718 -1.249 -0.845 -0.347 0.078 0.503 0.685 0.552 0.523 0.352 0.000 
5.500 158.490 -1.886 -1.431 -1.035 -0.562 -0.154 0.269 0.446 0.305 0.271 0.111 0.000 
5.500 199.530 -2.058 -1.616 -1.230 -0.786 -0.401 0.020 0.191 0.039 -0.001 -0.148 0.000 
5.500 251.190 -2.234 -1.805 -1.429 -1.023 -0.666 -0.248 -0.084 -0.251 -0.298 -0.429 0.000 
5.500 316.230 -2.416 -2.001 -1.635 -1.276 -0.955 -0.540 -0.385 -0.569 -0.626 -0.736 0.000 
5.500 398.110 -2.605 -2.204 -1.848 -1.549 -1.273 -0.862 -0.718 -0.925 -0.994 -1.078 0.000 
5.500 501.190 -2.804 -2.417 -2.070 -1.847 -1.627 -1.221 -1.092 -1.326 -1.412 -1.462 0.000 
5.500 630.960 -3.015 -2.642 -2.305 -2.176 -2.028 -1.629 -1.518 -1.787 -1.891 -1.901 0.000 
5.500 794.330 -3.241 -2.882 -2.554 -2.545 -2.487 -2.096 -2.008 -2.321 -2.450 -2.407 0.000 
5.500 1000.000 -3.486 -3.140 -2.823 -2.964 -3.019 -2.638 -2.579 -2.947 -3.107 -2.998 0.000 
5.750 1.000 0.695 1.321 1.821 2.376 2.838 3.149 3.313 3.206 3.187 2.964 0.000 
5.750 1.260 0.691 1.316 1.815 2.370 2.832 3.143 3.307 3.200 3.181 2.958 0.000 
5.750 1.580 0.685 1.308 1.806 2.360 2.822 3.134 3.297 3.191 3.171 2.948 0.000 
5.750 2.000 0.675 1.295 1.791 2.346 2.808 3.119 3.283 3.176 3.157 2.933 0.000 
5.750 2.510 0.658 1.275 1.769 2.324 2.786 3.097 3.260 3.154 3.134 2.911 0.000 
5.750 3.160 0.631 1.245 1.737 2.291 2.753 3.064 3.228 3.121 3.102 2.878 0.000 
5.750 3.980 0.592 1.202 1.691 2.244 2.706 3.017 3.181 3.074 3.055 2.832 0.000 
5.750 5.010 0.536 1.142 1.627 2.181 2.642 2.953 3.117 3.009 2.990 2.767 0.000 
5.750 6.310 0.462 1.063 1.544 2.097 2.558 2.873 3.037 2.930 2.910 2.689 0.000 
5.750 7.940 0.370 0.964 1.441 1.993 2.453 2.792 2.960 2.852 2.833 2.619 0.000 
5.750 10.000 0.260 0.847 1.319 1.870 2.329 2.690 2.861 2.753 2.733 2.527 0.000 
5.750 12.590 0.136 0.715 1.182 1.731 2.189 2.568 2.741 2.633 2.612 2.412 0.000 
5.750 15.850 0.000 0.571 1.032 1.579 2.035 2.428 2.603 2.494 2.473 2.279 0.000 
5.750 19.950 -0.143 0.419 0.873 1.417 1.871 2.274 2.450 2.340 2.318 2.128 0.000 
5.750 25.120 -0.292 0.260 0.707 1.247 1.699 2.102 2.277 2.165 2.143 1.955 0.000 
5.750 31.620 -0.444 0.097 0.536 1.072 1.520 1.923 2.097 1.984 1.961 1.774 0.000 
5.750 39.810 -0.599 -0.069 0.363 0.892 1.336 1.738 1.912 1.796 1.771 1.588 0.000 
5.750 50.120 -0.756 -0.237 0.186 0.708 1.146 1.548 1.720 1.601 1.575 1.395 0.000 
5.750 63.100 -0.914 -0.408 0.007 0.520 0.950 1.352 1.522 1.400 1.372 1.195 0.000 
5.750 79.430 -1.074 -0.580 -0.174 0.326 0.748 1.149 1.317 1.190 1.160 0.989 0.000 
5.750 100.000 -1.236 -0.755 -0.358 0.128 0.538 0.938 1.103 0.971 0.937 0.773 0.000 
5.750 125.890 -1.400 -0.932 -0.544 -0.077 0.319 0.717 0.878 0.739 0.702 0.546 0.000 
5.750 158.490 -1.567 -1.112 -0.734 -0.291 0.088 0.484 0.641 0.493 0.451 0.305 0.000 
5.750 199.530 -1.737 -1.296 -0.927 -0.514 -0.158 0.236 0.387 0.228 0.180 0.047 0.000 
5.750 251.190 -1.913 -1.485 -1.126 -0.750 -0.423 -0.031 0.113 -0.060 -0.116 -0.232 0.000 
5.750 316.230 -2.094 -1.679 -1.330 -1.002 -0.710 -0.322 -0.187 -0.377 -0.443 -0.538 0.000 
5.750 398.110 -2.282 -1.881 -1.542 -1.274 -1.027 -0.642 -0.519 -0.732 -0.810 -0.879 0.000 
5.750 501.190 -2.480 -2.093 -1.764 -1.570 -1.380 -1.001 -0.892 -1.133 -1.226 -1.262 0.000 
5.750 630.960 -2.690 -2.317 -1.997 -1.899 -1.780 -1.407 -1.317 -1.592 -1.705 -1.700 0.000 
5.750 794.330 -2.915 -2.556 -2.246 -2.267 -2.238 -1.873 -1.805 -2.125 -2.262 -2.205 0.000 
5.750 1000.000 -3.159 -2.814 -2.514 -2.685 -2.769 -2.414 -2.375 -2.750 -2.919 -2.795 0.000 
6.000 1.000 0.791 1.411 1.891 2.414 2.846 3.130 3.274 3.160 3.132 2.924 0.000 
6.000 1.260 0.790 1.409 1.888 2.411 2.843 3.127 3.270 3.157 3.129 2.921 0.000 
6.000 1.580 0.787 1.405 1.882 2.405 2.837 3.122 3.265 3.151 3.123 2.915 0.000 
6.000 2.000 0.783 1.398 1.874 2.397 2.829 3.113 3.256 3.143 3.115 2.907 0.000 
6.000 2.510 0.774 1.387 1.861 2.384 2.816 3.100 3.243 3.130 3.102 2.894 0.000 
6.000 3.160 0.760 1.369 1.842 2.364 2.796 3.080 3.223 3.110 3.082 2.874 0.000 
6.000 3.980 0.737 1.343 1.812 2.335 2.766 3.051 3.194 3.080 3.052 2.844 0.000 
6.000 5.010 0.702 1.304 1.770 2.293 2.724 3.008 3.151 3.037 3.009 2.801 0.000 
6.000 6.310 0.653 1.249 1.712 2.234 2.664 2.949 3.092 2.978 2.949 2.742 0.000 
6.000 7.940 0.585 1.176 1.635 2.156 2.586 2.879 3.024 2.909 2.881 2.676 0.000 
6.000 10.000 0.499 1.084 1.538 2.057 2.486 2.802 2.949 2.835 2.806 2.609 0.000 
6.000 12.590 0.395 0.972 1.421 1.939 2.367 2.703 2.853 2.738 2.709 2.519 0.000 
6.000 15.850 0.276 0.845 1.288 1.804 2.230 2.584 2.736 2.620 2.591 2.407 0.000 
6.000 19.950 0.145 0.705 1.141 1.654 2.079 2.446 2.600 2.483 2.453 2.275 0.000 
6.000 25.120 0.005 0.555 0.985 1.494 1.916 2.293 2.448 2.329 2.299 2.125 0.000 
6.000 31.620 -0.141 0.398 0.821 1.326 1.744 2.120 2.275 2.154 2.123 1.951 0.000 
6.000 39.810 -0.292 0.237 0.651 1.151 1.564 1.940 2.093 1.971 1.938 1.769 0.000 
6.000 50.120 -0.446 0.072 0.478 0.970 1.378 1.754 1.905 1.780 1.746 1.580 0.000 
6.000 63.100 -0.602 -0.096 0.301 0.784 1.185 1.560 1.710 1.581 1.545 1.383 0.000 
6.000 79.430 -0.760 -0.267 0.122 0.593 0.985 1.359 1.507 1.374 1.335 1.178 0.000 
6.000 100.000 -0.920 -0.440 -0.060 0.396 0.777 1.150 1.295 1.156 1.114 0.964 0.000 
6.000 125.890 -1.083 -0.616 -0.245 0.192 0.559 0.931 1.072 0.926 0.881 0.739 0.000 
6.000 158.490 -1.249 -0.794 -0.433 -0.020 0.329 0.699 0.836 0.681 0.631 0.499 0.000 
6.000 199.530 -1.419 -0.977 -0.625 -0.242 0.084 0.452 0.583 0.418 0.361 0.243 0.000 
6.000 251.190 -1.593 -1.165 -0.823 -0.477 -0.179 0.186 0.310 0.131 0.066 -0.035 0.000 
6.000 316.230 -1.773 -1.359 -1.026 -0.728 -0.465 -0.103 0.011 -0.186 -0.260 -0.341 0.000 
6.000 398.110 -1.961 -1.560 -1.237 -0.999 -0.781 -0.423 -0.320 -0.539 -0.626 -0.680 0.000 
6.000 501.190 -2.158 -1.770 -1.457 -1.294 -1.134 -0.781 -0.692 -0.939 -1.041 -1.063 0.000 
6.000 630.960 -2.367 -1.993 -1.690 -1.622 -1.532 -1.186 -1.115 -1.397 -1.519 -1.499 0.000 
6.000 794.330 -2.591 -2.231 -1.937 -1.988 -1.989 -1.651 -1.603 -1.929 -2.075 -2.003 0.000 
6.000 1000.000 -2.834 -2.488 -2.204 -2.405 -2.519 -2.191 -2.172 -2.554 -2.730 -2.593 0.000 
6.250 1.000 0.886 1.501 1.961 2.452 2.853 3.111 3.234 3.113 3.076 2.884 0.000 
6.250 1.260 0.886 1.500 1.959 2.450 2.851 3.109 3.232 3.111 3.074 2.882 0.000 
6.250 1.580 0.886 1.498 1.956 2.447 2.848 3.106 3.229 3.108 3.071 2.878 0.000 
6.250 2.000 0.884 1.494 1.952 2.442 2.843 3.101 3.224 3.103 3.066 2.874 0.000 
6.250 2.510 0.881 1.489 1.944 2.435 2.836 3.094 3.216 3.096 3.059 2.866 0.000 
6.250 3.160 0.874 1.479 1.933 2.423 2.824 3.082 3.205 3.084 3.047 2.854 0.000 
6.250 3.980 0.863 1.464 1.915 2.406 2.806 3.064 3.187 3.066 3.029 2.837 0.000 
6.250 5.010 0.843 1.441 1.889 2.379 2.780 3.038 3.160 3.039 3.002 2.810 0.000 
6.250 6.310 0.814 1.406 1.851 2.341 2.741 2.999 3.121 3.000 2.963 2.771 0.000 
6.250 7.940 0.770 1.357 1.798 2.287 2.686 2.944 3.066 2.945 2.908 2.716 0.000 
6.250 10.000 0.708 1.290 1.726 2.214 2.613 2.885 3.009 2.888 2.850 2.663 0.000 
6.250 12.590 0.629 1.203 1.634 2.121 2.519 2.811 2.938 2.816 2.778 2.598 0.000 
6.250 15.850 0.531 1.097 1.523 2.008 2.404 2.715 2.845 2.722 2.684 2.510 0.000 
6.250 19.950 0.417 0.975 1.394 1.877 2.271 2.598 2.730 2.607 2.568 2.400 0.000 
6.250 25.120 0.290 0.838 1.251 1.730 2.122 2.463 2.596 2.471 2.431 2.270 0.000 
6.250 31.620 0.153 0.691 1.097 1.572 1.960 2.310 2.444 2.317 2.277 2.120 0.000 
6.250 39.810 0.009 0.537 0.935 1.404 1.788 2.137 2.270 2.141 2.100 1.945 0.000 
6.250 50.120 -0.140 0.377 0.767 1.228 1.607 1.956 2.087 1.956 1.913 1.761 0.000 
6.250 63.100 -0.292 0.212 0.594 1.046 1.418 1.766 1.895 1.761 1.716 1.569 0.000 
6.250 79.430 -0.448 0.044 0.417 0.858 1.220 1.568 1.695 1.556 1.509 1.367 0.000 
6.250 100.000 -0.607 -0.127 0.237 0.663 1.014 1.361 1.485 1.340 1.290 1.155 0.000 
6.250 125.890 -0.768 -0.301 0.054 0.461 0.798 1.143 1.264 1.112 1.058 0.931 0.000 
6.250 158.490 -0.933 -0.478 -0.133 0.250 0.570 0.913 1.029 0.869 0.810 0.693 0.000 
6.250 199.530 -1.101 -0.660 -0.324 0.029 0.326 0.668 0.778 0.607 0.541 0.438 0.000 
6.250 251.190 -1.274 -0.847 -0.520 -0.204 0.064 0.403 0.506 0.321 0.248 0.161 0.000 
6.250 316.230 -1.453 -1.039 -0.722 -0.454 -0.221 0.114 0.209 0.006 -0.077 -0.143 0.000 
6.250 398.110 -1.640 -1.239 -0.932 -0.724 -0.536 -0.204 -0.121 -0.347 -0.442 -0.482 0.000 
6.250 501.190 -1.836 -1.449 -1.151 -1.018 -0.887 -0.561 -0.492 -0.745 -0.856 -0.863 0.000 
6.250 630.960 -2.044 -1.671 -1.383 -1.345 -1.285 -0.965 -0.915 -1.203 -1.333 -1.298 0.000 
6.250 794.330 -2.267 -1.907 -1.629 -1.710 -1.740 -1.429 -1.401 -1.733 -1.888 -1.801 0.000 
6.250 1000.000 -2.509 -2.163 -1.895 -2.126 -2.269 -1.968 -1.969 -2.357 -2.542 -2.390 0.000 
6.500 1.000 0.981 1.590 2.032 2.491 2.860 3.091 3.193 3.065 3.019 2.842 0.000 
6.500 1.260 0.982 1.590 2.031 2.489 2.859 3.090 3.192 3.064 3.018 2.841 0.000 
6.500 1.580 0.982 1.589 2.029 2.488 2.857 3.088 3.190 3.063 3.017 2.840 0.000 
6.500 2.000 0.983 1.588 2.027 2.485 2.855 3.086 3.188 3.060 3.014 2.837 0.000 
6.500 2.510 0.982 1.585 2.023 2.481 2.850 3.081 3.183 3.056 3.009 2.832 0.000 
6.500 3.160 0.980 1.580 2.016 2.474 2.844 3.075 3.177 3.049 3.003 2.826 0.000 
6.500 3.980 0.975 1.572 2.006 2.464 2.833 3.064 3.166 3.038 2.992 2.815 0.000 
6.500 5.010 0.966 1.560 1.990 2.448 2.817 3.048 3.150 3.022 2.976 2.799 0.000 
6.500 6.310 0.950 1.539 1.967 2.424 2.793 3.024 3.126 2.998 2.952 2.775 0.000 
6.500 7.940 0.925 1.509 1.933 2.389 2.758 2.989 3.091 2.962 2.916 2.740 0.000 
6.500 10.000 0.886 1.464 1.884 2.340 2.708 2.941 3.043 2.915 2.868 2.693 0.000 
6.500 12.590 0.831 1.402 1.817 2.272 2.639 2.889 2.994 2.865 2.818 2.648 0.000 
6.500 15.850 0.758 1.322 1.731 2.184 2.550 2.818 2.925 2.795 2.748 2.585 0.000 
6.500 19.950 0.666 1.222 1.625 2.076 2.440 2.726 2.835 2.704 2.657 2.500 0.000 
6.500 25.120 0.558 1.104 1.501 1.949 2.310 2.612 2.723 2.591 2.543 2.392 0.000 
6.500 31.620 0.435 0.972 1.362 1.805 2.164 2.478 2.590 2.457 2.408 2.263 0.000 
6.500 39.810 0.301 0.828 1.210 1.648 2.002 2.325 2.438 2.302 2.252 2.113 0.000 
6.500 50.120 0.160 0.675 1.050 1.480 1.829 2.152 2.263 2.125 2.073 1.937 0.000 
6.500 63.100 0.012 0.516 0.883 1.304 1.646 1.968 2.077 1.936 1.882 1.750 0.000 
6.500 79.430 -0.140 0.352 0.710 1.120 1.453 1.774 1.881 1.735 1.679 1.552 0.000 
6.500 100.000 -0.296 0.184 0.533 0.928 1.250 1.570 1.674 1.523 1.464 1.343 0.000 
6.500 125.890 -0.455 0.012 0.352 0.728 1.036 1.355 1.455 1.297 1.234 1.122 0.000 
6.500 158.490 -0.618 -0.164 0.167 0.519 0.810 1.126 1.222 1.056 0.988 0.886 0.000 
6.500 199.530 -0.785 -0.344 -0.023 0.300 0.568 0.883 0.973 0.795 0.721 0.632 0.000 
6.500 251.190 -0.957 -0.530 -0.217 0.068 0.307 0.619 0.702 0.511 0.429 0.356 0.000 
6.500 316.230 -1.135 -0.721 -0.418 -0.181 0.023 0.332 0.406 0.197 0.105 0.054 0.000 
6.500 398.110 -1.321 -0.920 -0.627 -0.449 -0.291 0.014 0.077 -0.154 -0.258 -0.284 0.000 
6.500 501.190 -1.516 -1.129 -0.845 -0.743 -0.641 -0.341 -0.293 -0.552 -0.671 -0.664 0.000 
6.500 630.960 -1.722 -1.349 -1.076 -1.068 -1.037 -0.744 -0.714 -1.008 -1.147 -1.098 0.000 
6.500 794.330 -1.945 -1.585 -1.321 -1.433 -1.492 -1.207 -1.200 -1.538 -1.701 -1.600 0.000 
6.500 1000.000 -2.186 -1.840 -1.586 -1.847 -2.020 -1.745 -1.767 -2.161 -2.355 -2.187 0.000 
6.750 1.000 1.076 1.680 2.105 2.529 2.867 3.071 3.152 3.017 2.962 2.801 0.000 
6.750 1.260 1.077 1.680 2.104 2.529 2.866 3.070 3.151 3.016 2.961 2.800 0.000 
6.750 1.580 1.078 1.680 2.103 2.528 2.865 3.069 3.150 3.015 2.960 2.799 0.000 
6.750 2.000 1.080 1.679 2.102 2.526 2.864 3.068 3.149 3.014 2.958 2.797 0.000 
6.750 2.510 1.081 1.679 2.099 2.524 2.861 3.065 3.146 3.011 2.956 2.795 0.000 
6.750 3.160 1.081 1.677 2.095 2.520 2.857 3.062 3.143 3.007 2.952 2.791 0.000 
6.750 3.980 1.080 1.673 2.090 2.514 2.851 3.056 3.137 3.001 2.946 2.785 0.000 
6.750 5.010 1.077 1.666 2.081 2.505 2.842 3.046 3.127 2.992 2.936 2.776 0.000 
6.750 6.310 1.071 1.655 2.067 2.491 2.828 3.032 3.113 2.977 2.922 2.761 0.000 
6.750 7.940 1.058 1.638 2.046 2.469 2.806 3.010 3.091 2.955 2.900 2.739 0.000 
6.750 10.000 1.036 1.611 2.015 2.438 2.774 2.978 3.059 2.923 2.867 2.707 0.000 
6.750 12.590 1.003 1.571 1.970 2.392 2.728 2.942 3.024 2.887 2.832 2.675 0.000 
6.750 15.850 0.954 1.515 1.909 2.329 2.664 2.892 2.976 2.840 2.784 2.632 0.000 
6.750 19.950 0.887 1.440 1.828 2.247 2.580 2.824 2.911 2.773 2.716 2.571 0.000 
6.750 25.120 0.801 1.345 1.728 2.143 2.474 2.735 2.823 2.685 2.627 2.488 0.000 
6.750 31.620 0.698 1.233 1.608 2.020 2.348 2.623 2.713 2.573 2.515 2.382 0.000 
6.750 39.810 0.580 1.104 1.473 1.879 2.203 2.491 2.581 2.439 2.380 2.254 0.000 
6.750 50.120 0.449 0.963 1.324 1.723 2.042 2.337 2.428 2.283 2.223 2.102 0.000 
6.750 63.100 0.310 0.812 1.165 1.555 1.867 2.162 2.251 2.103 2.041 1.924 0.000 
6.750 79.430 0.163 0.654 0.998 1.377 1.681 1.975 2.061 1.909 1.845 1.732 0.000 
6.750 100.000 0.012 0.490 0.826 1.190 1.482 1.775 1.859 1.702 1.634 1.528 0.000 
6.750 125.890 -0.145 0.321 0.648 0.994 1.272 1.564 1.644 1.479 1.408 1.310 0.000 
6.750 158.490 -0.306 0.148 0.465 0.787 1.048 1.338 1.414 1.241 1.164 1.077 0.000 
6.750 199.530 -0.471 -0.030 0.278 0.570 0.808 1.096 1.166 0.982 0.900 0.825 0.000 
6.750 251.190 -0.641 -0.214 0.085 0.339 0.549 0.835 0.897 0.699 0.609 0.551 0.000 
6.750 316.230 -0.818 -0.404 -0.115 0.092 0.266 0.549 0.602 0.387 0.287 0.250 0.000 
6.750 398.110 -1.002 -0.602 -0.322 -0.175 -0.046 0.232 0.275 0.037 -0.075 -0.086 0.000 
6.750 501.190 -1.196 -0.810 -0.540 -0.467 -0.395 -0.122 -0.094 -0.359 -0.487 -0.465 0.000 
6.750 630.960 -1.402 -1.029 -0.769 -0.791 -0.790 -0.524 -0.514 -0.814 -0.961 -0.898 0.000 
6.750 794.330 -1.623 -1.264 -1.014 -1.155 -1.244 -0.985 -0.998 -1.343 -1.515 -1.399 0.000 
6.750 1000.000 -1.863 -1.518 -1.277 -1.569 -1.771 -1.522 -1.564 -1.965 -2.167 -1.985 0.000 
7.000 1.000 1.172 1.770 2.178 2.568 2.873 3.050 3.110 2.967 2.902 2.758 0.000 
7.000 1.260 1.173 1.770 2.178 2.568 2.872 3.050 3.110 2.966 2.902 2.757 0.000 
7.000 1.580 1.174 1.770 2.177 2.567 2.872 3.049 3.109 2.966 2.901 2.757 0.000 
7.000 2.000 1.176 1.771 2.176 2.566 2.871 3.048 3.108 2.965 2.900 2.756 0.000 
7.000 2.510 1.178 1.771 2.175 2.565 2.869 3.047 3.107 2.963 2.899 2.754 0.000 
7.000 3.160 1.180 1.770 2.173 2.563 2.867 3.045 3.105 2.961 2.896 2.752 0.000 
7.000 3.980 1.181 1.769 2.170 2.559 2.864 3.041 3.101 2.958 2.893 2.749 0.000 
7.000 5.010 1.181 1.766 2.165 2.554 2.858 3.036 3.096 2.952 2.887 2.743 0.000 
7.000 6.310 1.180 1.761 2.157 2.546 2.850 3.027 3.087 2.944 2.879 2.735 0.000 
7.000 7.940 1.175 1.751 2.144 2.533 2.837 3.014 3.074 2.931 2.866 2.722 0.000 
7.000 10.000 1.166 1.736 2.126 2.514 2.818 2.995 3.055 2.911 2.846 2.702 0.000 
7.000 12.590 1.148 1.713 2.098 2.485 2.788 2.972 3.033 2.889 2.824 2.682 0.000 
7.000 15.850 1.119 1.677 2.057 2.443 2.746 2.940 3.002 2.858 2.792 2.655 0.000 
7.000 19.950 1.076 1.626 2.001 2.385 2.686 2.893 2.957 2.812 2.746 2.613 0.000 
7.000 25.120 1.015 1.557 1.925 2.308 2.607 2.828 2.894 2.747 2.681 2.554 0.000 
7.000 31.620 0.935 1.468 1.830 2.209 2.505 2.742 2.809 2.661 2.594 2.473 0.000 
7.000 39.810 0.837 1.360 1.715 2.089 2.382 2.632 2.700 2.551 2.483 2.369 0.000 
7.000 50.120 0.723 1.236 1.583 1.951 2.238 2.500 2.569 2.418 2.348 2.240 0.000 
7.000 63.100 0.596 1.098 1.437 1.796 2.077 2.346 2.414 2.259 2.188 2.086 0.000 
7.000 79.430 0.459 0.949 1.280 1.627 1.900 2.168 2.234 2.075 2.002 1.905 0.000 
7.000 100.000 0.313 0.791 1.114 1.447 1.709 1.976 2.039 1.875 1.798 1.707 0.000 
7.000 125.890 0.161 0.627 0.941 1.255 1.504 1.769 1.829 1.658 1.578 1.495 0.000 
7.000 158.490 0.004 0.457 0.762 1.053 1.283 1.547 1.602 1.423 1.338 1.265 0.000 
7.000 199.530 -0.159 0.281 0.577 0.838 1.046 1.308 1.358 1.167 1.076 1.016 0.000 
7.000 251.190 -0.328 0.099 0.386 0.610 0.790 1.049 1.091 0.887 0.788 0.745 0.000 
7.000 316.230 -0.503 -0.089 0.188 0.364 0.509 0.765 0.798 0.576 0.468 0.445 0.000 
7.000 398.110 -0.686 -0.286 -0.019 0.099 0.198 0.450 0.472 0.228 0.107 0.111 0.000 
7.000 501.190 -0.878 -0.492 -0.234 -0.192 -0.150 0.097 0.105 -0.167 -0.303 -0.267 0.000 
7.000 630.960 -1.083 -0.710 -0.463 -0.515 -0.544 -0.304 -0.314 -0.621 -0.777 -0.698 0.000 
7.000 794.330 -1.303 -0.944 -0.706 -0.878 -0.996 -0.764 -0.798 -1.148 -1.329 -1.198 0.000 
7.000 1000.000 -1.542 -1.197 -0.969 -1.290 -1.522 -1.300 -1.362 -1.769 -1.980 -1.784 0.000 
7.250 1.000 1.268 1.860 2.253 2.606 2.877 3.027 3.066 2.914 2.839 2.712 0.000 
7.250 1.260 1.269 1.860 2.253 2.606 2.877 3.027 3.066 2.914 2.839 2.712 0.000 
7.250 1.580 1.270 1.861 2.252 2.606 2.876 3.027 3.065 2.913 2.839 2.712 0.000 
7.250 2.000 1.272 1.861 2.252 2.605 2.876 3.026 3.065 2.913 2.838 2.711 0.000 
7.250 2.510 1.274 1.862 2.251 2.604 2.875 3.025 3.064 2.912 2.837 2.710 0.000 
7.250 3.160 1.277 1.862 2.250 2.603 2.874 3.024 3.063 2.911 2.836 2.709 0.000 
7.250 3.980 1.279 1.862 2.248 2.601 2.872 3.022 3.061 2.909 2.834 2.707 0.000 
7.250 5.010 1.281 1.861 2.245 2.598 2.869 3.019 3.058 2.906 2.831 2.704 0.000 
7.250 6.310 1.283 1.859 2.241 2.594 2.864 3.014 3.053 2.901 2.826 2.699 0.000 
7.250 7.940 1.283 1.855 2.234 2.586 2.856 3.009 3.047 2.895 2.821 2.694 0.000 
7.250 10.000 1.281 1.848 2.223 2.575 2.845 3.000 3.039 2.887 2.812 2.687 0.000 
7.250 12.590 1.273 1.835 2.206 2.558 2.827 2.987 3.026 2.874 2.799 2.676 0.000 
7.250 15.850 1.259 1.814 2.181 2.531 2.800 2.966 3.007 2.854 2.779 2.658 0.000 
7.250 19.950 1.235 1.783 2.144 2.493 2.761 2.936 2.977 2.824 2.749 2.631 0.000 
7.250 25.120 1.197 1.736 2.092 2.439 2.705 2.891 2.934 2.780 2.704 2.591 0.000 
7.250 31.620 1.142 1.673 2.022 2.366 2.630 2.829 2.873 2.718 2.641 2.533 0.000 
7.250 39.810 1.068 1.589 1.932 2.272 2.532 2.744 2.790 2.633 2.556 2.454 0.000 
7.250 50.120 0.976 1.487 1.822 2.156 2.412 2.637 2.683 2.524 2.446 2.351 0.000 
7.250 63.100 0.866 1.366 1.694 2.019 2.269 2.505 2.552 2.390 2.310 2.222 0.000 
7.250 79.430 0.742 1.231 1.550 1.865 2.107 2.348 2.393 2.227 2.145 2.063 0.000 
7.250 100.000 0.606 1.083 1.394 1.695 1.927 2.166 2.209 2.038 1.953 1.877 0.000 
7.250 125.890 0.461 0.926 1.228 1.511 1.729 1.968 2.007 1.829 1.740 1.673 0.000 
7.250 158.490 0.309 0.761 1.054 1.314 1.515 1.752 1.787 1.600 1.506 1.449 0.000 
7.250 199.530 0.150 0.589 0.873 1.104 1.282 1.517 1.546 1.349 1.249 1.204 0.000 
7.250 251.190 -0.016 0.410 0.685 0.878 1.028 1.261 1.283 1.072 0.964 0.936 0.000 
7.250 316.230 -0.189 0.224 0.489 0.635 0.750 0.979 0.992 0.763 0.646 0.639 0.000 
7.250 398.110 -0.371 0.029 0.285 0.371 0.441 0.666 0.668 0.417 0.288 0.306 0.000 
7.250 501.190 -0.562 -0.176 0.070 0.082 0.095 0.315 0.302 0.024 -0.121 -0.069 0.000 
7.250 630.960 -0.766 -0.393 -0.157 -0.240 -0.298 -0.084 -0.115 -0.428 -0.592 -0.500 0.000 
7.250 794.330 -0.985 -0.625 -0.399 -0.601 -0.749 -0.544 -0.597 -0.954 -1.143 -0.998 0.000 
7.250 1000.000 -1.222 -0.877 -0.660 -1.013 -1.273 -1.078 -1.161 -1.574 -1.793 -1.582 0.000 
7.500 1.000 1.364 1.950 2.329 2.643 2.878 3.011 3.029 2.867 2.783 2.677 0.000 
7.500 1.260 1.365 1.951 2.329 2.643 2.878 3.011 3.029 2.867 2.783 2.677 0.000 
7.500 1.580 1.366 1.951 2.328 2.643 2.878 3.010 3.029 2.867 2.782 2.676 0.000 
7.500 2.000 1.368 1.952 2.328 2.643 2.878 3.010 3.028 2.867 2.782 2.676 0.000 
7.500 2.510 1.370 1.953 2.328 2.642 2.877 3.010 3.028 2.867 2.782 2.676 0.000 
7.500 3.160 1.373 1.953 2.327 2.642 2.876 3.009 3.027 2.866 2.781 2.676 0.000 
7.500 3.980 1.376 1.954 2.326 2.641 2.875 3.008 3.027 2.865 2.780 2.675 0.000 
7.500 5.010 1.379 1.954 2.324 2.639 2.874 3.007 3.025 2.864 2.779 2.674 0.000 
7.500 6.310 1.382 1.954 2.322 2.636 2.871 3.005 3.023 2.862 2.777 2.672 0.000 
7.500 7.940 1.385 1.953 2.318 2.632 2.866 3.002 3.020 2.859 2.774 2.669 0.000 
7.500 10.000 1.386 1.950 2.312 2.625 2.860 2.997 3.015 2.854 2.769 2.664 0.000 
7.500 12.590 1.386 1.944 2.302 2.615 2.849 2.988 3.007 2.846 2.761 2.657 0.000 
7.500 15.850 1.381 1.933 2.287 2.599 2.833 2.976 2.995 2.833 2.748 2.646 0.000 
7.500 19.950 1.370 1.915 2.264 2.576 2.808 2.957 2.977 2.814 2.729 2.629 0.000 
7.500 25.120 1.350 1.887 2.230 2.540 2.772 2.927 2.948 2.785 2.700 2.603 0.000 
7.500 31.620 1.317 1.846 2.183 2.490 2.720 2.885 2.907 2.743 2.656 2.564 0.000 
7.500 39.810 1.268 1.787 2.118 2.421 2.648 2.824 2.847 2.682 2.595 2.508 0.000 
7.500 50.120 1.200 1.709 2.033 2.331 2.554 2.742 2.766 2.599 2.511 2.429 0.000 
7.500 63.100 1.112 1.611 1.927 2.218 2.436 2.636 2.660 2.490 2.400 2.326 0.000 
7.500 79.430 1.007 1.495 1.803 2.084 2.294 2.504 2.528 2.354 2.263 2.196 0.000 
7.500 100.000 0.886 1.362 1.662 1.930 2.129 2.342 2.364 2.186 2.091 2.032 0.000 
7.500 125.890 0.752 1.216 1.507 1.757 1.944 2.156 2.174 1.989 1.891 1.839 0.000 
7.500 158.490 0.607 1.059 1.341 1.569 1.738 1.948 1.963 1.769 1.667 1.625 0.000 
7.500 199.530 0.453 0.892 1.165 1.364 1.512 1.720 1.729 1.525 1.416 1.387 0.000 
7.500 251.190 0.291 0.717 0.981 1.143 1.263 1.469 1.470 1.252 1.136 1.123 0.000 
7.500 316.230 0.121 0.534 0.788 0.903 0.988 1.190 1.183 0.948 0.822 0.829 0.000 
7.500 398.110 -0.058 0.341 0.586 0.642 0.682 0.880 0.862 0.605 0.467 0.500 0.000 
7.500 501.190 -0.248 0.138 0.374 0.355 0.338 0.531 0.498 0.214 0.060 0.126 0.000 
7.500 630.960 -0.450 -0.077 0.149 0.035 -0.053 0.134 0.083 -0.237 -0.410 -0.302 0.000 
7.500 794.330 -0.667 -0.308 -0.092 -0.325 -0.503 -0.324 -0.398 -0.761 -0.959 -0.799 0.000 
7.500 1000.000 -0.904 -0.559 -0.353 -0.735 -1.026 -0.857 -0.960 -1.379 -1.607 -1.382 0.000 
7.750 1.000 1.459 2.040 2.405 2.678 2.875 2.993 2.991 2.819 2.723 2.641 0.000 
7.750 1.260 1.460 2.040 2.405 2.678 2.875 2.993 2.990 2.819 2.723 2.641 0.000 
7.750 1.580 1.462 2.041 2.405 2.678 2.875 2.993 2.990 2.819 2.723 2.640 0.000 
7.750 2.000 1.464 2.042 2.405 2.678 2.875 2.993 2.990 2.818 2.723 2.640 0.000 
7.750 2.510 1.466 2.042 2.405 2.678 2.874 2.992 2.990 2.818 2.723 2.640 0.000 
7.750 3.160 1.468 2.043 2.404 2.677 2.874 2.992 2.990 2.818 2.722 2.640 0.000 
7.750 3.980 1.471 2.044 2.404 2.677 2.873 2.992 2.989 2.817 2.722 2.639 0.000 
7.750 5.010 1.475 2.045 2.403 2.676 2.872 2.991 2.989 2.817 2.721 2.639 0.000 
7.750 6.310 1.479 2.046 2.401 2.674 2.871 2.989 2.987 2.815 2.720 2.638 0.000 
7.750 7.940 1.483 2.046 2.399 2.672 2.868 2.988 2.985 2.813 2.718 2.636 0.000 
7.750 10.000 1.486 2.046 2.395 2.668 2.864 2.984 2.982 2.810 2.715 2.633 0.000 
7.750 12.590 1.489 2.044 2.390 2.662 2.858 2.979 2.978 2.805 2.710 2.629 0.000 
7.750 15.850 1.490 2.039 2.381 2.653 2.848 2.972 2.970 2.798 2.702 2.622 0.000 
7.750 19.950 1.488 2.030 2.367 2.638 2.833 2.960 2.958 2.786 2.690 2.611 0.000 
7.750 25.120 1.480 2.015 2.347 2.616 2.811 2.941 2.940 2.767 2.671 2.594 0.000 
7.750 31.620 1.464 1.990 2.317 2.584 2.777 2.914 2.913 2.739 2.643 2.569 0.000 
7.750 39.810 1.435 1.953 2.273 2.537 2.728 2.873 2.873 2.698 2.601 2.530 0.000 
7.750 50.120 1.391 1.899 2.212 2.472 2.659 2.814 2.815 2.638 2.540 2.475 0.000 
7.750 63.100 1.329 1.826 2.132 2.386 2.568 2.733 2.735 2.556 2.456 2.397 0.000 
7.750 79.430 1.247 1.733 2.031 2.276 2.451 2.627 2.628 2.446 2.345 2.293 0.000 
7.750 100.000 1.146 1.621 1.910 2.143 2.309 2.494 2.494 2.307 2.203 2.160 0.000 
7.750 125.890 1.027 1.491 1.772 1.987 2.141 2.326 2.324 2.131 2.023 1.988 0.000 
7.750 158.490 0.894 1.345 1.618 1.812 1.949 2.132 2.126 1.925 1.813 1.787 0.000 
7.750 199.530 0.749 1.188 1.451 1.617 1.732 1.914 1.902 1.691 1.573 1.559 0.000 
7.750 251.190 0.593 1.019 1.273 1.402 1.491 1.670 1.651 1.426 1.301 1.303 0.000 
7.750 316.230 0.427 0.840 1.085 1.168 1.221 1.397 1.369 1.127 0.992 1.015 0.000 
7.750 398.110 0.251 0.651 0.886 0.910 0.919 1.091 1.052 0.788 0.641 0.690 0.000 
7.750 501.190 0.064 0.450 0.676 0.625 0.578 0.745 0.692 0.400 0.238 0.319 0.000 
7.750 630.960 -0.136 0.236 0.453 0.308 0.190 0.350 0.279 -0.048 -0.229 -0.106 0.000 
7.750 794.330 -0.352 0.007 0.213 -0.050 -0.258 -0.105 -0.200 -0.570 -0.776 -0.601 0.000 
7.750 1000.000 -0.587 -0.242 -0.045 -0.459 -0.779 -0.637 -0.760 -1.186 -1.423 -1.182 0.000 
8.000 1.000 1.554 2.129 2.481 2.709 2.865 2.968 2.945 2.761 2.654 2.596 0.000 
8.000 1.260 1.555 2.129 2.481 2.709 2.865 2.968 2.945 2.761 2.654 2.596 0.000 
8.000 1.580 1.556 2.130 2.481 2.709 2.865 2.968 2.944 2.761 2.653 2.596 0.000 
8.000 2.000 1.558 2.130 2.481 2.709 2.865 2.968 2.944 2.761 2.653 2.596 0.000 
8.000 2.510 1.560 2.131 2.481 2.709 2.865 2.968 2.944 2.761 2.653 2.596 0.000 
8.000 3.160 1.562 2.132 2.481 2.709 2.865 2.968 2.944 2.760 2.653 2.596 0.000 
8.000 3.980 1.565 2.133 2.480 2.708 2.864 2.967 2.944 2.760 2.653 2.595 0.000 
8.000 5.010 1.569 2.134 2.480 2.708 2.864 2.967 2.943 2.760 2.652 2.595 0.000 
8.000 6.310 1.573 2.136 2.479 2.707 2.863 2.966 2.943 2.759 2.652 2.594 0.000 
8.000 7.940 1.577 2.137 2.478 2.705 2.861 2.965 2.941 2.758 2.650 2.593 0.000 
8.000 10.000 1.582 2.137 2.476 2.703 2.859 2.963 2.940 2.756 2.648 2.592 0.000 
8.000 12.590 1.587 2.138 2.473 2.700 2.855 2.960 2.937 2.753 2.645 2.589 0.000 
8.000 15.850 1.591 2.136 2.468 2.694 2.849 2.955 2.932 2.748 2.640 2.584 0.000 
8.000 19.950 1.594 2.133 2.460 2.686 2.840 2.948 2.925 2.740 2.633 2.578 0.000 
8.000 25.120 1.594 2.126 2.448 2.673 2.827 2.936 2.914 2.729 2.621 2.567 0.000 
8.000 31.620 1.589 2.113 2.429 2.653 2.805 2.919 2.896 2.711 2.603 2.551 0.000 
8.000 39.810 1.576 2.091 2.401 2.623 2.774 2.892 2.870 2.683 2.575 2.525 0.000 
8.000 50.120 1.552 2.058 2.361 2.579 2.727 2.852 2.830 2.643 2.533 2.487 0.000 
8.000 63.100 1.513 2.009 2.305 2.517 2.661 2.795 2.773 2.583 2.473 2.432 0.000 
8.000 79.430 1.456 1.941 2.229 2.434 2.572 2.714 2.693 2.500 2.388 2.354 0.000 
8.000 100.000 1.378 1.852 2.133 2.326 2.456 2.608 2.585 2.389 2.275 2.248 0.000 
8.000 125.890 1.281 1.743 2.015 2.194 2.312 2.470 2.446 2.244 2.127 2.109 0.000 
8.000 158.490 1.165 1.615 1.879 2.036 2.139 2.296 2.268 2.058 1.937 1.928 0.000 
8.000 199.530 1.033 1.471 1.725 1.856 1.938 2.093 2.060 1.840 1.713 1.716 0.000 
8.000 251.190 0.886 1.312 1.557 1.652 1.708 1.860 1.820 1.587 1.453 1.472 0.000 
8.000 316.230 0.727 1.140 1.376 1.425 1.447 1.596 1.547 1.298 1.154 1.192 0.000 
8.000 398.110 0.556 0.955 1.182 1.173 1.151 1.296 1.236 0.965 0.809 0.874 0.000 
8.000 501.190 0.373 0.758 0.976 0.893 0.815 0.955 0.881 0.582 0.411 0.508 0.000 
8.000 630.960 0.175 0.547 0.755 0.579 0.430 0.564 0.472 0.138 -0.052 0.086 0.000 
8.000 794.330 -0.039 0.320 0.518 0.223 -0.015 0.111 -0.004 -0.381 -0.596 -0.406 0.000 
8.000 1000.000 -0.272 0.073 0.261 -0.184 -0.534 -0.419 -0.562 -0.995 -1.240 -0.985 0.000 
