ZhaoEtAl2006SSlabCascadia_CanadaSHM6-trial modified from OpenQuake implementation, distance is rrup. Log10 ground motion values in cgs units, PGV and Sa(T<0.1s) not valid
          14 31 23 : nmag, ndist, nperiod
          10.000 5.000 4.000 3.000 2.500 2.000 1.500 1.250 1.000 0.900 0.800 0.700 0.600 0.500 0.400 0.300 0.250 0.200 0.150 0.100 0.050 PGA PGV 
          0.708 0.708 0.705 0.721 0.732 0.733 0.721 0.716 0.717 0.714 0.713 0.714 0.712 0.707 0.715 0.728 0.743 0.764 0.794 0.811 0.743 0.684 0.000 
4.750 1.000 0.258 0.884 1.170 1.637 1.734 2.053 2.523 2.831 3.049 3.187 3.333 3.505 3.619 3.690 3.735 3.665 3.537 3.561 3.702 3.605 3.647 3.447 0.000 
4.750 1.260 0.189 0.812 1.087 1.538 1.639 1.953 2.409 2.707 2.924 3.060 3.204 3.375 3.493 3.573 3.629 3.572 3.456 3.480 3.616 3.520 3.542 3.338 0.000 
4.750 1.580 0.115 0.736 0.999 1.434 1.539 1.849 2.291 2.579 2.795 2.929 3.071 3.241 3.362 3.451 3.518 3.474 3.368 3.393 3.523 3.429 3.431 3.225 0.000 
4.750 2.000 0.037 0.654 0.906 1.326 1.436 1.742 2.169 2.448 2.662 2.794 2.935 3.103 3.227 3.324 3.402 3.369 3.275 3.301 3.424 3.332 3.314 3.105 0.000 
4.750 2.510 -0.046 0.568 0.809 1.215 1.329 1.631 2.045 2.314 2.526 2.656 2.795 2.961 3.088 3.192 3.280 3.259 3.176 3.202 3.319 3.229 3.192 2.980 0.000 
4.750 3.160 -0.133 0.477 0.708 1.102 1.219 1.517 1.918 2.178 2.387 2.516 2.652 2.816 2.945 3.056 3.154 3.144 3.071 3.097 3.208 3.120 3.064 2.851 0.000 
4.750 3.980 -0.222 0.382 0.604 0.985 1.107 1.401 1.788 2.039 2.245 2.372 2.507 2.669 2.800 2.916 3.023 3.023 2.961 2.987 3.092 3.006 2.931 2.717 0.000 
4.750 5.010 -0.314 0.284 0.498 0.867 0.992 1.283 1.656 1.898 2.101 2.227 2.360 2.520 2.651 2.773 2.888 2.898 2.846 2.872 2.971 2.886 2.793 2.579 0.000 
4.750 6.310 -0.409 0.183 0.389 0.747 0.876 1.164 1.523 1.756 1.956 2.080 2.211 2.368 2.501 2.627 2.749 2.769 2.726 2.752 2.845 2.761 2.651 2.437 0.000 
4.750 7.940 -0.505 0.079 0.278 0.625 0.758 1.042 1.389 1.612 1.809 1.931 2.061 2.215 2.348 2.479 2.608 2.635 2.602 2.627 2.714 2.631 2.505 2.292 0.000 
4.750 10.000 -0.602 -0.027 0.166 0.502 0.639 0.920 1.253 1.467 1.660 1.781 1.909 2.060 2.194 2.328 2.463 2.498 2.474 2.499 2.579 2.497 2.356 2.143 0.000 
4.750 12.590 -0.701 -0.135 0.051 0.377 0.518 0.796 1.115 1.321 1.510 1.630 1.755 1.904 2.038 2.175 2.315 2.357 2.343 2.366 2.439 2.358 2.203 1.992 0.000 
4.750 15.850 -0.802 -0.245 -0.065 0.252 0.396 0.671 0.977 1.173 1.359 1.477 1.601 1.746 1.880 2.019 2.165 2.213 2.207 2.229 2.295 2.215 2.045 1.837 0.000 
4.750 19.950 -0.903 -0.357 -0.182 0.125 0.273 0.545 0.837 1.025 1.206 1.323 1.445 1.586 1.720 1.862 2.012 2.066 2.068 2.087 2.147 2.067 1.885 1.679 0.000 
4.750 25.120 -1.006 -0.471 -0.301 -0.003 0.149 0.417 0.695 0.875 1.052 1.167 1.287 1.425 1.559 1.702 1.856 1.914 1.924 1.942 1.994 1.914 1.719 1.518 0.000 
4.750 31.620 -1.110 -0.587 -0.421 -0.132 0.023 0.288 0.552 0.723 0.897 1.010 1.127 1.262 1.395 1.540 1.697 1.759 1.776 1.791 1.836 1.755 1.549 1.352 0.000 
4.750 39.810 -1.217 -0.705 -0.543 -0.262 -0.105 0.157 0.407 0.570 0.739 0.850 0.966 1.097 1.229 1.374 1.534 1.599 1.623 1.634 1.671 1.589 1.373 1.182 0.000 
4.750 50.120 -1.325 -0.826 -0.668 -0.394 -0.234 0.024 0.260 0.414 0.579 0.689 0.802 0.929 1.060 1.205 1.367 1.433 1.464 1.471 1.499 1.415 1.191 1.006 0.000 
4.750 63.100 -1.437 -0.950 -0.794 -0.528 -0.366 -0.111 0.110 0.256 0.417 0.524 0.635 0.758 0.888 1.032 1.194 1.261 1.297 1.299 1.317 1.231 1.000 0.823 0.000 
4.750 79.430 -1.552 -1.077 -0.924 -0.664 -0.501 -0.250 -0.043 0.095 0.251 0.356 0.464 0.583 0.711 0.854 1.015 1.081 1.121 1.117 1.125 1.036 0.799 0.632 0.000 
4.750 100.000 -1.671 -1.210 -1.058 -0.803 -0.640 -0.392 -0.200 -0.070 0.080 0.184 0.289 0.404 0.529 0.669 0.827 0.891 0.934 0.923 0.919 0.825 0.585 0.430 0.000 
4.750 125.890 -1.795 -1.348 -1.196 -0.945 -0.782 -0.539 -0.363 -0.240 -0.095 0.006 0.108 0.218 0.340 0.476 0.630 0.689 0.733 0.713 0.696 0.596 0.355 0.214 0.000 
4.750 158.490 -1.927 -1.493 -1.341 -1.092 -0.931 -0.692 -0.533 -0.416 -0.277 -0.179 -0.080 0.024 0.143 0.273 0.420 0.471 0.514 0.483 0.452 0.344 0.106 -0.018 0.000 
4.750 199.530 -2.067 -1.646 -1.492 -1.244 -1.086 -0.853 -0.710 -0.599 -0.466 -0.372 -0.277 -0.179 -0.064 0.058 0.195 0.234 0.274 0.229 0.181 0.062 -0.168 -0.271 0.000 
4.750 251.190 -2.218 -1.811 -1.652 -1.404 -1.250 -1.023 -0.898 -0.792 -0.667 -0.577 -0.485 -0.394 -0.285 -0.173 -0.050 -0.027 0.006 -0.055 -0.123 -0.256 -0.473 -0.550 0.000 
4.750 316.230 -2.383 -1.990 -1.824 -1.571 -1.424 -1.204 -1.099 -0.998 -0.879 -0.794 -0.707 -0.623 -0.522 -0.423 -0.319 -0.319 -0.296 -0.378 -0.470 -0.620 -0.817 -0.861 0.000 
4.750 398.110 -2.566 -2.186 -2.010 -1.750 -1.613 -1.400 -1.317 -1.218 -1.108 -1.029 -0.947 -0.872 -0.780 -0.699 -0.620 -0.648 -0.642 -0.749 -0.869 -1.041 -1.211 -1.214 0.000 
4.750 501.190 -2.770 -2.404 -2.214 -1.942 -1.819 -1.615 -1.555 -1.458 -1.358 -1.285 -1.209 -1.145 -1.063 -1.005 -0.959 -1.026 -1.041 -1.181 -1.335 -1.535 -1.666 -1.620 0.000 
4.750 630.960 -3.001 -2.649 -2.441 -2.151 -2.046 -1.853 -1.819 -1.721 -1.633 -1.568 -1.500 -1.447 -1.380 -1.351 -1.347 -1.463 -1.510 -1.689 -1.885 -2.120 -2.199 -2.090 0.000 
4.750 794.330 -3.267 -2.929 -2.696 -2.381 -2.301 -2.120 -2.116 -2.015 -1.940 -1.884 -1.825 -1.788 -1.737 -1.746 -1.797 -1.977 -2.064 -2.294 -2.540 -2.820 -2.830 -2.643 0.000 
4.750 1000.000 -3.577 -3.253 -2.987 -2.639 -2.590 -2.424 -2.454 -2.347 -2.287 -2.244 -2.195 -2.175 -2.146 -2.203 -2.324 -2.587 -2.727 -3.019 -3.328 -3.665 -3.584 -3.299 0.000 
5.000 1.000 0.397 1.017 1.327 1.805 1.902 2.218 2.676 2.973 3.172 3.302 3.440 3.600 3.698 3.753 3.781 3.693 3.555 3.569 3.702 3.597 3.648 3.465 0.000 
5.000 1.260 0.334 0.952 1.250 1.711 1.813 2.123 2.567 2.854 3.053 3.181 3.317 3.476 3.578 3.643 3.681 3.606 3.479 3.494 3.621 3.518 3.550 3.364 0.000 
5.000 1.580 0.266 0.882 1.167 1.612 1.718 2.024 2.454 2.731 2.929 3.055 3.189 3.347 3.453 3.526 3.576 3.513 3.398 3.414 3.535 3.434 3.445 3.256 0.000 
5.000 2.000 0.193 0.806 1.079 1.509 1.619 1.920 2.336 2.604 2.800 2.925 3.057 3.213 3.323 3.405 3.465 3.415 3.311 3.327 3.443 3.344 3.335 3.143 0.000 
5.000 2.510 0.116 0.725 0.987 1.401 1.516 1.813 2.215 2.474 2.668 2.791 2.921 3.075 3.188 3.278 3.349 3.310 3.217 3.234 3.344 3.247 3.218 3.024 0.000 
5.000 3.160 0.034 0.639 0.890 1.291 1.409 1.702 2.091 2.340 2.532 2.653 2.782 2.934 3.050 3.146 3.227 3.200 3.118 3.136 3.240 3.145 3.096 2.900 0.000 
5.000 3.980 -0.051 0.549 0.790 1.177 1.299 1.589 1.964 2.203 2.393 2.513 2.639 2.790 2.908 3.010 3.101 3.084 3.013 3.031 3.129 3.037 2.968 2.771 0.000 
5.000 5.010 -0.140 0.455 0.686 1.061 1.187 1.473 1.835 2.065 2.252 2.370 2.494 2.643 2.762 2.871 2.969 2.963 2.902 2.921 3.013 2.922 2.836 2.637 0.000 
5.000 6.310 -0.232 0.357 0.580 0.942 1.073 1.355 1.703 1.924 2.109 2.225 2.347 2.493 2.614 2.727 2.834 2.837 2.787 2.805 2.892 2.802 2.698 2.499 0.000 
5.000 7.940 -0.326 0.256 0.471 0.822 0.957 1.236 1.570 1.782 1.963 2.078 2.198 2.342 2.464 2.581 2.695 2.707 2.667 2.685 2.765 2.677 2.555 2.357 0.000 
5.000 10.000 -0.421 0.152 0.360 0.700 0.839 1.114 1.435 1.638 1.816 1.929 2.047 2.188 2.311 2.432 2.553 2.573 2.542 2.559 2.633 2.546 2.409 2.211 0.000 
5.000 12.590 -0.519 0.046 0.247 0.577 0.719 0.991 1.299 1.492 1.667 1.778 1.895 2.033 2.156 2.281 2.407 2.434 2.413 2.429 2.497 2.411 2.258 2.062 0.000 
5.000 15.850 -0.618 -0.063 0.132 0.452 0.598 0.867 1.161 1.346 1.517 1.627 1.741 1.876 1.999 2.127 2.259 2.292 2.279 2.295 2.356 2.270 2.103 1.909 0.000 
5.000 19.950 -0.718 -0.173 0.016 0.326 0.475 0.741 1.021 1.198 1.365 1.473 1.586 1.717 1.840 1.970 2.107 2.146 2.142 2.156 2.209 2.124 1.944 1.752 0.000 
5.000 25.120 -0.821 -0.286 -0.102 0.199 0.351 0.614 0.881 1.048 1.211 1.318 1.428 1.557 1.680 1.811 1.952 1.996 2.000 2.011 2.058 1.973 1.780 1.592 0.000 
5.000 31.620 -0.924 -0.402 -0.222 0.070 0.226 0.485 0.738 0.897 1.056 1.161 1.269 1.394 1.516 1.649 1.793 1.842 1.853 1.862 1.901 1.816 1.611 1.427 0.000 
5.000 39.810 -1.030 -0.519 -0.344 -0.060 0.099 0.355 0.593 0.744 0.899 1.002 1.108 1.229 1.351 1.485 1.631 1.683 1.701 1.706 1.737 1.651 1.436 1.258 0.000 
5.000 50.120 -1.139 -0.640 -0.468 -0.191 -0.031 0.222 0.446 0.589 0.739 0.840 0.944 1.062 1.182 1.316 1.464 1.518 1.542 1.544 1.566 1.478 1.254 1.082 0.000 
5.000 63.100 -1.250 -0.763 -0.594 -0.325 -0.162 0.087 0.297 0.431 0.577 0.676 0.778 0.891 1.010 1.143 1.292 1.346 1.376 1.373 1.386 1.295 1.064 0.900 0.000 
5.000 79.430 -1.364 -0.890 -0.724 -0.461 -0.297 -0.052 0.144 0.270 0.411 0.508 0.607 0.716 0.834 0.965 1.113 1.167 1.200 1.191 1.194 1.100 0.863 0.709 0.000 
5.000 100.000 -1.483 -1.023 -0.857 -0.600 -0.435 -0.194 -0.014 0.105 0.241 0.336 0.432 0.537 0.652 0.781 0.926 0.977 1.014 0.997 0.989 0.890 0.650 0.507 0.000 
5.000 125.890 -1.608 -1.160 -0.996 -0.742 -0.578 -0.341 -0.176 -0.065 0.066 0.158 0.251 0.351 0.463 0.588 0.729 0.775 0.813 0.788 0.766 0.661 0.421 0.292 0.000 
5.000 158.490 -1.739 -1.305 -1.140 -0.889 -0.726 -0.494 -0.346 -0.241 -0.116 -0.027 0.063 0.158 0.266 0.385 0.520 0.558 0.595 0.559 0.522 0.409 0.172 0.060 0.000 
5.000 199.530 -1.879 -1.459 -1.291 -1.041 -0.881 -0.654 -0.523 -0.424 -0.306 -0.220 -0.133 -0.045 0.059 0.170 0.295 0.321 0.354 0.305 0.251 0.128 -0.102 -0.193 0.000 
5.000 251.190 -2.030 -1.623 -1.451 -1.200 -1.045 -0.824 -0.711 -0.617 -0.506 -0.424 -0.341 -0.260 -0.162 -0.060 0.050 0.060 0.087 0.021 -0.053 -0.189 -0.407 -0.471 0.000 
5.000 316.230 -2.195 -1.802 -1.623 -1.368 -1.220 -1.005 -0.912 -0.823 -0.719 -0.642 -0.564 -0.490 -0.399 -0.311 -0.220 -0.231 -0.215 -0.302 -0.399 -0.553 -0.751 -0.783 0.000 
5.000 398.110 -2.378 -1.998 -1.809 -1.546 -1.408 -1.201 -1.130 -1.043 -0.948 -0.876 -0.804 -0.739 -0.656 -0.586 -0.520 -0.561 -0.561 -0.673 -0.799 -0.974 -1.145 -1.136 0.000 
5.000 501.190 -2.582 -2.216 -2.013 -1.738 -1.614 -1.416 -1.368 -1.282 -1.197 -1.132 -1.066 -1.011 -0.940 -0.893 -0.859 -0.938 -0.960 -1.105 -1.264 -1.468 -1.600 -1.541 0.000 
5.000 630.960 -2.813 -2.461 -2.240 -1.947 -1.841 -1.654 -1.632 -1.546 -1.472 -1.415 -1.356 -1.314 -1.256 -1.239 -1.247 -1.376 -1.428 -1.613 -1.814 -2.053 -2.133 -2.011 0.000 
5.000 794.330 -3.079 -2.741 -2.495 -2.178 -2.096 -1.921 -1.929 -1.840 -1.779 -1.732 -1.682 -1.654 -1.614 -1.634 -1.697 -1.890 -1.983 -2.217 -2.469 -2.753 -2.764 -2.564 0.000 
5.000 1000.000 -3.389 -3.065 -2.786 -2.435 -2.385 -2.226 -2.266 -2.171 -2.126 -2.091 -2.052 -2.042 -2.023 -2.091 -2.225 -2.499 -2.646 -2.943 -3.257 -3.598 -3.518 -3.221 0.000 
5.250 1.000 0.529 1.144 1.476 1.965 2.062 2.375 2.821 3.109 3.289 3.413 3.544 3.691 3.774 3.816 3.828 3.723 3.576 3.581 3.705 3.593 3.653 3.484 0.000 
5.250 1.260 0.473 1.086 1.405 1.877 1.978 2.286 2.719 2.996 3.176 3.298 3.426 3.573 3.661 3.711 3.734 3.642 3.506 3.511 3.630 3.520 3.560 3.389 0.000 
5.250 1.580 0.412 1.023 1.329 1.783 1.889 2.192 2.611 2.878 3.058 3.177 3.304 3.450 3.542 3.601 3.635 3.555 3.431 3.437 3.550 3.442 3.462 3.289 0.000 
5.250 2.000 0.345 0.953 1.247 1.685 1.795 2.093 2.498 2.756 2.935 3.052 3.177 3.322 3.418 3.485 3.530 3.463 3.349 3.356 3.465 3.359 3.359 3.182 0.000 
5.250 2.510 0.273 0.878 1.159 1.582 1.697 1.990 2.381 2.629 2.807 2.923 3.045 3.189 3.288 3.364 3.419 3.364 3.262 3.270 3.373 3.269 3.249 3.070 0.000 
5.250 3.160 0.196 0.798 1.067 1.475 1.594 1.883 2.261 2.499 2.675 2.789 2.910 3.052 3.155 3.237 3.303 3.259 3.168 3.178 3.275 3.174 3.133 2.951 0.000 
5.250 3.980 0.116 0.712 0.971 1.364 1.488 1.773 2.137 2.366 2.540 2.652 2.771 2.911 3.016 3.106 3.181 3.149 3.069 3.079 3.171 3.072 3.011 2.828 0.000 
5.250 5.010 0.031 0.622 0.871 1.251 1.378 1.660 2.010 2.230 2.402 2.512 2.629 2.767 2.875 2.970 3.054 3.032 2.963 2.974 3.060 2.963 2.883 2.699 0.000 
5.250 6.310 -0.057 0.528 0.768 1.135 1.266 1.544 1.881 2.091 2.261 2.370 2.484 2.620 2.729 2.830 2.923 2.911 2.853 2.864 2.944 2.849 2.750 2.565 0.000 
5.250 7.940 -0.148 0.430 0.661 1.017 1.152 1.426 1.749 1.950 2.117 2.224 2.337 2.470 2.581 2.687 2.787 2.785 2.736 2.748 2.822 2.729 2.612 2.426 0.000 
5.250 10.000 -0.241 0.329 0.552 0.896 1.035 1.306 1.616 1.808 1.972 2.077 2.188 2.318 2.431 2.540 2.647 2.653 2.615 2.627 2.695 2.603 2.469 2.284 0.000 
5.250 12.590 -0.337 0.225 0.441 0.774 0.917 1.184 1.480 1.664 1.824 1.928 2.036 2.164 2.277 2.391 2.504 2.518 2.489 2.500 2.562 2.471 2.321 2.137 0.000 
5.250 15.850 -0.434 0.119 0.328 0.650 0.797 1.061 1.344 1.518 1.675 1.777 1.884 2.009 2.122 2.238 2.357 2.378 2.358 2.368 2.424 2.334 2.169 1.987 0.000 
5.250 19.950 -0.534 0.010 0.213 0.525 0.675 0.936 1.205 1.370 1.524 1.625 1.729 1.851 1.964 2.083 2.207 2.234 2.223 2.232 2.280 2.190 2.012 1.832 0.000 
5.250 25.120 -0.635 -0.102 0.095 0.399 0.552 0.809 1.065 1.221 1.371 1.470 1.572 1.691 1.804 1.925 2.054 2.086 2.083 2.089 2.131 2.041 1.849 1.673 0.000 
5.250 31.620 -0.738 -0.216 -0.024 0.271 0.427 0.681 0.923 1.071 1.216 1.314 1.414 1.529 1.642 1.764 1.896 1.933 1.938 1.942 1.976 1.886 1.682 1.510 0.000 
5.250 39.810 -0.843 -0.333 -0.145 0.141 0.300 0.551 0.779 0.918 1.059 1.155 1.253 1.365 1.477 1.600 1.735 1.775 1.787 1.788 1.813 1.723 1.508 1.341 0.000 
5.250 50.120 -0.951 -0.453 -0.268 0.010 0.171 0.419 0.632 0.763 0.900 0.994 1.090 1.198 1.309 1.432 1.569 1.611 1.629 1.626 1.643 1.551 1.327 1.167 0.000 
5.250 63.100 -1.062 -0.576 -0.395 -0.124 0.040 0.284 0.483 0.606 0.738 0.830 0.923 1.027 1.137 1.260 1.397 1.440 1.464 1.456 1.464 1.369 1.138 0.985 0.000 
5.250 79.430 -1.176 -0.703 -0.524 -0.259 -0.094 0.145 0.330 0.445 0.573 0.662 0.753 0.853 0.961 1.082 1.218 1.261 1.289 1.275 1.273 1.175 0.938 0.794 0.000 
5.250 100.000 -1.295 -0.834 -0.657 -0.398 -0.232 0.003 0.172 0.280 0.403 0.490 0.578 0.673 0.779 0.898 1.032 1.071 1.102 1.082 1.068 0.966 0.725 0.593 0.000 
5.250 125.890 -1.419 -0.972 -0.795 -0.540 -0.375 -0.143 0.010 0.111 0.228 0.312 0.397 0.488 0.591 0.706 0.835 0.870 0.902 0.873 0.846 0.738 0.496 0.378 0.000 
5.250 158.490 -1.550 -1.116 -0.939 -0.687 -0.523 -0.296 -0.159 -0.065 0.046 0.128 0.210 0.295 0.394 0.503 0.626 0.653 0.684 0.644 0.602 0.486 0.247 0.146 0.000 
5.250 199.530 -1.690 -1.270 -1.090 -0.839 -0.678 -0.457 -0.337 -0.249 -0.143 -0.065 0.013 0.092 0.187 0.288 0.401 0.416 0.444 0.391 0.332 0.205 -0.026 -0.106 0.000 
5.250 251.190 -1.841 -1.434 -1.250 -0.998 -0.842 -0.626 -0.525 -0.442 -0.343 -0.269 -0.195 -0.123 -0.034 0.058 0.156 0.155 0.177 0.107 0.028 -0.112 -0.331 -0.385 0.000 
5.250 316.230 -2.006 -1.613 -1.422 -1.166 -1.016 -0.808 -0.726 -0.647 -0.556 -0.487 -0.417 -0.353 -0.271 -0.193 -0.113 -0.136 -0.125 -0.216 -0.318 -0.476 -0.675 -0.696 0.000 
5.250 398.110 -2.188 -1.809 -1.608 -1.344 -1.205 -1.004 -0.943 -0.867 -0.785 -0.721 -0.657 -0.602 -0.528 -0.468 -0.413 -0.465 -0.470 -0.587 -0.717 -0.897 -1.068 -1.049 0.000 
5.250 501.190 -2.392 -2.027 -1.812 -1.536 -1.410 -1.218 -1.181 -1.107 -1.034 -0.977 -0.919 -0.874 -0.812 -0.775 -0.752 -0.843 -0.870 -1.018 -1.183 -1.390 -1.523 -1.454 0.000 
5.250 630.960 -2.624 -2.272 -2.039 -1.745 -1.638 -1.456 -1.445 -1.370 -1.309 -1.260 -1.210 -1.177 -1.128 -1.120 -1.140 -1.280 -1.338 -1.526 -1.732 -1.975 -2.056 -1.924 0.000 
5.250 794.330 -2.890 -2.552 -2.294 -1.975 -1.893 -1.724 -1.742 -1.664 -1.616 -1.577 -1.535 -1.517 -1.485 -1.515 -1.590 -1.794 -1.892 -2.131 -2.387 -2.675 -2.687 -2.477 0.000 
5.250 1000.000 -3.200 -2.875 -2.585 -2.233 -2.182 -2.028 -2.080 -1.996 -1.963 -1.936 -1.905 -1.904 -1.895 -1.972 -2.118 -2.403 -2.555 -2.856 -3.175 -3.520 -3.441 -3.133 0.000 
5.500 1.000 0.655 1.265 1.618 2.117 2.213 2.523 2.959 3.237 3.399 3.517 3.642 3.778 3.847 3.877 3.876 3.758 3.601 3.597 3.713 3.594 3.661 3.504 0.000 
5.500 1.260 0.606 1.214 1.553 2.035 2.136 2.441 2.862 3.131 3.293 3.409 3.532 3.667 3.740 3.779 3.788 3.682 3.536 3.532 3.644 3.527 3.574 3.416 0.000 
5.500 1.580 0.551 1.157 1.483 1.947 2.053 2.352 2.761 3.019 3.182 3.295 3.415 3.550 3.628 3.675 3.695 3.600 3.466 3.463 3.569 3.455 3.482 3.322 0.000 
5.500 2.000 0.490 1.094 1.407 1.854 1.964 2.259 2.654 2.902 3.064 3.176 3.294 3.428 3.510 3.566 3.596 3.513 3.391 3.389 3.490 3.377 3.385 3.222 0.000 
5.500 2.510 0.425 1.025 1.326 1.756 1.871 2.161 2.542 2.781 2.942 3.052 3.168 3.300 3.387 3.450 3.491 3.420 3.309 3.309 3.405 3.294 3.282 3.116 0.000 
5.500 3.160 0.354 0.951 1.239 1.653 1.773 2.058 2.425 2.655 2.815 2.923 3.037 3.168 3.258 3.329 3.380 3.321 3.222 3.223 3.313 3.205 3.172 3.005 0.000 
5.500 3.980 0.278 0.871 1.147 1.547 1.670 1.952 2.305 2.525 2.684 2.790 2.901 3.031 3.125 3.203 3.264 3.216 3.128 3.131 3.215 3.110 3.057 2.887 0.000 
5.500 5.010 0.198 0.786 1.051 1.437 1.564 1.842 2.182 2.392 2.550 2.653 2.763 2.891 2.987 3.071 3.142 3.105 3.029 3.032 3.111 3.008 2.935 2.763 0.000 
5.500 6.310 0.114 0.696 0.951 1.323 1.455 1.728 2.055 2.256 2.411 2.514 2.621 2.747 2.846 2.935 3.014 2.989 2.923 2.927 3.001 2.900 2.807 2.634 0.000 
5.500 7.940 0.027 0.603 0.848 1.207 1.343 1.613 1.926 2.117 2.271 2.371 2.476 2.600 2.701 2.795 2.882 2.867 2.811 2.816 2.885 2.786 2.674 2.500 0.000 
5.500 10.000 -0.063 0.505 0.742 1.089 1.229 1.495 1.794 1.977 2.127 2.226 2.329 2.450 2.552 2.652 2.746 2.739 2.694 2.699 2.762 2.665 2.535 2.362 0.000 
5.500 12.590 -0.156 0.404 0.633 0.968 1.112 1.374 1.661 1.834 1.981 2.078 2.179 2.298 2.401 2.505 2.606 2.607 2.572 2.577 2.633 2.537 2.391 2.218 0.000 
5.500 15.850 -0.252 0.299 0.521 0.846 0.993 1.252 1.525 1.689 1.833 1.929 2.028 2.144 2.248 2.354 2.461 2.470 2.444 2.449 2.499 2.404 2.242 2.070 0.000 
5.500 19.950 -0.349 0.192 0.407 0.722 0.873 1.128 1.387 1.543 1.684 1.777 1.874 1.987 2.091 2.201 2.313 2.328 2.311 2.315 2.358 2.264 2.087 1.918 0.000 
5.500 25.120 -0.449 0.082 0.291 0.596 0.750 1.003 1.248 1.395 1.532 1.624 1.719 1.828 1.933 2.044 2.161 2.182 2.174 2.175 2.212 2.118 1.927 1.761 0.000 
5.500 31.620 -0.551 -0.031 0.173 0.469 0.626 0.875 1.107 1.244 1.378 1.468 1.561 1.667 1.771 1.884 2.005 2.030 2.030 2.030 2.059 1.965 1.762 1.599 0.000 
5.500 39.810 -0.656 -0.146 0.053 0.340 0.500 0.745 0.963 1.092 1.221 1.310 1.400 1.504 1.607 1.721 1.845 1.874 1.880 1.877 1.898 1.804 1.589 1.432 0.000 
5.500 50.120 -0.763 -0.265 -0.070 0.209 0.371 0.613 0.817 0.938 1.063 1.149 1.238 1.337 1.440 1.554 1.679 1.711 1.724 1.717 1.730 1.634 1.410 1.258 0.000 
5.500 63.100 -0.873 -0.388 -0.196 0.076 0.240 0.479 0.668 0.781 0.901 0.986 1.071 1.167 1.268 1.382 1.508 1.541 1.560 1.548 1.552 1.453 1.221 1.077 0.000 
5.500 79.430 -0.987 -0.514 -0.325 -0.060 0.106 0.341 0.515 0.620 0.736 0.818 0.902 0.993 1.092 1.205 1.330 1.362 1.386 1.368 1.362 1.260 1.022 0.888 0.000 
5.500 100.000 -1.105 -0.645 -0.458 -0.198 -0.031 0.199 0.358 0.456 0.566 0.646 0.727 0.814 0.911 1.021 1.144 1.174 1.200 1.176 1.158 1.052 0.810 0.687 0.000 
5.500 125.890 -1.229 -0.782 -0.595 -0.340 -0.174 0.052 0.196 0.286 0.392 0.469 0.546 0.628 0.723 0.829 0.948 0.973 1.000 0.967 0.936 0.824 0.581 0.472 0.000 
5.500 158.490 -1.360 -0.927 -0.739 -0.487 -0.322 -0.100 0.027 0.110 0.210 0.284 0.359 0.435 0.526 0.627 0.739 0.756 0.783 0.739 0.693 0.573 0.333 0.241 0.000 
5.500 199.530 -1.500 -1.080 -0.890 -0.639 -0.477 -0.260 -0.151 -0.073 0.021 0.091 0.162 0.233 0.319 0.412 0.514 0.519 0.543 0.486 0.423 0.293 0.060 -0.011 0.000 
5.500 251.190 -1.651 -1.244 -1.050 -0.798 -0.640 -0.430 -0.339 -0.266 -0.179 -0.112 -0.046 0.018 0.099 0.181 0.270 0.259 0.276 0.202 0.120 -0.024 -0.245 -0.289 0.000 
5.500 316.230 -1.816 -1.423 -1.222 -0.965 -0.815 -0.611 -0.539 -0.471 -0.392 -0.330 -0.268 -0.212 -0.138 -0.069 0.001 -0.032 -0.026 -0.120 -0.226 -0.387 -0.588 -0.601 0.000 
5.500 398.110 -1.998 -1.618 -1.408 -1.143 -1.003 -0.807 -0.757 -0.691 -0.621 -0.564 -0.508 -0.460 -0.395 -0.344 -0.299 -0.361 -0.371 -0.490 -0.625 -0.808 -0.981 -0.954 0.000 
5.500 501.190 -2.202 -1.836 -1.611 -1.335 -1.209 -1.022 -0.995 -0.931 -0.870 -0.820 -0.770 -0.733 -0.679 -0.650 -0.639 -0.739 -0.770 -0.922 -1.091 -1.302 -1.436 -1.358 0.000 
5.500 630.960 -2.433 -2.081 -1.838 -1.544 -1.436 -1.260 -1.259 -1.194 -1.145 -1.103 -1.060 -1.035 -0.995 -0.996 -1.027 -1.176 -1.238 -1.430 -1.640 -1.887 -1.969 -1.829 0.000 
5.500 794.330 -2.699 -2.361 -2.093 -1.775 -1.691 -1.527 -1.556 -1.488 -1.452 -1.420 -1.386 -1.376 -1.352 -1.391 -1.476 -1.690 -1.792 -2.034 -2.295 -2.586 -2.600 -2.381 0.000 
5.500 1000.000 -3.009 -2.685 -2.384 -2.032 -1.980 -1.831 -1.893 -1.819 -1.799 -1.779 -1.756 -1.763 -1.762 -1.848 -2.004 -2.299 -2.455 -2.760 -3.083 -3.431 -3.354 -3.038 0.000 
5.750 1.000 0.776 1.380 1.752 2.260 2.355 2.663 3.088 3.359 3.503 3.616 3.736 3.861 3.916 3.938 3.925 3.796 3.631 3.617 3.727 3.601 3.673 3.526 0.000 
5.750 1.260 0.732 1.335 1.694 2.184 2.285 2.587 2.998 3.259 3.404 3.515 3.632 3.757 3.817 3.846 3.843 3.724 3.571 3.558 3.662 3.538 3.592 3.444 0.000 
5.750 1.580 0.684 1.284 1.630 2.103 2.208 2.505 2.903 3.154 3.299 3.408 3.522 3.647 3.711 3.748 3.756 3.648 3.506 3.494 3.593 3.471 3.506 3.356 0.000 
5.750 2.000 0.630 1.228 1.560 2.016 2.125 2.417 2.802 3.043 3.189 3.295 3.407 3.531 3.600 3.645 3.663 3.567 3.436 3.425 3.519 3.400 3.415 3.263 0.000 
5.750 2.510 0.570 1.166 1.485 1.923 2.038 2.325 2.696 2.927 3.072 3.176 3.287 3.409 3.483 3.535 3.564 3.479 3.360 3.351 3.440 3.323 3.318 3.164 0.000 
5.750 3.160 0.506 1.098 1.404 1.826 1.945 2.227 2.585 2.806 2.951 3.053 3.161 3.282 3.361 3.420 3.459 3.386 3.279 3.271 3.355 3.241 3.215 3.059 0.000 
5.750 3.980 0.436 1.025 1.318 1.724 1.847 2.125 2.469 2.680 2.825 2.925 3.030 3.151 3.233 3.299 3.348 3.287 3.191 3.185 3.264 3.152 3.106 2.947 0.000 
5.750 5.010 0.361 0.945 1.227 1.617 1.745 2.019 2.349 2.551 2.694 2.793 2.896 3.015 3.100 3.173 3.231 3.182 3.097 3.093 3.166 3.057 2.991 2.830 0.000 
5.750 6.310 0.282 0.861 1.131 1.507 1.639 1.909 2.226 2.418 2.560 2.656 2.757 2.874 2.963 3.042 3.109 3.070 2.997 2.994 3.062 2.955 2.869 2.707 0.000 
5.750 7.940 0.199 0.772 1.031 1.394 1.530 1.796 2.100 2.282 2.422 2.517 2.616 2.731 2.821 2.906 2.981 2.953 2.891 2.889 2.951 2.847 2.741 2.578 0.000 
5.750 10.000 0.112 0.678 0.928 1.278 1.418 1.680 1.970 2.144 2.282 2.374 2.471 2.584 2.676 2.766 2.849 2.830 2.778 2.777 2.834 2.732 2.607 2.444 0.000 
5.750 12.590 0.022 0.580 0.822 1.159 1.304 1.562 1.839 2.003 2.138 2.229 2.323 2.434 2.528 2.621 2.711 2.701 2.660 2.659 2.711 2.610 2.467 2.304 0.000 
5.750 15.850 -0.070 0.479 0.712 1.039 1.187 1.441 1.704 1.860 1.992 2.081 2.173 2.281 2.376 2.474 2.570 2.567 2.536 2.535 2.580 2.481 2.322 2.160 0.000 
5.750 19.950 -0.166 0.374 0.600 0.916 1.067 1.318 1.568 1.715 1.844 1.931 2.021 2.126 2.222 2.322 2.424 2.429 2.406 2.405 2.444 2.345 2.171 2.010 0.000 
5.750 25.120 -0.264 0.266 0.486 0.791 0.946 1.194 1.430 1.567 1.693 1.779 1.867 1.969 2.065 2.167 2.274 2.285 2.271 2.268 2.301 2.203 2.013 1.855 0.000 
5.750 31.620 -0.365 0.155 0.369 0.665 0.823 1.067 1.289 1.418 1.540 1.624 1.710 1.808 1.904 2.009 2.119 2.135 2.130 2.125 2.150 2.052 1.850 1.696 0.000 
5.750 39.810 -0.468 0.040 0.249 0.536 0.697 0.938 1.146 1.267 1.384 1.467 1.550 1.645 1.741 1.847 1.960 1.980 1.982 1.975 1.992 1.894 1.679 1.530 0.000 
5.750 50.120 -0.574 -0.077 0.127 0.406 0.569 0.806 1.001 1.113 1.226 1.307 1.388 1.480 1.574 1.680 1.796 1.818 1.827 1.817 1.826 1.726 1.501 1.358 0.000 
5.750 63.100 -0.683 -0.199 0.002 0.273 0.439 0.672 0.852 0.956 1.065 1.143 1.222 1.310 1.404 1.509 1.626 1.650 1.664 1.649 1.649 1.547 1.314 1.178 0.000 
5.750 79.430 -0.797 -0.325 -0.126 0.138 0.305 0.535 0.700 0.796 0.900 0.976 1.053 1.136 1.228 1.333 1.449 1.472 1.491 1.471 1.460 1.355 1.116 0.989 0.000 
5.750 100.000 -0.915 -0.455 -0.259 0.000 0.168 0.393 0.543 0.631 0.731 0.805 0.878 0.957 1.047 1.149 1.263 1.284 1.306 1.279 1.257 1.148 0.904 0.788 0.000 
5.750 125.890 -1.038 -0.592 -0.396 -0.142 0.026 0.247 0.381 0.462 0.557 0.627 0.698 0.772 0.859 0.958 1.067 1.083 1.107 1.071 1.036 0.921 0.677 0.575 0.000 
5.750 158.490 -1.169 -0.736 -0.540 -0.288 -0.122 0.094 0.212 0.287 0.375 0.443 0.511 0.580 0.663 0.756 0.859 0.867 0.890 0.844 0.794 0.671 0.429 0.344 0.000 
5.750 199.530 -1.309 -0.889 -0.690 -0.440 -0.277 -0.066 0.035 0.103 0.186 0.250 0.314 0.377 0.456 0.541 0.634 0.631 0.651 0.591 0.525 0.391 0.156 0.092 0.000 
5.750 251.190 -1.459 -1.053 -0.850 -0.599 -0.440 -0.235 -0.153 -0.090 -0.014 0.047 0.106 0.163 0.236 0.311 0.390 0.371 0.384 0.308 0.221 0.075 -0.148 -0.186 0.000 
5.750 316.230 -1.624 -1.231 -1.022 -0.766 -0.615 -0.416 -0.354 -0.295 -0.226 -0.171 -0.115 -0.067 -0.000 0.061 0.121 0.080 0.083 -0.014 -0.124 -0.288 -0.492 -0.497 0.000 
5.750 398.110 -1.806 -1.427 -1.208 -0.944 -0.803 -0.612 -0.571 -0.515 -0.455 -0.405 -0.355 -0.316 -0.258 -0.214 -0.179 -0.249 -0.262 -0.384 -0.523 -0.709 -0.884 -0.850 0.000 
5.750 501.190 -2.010 -1.644 -1.411 -1.136 -1.009 -0.827 -0.809 -0.754 -0.704 -0.661 -0.617 -0.588 -0.541 -0.521 -0.518 -0.626 -0.661 -0.816 -0.988 -1.202 -1.339 -1.254 0.000 
5.750 630.960 -2.241 -1.890 -1.638 -1.345 -1.236 -1.065 -1.073 -1.017 -0.979 -0.944 -0.907 -0.890 -0.857 -0.866 -0.906 -1.063 -1.129 -1.324 -1.537 -1.787 -1.872 -1.725 0.000 
5.750 794.330 -2.507 -2.169 -1.893 -1.575 -1.491 -1.332 -1.370 -1.311 -1.286 -1.260 -1.233 -1.231 -1.215 -1.261 -1.355 -1.577 -1.683 -1.928 -2.192 -2.486 -2.503 -2.277 0.000 
5.750 1000.000 -2.817 -2.493 -2.184 -1.833 -1.780 -1.636 -1.707 -1.643 -1.633 -1.620 -1.603 -1.618 -1.624 -1.718 -1.883 -2.186 -2.346 -2.653 -2.980 -3.331 -3.257 -2.933 0.000 
6.000 1.000 0.891 1.490 1.878 2.394 2.489 2.793 3.209 3.473 3.600 3.709 3.824 3.940 3.983 3.998 3.977 3.838 3.665 3.644 3.746 3.614 3.690 3.550 0.000 
6.000 1.260 0.853 1.451 1.826 2.325 2.424 2.724 3.126 3.380 3.508 3.614 3.727 3.843 3.890 3.912 3.900 3.771 3.609 3.588 3.685 3.555 3.614 3.473 0.000 
6.000 1.580 0.810 1.406 1.769 2.250 2.354 2.649 3.037 3.281 3.410 3.514 3.625 3.739 3.791 3.820 3.818 3.699 3.549 3.529 3.621 3.493 3.533 3.391 0.000 
6.000 2.000 0.763 1.356 1.706 2.169 2.278 2.568 2.943 3.177 3.306 3.408 3.516 3.630 3.687 3.723 3.730 3.623 3.484 3.465 3.552 3.427 3.448 3.304 0.000 
6.000 2.510 0.710 1.301 1.637 2.083 2.196 2.481 2.843 3.067 3.197 3.296 3.402 3.515 3.577 3.620 3.637 3.541 3.414 3.397 3.479 3.356 3.357 3.212 0.000 
6.000 3.160 0.652 1.239 1.562 1.991 2.109 2.389 2.738 2.951 3.082 3.179 3.282 3.394 3.461 3.511 3.538 3.454 3.338 3.323 3.400 3.279 3.261 3.113 0.000 
6.000 3.980 0.588 1.172 1.482 1.894 2.017 2.292 2.627 2.831 2.961 3.056 3.157 3.268 3.339 3.396 3.433 3.360 3.257 3.243 3.315 3.197 3.158 3.009 0.000 
6.000 5.010 0.519 1.099 1.396 1.792 1.919 2.190 2.512 2.706 2.836 2.929 3.027 3.137 3.211 3.275 3.322 3.261 3.169 3.157 3.224 3.109 3.049 2.898 0.000 
6.000 6.310 0.446 1.021 1.305 1.686 1.818 2.084 2.393 2.577 2.706 2.797 2.893 3.001 3.079 3.149 3.205 3.155 3.074 3.064 3.127 3.014 2.934 2.781 0.000 
6.000 7.940 0.367 0.936 1.210 1.576 1.712 1.974 2.270 2.445 2.572 2.661 2.754 2.861 2.942 3.018 3.082 3.043 2.974 2.965 3.022 2.912 2.812 2.658 0.000 
6.000 10.000 0.285 0.847 1.110 1.463 1.603 1.861 2.143 2.309 2.434 2.522 2.613 2.718 2.801 2.882 2.954 2.924 2.866 2.859 2.911 2.803 2.684 2.529 0.000 
6.000 12.590 0.199 0.754 1.007 1.347 1.491 1.745 2.014 2.170 2.294 2.379 2.468 2.571 2.656 2.741 2.821 2.800 2.753 2.747 2.793 2.687 2.549 2.394 0.000 
6.000 15.850 0.109 0.656 0.900 1.228 1.376 1.627 1.882 2.029 2.150 2.234 2.320 2.420 2.507 2.596 2.682 2.670 2.633 2.627 2.668 2.564 2.408 2.253 0.000 
6.000 19.950 0.016 0.554 0.791 1.107 1.259 1.506 1.747 1.885 2.003 2.085 2.170 2.267 2.355 2.447 2.539 2.535 2.507 2.501 2.536 2.433 2.260 2.107 0.000 
6.000 25.120 -0.080 0.448 0.678 0.984 1.139 1.382 1.610 1.739 1.854 1.934 2.016 2.111 2.199 2.294 2.392 2.393 2.375 2.368 2.396 2.294 2.107 1.956 0.000 
6.000 31.620 -0.179 0.339 0.563 0.858 1.017 1.257 1.471 1.591 1.703 1.781 1.861 1.952 2.041 2.138 2.239 2.246 2.236 2.228 2.249 2.148 1.946 1.798 0.000 
6.000 39.810 -0.280 0.227 0.444 0.731 0.892 1.128 1.329 1.440 1.548 1.625 1.702 1.790 1.879 1.977 2.082 2.093 2.091 2.081 2.094 1.992 1.778 1.635 0.000 
6.000 50.120 -0.385 0.110 0.323 0.601 0.765 0.998 1.184 1.287 1.391 1.465 1.541 1.625 1.713 1.812 1.919 1.933 1.938 1.924 1.930 1.827 1.602 1.464 0.000 
6.000 63.100 -0.494 -0.010 0.199 0.469 0.635 0.864 1.036 1.131 1.230 1.303 1.376 1.456 1.543 1.642 1.750 1.766 1.776 1.759 1.755 1.650 1.416 1.285 0.000 
6.000 79.430 -0.606 -0.135 0.071 0.334 0.502 0.727 0.884 0.971 1.066 1.136 1.207 1.283 1.368 1.466 1.574 1.589 1.605 1.582 1.568 1.460 1.219 1.097 0.000 
6.000 100.000 -0.723 -0.265 -0.061 0.197 0.365 0.586 0.727 0.807 0.897 0.965 1.033 1.105 1.188 1.283 1.389 1.402 1.421 1.391 1.366 1.254 1.008 0.898 0.000 
6.000 125.890 -0.847 -0.401 -0.198 0.055 0.223 0.440 0.565 0.638 0.723 0.788 0.853 0.920 1.000 1.092 1.193 1.202 1.222 1.184 1.147 1.028 0.782 0.685 0.000 
6.000 158.490 -0.977 -0.544 -0.341 -0.091 0.076 0.287 0.397 0.463 0.542 0.604 0.665 0.727 0.804 0.890 0.985 0.986 1.006 0.957 0.905 0.779 0.535 0.455 0.000 
6.000 199.530 -1.116 -0.697 -0.491 -0.242 -0.079 0.127 0.220 0.280 0.353 0.411 0.469 0.525 0.598 0.676 0.761 0.751 0.767 0.706 0.636 0.500 0.262 0.203 0.000 
6.000 251.190 -1.267 -0.861 -0.651 -0.401 -0.242 -0.042 0.032 0.087 0.153 0.208 0.262 0.311 0.378 0.446 0.517 0.491 0.501 0.423 0.334 0.184 -0.042 -0.074 0.000 
6.000 316.230 -1.431 -1.039 -0.822 -0.568 -0.417 -0.223 -0.168 -0.118 -0.059 -0.009 0.040 0.081 0.142 0.196 0.249 0.201 0.200 0.101 -0.011 -0.178 -0.385 -0.385 0.000 
6.000 398.110 -1.613 -1.234 -1.008 -0.747 -0.605 -0.419 -0.386 -0.338 -0.288 -0.244 -0.200 -0.167 -0.116 -0.079 -0.051 -0.128 -0.145 -0.269 -0.410 -0.598 -0.777 -0.738 0.000 
6.000 501.190 -1.817 -1.451 -1.212 -0.938 -0.810 -0.633 -0.623 -0.577 -0.537 -0.499 -0.462 -0.440 -0.399 -0.385 -0.390 -0.505 -0.544 -0.700 -0.875 -1.091 -1.232 -1.142 0.000 
6.000 630.960 -2.048 -1.696 -1.438 -1.147 -1.038 -0.871 -0.887 -0.840 -0.811 -0.782 -0.752 -0.742 -0.715 -0.730 -0.778 -0.942 -1.011 -1.207 -1.424 -1.676 -1.764 -1.612 0.000 
6.000 794.330 -2.314 -1.976 -1.693 -1.378 -1.292 -1.138 -1.184 -1.134 -1.118 -1.098 -1.078 -1.082 -1.072 -1.125 -1.227 -1.456 -1.565 -1.811 -2.079 -2.375 -2.395 -2.165 0.000 
6.000 1000.000 -2.624 -2.300 -1.984 -1.635 -1.581 -1.443 -1.522 -1.466 -1.465 -1.458 -1.447 -1.469 -1.481 -1.582 -1.755 -2.065 -2.228 -2.537 -2.866 -3.220 -3.149 -2.821 0.000 
6.250 1.000 1.002 1.596 1.998 2.521 2.613 2.916 3.321 3.580 3.691 3.796 3.908 4.016 4.048 4.059 4.031 3.885 3.705 3.677 3.772 3.634 3.713 3.578 0.000 
6.250 1.260 0.969 1.561 1.952 2.458 2.555 2.852 3.245 3.494 3.606 3.708 3.818 3.924 3.961 3.978 3.958 3.821 3.653 3.625 3.715 3.579 3.641 3.505 0.000 
6.250 1.580 0.932 1.522 1.901 2.389 2.491 2.784 3.163 3.402 3.515 3.615 3.722 3.828 3.868 3.892 3.881 3.754 3.596 3.569 3.655 3.520 3.565 3.428 0.000 
6.250 2.000 0.890 1.478 1.844 2.315 2.422 2.709 3.076 3.304 3.418 3.515 3.620 3.725 3.771 3.800 3.799 3.682 3.536 3.510 3.590 3.459 3.484 3.347 0.000 
6.250 2.510 0.843 1.429 1.781 2.234 2.346 2.629 2.982 3.200 3.315 3.410 3.512 3.617 3.667 3.703 3.712 3.606 3.471 3.446 3.522 3.393 3.399 3.261 0.000 
6.250 3.160 0.791 1.374 1.713 2.149 2.265 2.543 2.883 3.091 3.207 3.300 3.399 3.503 3.558 3.601 3.619 3.524 3.401 3.378 3.449 3.322 3.309 3.169 0.000 
6.250 3.980 0.734 1.314 1.639 2.057 2.179 2.451 2.778 2.976 3.092 3.183 3.280 3.383 3.442 3.492 3.520 3.436 3.325 3.304 3.370 3.246 3.213 3.071 0.000 
6.250 5.010 0.672 1.247 1.559 1.960 2.087 2.355 2.669 2.856 2.973 3.062 3.155 3.257 3.321 3.377 3.414 3.343 3.243 3.224 3.285 3.164 3.111 2.967 0.000 
6.250 6.310 0.604 1.175 1.474 1.859 1.990 2.253 2.554 2.732 2.848 2.935 3.026 3.127 3.194 3.257 3.303 3.242 3.155 3.138 3.195 3.076 3.002 2.857 0.000 
6.250 7.940 0.531 1.097 1.383 1.753 1.889 2.148 2.435 2.603 2.719 2.803 2.892 2.991 3.063 3.131 3.186 3.136 3.060 3.045 3.097 2.981 2.887 2.740 0.000 
6.250 10.000 0.454 1.013 1.288 1.643 1.783 2.038 2.312 2.471 2.585 2.668 2.754 2.851 2.926 2.999 3.062 3.023 2.959 2.945 2.992 2.878 2.764 2.616 0.000 
6.250 12.590 0.372 0.924 1.189 1.530 1.674 1.925 2.186 2.335 2.448 2.528 2.612 2.708 2.784 2.862 2.933 2.903 2.850 2.838 2.880 2.769 2.635 2.487 0.000 
6.250 15.850 0.286 0.830 1.085 1.414 1.562 1.809 2.056 2.196 2.307 2.386 2.467 2.560 2.639 2.721 2.799 2.778 2.735 2.724 2.760 2.651 2.499 2.351 0.000 
6.250 19.950 0.196 0.732 0.978 1.295 1.447 1.690 1.924 2.055 2.163 2.240 2.319 2.410 2.490 2.575 2.659 2.646 2.614 2.603 2.633 2.526 2.356 2.209 0.000 
6.250 25.120 0.103 0.630 0.868 1.173 1.329 1.568 1.788 1.910 2.015 2.091 2.168 2.255 2.337 2.425 2.514 2.508 2.485 2.474 2.498 2.392 2.206 2.061 0.000 
6.250 31.620 0.007 0.523 0.754 1.049 1.208 1.444 1.650 1.763 1.865 1.939 2.013 2.098 2.180 2.270 2.364 2.364 2.350 2.338 2.355 2.250 2.049 1.906 0.000 
6.250 39.810 -0.093 0.412 0.638 0.923 1.085 1.317 1.509 1.614 1.712 1.784 1.856 1.938 2.019 2.111 2.209 2.213 2.207 2.193 2.203 2.098 1.884 1.745 0.000 
6.250 50.120 -0.197 0.298 0.518 0.794 0.958 1.187 1.365 1.462 1.556 1.625 1.695 1.774 1.855 1.948 2.048 2.055 2.056 2.040 2.042 1.935 1.710 1.577 0.000 
6.250 63.100 -0.304 0.179 0.394 0.663 0.829 1.054 1.218 1.306 1.396 1.464 1.531 1.606 1.686 1.779 1.880 1.889 1.896 1.876 1.870 1.761 1.526 1.400 0.000 
6.250 79.430 -0.415 0.055 0.267 0.529 0.697 0.917 1.067 1.147 1.233 1.298 1.363 1.433 1.512 1.604 1.705 1.714 1.726 1.701 1.684 1.573 1.331 1.213 0.000 
6.250 100.000 -0.532 -0.074 0.136 0.391 0.560 0.777 0.911 0.983 1.065 1.127 1.189 1.255 1.333 1.422 1.521 1.528 1.544 1.512 1.484 1.369 1.122 1.015 0.000 
6.250 125.890 -0.654 -0.209 -0.000 0.250 0.419 0.631 0.749 0.815 0.891 0.951 1.010 1.071 1.146 1.231 1.326 1.329 1.346 1.306 1.266 1.145 0.896 0.803 0.000 
6.250 158.490 -0.784 -0.352 -0.143 0.105 0.272 0.479 0.581 0.640 0.710 0.767 0.823 0.879 0.950 1.030 1.119 1.114 1.131 1.081 1.026 0.897 0.650 0.574 0.000 
6.250 199.530 -0.923 -0.504 -0.293 -0.047 0.117 0.319 0.404 0.457 0.521 0.575 0.627 0.677 0.744 0.816 0.895 0.879 0.893 0.830 0.758 0.619 0.378 0.323 0.000 
6.250 251.190 -1.073 -0.667 -0.453 -0.205 -0.046 0.150 0.217 0.264 0.322 0.371 0.419 0.463 0.524 0.587 0.651 0.620 0.627 0.548 0.456 0.304 0.075 0.046 0.000 
6.250 316.230 -1.237 -0.845 -0.624 -0.372 -0.220 -0.031 0.016 0.060 0.110 0.154 0.198 0.233 0.288 0.337 0.383 0.329 0.326 0.227 0.111 -0.058 -0.268 -0.265 0.000 
6.250 398.110 -1.419 -1.040 -0.809 -0.550 -0.408 -0.227 -0.201 -0.161 -0.119 -0.080 -0.042 -0.015 0.031 0.062 0.083 0.001 -0.018 -0.143 -0.287 -0.477 -0.660 -0.617 0.000 
6.250 501.190 -1.623 -1.257 -1.013 -0.742 -0.614 -0.441 -0.438 -0.400 -0.368 -0.335 -0.304 -0.287 -0.252 -0.244 -0.255 -0.376 -0.417 -0.574 -0.751 -0.970 -1.114 -1.021 0.000 
6.250 630.960 -1.854 -1.502 -1.239 -0.951 -0.841 -0.679 -0.702 -0.663 -0.642 -0.618 -0.594 -0.589 -0.568 -0.589 -0.643 -0.813 -0.884 -1.081 -1.300 -1.554 -1.646 -1.491 0.000 
6.250 794.330 -2.120 -1.782 -1.494 -1.181 -1.095 -0.946 -0.999 -0.956 -0.949 -0.935 -0.919 -0.929 -0.925 -0.984 -1.092 -1.326 -1.438 -1.685 -1.954 -2.253 -2.277 -2.043 0.000 
6.250 1000.000 -2.429 -2.105 -1.785 -1.439 -1.384 -1.250 -1.337 -1.288 -1.296 -1.294 -1.289 -1.317 -1.334 -1.441 -1.619 -1.935 -2.100 -2.410 -2.742 -3.097 -3.030 -2.699 0.000 
6.500 1.000 1.110 1.698 2.112 2.640 2.729 3.030 3.426 3.680 3.777 3.878 3.988 4.088 4.111 4.121 4.089 3.937 3.752 3.716 3.806 3.663 3.743 3.609 0.000 
6.500 1.260 1.081 1.667 2.071 2.582 2.677 2.972 3.356 3.600 3.697 3.796 3.904 4.003 4.029 4.044 4.020 3.877 3.702 3.667 3.752 3.610 3.674 3.541 0.000 
6.500 1.580 1.048 1.633 2.025 2.520 2.619 2.910 3.281 3.514 3.612 3.709 3.814 3.912 3.943 3.963 3.947 3.813 3.649 3.615 3.695 3.555 3.602 3.468 0.000 
6.500 2.000 1.011 1.595 1.974 2.452 2.556 2.842 3.200 3.423 3.522 3.617 3.719 3.816 3.851 3.877 3.869 3.746 3.593 3.560 3.634 3.497 3.526 3.392 0.000 
6.500 2.510 0.970 1.551 1.918 2.378 2.488 2.768 3.113 3.326 3.427 3.519 3.618 3.715 3.754 3.786 3.787 3.674 3.532 3.501 3.570 3.435 3.446 3.311 0.000 
6.500 3.160 0.925 1.503 1.856 2.298 2.413 2.689 3.021 3.224 3.325 3.415 3.511 3.607 3.651 3.689 3.700 3.597 3.467 3.437 3.502 3.369 3.361 3.225 0.000 
6.500 3.980 0.874 1.449 1.789 2.213 2.333 2.603 2.923 3.115 3.217 3.305 3.399 3.494 3.543 3.587 3.607 3.515 3.397 3.369 3.429 3.299 3.271 3.134 0.000 
6.500 5.010 0.818 1.389 1.715 2.122 2.247 2.512 2.819 3.001 3.104 3.190 3.280 3.375 3.428 3.479 3.508 3.427 3.321 3.295 3.350 3.223 3.175 3.037 0.000 
6.500 6.310 0.756 1.323 1.636 2.025 2.155 2.416 2.710 2.882 2.985 3.069 3.156 3.250 3.308 3.364 3.402 3.333 3.239 3.215 3.266 3.141 3.073 2.933 0.000 
6.500 7.940 0.689 1.251 1.551 1.924 2.059 2.315 2.595 2.758 2.861 2.942 3.028 3.120 3.182 3.244 3.290 3.232 3.150 3.128 3.174 3.052 2.964 2.823 0.000 
6.500 10.000 0.617 1.174 1.461 1.818 1.958 2.210 2.477 2.630 2.733 2.811 2.894 2.984 3.050 3.117 3.172 3.124 3.054 3.035 3.076 2.957 2.849 2.706 0.000 
6.500 12.590 0.541 1.090 1.366 1.709 1.852 2.100 2.354 2.497 2.599 2.676 2.756 2.845 2.913 2.985 3.048 3.010 2.951 2.934 2.971 2.854 2.726 2.582 0.000 
6.500 15.850 0.459 1.001 1.266 1.595 1.743 1.987 2.228 2.361 2.462 2.537 2.614 2.701 2.772 2.848 2.918 2.889 2.842 2.825 2.857 2.743 2.595 2.452 0.000 
6.500 19.950 0.374 0.907 1.162 1.479 1.631 1.870 2.098 2.222 2.321 2.393 2.469 2.553 2.626 2.706 2.782 2.762 2.725 2.709 2.736 2.623 2.458 2.314 0.000 
6.500 25.120 0.284 0.808 1.055 1.359 1.515 1.751 1.964 2.080 2.176 2.247 2.320 2.401 2.476 2.559 2.641 2.628 2.601 2.586 2.606 2.495 2.312 2.171 0.000 
6.500 31.620 0.190 0.705 0.943 1.237 1.396 1.628 1.828 1.935 2.028 2.097 2.167 2.246 2.322 2.407 2.494 2.487 2.469 2.453 2.468 2.358 2.159 2.020 0.000 
6.500 39.810 0.093 0.597 0.829 1.112 1.274 1.502 1.688 1.787 1.877 1.943 2.011 2.087 2.163 2.250 2.341 2.339 2.329 2.313 2.320 2.210 1.997 1.862 0.000 
6.500 50.120 -0.009 0.485 0.710 0.985 1.149 1.374 1.546 1.635 1.722 1.787 1.852 1.925 2.000 2.088 2.182 2.183 2.181 2.162 2.162 2.052 1.826 1.696 0.000 
6.500 63.100 -0.114 0.368 0.588 0.854 1.021 1.242 1.399 1.481 1.563 1.626 1.689 1.758 1.833 1.921 2.015 2.019 2.024 2.001 1.992 1.881 1.645 1.521 0.000 
6.500 79.430 -0.224 0.245 0.462 0.721 0.889 1.106 1.249 1.322 1.401 1.461 1.521 1.586 1.660 1.747 1.842 1.846 1.855 1.829 1.810 1.696 1.452 1.336 0.000 
6.500 100.000 -0.340 0.118 0.332 0.584 0.753 0.966 1.093 1.159 1.233 1.291 1.348 1.409 1.481 1.566 1.659 1.661 1.674 1.641 1.612 1.494 1.244 1.140 0.000 
6.500 125.890 -0.462 -0.017 0.196 0.444 0.612 0.820 0.932 0.991 1.060 1.115 1.169 1.225 1.295 1.376 1.465 1.463 1.478 1.437 1.395 1.272 1.020 0.929 0.000 
6.500 158.490 -0.591 -0.159 0.054 0.298 0.465 0.669 0.765 0.816 0.880 0.932 0.983 1.033 1.100 1.176 1.258 1.249 1.264 1.213 1.156 1.025 0.775 0.700 0.000 
6.500 199.530 -0.729 -0.310 -0.096 0.147 0.312 0.509 0.588 0.634 0.691 0.740 0.787 0.832 0.894 0.962 1.035 1.015 1.027 0.963 0.889 0.748 0.504 0.450 0.000 
6.500 251.190 -0.879 -0.473 -0.255 -0.011 0.149 0.340 0.401 0.442 0.492 0.537 0.580 0.618 0.675 0.733 0.792 0.756 0.762 0.681 0.588 0.434 0.202 0.173 0.000 
6.500 316.230 -1.043 -0.650 -0.425 -0.178 -0.025 0.160 0.201 0.237 0.280 0.320 0.359 0.389 0.439 0.483 0.524 0.466 0.462 0.361 0.244 0.073 -0.141 -0.137 0.000 
6.500 398.110 -1.224 -0.845 -0.611 -0.356 -0.213 -0.036 -0.016 0.017 0.052 0.086 0.119 0.141 0.182 0.209 0.225 0.138 0.118 -0.008 -0.153 -0.346 -0.532 -0.488 0.000 
6.500 501.190 -1.427 -1.062 -0.814 -0.547 -0.418 -0.250 -0.254 -0.222 -0.197 -0.169 -0.142 -0.131 -0.101 -0.097 -0.114 -0.238 -0.281 -0.438 -0.617 -0.838 -0.986 -0.892 0.000 
6.500 630.960 -1.658 -1.307 -1.040 -0.756 -0.646 -0.488 -0.518 -0.485 -0.471 -0.452 -0.432 -0.433 -0.416 -0.442 -0.501 -0.675 -0.748 -0.945 -1.166 -1.422 -1.518 -1.362 0.000 
6.500 794.330 -1.924 -1.586 -1.295 -0.986 -0.900 -0.755 -0.814 -0.778 -0.778 -0.768 -0.758 -0.773 -0.773 -0.837 -0.950 -1.188 -1.301 -1.549 -1.820 -2.121 -2.148 -1.914 0.000 
6.500 1000.000 -2.233 -1.909 -1.586 -1.244 -1.189 -1.059 -1.152 -1.110 -1.125 -1.127 -1.128 -1.160 -1.182 -1.293 -1.477 -1.797 -1.964 -2.274 -2.607 -2.964 -2.902 -2.570 0.000 
6.750 1.000 1.214 1.797 2.220 2.751 2.838 3.136 3.524 3.774 3.857 3.956 4.065 4.159 4.173 4.184 4.150 3.995 3.805 3.764 3.849 3.700 3.780 3.646 0.000 
6.750 1.260 1.189 1.770 2.183 2.699 2.790 3.084 3.460 3.699 3.783 3.879 3.985 4.078 4.096 4.111 4.084 3.938 3.757 3.717 3.796 3.649 3.714 3.580 0.000 
6.750 1.580 1.160 1.740 2.142 2.642 2.739 3.028 3.391 3.620 3.704 3.798 3.902 3.993 4.015 4.034 4.015 3.877 3.708 3.667 3.742 3.596 3.645 3.512 0.000 
6.750 2.000 1.128 1.706 2.097 2.580 2.682 2.966 3.316 3.535 3.620 3.712 3.813 3.903 3.929 3.953 3.942 3.814 3.655 3.615 3.685 3.541 3.573 3.440 0.000 
6.750 2.510 1.092 1.668 2.047 2.512 2.620 2.899 3.236 3.445 3.531 3.621 3.719 3.808 3.838 3.868 3.865 3.746 3.598 3.560 3.624 3.483 3.497 3.364 0.000 
6.750 3.160 1.052 1.626 1.992 2.439 2.552 2.826 3.151 3.349 3.437 3.524 3.619 3.708 3.742 3.777 3.783 3.674 3.538 3.501 3.560 3.422 3.418 3.283 0.000 
6.750 3.980 1.007 1.578 1.931 2.360 2.478 2.747 3.059 3.247 3.336 3.421 3.513 3.601 3.640 3.681 3.695 3.597 3.473 3.438 3.492 3.356 3.333 3.198 0.000 
6.750 5.010 0.958 1.525 1.864 2.275 2.398 2.662 2.961 3.140 3.230 3.312 3.401 3.488 3.532 3.579 3.602 3.514 3.402 3.369 3.419 3.286 3.243 3.107 0.000 
6.750 6.310 0.902 1.465 1.791 2.184 2.313 2.572 2.858 3.026 3.117 3.198 3.283 3.370 3.419 3.471 3.502 3.426 3.325 3.295 3.340 3.210 3.147 3.010 0.000 
6.750 7.940 0.842 1.400 1.712 2.088 2.222 2.476 2.750 2.908 2.999 3.077 3.160 3.246 3.299 3.356 3.396 3.331 3.242 3.214 3.255 3.128 3.045 2.906 0.000 
6.750 10.000 0.776 1.329 1.627 1.987 2.125 2.375 2.636 2.784 2.876 2.952 3.032 3.116 3.173 3.236 3.284 3.229 3.153 3.127 3.164 3.039 2.936 2.796 0.000 
6.750 12.590 0.705 1.251 1.537 1.882 2.024 2.270 2.518 2.656 2.747 2.821 2.898 2.981 3.042 3.109 3.165 3.120 3.056 3.032 3.065 2.942 2.819 2.679 0.000 
6.750 15.850 0.629 1.168 1.442 1.772 1.919 2.160 2.395 2.524 2.614 2.686 2.760 2.841 2.905 2.976 3.040 3.005 2.952 2.930 2.958 2.838 2.695 2.554 0.000 
6.750 19.950 0.547 1.079 1.342 1.659 1.810 2.047 2.268 2.387 2.477 2.546 2.618 2.697 2.763 2.838 2.909 2.882 2.840 2.820 2.842 2.725 2.563 2.423 0.000 
6.750 25.120 0.462 0.984 1.238 1.542 1.697 1.930 2.137 2.248 2.335 2.402 2.472 2.548 2.616 2.695 2.771 2.752 2.721 2.702 2.718 2.603 2.423 2.284 0.000 
6.750 31.620 0.372 0.885 1.130 1.422 1.580 1.809 2.003 2.105 2.190 2.255 2.322 2.395 2.465 2.546 2.627 2.615 2.593 2.574 2.585 2.471 2.275 2.137 0.000 
6.750 39.810 0.277 0.780 1.017 1.298 1.460 1.685 1.866 1.958 2.040 2.104 2.168 2.239 2.309 2.392 2.477 2.470 2.458 2.438 2.442 2.329 2.117 1.983 0.000 
6.750 50.120 0.178 0.670 0.901 1.172 1.337 1.558 1.724 1.808 1.887 1.948 2.010 2.078 2.148 2.232 2.320 2.318 2.313 2.291 2.288 2.175 1.949 1.820 0.000 
6.750 63.100 0.075 0.555 0.781 1.043 1.210 1.427 1.579 1.655 1.730 1.789 1.848 1.912 1.983 2.066 2.156 2.156 2.158 2.134 2.122 2.008 1.771 1.648 0.000 
6.750 79.430 -0.034 0.435 0.656 0.911 1.079 1.292 1.430 1.497 1.569 1.625 1.682 1.742 1.811 1.894 1.984 1.985 1.992 1.964 1.943 1.826 1.580 1.466 0.000 
6.750 100.000 -0.148 0.309 0.527 0.775 0.944 1.153 1.275 1.335 1.402 1.456 1.510 1.566 1.634 1.714 1.803 1.802 1.813 1.779 1.747 1.627 1.375 1.271 0.000 
6.750 125.890 -0.269 0.176 0.392 0.635 0.804 1.008 1.115 1.167 1.230 1.281 1.331 1.383 1.448 1.526 1.610 1.605 1.618 1.577 1.533 1.407 1.152 1.061 0.000 
6.750 158.490 -0.397 0.035 0.250 0.490 0.657 0.857 0.947 0.993 1.050 1.098 1.146 1.192 1.254 1.326 1.404 1.392 1.405 1.353 1.295 1.162 0.909 0.834 0.000 
6.750 199.530 -0.535 -0.116 0.101 0.339 0.504 0.698 0.771 0.811 0.862 0.907 0.950 0.990 1.049 1.113 1.182 1.159 1.169 1.105 1.030 0.887 0.639 0.585 0.000 
6.750 251.190 -0.684 -0.278 -0.057 0.181 0.341 0.529 0.584 0.619 0.664 0.704 0.744 0.777 0.830 0.884 0.939 0.900 0.905 0.825 0.730 0.574 0.338 0.309 0.000 
6.750 316.230 -0.847 -0.455 -0.228 0.015 0.168 0.349 0.384 0.415 0.452 0.488 0.522 0.548 0.595 0.635 0.672 0.611 0.605 0.505 0.387 0.214 -0.004 -0.000 0.000 
6.750 398.110 -1.028 -0.649 -0.413 -0.163 -0.020 0.153 0.168 0.195 0.224 0.254 0.283 0.300 0.338 0.361 0.373 0.284 0.262 0.137 -0.009 -0.204 -0.395 -0.351 0.000 
6.750 501.190 -1.231 -0.866 -0.616 -0.354 -0.225 -0.061 -0.070 -0.044 -0.025 -0.001 0.022 0.028 0.055 0.056 0.035 -0.092 -0.136 -0.293 -0.473 -0.695 -0.848 -0.755 0.000 
6.750 630.960 -1.462 -1.110 -0.842 -0.563 -0.452 -0.298 -0.333 -0.307 -0.299 -0.284 -0.268 -0.273 -0.260 -0.289 -0.352 -0.529 -0.603 -0.800 -1.021 -1.278 -1.380 -1.224 0.000 
6.750 794.330 -1.727 -1.390 -1.097 -0.793 -0.706 -0.565 -0.630 -0.600 -0.606 -0.600 -0.593 -0.613 -0.617 -0.684 -0.801 -1.042 -1.156 -1.403 -1.675 -1.977 -2.010 -1.776 0.000 
6.750 1000.000 -2.036 -1.713 -1.387 -1.050 -0.995 -0.869 -0.967 -0.932 -0.953 -0.959 -0.963 -1.000 -1.026 -1.140 -1.328 -1.650 -1.818 -2.128 -2.461 -2.820 -2.763 -2.432 0.000 
7.000 1.000 1.317 1.893 2.323 2.856 2.939 3.236 3.616 3.862 3.934 4.030 4.138 4.227 4.236 4.249 4.215 4.060 3.865 3.819 3.899 3.746 3.825 3.688 0.000 
7.000 1.260 1.294 1.870 2.290 2.808 2.897 3.189 3.556 3.793 3.864 3.958 4.064 4.151 4.162 4.179 4.152 4.004 3.820 3.774 3.849 3.697 3.761 3.624 0.000 
7.000 1.580 1.269 1.843 2.254 2.757 2.850 3.138 3.493 3.719 3.791 3.883 3.986 4.071 4.085 4.107 4.086 3.947 3.772 3.727 3.796 3.646 3.695 3.559 0.000 
7.000 2.000 1.241 1.814 2.214 2.700 2.799 3.082 3.424 3.640 3.713 3.803 3.903 3.987 4.005 4.030 4.017 3.886 3.722 3.678 3.742 3.594 3.626 3.491 0.000 
7.000 2.510 1.210 1.780 2.169 2.639 2.743 3.021 3.351 3.557 3.630 3.718 3.815 3.898 3.920 3.950 3.944 3.822 3.669 3.626 3.685 3.539 3.554 3.419 0.000 
7.000 3.160 1.175 1.743 2.120 2.572 2.681 2.954 3.272 3.467 3.542 3.627 3.721 3.804 3.830 3.865 3.867 3.754 3.613 3.570 3.625 3.481 3.479 3.344 0.000 
7.000 3.980 1.135 1.701 2.065 2.499 2.614 2.882 3.187 3.372 3.448 3.531 3.622 3.704 3.734 3.774 3.784 3.682 3.552 3.511 3.561 3.419 3.399 3.264 0.000 
7.000 5.010 1.091 1.654 2.004 2.420 2.541 2.804 3.096 3.271 3.349 3.429 3.517 3.598 3.633 3.678 3.697 3.604 3.486 3.447 3.492 3.353 3.315 3.179 0.000 
7.000 6.310 1.042 1.601 1.938 2.336 2.462 2.720 3.000 3.164 3.243 3.321 3.406 3.486 3.526 3.576 3.603 3.521 3.415 3.378 3.419 3.283 3.225 3.088 0.000 
7.000 7.940 0.988 1.543 1.865 2.246 2.377 2.630 2.897 3.052 3.132 3.208 3.289 3.368 3.413 3.468 3.503 3.432 3.338 3.304 3.340 3.207 3.129 2.991 0.000 
7.000 10.000 0.929 1.478 1.787 2.150 2.286 2.534 2.789 2.933 3.014 3.088 3.166 3.244 3.294 3.353 3.397 3.336 3.255 3.223 3.255 3.124 3.026 2.887 0.000 
7.000 12.590 0.863 1.407 1.702 2.049 2.190 2.434 2.675 2.810 2.891 2.963 3.038 3.115 3.168 3.233 3.284 3.233 3.164 3.134 3.162 3.034 2.916 2.777 0.000 
7.000 15.850 0.793 1.329 1.612 1.944 2.089 2.328 2.557 2.682 2.763 2.832 2.905 2.980 3.037 3.105 3.164 3.123 3.066 3.039 3.062 2.937 2.798 2.659 0.000 
7.000 19.950 0.717 1.246 1.517 1.834 1.984 2.218 2.434 2.549 2.630 2.697 2.766 2.840 2.900 2.972 3.038 3.006 2.960 2.935 2.953 2.830 2.673 2.533 0.000 
7.000 25.120 0.636 1.156 1.417 1.720 1.874 2.104 2.307 2.413 2.492 2.557 2.624 2.695 2.757 2.833 2.905 2.881 2.845 2.822 2.835 2.715 2.538 2.400 0.000 
7.000 31.620 0.550 1.061 1.312 1.602 1.760 1.986 2.175 2.272 2.350 2.412 2.477 2.546 2.610 2.688 2.765 2.748 2.723 2.700 2.708 2.589 2.395 2.258 0.000 
7.000 39.810 0.459 0.960 1.203 1.481 1.642 1.865 2.040 2.128 2.203 2.263 2.325 2.391 2.457 2.537 2.618 2.607 2.591 2.568 2.570 2.452 2.242 2.108 0.000 
7.000 50.120 0.363 0.854 1.089 1.357 1.521 1.739 1.901 1.980 2.052 2.110 2.169 2.233 2.299 2.380 2.464 2.458 2.450 2.426 2.421 2.303 2.079 1.950 0.000 
7.000 63.100 0.262 0.742 0.971 1.229 1.396 1.610 1.757 1.828 1.897 1.953 2.009 2.069 2.135 2.216 2.302 2.299 2.299 2.273 2.259 2.141 1.904 1.781 0.000 
7.000 79.430 0.156 0.624 0.848 1.098 1.266 1.476 1.609 1.672 1.737 1.790 1.844 1.900 1.966 2.046 2.132 2.130 2.135 2.106 2.083 1.963 1.717 1.601 0.000 
7.000 100.000 0.043 0.500 0.720 0.963 1.132 1.338 1.455 1.510 1.572 1.623 1.673 1.725 1.789 1.867 1.952 1.949 1.959 1.924 1.890 1.767 1.514 1.408 0.000 
7.000 125.890 -0.076 0.368 0.586 0.824 0.993 1.194 1.296 1.344 1.400 1.448 1.496 1.543 1.605 1.680 1.761 1.754 1.766 1.724 1.679 1.551 1.294 1.201 0.000 
7.000 158.490 -0.203 0.228 0.445 0.680 0.847 1.043 1.129 1.170 1.222 1.267 1.311 1.353 1.412 1.481 1.556 1.542 1.554 1.503 1.443 1.308 1.052 0.975 0.000 
7.000 199.530 -0.339 0.079 0.297 0.530 0.694 0.885 0.953 0.988 1.034 1.076 1.116 1.152 1.208 1.270 1.335 1.310 1.320 1.255 1.180 1.035 0.783 0.727 0.000 
7.000 251.190 -0.488 -0.083 0.139 0.372 0.532 0.717 0.767 0.797 0.836 0.873 0.909 0.939 0.989 1.041 1.093 1.053 1.056 0.977 0.881 0.724 0.483 0.453 0.000 
7.000 316.230 -0.650 -0.259 -0.031 0.206 0.359 0.536 0.567 0.593 0.625 0.657 0.689 0.711 0.754 0.793 0.826 0.764 0.758 0.658 0.540 0.365 0.143 0.144 0.000 
7.000 398.110 -0.831 -0.453 -0.216 0.028 0.171 0.341 0.351 0.373 0.397 0.424 0.450 0.463 0.498 0.519 0.528 0.437 0.415 0.291 0.144 -0.052 -0.248 -0.206 0.000 
7.000 501.190 -1.034 -0.669 -0.418 -0.163 -0.033 0.127 0.114 0.135 0.149 0.169 0.189 0.192 0.216 0.214 0.190 0.062 0.018 -0.139 -0.319 -0.542 -0.700 -0.609 0.000 
7.000 630.960 -1.264 -0.913 -0.644 -0.371 -0.260 -0.110 -0.150 -0.128 -0.125 -0.113 -0.101 -0.110 -0.099 -0.131 -0.197 -0.374 -0.448 -0.645 -0.866 -1.125 -1.231 -1.078 0.000 
7.000 794.330 -1.529 -1.192 -0.899 -0.601 -0.514 -0.377 -0.446 -0.421 -0.432 -0.429 -0.426 -0.450 -0.456 -0.525 -0.646 -0.887 -1.001 -1.247 -1.519 -1.823 -1.861 -1.630 0.000 
7.000 1000.000 -1.838 -1.515 -1.189 -0.858 -0.803 -0.681 -0.783 -0.753 -0.778 -0.788 -0.796 -0.837 -0.865 -0.981 -1.172 -1.495 -1.663 -1.972 -2.305 -2.666 -2.614 -2.285 0.000 
7.250 1.000 1.418 1.989 2.423 2.955 3.035 3.329 3.702 3.946 4.008 4.102 4.210 4.295 4.299 4.317 4.285 4.131 3.932 3.883 3.959 3.801 3.878 3.735 0.000 
7.250 1.260 1.397 1.967 2.393 2.911 2.996 3.286 3.647 3.881 3.942 4.034 4.140 4.223 4.229 4.250 4.224 4.077 3.889 3.839 3.910 3.754 3.816 3.674 0.000 
7.250 1.580 1.375 1.944 2.360 2.864 2.954 3.240 3.588 3.812 3.872 3.963 4.066 4.148 4.156 4.181 4.161 4.022 3.844 3.794 3.860 3.705 3.752 3.612 0.000 
7.250 2.000 1.350 1.918 2.325 2.813 2.908 3.190 3.525 3.739 3.800 3.888 3.989 4.068 4.079 4.108 4.095 3.964 3.796 3.747 3.807 3.654 3.686 3.546 0.000 
7.250 2.510 1.323 1.889 2.285 2.757 2.858 3.134 3.457 3.661 3.723 3.809 3.906 3.985 3.999 4.032 4.026 3.903 3.746 3.697 3.753 3.602 3.617 3.478 0.000 
7.250 3.160 1.292 1.856 2.241 2.696 2.802 3.074 3.385 3.578 3.641 3.725 3.819 3.897 3.915 3.952 3.953 3.839 3.693 3.645 3.696 3.547 3.545 3.407 0.000 
7.250 3.980 1.258 1.819 2.192 2.629 2.741 3.008 3.307 3.490 3.554 3.635 3.727 3.803 3.826 3.867 3.876 3.771 3.636 3.590 3.635 3.489 3.470 3.332 0.000 
7.250 5.010 1.220 1.778 2.137 2.557 2.674 2.937 3.223 3.395 3.461 3.540 3.628 3.704 3.731 3.777 3.793 3.698 3.575 3.530 3.571 3.427 3.390 3.252 0.000 
7.250 6.310 1.177 1.731 2.077 2.479 2.602 2.859 3.133 3.295 3.362 3.439 3.524 3.599 3.631 3.681 3.705 3.620 3.509 3.466 3.503 3.361 3.306 3.167 0.000 
7.250 7.940 1.128 1.679 2.011 2.395 2.523 2.775 3.037 3.189 3.258 3.332 3.414 3.487 3.524 3.579 3.611 3.536 3.437 3.397 3.429 3.290 3.216 3.076 0.000 
7.250 10.000 1.075 1.620 1.939 2.305 2.439 2.686 2.935 3.077 3.147 3.219 3.297 3.370 3.412 3.470 3.511 3.446 3.359 3.322 3.349 3.213 3.119 2.979 0.000 
7.250 12.590 1.016 1.556 1.861 2.209 2.348 2.590 2.827 2.959 3.030 3.100 3.175 3.247 3.292 3.356 3.404 3.349 3.274 3.239 3.263 3.129 3.016 2.875 0.000 
7.250 15.850 0.952 1.485 1.777 2.109 2.253 2.490 2.714 2.836 2.908 2.975 3.047 3.117 3.167 3.234 3.290 3.245 3.182 3.150 3.169 3.038 2.905 2.764 0.000 
7.250 19.950 0.882 1.408 1.687 2.003 2.152 2.384 2.595 2.708 2.780 2.844 2.913 2.982 3.036 3.106 3.169 3.133 3.082 3.052 3.067 2.939 2.785 2.645 0.000 
7.250 25.120 0.806 1.324 1.591 1.893 2.046 2.274 2.472 2.575 2.646 2.709 2.774 2.841 2.898 2.972 3.040 3.013 2.974 2.946 2.955 2.830 2.657 2.518 0.000 
7.250 31.620 0.725 1.234 1.490 1.779 1.935 2.159 2.344 2.437 2.508 2.568 2.631 2.696 2.755 2.831 2.905 2.885 2.856 2.830 2.834 2.711 2.520 2.382 0.000 
7.250 39.810 0.638 1.137 1.384 1.660 1.821 2.040 2.211 2.296 2.365 2.423 2.482 2.545 2.606 2.684 2.762 2.749 2.730 2.704 2.702 2.580 2.373 2.237 0.000 
7.250 50.120 0.546 1.035 1.273 1.538 1.701 1.917 2.074 2.150 2.217 2.272 2.329 2.389 2.451 2.530 2.612 2.603 2.593 2.567 2.558 2.437 2.214 2.083 0.000 
7.250 63.100 0.448 0.926 1.158 1.413 1.578 1.789 1.933 2.000 2.064 2.117 2.171 2.227 2.290 2.369 2.453 2.448 2.445 2.417 2.402 2.280 2.044 1.918 0.000 
7.250 79.430 0.344 0.811 1.037 1.283 1.450 1.657 1.786 1.845 1.905 1.956 2.008 2.060 2.123 2.201 2.285 2.281 2.285 2.254 2.230 2.107 1.860 1.742 0.000 
7.250 100.000 0.234 0.689 0.911 1.149 1.318 1.520 1.634 1.685 1.742 1.790 1.838 1.887 1.948 2.025 2.108 2.103 2.111 2.075 2.041 1.915 1.660 1.552 0.000 
7.250 125.890 0.117 0.560 0.778 1.011 1.179 1.377 1.476 1.519 1.572 1.617 1.662 1.706 1.766 1.839 1.918 1.910 1.921 1.878 1.832 1.702 1.443 1.347 0.000 
7.250 158.490 -0.009 0.422 0.639 0.868 1.035 1.227 1.310 1.347 1.394 1.436 1.478 1.517 1.573 1.642 1.715 1.700 1.711 1.660 1.600 1.463 1.203 1.123 0.000 
7.250 199.530 -0.144 0.273 0.491 0.718 0.882 1.070 1.135 1.166 1.207 1.246 1.284 1.317 1.370 1.431 1.494 1.469 1.478 1.415 1.338 1.192 0.937 0.877 0.000 
7.250 251.190 -0.292 0.113 0.334 0.561 0.721 0.902 0.949 0.975 1.010 1.044 1.078 1.105 1.153 1.203 1.254 1.213 1.216 1.137 1.042 0.883 0.638 0.603 0.000 
7.250 316.230 -0.453 -0.062 0.165 0.395 0.548 0.722 0.750 0.771 0.799 0.829 0.858 0.877 0.918 0.956 0.987 0.925 0.919 0.820 0.702 0.526 0.299 0.296 0.000 
7.250 398.110 -0.633 -0.255 -0.019 0.218 0.361 0.528 0.534 0.552 0.572 0.596 0.619 0.630 0.663 0.682 0.690 0.599 0.577 0.454 0.307 0.110 -0.091 -0.054 0.000 
7.250 501.190 -0.835 -0.471 -0.222 0.027 0.156 0.314 0.297 0.314 0.324 0.341 0.358 0.358 0.381 0.378 0.352 0.224 0.180 0.025 -0.155 -0.379 -0.543 -0.456 0.000 
7.250 630.960 -1.065 -0.714 -0.447 -0.181 -0.070 0.077 0.034 0.051 0.050 0.059 0.069 0.057 0.066 0.033 -0.034 -0.212 -0.285 -0.480 -0.701 -0.961 -1.073 -0.924 0.000 
7.250 794.330 -1.330 -0.993 -0.701 -0.411 -0.324 -0.190 -0.263 -0.242 -0.256 -0.257 -0.256 -0.282 -0.291 -0.361 -0.483 -0.724 -0.838 -1.082 -1.354 -1.658 -1.702 -1.475 0.000 
7.250 1000.000 -1.639 -1.315 -0.992 -0.668 -0.613 -0.494 -0.600 -0.573 -0.603 -0.615 -0.626 -0.669 -0.699 -0.817 -1.009 -1.332 -1.499 -1.806 -2.139 -2.500 -2.455 -2.130 0.000 
7.500 1.000 1.518 2.083 2.519 3.049 3.125 3.417 3.784 4.026 4.079 4.172 4.281 4.364 4.363 4.389 4.360 4.209 4.008 3.955 4.028 3.867 3.940 3.790 0.000 
7.500 1.260 1.499 2.063 2.492 3.008 3.090 3.378 3.732 3.964 4.016 4.108 4.214 4.294 4.296 4.324 4.301 4.157 3.966 3.913 3.980 3.820 3.879 3.731 0.000 
7.500 1.580 1.479 2.042 2.462 2.965 3.052 3.336 3.677 3.900 3.951 4.040 4.145 4.223 4.226 4.257 4.240 4.103 3.922 3.869 3.931 3.773 3.817 3.670 0.000 
7.500 2.000 1.457 2.019 2.430 2.918 3.010 3.290 3.619 3.831 3.882 3.970 4.071 4.148 4.154 4.188 4.177 4.048 3.877 3.824 3.881 3.724 3.753 3.607 0.000 
7.500 2.510 1.433 1.993 2.394 2.867 2.964 3.240 3.557 3.759 3.810 3.896 3.994 4.069 4.078 4.116 4.111 3.989 3.829 3.777 3.828 3.673 3.687 3.542 0.000 
7.500 3.160 1.406 1.965 2.355 2.812 2.914 3.185 3.490 3.682 3.734 3.817 3.913 3.986 3.998 4.040 4.042 3.928 3.779 3.727 3.774 3.621 3.618 3.474 0.000 
7.500 3.980 1.376 1.932 2.311 2.751 2.859 3.126 3.418 3.600 3.653 3.734 3.826 3.898 3.915 3.959 3.969 3.864 3.725 3.675 3.716 3.565 3.546 3.403 0.000 
7.500 5.010 1.343 1.896 2.263 2.685 2.799 3.060 3.341 3.512 3.567 3.646 3.734 3.806 3.826 3.875 3.891 3.795 3.668 3.619 3.656 3.507 3.471 3.328 0.000 
7.500 6.310 1.305 1.855 2.209 2.613 2.733 2.989 3.257 3.419 3.475 3.551 3.637 3.707 3.732 3.784 3.808 3.722 3.606 3.559 3.591 3.445 3.391 3.248 0.000 
7.500 7.940 1.263 1.809 2.149 2.536 2.661 2.912 3.168 3.319 3.377 3.451 3.533 3.603 3.632 3.689 3.720 3.643 3.540 3.494 3.522 3.378 3.306 3.163 0.000 
7.500 10.000 1.215 1.757 2.084 2.452 2.583 2.829 3.073 3.213 3.273 3.345 3.423 3.492 3.526 3.587 3.625 3.558 3.467 3.424 3.448 3.306 3.216 3.072 0.000 
7.500 12.590 1.163 1.699 2.012 2.363 2.499 2.740 2.971 3.102 3.163 3.232 3.307 3.375 3.414 3.478 3.524 3.467 3.388 3.348 3.367 3.229 3.118 2.975 0.000 
7.500 15.850 1.105 1.635 1.934 2.267 2.408 2.645 2.864 2.984 3.047 3.113 3.185 3.252 3.295 3.363 3.416 3.369 3.302 3.264 3.279 3.144 3.014 2.870 0.000 
7.500 19.950 1.041 1.564 1.850 2.166 2.313 2.544 2.751 2.861 2.925 2.989 3.057 3.122 3.170 3.241 3.301 3.263 3.208 3.173 3.184 3.051 2.901 2.758 0.000 
7.500 25.120 0.971 1.486 1.759 2.061 2.211 2.438 2.632 2.733 2.797 2.858 2.923 2.987 3.038 3.112 3.178 3.148 3.105 3.073 3.079 2.949 2.780 2.637 0.000 
7.500 31.620 0.895 1.402 1.663 1.950 2.105 2.327 2.508 2.599 2.663 2.722 2.784 2.845 2.900 2.976 3.048 3.026 2.994 2.963 2.964 2.836 2.649 2.508 0.000 
7.500 39.810 0.813 1.311 1.562 1.835 1.994 2.212 2.379 2.461 2.524 2.580 2.639 2.698 2.755 2.833 2.909 2.894 2.872 2.843 2.839 2.712 2.507 2.369 0.000 
7.500 50.120 0.725 1.213 1.454 1.716 1.878 2.091 2.245 2.318 2.379 2.433 2.489 2.545 2.604 2.683 2.763 2.753 2.740 2.711 2.701 2.575 2.354 2.219 0.000 
7.500 63.100 0.631 1.108 1.342 1.592 1.757 1.966 2.106 2.170 2.229 2.280 2.333 2.387 2.446 2.525 2.608 2.601 2.597 2.567 2.549 2.424 2.189 2.059 0.000 
7.500 79.430 0.531 0.997 1.223 1.464 1.631 1.835 1.961 2.017 2.073 2.122 2.172 2.222 2.282 2.360 2.443 2.438 2.441 2.408 2.383 2.256 2.009 1.887 0.000 
7.500 100.000 0.423 0.878 1.099 1.332 1.500 1.700 1.811 1.859 1.911 1.958 2.004 2.050 2.109 2.186 2.268 2.263 2.270 2.234 2.198 2.069 1.814 1.701 0.000 
7.500 125.890 0.308 0.751 0.969 1.195 1.363 1.558 1.654 1.694 1.743 1.786 1.830 1.871 1.929 2.002 2.080 2.072 2.083 2.040 1.993 1.860 1.599 1.498 0.000 
7.500 158.490 0.185 0.615 0.831 1.053 1.219 1.410 1.489 1.523 1.566 1.607 1.647 1.683 1.738 1.806 1.878 1.864 1.876 1.824 1.764 1.625 1.362 1.277 0.000 
7.500 199.530 0.051 0.468 0.685 0.904 1.068 1.253 1.315 1.343 1.381 1.417 1.454 1.485 1.536 1.597 1.660 1.635 1.644 1.581 1.505 1.357 1.098 1.033 0.000 
7.500 251.190 -0.095 0.309 0.528 0.748 0.907 1.086 1.130 1.152 1.184 1.217 1.249 1.273 1.320 1.370 1.420 1.380 1.384 1.306 1.211 1.050 0.801 0.761 0.000 
7.500 316.230 -0.256 0.135 0.360 0.583 0.735 0.906 0.931 0.949 0.974 1.002 1.029 1.046 1.086 1.123 1.155 1.094 1.088 0.991 0.873 0.696 0.463 0.455 0.000 
7.500 398.110 -0.435 -0.057 0.176 0.406 0.548 0.712 0.716 0.731 0.748 0.769 0.791 0.799 0.831 0.851 0.858 0.768 0.747 0.625 0.480 0.282 0.075 0.107 0.000 
7.500 501.190 -0.637 -0.272 -0.026 0.215 0.344 0.499 0.479 0.492 0.500 0.515 0.530 0.529 0.550 0.547 0.521 0.394 0.351 0.198 0.019 -0.206 -0.376 -0.295 0.000 
7.500 630.960 -0.866 -0.515 -0.251 0.007 0.118 0.262 0.216 0.230 0.227 0.234 0.241 0.228 0.235 0.203 0.135 -0.041 -0.114 -0.306 -0.526 -0.787 -0.905 -0.762 0.000 
7.500 794.330 -1.131 -0.793 -0.505 -0.222 -0.136 -0.005 -0.080 -0.063 -0.079 -0.082 -0.083 -0.112 -0.121 -0.191 -0.313 -0.553 -0.666 -0.908 -1.178 -1.483 -1.533 -1.313 0.000 
7.500 1000.000 -1.439 -1.115 -0.795 -0.479 -0.424 -0.308 -0.417 -0.394 -0.426 -0.441 -0.453 -0.498 -0.529 -0.647 -0.839 -1.161 -1.326 -1.631 -1.963 -2.325 -2.285 -1.967 0.000 
7.750 1.000 1.617 2.177 2.612 3.138 3.211 3.501 3.861 4.102 4.149 4.242 4.352 4.433 4.430 4.464 4.441 4.294 4.091 4.036 4.107 3.943 4.011 3.851 0.000 
7.750 1.260 1.600 2.159 2.587 3.101 3.178 3.465 3.813 4.044 4.089 4.180 4.288 4.366 4.365 4.402 4.383 4.243 4.050 3.995 4.060 3.897 3.952 3.793 0.000 
7.750 1.580 1.582 2.140 2.560 3.060 3.143 3.426 3.761 3.983 4.026 4.116 4.221 4.297 4.298 4.337 4.324 4.191 4.008 3.953 4.012 3.850 3.891 3.734 0.000 
7.750 2.000 1.562 2.119 2.531 3.017 3.105 3.384 3.707 3.919 3.961 4.049 4.152 4.226 4.228 4.270 4.263 4.137 3.964 3.909 3.963 3.803 3.828 3.673 0.000 
7.750 2.510 1.541 2.096 2.499 2.971 3.064 3.338 3.649 3.851 3.893 3.979 4.079 4.151 4.156 4.201 4.200 4.082 3.919 3.863 3.912 3.754 3.764 3.611 0.000 
7.750 3.160 1.517 2.070 2.464 2.920 3.019 3.289 3.588 3.780 3.822 3.905 4.003 4.073 4.081 4.129 4.134 4.023 3.871 3.816 3.860 3.703 3.698 3.546 0.000 
7.750 3.980 1.491 2.042 2.425 2.865 2.969 3.235 3.522 3.703 3.746 3.828 3.922 3.991 4.002 4.053 4.065 3.962 3.820 3.766 3.805 3.650 3.629 3.478 0.000 
7.750 5.010 1.461 2.010 2.382 2.805 2.915 3.176 3.451 3.622 3.666 3.745 3.836 3.904 3.919 3.973 3.991 3.897 3.766 3.713 3.747 3.594 3.557 3.407 0.000 
7.750 6.310 1.428 1.974 2.334 2.740 2.855 3.111 3.374 3.535 3.581 3.657 3.745 3.811 3.831 3.888 3.913 3.828 3.709 3.657 3.686 3.535 3.482 3.332 0.000 
7.750 7.940 1.391 1.933 2.280 2.668 2.790 3.041 3.291 3.442 3.490 3.564 3.648 3.714 3.737 3.798 3.830 3.754 3.646 3.597 3.621 3.473 3.401 3.252 0.000 
7.750 10.000 1.350 1.887 2.221 2.591 2.718 2.964 3.203 3.343 3.393 3.464 3.545 3.610 3.638 3.702 3.741 3.674 3.579 3.531 3.551 3.405 3.316 3.167 0.000 
7.750 12.590 1.303 1.836 2.156 2.508 2.640 2.881 3.108 3.238 3.290 3.359 3.436 3.499 3.532 3.599 3.646 3.588 3.505 3.460 3.476 3.332 3.224 3.075 0.000 
7.750 15.850 1.251 1.778 2.084 2.418 2.556 2.792 3.007 3.126 3.180 3.247 3.320 3.382 3.420 3.490 3.544 3.495 3.425 3.382 3.394 3.253 3.126 2.977 0.000 
7.750 19.950 1.194 1.714 2.006 2.323 2.466 2.697 2.900 3.009 3.064 3.128 3.198 3.259 3.301 3.374 3.434 3.395 3.337 3.297 3.304 3.166 3.020 2.872 0.000 
7.750 25.120 1.130 1.643 1.921 2.222 2.370 2.596 2.786 2.886 2.942 3.003 3.069 3.129 3.176 3.251 3.317 3.287 3.240 3.203 3.206 3.070 2.905 2.758 0.000 
7.750 31.620 1.060 1.564 1.831 2.116 2.269 2.490 2.667 2.757 2.814 2.872 2.935 2.993 3.043 3.121 3.192 3.170 3.134 3.100 3.098 2.965 2.781 2.635 0.000 
7.750 39.810 0.983 1.479 1.734 2.005 2.161 2.378 2.542 2.623 2.679 2.735 2.795 2.851 2.903 2.983 3.059 3.043 3.019 2.986 2.978 2.847 2.645 2.502 0.000 
7.750 50.120 0.901 1.387 1.631 1.889 2.049 2.261 2.412 2.483 2.539 2.592 2.648 2.702 2.757 2.837 2.917 2.907 2.892 2.860 2.847 2.717 2.499 2.358 0.000 
7.750 63.100 0.811 1.287 1.522 1.768 1.931 2.138 2.276 2.338 2.392 2.443 2.496 2.547 2.603 2.684 2.766 2.760 2.754 2.721 2.702 2.572 2.339 2.204 0.000 
7.750 79.430 0.714 1.179 1.407 1.642 1.808 2.010 2.133 2.188 2.239 2.287 2.337 2.385 2.442 2.522 2.604 2.601 2.602 2.568 2.540 2.410 2.164 2.036 0.000 
7.750 100.000 0.610 1.064 1.285 1.512 1.679 1.877 1.985 2.031 2.080 2.125 2.172 2.216 2.273 2.350 2.432 2.428 2.435 2.398 2.361 2.229 1.973 1.854 0.000 
7.750 125.890 0.498 0.940 1.157 1.377 1.544 1.736 1.830 1.868 1.914 1.956 1.999 2.039 2.094 2.169 2.247 2.240 2.251 2.208 2.161 2.025 1.762 1.655 0.000 
7.750 158.490 0.377 0.806 1.021 1.236 1.401 1.589 1.666 1.698 1.739 1.778 1.817 1.852 1.906 1.975 2.047 2.035 2.047 1.995 1.935 1.793 1.528 1.437 0.000 
7.750 199.530 0.245 0.662 0.876 1.088 1.251 1.433 1.494 1.519 1.555 1.590 1.625 1.655 1.705 1.767 1.830 1.807 1.818 1.756 1.680 1.529 1.267 1.195 0.000 
7.750 251.190 0.101 0.505 0.721 0.933 1.091 1.267 1.310 1.329 1.360 1.391 1.421 1.445 1.490 1.542 1.592 1.554 1.559 1.483 1.388 1.226 0.973 0.925 0.000 
7.750 316.230 -0.059 0.332 0.553 0.768 0.920 1.089 1.112 1.127 1.150 1.176 1.203 1.218 1.258 1.296 1.328 1.269 1.265 1.169 1.052 0.874 0.637 0.621 0.000 
7.750 398.110 -0.237 0.141 0.371 0.592 0.734 0.895 0.897 0.909 0.924 0.945 0.965 0.972 1.004 1.024 1.032 0.945 0.926 0.806 0.661 0.462 0.251 0.274 0.000 
7.750 501.190 -0.437 -0.073 0.169 0.402 0.530 0.682 0.661 0.671 0.677 0.691 0.705 0.702 0.723 0.721 0.696 0.572 0.531 0.380 0.202 -0.024 -0.199 -0.126 0.000 
7.750 630.960 -0.666 -0.315 -0.055 0.194 0.304 0.446 0.398 0.409 0.405 0.410 0.417 0.401 0.409 0.378 0.310 0.137 0.067 -0.123 -0.342 -0.603 -0.728 -0.593 0.000 
7.750 794.330 -0.930 -0.593 -0.309 -0.035 0.051 0.179 0.102 0.117 0.099 0.095 0.092 0.063 0.053 -0.016 -0.137 -0.374 -0.485 -0.724 -0.992 -1.298 -1.355 -1.142 0.000 
7.750 1000.000 -1.238 -0.914 -0.598 -0.292 -0.237 -0.124 -0.234 -0.214 -0.247 -0.264 -0.277 -0.324 -0.354 -0.471 -0.663 -0.981 -1.145 -1.446 -1.777 -2.139 -2.106 -1.796 0.000 
8.000 1.000 1.717 2.270 2.703 3.223 3.292 3.580 3.936 4.177 4.218 4.311 4.423 4.503 4.500 4.544 4.527 4.387 4.183 4.127 4.196 4.029 4.092 3.920 0.000 
8.000 1.260 1.701 2.254 2.680 3.188 3.262 3.546 3.890 4.121 4.160 4.251 4.361 4.439 4.437 4.483 4.471 4.337 4.143 4.086 4.150 3.984 4.033 3.863 0.000 
8.000 1.580 1.684 2.236 2.655 3.151 3.230 3.510 3.841 4.063 4.100 4.189 4.297 4.372 4.371 4.420 4.413 4.286 4.102 4.045 4.103 3.938 3.973 3.805 0.000 
8.000 2.000 1.666 2.217 2.628 3.111 3.195 3.472 3.790 4.002 4.038 4.126 4.231 4.304 4.304 4.355 4.354 4.234 4.059 4.002 4.055 3.891 3.912 3.746 0.000 
8.000 2.510 1.647 2.196 2.599 3.068 3.157 3.430 3.736 3.938 3.973 4.059 4.162 4.232 4.235 4.289 4.293 4.180 4.016 3.958 4.005 3.843 3.850 3.685 0.000 
8.000 3.160 1.625 2.173 2.568 3.022 3.116 3.385 3.679 3.871 3.906 3.990 4.090 4.158 4.163 4.219 4.230 4.124 3.970 3.913 3.954 3.794 3.786 3.623 0.000 
8.000 3.980 1.602 2.148 2.533 2.972 3.072 3.336 3.618 3.800 3.835 3.917 4.014 4.081 4.089 4.147 4.164 4.065 3.922 3.865 3.901 3.743 3.719 3.558 0.000 
8.000 5.010 1.576 2.120 2.494 2.917 3.023 3.283 3.553 3.724 3.760 3.840 3.933 3.999 4.010 4.071 4.094 4.003 3.871 3.815 3.846 3.689 3.650 3.490 0.000 
8.000 6.310 1.547 2.088 2.451 2.857 2.969 3.224 3.482 3.644 3.681 3.758 3.848 3.912 3.927 3.991 4.020 3.938 3.816 3.761 3.788 3.633 3.578 3.418 0.000 
8.000 7.940 1.515 2.053 2.403 2.792 2.909 3.160 3.406 3.557 3.596 3.671 3.758 3.821 3.839 3.906 3.942 3.868 3.758 3.704 3.726 3.574 3.502 3.343 0.000 
8.000 10.000 1.479 2.012 2.350 2.721 2.844 3.090 3.325 3.465 3.506 3.578 3.661 3.723 3.746 3.816 3.858 3.793 3.695 3.643 3.660 3.510 3.421 3.263 0.000 
8.000 12.590 1.438 1.967 2.291 2.644 2.773 3.014 3.237 3.367 3.410 3.479 3.559 3.620 3.647 3.720 3.768 3.712 3.626 3.577 3.589 3.441 3.334 3.177 0.000 
8.000 15.850 1.392 1.915 2.226 2.561 2.696 2.931 3.142 3.262 3.307 3.374 3.450 3.510 3.542 3.617 3.672 3.625 3.551 3.504 3.512 3.367 3.242 3.085 0.000 
8.000 19.950 1.340 1.857 2.155 2.472 2.612 2.842 3.041 3.151 3.198 3.262 3.334 3.393 3.430 3.507 3.569 3.530 3.468 3.424 3.428 3.285 3.142 2.986 0.000 
8.000 25.120 1.283 1.793 2.076 2.376 2.522 2.747 2.934 3.033 3.082 3.144 3.212 3.269 3.311 3.390 3.458 3.428 3.378 3.336 3.336 3.196 3.033 2.879 0.000 
8.000 31.620 1.219 1.721 1.992 2.275 2.425 2.646 2.820 2.910 2.960 3.019 3.083 3.139 3.184 3.266 3.338 3.316 3.278 3.239 3.234 3.096 2.915 2.762 0.000 
8.000 39.810 1.149 1.642 1.900 2.168 2.323 2.538 2.700 2.780 2.831 2.887 2.948 3.002 3.051 3.133 3.210 3.196 3.168 3.132 3.122 2.986 2.787 2.636 0.000 
8.000 50.120 1.071 1.556 1.802 2.056 2.214 2.425 2.574 2.645 2.695 2.748 2.806 2.858 2.909 2.993 3.073 3.064 3.048 3.012 2.997 2.862 2.646 2.499 0.000 
8.000 63.100 0.987 1.461 1.697 1.939 2.100 2.306 2.441 2.503 2.553 2.603 2.657 2.707 2.760 2.843 2.927 2.922 2.914 2.879 2.858 2.724 2.493 2.350 0.000 
8.000 79.430 0.895 1.358 1.586 1.816 1.980 2.181 2.302 2.356 2.404 2.452 2.502 2.548 2.603 2.685 2.769 2.767 2.768 2.732 2.703 2.569 2.324 2.188 0.000 
8.000 100.000 0.795 1.247 1.468 1.688 1.854 2.050 2.157 2.202 2.248 2.292 2.339 2.382 2.437 2.517 2.601 2.599 2.605 2.566 2.529 2.393 2.137 2.011 0.000 
8.000 125.890 0.686 1.127 1.342 1.555 1.721 1.912 2.003 2.041 2.084 2.125 2.169 2.207 2.262 2.339 2.419 2.414 2.425 2.381 2.333 2.195 1.931 1.816 0.000 
8.000 158.490 0.568 0.996 1.208 1.416 1.580 1.766 1.842 1.872 1.911 1.950 1.989 2.023 2.076 2.147 2.222 2.212 2.224 2.173 2.113 1.968 1.702 1.601 0.000 
8.000 199.530 0.438 0.855 1.065 1.269 1.431 1.611 1.671 1.695 1.729 1.764 1.799 1.827 1.877 1.941 2.006 1.987 1.998 1.937 1.861 1.709 1.444 1.363 0.000 
8.000 251.190 0.296 0.700 0.912 1.115 1.273 1.447 1.488 1.506 1.535 1.565 1.596 1.618 1.664 1.718 1.770 1.736 1.742 1.667 1.573 1.409 1.152 1.096 0.000 
8.000 316.230 0.138 0.529 0.745 0.951 1.102 1.269 1.291 1.305 1.327 1.352 1.378 1.393 1.433 1.473 1.507 1.452 1.450 1.356 1.240 1.060 0.819 0.794 0.000 
8.000 398.110 -0.038 0.339 0.564 0.776 0.917 1.076 1.077 1.087 1.102 1.122 1.142 1.148 1.180 1.203 1.212 1.129 1.112 0.995 0.851 0.651 0.434 0.449 0.000 
8.000 501.190 -0.238 0.126 0.363 0.586 0.714 0.864 0.841 0.850 0.856 0.869 0.882 0.879 0.900 0.900 0.877 0.757 0.718 0.571 0.394 0.167 -0.014 0.050 0.000 
8.000 630.960 -0.465 -0.115 0.139 0.379 0.489 0.627 0.579 0.589 0.584 0.588 0.594 0.579 0.587 0.558 0.493 0.324 0.255 0.069 -0.148 -0.410 -0.541 -0.416 0.000 
8.000 794.330 -0.729 -0.392 -0.114 0.150 0.236 0.362 0.284 0.297 0.279 0.273 0.270 0.240 0.232 0.165 0.046 -0.187 -0.295 -0.531 -0.797 -1.103 -1.167 -0.964 0.000 
8.000 1000.000 -1.036 -0.713 -0.403 -0.106 -0.052 0.059 -0.053 -0.034 -0.067 -0.085 -0.098 -0.146 -0.175 -0.290 -0.480 -0.793 -0.955 -1.252 -1.581 -1.943 -1.918 -1.618 0.000 
