AtkinsonBoore2003SSlabCascadia_CanadaSHM6-trial modified from OpenQuake implementation, distance is rrup. Log10 ground motion values in cgs units, PGV and Sa(T<0.1s) not valid
          14 31 11 : nmag, ndist, nperiod
          10.000 5.000 3.000 2.000 1.000 0.400 0.200 0.100 0.040 PGA PGV 
          0.691 0.691 0.691 0.691 0.668 0.645 0.645 0.645 0.576 0.622 0.000 
4.750 1.000 0.225 0.850 1.423 2.101 2.683 3.172 3.417 3.337 3.352 3.069 0.000 
4.750 1.260 0.180 0.804 1.374 2.052 2.634 3.123 3.369 3.288 3.303 3.021 0.000 
4.750 1.580 0.119 0.740 1.308 1.986 2.568 3.057 3.302 3.222 3.237 2.954 0.000 
4.750 2.000 0.038 0.656 1.222 1.900 2.482 2.971 3.216 3.135 3.150 2.868 0.000 
4.750 2.510 -0.062 0.552 1.116 1.793 2.375 2.864 3.109 3.028 3.043 2.761 0.000 
4.750 3.160 -0.180 0.430 0.991 1.667 2.249 2.738 2.983 2.902 2.917 2.635 0.000 
4.750 3.980 -0.312 0.293 0.850 1.526 2.107 2.596 2.841 2.759 2.774 2.492 0.000 
4.750 5.010 -0.455 0.144 0.696 1.372 1.952 2.441 2.686 2.605 2.619 2.338 0.000 
4.750 6.310 -0.605 -0.014 0.534 1.209 1.789 2.277 2.522 2.440 2.455 2.174 0.000 
4.750 7.940 -0.761 -0.177 0.366 1.039 1.618 2.107 2.351 2.269 2.284 2.003 0.000 
4.750 10.000 -0.919 -0.343 0.193 0.865 1.443 1.932 2.176 2.093 2.107 1.827 0.000 
4.750 12.590 -1.079 -0.513 0.018 0.688 1.264 1.753 1.996 1.913 1.927 1.647 0.000 
4.750 15.850 -1.240 -0.683 -0.160 0.508 1.082 1.571 1.814 1.730 1.743 1.465 0.000 
4.750 19.950 -1.401 -0.855 -0.339 0.326 0.898 1.386 1.629 1.543 1.556 1.279 0.000 
4.750 25.120 -1.563 -1.027 -0.520 0.142 0.711 1.199 1.441 1.354 1.366 1.091 0.000 
4.750 31.620 -1.725 -1.201 -0.701 -0.045 0.521 1.009 1.250 1.161 1.172 0.899 0.000 
4.750 39.810 -1.887 -1.375 -0.884 -0.233 0.328 0.815 1.055 0.965 0.974 0.704 0.000 
4.750 50.120 -2.049 -1.549 -1.067 -0.424 0.131 0.618 0.857 0.763 0.771 0.504 0.000 
4.750 63.100 -2.212 -1.725 -1.252 -0.619 -0.070 0.416 0.653 0.556 0.562 0.299 0.000 
4.750 79.430 -2.377 -1.903 -1.439 -0.817 -0.277 0.208 0.442 0.341 0.345 0.086 0.000 
4.750 100.000 -2.543 -2.082 -1.627 -1.020 -0.492 -0.008 0.223 0.117 0.117 -0.134 0.000 
4.750 125.890 -2.711 -2.263 -1.818 -1.230 -0.716 -0.233 -0.005 -0.119 -0.123 -0.366 0.000 
4.750 158.490 -2.882 -2.447 -2.012 -1.448 -0.952 -0.471 -0.247 -0.370 -0.378 -0.611 0.000 
4.750 199.530 -3.056 -2.635 -2.209 -1.676 -1.202 -0.723 -0.505 -0.639 -0.653 -0.873 0.000 
4.750 251.190 -3.235 -2.828 -2.412 -1.916 -1.471 -0.994 -0.784 -0.931 -0.954 -1.157 0.000 
4.750 316.230 -3.420 -3.027 -2.620 -2.172 -1.762 -1.289 -1.088 -1.253 -1.285 -1.467 0.000 
4.750 398.110 -3.613 -3.233 -2.837 -2.448 -2.083 -1.614 -1.424 -1.612 -1.656 -1.812 0.000 
4.750 501.190 -3.815 -3.449 -3.062 -2.749 -2.441 -1.977 -1.802 -2.017 -2.076 -2.199 0.000 
4.750 630.960 -4.029 -3.677 -3.300 -3.081 -2.845 -2.387 -2.230 -2.480 -2.559 -2.641 0.000 
4.750 794.330 -4.258 -3.920 -3.553 -3.453 -3.307 -2.857 -2.723 -3.017 -3.121 -3.150 0.000 
4.750 1000.000 -4.506 -4.181 -3.824 -3.875 -3.842 -3.403 -3.297 -3.647 -3.781 -3.745 0.000 
5.000 1.000 0.351 0.971 1.520 2.167 2.720 3.182 3.407 3.320 3.327 3.059 0.000 
5.000 1.260 0.324 0.942 1.489 2.137 2.689 3.151 3.376 3.289 3.296 3.028 0.000 
5.000 1.580 0.284 0.900 1.445 2.093 2.645 3.107 3.332 3.245 3.252 2.984 0.000 
5.000 2.000 0.229 0.842 1.385 2.032 2.584 3.046 3.271 3.184 3.191 2.923 0.000 
5.000 2.510 0.155 0.764 1.305 1.951 2.503 2.966 3.191 3.103 3.110 2.842 0.000 
5.000 3.160 0.061 0.666 1.204 1.851 2.402 2.865 3.089 3.002 3.009 2.741 0.000 
5.000 3.980 -0.051 0.550 1.084 1.730 2.281 2.744 2.968 2.881 2.887 2.620 0.000 
5.000 5.010 -0.177 0.418 0.948 1.593 2.144 2.606 2.831 2.743 2.749 2.482 0.000 
5.000 6.310 -0.316 0.273 0.798 1.443 1.993 2.455 2.679 2.591 2.597 2.331 0.000 
5.000 7.940 -0.463 0.118 0.639 1.282 1.831 2.294 2.518 2.429 2.435 2.169 0.000 
5.000 10.000 -0.615 -0.042 0.473 1.115 1.663 2.125 2.349 2.260 2.265 2.000 0.000 
5.000 12.590 -0.771 -0.207 0.302 0.942 1.488 1.950 2.174 2.084 2.090 1.825 0.000 
5.000 15.850 -0.929 -0.374 0.127 0.765 1.310 1.772 1.995 1.904 1.909 1.645 0.000 
5.000 19.950 -1.089 -0.544 -0.049 0.585 1.128 1.590 1.812 1.721 1.725 1.462 0.000 
5.000 25.120 -1.249 -0.714 -0.228 0.403 0.943 1.405 1.626 1.533 1.537 1.276 0.000 
5.000 31.620 -1.409 -0.886 -0.407 0.219 0.755 1.216 1.437 1.342 1.345 1.086 0.000 
5.000 39.810 -1.570 -1.059 -0.589 0.032 0.564 1.024 1.244 1.147 1.148 0.892 0.000 
5.000 50.120 -1.731 -1.232 -0.771 -0.158 0.368 0.828 1.047 0.947 0.946 0.694 0.000 
5.000 63.100 -1.894 -1.407 -0.955 -0.351 0.168 0.627 0.844 0.741 0.738 0.490 0.000 
5.000 79.430 -2.057 -1.583 -1.140 -0.548 -0.038 0.420 0.634 0.527 0.522 0.279 0.000 
5.000 100.000 -2.222 -1.761 -1.327 -0.751 -0.252 0.206 0.417 0.304 0.296 0.059 0.000 
5.000 125.890 -2.389 -1.942 -1.517 -0.960 -0.475 -0.019 0.189 0.069 0.057 -0.171 0.000 
5.000 158.490 -2.559 -2.125 -1.710 -1.176 -0.710 -0.255 -0.052 -0.181 -0.197 -0.416 0.000 
5.000 199.530 -2.733 -2.312 -1.907 -1.403 -0.959 -0.506 -0.309 -0.449 -0.472 -0.677 0.000 
5.000 251.190 -2.911 -2.504 -2.108 -1.642 -1.226 -0.776 -0.586 -0.740 -0.771 -0.959 0.000 
5.000 316.230 -3.095 -2.702 -2.316 -1.897 -1.517 -1.070 -0.889 -1.061 -1.101 -1.269 0.000 
5.000 398.110 -3.286 -2.907 -2.531 -2.172 -1.837 -1.394 -1.225 -1.418 -1.471 -1.612 0.000 
5.000 501.190 -3.487 -3.122 -2.755 -2.472 -2.193 -1.756 -1.601 -1.822 -1.890 -1.999 0.000 
5.000 630.960 -3.700 -3.348 -2.992 -2.803 -2.596 -2.165 -2.028 -2.285 -2.372 -2.439 0.000 
5.000 794.330 -3.928 -3.590 -3.244 -3.174 -3.057 -2.634 -2.520 -2.821 -2.933 -2.947 0.000 
5.000 1000.000 -4.175 -3.851 -3.514 -3.595 -3.591 -3.178 -3.093 -3.449 -3.592 -3.541 0.000 
5.250 1.000 0.463 1.078 1.603 2.220 2.742 3.178 3.383 3.289 3.287 3.034 0.000 
5.250 1.260 0.447 1.061 1.585 2.201 2.724 3.160 3.364 3.271 3.269 3.016 0.000 
5.250 1.580 0.424 1.035 1.557 2.174 2.696 3.132 3.337 3.243 3.241 2.988 0.000 
5.250 2.000 0.389 0.997 1.518 2.134 2.656 3.092 3.297 3.203 3.201 2.948 0.000 
5.250 2.510 0.339 0.944 1.462 2.078 2.600 3.036 3.241 3.147 3.145 2.892 0.000 
5.250 3.160 0.271 0.872 1.388 2.004 2.525 2.961 3.166 3.072 3.070 2.817 0.000 
5.250 3.980 0.184 0.781 1.293 1.908 2.430 2.866 3.070 2.976 2.974 2.722 0.000 
5.250 5.010 0.079 0.670 1.179 1.794 2.315 2.750 2.955 2.861 2.858 2.606 0.000 
5.250 6.310 -0.042 0.543 1.047 1.661 2.181 2.617 2.821 2.727 2.724 2.472 0.000 
5.250 7.940 -0.176 0.402 0.901 1.514 2.034 2.470 2.673 2.579 2.576 2.324 0.000 
5.250 10.000 -0.320 0.251 0.745 1.356 1.875 2.311 2.514 2.419 2.416 2.165 0.000 
5.250 12.590 -0.469 0.093 0.581 1.191 1.708 2.143 2.347 2.251 2.247 1.997 0.000 
5.250 15.850 -0.623 -0.069 0.412 1.019 1.535 1.970 2.173 2.076 2.072 1.823 0.000 
5.250 19.950 -0.779 -0.235 0.239 0.843 1.356 1.792 1.994 1.896 1.891 1.644 0.000 
5.250 25.120 -0.936 -0.404 0.063 0.664 1.174 1.609 1.811 1.711 1.706 1.460 0.000 
5.250 31.620 -1.095 -0.573 -0.115 0.481 0.988 1.423 1.623 1.522 1.516 1.272 0.000 
5.250 39.810 -1.255 -0.744 -0.294 0.296 0.799 1.233 1.432 1.329 1.321 1.080 0.000 
5.250 50.120 -1.415 -0.917 -0.475 0.108 0.604 1.038 1.236 1.130 1.121 0.883 0.000 
5.250 63.100 -1.576 -1.090 -0.657 -0.084 0.405 0.838 1.035 0.925 0.914 0.680 0.000 
5.250 79.430 -1.739 -1.265 -0.842 -0.280 0.200 0.633 0.826 0.713 0.699 0.470 0.000 
5.250 100.000 -1.903 -1.442 -1.028 -0.481 -0.012 0.419 0.610 0.491 0.474 0.252 0.000 
5.250 125.890 -2.069 -1.622 -1.216 -0.689 -0.234 0.196 0.383 0.257 0.237 0.023 0.000 
5.250 158.490 -2.238 -1.804 -1.408 -0.905 -0.467 -0.039 0.144 0.008 -0.017 -0.220 0.000 
5.250 199.530 -2.410 -1.990 -1.604 -1.130 -0.716 -0.289 -0.112 -0.259 -0.290 -0.480 0.000 
5.250 251.190 -2.588 -2.181 -1.804 -1.368 -0.982 -0.559 -0.389 -0.549 -0.588 -0.762 0.000 
5.250 316.230 -2.771 -2.377 -2.011 -1.622 -1.272 -0.852 -0.691 -0.869 -0.917 -1.071 0.000 
5.250 398.110 -2.961 -2.582 -2.225 -1.896 -1.591 -1.174 -1.025 -1.225 -1.286 -1.413 0.000 
5.250 501.190 -3.161 -2.795 -2.448 -2.195 -1.946 -1.535 -1.400 -1.628 -1.705 -1.799 0.000 
5.250 630.960 -3.373 -3.021 -2.684 -2.525 -2.348 -1.943 -1.827 -2.089 -2.185 -2.238 0.000 
5.250 794.330 -3.600 -3.262 -2.935 -2.895 -2.808 -2.411 -2.317 -2.624 -2.745 -2.745 0.000 
5.250 1000.000 -3.846 -3.522 -3.204 -3.315 -3.341 -2.955 -2.890 -3.252 -3.403 -3.338 0.000 
5.500 1.000 0.565 1.175 1.678 2.264 2.757 3.166 3.350 3.250 3.240 3.001 0.000 
5.500 1.260 0.558 1.166 1.667 2.253 2.746 3.155 3.339 3.239 3.229 2.990 0.000 
5.500 1.580 0.545 1.151 1.651 2.237 2.729 3.139 3.323 3.223 3.212 2.974 0.000 
5.500 2.000 0.525 1.128 1.627 2.212 2.705 3.114 3.298 3.198 3.188 2.949 0.000 
5.500 2.510 0.494 1.094 1.591 2.176 2.669 3.078 3.262 3.162 3.151 2.913 0.000 
5.500 3.160 0.449 1.046 1.540 2.125 2.617 3.027 3.211 3.111 3.100 2.862 0.000 
5.500 3.980 0.388 0.980 1.471 2.056 2.548 2.957 3.141 3.041 3.030 2.792 0.000 
5.500 5.010 0.307 0.895 1.382 1.967 2.458 2.867 3.051 2.951 2.940 2.702 0.000 
5.500 6.310 0.208 0.790 1.274 1.857 2.348 2.757 2.941 2.840 2.829 2.592 0.000 
5.500 7.940 0.093 0.668 1.147 1.729 2.220 2.629 2.812 2.711 2.700 2.463 0.000 
5.500 10.000 -0.036 0.532 1.005 1.586 2.075 2.484 2.668 2.566 2.555 2.318 0.000 
5.500 12.590 -0.176 0.384 0.852 1.431 1.919 2.328 2.511 2.409 2.397 2.161 0.000 
5.500 15.850 -0.322 0.229 0.690 1.268 1.754 2.162 2.345 2.242 2.229 1.995 0.000 
5.500 19.950 -0.473 0.068 0.523 1.097 1.581 1.989 2.171 2.067 2.054 1.821 0.000 
5.500 25.120 -0.627 -0.096 0.351 0.922 1.403 1.811 1.992 1.887 1.873 1.641 0.000 
5.500 31.620 -0.784 -0.263 0.176 0.742 1.220 1.628 1.808 1.701 1.686 1.456 0.000 
5.500 39.810 -0.941 -0.432 -0.001 0.559 1.032 1.440 1.619 1.509 1.494 1.267 0.000 
5.500 50.120 -1.100 -0.603 -0.180 0.373 0.840 1.247 1.425 1.313 1.295 1.071 0.000 
5.500 63.100 -1.260 -0.775 -0.361 0.182 0.643 1.049 1.225 1.109 1.090 0.870 0.000 
5.500 79.430 -1.421 -0.949 -0.544 -0.012 0.439 0.844 1.018 0.898 0.876 0.662 0.000 
5.500 100.000 -1.584 -1.125 -0.729 -0.212 0.228 0.632 0.803 0.677 0.652 0.445 0.000 
5.500 125.890 -1.750 -1.303 -0.916 -0.419 0.007 0.410 0.577 0.445 0.416 0.216 0.000 
5.500 158.490 -1.918 -1.484 -1.107 -0.633 -0.225 0.176 0.339 0.197 0.164 -0.025 0.000 
5.500 199.530 -2.089 -1.669 -1.301 -0.858 -0.473 -0.073 0.084 -0.069 -0.108 -0.284 0.000 
5.500 251.190 -2.265 -1.859 -1.501 -1.095 -0.738 -0.341 -0.191 -0.358 -0.405 -0.565 0.000 
5.500 316.230 -2.447 -2.054 -1.706 -1.348 -1.027 -0.633 -0.492 -0.676 -0.734 -0.872 0.000 
5.500 398.110 -2.637 -2.258 -1.919 -1.621 -1.345 -0.955 -0.826 -1.032 -1.102 -1.214 0.000 
5.500 501.190 -2.836 -2.470 -2.142 -1.918 -1.699 -1.315 -1.200 -1.434 -1.519 -1.598 0.000 
5.500 630.960 -3.047 -2.695 -2.376 -2.248 -2.100 -1.722 -1.625 -1.894 -1.999 -2.037 0.000 
5.500 794.330 -3.273 -2.935 -2.626 -2.617 -2.559 -2.189 -2.115 -2.428 -2.557 -2.543 0.000 
5.500 1000.000 -3.518 -3.194 -2.895 -3.036 -3.091 -2.731 -2.686 -3.055 -3.215 -3.135 0.000 
5.750 1.000 0.663 1.268 1.749 2.304 2.766 3.149 3.313 3.206 3.187 2.964 0.000 
5.750 1.260 0.660 1.263 1.743 2.298 2.760 3.143 3.307 3.200 3.181 2.958 0.000 
5.750 1.580 0.654 1.255 1.734 2.289 2.751 3.134 3.297 3.191 3.171 2.948 0.000 
5.750 2.000 0.643 1.242 1.719 2.274 2.736 3.119 3.283 3.176 3.157 2.933 0.000 
5.750 2.510 0.626 1.222 1.698 2.252 2.714 3.097 3.260 3.154 3.134 2.911 0.000 
5.750 3.160 0.599 1.192 1.665 2.219 2.681 3.064 3.228 3.121 3.102 2.878 0.000 
5.750 3.980 0.560 1.148 1.619 2.173 2.635 3.017 3.181 3.074 3.055 2.832 0.000 
5.750 5.010 0.504 1.088 1.556 2.109 2.570 2.953 3.117 3.009 2.990 2.767 0.000 
5.750 6.310 0.431 1.009 1.473 2.025 2.486 2.869 3.032 2.925 2.905 2.683 0.000 
5.750 7.940 0.338 0.910 1.370 1.921 2.382 2.764 2.927 2.820 2.800 2.578 0.000 
5.750 10.000 0.228 0.794 1.248 1.798 2.258 2.640 2.803 2.695 2.675 2.453 0.000 
5.750 12.590 0.104 0.662 1.110 1.659 2.117 2.499 2.662 2.553 2.533 2.312 0.000 
5.750 15.850 -0.031 0.518 0.960 1.507 1.963 2.346 2.508 2.398 2.377 2.157 0.000 
5.750 19.950 -0.175 0.365 0.801 1.345 1.799 2.181 2.343 2.232 2.211 1.992 0.000 
5.750 25.120 -0.323 0.207 0.635 1.176 1.627 2.009 2.170 2.058 2.036 1.819 0.000 
5.750 31.620 -0.476 0.044 0.465 1.000 1.448 1.830 1.990 1.876 1.853 1.638 0.000 
5.750 39.810 -0.630 -0.122 0.291 0.821 1.264 1.645 1.804 1.688 1.664 1.451 0.000 
5.750 50.120 -0.787 -0.291 0.114 0.636 1.074 1.455 1.612 1.494 1.468 1.259 0.000 
5.750 63.100 -0.946 -0.461 -0.065 0.448 0.879 1.259 1.414 1.292 1.264 1.059 0.000 
5.750 79.430 -1.106 -0.634 -0.246 0.255 0.677 1.056 1.209 1.083 1.052 0.853 0.000 
5.750 100.000 -1.267 -0.808 -0.430 0.056 0.467 0.845 0.995 0.863 0.830 0.637 0.000 
5.750 125.890 -1.432 -0.985 -0.616 -0.149 0.247 0.624 0.771 0.632 0.595 0.410 0.000 
5.750 158.490 -1.599 -1.165 -0.806 -0.362 0.016 0.391 0.534 0.386 0.344 0.169 0.000 
5.750 199.530 -1.769 -1.349 -0.999 -0.586 -0.230 0.143 0.280 0.121 0.073 -0.089 0.000 
5.750 251.190 -1.944 -1.538 -1.197 -0.822 -0.494 -0.124 0.006 -0.167 -0.223 -0.368 0.000 
5.750 316.230 -2.125 -1.733 -1.402 -1.074 -0.782 -0.415 -0.294 -0.485 -0.550 -0.675 0.000 
5.750 398.110 -2.314 -1.935 -1.614 -1.345 -1.099 -0.735 -0.627 -0.839 -0.917 -1.015 0.000 
5.750 501.190 -2.512 -2.147 -1.835 -1.642 -1.452 -1.094 -1.000 -1.240 -1.333 -1.398 0.000 
5.750 630.960 -2.722 -2.370 -2.069 -1.970 -1.852 -1.500 -1.424 -1.699 -1.812 -1.836 0.000 
5.750 794.330 -2.947 -2.609 -2.317 -2.338 -2.309 -1.966 -1.913 -2.232 -2.370 -2.341 0.000 
5.750 1000.000 -3.191 -2.867 -2.585 -2.756 -2.840 -2.507 -2.483 -2.858 -3.026 -2.931 0.000 
6.000 1.000 0.759 1.358 1.819 2.343 2.774 3.130 3.274 3.160 3.132 2.924 0.000 
6.000 1.260 0.758 1.355 1.816 2.339 2.771 3.127 3.270 3.157 3.129 2.921 0.000 
6.000 1.580 0.756 1.351 1.811 2.334 2.766 3.122 3.265 3.151 3.123 2.915 0.000 
6.000 2.000 0.751 1.344 1.802 2.325 2.757 3.113 3.256 3.143 3.115 2.907 0.000 
6.000 2.510 0.742 1.333 1.789 2.312 2.744 3.100 3.243 3.130 3.102 2.894 0.000 
6.000 3.160 0.728 1.316 1.770 2.293 2.724 3.080 3.223 3.110 3.082 2.874 0.000 
6.000 3.980 0.705 1.290 1.741 2.263 2.695 3.051 3.194 3.080 3.052 2.844 0.000 
6.000 5.010 0.671 1.251 1.699 2.221 2.652 3.008 3.151 3.037 3.009 2.801 0.000 
6.000 6.310 0.621 1.196 1.641 2.162 2.593 2.949 3.092 2.978 2.949 2.742 0.000 
6.000 7.940 0.554 1.123 1.563 2.084 2.514 2.870 3.013 2.899 2.870 2.663 0.000 
6.000 10.000 0.468 1.030 1.466 1.986 2.415 2.771 2.913 2.798 2.770 2.563 0.000 
6.000 12.590 0.364 0.919 1.349 1.867 2.296 2.651 2.794 2.678 2.649 2.443 0.000 
6.000 15.850 0.245 0.792 1.216 1.732 2.159 2.514 2.656 2.540 2.511 2.306 0.000 
6.000 19.950 0.113 0.651 1.070 1.583 2.007 2.363 2.504 2.387 2.357 2.153 0.000 
6.000 25.120 -0.027 0.502 0.913 1.423 1.844 2.200 2.340 2.222 2.191 1.989 0.000 
6.000 31.620 -0.173 0.345 0.749 1.254 1.672 2.027 2.167 2.047 2.015 1.815 0.000 
6.000 39.810 -0.323 0.184 0.580 1.079 1.493 1.847 1.986 1.864 1.831 1.633 0.000 
6.000 50.120 -0.477 0.018 0.406 0.898 1.307 1.660 1.798 1.673 1.638 1.444 0.000 
6.000 63.100 -0.633 -0.150 0.230 0.712 1.114 1.467 1.602 1.474 1.438 1.247 0.000 
6.000 79.430 -0.792 -0.320 0.050 0.521 0.914 1.266 1.399 1.266 1.228 1.042 0.000 
6.000 100.000 -0.952 -0.493 -0.132 0.324 0.705 1.057 1.187 1.049 1.007 0.828 0.000 
6.000 125.890 -1.115 -0.669 -0.316 0.120 0.487 0.838 0.964 0.819 0.773 0.603 0.000 
6.000 158.490 -1.281 -0.848 -0.505 -0.092 0.257 0.606 0.728 0.574 0.523 0.363 0.000 
6.000 199.530 -1.450 -1.031 -0.697 -0.314 0.013 0.359 0.476 0.310 0.254 0.107 0.000 
6.000 251.190 -1.625 -1.218 -0.894 -0.549 -0.251 0.093 0.203 0.023 -0.041 -0.171 0.000 
6.000 316.230 -1.805 -1.412 -1.097 -0.799 -0.537 -0.196 -0.096 -0.293 -0.367 -0.477 0.000 
6.000 398.110 -1.992 -1.613 -1.308 -1.070 -0.853 -0.516 -0.428 -0.646 -0.733 -0.816 0.000 
6.000 501.190 -2.189 -1.824 -1.529 -1.366 -1.205 -0.874 -0.800 -1.046 -1.148 -1.199 0.000 
6.000 630.960 -2.398 -2.047 -1.761 -1.693 -1.604 -1.279 -1.223 -1.505 -1.626 -1.635 0.000 
6.000 794.330 -2.622 -2.284 -2.009 -2.060 -2.061 -1.744 -1.711 -2.036 -2.182 -2.139 0.000 
6.000 1000.000 -2.865 -2.541 -2.276 -2.477 -2.591 -2.284 -2.280 -2.661 -2.838 -2.729 0.000 
6.250 1.000 0.854 1.447 1.890 2.381 2.782 3.111 3.234 3.113 3.076 2.884 0.000 
6.250 1.260 0.854 1.446 1.888 2.379 2.780 3.109 3.232 3.111 3.074 2.882 0.000 
6.250 1.580 0.854 1.444 1.885 2.376 2.777 3.106 3.229 3.108 3.071 2.878 0.000 
6.250 2.000 0.853 1.441 1.880 2.371 2.772 3.101 3.224 3.103 3.066 2.874 0.000 
6.250 2.510 0.849 1.435 1.873 2.363 2.764 3.094 3.216 3.096 3.059 2.866 0.000 
6.250 3.160 0.843 1.426 1.861 2.352 2.753 3.082 3.205 3.084 3.047 2.854 0.000 
6.250 3.980 0.831 1.411 1.844 2.334 2.735 3.064 3.187 3.066 3.029 2.837 0.000 
6.250 5.010 0.812 1.388 1.818 2.308 2.708 3.038 3.160 3.039 3.002 2.810 0.000 
6.250 6.310 0.782 1.353 1.780 2.269 2.669 2.999 3.121 3.000 2.963 2.771 0.000 
6.250 7.940 0.738 1.303 1.726 2.215 2.615 2.944 3.066 2.945 2.908 2.716 0.000 
6.250 10.000 0.677 1.236 1.654 2.142 2.541 2.871 2.993 2.871 2.834 2.642 0.000 
6.250 12.590 0.597 1.150 1.563 2.049 2.447 2.776 2.898 2.776 2.738 2.547 0.000 
6.250 15.850 0.499 1.044 1.451 1.936 2.333 2.662 2.783 2.660 2.622 2.432 0.000 
6.250 19.950 0.385 0.921 1.323 1.805 2.199 2.528 2.649 2.526 2.487 2.298 0.000 
6.250 25.120 0.258 0.785 1.180 1.658 2.050 2.379 2.499 2.374 2.335 2.147 0.000 
6.250 31.620 0.122 0.638 1.026 1.500 1.889 2.217 2.336 2.210 2.169 1.984 0.000 
6.250 39.810 -0.022 0.483 0.863 1.332 1.716 2.044 2.163 2.034 1.992 1.809 0.000 
6.250 50.120 -0.171 0.323 0.695 1.156 1.535 1.863 1.980 1.848 1.805 1.625 0.000 
6.250 63.100 -0.324 0.159 0.522 0.974 1.346 1.673 1.788 1.653 1.608 1.432 0.000 
6.250 79.430 -0.480 -0.009 0.346 0.786 1.149 1.475 1.588 1.448 1.401 1.231 0.000 
6.250 100.000 -0.638 -0.180 0.166 0.591 0.943 1.268 1.378 1.233 1.183 1.019 0.000 
6.250 125.890 -0.800 -0.354 -0.017 0.389 0.727 1.050 1.157 1.005 0.951 0.795 0.000 
6.250 158.490 -0.964 -0.532 -0.204 0.179 0.498 0.820 0.922 0.762 0.702 0.557 0.000 
6.250 199.530 -1.133 -0.713 -0.395 -0.042 0.255 0.575 0.671 0.499 0.434 0.302 0.000 
6.250 251.190 -1.306 -0.900 -0.591 -0.276 -0.007 0.310 0.399 0.214 0.140 0.025 0.000 
6.250 316.230 -1.485 -1.092 -0.793 -0.526 -0.293 0.021 0.101 -0.102 -0.185 -0.279 0.000 
6.250 398.110 -1.672 -1.293 -1.003 -0.795 -0.607 -0.297 -0.229 -0.454 -0.549 -0.618 0.000 
6.250 501.190 -1.868 -1.502 -1.223 -1.090 -0.959 -0.654 -0.600 -0.853 -0.963 -0.999 0.000 
6.250 630.960 -2.076 -1.724 -1.454 -1.416 -1.356 -1.058 -1.022 -1.310 -1.440 -1.434 0.000 
6.250 794.330 -2.299 -1.961 -1.701 -1.782 -1.812 -1.522 -1.509 -1.841 -1.995 -1.937 0.000 
6.250 1000.000 -2.541 -2.217 -1.967 -2.198 -2.341 -2.061 -2.077 -2.464 -2.650 -2.526 0.000 
6.500 1.000 0.949 1.537 1.961 2.419 2.789 3.091 3.193 3.065 3.019 2.842 0.000 
6.500 1.260 0.950 1.536 1.960 2.418 2.787 3.090 3.192 3.064 3.018 2.841 0.000 
6.500 1.580 0.951 1.536 1.958 2.416 2.786 3.088 3.190 3.063 3.017 2.840 0.000 
6.500 2.000 0.951 1.534 1.955 2.413 2.783 3.086 3.188 3.060 3.014 2.837 0.000 
6.500 2.510 0.951 1.532 1.951 2.409 2.779 3.081 3.183 3.056 3.009 2.832 0.000 
6.500 3.160 0.949 1.527 1.944 2.402 2.772 3.075 3.177 3.049 3.003 2.826 0.000 
6.500 3.980 0.944 1.519 1.934 2.392 2.762 3.064 3.166 3.038 2.992 2.815 0.000 
6.500 5.010 0.935 1.506 1.919 2.376 2.746 3.048 3.150 3.022 2.976 2.799 0.000 
6.500 6.310 0.919 1.486 1.895 2.353 2.722 3.024 3.126 2.998 2.952 2.775 0.000 
6.500 7.940 0.893 1.455 1.861 2.318 2.686 2.989 3.091 2.962 2.916 2.740 0.000 
6.500 10.000 0.855 1.411 1.812 2.268 2.636 2.939 3.040 2.912 2.865 2.689 0.000 
6.500 12.590 0.800 1.349 1.746 2.201 2.568 2.870 2.971 2.842 2.796 2.620 0.000 
6.500 15.850 0.726 1.268 1.660 2.113 2.479 2.781 2.882 2.752 2.705 2.530 0.000 
6.500 19.950 0.635 1.168 1.554 2.004 2.369 2.671 2.771 2.641 2.593 2.419 0.000 
6.500 25.120 0.526 1.051 1.430 1.877 2.239 2.541 2.641 2.509 2.461 2.288 0.000 
6.500 31.620 0.403 0.918 1.290 1.734 2.092 2.394 2.493 2.360 2.310 2.140 0.000 
6.500 39.810 0.270 0.774 1.139 1.577 1.931 2.232 2.330 2.195 2.145 1.977 0.000 
6.500 50.120 0.128 0.622 0.978 1.409 1.758 2.059 2.155 2.017 1.966 1.801 0.000 
6.500 63.100 -0.019 0.462 0.811 1.232 1.574 1.874 1.969 1.828 1.775 1.614 0.000 
6.500 79.430 -0.172 0.298 0.638 1.048 1.381 1.681 1.773 1.628 1.572 1.416 0.000 
6.500 100.000 -0.327 0.130 0.461 0.856 1.178 1.477 1.566 1.415 1.356 1.207 0.000 
6.500 125.890 -0.487 -0.042 0.280 0.657 0.964 1.261 1.348 1.190 1.127 0.986 0.000 
6.500 158.490 -0.650 -0.218 0.095 0.448 0.738 1.033 1.115 0.948 0.880 0.750 0.000 
6.500 199.530 -0.817 -0.398 -0.094 0.229 0.496 0.789 0.865 0.688 0.614 0.496 0.000 
6.500 251.190 -0.989 -0.583 -0.289 -0.004 0.235 0.526 0.595 0.403 0.322 0.220 0.000 
6.500 316.230 -1.167 -0.774 -0.490 -0.252 -0.049 0.239 0.298 0.089 -0.002 -0.083 0.000 
6.500 398.110 -1.352 -0.973 -0.699 -0.521 -0.362 -0.079 -0.031 -0.262 -0.366 -0.420 0.000 
6.500 501.190 -1.547 -1.182 -0.917 -0.814 -0.712 -0.434 -0.400 -0.660 -0.779 -0.800 0.000 
6.500 630.960 -1.754 -1.403 -1.147 -1.139 -1.109 -0.837 -0.821 -1.116 -1.254 -1.234 0.000 
6.500 794.330 -1.976 -1.638 -1.393 -1.504 -1.564 -1.300 -1.307 -1.646 -1.809 -1.736 0.000 
6.500 1000.000 -2.217 -1.893 -1.658 -1.919 -2.092 -1.838 -1.874 -2.268 -2.462 -2.324 0.000 
6.750 1.000 1.044 1.626 2.033 2.458 2.795 3.071 3.152 3.017 2.962 2.801 0.000 
6.750 1.260 1.045 1.626 2.032 2.457 2.795 3.070 3.151 3.016 2.961 2.800 0.000 
6.750 1.580 1.047 1.626 2.031 2.456 2.794 3.069 3.150 3.015 2.960 2.799 0.000 
6.750 2.000 1.048 1.626 2.030 2.454 2.792 3.068 3.149 3.014 2.958 2.797 0.000 
6.750 2.510 1.049 1.625 2.028 2.452 2.790 3.065 3.146 3.011 2.956 2.795 0.000 
6.750 3.160 1.050 1.623 2.024 2.448 2.786 3.062 3.143 3.007 2.952 2.791 0.000 
6.750 3.980 1.049 1.619 2.018 2.442 2.780 3.056 3.137 3.001 2.946 2.785 0.000 
6.750 5.010 1.046 1.613 2.009 2.433 2.770 3.046 3.127 2.992 2.936 2.776 0.000 
6.750 6.310 1.039 1.602 1.995 2.419 2.756 3.032 3.113 2.977 2.922 2.761 0.000 
6.750 7.940 1.026 1.584 1.974 2.398 2.734 3.010 3.091 2.955 2.900 2.739 0.000 
6.750 10.000 1.005 1.557 1.943 2.366 2.702 2.978 3.059 2.923 2.867 2.707 0.000 
6.750 12.590 0.971 1.517 1.899 2.320 2.656 2.932 3.012 2.876 2.820 2.660 0.000 
6.750 15.850 0.922 1.461 1.837 2.258 2.592 2.868 2.948 2.811 2.755 2.596 0.000 
6.750 19.950 0.855 1.386 1.757 2.175 2.508 2.783 2.863 2.726 2.669 2.511 0.000 
6.750 25.120 0.770 1.292 1.656 2.072 2.402 2.678 2.757 2.618 2.561 2.404 0.000 
6.750 31.620 0.666 1.179 1.537 1.948 2.276 2.551 2.630 2.490 2.432 2.276 0.000 
6.750 39.810 0.548 1.051 1.401 1.807 2.131 2.406 2.483 2.341 2.282 2.129 0.000 
6.750 50.120 0.418 0.910 1.252 1.652 1.970 2.244 2.321 2.176 2.116 1.966 0.000 
6.750 63.100 0.278 0.759 1.093 1.484 1.796 2.069 2.144 1.996 1.934 1.788 0.000 
6.750 79.430 0.132 0.601 0.927 1.306 1.609 1.882 1.954 1.802 1.737 1.596 0.000 
6.750 100.000 -0.020 0.437 0.754 1.118 1.411 1.682 1.752 1.594 1.527 1.392 0.000 
6.750 125.890 -0.176 0.268 0.576 0.922 1.200 1.471 1.536 1.372 1.301 1.174 0.000 
6.750 158.490 -0.337 0.094 0.394 0.716 0.976 1.245 1.306 1.133 1.057 0.941 0.000 
6.750 199.530 -0.502 -0.084 0.206 0.498 0.736 1.003 1.059 0.875 0.792 0.689 0.000 
6.750 251.190 -0.673 -0.268 0.013 0.268 0.477 0.742 0.790 0.592 0.502 0.415 0.000 
6.750 316.230 -0.850 -0.458 -0.187 0.021 0.195 0.456 0.495 0.279 0.180 0.114 0.000 
6.750 398.110 -1.034 -0.655 -0.394 -0.246 -0.117 0.139 0.167 -0.070 -0.182 -0.222 0.000 
6.750 501.190 -1.228 -0.863 -0.611 -0.539 -0.467 -0.215 -0.201 -0.467 -0.594 -0.601 0.000 
6.750 630.960 -1.434 -1.083 -0.841 -0.863 -0.862 -0.617 -0.621 -0.922 -1.069 -1.034 0.000 
6.750 794.330 -1.655 -1.317 -1.085 -1.227 -1.315 -1.078 -1.106 -1.450 -1.622 -1.535 0.000 
6.750 1000.000 -1.895 -1.571 -1.349 -1.640 -1.842 -1.616 -1.672 -2.072 -2.274 -2.121 0.000 
7.000 1.000 1.140 1.716 2.107 2.496 2.801 3.050 3.110 2.967 2.902 2.758 0.000 
7.000 1.260 1.141 1.717 2.106 2.496 2.801 3.050 3.110 2.966 2.902 2.757 0.000 
7.000 1.580 1.143 1.717 2.106 2.495 2.800 3.049 3.109 2.966 2.901 2.757 0.000 
7.000 2.000 1.145 1.717 2.105 2.495 2.799 3.048 3.108 2.965 2.900 2.756 0.000 
7.000 2.510 1.146 1.717 2.104 2.493 2.798 3.047 3.107 2.963 2.899 2.754 0.000 
7.000 3.160 1.148 1.717 2.101 2.491 2.796 3.045 3.105 2.961 2.896 2.752 0.000 
7.000 3.980 1.149 1.715 2.098 2.488 2.792 3.041 3.101 2.958 2.893 2.749 0.000 
7.000 5.010 1.150 1.712 2.093 2.482 2.787 3.036 3.096 2.952 2.887 2.743 0.000 
7.000 6.310 1.148 1.707 2.085 2.474 2.778 3.027 3.087 2.944 2.879 2.735 0.000 
7.000 7.940 1.144 1.698 2.073 2.462 2.766 3.014 3.074 2.931 2.866 2.722 0.000 
7.000 10.000 1.134 1.683 2.054 2.442 2.746 2.995 3.055 2.911 2.846 2.702 0.000 
7.000 12.590 1.116 1.659 2.026 2.414 2.717 2.965 3.025 2.881 2.816 2.672 0.000 
7.000 15.850 1.087 1.624 1.985 2.372 2.674 2.923 2.982 2.838 2.772 2.629 0.000 
7.000 19.950 1.044 1.573 1.929 2.314 2.615 2.863 2.922 2.777 2.711 2.569 0.000 
7.000 25.120 0.983 1.503 1.854 2.236 2.535 2.783 2.842 2.696 2.630 2.489 0.000 
7.000 31.620 0.904 1.415 1.758 2.137 2.434 2.682 2.740 2.592 2.525 2.386 0.000 
7.000 39.810 0.806 1.307 1.644 2.018 2.310 2.558 2.615 2.466 2.398 2.261 0.000 
7.000 50.120 0.692 1.183 1.512 1.879 2.167 2.414 2.470 2.318 2.249 2.115 0.000 
7.000 63.100 0.565 1.044 1.366 1.724 2.006 2.252 2.307 2.152 2.081 1.950 0.000 
7.000 79.430 0.427 0.895 1.208 1.556 1.829 2.075 2.127 1.968 1.894 1.768 0.000 
7.000 100.000 0.282 0.738 1.042 1.375 1.637 1.882 1.932 1.767 1.691 1.571 0.000 
7.000 125.890 0.130 0.574 0.869 1.184 1.432 1.676 1.721 1.550 1.470 1.359 0.000 
7.000 158.490 -0.028 0.403 0.690 0.981 1.212 1.454 1.495 1.315 1.230 1.129 0.000 
7.000 199.530 -0.191 0.228 0.505 0.767 0.975 1.215 1.250 1.060 0.969 0.880 0.000 
7.000 251.190 -0.359 0.046 0.314 0.538 0.718 0.956 0.984 0.779 0.681 0.609 0.000 
7.000 316.230 -0.534 -0.143 0.116 0.293 0.437 0.672 0.691 0.469 0.360 0.309 0.000 
7.000 398.110 -0.717 -0.339 -0.090 0.027 0.127 0.357 0.365 0.120 -0.000 -0.025 0.000 
7.000 501.190 -0.910 -0.545 -0.306 -0.264 -0.221 0.004 -0.003 -0.275 -0.411 -0.403 0.000 
7.000 630.960 -1.115 -0.764 -0.534 -0.587 -0.615 -0.397 -0.421 -0.728 -0.884 -0.834 0.000 
7.000 794.330 -1.335 -0.997 -0.778 -0.949 -1.068 -0.857 -0.905 -1.256 -1.436 -1.334 0.000 
7.000 1000.000 -1.574 -1.250 -1.040 -1.362 -1.593 -1.393 -1.470 -1.876 -2.087 -1.920 0.000 
7.250 1.000 1.236 1.807 2.181 2.535 2.805 3.027 3.066 2.914 2.839 2.712 0.000 
7.250 1.260 1.237 1.807 2.181 2.534 2.805 3.027 3.066 2.914 2.839 2.712 0.000 
7.250 1.580 1.239 1.807 2.181 2.534 2.805 3.027 3.065 2.913 2.839 2.712 0.000 
7.250 2.000 1.241 1.808 2.180 2.534 2.804 3.026 3.065 2.913 2.838 2.711 0.000 
7.250 2.510 1.243 1.808 2.180 2.533 2.803 3.025 3.064 2.912 2.837 2.710 0.000 
7.250 3.160 1.245 1.809 2.179 2.532 2.802 3.024 3.063 2.911 2.836 2.709 0.000 
7.250 3.980 1.248 1.809 2.177 2.530 2.800 3.022 3.061 2.909 2.834 2.707 0.000 
7.250 5.010 1.250 1.808 2.174 2.527 2.797 3.019 3.058 2.906 2.831 2.704 0.000 
7.250 6.310 1.251 1.806 2.169 2.522 2.792 3.014 3.053 2.901 2.826 2.699 0.000 
7.250 7.940 1.251 1.802 2.162 2.515 2.785 3.007 3.045 2.893 2.818 2.692 0.000 
7.250 10.000 1.249 1.794 2.151 2.503 2.773 2.995 3.033 2.881 2.806 2.680 0.000 
7.250 12.590 1.242 1.782 2.134 2.486 2.755 2.977 3.015 2.863 2.788 2.662 0.000 
7.250 15.850 1.228 1.761 2.109 2.460 2.728 2.950 2.988 2.835 2.760 2.634 0.000 
7.250 19.950 1.203 1.729 2.072 2.422 2.689 2.911 2.949 2.795 2.720 2.595 0.000 
7.250 25.120 1.165 1.683 2.020 2.368 2.634 2.855 2.893 2.738 2.663 2.538 0.000 
7.250 31.620 1.110 1.619 1.950 2.294 2.558 2.780 2.816 2.661 2.585 2.462 0.000 
7.250 39.810 1.037 1.536 1.860 2.200 2.461 2.682 2.718 2.561 2.484 2.362 0.000 
7.250 50.120 0.944 1.433 1.750 2.084 2.340 2.561 2.596 2.437 2.358 2.239 0.000 
7.250 63.100 0.834 1.313 1.622 1.948 2.198 2.418 2.451 2.289 2.209 2.094 0.000 
7.250 79.430 0.710 1.177 1.478 1.794 2.035 2.255 2.286 2.120 2.038 1.927 0.000 
7.250 100.000 0.575 1.030 1.323 1.624 1.855 2.073 2.102 1.931 1.845 1.741 0.000 
7.250 125.890 0.430 0.873 1.157 1.440 1.657 1.875 1.900 1.722 1.633 1.537 0.000 
7.250 158.490 0.277 0.708 0.983 1.243 1.443 1.658 1.679 1.493 1.399 1.313 0.000 
7.250 199.530 0.118 0.536 0.801 1.032 1.210 1.424 1.439 1.241 1.142 1.068 0.000 
7.250 251.190 -0.048 0.357 0.613 0.806 0.956 1.167 1.175 0.964 0.857 0.800 0.000 
7.250 316.230 -0.221 0.170 0.417 0.563 0.678 0.886 0.885 0.656 0.539 0.503 0.000 
7.250 398.110 -0.402 -0.024 0.213 0.300 0.369 0.573 0.560 0.310 0.181 0.170 0.000 
7.250 501.190 -0.594 -0.229 -0.001 0.010 0.023 0.222 0.195 -0.083 -0.228 -0.205 0.000 
7.250 630.960 -0.797 -0.446 -0.228 -0.311 -0.369 -0.177 -0.222 -0.536 -0.700 -0.636 0.000 
7.250 794.330 -1.016 -0.679 -0.471 -0.673 -0.821 -0.637 -0.705 -1.062 -1.251 -1.134 0.000 
7.250 1000.000 -1.254 -0.931 -0.732 -1.084 -1.345 -1.171 -1.268 -1.681 -1.900 -1.718 0.000 
7.500 1.000 1.332 1.897 2.257 2.572 2.807 3.001 3.018 2.857 2.772 2.663 0.000 
7.500 1.260 1.333 1.897 2.257 2.572 2.806 3.001 3.018 2.857 2.772 2.663 0.000 
7.500 1.580 1.335 1.898 2.257 2.572 2.806 3.001 3.018 2.857 2.772 2.663 0.000 
7.500 2.000 1.337 1.898 2.257 2.571 2.806 3.001 3.018 2.856 2.771 2.663 0.000 
7.500 2.510 1.339 1.899 2.256 2.571 2.806 3.000 3.017 2.856 2.771 2.662 0.000 
7.500 3.160 1.341 1.900 2.256 2.570 2.805 3.000 3.016 2.855 2.770 2.661 0.000 
7.500 3.980 1.344 1.900 2.255 2.569 2.804 2.999 3.015 2.854 2.769 2.660 0.000 
7.500 5.010 1.347 1.901 2.253 2.567 2.802 2.997 3.013 2.852 2.767 2.659 0.000 
7.500 6.310 1.350 1.901 2.250 2.565 2.799 2.994 3.011 2.849 2.764 2.656 0.000 
7.500 7.940 1.353 1.899 2.246 2.560 2.795 2.990 3.006 2.845 2.760 2.651 0.000 
7.500 10.000 1.355 1.896 2.240 2.554 2.788 2.983 2.999 2.838 2.753 2.644 0.000 
7.500 12.590 1.354 1.890 2.230 2.544 2.777 2.972 2.989 2.827 2.742 2.634 0.000 
7.500 15.850 1.349 1.880 2.215 2.528 2.761 2.956 2.972 2.810 2.725 2.617 0.000 
7.500 19.950 1.339 1.862 2.192 2.504 2.736 2.931 2.947 2.785 2.699 2.592 0.000 
7.500 25.120 1.318 1.834 2.159 2.469 2.700 2.895 2.910 2.747 2.662 2.555 0.000 
7.500 31.620 1.285 1.792 2.111 2.419 2.648 2.842 2.858 2.694 2.608 2.502 0.000 
7.500 39.810 1.236 1.734 2.046 2.350 2.576 2.771 2.785 2.620 2.533 2.429 0.000 
7.500 50.120 1.168 1.656 1.961 2.260 2.482 2.676 2.690 2.522 2.434 2.332 0.000 
7.500 63.100 1.081 1.558 1.856 2.147 2.364 2.557 2.569 2.399 2.310 2.211 0.000 
7.500 79.430 0.975 1.441 1.731 2.012 2.222 2.415 2.425 2.251 2.159 2.065 0.000 
7.500 100.000 0.854 1.309 1.590 1.858 2.058 2.249 2.257 2.078 1.984 1.896 0.000 
7.500 125.890 0.720 1.163 1.435 1.686 1.872 2.063 2.067 1.882 1.784 1.703 0.000 
7.500 158.490 0.575 1.005 1.269 1.497 1.666 1.855 1.855 1.662 1.559 1.489 0.000 
7.500 199.530 0.422 0.839 1.094 1.293 1.440 1.627 1.621 1.417 1.309 1.251 0.000 
7.500 251.190 0.260 0.664 0.910 1.071 1.191 1.375 1.363 1.145 1.029 0.987 0.000 
7.500 316.230 0.089 0.481 0.717 0.832 0.916 1.097 1.076 0.840 0.715 0.693 0.000 
7.500 398.110 -0.090 0.288 0.515 0.571 0.610 0.787 0.754 0.497 0.359 0.364 0.000 
7.500 501.190 -0.279 0.085 0.302 0.283 0.266 0.438 0.391 0.106 -0.047 -0.010 0.000 
7.500 630.960 -0.481 -0.131 0.077 -0.037 -0.125 0.041 -0.025 -0.344 -0.517 -0.438 0.000 
7.500 794.330 -0.699 -0.362 -0.164 -0.397 -0.574 -0.417 -0.505 -0.869 -1.066 -0.935 0.000 
7.500 1000.000 -0.936 -0.612 -0.424 -0.807 -1.097 -0.950 -1.067 -1.486 -1.715 -1.518 0.000 
7.750 1.000 1.427 1.987 2.333 2.607 2.803 2.971 2.965 2.793 2.698 2.609 0.000 
7.750 1.260 1.429 1.987 2.333 2.607 2.803 2.971 2.965 2.793 2.698 2.609 0.000 
7.750 1.580 1.430 1.988 2.333 2.606 2.803 2.971 2.965 2.793 2.698 2.608 0.000 
7.750 2.000 1.432 1.988 2.333 2.606 2.803 2.971 2.965 2.793 2.697 2.608 0.000 
7.750 2.510 1.434 1.989 2.333 2.606 2.803 2.970 2.965 2.793 2.697 2.608 0.000 
7.750 3.160 1.437 1.990 2.333 2.606 2.802 2.970 2.964 2.792 2.697 2.608 0.000 
7.750 3.980 1.440 1.991 2.332 2.605 2.802 2.969 2.964 2.792 2.696 2.607 0.000 
7.750 5.010 1.443 1.992 2.331 2.604 2.801 2.968 2.963 2.791 2.695 2.606 0.000 
7.750 6.310 1.447 1.992 2.330 2.603 2.799 2.967 2.961 2.789 2.693 2.604 0.000 
7.750 7.940 1.451 1.993 2.327 2.600 2.797 2.964 2.958 2.786 2.691 2.602 0.000 
7.750 10.000 1.455 1.992 2.324 2.596 2.793 2.960 2.954 2.782 2.687 2.598 0.000 
7.750 12.590 1.458 1.990 2.318 2.590 2.786 2.954 2.948 2.776 2.680 2.591 0.000 
7.750 15.850 1.459 1.986 2.309 2.581 2.777 2.944 2.938 2.766 2.670 2.581 0.000 
7.750 19.950 1.457 1.977 2.296 2.567 2.762 2.929 2.923 2.750 2.654 2.566 0.000 
7.750 25.120 1.449 1.961 2.275 2.545 2.739 2.906 2.900 2.727 2.630 2.543 0.000 
7.750 31.620 1.432 1.937 2.245 2.512 2.705 2.872 2.866 2.692 2.595 2.508 0.000 
7.750 39.810 1.404 1.900 2.201 2.466 2.656 2.823 2.816 2.641 2.543 2.458 0.000 
7.750 50.120 1.360 1.846 2.141 2.401 2.588 2.754 2.746 2.570 2.471 2.388 0.000 
7.750 63.100 1.297 1.773 2.060 2.314 2.496 2.663 2.653 2.474 2.375 2.294 0.000 
7.750 79.430 1.215 1.680 1.960 2.204 2.380 2.545 2.534 2.352 2.250 2.174 0.000 
7.750 100.000 1.114 1.567 1.839 2.071 2.237 2.402 2.388 2.202 2.098 2.026 0.000 
7.750 125.890 0.996 1.437 1.700 1.916 2.069 2.233 2.216 2.023 1.916 1.852 0.000 
7.750 158.490 0.863 1.292 1.546 1.740 1.877 2.039 2.018 1.817 1.705 1.651 0.000 
7.750 199.530 0.717 1.134 1.379 1.545 1.661 1.821 1.795 1.583 1.465 1.423 0.000 
7.750 251.190 0.562 0.965 1.201 1.331 1.419 1.577 1.544 1.319 1.193 1.167 0.000 
7.750 316.230 0.396 0.787 1.013 1.096 1.150 1.304 1.262 1.020 0.885 0.879 0.000 
7.750 398.110 0.220 0.597 0.815 0.839 0.848 0.998 0.945 0.681 0.534 0.554 0.000 
7.750 501.190 0.033 0.397 0.604 0.554 0.507 0.652 0.584 0.293 0.131 0.183 0.000 
7.750 630.960 -0.168 0.183 0.381 0.236 0.118 0.257 0.171 -0.155 -0.336 -0.242 0.000 
7.750 794.330 -0.384 -0.046 0.142 -0.122 -0.329 -0.198 -0.307 -0.677 -0.883 -0.737 0.000 
7.750 1000.000 -0.619 -0.296 -0.117 -0.530 -0.851 -0.730 -0.868 -1.293 -1.530 -1.318 0.000 
8.000 1.000 1.522 2.075 2.410 2.637 2.793 2.933 2.905 2.721 2.614 2.546 0.000 
8.000 1.260 1.523 2.076 2.410 2.637 2.793 2.933 2.905 2.721 2.614 2.546 0.000 
8.000 1.580 1.525 2.076 2.410 2.637 2.793 2.933 2.905 2.721 2.614 2.545 0.000 
8.000 2.000 1.526 2.077 2.409 2.637 2.793 2.933 2.904 2.721 2.613 2.545 0.000 
8.000 2.510 1.528 2.078 2.409 2.637 2.793 2.933 2.904 2.721 2.613 2.545 0.000 
8.000 3.160 1.531 2.079 2.409 2.637 2.793 2.933 2.904 2.720 2.613 2.545 0.000 
8.000 3.980 1.534 2.080 2.409 2.637 2.793 2.932 2.904 2.720 2.613 2.545 0.000 
8.000 5.010 1.537 2.081 2.408 2.636 2.792 2.932 2.903 2.719 2.612 2.544 0.000 
8.000 6.310 1.541 2.082 2.408 2.635 2.791 2.931 2.902 2.718 2.611 2.543 0.000 
8.000 7.940 1.546 2.083 2.406 2.634 2.790 2.929 2.901 2.717 2.609 2.542 0.000 
8.000 10.000 1.551 2.084 2.404 2.632 2.787 2.927 2.898 2.714 2.607 2.539 0.000 
8.000 12.590 1.555 2.084 2.401 2.628 2.784 2.923 2.894 2.711 2.603 2.535 0.000 
8.000 15.850 1.560 2.083 2.396 2.623 2.778 2.918 2.889 2.705 2.597 2.529 0.000 
8.000 19.950 1.563 2.080 2.388 2.614 2.769 2.909 2.880 2.695 2.588 2.520 0.000 
8.000 25.120 1.562 2.072 2.376 2.601 2.755 2.895 2.865 2.681 2.573 2.506 0.000 
8.000 31.620 1.557 2.060 2.357 2.581 2.734 2.873 2.844 2.658 2.550 2.484 0.000 
8.000 39.810 1.544 2.038 2.330 2.551 2.702 2.841 2.811 2.625 2.517 2.451 0.000 
8.000 50.120 1.520 2.005 2.290 2.507 2.655 2.795 2.764 2.576 2.467 2.403 0.000 
8.000 63.100 1.481 1.955 2.233 2.446 2.590 2.729 2.697 2.507 2.397 2.336 0.000 
8.000 79.430 1.424 1.888 2.158 2.362 2.501 2.639 2.606 2.413 2.301 2.243 0.000 
8.000 100.000 1.347 1.799 2.061 2.255 2.385 2.522 2.487 2.290 2.176 2.123 0.000 
8.000 125.890 1.249 1.690 1.944 2.122 2.241 2.377 2.339 2.137 2.019 1.973 0.000 
8.000 158.490 1.133 1.562 1.807 1.965 2.068 2.203 2.161 1.951 1.829 1.792 0.000 
8.000 199.530 1.001 1.417 1.654 1.784 1.867 2.000 1.952 1.733 1.605 1.580 0.000 
8.000 251.190 0.855 1.258 1.485 1.580 1.636 1.767 1.713 1.480 1.345 1.336 0.000 
8.000 316.230 0.696 1.086 1.304 1.354 1.375 1.503 1.440 1.190 1.046 1.056 0.000 
8.000 398.110 0.525 0.902 1.110 1.102 1.079 1.203 1.129 0.858 0.702 0.737 0.000 
8.000 501.190 0.341 0.705 0.904 0.821 0.743 0.862 0.773 0.475 0.304 0.372 0.000 
8.000 630.960 0.143 0.494 0.683 0.507 0.358 0.470 0.364 0.031 -0.160 -0.050 0.000 
8.000 794.330 -0.070 0.267 0.446 0.151 -0.087 0.018 -0.112 -0.489 -0.703 -0.542 0.000 
8.000 1000.000 -0.304 0.019 0.189 -0.255 -0.606 -0.512 -0.670 -1.102 -1.348 -1.121 0.000 
