AtkinsonBoore2003SSlabCascadia_CanadaSHM6-trial modified from OpenQuake implementation, distance is rrup. Log10 ground motion values in cgs units, PGV and Sa(T<0.1s) not valid
          14 31 11 : nmag, ndist, nperiod
          10.000 5.000 3.000 2.000 1.000 0.400 0.200 0.100 0.040 PGA PGV 
          0.691 0.691 0.691 0.691 0.668 0.645 0.645 0.645 0.576 0.622 0.000 
4.750 1.000 0.246 0.883 1.464 2.142 2.724 3.172 3.417 3.337 3.352 3.069 0.000 
4.750 1.260 0.201 0.836 1.416 2.094 2.676 3.123 3.369 3.288 3.303 3.021 0.000 
4.750 1.580 0.140 0.772 1.350 2.028 2.609 3.057 3.302 3.222 3.237 2.954 0.000 
4.750 2.000 0.059 0.688 1.264 1.941 2.523 2.971 3.216 3.135 3.150 2.868 0.000 
4.750 2.510 -0.041 0.584 1.157 1.835 2.416 2.864 3.109 3.028 3.043 2.761 0.000 
4.750 3.160 -0.158 0.462 1.032 1.709 2.290 2.747 2.993 2.912 2.928 2.648 0.000 
4.750 3.980 -0.291 0.325 0.891 1.567 2.148 2.621 2.870 2.789 2.804 2.530 0.000 
4.750 5.010 -0.434 0.176 0.738 1.413 1.994 2.479 2.730 2.648 2.663 2.393 0.000 
4.750 6.310 -0.584 0.018 0.576 1.250 1.830 2.325 2.576 2.495 2.509 2.243 0.000 
4.750 7.940 -0.740 -0.145 0.407 1.081 1.659 2.161 2.413 2.331 2.346 2.081 0.000 
4.750 10.000 -0.898 -0.311 0.234 0.907 1.484 1.985 2.238 2.155 2.169 1.906 0.000 
4.750 12.590 -1.058 -0.480 0.059 0.729 1.305 1.806 2.058 1.975 1.989 1.726 0.000 
4.750 15.850 -1.219 -0.651 -0.119 0.549 1.124 1.624 1.876 1.792 1.805 1.543 0.000 
4.750 19.950 -1.380 -0.823 -0.298 0.367 0.939 1.440 1.691 1.605 1.618 1.358 0.000 
4.750 25.120 -1.542 -0.995 -0.478 0.183 0.752 1.253 1.503 1.416 1.428 1.169 0.000 
4.750 31.620 -1.703 -1.168 -0.660 -0.003 0.563 1.063 1.312 1.223 1.234 0.978 0.000 
4.750 39.810 -1.865 -1.342 -0.842 -0.192 0.370 0.869 1.117 1.027 1.036 0.782 0.000 
4.750 50.120 -2.028 -1.517 -1.026 -0.383 0.173 0.672 0.919 0.825 0.833 0.582 0.000 
4.750 63.100 -2.191 -1.693 -1.211 -0.577 -0.029 0.470 0.715 0.618 0.624 0.377 0.000 
4.750 79.430 -2.355 -1.870 -1.397 -0.776 -0.236 0.262 0.504 0.403 0.407 0.165 0.000 
4.750 100.000 -2.521 -2.049 -1.586 -0.979 -0.451 0.046 0.285 0.179 0.179 -0.056 0.000 
4.750 125.890 -2.690 -2.231 -1.776 -1.189 -0.675 -0.180 0.057 -0.057 -0.061 -0.287 0.000 
4.750 158.490 -2.860 -2.415 -1.970 -1.406 -0.910 -0.417 -0.185 -0.308 -0.316 -0.532 0.000 
4.750 199.530 -3.035 -2.603 -2.168 -1.634 -1.161 -0.669 -0.443 -0.577 -0.591 -0.794 0.000 
4.750 251.190 -3.214 -2.796 -2.371 -1.874 -1.429 -0.940 -0.722 -0.869 -0.891 -1.078 0.000 
4.750 316.230 -3.399 -2.995 -2.579 -2.130 -1.721 -1.235 -1.026 -1.191 -1.223 -1.389 0.000 
4.750 398.110 -3.592 -3.201 -2.795 -2.406 -2.042 -1.560 -1.362 -1.550 -1.594 -1.733 0.000 
4.750 501.190 -3.794 -3.417 -3.021 -2.707 -2.400 -1.923 -1.740 -1.955 -2.014 -2.121 0.000 
4.750 630.960 -4.007 -3.644 -3.259 -3.040 -2.803 -2.333 -2.168 -2.418 -2.497 -2.562 0.000 
4.750 794.330 -4.236 -3.887 -3.511 -3.412 -3.265 -2.803 -2.661 -2.955 -3.059 -3.071 0.000 
4.750 1000.000 -4.484 -4.149 -3.783 -3.834 -3.800 -3.349 -3.235 -3.585 -3.719 -3.666 0.000 
5.000 1.000 0.372 1.004 1.561 2.209 2.761 3.182 3.407 3.320 3.327 3.059 0.000 
5.000 1.260 0.345 0.975 1.531 2.178 2.730 3.151 3.376 3.289 3.296 3.028 0.000 
5.000 1.580 0.306 0.933 1.487 2.134 2.686 3.107 3.332 3.245 3.252 2.984 0.000 
5.000 2.000 0.250 0.874 1.426 2.073 2.625 3.046 3.271 3.184 3.191 2.923 0.000 
5.000 2.510 0.176 0.796 1.346 1.993 2.545 2.966 3.191 3.103 3.110 2.842 0.000 
5.000 3.160 0.082 0.699 1.245 1.892 2.443 2.865 3.089 3.002 3.009 2.741 0.000 
5.000 3.980 -0.029 0.582 1.126 1.772 2.323 2.755 2.981 2.894 2.900 2.636 0.000 
5.000 5.010 -0.156 0.450 0.989 1.634 2.185 2.633 2.861 2.773 2.780 2.521 0.000 
5.000 6.310 -0.295 0.305 0.839 1.484 2.034 2.493 2.724 2.636 2.642 2.387 0.000 
5.000 7.940 -0.442 0.151 0.680 1.324 1.873 2.341 2.572 2.484 2.490 2.238 0.000 
5.000 10.000 -0.594 -0.010 0.514 1.156 1.704 2.179 2.411 2.322 2.327 2.078 0.000 
5.000 12.590 -0.750 -0.175 0.343 0.983 1.530 2.004 2.236 2.146 2.152 1.903 0.000 
5.000 15.850 -0.908 -0.342 0.169 0.806 1.351 1.826 2.057 1.966 1.971 1.724 0.000 
5.000 19.950 -1.067 -0.512 -0.008 0.627 1.170 1.644 1.874 1.783 1.787 1.541 0.000 
5.000 25.120 -1.227 -0.682 -0.186 0.445 0.985 1.458 1.688 1.595 1.599 1.355 0.000 
5.000 31.620 -1.388 -0.854 -0.366 0.260 0.797 1.270 1.499 1.404 1.407 1.165 0.000 
5.000 39.810 -1.549 -1.027 -0.547 0.073 0.605 1.078 1.306 1.209 1.210 0.971 0.000 
5.000 50.120 -1.710 -1.200 -0.729 -0.117 0.410 0.882 1.109 1.009 1.009 0.772 0.000 
5.000 63.100 -1.872 -1.375 -0.913 -0.310 0.209 0.681 0.906 0.803 0.800 0.568 0.000 
5.000 79.430 -2.036 -1.551 -1.099 -0.507 0.003 0.474 0.696 0.589 0.584 0.357 0.000 
5.000 100.000 -2.201 -1.729 -1.286 -0.709 -0.211 0.259 0.479 0.366 0.358 0.138 0.000 
5.000 125.890 -2.368 -1.910 -1.476 -0.918 -0.434 0.035 0.251 0.131 0.119 -0.093 0.000 
5.000 158.490 -2.538 -2.093 -1.669 -1.135 -0.668 -0.201 0.010 -0.119 -0.135 -0.337 0.000 
5.000 199.530 -2.711 -2.280 -1.865 -1.361 -0.917 -0.452 -0.247 -0.387 -0.410 -0.598 0.000 
5.000 251.190 -2.890 -2.472 -2.067 -1.601 -1.185 -0.722 -0.524 -0.678 -0.709 -0.881 0.000 
5.000 316.230 -3.074 -2.669 -2.274 -1.856 -1.476 -1.016 -0.827 -0.999 -1.039 -1.190 0.000 
5.000 398.110 -3.265 -2.875 -2.489 -2.130 -1.796 -1.340 -1.163 -1.356 -1.409 -1.534 0.000 
5.000 501.190 -3.466 -3.089 -2.714 -2.430 -2.152 -1.702 -1.539 -1.760 -1.828 -1.920 0.000 
5.000 630.960 -3.679 -3.316 -2.950 -2.762 -2.555 -2.111 -1.966 -2.223 -2.310 -2.361 0.000 
5.000 794.330 -3.907 -3.558 -3.202 -3.133 -3.016 -2.580 -2.458 -2.759 -2.871 -2.869 0.000 
5.000 1000.000 -4.154 -3.819 -3.473 -3.554 -3.550 -3.125 -3.031 -3.387 -3.530 -3.463 0.000 
5.250 1.000 0.484 1.110 1.644 2.261 2.784 3.178 3.383 3.289 3.287 3.034 0.000 
5.250 1.260 0.469 1.093 1.626 2.243 2.765 3.160 3.364 3.271 3.269 3.016 0.000 
5.250 1.580 0.445 1.067 1.599 2.215 2.738 3.132 3.337 3.243 3.241 2.988 0.000 
5.250 2.000 0.410 1.029 1.559 2.175 2.698 3.092 3.297 3.203 3.201 2.948 0.000 
5.250 2.510 0.360 0.976 1.503 2.120 2.642 3.036 3.241 3.147 3.145 2.892 0.000 
5.250 3.160 0.292 0.905 1.429 2.045 2.567 2.961 3.166 3.072 3.070 2.817 0.000 
5.250 3.980 0.205 0.813 1.334 1.950 2.471 2.866 3.070 2.976 2.974 2.722 0.000 
5.250 5.010 0.100 0.702 1.220 1.835 2.356 2.763 2.970 2.876 2.873 2.625 0.000 
5.250 6.310 -0.021 0.575 1.088 1.702 2.223 2.645 2.853 2.758 2.756 2.512 0.000 
5.250 7.940 -0.155 0.434 0.942 1.556 2.075 2.508 2.718 2.623 2.621 2.381 0.000 
5.250 10.000 -0.298 0.283 0.786 1.398 1.916 2.358 2.569 2.474 2.471 2.235 0.000 
5.250 12.590 -0.448 0.125 0.622 1.232 1.749 2.197 2.409 2.313 2.309 2.076 0.000 
5.250 15.850 -0.602 -0.037 0.453 1.060 1.576 2.024 2.235 2.138 2.134 1.901 0.000 
5.250 19.950 -0.758 -0.203 0.280 0.884 1.398 1.845 2.056 1.958 1.953 1.722 0.000 
5.250 25.120 -0.915 -0.371 0.104 0.705 1.216 1.663 1.873 1.773 1.768 1.538 0.000 
5.250 31.620 -1.074 -0.541 -0.073 0.523 1.030 1.477 1.685 1.584 1.578 1.351 0.000 
5.250 39.810 -1.233 -0.712 -0.253 0.337 0.840 1.286 1.494 1.391 1.384 1.159 0.000 
5.250 50.120 -1.394 -0.884 -0.434 0.149 0.646 1.092 1.298 1.192 1.183 0.962 0.000 
5.250 63.100 -1.555 -1.058 -0.616 -0.043 0.447 0.892 1.097 0.987 0.976 0.759 0.000 
5.250 79.430 -1.717 -1.233 -0.800 -0.239 0.242 0.686 0.889 0.775 0.761 0.549 0.000 
5.250 100.000 -1.881 -1.410 -0.986 -0.440 0.029 0.473 0.672 0.553 0.536 0.330 0.000 
5.250 125.890 -2.048 -1.589 -1.175 -0.648 -0.193 0.250 0.445 0.319 0.299 0.101 0.000 
5.250 158.490 -2.217 -1.772 -1.367 -0.863 -0.426 0.015 0.206 0.070 0.045 -0.142 0.000 
5.250 199.530 -2.389 -1.958 -1.563 -1.089 -0.674 -0.236 -0.050 -0.197 -0.228 -0.402 0.000 
5.250 251.190 -2.566 -2.149 -1.763 -1.327 -0.941 -0.505 -0.327 -0.487 -0.526 -0.683 0.000 
5.250 316.230 -2.749 -2.345 -1.969 -1.581 -1.230 -0.798 -0.629 -0.807 -0.855 -0.992 0.000 
5.250 398.110 -2.940 -2.549 -2.183 -1.855 -1.549 -1.121 -0.963 -1.163 -1.224 -1.334 0.000 
5.250 501.190 -3.140 -2.763 -2.407 -2.154 -1.905 -1.481 -1.338 -1.566 -1.642 -1.720 0.000 
5.250 630.960 -3.352 -2.989 -2.643 -2.484 -2.307 -1.890 -1.765 -2.027 -2.123 -2.159 0.000 
5.250 794.330 -3.579 -3.230 -2.893 -2.854 -2.766 -2.358 -2.255 -2.562 -2.683 -2.666 0.000 
5.250 1000.000 -3.825 -3.490 -3.163 -3.274 -3.299 -2.901 -2.828 -3.190 -3.341 -3.259 0.000 
5.500 1.000 0.586 1.207 1.719 2.305 2.798 3.166 3.350 3.250 3.240 3.001 0.000 
5.500 1.260 0.579 1.198 1.709 2.295 2.787 3.155 3.339 3.239 3.229 2.990 0.000 
5.500 1.580 0.566 1.183 1.693 2.278 2.771 3.139 3.323 3.223 3.212 2.974 0.000 
5.500 2.000 0.546 1.160 1.668 2.254 2.746 3.114 3.298 3.198 3.188 2.949 0.000 
5.500 2.510 0.515 1.127 1.632 2.218 2.710 3.078 3.262 3.162 3.151 2.913 0.000 
5.500 3.160 0.470 1.078 1.581 2.167 2.659 3.027 3.211 3.111 3.100 2.862 0.000 
5.500 3.980 0.409 1.013 1.513 2.097 2.589 2.957 3.141 3.041 3.030 2.792 0.000 
5.500 5.010 0.329 0.927 1.424 2.008 2.500 2.867 3.051 2.951 2.940 2.702 0.000 
5.500 6.310 0.230 0.823 1.315 1.899 2.389 2.772 2.958 2.857 2.846 2.613 0.000 
5.500 7.940 0.114 0.700 1.188 1.771 2.261 2.657 2.845 2.744 2.732 2.504 0.000 
5.500 10.000 -0.015 0.564 1.047 1.628 2.117 2.524 2.713 2.611 2.600 2.376 0.000 
5.500 12.590 -0.155 0.417 0.893 1.473 1.961 2.376 2.566 2.464 2.452 2.231 0.000 
5.500 15.850 -0.301 0.261 0.732 1.309 1.795 2.216 2.407 2.304 2.291 2.073 0.000 
5.500 19.950 -0.452 0.101 0.564 1.139 1.622 2.043 2.233 2.129 2.116 1.900 0.000 
5.500 25.120 -0.606 -0.064 0.393 0.963 1.444 1.865 2.054 1.949 1.935 1.720 0.000 
5.500 31.620 -0.762 -0.231 0.218 0.784 1.261 1.681 1.870 1.763 1.748 1.535 0.000 
5.500 39.810 -0.920 -0.400 0.041 0.601 1.074 1.494 1.681 1.572 1.556 1.345 0.000 
5.500 50.120 -1.079 -0.570 -0.138 0.414 0.881 1.301 1.487 1.375 1.357 1.150 0.000 
5.500 63.100 -1.239 -0.743 -0.319 0.224 0.684 1.103 1.287 1.171 1.152 0.949 0.000 
5.500 79.430 -1.400 -0.917 -0.502 0.029 0.480 0.898 1.080 0.960 0.938 0.740 0.000 
5.500 100.000 -1.563 -1.092 -0.687 -0.171 0.269 0.686 0.865 0.739 0.714 0.523 0.000 
5.500 125.890 -1.728 -1.271 -0.875 -0.378 0.048 0.464 0.639 0.507 0.478 0.295 0.000 
5.500 158.490 -1.896 -1.452 -1.065 -0.592 -0.184 0.230 0.401 0.259 0.226 0.053 0.000 
5.500 199.530 -2.068 -1.637 -1.260 -0.816 -0.431 -0.019 0.146 -0.007 -0.046 -0.206 0.000 
5.500 251.190 -2.244 -1.827 -1.459 -1.054 -0.697 -0.287 -0.129 -0.296 -0.343 -0.486 0.000 
5.500 316.230 -2.426 -2.022 -1.665 -1.306 -0.985 -0.579 -0.430 -0.614 -0.672 -0.794 0.000 
5.500 398.110 -2.616 -2.225 -1.878 -1.579 -1.303 -0.901 -0.764 -0.970 -1.039 -1.135 0.000 
5.500 501.190 -2.815 -2.438 -2.100 -1.877 -1.658 -1.261 -1.138 -1.372 -1.457 -1.520 0.000 
5.500 630.960 -3.026 -2.663 -2.335 -2.206 -2.058 -1.668 -1.563 -1.832 -1.937 -1.958 0.000 
5.500 794.330 -3.252 -2.903 -2.585 -2.575 -2.517 -2.135 -2.053 -2.366 -2.495 -2.464 0.000 
5.500 1000.000 -3.497 -3.162 -2.853 -2.994 -3.049 -2.677 -2.624 -2.993 -3.153 -3.056 0.000 
5.750 1.000 0.684 1.300 1.791 2.345 2.808 3.149 3.313 3.206 3.187 2.964 0.000 
5.750 1.260 0.681 1.295 1.785 2.339 2.802 3.143 3.307 3.200 3.181 2.958 0.000 
5.750 1.580 0.675 1.287 1.775 2.330 2.792 3.134 3.297 3.191 3.171 2.948 0.000 
5.750 2.000 0.664 1.274 1.761 2.315 2.778 3.119 3.283 3.176 3.157 2.933 0.000 
5.750 2.510 0.647 1.254 1.739 2.293 2.755 3.097 3.260 3.154 3.134 2.911 0.000 
5.750 3.160 0.621 1.224 1.707 2.261 2.723 3.064 3.228 3.121 3.102 2.878 0.000 
5.750 3.980 0.581 1.181 1.660 2.214 2.676 3.017 3.181 3.074 3.055 2.832 0.000 
5.750 5.010 0.526 1.120 1.597 2.150 2.612 2.953 3.117 3.009 2.990 2.767 0.000 
5.750 6.310 0.452 1.041 1.514 2.067 2.528 2.871 3.035 2.928 2.908 2.686 0.000 
5.750 7.940 0.359 0.943 1.411 1.963 2.423 2.780 2.946 2.839 2.819 2.602 0.000 
5.750 10.000 0.249 0.826 1.289 1.840 2.299 2.669 2.837 2.728 2.708 2.496 0.000 
5.750 12.590 0.125 0.694 1.152 1.701 2.159 2.539 2.708 2.599 2.579 2.370 0.000 
5.750 15.850 -0.010 0.550 1.002 1.548 2.005 2.393 2.563 2.454 2.433 2.227 0.000 
5.750 19.950 -0.153 0.397 0.843 1.386 1.841 2.235 2.405 2.294 2.273 2.071 0.000 
5.750 25.120 -0.302 0.239 0.677 1.217 1.668 2.063 2.232 2.120 2.098 1.897 0.000 
5.750 31.620 -0.454 0.076 0.506 1.042 1.490 1.884 2.052 1.938 1.915 1.717 0.000 
5.750 39.810 -0.609 -0.090 0.332 0.862 1.306 1.699 1.866 1.750 1.726 1.530 0.000 
5.750 50.120 -0.766 -0.259 0.156 0.678 1.116 1.509 1.674 1.556 1.530 1.337 0.000 
5.750 63.100 -0.924 -0.429 -0.023 0.489 0.920 1.312 1.476 1.354 1.326 1.138 0.000 
5.750 79.430 -1.084 -0.601 -0.205 0.296 0.718 1.109 1.271 1.145 1.114 0.931 0.000 
5.750 100.000 -1.246 -0.776 -0.388 0.098 0.508 0.899 1.057 0.925 0.892 0.715 0.000 
5.750 125.890 -1.410 -0.953 -0.575 -0.108 0.289 0.678 0.833 0.694 0.657 0.488 0.000 
5.750 158.490 -1.577 -1.133 -0.764 -0.321 0.058 0.445 0.596 0.448 0.406 0.248 0.000 
5.750 199.530 -1.748 -1.317 -0.958 -0.544 -0.188 0.197 0.342 0.183 0.135 -0.010 0.000 
5.750 251.190 -1.923 -1.506 -1.156 -0.780 -0.453 -0.070 0.068 -0.105 -0.161 -0.289 0.000 
5.750 316.230 -2.104 -1.700 -1.360 -1.032 -0.740 -0.361 -0.232 -0.423 -0.488 -0.596 0.000 
5.750 398.110 -2.293 -1.903 -1.572 -1.304 -1.057 -0.682 -0.565 -0.777 -0.855 -0.936 0.000 
5.750 501.190 -2.491 -2.114 -1.794 -1.601 -1.411 -1.040 -0.938 -1.178 -1.271 -1.320 0.000 
5.750 630.960 -2.701 -2.338 -2.027 -1.929 -1.810 -1.446 -1.362 -1.637 -1.750 -1.757 0.000 
5.750 794.330 -2.926 -2.577 -2.276 -2.297 -2.268 -1.912 -1.851 -2.170 -2.308 -2.262 0.000 
5.750 1000.000 -3.170 -2.835 -2.544 -2.715 -2.799 -2.454 -2.421 -2.796 -2.964 -2.853 0.000 
6.000 1.000 0.780 1.390 1.861 2.384 2.816 3.130 3.274 3.160 3.132 2.924 0.000 
6.000 1.260 0.779 1.388 1.857 2.380 2.812 3.127 3.270 3.157 3.129 2.921 0.000 
6.000 1.580 0.777 1.383 1.852 2.375 2.807 3.122 3.265 3.151 3.123 2.915 0.000 
6.000 2.000 0.772 1.377 1.844 2.367 2.798 3.113 3.256 3.143 3.115 2.907 0.000 
6.000 2.510 0.764 1.366 1.831 2.354 2.785 3.100 3.243 3.130 3.102 2.894 0.000 
6.000 3.160 0.749 1.348 1.811 2.334 2.766 3.080 3.223 3.110 3.082 2.874 0.000 
6.000 3.980 0.727 1.322 1.782 2.305 2.736 3.051 3.194 3.080 3.052 2.844 0.000 
6.000 5.010 0.692 1.283 1.740 2.262 2.693 3.008 3.151 3.037 3.009 2.801 0.000 
6.000 6.310 0.642 1.228 1.682 2.203 2.634 2.949 3.092 2.978 2.949 2.742 0.000 
6.000 7.940 0.575 1.155 1.605 2.125 2.555 2.875 3.019 2.905 2.876 2.671 0.000 
6.000 10.000 0.489 1.062 1.507 2.027 2.456 2.789 2.934 2.819 2.791 2.589 0.000 
6.000 12.590 0.385 0.951 1.391 1.909 2.337 2.681 2.828 2.713 2.684 2.487 0.000 
6.000 15.850 0.266 0.824 1.257 1.773 2.200 2.554 2.702 2.586 2.557 2.364 0.000 
6.000 19.950 0.135 0.684 1.111 1.624 2.049 2.411 2.560 2.443 2.412 2.223 0.000 
6.000 25.120 -0.005 0.534 0.954 1.464 1.886 2.253 2.402 2.284 2.253 2.067 0.000 
6.000 31.620 -0.152 0.377 0.790 1.295 1.714 2.081 2.229 2.109 2.077 1.894 0.000 
6.000 39.810 -0.302 0.216 0.621 1.120 1.534 1.901 2.048 1.926 1.893 1.712 0.000 
6.000 50.120 -0.456 0.051 0.448 0.940 1.348 1.714 1.860 1.735 1.700 1.522 0.000 
6.000 63.100 -0.612 -0.117 0.271 0.754 1.155 1.521 1.664 1.536 1.500 1.326 0.000 
6.000 79.430 -0.770 -0.288 0.092 0.563 0.955 1.320 1.461 1.328 1.290 1.121 0.000 
6.000 100.000 -0.931 -0.461 -0.090 0.366 0.747 1.111 1.249 1.111 1.069 0.907 0.000 
6.000 125.890 -1.094 -0.637 -0.275 0.162 0.529 0.891 1.026 0.881 0.835 0.681 0.000 
6.000 158.490 -1.260 -0.816 -0.463 -0.050 0.299 0.660 0.790 0.636 0.585 0.442 0.000 
6.000 199.530 -1.429 -0.998 -0.656 -0.272 0.054 0.413 0.538 0.372 0.316 0.185 0.000 
6.000 251.190 -1.603 -1.186 -0.853 -0.507 -0.209 0.147 0.265 0.085 0.021 -0.093 0.000 
6.000 316.230 -1.783 -1.380 -1.056 -0.758 -0.496 -0.143 -0.034 -0.231 -0.305 -0.398 0.000 
6.000 398.110 -1.971 -1.581 -1.267 -1.029 -0.811 -0.462 -0.366 -0.584 -0.671 -0.738 0.000 
6.000 501.190 -2.168 -1.792 -1.488 -1.324 -1.164 -0.820 -0.738 -0.984 -1.086 -1.120 0.000 
6.000 630.960 -2.377 -2.014 -1.720 -1.652 -1.562 -1.225 -1.161 -1.442 -1.564 -1.556 0.000 
6.000 794.330 -2.601 -2.252 -1.968 -2.019 -2.019 -1.690 -1.649 -1.974 -2.120 -2.060 0.000 
6.000 1000.000 -2.844 -2.509 -2.234 -2.436 -2.549 -2.230 -2.218 -2.599 -2.776 -2.650 0.000 
6.250 1.000 0.875 1.479 1.931 2.422 2.823 3.111 3.234 3.113 3.076 2.884 0.000 
6.250 1.260 0.875 1.478 1.929 2.420 2.821 3.109 3.232 3.111 3.074 2.882 0.000 
6.250 1.580 0.875 1.477 1.926 2.417 2.818 3.106 3.229 3.108 3.071 2.878 0.000 
6.250 2.000 0.874 1.473 1.921 2.412 2.813 3.101 3.224 3.103 3.066 2.874 0.000 
6.250 2.510 0.870 1.467 1.914 2.405 2.806 3.094 3.216 3.096 3.059 2.866 0.000 
6.250 3.160 0.864 1.458 1.902 2.393 2.794 3.082 3.205 3.084 3.047 2.854 0.000 
6.250 3.980 0.852 1.443 1.885 2.376 2.776 3.064 3.187 3.066 3.029 2.837 0.000 
6.250 5.010 0.833 1.420 1.859 2.349 2.750 3.038 3.160 3.039 3.002 2.810 0.000 
6.250 6.310 0.803 1.385 1.821 2.311 2.711 2.999 3.121 3.000 2.963 2.771 0.000 
6.250 7.940 0.759 1.336 1.767 2.257 2.656 2.944 3.066 2.945 2.908 2.716 0.000 
6.250 10.000 0.698 1.268 1.696 2.184 2.583 2.879 3.002 2.881 2.843 2.654 0.000 
6.250 12.590 0.618 1.182 1.604 2.091 2.489 2.796 2.921 2.799 2.761 2.576 0.000 
6.250 15.850 0.521 1.076 1.493 1.978 2.374 2.692 2.819 2.696 2.658 2.477 0.000 
6.250 19.950 0.407 0.953 1.364 1.846 2.241 2.569 2.696 2.572 2.534 2.357 0.000 
6.250 25.120 0.280 0.817 1.221 1.700 2.092 2.427 2.555 2.430 2.391 2.218 0.000 
6.250 31.620 0.143 0.670 1.067 1.541 1.930 2.271 2.398 2.272 2.231 2.062 0.000 
6.250 39.810 -0.001 0.516 0.905 1.373 1.758 2.098 2.225 2.096 2.054 1.888 0.000 
6.250 50.120 -0.150 0.355 0.736 1.198 1.577 1.916 2.042 1.910 1.867 1.704 0.000 
6.250 63.100 -0.303 0.191 0.564 1.016 1.387 1.727 1.850 1.715 1.670 1.511 0.000 
6.250 79.430 -0.459 0.023 0.387 0.827 1.190 1.528 1.650 1.511 1.463 1.309 0.000 
6.250 100.000 -0.617 -0.148 0.207 0.633 0.984 1.321 1.440 1.295 1.245 1.097 0.000 
6.250 125.890 -0.779 -0.322 0.024 0.430 0.768 1.104 1.219 1.067 1.013 0.874 0.000 
6.250 158.490 -0.943 -0.500 -0.163 0.220 0.540 0.874 0.984 0.824 0.764 0.636 0.000 
6.250 199.530 -1.112 -0.681 -0.354 -0.001 0.296 0.628 0.733 0.561 0.496 0.380 0.000 
6.250 251.190 -1.285 -0.868 -0.550 -0.235 0.034 0.364 0.461 0.276 0.203 0.103 0.000 
6.250 316.230 -1.464 -1.060 -0.752 -0.484 -0.251 0.075 0.163 -0.040 -0.122 -0.201 0.000 
6.250 398.110 -1.650 -1.260 -0.962 -0.754 -0.566 -0.244 -0.167 -0.392 -0.487 -0.539 0.000 
6.250 501.190 -1.846 -1.470 -1.181 -1.049 -0.917 -0.600 -0.538 -0.791 -0.901 -0.920 0.000 
6.250 630.960 -2.054 -1.692 -1.413 -1.375 -1.315 -1.004 -0.960 -1.248 -1.378 -1.356 0.000 
6.250 794.330 -2.277 -1.929 -1.660 -1.741 -1.771 -1.468 -1.447 -1.779 -1.933 -1.859 0.000 
6.250 1000.000 -2.519 -2.184 -1.925 -2.156 -2.300 -2.007 -2.015 -2.402 -2.588 -2.447 0.000 
6.500 1.000 0.970 1.569 2.002 2.460 2.830 3.091 3.193 3.065 3.019 2.842 0.000 
6.500 1.260 0.971 1.569 2.001 2.459 2.829 3.090 3.192 3.064 3.018 2.841 0.000 
6.500 1.580 0.972 1.568 1.999 2.457 2.827 3.088 3.190 3.063 3.017 2.840 0.000 
6.500 2.000 0.972 1.566 1.997 2.455 2.824 3.086 3.188 3.060 3.014 2.837 0.000 
6.500 2.510 0.972 1.564 1.992 2.451 2.820 3.081 3.183 3.056 3.009 2.832 0.000 
6.500 3.160 0.970 1.559 1.986 2.444 2.813 3.075 3.177 3.049 3.003 2.826 0.000 
6.500 3.980 0.965 1.551 1.976 2.434 2.803 3.064 3.166 3.038 2.992 2.815 0.000 
6.500 5.010 0.956 1.538 1.960 2.418 2.787 3.048 3.150 3.022 2.976 2.799 0.000 
6.500 6.310 0.940 1.518 1.937 2.394 2.763 3.024 3.126 2.998 2.952 2.775 0.000 
6.500 7.940 0.914 1.487 1.902 2.359 2.728 2.989 3.091 2.962 2.916 2.740 0.000 
6.500 10.000 0.876 1.443 1.854 2.309 2.677 2.940 3.042 2.913 2.867 2.691 0.000 
6.500 12.590 0.821 1.381 1.787 2.242 2.609 2.881 2.984 2.855 2.809 2.636 0.000 
6.500 15.850 0.748 1.300 1.701 2.154 2.520 2.802 2.907 2.777 2.730 2.562 0.000 
6.500 19.950 0.656 1.200 1.595 2.046 2.410 2.703 2.808 2.678 2.630 2.466 0.000 
6.500 25.120 0.547 1.083 1.471 1.919 2.280 2.582 2.688 2.556 2.508 2.348 0.000 
6.500 31.620 0.425 0.950 1.332 1.775 2.133 2.442 2.549 2.416 2.367 2.211 0.000 
6.500 39.810 0.291 0.806 1.180 1.618 1.972 2.286 2.392 2.257 2.207 2.055 0.000 
6.500 50.120 0.149 0.654 1.020 1.450 1.799 2.112 2.217 2.079 2.028 1.879 0.000 
6.500 63.100 0.002 0.495 0.852 1.274 1.616 1.928 2.031 1.890 1.837 1.692 0.000 
6.500 79.430 -0.150 0.331 0.680 1.089 1.423 1.734 1.835 1.690 1.634 1.494 0.000 
6.500 100.000 -0.306 0.162 0.503 0.898 1.220 1.530 1.628 1.477 1.418 1.286 0.000 
6.500 125.890 -0.466 -0.010 0.322 0.698 1.006 1.315 1.410 1.252 1.189 1.064 0.000 
6.500 158.490 -0.628 -0.185 0.137 0.489 0.779 1.087 1.177 1.010 0.943 0.828 0.000 
6.500 199.530 -0.795 -0.366 -0.053 0.270 0.537 0.843 0.927 0.750 0.676 0.575 0.000 
6.500 251.190 -0.967 -0.551 -0.247 0.038 0.277 0.580 0.657 0.465 0.384 0.299 0.000 
6.500 316.230 -1.145 -0.742 -0.448 -0.211 -0.007 0.293 0.361 0.151 0.060 -0.004 0.000 
6.500 398.110 -1.331 -0.941 -0.657 -0.479 -0.321 -0.025 0.032 -0.200 -0.303 -0.341 0.000 
6.500 501.190 -1.526 -1.150 -0.876 -0.773 -0.671 -0.380 -0.338 -0.597 -0.717 -0.721 0.000 
6.500 630.960 -1.733 -1.370 -1.106 -1.098 -1.068 -0.783 -0.759 -1.054 -1.192 -1.155 0.000 
6.500 794.330 -1.955 -1.606 -1.352 -1.463 -1.522 -1.246 -1.245 -1.583 -1.747 -1.657 0.000 
6.500 1000.000 -2.196 -1.861 -1.616 -1.878 -2.050 -1.784 -1.812 -2.206 -2.400 -2.245 0.000 
6.750 1.000 1.065 1.658 2.074 2.499 2.837 3.071 3.152 3.017 2.962 2.801 0.000 
6.750 1.260 1.067 1.659 2.074 2.498 2.836 3.070 3.151 3.016 2.961 2.800 0.000 
6.750 1.580 1.068 1.659 2.073 2.497 2.835 3.069 3.150 3.015 2.960 2.799 0.000 
6.750 2.000 1.069 1.658 2.071 2.496 2.833 3.068 3.149 3.014 2.958 2.797 0.000 
6.750 2.510 1.070 1.657 2.069 2.493 2.831 3.065 3.146 3.011 2.956 2.795 0.000 
6.750 3.160 1.071 1.655 2.065 2.490 2.827 3.062 3.143 3.007 2.952 2.791 0.000 
6.750 3.980 1.070 1.652 2.059 2.484 2.821 3.056 3.137 3.001 2.946 2.785 0.000 
6.750 5.010 1.067 1.645 2.050 2.475 2.812 3.046 3.127 2.992 2.936 2.776 0.000 
6.750 6.310 1.060 1.634 2.037 2.460 2.797 3.032 3.113 2.977 2.922 2.761 0.000 
6.750 7.940 1.047 1.617 2.016 2.439 2.776 3.010 3.091 2.955 2.900 2.739 0.000 
6.750 10.000 1.026 1.590 1.985 2.407 2.744 2.978 3.059 2.923 2.867 2.707 0.000 
6.750 12.590 0.992 1.550 1.940 2.362 2.697 2.937 3.019 2.883 2.827 2.669 0.000 
6.750 15.850 0.943 1.493 1.879 2.299 2.634 2.882 2.964 2.828 2.772 2.617 0.000 
6.750 19.950 0.876 1.419 1.798 2.216 2.549 2.807 2.891 2.753 2.697 2.546 0.000 
6.750 25.120 0.791 1.324 1.697 2.113 2.444 2.711 2.795 2.657 2.599 2.453 0.000 
6.750 31.620 0.687 1.211 1.578 1.990 2.317 2.593 2.678 2.538 2.480 2.337 0.000 
6.750 39.810 0.569 1.083 1.442 1.849 2.173 2.455 2.540 2.398 2.339 2.201 0.000 
6.750 50.120 0.439 0.942 1.294 1.693 2.012 2.298 2.383 2.238 2.178 2.044 0.000 
6.750 63.100 0.299 0.791 1.135 1.525 1.837 2.123 2.206 2.058 1.996 1.866 0.000 
6.750 79.430 0.153 0.633 0.968 1.347 1.650 1.935 2.016 1.864 1.799 1.675 0.000 
6.750 100.000 0.001 0.469 0.796 1.160 1.452 1.736 1.814 1.656 1.589 1.471 0.000 
6.750 125.890 -0.155 0.300 0.618 0.963 1.241 1.524 1.599 1.434 1.363 1.253 0.000 
6.750 158.490 -0.316 0.127 0.435 0.757 1.018 1.299 1.368 1.195 1.119 1.019 0.000 
6.750 199.530 -0.481 -0.052 0.248 0.540 0.778 1.057 1.121 0.937 0.854 0.768 0.000 
6.750 251.190 -0.652 -0.235 0.054 0.309 0.519 0.795 0.852 0.654 0.564 0.494 0.000 
6.750 316.230 -0.828 -0.425 -0.145 0.062 0.236 0.509 0.557 0.341 0.242 0.192 0.000 
6.750 398.110 -1.013 -0.623 -0.353 -0.205 -0.076 0.193 0.229 -0.008 -0.120 -0.143 0.000 
6.750 501.190 -1.207 -0.831 -0.570 -0.497 -0.425 -0.161 -0.139 -0.405 -0.532 -0.522 0.000 
6.750 630.960 -1.413 -1.050 -0.799 -0.822 -0.821 -0.563 -0.559 -0.860 -1.007 -0.955 0.000 
6.750 794.330 -1.634 -1.285 -1.044 -1.185 -1.274 -1.025 -1.044 -1.388 -1.560 -1.456 0.000 
6.750 1000.000 -1.874 -1.539 -1.307 -1.599 -1.801 -1.562 -1.610 -2.010 -2.212 -2.043 0.000 
7.000 1.000 1.161 1.748 2.148 2.538 2.842 3.050 3.110 2.967 2.902 2.758 0.000 
7.000 1.260 1.162 1.749 2.148 2.537 2.842 3.050 3.110 2.966 2.902 2.757 0.000 
7.000 1.580 1.164 1.749 2.147 2.537 2.841 3.049 3.109 2.966 2.901 2.757 0.000 
7.000 2.000 1.166 1.749 2.146 2.536 2.841 3.048 3.108 2.965 2.900 2.756 0.000 
7.000 2.510 1.168 1.749 2.145 2.535 2.839 3.047 3.107 2.963 2.899 2.754 0.000 
7.000 3.160 1.169 1.749 2.143 2.532 2.837 3.045 3.105 2.961 2.896 2.752 0.000 
7.000 3.980 1.171 1.748 2.140 2.529 2.834 3.041 3.101 2.958 2.893 2.749 0.000 
7.000 5.010 1.171 1.745 2.134 2.524 2.828 3.036 3.096 2.952 2.887 2.743 0.000 
7.000 6.310 1.170 1.739 2.126 2.516 2.820 3.027 3.087 2.944 2.879 2.735 0.000 
7.000 7.940 1.165 1.730 2.114 2.503 2.807 3.014 3.074 2.931 2.866 2.722 0.000 
7.000 10.000 1.155 1.715 2.095 2.484 2.787 2.995 3.055 2.911 2.846 2.702 0.000 
7.000 12.590 1.138 1.692 2.067 2.455 2.758 2.969 3.030 2.886 2.820 2.678 0.000 
7.000 15.850 1.109 1.656 2.027 2.413 2.715 2.933 2.994 2.849 2.784 2.644 0.000 
7.000 19.950 1.065 1.605 1.970 2.355 2.656 2.881 2.942 2.797 2.731 2.595 0.000 
7.000 25.120 1.004 1.536 1.895 2.277 2.576 2.809 2.872 2.726 2.659 2.526 0.000 
7.000 31.620 0.925 1.447 1.800 2.178 2.475 2.716 2.779 2.632 2.565 2.436 0.000 
7.000 39.810 0.827 1.339 1.685 2.059 2.352 2.601 2.664 2.515 2.447 2.323 0.000 
7.000 50.120 0.713 1.215 1.553 1.920 2.208 2.464 2.527 2.376 2.306 2.187 0.000 
7.000 63.100 0.586 1.076 1.407 1.766 2.047 2.306 2.369 2.214 2.143 2.028 0.000 
7.000 79.430 0.448 0.927 1.250 1.597 1.870 2.129 2.189 2.030 1.956 1.847 0.000 
7.000 100.000 0.303 0.770 1.084 1.417 1.679 1.936 1.994 1.829 1.753 1.650 0.000 
7.000 125.890 0.151 0.606 0.911 1.225 1.473 1.730 1.783 1.612 1.532 1.437 0.000 
7.000 158.490 -0.006 0.436 0.731 1.023 1.253 1.508 1.557 1.377 1.292 1.208 0.000 
7.000 199.530 -0.169 0.260 0.546 0.808 1.016 1.269 1.312 1.122 1.031 0.959 0.000 
7.000 251.190 -0.338 0.078 0.355 0.579 0.759 1.009 1.046 0.841 0.743 0.687 0.000 
7.000 316.230 -0.513 -0.110 0.157 0.334 0.478 0.725 0.753 0.531 0.422 0.388 0.000 
7.000 398.110 -0.696 -0.307 -0.049 0.068 0.168 0.411 0.427 0.183 0.062 0.053 0.000 
7.000 501.190 -0.889 -0.513 -0.265 -0.223 -0.180 0.058 0.059 -0.213 -0.349 -0.324 0.000 
7.000 630.960 -1.094 -0.732 -0.493 -0.545 -0.574 -0.343 -0.359 -0.666 -0.822 -0.756 0.000 
7.000 794.330 -1.314 -0.965 -0.736 -0.908 -1.026 -0.803 -0.843 -1.194 -1.374 -1.256 0.000 
7.000 1000.000 -1.553 -1.218 -0.999 -1.321 -1.552 -1.339 -1.408 -1.814 -2.025 -1.841 0.000 
7.250 1.000 1.257 1.839 2.223 2.576 2.847 3.027 3.066 2.914 2.839 2.712 0.000 
7.250 1.260 1.258 1.839 2.223 2.576 2.846 3.027 3.066 2.914 2.839 2.712 0.000 
7.250 1.580 1.260 1.840 2.222 2.576 2.846 3.027 3.065 2.913 2.839 2.712 0.000 
7.250 2.000 1.262 1.840 2.222 2.575 2.846 3.026 3.065 2.913 2.838 2.711 0.000 
7.250 2.510 1.264 1.841 2.221 2.574 2.845 3.025 3.064 2.912 2.837 2.710 0.000 
7.250 3.160 1.266 1.841 2.220 2.573 2.844 3.024 3.063 2.911 2.836 2.709 0.000 
7.250 3.980 1.269 1.841 2.218 2.571 2.842 3.022 3.061 2.909 2.834 2.707 0.000 
7.250 5.010 1.271 1.840 2.215 2.568 2.838 3.019 3.058 2.906 2.831 2.704 0.000 
7.250 6.310 1.273 1.838 2.211 2.563 2.834 3.014 3.053 2.901 2.826 2.699 0.000 
7.250 7.940 1.273 1.834 2.203 2.556 2.826 3.008 3.046 2.894 2.820 2.693 0.000 
7.250 10.000 1.270 1.826 2.192 2.545 2.814 2.998 3.037 2.884 2.810 2.684 0.000 
7.250 12.590 1.263 1.814 2.176 2.527 2.797 2.983 3.022 2.869 2.794 2.670 0.000 
7.250 15.850 1.249 1.793 2.150 2.501 2.770 2.960 2.999 2.846 2.771 2.648 0.000 
7.250 19.950 1.225 1.761 2.114 2.463 2.731 2.925 2.965 2.812 2.737 2.616 0.000 
7.250 25.120 1.186 1.715 2.062 2.409 2.675 2.876 2.917 2.762 2.687 2.569 0.000 
7.250 31.620 1.131 1.651 1.992 2.336 2.600 2.808 2.849 2.694 2.617 2.503 0.000 
7.250 39.810 1.058 1.568 1.901 2.241 2.502 2.718 2.760 2.603 2.525 2.415 0.000 
7.250 50.120 0.965 1.466 1.791 2.125 2.381 2.605 2.646 2.487 2.409 2.304 0.000 
7.250 63.100 0.856 1.345 1.663 1.989 2.239 2.468 2.509 2.347 2.267 2.168 0.000 
7.250 79.430 0.732 1.210 1.520 1.835 2.077 2.309 2.348 2.182 2.100 2.006 0.000 
7.250 100.000 0.596 1.062 1.364 1.665 1.896 2.127 2.164 1.993 1.908 1.820 0.000 
7.250 125.890 0.451 0.905 1.198 1.481 1.699 1.928 1.962 1.784 1.695 1.615 0.000 
7.250 158.490 0.299 0.740 1.024 1.284 1.484 1.712 1.741 1.555 1.461 1.391 0.000 
7.250 199.530 0.139 0.568 0.843 1.073 1.251 1.477 1.501 1.303 1.204 1.147 0.000 
7.250 251.190 -0.027 0.389 0.655 0.848 0.998 1.221 1.237 1.026 0.919 0.878 0.000 
7.250 316.230 -0.200 0.203 0.459 0.605 0.719 0.940 0.947 0.718 0.601 0.581 0.000 
7.250 398.110 -0.381 0.008 0.254 0.341 0.411 0.627 0.623 0.372 0.243 0.249 0.000 
7.250 501.190 -0.573 -0.197 0.040 0.052 0.065 0.276 0.257 -0.021 -0.166 -0.127 0.000 
7.250 630.960 -0.776 -0.414 -0.187 -0.270 -0.328 -0.124 -0.160 -0.474 -0.638 -0.557 0.000 
7.250 794.330 -0.995 -0.647 -0.429 -0.631 -0.779 -0.583 -0.643 -1.000 -1.188 -1.056 0.000 
7.250 1000.000 -1.233 -0.898 -0.691 -1.043 -1.304 -1.118 -1.206 -1.619 -1.838 -1.640 0.000 
7.500 1.000 1.353 1.929 2.299 2.613 2.848 3.007 3.024 2.863 2.778 2.671 0.000 
7.500 1.260 1.354 1.929 2.298 2.613 2.848 3.007 3.024 2.863 2.778 2.671 0.000 
7.500 1.580 1.356 1.930 2.298 2.613 2.848 3.006 3.024 2.863 2.778 2.671 0.000 
7.500 2.000 1.358 1.931 2.298 2.613 2.847 3.006 3.024 2.862 2.778 2.671 0.000 
7.500 2.510 1.360 1.931 2.298 2.612 2.847 3.006 3.023 2.862 2.777 2.670 0.000 
7.500 3.160 1.363 1.932 2.297 2.611 2.846 3.005 3.023 2.861 2.777 2.670 0.000 
7.500 3.980 1.366 1.933 2.296 2.610 2.845 3.004 3.022 2.860 2.776 2.669 0.000 
7.500 5.010 1.369 1.933 2.294 2.609 2.843 3.003 3.020 2.859 2.774 2.667 0.000 
7.500 6.310 1.372 1.933 2.292 2.606 2.841 3.000 3.018 2.857 2.772 2.665 0.000 
7.500 7.940 1.374 1.931 2.288 2.602 2.836 2.997 3.014 2.853 2.768 2.662 0.000 
7.500 10.000 1.376 1.928 2.281 2.595 2.829 2.991 3.009 2.847 2.762 2.656 0.000 
7.500 12.590 1.375 1.922 2.271 2.585 2.819 2.982 2.999 2.838 2.753 2.647 0.000 
7.500 15.850 1.371 1.912 2.256 2.569 2.802 2.967 2.985 2.823 2.738 2.634 0.000 
7.500 19.950 1.360 1.894 2.234 2.545 2.778 2.946 2.964 2.802 2.716 2.613 0.000 
7.500 25.120 1.340 1.866 2.200 2.510 2.741 2.914 2.932 2.769 2.684 2.583 0.000 
7.500 31.620 1.307 1.824 2.153 2.460 2.689 2.867 2.886 2.722 2.636 2.538 0.000 
7.500 39.810 1.257 1.766 2.087 2.391 2.618 2.802 2.821 2.656 2.569 2.474 0.000 
7.500 50.120 1.189 1.688 2.002 2.301 2.524 2.714 2.734 2.567 2.478 2.388 0.000 
7.500 63.100 1.102 1.590 1.897 2.188 2.405 2.603 2.622 2.452 2.362 2.278 0.000 
7.500 79.430 0.997 1.474 1.773 2.054 2.263 2.466 2.484 2.311 2.219 2.141 0.000 
7.500 100.000 0.875 1.341 1.632 1.899 2.099 2.303 2.319 2.140 2.046 1.974 0.000 
7.500 125.890 0.741 1.195 1.477 1.727 1.913 2.116 2.129 1.944 1.846 1.782 0.000 
7.500 158.490 0.597 1.038 1.311 1.538 1.708 1.909 1.917 1.724 1.621 1.567 0.000 
7.500 199.530 0.443 0.871 1.135 1.334 1.481 1.681 1.683 1.479 1.371 1.329 0.000 
7.500 251.190 0.281 0.696 0.951 1.113 1.232 1.429 1.425 1.207 1.091 1.066 0.000 
7.500 316.230 0.111 0.513 0.758 0.873 0.957 1.151 1.138 0.903 0.777 0.772 0.000 
7.500 398.110 -0.069 0.320 0.556 0.612 0.652 0.841 0.816 0.559 0.421 0.443 0.000 
7.500 501.190 -0.258 0.117 0.344 0.324 0.308 0.492 0.453 0.168 0.015 0.069 0.000 
7.500 630.960 -0.460 -0.098 0.118 0.005 -0.083 0.095 0.038 -0.282 -0.455 -0.359 0.000 
7.500 794.330 -0.678 -0.330 -0.123 -0.355 -0.533 -0.363 -0.443 -0.807 -1.004 -0.856 0.000 
7.500 1000.000 -0.915 -0.580 -0.383 -0.765 -1.056 -0.896 -1.005 -1.424 -1.652 -1.439 0.000 
7.750 1.000 1.449 2.019 2.375 2.648 2.845 2.984 2.980 2.808 2.712 2.627 0.000 
7.750 1.260 1.450 2.019 2.375 2.648 2.845 2.984 2.980 2.808 2.712 2.627 0.000 
7.750 1.580 1.451 2.020 2.375 2.648 2.845 2.983 2.980 2.808 2.712 2.627 0.000 
7.750 2.000 1.453 2.020 2.375 2.648 2.844 2.983 2.980 2.808 2.712 2.627 0.000 
7.750 2.510 1.455 2.021 2.374 2.647 2.844 2.983 2.979 2.808 2.712 2.627 0.000 
7.750 3.160 1.458 2.022 2.374 2.647 2.844 2.983 2.979 2.807 2.712 2.626 0.000 
7.750 3.980 1.461 2.023 2.373 2.646 2.843 2.982 2.978 2.807 2.711 2.626 0.000 
7.750 5.010 1.464 2.024 2.372 2.645 2.842 2.981 2.978 2.806 2.710 2.625 0.000 
7.750 6.310 1.468 2.025 2.371 2.644 2.841 2.980 2.976 2.804 2.709 2.624 0.000 
7.750 7.940 1.472 2.025 2.369 2.641 2.838 2.978 2.974 2.802 2.706 2.621 0.000 
7.750 10.000 1.476 2.024 2.365 2.638 2.834 2.974 2.971 2.798 2.703 2.618 0.000 
7.750 12.590 1.479 2.022 2.359 2.632 2.828 2.969 2.965 2.793 2.697 2.613 0.000 
7.750 15.850 1.480 2.018 2.351 2.622 2.818 2.960 2.957 2.784 2.688 2.605 0.000 
7.750 19.950 1.478 2.009 2.337 2.608 2.803 2.947 2.943 2.771 2.675 2.592 0.000 
7.750 25.120 1.470 1.994 2.317 2.586 2.780 2.927 2.923 2.750 2.654 2.572 0.000 
7.750 31.620 1.454 1.969 2.286 2.554 2.746 2.896 2.893 2.719 2.622 2.543 0.000 
7.750 39.810 1.425 1.932 2.243 2.507 2.697 2.852 2.849 2.674 2.576 2.500 0.000 
7.750 50.120 1.381 1.878 2.182 2.442 2.629 2.789 2.786 2.609 2.511 2.438 0.000 
7.750 63.100 1.319 1.805 2.102 2.356 2.538 2.703 2.700 2.521 2.422 2.353 0.000 
7.750 79.430 1.236 1.712 2.001 2.246 2.421 2.592 2.589 2.406 2.305 2.243 0.000 
7.750 100.000 1.135 1.600 1.880 2.113 2.279 2.455 2.450 2.263 2.159 2.104 0.000 
7.750 125.890 1.017 1.469 1.741 1.957 2.111 2.287 2.278 2.085 1.978 1.930 0.000 
7.750 158.490 0.884 1.324 1.587 1.781 1.919 2.093 2.081 1.879 1.768 1.730 0.000 
7.750 199.530 0.739 1.166 1.421 1.586 1.702 1.875 1.857 1.645 1.527 1.502 0.000 
7.750 251.190 0.583 0.998 1.243 1.372 1.461 1.631 1.606 1.381 1.255 1.246 0.000 
7.750 316.230 0.417 0.819 1.055 1.137 1.191 1.358 1.324 1.082 0.947 0.958 0.000 
7.750 398.110 0.241 0.630 0.856 0.880 0.889 1.052 1.007 0.743 0.596 0.632 0.000 
7.750 501.190 0.054 0.429 0.646 0.595 0.548 0.706 0.646 0.355 0.193 0.262 0.000 
7.750 630.960 -0.146 0.215 0.422 0.278 0.160 0.311 0.234 -0.093 -0.274 -0.164 0.000 
7.750 794.330 -0.362 -0.014 0.183 -0.080 -0.288 -0.145 -0.245 -0.615 -0.821 -0.659 0.000 
7.750 1000.000 -0.598 -0.263 -0.076 -0.489 -0.809 -0.676 -0.805 -1.231 -1.468 -1.240 0.000 
8.000 1.000 1.543 2.108 2.451 2.679 2.835 2.953 2.928 2.744 2.637 2.575 0.000 
8.000 1.260 1.544 2.108 2.451 2.679 2.835 2.953 2.928 2.744 2.637 2.575 0.000 
8.000 1.580 1.546 2.109 2.451 2.679 2.835 2.953 2.928 2.744 2.637 2.575 0.000 
8.000 2.000 1.547 2.109 2.451 2.679 2.835 2.953 2.928 2.744 2.637 2.575 0.000 
8.000 2.510 1.550 2.110 2.451 2.679 2.835 2.953 2.927 2.744 2.636 2.575 0.000 
8.000 3.160 1.552 2.111 2.451 2.678 2.834 2.953 2.927 2.743 2.636 2.574 0.000 
8.000 3.980 1.555 2.112 2.450 2.678 2.834 2.953 2.927 2.743 2.636 2.574 0.000 
8.000 5.010 1.559 2.113 2.450 2.677 2.833 2.952 2.926 2.743 2.635 2.573 0.000 
8.000 6.310 1.563 2.114 2.449 2.677 2.832 2.951 2.925 2.742 2.634 2.573 0.000 
8.000 7.940 1.567 2.115 2.448 2.675 2.831 2.950 2.924 2.740 2.633 2.571 0.000 
8.000 10.000 1.572 2.116 2.446 2.673 2.829 2.948 2.922 2.738 2.631 2.569 0.000 
8.000 12.590 1.577 2.116 2.442 2.669 2.825 2.945 2.919 2.735 2.627 2.566 0.000 
8.000 15.850 1.581 2.115 2.437 2.664 2.819 2.939 2.914 2.730 2.622 2.561 0.000 
8.000 19.950 1.584 2.112 2.429 2.656 2.810 2.931 2.906 2.721 2.614 2.553 0.000 
8.000 25.120 1.584 2.105 2.417 2.642 2.796 2.919 2.893 2.708 2.601 2.541 0.000 
8.000 31.620 1.579 2.092 2.399 2.622 2.775 2.900 2.874 2.689 2.581 2.522 0.000 
8.000 39.810 1.566 2.070 2.371 2.592 2.743 2.871 2.845 2.659 2.550 2.494 0.000 
8.000 50.120 1.542 2.037 2.331 2.549 2.697 2.828 2.802 2.615 2.505 2.452 0.000 
8.000 63.100 1.502 1.988 2.275 2.487 2.631 2.767 2.741 2.551 2.441 2.391 0.000 
8.000 79.430 1.445 1.920 2.199 2.404 2.542 2.683 2.656 2.464 2.352 2.307 0.000 
8.000 100.000 1.368 1.831 2.103 2.296 2.426 2.572 2.544 2.347 2.233 2.195 0.000 
8.000 125.890 1.271 1.722 1.985 2.163 2.282 2.431 2.401 2.199 2.081 2.052 0.000 
8.000 158.490 1.155 1.594 1.849 2.006 2.109 2.257 2.223 2.013 1.891 1.871 0.000 
8.000 199.530 1.022 1.449 1.695 1.825 1.908 2.054 2.014 1.795 1.667 1.659 0.000 
8.000 251.190 0.876 1.290 1.527 1.622 1.678 1.821 1.775 1.542 1.407 1.414 0.000 
8.000 316.230 0.717 1.118 1.346 1.395 1.417 1.557 1.502 1.252 1.108 1.135 0.000 
8.000 398.110 0.546 0.934 1.152 1.143 1.121 1.257 1.191 0.920 0.764 0.816 0.000 
8.000 501.190 0.362 0.737 0.945 0.863 0.785 0.916 0.836 0.537 0.366 0.450 0.000 
8.000 630.960 0.165 0.526 0.725 0.548 0.400 0.524 0.426 0.093 -0.097 0.028 0.000 
8.000 794.330 -0.049 0.299 0.488 0.193 -0.045 0.071 -0.050 -0.427 -0.641 -0.464 0.000 
8.000 1000.000 -0.283 0.051 0.231 -0.214 -0.564 -0.458 -0.608 -1.040 -1.285 -1.042 0.000 
