ZhaoEtAl2006SSlabCascadia_CanadaSHM6-trial modified from OpenQuake implementation, distance is rrup. Log10 ground motion values in cgs units, PGV and Sa(T<0.1s) not valid
          14 31 23 : nmag, ndist, nperiod
          10.000 5.000 4.000 3.000 2.500 2.000 1.500 1.250 1.000 0.900 0.800 0.700 0.600 0.500 0.400 0.300 0.250 0.200 0.150 0.100 0.050 PGA PGV 
          0.708 0.708 0.705 0.721 0.732 0.733 0.721 0.716 0.717 0.714 0.713 0.714 0.712 0.707 0.715 0.728 0.743 0.764 0.794 0.811 0.743 0.684 0.000 
4.750 1.000 0.507 1.201 1.506 2.002 2.110 2.442 2.946 3.284 3.527 3.674 3.820 3.989 4.089 4.132 4.130 3.998 3.817 3.799 3.880 3.730 3.858 3.751 0.000 
4.750 1.260 0.438 1.130 1.422 1.903 2.014 2.342 2.832 3.160 3.402 3.548 3.692 3.859 3.963 4.015 4.024 3.906 3.735 3.718 3.793 3.645 3.753 3.643 0.000 
4.750 1.580 0.364 1.054 1.334 1.799 1.915 2.238 2.714 3.033 3.273 3.417 3.559 3.725 3.832 3.893 3.913 3.807 3.648 3.631 3.700 3.554 3.642 3.529 0.000 
4.750 2.000 0.286 0.972 1.241 1.692 1.811 2.131 2.592 2.902 3.140 3.282 3.422 3.587 3.697 3.766 3.797 3.703 3.554 3.538 3.601 3.457 3.525 3.409 0.000 
4.750 2.510 0.203 0.885 1.144 1.581 1.704 2.020 2.467 2.768 3.004 3.144 3.282 3.445 3.558 3.634 3.675 3.593 3.455 3.440 3.496 3.354 3.402 3.285 0.000 
4.750 3.160 0.117 0.795 1.043 1.467 1.594 1.906 2.340 2.631 2.865 3.003 3.140 3.300 3.415 3.498 3.549 3.477 3.350 3.335 3.386 3.245 3.274 3.155 0.000 
4.750 3.980 0.027 0.700 0.940 1.351 1.482 1.790 2.211 2.492 2.723 2.860 2.995 3.153 3.270 3.358 3.418 3.357 3.240 3.225 3.269 3.131 3.141 3.021 0.000 
4.750 5.010 -0.065 0.602 0.833 1.232 1.368 1.672 2.079 2.351 2.580 2.715 2.848 3.004 3.122 3.215 3.283 3.232 3.125 3.110 3.148 3.011 3.004 2.883 0.000 
4.750 6.310 -0.159 0.501 0.724 1.112 1.251 1.553 1.946 2.209 2.434 2.568 2.699 2.852 2.971 3.069 3.144 3.102 3.006 2.990 3.022 2.886 2.862 2.741 0.000 
4.750 7.940 -0.255 0.397 0.614 0.990 1.134 1.431 1.811 2.065 2.287 2.419 2.548 2.699 2.819 2.921 3.003 2.969 2.882 2.865 2.891 2.756 2.716 2.596 0.000 
4.750 10.000 -0.353 0.291 0.501 0.867 1.014 1.309 1.675 1.920 2.139 2.269 2.396 2.544 2.664 2.770 2.858 2.831 2.754 2.736 2.756 2.622 2.566 2.448 0.000 
4.750 12.590 -0.452 0.183 0.387 0.743 0.894 1.185 1.538 1.774 1.989 2.118 2.243 2.387 2.508 2.617 2.710 2.691 2.622 2.604 2.616 2.483 2.413 2.296 0.000 
4.750 15.850 -0.552 0.073 0.271 0.617 0.772 1.060 1.399 1.627 1.837 1.965 2.088 2.230 2.350 2.461 2.560 2.547 2.487 2.466 2.473 2.340 2.256 2.142 0.000 
4.750 19.950 -0.654 -0.039 0.154 0.491 0.649 0.934 1.259 1.478 1.685 1.811 1.932 2.070 2.190 2.304 2.407 2.399 2.347 2.325 2.324 2.192 2.095 1.984 0.000 
4.750 25.120 -0.757 -0.153 0.035 0.363 0.524 0.806 1.118 1.328 1.531 1.655 1.774 1.909 2.029 2.144 2.251 2.248 2.204 2.179 2.171 2.039 1.930 1.822 0.000 
4.750 31.620 -0.861 -0.269 -0.086 0.234 0.398 0.677 0.975 1.176 1.375 1.498 1.615 1.746 1.865 1.981 2.092 2.092 2.056 2.029 2.013 1.880 1.760 1.657 0.000 
4.750 39.810 -0.968 -0.387 -0.208 0.103 0.271 0.546 0.830 1.023 1.217 1.338 1.453 1.581 1.699 1.816 1.929 1.932 1.903 1.872 1.848 1.714 1.584 1.487 0.000 
4.750 50.120 -1.076 -0.508 -0.332 -0.029 0.141 0.413 0.683 0.868 1.058 1.176 1.289 1.413 1.530 1.647 1.761 1.767 1.743 1.709 1.676 1.540 1.401 1.311 0.000 
4.750 63.100 -1.187 -0.632 -0.459 -0.162 0.009 0.277 0.533 0.710 0.895 1.012 1.122 1.242 1.358 1.474 1.589 1.595 1.576 1.537 1.495 1.357 1.210 1.128 0.000 
4.750 79.430 -1.302 -0.760 -0.589 -0.299 -0.126 0.139 0.380 0.549 0.729 0.844 0.952 1.067 1.181 1.296 1.410 1.415 1.400 1.355 1.302 1.161 1.009 0.936 0.000 
4.750 100.000 -1.421 -0.892 -0.723 -0.437 -0.264 -0.003 0.222 0.384 0.559 0.671 0.776 0.887 0.999 1.111 1.222 1.225 1.213 1.160 1.096 0.950 0.796 0.734 0.000 
4.750 125.890 -1.546 -1.030 -0.861 -0.580 -0.407 -0.150 0.059 0.214 0.384 0.493 0.596 0.702 0.810 0.918 1.025 1.022 1.012 0.950 0.873 0.721 0.566 0.519 0.000 
4.750 158.490 -1.678 -1.175 -1.005 -0.727 -0.555 -0.303 -0.110 0.038 0.202 0.309 0.408 0.508 0.613 0.715 0.815 0.805 0.794 0.721 0.629 0.469 0.317 0.287 0.000 
4.750 199.530 -1.818 -1.329 -1.156 -0.879 -0.710 -0.464 -0.288 -0.146 0.012 0.115 0.211 0.305 0.406 0.500 0.590 0.568 0.553 0.467 0.358 0.187 0.043 0.034 0.000 
4.750 251.190 -1.969 -1.493 -1.317 -1.038 -0.874 -0.634 -0.476 -0.339 -0.188 -0.089 0.003 0.090 0.185 0.269 0.345 0.306 0.285 0.183 0.054 -0.130 -0.262 -0.245 0.000 
4.750 316.230 -2.134 -1.672 -1.489 -1.206 -1.049 -0.815 -0.677 -0.544 -0.401 -0.306 -0.220 -0.140 -0.052 0.018 0.076 0.015 -0.017 -0.140 -0.293 -0.494 -0.607 -0.557 0.000 
4.750 398.110 -2.316 -1.868 -1.675 -1.384 -1.237 -1.011 -0.894 -0.765 -0.630 -0.541 -0.460 -0.388 -0.310 -0.257 -0.225 -0.315 -0.362 -0.511 -0.692 -0.916 -1.000 -0.910 0.000 
4.750 501.190 -2.520 -2.086 -1.879 -1.576 -1.443 -1.226 -1.132 -1.004 -0.879 -0.797 -0.722 -0.661 -0.593 -0.563 -0.564 -0.692 -0.762 -0.943 -1.158 -1.410 -1.455 -1.315 0.000 
4.750 630.960 -2.752 -2.332 -2.105 -1.785 -1.671 -1.464 -1.396 -1.268 -1.154 -1.080 -1.012 -0.964 -0.909 -0.909 -0.952 -1.130 -1.230 -1.451 -1.708 -1.995 -1.988 -1.786 0.000 
4.750 794.330 -3.018 -2.612 -2.361 -2.016 -1.925 -1.731 -1.693 -1.561 -1.461 -1.397 -1.338 -1.304 -1.267 -1.304 -1.402 -1.644 -1.785 -2.056 -2.363 -2.695 -2.619 -2.338 0.000 
4.750 1000.000 -3.328 -2.935 -2.652 -2.273 -2.214 -2.036 -2.031 -1.893 -1.808 -1.756 -1.708 -1.691 -1.676 -1.762 -1.929 -2.253 -2.447 -2.782 -3.151 -3.540 -3.374 -2.995 0.000 
5.000 1.000 0.646 1.335 1.663 2.170 2.278 2.607 3.099 3.426 3.650 3.790 3.928 4.083 4.168 4.195 4.176 4.026 3.835 3.807 3.879 3.722 3.859 3.769 0.000 
5.000 1.260 0.583 1.270 1.585 2.076 2.188 2.512 2.990 3.308 3.531 3.669 3.805 3.959 4.048 4.084 4.076 3.939 3.759 3.732 3.798 3.643 3.760 3.668 0.000 
5.000 1.580 0.516 1.200 1.502 1.977 2.093 2.413 2.876 3.185 3.407 3.543 3.677 3.830 3.923 3.968 3.971 3.847 3.677 3.651 3.712 3.559 3.656 3.561 0.000 
5.000 2.000 0.443 1.124 1.415 1.874 1.994 2.309 2.759 3.057 3.279 3.413 3.544 3.697 3.793 3.846 3.860 3.748 3.590 3.565 3.620 3.469 3.545 3.447 0.000 
5.000 2.510 0.365 1.043 1.322 1.767 1.891 2.202 2.638 2.927 3.146 3.278 3.408 3.559 3.659 3.720 3.744 3.644 3.497 3.472 3.521 3.373 3.429 3.329 0.000 
5.000 3.160 0.283 0.957 1.226 1.656 1.785 2.091 2.514 2.793 3.011 3.141 3.269 3.418 3.520 3.588 3.622 3.533 3.397 3.374 3.417 3.270 3.307 3.204 0.000 
5.000 3.980 0.198 0.867 1.125 1.542 1.675 1.978 2.387 2.657 2.872 3.001 3.127 3.274 3.378 3.452 3.496 3.418 3.292 3.269 3.307 3.162 3.179 3.075 0.000 
5.000 5.010 0.109 0.773 1.022 1.426 1.563 1.862 2.257 2.518 2.731 2.858 2.982 3.127 3.232 3.312 3.364 3.297 3.182 3.159 3.190 3.048 3.046 2.941 0.000 
5.000 6.310 0.018 0.675 0.915 1.308 1.448 1.744 2.126 2.377 2.587 2.712 2.835 2.977 3.084 3.169 3.229 3.171 3.066 3.043 3.069 2.928 2.908 2.803 0.000 
5.000 7.940 -0.076 0.574 0.806 1.188 1.332 1.625 1.992 2.235 2.442 2.565 2.686 2.825 2.934 3.023 3.090 3.041 2.946 2.923 2.942 2.802 2.766 2.661 0.000 
5.000 10.000 -0.172 0.470 0.696 1.066 1.214 1.503 1.858 2.091 2.294 2.417 2.535 2.672 2.781 2.874 2.948 2.906 2.821 2.797 2.810 2.672 2.619 2.515 0.000 
5.000 12.590 -0.270 0.364 0.583 0.942 1.094 1.380 1.721 1.946 2.145 2.266 2.382 2.517 2.626 2.723 2.802 2.768 2.692 2.667 2.674 2.536 2.469 2.366 0.000 
5.000 15.850 -0.369 0.255 0.468 0.818 0.973 1.256 1.583 1.799 1.995 2.114 2.229 2.360 2.469 2.569 2.653 2.626 2.559 2.533 2.533 2.396 2.314 2.213 0.000 
5.000 19.950 -0.469 0.144 0.352 0.692 0.851 1.130 1.444 1.651 1.843 1.961 2.073 2.201 2.310 2.412 2.502 2.480 2.421 2.393 2.387 2.250 2.154 2.057 0.000 
5.000 25.120 -0.571 0.031 0.234 0.564 0.727 1.003 1.303 1.501 1.690 1.805 1.916 2.040 2.150 2.253 2.347 2.330 2.279 2.249 2.235 2.098 1.990 1.896 0.000 
5.000 31.620 -0.675 -0.084 0.114 0.436 0.601 0.874 1.161 1.350 1.534 1.648 1.757 1.878 1.987 2.091 2.188 2.176 2.133 2.100 2.078 1.941 1.822 1.732 0.000 
5.000 39.810 -0.781 -0.201 -0.008 0.306 0.474 0.744 1.016 1.197 1.377 1.489 1.596 1.713 1.821 1.926 2.026 2.016 1.980 1.944 1.915 1.776 1.647 1.562 0.000 
5.000 50.120 -0.889 -0.322 -0.132 0.174 0.345 0.611 0.869 1.042 1.217 1.328 1.432 1.546 1.652 1.758 1.859 1.852 1.822 1.782 1.743 1.603 1.465 1.387 0.000 
5.000 63.100 -1.000 -0.445 -0.259 0.040 0.213 0.476 0.719 0.884 1.055 1.164 1.265 1.375 1.480 1.585 1.687 1.680 1.655 1.611 1.563 1.421 1.274 1.204 0.000 
5.000 79.430 -1.115 -0.573 -0.388 -0.095 0.079 0.337 0.566 0.723 0.889 0.996 1.095 1.200 1.304 1.407 1.508 1.500 1.480 1.429 1.371 1.225 1.074 1.013 0.000 
5.000 100.000 -1.234 -0.705 -0.522 -0.234 -0.060 0.195 0.409 0.558 0.719 0.823 0.920 1.020 1.122 1.223 1.321 1.311 1.293 1.235 1.166 1.015 0.860 0.811 0.000 
5.000 125.890 -1.358 -0.842 -0.660 -0.377 -0.202 0.048 0.246 0.389 0.544 0.646 0.739 0.835 0.933 1.030 1.124 1.109 1.092 1.026 0.943 0.787 0.631 0.596 0.000 
5.000 158.490 -1.490 -0.987 -0.804 -0.523 -0.350 -0.105 0.077 0.213 0.363 0.461 0.551 0.641 0.736 0.827 0.915 0.891 0.874 0.797 0.699 0.535 0.382 0.365 0.000 
5.000 199.530 -1.630 -1.141 -0.955 -0.676 -0.506 -0.265 -0.101 0.029 0.173 0.268 0.354 0.439 0.529 0.612 0.690 0.654 0.634 0.543 0.428 0.254 0.108 0.112 0.000 
5.000 251.190 -1.781 -1.306 -1.116 -0.835 -0.669 -0.435 -0.289 -0.164 -0.027 0.064 0.146 0.224 0.308 0.381 0.445 0.393 0.366 0.259 0.124 -0.064 -0.197 -0.167 0.000 
5.000 316.230 -1.946 -1.484 -1.287 -1.002 -0.844 -0.616 -0.490 -0.369 -0.240 -0.154 -0.076 -0.006 0.071 0.131 0.175 0.102 0.064 -0.064 -0.222 -0.428 -0.541 -0.479 0.000 
5.000 398.110 -2.128 -1.680 -1.473 -1.181 -1.033 -0.812 -0.707 -0.590 -0.469 -0.389 -0.316 -0.255 -0.186 -0.144 -0.125 -0.227 -0.281 -0.435 -0.621 -0.849 -0.934 -0.832 0.000 
5.000 501.190 -2.332 -1.898 -1.677 -1.373 -1.238 -1.027 -0.945 -0.829 -0.718 -0.644 -0.578 -0.528 -0.470 -0.451 -0.464 -0.605 -0.681 -0.867 -1.087 -1.343 -1.389 -1.237 0.000 
5.000 630.960 -2.564 -2.144 -1.904 -1.582 -1.466 -1.265 -1.209 -1.093 -0.993 -0.927 -0.869 -0.830 -0.786 -0.797 -0.852 -1.043 -1.149 -1.375 -1.637 -1.928 -1.922 -1.707 0.000 
5.000 794.330 -2.830 -2.424 -2.159 -1.812 -1.720 -1.532 -1.506 -1.386 -1.300 -1.244 -1.194 -1.170 -1.143 -1.192 -1.302 -1.556 -1.703 -1.979 -2.292 -2.628 -2.553 -2.260 0.000 
5.000 1000.000 -3.140 -2.747 -2.450 -2.070 -2.009 -1.837 -1.844 -1.718 -1.648 -1.603 -1.564 -1.558 -1.553 -1.649 -1.830 -2.166 -2.366 -2.705 -3.080 -3.473 -3.307 -2.916 0.000 
5.250 1.000 0.778 1.462 1.812 2.330 2.438 2.764 3.244 3.562 3.767 3.900 4.031 4.175 4.244 4.257 4.223 4.057 3.856 3.819 3.882 3.718 3.863 3.788 0.000 
5.250 1.260 0.722 1.404 1.741 2.242 2.354 2.675 3.141 3.449 3.654 3.785 3.914 4.057 4.131 4.153 4.129 3.976 3.786 3.749 3.808 3.646 3.771 3.694 0.000 
5.250 1.580 0.661 1.340 1.664 2.149 2.265 2.581 3.033 3.331 3.536 3.665 3.792 3.934 4.012 4.043 4.030 3.889 3.710 3.675 3.727 3.568 3.673 3.593 0.000 
5.250 2.000 0.594 1.271 1.582 2.050 2.171 2.482 2.921 3.209 3.413 3.540 3.664 3.806 3.888 3.927 3.925 3.796 3.629 3.594 3.642 3.484 3.569 3.487 0.000 
5.250 2.510 0.522 1.196 1.495 1.947 2.072 2.379 2.804 3.083 3.286 3.411 3.533 3.673 3.759 3.806 3.814 3.697 3.541 3.508 3.550 3.395 3.459 3.374 0.000 
5.250 3.160 0.446 1.115 1.403 1.840 1.969 2.272 2.683 2.952 3.154 3.277 3.397 3.536 3.625 3.679 3.698 3.593 3.448 3.416 3.452 3.299 3.343 3.256 0.000 
5.250 3.980 0.365 1.030 1.306 1.730 1.863 2.162 2.559 2.819 3.019 3.140 3.258 3.395 3.487 3.548 3.576 3.482 3.348 3.317 3.348 3.197 3.221 3.132 0.000 
5.250 5.010 0.280 0.940 1.206 1.616 1.754 2.048 2.433 2.683 2.880 3.000 3.116 3.251 3.345 3.412 3.449 3.366 3.243 3.212 3.237 3.089 3.094 3.003 0.000 
5.250 6.310 0.192 0.846 1.103 1.500 1.642 1.933 2.303 2.544 2.739 2.857 2.971 3.104 3.199 3.272 3.318 3.245 3.132 3.102 3.121 2.974 2.961 2.869 0.000 
5.250 7.940 0.101 0.748 0.997 1.382 1.527 1.815 2.172 2.404 2.596 2.712 2.824 2.954 3.051 3.129 3.182 3.118 3.016 2.986 2.999 2.854 2.822 2.731 0.000 
5.250 10.000 0.008 0.647 0.888 1.262 1.411 1.695 2.038 2.261 2.450 2.565 2.675 2.802 2.901 2.982 3.042 2.987 2.895 2.864 2.872 2.728 2.679 2.588 0.000 
5.250 12.590 -0.088 0.543 0.777 1.139 1.292 1.573 1.903 2.117 2.303 2.416 2.524 2.648 2.747 2.833 2.899 2.851 2.769 2.738 2.739 2.596 2.532 2.442 0.000 
5.250 15.850 -0.185 0.437 0.663 1.016 1.172 1.450 1.766 1.971 2.153 2.265 2.371 2.492 2.592 2.680 2.752 2.712 2.638 2.606 2.601 2.459 2.379 2.291 0.000 
5.250 19.950 -0.285 0.327 0.548 0.891 1.051 1.325 1.628 1.824 2.002 2.112 2.216 2.335 2.434 2.525 2.602 2.568 2.503 2.469 2.457 2.316 2.222 2.136 0.000 
5.250 25.120 -0.386 0.216 0.431 0.764 0.928 1.198 1.487 1.675 1.849 1.958 2.060 2.175 2.274 2.367 2.448 2.419 2.362 2.327 2.308 2.167 2.060 1.978 0.000 
5.250 31.620 -0.489 0.102 0.312 0.636 0.803 1.070 1.345 1.524 1.695 1.801 1.901 2.013 2.112 2.206 2.291 2.266 2.217 2.180 2.153 2.011 1.892 1.814 0.000 
5.250 39.810 -0.594 -0.015 0.191 0.506 0.676 0.940 1.201 1.371 1.538 1.643 1.740 1.849 1.947 2.042 2.130 2.108 2.066 2.025 1.991 1.848 1.719 1.646 0.000 
5.250 50.120 -0.702 -0.135 0.067 0.375 0.547 0.807 1.055 1.217 1.379 1.482 1.577 1.681 1.779 1.874 1.964 1.944 1.908 1.864 1.820 1.677 1.538 1.471 0.000 
5.250 63.100 -0.812 -0.258 -0.059 0.242 0.416 0.672 0.905 1.059 1.217 1.318 1.411 1.511 1.607 1.702 1.792 1.773 1.743 1.694 1.641 1.495 1.348 1.289 0.000 
5.250 79.430 -0.927 -0.385 -0.189 0.106 0.281 0.534 0.752 0.898 1.051 1.150 1.240 1.337 1.431 1.524 1.613 1.594 1.568 1.513 1.450 1.300 1.148 1.099 0.000 
5.250 100.000 -1.045 -0.517 -0.322 -0.033 0.143 0.392 0.595 0.734 0.881 0.978 1.066 1.157 1.249 1.340 1.427 1.405 1.382 1.320 1.245 1.091 0.935 0.897 0.000 
5.250 125.890 -1.170 -0.654 -0.460 -0.175 0.001 0.245 0.432 0.564 0.706 0.800 0.885 0.972 1.061 1.148 1.230 1.203 1.182 1.111 1.023 0.863 0.707 0.682 0.000 
5.250 158.490 -1.301 -0.799 -0.604 -0.322 -0.147 0.093 0.263 0.388 0.525 0.615 0.697 0.778 0.864 0.945 1.021 0.986 0.964 0.882 0.780 0.611 0.458 0.451 0.000 
5.250 199.530 -1.441 -0.952 -0.755 -0.474 -0.303 -0.068 0.086 0.205 0.335 0.422 0.500 0.576 0.657 0.730 0.796 0.750 0.724 0.629 0.509 0.330 0.184 0.198 0.000 
5.250 251.190 -1.592 -1.117 -0.915 -0.633 -0.466 -0.237 -0.102 0.012 0.135 0.218 0.292 0.361 0.436 0.499 0.551 0.489 0.456 0.345 0.205 0.013 -0.121 -0.080 0.000 
5.250 316.230 -1.757 -1.295 -1.087 -0.800 -0.641 -0.419 -0.303 -0.194 -0.078 0.001 0.070 0.131 0.200 0.249 0.282 0.198 0.154 0.022 -0.141 -0.350 -0.464 -0.392 0.000 
5.250 398.110 -1.939 -1.491 -1.273 -0.979 -0.829 -0.615 -0.520 -0.414 -0.307 -0.234 -0.170 -0.118 -0.058 -0.026 -0.018 -0.132 -0.191 -0.349 -0.540 -0.771 -0.858 -0.745 0.000 
5.250 501.190 -2.143 -1.709 -1.476 -1.171 -1.035 -0.829 -0.758 -0.653 -0.556 -0.490 -0.432 -0.390 -0.342 -0.333 -0.357 -0.509 -0.590 -0.780 -1.006 -1.265 -1.313 -1.150 0.000 
5.250 630.960 -2.375 -1.954 -1.703 -1.380 -1.262 -1.067 -1.023 -0.917 -0.831 -0.772 -0.722 -0.693 -0.658 -0.678 -0.746 -0.947 -1.058 -1.288 -1.555 -1.850 -1.846 -1.620 0.000 
5.250 794.330 -2.641 -2.234 -1.958 -1.610 -1.517 -1.335 -1.319 -1.211 -1.138 -1.089 -1.048 -1.033 -1.015 -1.073 -1.195 -1.460 -1.613 -1.893 -2.210 -2.550 -2.477 -2.173 0.000 
5.250 1000.000 -2.950 -2.558 -2.249 -1.868 -1.806 -1.639 -1.657 -1.542 -1.485 -1.449 -1.418 -1.420 -1.425 -1.531 -1.723 -2.070 -2.276 -2.618 -2.998 -3.395 -3.231 -2.829 0.000 
5.500 1.000 0.905 1.583 1.953 2.482 2.589 2.912 3.381 3.691 3.878 4.005 4.129 4.262 4.317 4.319 4.271 4.091 3.881 3.834 3.890 3.719 3.871 3.809 0.000 
5.500 1.260 0.855 1.531 1.889 2.400 2.511 2.829 3.285 3.584 3.772 3.897 4.019 4.151 4.210 4.221 4.183 4.015 3.816 3.770 3.821 3.652 3.785 3.720 0.000 
5.500 1.580 0.800 1.474 1.819 2.312 2.428 2.741 3.183 3.473 3.660 3.783 3.903 4.034 4.098 4.117 4.090 3.934 3.746 3.701 3.747 3.580 3.693 3.626 0.000 
5.500 2.000 0.740 1.412 1.743 2.219 2.340 2.648 3.076 3.356 3.543 3.664 3.781 3.912 3.980 4.007 3.991 3.847 3.670 3.627 3.667 3.503 3.596 3.526 0.000 
5.500 2.510 0.674 1.343 1.661 2.121 2.246 2.550 2.964 3.234 3.421 3.539 3.655 3.784 3.857 3.892 3.886 3.754 3.589 3.547 3.582 3.420 3.492 3.421 0.000 
5.500 3.160 0.603 1.269 1.574 2.019 2.148 2.447 2.848 3.108 3.294 3.411 3.524 3.652 3.729 3.771 3.775 3.655 3.501 3.461 3.490 3.331 3.383 3.309 0.000 
5.500 3.980 0.528 1.189 1.483 1.912 2.046 2.340 2.728 2.978 3.163 3.278 3.389 3.515 3.595 3.644 3.659 3.550 3.408 3.369 3.393 3.235 3.267 3.191 0.000 
5.500 5.010 0.448 1.104 1.387 1.802 1.940 2.230 2.604 2.845 3.028 3.141 3.250 3.375 3.457 3.513 3.537 3.439 3.308 3.270 3.289 3.134 3.146 3.068 0.000 
5.500 6.310 0.364 1.014 1.287 1.689 1.831 2.117 2.478 2.709 2.890 3.001 3.108 3.231 3.316 3.377 3.409 3.322 3.202 3.165 3.178 3.026 3.018 2.939 0.000 
5.500 7.940 0.276 0.920 1.184 1.573 1.719 2.002 2.348 2.571 2.749 2.859 2.964 3.084 3.171 3.237 3.277 3.200 3.091 3.054 3.062 2.911 2.885 2.805 0.000 
5.500 10.000 0.186 0.823 1.077 1.454 1.604 1.884 2.217 2.430 2.605 2.713 2.816 2.934 3.023 3.094 3.141 3.073 2.974 2.937 2.939 2.790 2.746 2.666 0.000 
5.500 12.590 0.093 0.722 0.968 1.334 1.487 1.763 2.083 2.287 2.460 2.566 2.667 2.782 2.872 2.946 3.001 2.940 2.851 2.815 2.810 2.663 2.602 2.523 0.000 
5.500 15.850 -0.003 0.617 0.857 1.211 1.369 1.641 1.948 2.142 2.312 2.416 2.515 2.628 2.718 2.796 2.856 2.803 2.724 2.687 2.676 2.529 2.452 2.375 0.000 
5.500 19.950 -0.100 0.510 0.743 1.087 1.248 1.517 1.810 1.996 2.162 2.265 2.362 2.471 2.562 2.643 2.708 2.662 2.591 2.553 2.536 2.390 2.298 2.222 0.000 
5.500 25.120 -0.200 0.400 0.627 0.961 1.126 1.392 1.671 1.848 2.010 2.111 2.206 2.312 2.403 2.486 2.556 2.515 2.453 2.413 2.389 2.244 2.138 2.066 0.000 
5.500 31.620 -0.302 0.287 0.509 0.834 1.002 1.264 1.529 1.698 1.856 1.956 2.048 2.151 2.241 2.326 2.400 2.364 2.310 2.268 2.236 2.090 1.972 1.904 0.000 
5.500 39.810 -0.406 0.171 0.388 0.705 0.875 1.134 1.385 1.546 1.700 1.798 1.888 1.987 2.077 2.163 2.239 2.207 2.160 2.115 2.076 1.929 1.800 1.736 0.000 
5.500 50.120 -0.513 0.053 0.265 0.574 0.747 1.002 1.239 1.391 1.541 1.637 1.725 1.821 1.910 1.996 2.074 2.044 2.004 1.955 1.907 1.759 1.620 1.563 0.000 
5.500 63.100 -0.623 -0.070 0.140 0.441 0.616 0.868 1.090 1.234 1.380 1.473 1.559 1.651 1.738 1.824 1.903 1.874 1.839 1.786 1.729 1.579 1.432 1.382 0.000 
5.500 79.430 -0.737 -0.196 0.011 0.306 0.482 0.730 0.938 1.073 1.214 1.306 1.389 1.477 1.562 1.647 1.725 1.696 1.665 1.606 1.539 1.386 1.232 1.192 0.000 
5.500 100.000 -0.856 -0.327 -0.122 0.167 0.344 0.588 0.781 0.909 1.045 1.134 1.214 1.297 1.381 1.463 1.539 1.507 1.480 1.414 1.335 1.177 1.020 0.991 0.000 
5.500 125.890 -0.980 -0.465 -0.260 0.025 0.202 0.441 0.618 0.739 0.870 0.957 1.034 1.112 1.193 1.271 1.343 1.306 1.280 1.205 1.113 0.950 0.792 0.777 0.000 
5.500 158.490 -1.111 -0.609 -0.404 -0.121 0.054 0.289 0.449 0.564 0.689 0.772 0.846 0.919 0.996 1.069 1.134 1.089 1.062 0.977 0.870 0.699 0.544 0.545 0.000 
5.500 199.530 -1.251 -0.762 -0.555 -0.273 -0.101 0.128 0.272 0.380 0.499 0.579 0.650 0.716 0.789 0.854 0.909 0.853 0.823 0.724 0.600 0.418 0.270 0.293 0.000 
5.500 251.190 -1.402 -0.927 -0.715 -0.432 -0.265 -0.041 0.084 0.187 0.299 0.375 0.442 0.502 0.569 0.623 0.665 0.592 0.555 0.440 0.297 0.101 -0.034 0.015 0.000 
5.500 316.230 -1.566 -1.105 -0.886 -0.600 -0.439 -0.222 -0.117 -0.018 0.086 0.158 0.220 0.272 0.332 0.373 0.396 0.301 0.254 0.118 -0.049 -0.262 -0.378 -0.296 0.000 
5.500 398.110 -1.749 -1.301 -1.072 -0.778 -0.628 -0.418 -0.334 -0.238 -0.142 -0.077 -0.020 0.023 0.075 0.098 0.096 -0.028 -0.091 -0.252 -0.448 -0.683 -0.771 -0.649 0.000 
5.500 501.190 -1.952 -1.518 -1.276 -0.970 -0.833 -0.633 -0.572 -0.477 -0.392 -0.333 -0.282 -0.249 -0.209 -0.209 -0.244 -0.405 -0.491 -0.684 -0.914 -1.176 -1.226 -1.054 0.000 
5.500 630.960 -2.184 -1.764 -1.503 -1.179 -1.061 -0.871 -0.836 -0.741 -0.666 -0.615 -0.573 -0.552 -0.525 -0.554 -0.632 -0.843 -0.959 -1.192 -1.463 -1.761 -1.759 -1.524 0.000 
5.500 794.330 -2.450 -2.044 -1.758 -1.409 -1.315 -1.138 -1.133 -1.034 -0.973 -0.932 -0.898 -0.892 -0.882 -0.949 -1.081 -1.356 -1.513 -1.796 -2.118 -2.461 -2.389 -2.077 0.000 
5.500 1000.000 -2.760 -2.367 -2.049 -1.667 -1.604 -1.442 -1.471 -1.366 -1.321 -1.291 -1.268 -1.279 -1.292 -1.406 -1.609 -1.965 -2.176 -2.522 -2.906 -3.306 -3.144 -2.733 0.000 
5.750 1.000 1.025 1.698 2.087 2.625 2.731 3.052 3.511 3.812 3.982 4.104 4.223 4.345 4.387 4.380 4.320 4.129 3.910 3.855 3.904 3.726 3.883 3.830 0.000 
5.750 1.260 0.981 1.653 2.029 2.550 2.660 2.976 3.421 3.713 3.883 4.002 4.119 4.241 4.287 4.288 4.238 4.058 3.850 3.796 3.839 3.663 3.802 3.748 0.000 
5.750 1.580 0.933 1.602 1.965 2.468 2.583 2.894 3.326 3.607 3.778 3.895 4.010 4.131 4.182 4.190 4.151 3.982 3.785 3.732 3.770 3.597 3.716 3.660 0.000 
5.750 2.000 0.879 1.546 1.896 2.381 2.501 2.806 3.225 3.496 3.667 3.782 3.895 4.015 4.070 4.087 4.058 3.900 3.715 3.663 3.696 3.525 3.625 3.567 0.000 
5.750 2.510 0.820 1.484 1.820 2.289 2.413 2.714 3.118 3.380 3.551 3.664 3.774 3.893 3.953 3.977 3.959 3.813 3.639 3.589 3.617 3.448 3.528 3.468 0.000 
5.750 3.160 0.755 1.416 1.740 2.191 2.320 2.616 3.007 3.259 3.429 3.541 3.648 3.766 3.831 3.862 3.854 3.720 3.558 3.509 3.532 3.366 3.426 3.363 0.000 
5.750 3.980 0.685 1.342 1.653 2.089 2.222 2.514 2.892 3.134 3.303 3.413 3.518 3.635 3.703 3.741 3.743 3.621 3.470 3.423 3.441 3.277 3.316 3.252 0.000 
5.750 5.010 0.611 1.263 1.562 1.983 2.120 2.407 2.772 3.004 3.173 3.280 3.383 3.498 3.570 3.615 3.626 3.515 3.377 3.331 3.343 3.182 3.201 3.134 0.000 
5.750 6.310 0.532 1.179 1.466 1.873 2.015 2.298 2.649 2.871 3.039 3.144 3.245 3.358 3.433 3.484 3.504 3.404 3.276 3.232 3.239 3.081 3.079 3.011 0.000 
5.750 7.940 0.448 1.089 1.367 1.759 1.906 2.185 2.522 2.736 2.901 3.004 3.103 3.215 3.291 3.348 3.376 3.286 3.170 3.127 3.129 2.972 2.951 2.882 0.000 
5.750 10.000 0.362 0.996 1.264 1.643 1.794 2.069 2.393 2.597 2.760 2.862 2.958 3.068 3.146 3.208 3.244 3.163 3.058 3.015 3.011 2.857 2.818 2.748 0.000 
5.750 12.590 0.272 0.898 1.157 1.525 1.679 1.951 2.261 2.456 2.616 2.717 2.811 2.918 2.998 3.063 3.106 3.035 2.939 2.897 2.888 2.735 2.678 2.608 0.000 
5.750 15.850 0.179 0.796 1.048 1.404 1.562 1.830 2.127 2.313 2.470 2.569 2.661 2.765 2.846 2.915 2.965 2.901 2.815 2.773 2.758 2.606 2.532 2.464 0.000 
5.750 19.950 0.083 0.692 0.936 1.281 1.443 1.707 1.991 2.168 2.322 2.419 2.509 2.610 2.692 2.764 2.819 2.762 2.686 2.643 2.621 2.471 2.381 2.314 0.000 
5.750 25.120 -0.015 0.584 0.821 1.157 1.322 1.583 1.852 2.021 2.171 2.266 2.354 2.452 2.535 2.609 2.669 2.618 2.551 2.506 2.478 2.328 2.224 2.160 0.000 
5.750 31.620 -0.115 0.472 0.704 1.030 1.198 1.456 1.712 1.871 2.018 2.112 2.197 2.292 2.374 2.451 2.514 2.469 2.409 2.363 2.327 2.178 2.060 2.000 0.000 
5.750 39.810 -0.219 0.358 0.585 0.902 1.073 1.327 1.569 1.720 1.863 1.954 2.038 2.129 2.211 2.289 2.355 2.314 2.262 2.213 2.169 2.019 1.890 1.834 0.000 
5.750 50.120 -0.325 0.240 0.463 0.771 0.945 1.195 1.423 1.566 1.705 1.794 1.875 1.963 2.044 2.122 2.191 2.152 2.107 2.055 2.003 1.851 1.712 1.662 0.000 
5.750 63.100 -0.434 0.119 0.338 0.639 0.814 1.061 1.275 1.409 1.544 1.631 1.710 1.794 1.874 1.951 2.021 1.983 1.943 1.887 1.826 1.672 1.525 1.482 0.000 
5.750 79.430 -0.547 -0.007 0.209 0.504 0.681 0.924 1.122 1.249 1.379 1.464 1.540 1.620 1.698 1.775 1.844 1.806 1.770 1.709 1.637 1.481 1.326 1.293 0.000 
5.750 100.000 -0.665 -0.137 0.077 0.366 0.543 0.782 0.966 1.085 1.210 1.292 1.366 1.441 1.517 1.591 1.658 1.618 1.586 1.517 1.434 1.273 1.115 1.093 0.000 
5.750 125.890 -0.789 -0.274 -0.061 0.224 0.401 0.636 0.803 0.915 1.035 1.115 1.186 1.256 1.330 1.399 1.462 1.417 1.386 1.309 1.214 1.047 0.887 0.879 0.000 
5.750 158.490 -0.920 -0.418 -0.204 0.077 0.253 0.483 0.635 0.740 0.854 0.931 0.998 1.063 1.133 1.198 1.254 1.201 1.169 1.081 0.971 0.796 0.639 0.648 0.000 
5.750 199.530 -1.059 -0.571 -0.355 -0.074 0.099 0.323 0.457 0.557 0.664 0.738 0.802 0.861 0.926 0.983 1.029 0.965 0.930 0.829 0.702 0.517 0.367 0.396 0.000 
5.750 251.190 -1.210 -0.735 -0.515 -0.233 -0.065 0.154 0.270 0.364 0.465 0.534 0.594 0.646 0.706 0.753 0.785 0.704 0.663 0.546 0.399 0.200 0.062 0.118 0.000 
5.750 316.230 -1.375 -0.913 -0.686 -0.401 -0.239 -0.028 0.069 0.159 0.252 0.317 0.372 0.417 0.470 0.503 0.516 0.414 0.362 0.224 0.053 -0.163 -0.281 -0.193 0.000 
5.750 398.110 -1.557 -1.109 -0.872 -0.579 -0.428 -0.223 -0.148 -0.061 0.023 0.083 0.132 0.168 0.212 0.228 0.216 0.085 0.017 -0.146 -0.346 -0.583 -0.674 -0.545 0.000 
5.750 501.190 -1.761 -1.327 -1.076 -0.771 -0.633 -0.438 -0.386 -0.301 -0.226 -0.173 -0.130 -0.104 -0.071 -0.079 -0.123 -0.292 -0.382 -0.578 -0.811 -1.077 -1.129 -0.950 0.000 
5.750 630.960 -1.992 -1.572 -1.302 -0.980 -0.861 -0.676 -0.650 -0.564 -0.500 -0.456 -0.420 -0.407 -0.387 -0.424 -0.511 -0.730 -0.850 -1.086 -1.360 -1.661 -1.661 -1.420 0.000 
5.750 794.330 -2.258 -1.852 -1.557 -1.210 -1.115 -0.943 -0.947 -0.858 -0.807 -0.773 -0.746 -0.747 -0.745 -0.819 -0.960 -1.243 -1.404 -1.690 -2.015 -2.361 -2.292 -1.973 0.000 
5.750 1000.000 -2.568 -2.175 -1.848 -1.468 -1.404 -1.247 -1.285 -1.189 -1.155 -1.132 -1.116 -1.134 -1.154 -1.276 -1.488 -1.852 -2.067 -2.415 -2.803 -3.206 -3.046 -2.629 0.000 
6.000 1.000 1.141 1.808 2.214 2.760 2.864 3.182 3.631 3.926 4.079 4.196 4.312 4.424 4.453 4.440 4.372 4.171 3.945 3.882 3.923 3.739 3.901 3.855 0.000 
6.000 1.260 1.102 1.768 2.162 2.691 2.800 3.113 3.549 3.833 3.987 4.102 4.215 4.327 4.360 4.354 4.295 4.104 3.889 3.826 3.862 3.681 3.824 3.778 0.000 
6.000 1.580 1.060 1.724 2.105 2.616 2.729 3.038 3.460 3.735 3.889 4.002 4.112 4.223 4.262 4.262 4.213 4.033 3.828 3.767 3.798 3.618 3.744 3.696 0.000 
6.000 2.000 1.012 1.674 2.041 2.535 2.653 2.957 3.366 3.630 3.785 3.896 4.003 4.114 4.157 4.165 4.125 3.956 3.763 3.703 3.729 3.552 3.658 3.609 0.000 
6.000 2.510 0.959 1.619 1.973 2.448 2.572 2.870 3.266 3.520 3.675 3.784 3.889 3.999 4.047 4.062 4.032 3.875 3.693 3.635 3.656 3.481 3.568 3.516 0.000 
6.000 3.160 0.901 1.557 1.898 2.356 2.485 2.778 3.160 3.405 3.560 3.667 3.769 3.878 3.931 3.953 3.933 3.787 3.618 3.561 3.577 3.405 3.471 3.418 0.000 
6.000 3.980 0.837 1.490 1.817 2.259 2.392 2.681 3.050 3.284 3.440 3.544 3.644 3.752 3.809 3.838 3.828 3.694 3.536 3.481 3.492 3.322 3.369 3.313 0.000 
6.000 5.010 0.769 1.417 1.732 2.157 2.295 2.579 2.935 3.159 3.314 3.417 3.514 3.621 3.682 3.717 3.717 3.594 3.448 3.395 3.401 3.234 3.260 3.202 0.000 
6.000 6.310 0.695 1.338 1.641 2.051 2.193 2.473 2.815 3.030 3.184 3.285 3.380 3.485 3.549 3.591 3.600 3.488 3.354 3.302 3.304 3.139 3.144 3.085 0.000 
6.000 7.940 0.617 1.254 1.545 1.942 2.088 2.363 2.692 2.898 3.050 3.149 3.242 3.345 3.412 3.460 3.477 3.376 3.253 3.203 3.200 3.037 3.023 2.962 0.000 
6.000 10.000 0.534 1.165 1.446 1.828 1.979 2.250 2.566 2.762 2.913 3.009 3.100 3.201 3.271 3.324 3.349 3.258 3.146 3.097 3.088 2.929 2.894 2.833 0.000 
6.000 12.590 0.448 1.072 1.343 1.712 1.867 2.134 2.436 2.623 2.772 2.867 2.955 3.054 3.126 3.183 3.216 3.134 3.032 2.985 2.970 2.812 2.760 2.698 0.000 
6.000 15.850 0.358 0.974 1.236 1.593 1.752 2.016 2.304 2.482 2.628 2.721 2.808 2.904 2.977 3.038 3.077 3.004 2.913 2.865 2.845 2.689 2.618 2.558 0.000 
6.000 19.950 0.265 0.872 1.126 1.472 1.634 1.895 2.170 2.339 2.482 2.573 2.657 2.751 2.825 2.889 2.934 2.868 2.787 2.739 2.713 2.558 2.471 2.412 0.000 
6.000 25.120 0.170 0.766 1.013 1.349 1.515 1.771 2.033 2.193 2.333 2.422 2.504 2.595 2.669 2.736 2.787 2.727 2.655 2.606 2.573 2.420 2.317 2.260 0.000 
6.000 31.620 0.071 0.657 0.898 1.224 1.392 1.645 1.893 2.044 2.181 2.268 2.348 2.436 2.511 2.580 2.634 2.580 2.516 2.466 2.426 2.273 2.156 2.103 0.000 
6.000 39.810 -0.031 0.544 0.780 1.096 1.268 1.517 1.751 1.894 2.027 2.112 2.190 2.274 2.349 2.419 2.477 2.427 2.371 2.319 2.271 2.117 1.988 1.939 0.000 
6.000 50.120 -0.136 0.428 0.659 0.967 1.141 1.387 1.606 1.741 1.869 1.953 2.028 2.109 2.183 2.254 2.314 2.267 2.217 2.162 2.107 1.952 1.812 1.768 0.000 
6.000 63.100 -0.244 0.308 0.534 0.835 1.011 1.253 1.458 1.584 1.709 1.790 1.863 1.940 2.013 2.084 2.145 2.099 2.056 1.997 1.932 1.775 1.626 1.590 0.000 
6.000 79.430 -0.357 0.183 0.407 0.700 0.877 1.116 1.306 1.425 1.545 1.624 1.694 1.767 1.838 1.908 1.969 1.923 1.884 1.820 1.745 1.585 1.429 1.402 0.000 
6.000 100.000 -0.474 0.053 0.275 0.562 0.740 0.975 1.150 1.261 1.376 1.453 1.520 1.589 1.658 1.725 1.784 1.736 1.700 1.629 1.543 1.379 1.219 1.202 0.000 
6.000 125.890 -0.597 -0.083 0.138 0.421 0.599 0.828 0.988 1.092 1.202 1.276 1.340 1.404 1.471 1.534 1.588 1.536 1.502 1.422 1.324 1.154 0.992 0.989 0.000 
6.000 158.490 -0.728 -0.226 -0.005 0.275 0.451 0.676 0.819 0.916 1.021 1.092 1.153 1.211 1.275 1.332 1.380 1.320 1.286 1.195 1.082 0.904 0.745 0.759 0.000 
6.000 199.530 -0.867 -0.379 -0.156 0.123 0.297 0.516 0.642 0.733 0.831 0.899 0.957 1.009 1.068 1.118 1.156 1.085 1.047 0.944 0.813 0.625 0.473 0.508 0.000 
6.000 251.190 -1.018 -0.543 -0.316 -0.036 0.133 0.347 0.455 0.541 0.632 0.696 0.749 0.795 0.848 0.888 0.912 0.825 0.781 0.661 0.511 0.309 0.169 0.230 0.000 
6.000 316.230 -1.182 -0.721 -0.487 -0.203 -0.041 0.166 0.254 0.336 0.419 0.478 0.527 0.565 0.612 0.638 0.644 0.534 0.480 0.339 0.166 -0.053 -0.174 -0.081 0.000 
6.000 398.110 -1.364 -0.916 -0.673 -0.381 -0.229 -0.030 0.037 0.115 0.191 0.244 0.288 0.317 0.354 0.363 0.344 0.205 0.135 -0.031 -0.233 -0.473 -0.567 -0.433 0.000 
6.000 501.190 -1.568 -1.134 -0.876 -0.573 -0.435 -0.244 -0.201 -0.124 -0.058 -0.012 0.026 0.044 0.071 0.057 0.005 -0.171 -0.264 -0.462 -0.698 -0.966 -1.021 -0.838 0.000 
6.000 630.960 -1.799 -1.379 -1.103 -0.782 -0.662 -0.482 -0.465 -0.387 -0.333 -0.294 -0.265 -0.258 -0.245 -0.289 -0.383 -0.609 -0.732 -0.969 -1.247 -1.550 -1.554 -1.308 0.000 
6.000 794.330 -2.065 -1.658 -1.358 -1.012 -0.917 -0.749 -0.761 -0.681 -0.640 -0.611 -0.590 -0.598 -0.602 -0.683 -0.832 -1.122 -1.286 -1.573 -1.901 -2.250 -2.184 -1.860 0.000 
6.000 1000.000 -2.374 -1.982 -1.649 -1.270 -1.206 -1.054 -1.099 -1.012 -0.987 -0.970 -0.960 -0.985 -1.011 -1.140 -1.360 -1.731 -1.948 -2.299 -2.689 -3.094 -2.938 -2.516 0.000 
6.250 1.000 1.252 1.913 2.334 2.886 2.988 3.305 3.744 4.033 4.170 4.283 4.396 4.500 4.518 4.501 4.426 4.218 3.985 3.915 3.950 3.760 3.924 3.882 0.000 
6.250 1.260 1.218 1.879 2.287 2.823 2.930 3.241 3.668 3.947 4.084 4.196 4.305 4.408 4.431 4.419 4.353 4.155 3.932 3.862 3.892 3.704 3.851 3.810 0.000 
6.250 1.580 1.181 1.840 2.236 2.755 2.867 3.173 3.586 3.855 3.993 4.102 4.209 4.312 4.338 4.333 4.276 4.088 3.876 3.807 3.832 3.646 3.775 3.733 0.000 
6.250 2.000 1.139 1.796 2.179 2.680 2.797 3.098 3.498 3.757 3.896 4.003 4.107 4.209 4.241 4.242 4.194 4.016 3.816 3.748 3.768 3.584 3.695 3.652 0.000 
6.250 2.510 1.092 1.747 2.117 2.600 2.722 3.018 3.405 3.654 3.793 3.898 4.000 4.101 4.137 4.145 4.107 3.939 3.751 3.684 3.699 3.518 3.610 3.565 0.000 
6.250 3.160 1.040 1.692 2.049 2.514 2.641 2.932 3.306 3.544 3.685 3.787 3.886 3.986 4.028 4.043 4.014 3.858 3.681 3.616 3.626 3.447 3.520 3.473 0.000 
6.250 3.980 0.983 1.632 1.975 2.422 2.554 2.840 3.201 3.430 3.571 3.671 3.767 3.867 3.912 3.934 3.915 3.770 3.605 3.542 3.547 3.371 3.424 3.375 0.000 
6.250 5.010 0.921 1.565 1.895 2.326 2.462 2.744 3.091 3.310 3.451 3.549 3.643 3.741 3.791 3.819 3.809 3.676 3.523 3.462 3.463 3.289 3.321 3.271 0.000 
6.250 6.310 0.853 1.493 1.809 2.224 2.365 2.642 2.977 3.185 3.326 3.422 3.513 3.610 3.665 3.699 3.698 3.576 3.435 3.376 3.372 3.201 3.213 3.161 0.000 
6.250 7.940 0.780 1.414 1.719 2.118 2.264 2.537 2.858 3.057 3.197 3.291 3.379 3.475 3.533 3.573 3.581 3.469 3.340 3.283 3.274 3.106 3.097 3.044 0.000 
6.250 10.000 0.703 1.331 1.624 2.009 2.159 2.427 2.735 2.924 3.064 3.155 3.241 3.335 3.396 3.441 3.457 3.356 3.238 3.183 3.169 3.004 2.975 2.921 0.000 
6.250 12.590 0.621 1.242 1.524 1.896 2.050 2.314 2.609 2.789 2.926 3.016 3.100 3.192 3.255 3.304 3.328 3.237 3.130 3.076 3.057 2.894 2.846 2.791 0.000 
6.250 15.850 0.535 1.148 1.421 1.779 1.938 2.198 2.479 2.650 2.785 2.873 2.955 3.044 3.109 3.163 3.194 3.111 3.015 2.962 2.938 2.777 2.710 2.655 0.000 
6.250 19.950 0.445 1.050 1.314 1.660 1.822 2.079 2.346 2.508 2.641 2.727 2.806 2.893 2.960 3.017 3.054 2.979 2.893 2.841 2.810 2.651 2.567 2.513 0.000 
6.250 25.120 0.352 0.947 1.203 1.539 1.704 1.957 2.211 2.364 2.494 2.578 2.655 2.739 2.807 2.867 2.909 2.842 2.765 2.712 2.676 2.517 2.417 2.365 0.000 
6.250 31.620 0.256 0.841 1.090 1.415 1.583 1.833 2.073 2.217 2.344 2.426 2.501 2.582 2.650 2.712 2.759 2.697 2.629 2.576 2.532 2.375 2.260 2.211 0.000 
6.250 39.810 0.156 0.730 0.973 1.288 1.460 1.706 1.932 2.067 2.191 2.271 2.343 2.421 2.489 2.553 2.604 2.546 2.486 2.431 2.381 2.223 2.094 2.050 0.000 
6.250 50.120 0.053 0.616 0.853 1.159 1.334 1.576 1.788 1.915 2.035 2.113 2.183 2.257 2.325 2.390 2.443 2.389 2.336 2.278 2.219 2.061 1.921 1.881 0.000 
6.250 63.100 -0.055 0.497 0.730 1.028 1.205 1.443 1.641 1.759 1.875 1.951 2.019 2.089 2.156 2.221 2.275 2.223 2.176 2.114 2.047 1.887 1.737 1.704 0.000 
6.250 79.430 -0.166 0.373 0.603 0.894 1.072 1.306 1.489 1.600 1.711 1.785 1.850 1.917 1.982 2.046 2.100 2.048 2.006 1.939 1.862 1.699 1.541 1.518 0.000 
6.250 100.000 -0.283 0.244 0.472 0.757 0.936 1.165 1.333 1.437 1.543 1.615 1.677 1.739 1.803 1.864 1.916 1.862 1.823 1.750 1.662 1.495 1.332 1.320 0.000 
6.250 125.890 -0.405 0.109 0.335 0.616 0.794 1.020 1.172 1.268 1.369 1.438 1.497 1.555 1.616 1.673 1.721 1.662 1.626 1.544 1.443 1.271 1.107 1.107 0.000 
6.250 158.490 -0.535 -0.034 0.193 0.470 0.647 0.868 1.004 1.093 1.189 1.255 1.310 1.363 1.420 1.472 1.513 1.447 1.410 1.319 1.203 1.022 0.860 0.878 0.000 
6.250 199.530 -0.674 -0.186 0.042 0.319 0.493 0.708 0.827 0.910 1.000 1.062 1.114 1.161 1.214 1.258 1.290 1.212 1.172 1.068 0.935 0.744 0.589 0.627 0.000 
6.250 251.190 -0.824 -0.350 -0.117 0.160 0.330 0.539 0.639 0.718 0.801 0.859 0.907 0.946 0.994 1.029 1.046 0.953 0.906 0.785 0.633 0.429 0.286 0.350 0.000 
6.250 316.230 -0.988 -0.527 -0.288 -0.007 0.155 0.358 0.439 0.513 0.588 0.642 0.685 0.717 0.758 0.779 0.778 0.663 0.606 0.464 0.288 0.068 -0.057 0.039 0.000 
6.250 398.110 -1.170 -0.722 -0.474 -0.185 -0.033 0.162 0.222 0.293 0.360 0.408 0.446 0.469 0.501 0.504 0.478 0.335 0.262 0.095 -0.109 -0.352 -0.449 -0.313 0.000 
6.250 501.190 -1.373 -0.940 -0.677 -0.377 -0.238 -0.052 -0.016 0.054 0.111 0.152 0.184 0.197 0.218 0.198 0.140 -0.042 -0.137 -0.336 -0.574 -0.845 -0.903 -0.717 0.000 
6.250 630.960 -1.605 -1.184 -0.903 -0.586 -0.465 -0.290 -0.280 -0.210 -0.164 -0.130 -0.106 -0.106 -0.098 -0.147 -0.248 -0.479 -0.605 -0.843 -1.123 -1.429 -1.436 -1.187 0.000 
6.250 794.330 -1.870 -1.464 -1.158 -0.816 -0.720 -0.557 -0.576 -0.503 -0.470 -0.447 -0.432 -0.446 -0.455 -0.542 -0.697 -0.993 -1.158 -1.447 -1.777 -2.128 -2.066 -1.739 0.000 
6.250 1000.000 -2.180 -1.787 -1.449 -1.073 -1.009 -0.861 -0.914 -0.835 -0.818 -0.806 -0.802 -0.833 -0.864 -0.999 -1.224 -1.601 -1.821 -2.172 -2.564 -2.972 -2.820 -2.395 0.000 
6.500 1.000 1.359 2.015 2.447 3.005 3.105 3.419 3.849 4.133 4.255 4.366 4.476 4.572 4.581 4.562 4.484 4.271 4.031 3.954 3.984 3.788 3.954 3.914 0.000 
6.500 1.260 1.330 1.985 2.406 2.948 3.052 3.361 3.779 4.053 4.176 4.284 4.391 4.487 4.499 4.486 4.415 4.210 3.981 3.905 3.929 3.735 3.884 3.845 0.000 
6.500 1.580 1.297 1.951 2.360 2.885 2.995 3.299 3.704 3.968 4.091 4.197 4.301 4.396 4.413 4.405 4.342 4.147 3.929 3.853 3.872 3.680 3.812 3.773 0.000 
6.500 2.000 1.261 1.912 2.310 2.817 2.932 3.231 3.623 3.877 4.001 4.104 4.206 4.300 4.321 4.319 4.264 4.079 3.872 3.798 3.811 3.622 3.737 3.696 0.000 
6.500 2.510 1.220 1.869 2.254 2.743 2.863 3.157 3.536 3.780 3.905 4.006 4.105 4.199 4.224 4.228 4.182 4.008 3.812 3.739 3.747 3.560 3.657 3.616 0.000 
6.500 3.160 1.174 1.821 2.192 2.663 2.788 3.078 3.444 3.677 3.803 3.903 3.999 4.091 4.122 4.131 4.095 3.931 3.747 3.675 3.679 3.494 3.572 3.530 0.000 
6.500 3.980 1.123 1.767 2.124 2.578 2.708 2.992 3.345 3.569 3.696 3.793 3.886 3.978 4.013 4.029 4.002 3.849 3.677 3.607 3.606 3.424 3.482 3.438 0.000 
6.500 5.010 1.067 1.707 2.051 2.487 2.622 2.901 3.241 3.455 3.583 3.677 3.768 3.858 3.898 3.921 3.903 3.761 3.600 3.533 3.527 3.348 3.386 3.341 0.000 
6.500 6.310 1.005 1.641 1.971 2.391 2.531 2.805 3.132 3.335 3.464 3.556 3.644 3.734 3.778 3.806 3.797 3.666 3.518 3.453 3.443 3.266 3.284 3.237 0.000 
6.500 7.940 0.939 1.569 1.886 2.289 2.434 2.704 3.018 3.211 3.340 3.430 3.515 3.603 3.652 3.686 3.685 3.565 3.429 3.366 3.352 3.178 3.175 3.127 0.000 
6.500 10.000 0.867 1.491 1.796 2.184 2.333 2.599 2.899 3.083 3.211 3.299 3.381 3.468 3.520 3.559 3.567 3.458 3.334 3.272 3.253 3.082 3.059 3.010 0.000 
6.500 12.590 0.790 1.408 1.701 2.074 2.228 2.489 2.777 2.951 3.078 3.164 3.243 3.329 3.383 3.427 3.443 3.344 3.231 3.172 3.148 2.979 2.936 2.886 0.000 
6.500 15.850 0.709 1.319 1.601 1.961 2.119 2.376 2.650 2.815 2.940 3.024 3.102 3.185 3.242 3.290 3.313 3.223 3.121 3.063 3.034 2.868 2.806 2.756 0.000 
6.500 19.950 0.623 1.225 1.498 1.844 2.006 2.259 2.520 2.676 2.799 2.881 2.956 3.037 3.096 3.148 3.177 3.095 3.004 2.947 2.913 2.749 2.668 2.619 0.000 
6.500 25.120 0.533 1.126 1.390 1.725 1.890 2.140 2.387 2.533 2.654 2.734 2.807 2.885 2.946 3.001 3.036 2.961 2.880 2.824 2.783 2.621 2.523 2.475 0.000 
6.500 31.620 0.439 1.023 1.279 1.602 1.771 2.017 2.251 2.388 2.506 2.584 2.655 2.730 2.792 2.849 2.889 2.820 2.748 2.691 2.645 2.483 2.369 2.324 0.000 
6.500 39.810 0.342 0.915 1.164 1.478 1.649 1.891 2.111 2.240 2.355 2.431 2.499 2.571 2.633 2.692 2.736 2.672 2.609 2.551 2.497 2.336 2.208 2.166 0.000 
6.500 50.120 0.241 0.802 1.046 1.350 1.525 1.762 1.968 2.089 2.200 2.274 2.339 2.408 2.470 2.530 2.576 2.517 2.461 2.400 2.339 2.177 2.037 2.000 0.000 
6.500 63.100 0.135 0.685 0.924 1.220 1.396 1.630 1.822 1.934 2.042 2.114 2.176 2.241 2.303 2.362 2.410 2.353 2.303 2.239 2.169 2.006 1.855 1.825 0.000 
6.500 79.430 0.025 0.563 0.798 1.086 1.265 1.495 1.671 1.775 1.879 1.949 2.009 2.070 2.130 2.189 2.237 2.179 2.135 2.066 1.987 1.821 1.662 1.641 0.000 
6.500 100.000 -0.091 0.435 0.667 0.950 1.129 1.354 1.516 1.613 1.711 1.779 1.836 1.893 1.951 2.008 2.054 1.995 1.954 1.879 1.789 1.619 1.455 1.444 0.000 
6.500 125.890 -0.212 0.301 0.532 0.809 0.988 1.209 1.355 1.444 1.538 1.603 1.657 1.709 1.765 1.818 1.860 1.797 1.758 1.675 1.572 1.397 1.230 1.233 0.000 
6.500 158.490 -0.342 0.159 0.390 0.664 0.841 1.058 1.187 1.270 1.358 1.419 1.470 1.517 1.570 1.617 1.653 1.583 1.543 1.451 1.333 1.150 0.985 1.004 0.000 
6.500 199.530 -0.480 0.008 0.240 0.513 0.687 0.898 1.011 1.087 1.170 1.227 1.275 1.316 1.364 1.404 1.430 1.348 1.306 1.201 1.066 0.874 0.715 0.754 0.000 
6.500 251.190 -0.630 -0.155 0.081 0.354 0.524 0.729 0.824 0.895 0.971 1.024 1.068 1.102 1.145 1.175 1.187 1.090 1.041 0.919 0.765 0.559 0.412 0.478 0.000 
6.500 316.230 -0.793 -0.333 -0.090 0.187 0.350 0.549 0.623 0.690 0.759 0.808 0.846 0.873 0.909 0.925 0.919 0.800 0.741 0.599 0.421 0.199 0.070 0.168 0.000 
6.500 398.110 -0.975 -0.527 -0.275 0.010 0.162 0.353 0.406 0.471 0.530 0.574 0.607 0.625 0.652 0.651 0.620 0.472 0.397 0.230 0.024 -0.220 -0.322 -0.184 0.000 
6.500 501.190 -1.178 -0.744 -0.479 -0.182 -0.043 0.139 0.169 0.231 0.281 0.318 0.345 0.353 0.370 0.345 0.281 0.095 -0.001 -0.200 -0.440 -0.713 -0.776 -0.588 0.000 
6.500 630.960 -1.409 -0.989 -0.705 -0.391 -0.270 -0.099 -0.095 -0.032 0.007 0.036 0.055 0.051 0.054 -0.000 -0.106 -0.341 -0.468 -0.707 -0.988 -1.296 -1.307 -1.057 0.000 
6.500 794.330 -1.675 -1.268 -0.959 -0.621 -0.524 -0.366 -0.391 -0.325 -0.300 -0.281 -0.270 -0.289 -0.303 -0.395 -0.555 -0.854 -1.022 -1.311 -1.642 -1.995 -1.938 -1.609 0.000 
6.500 1000.000 -1.984 -1.592 -1.250 -0.878 -0.813 -0.670 -0.729 -0.657 -0.647 -0.640 -0.640 -0.677 -0.712 -0.851 -1.082 -1.463 -1.684 -2.036 -2.429 -2.839 -2.691 -2.265 0.000 
6.750 1.000 1.464 2.114 2.555 3.116 3.213 3.525 3.947 4.227 4.336 4.443 4.552 4.642 4.643 4.626 4.545 4.329 4.084 4.002 4.026 3.825 3.991 3.950 0.000 
6.750 1.260 1.438 2.088 2.519 3.064 3.166 3.473 3.882 4.153 4.261 4.367 4.473 4.562 4.566 4.553 4.479 4.271 4.037 3.955 3.973 3.774 3.924 3.884 0.000 
6.750 1.580 1.409 2.058 2.478 3.007 3.114 3.417 3.813 4.073 4.183 4.286 4.389 4.477 4.485 4.476 4.410 4.211 3.987 3.905 3.919 3.722 3.855 3.816 0.000 
6.750 2.000 1.377 2.024 2.433 2.945 3.057 3.355 3.739 3.989 4.099 4.200 4.300 4.387 4.399 4.395 4.337 4.147 3.934 3.853 3.862 3.667 3.783 3.744 0.000 
6.750 2.510 1.342 1.986 2.383 2.878 2.995 3.288 3.659 3.899 4.010 4.109 4.206 4.292 4.308 4.310 4.260 4.079 3.878 3.798 3.801 3.609 3.708 3.668 0.000 
6.750 3.160 1.302 1.944 2.327 2.804 2.927 3.215 3.573 3.803 3.915 4.012 4.106 4.191 4.212 4.219 4.177 4.007 3.817 3.739 3.738 3.547 3.628 3.588 0.000 
6.750 3.980 1.257 1.896 2.266 2.725 2.853 3.136 3.482 3.701 3.815 3.909 4.000 4.085 4.110 4.123 4.090 3.930 3.752 3.675 3.669 3.481 3.544 3.502 0.000 
6.750 5.010 1.207 1.843 2.199 2.640 2.774 3.051 3.384 3.593 3.708 3.800 3.888 3.972 4.003 4.021 3.997 3.848 3.681 3.607 3.596 3.411 3.454 3.411 0.000 
6.750 6.310 1.152 1.783 2.126 2.550 2.688 2.961 3.281 3.480 3.596 3.685 3.771 3.854 3.889 3.913 3.897 3.759 3.605 3.533 3.518 3.335 3.358 3.314 0.000 
6.750 7.940 1.091 1.718 2.047 2.454 2.597 2.865 3.172 3.361 3.478 3.565 3.648 3.729 3.769 3.798 3.791 3.664 3.522 3.452 3.433 3.253 3.256 3.211 0.000 
6.750 10.000 1.025 1.646 1.962 2.353 2.501 2.764 3.059 3.237 3.354 3.439 3.519 3.600 3.643 3.677 3.679 3.562 3.432 3.365 3.341 3.164 3.146 3.100 0.000 
6.750 12.590 0.954 1.569 1.872 2.247 2.400 2.659 2.940 3.109 3.226 3.309 3.386 3.465 3.512 3.551 3.560 3.454 3.336 3.270 3.242 3.068 3.030 2.983 0.000 
6.750 15.850 0.878 1.485 1.777 2.138 2.295 2.549 2.817 2.977 3.093 3.173 3.248 3.325 3.375 3.418 3.435 3.338 3.231 3.168 3.135 2.963 2.906 2.859 0.000 
6.750 19.950 0.797 1.396 1.678 2.024 2.185 2.436 2.691 2.841 2.955 3.034 3.105 3.181 3.233 3.280 3.304 3.216 3.120 3.058 3.020 2.850 2.774 2.727 0.000 
6.750 25.120 0.711 1.302 1.573 1.907 2.072 2.318 2.560 2.701 2.814 2.890 2.959 3.032 3.086 3.137 3.166 3.086 3.000 2.940 2.896 2.728 2.634 2.588 0.000 
6.750 31.620 0.621 1.202 1.465 1.787 1.956 2.198 2.426 2.558 2.668 2.743 2.809 2.879 2.935 2.988 3.022 2.949 2.873 2.812 2.762 2.597 2.485 2.442 0.000 
6.750 39.810 0.526 1.098 1.353 1.664 1.836 2.074 2.288 2.411 2.519 2.591 2.655 2.722 2.779 2.834 2.872 2.804 2.737 2.676 2.619 2.454 2.327 2.287 0.000 
6.750 50.120 0.427 0.988 1.236 1.538 1.712 1.947 2.147 2.262 2.366 2.436 2.498 2.562 2.618 2.674 2.715 2.651 2.592 2.529 2.465 2.300 2.160 2.125 0.000 
6.750 63.100 0.324 0.873 1.116 1.409 1.585 1.816 2.002 2.108 2.209 2.277 2.336 2.396 2.453 2.508 2.551 2.490 2.437 2.372 2.299 2.133 1.982 1.953 0.000 
6.750 79.430 0.215 0.753 0.991 1.276 1.454 1.681 1.852 1.950 2.047 2.113 2.169 2.226 2.281 2.336 2.379 2.318 2.271 2.201 2.120 1.951 1.791 1.770 0.000 
6.750 100.000 0.101 0.627 0.862 1.140 1.319 1.542 1.698 1.788 1.881 1.944 1.997 2.049 2.104 2.156 2.198 2.135 2.092 2.017 1.924 1.752 1.586 1.575 0.000 
6.750 125.890 -0.019 0.494 0.727 1.000 1.179 1.397 1.537 1.621 1.708 1.769 1.819 1.866 1.918 1.967 2.005 1.938 1.898 1.814 1.710 1.532 1.363 1.366 0.000 
6.750 158.490 -0.148 0.352 0.586 0.855 1.033 1.246 1.370 1.447 1.529 1.586 1.633 1.675 1.724 1.768 1.799 1.725 1.685 1.591 1.472 1.287 1.119 1.138 0.000 
6.750 199.530 -0.285 0.202 0.437 0.705 0.879 1.087 1.194 1.265 1.341 1.394 1.438 1.474 1.519 1.555 1.577 1.492 1.449 1.343 1.207 1.012 0.850 0.889 0.000 
6.750 251.190 -0.434 0.040 0.278 0.547 0.717 0.918 1.007 1.073 1.142 1.192 1.231 1.261 1.300 1.326 1.334 1.234 1.184 1.062 0.907 0.699 0.548 0.614 0.000 
6.750 316.230 -0.598 -0.137 0.108 0.380 0.543 0.738 0.807 0.868 0.930 0.975 1.010 1.032 1.065 1.077 1.067 0.945 0.885 0.743 0.564 0.340 0.207 0.304 0.000 
6.750 398.110 -0.779 -0.332 -0.077 0.203 0.355 0.542 0.590 0.649 0.702 0.742 0.771 0.784 0.808 0.803 0.768 0.617 0.542 0.375 0.168 -0.079 -0.184 -0.047 0.000 
6.750 501.190 -0.982 -0.548 -0.280 0.011 0.150 0.328 0.353 0.410 0.454 0.486 0.509 0.512 0.526 0.498 0.430 0.241 0.144 -0.055 -0.296 -0.570 -0.638 -0.450 0.000 
6.750 630.960 -1.212 -0.793 -0.506 -0.197 -0.076 0.091 0.089 0.147 0.179 0.204 0.219 0.210 0.210 0.153 0.043 -0.195 -0.323 -0.562 -0.844 -1.153 -1.169 -0.920 0.000 
6.750 794.330 -1.478 -1.072 -0.761 -0.428 -0.331 -0.176 -0.207 -0.147 -0.127 -0.112 -0.106 -0.129 -0.147 -0.242 -0.406 -0.708 -0.876 -1.165 -1.497 -1.852 -1.799 -1.472 0.000 
6.750 1000.000 -1.787 -1.395 -1.052 -0.685 -0.620 -0.480 -0.545 -0.478 -0.474 -0.471 -0.476 -0.517 -0.556 -0.698 -0.933 -1.317 -1.538 -1.890 -2.284 -2.695 -2.552 -2.127 0.000 
7.000 1.000 1.566 2.211 2.659 3.221 3.315 3.625 4.038 4.315 4.412 4.518 4.626 4.711 4.706 4.691 4.610 4.393 4.144 4.057 4.076 3.871 4.035 3.992 0.000 
7.000 1.260 1.543 2.187 2.626 3.174 3.272 3.578 3.979 4.246 4.343 4.446 4.551 4.635 4.632 4.621 4.547 4.338 4.099 4.012 4.026 3.822 3.971 3.929 0.000 
7.000 1.580 1.518 2.161 2.590 3.122 3.226 3.527 3.915 4.172 4.269 4.370 4.473 4.555 4.555 4.549 4.481 4.280 4.052 3.965 3.974 3.772 3.905 3.863 0.000 
7.000 2.000 1.490 2.131 2.549 3.065 3.174 3.471 3.847 4.094 4.191 4.290 4.390 4.471 4.475 4.472 4.412 4.220 4.002 3.916 3.919 3.719 3.836 3.795 0.000 
7.000 2.510 1.459 2.098 2.505 3.004 3.118 3.410 3.773 4.010 4.108 4.205 4.302 4.382 4.390 4.392 4.339 4.156 3.949 3.863 3.862 3.664 3.765 3.724 0.000 
7.000 3.160 1.424 2.061 2.455 2.937 3.057 3.343 3.694 3.921 4.020 4.115 4.209 4.288 4.300 4.307 4.262 4.088 3.892 3.808 3.802 3.606 3.689 3.648 0.000 
7.000 3.980 1.385 2.019 2.400 2.864 2.989 3.271 3.610 3.826 3.927 4.019 4.110 4.188 4.205 4.216 4.179 4.015 3.831 3.749 3.738 3.544 3.610 3.568 0.000 
7.000 5.010 1.341 1.972 2.340 2.786 2.916 3.193 3.519 3.725 3.827 3.917 4.005 4.082 4.103 4.120 4.092 3.938 3.766 3.685 3.670 3.479 3.525 3.483 0.000 
7.000 6.310 1.292 1.919 2.273 2.701 2.837 3.109 3.422 3.618 3.722 3.809 3.893 3.970 3.996 4.018 3.998 3.855 3.695 3.616 3.596 3.408 3.435 3.392 0.000 
7.000 7.940 1.238 1.860 2.201 2.611 2.752 3.019 3.320 3.505 3.610 3.695 3.776 3.852 3.883 3.910 3.898 3.766 3.618 3.542 3.517 3.332 3.339 3.295 0.000 
7.000 10.000 1.178 1.795 2.122 2.515 2.662 2.923 3.211 3.387 3.493 3.575 3.654 3.728 3.764 3.795 3.792 3.670 3.534 3.461 3.432 3.249 3.237 3.192 0.000 
7.000 12.590 1.113 1.724 2.038 2.414 2.566 2.823 3.098 3.263 3.370 3.450 3.525 3.599 3.638 3.674 3.679 3.567 3.443 3.372 3.339 3.160 3.127 3.081 0.000 
7.000 15.850 1.042 1.647 1.948 2.309 2.465 2.717 2.980 3.135 3.242 3.320 3.392 3.464 3.507 3.547 3.559 3.457 3.345 3.276 3.239 3.062 3.009 2.963 0.000 
7.000 19.950 0.966 1.563 1.853 2.199 2.359 2.607 2.857 3.003 3.108 3.184 3.254 3.324 3.370 3.414 3.433 3.339 3.239 3.172 3.130 2.956 2.883 2.838 0.000 
7.000 25.120 0.885 1.474 1.752 2.085 2.249 2.493 2.729 2.866 2.971 3.044 3.111 3.179 3.228 3.275 3.300 3.214 3.125 3.060 3.012 2.840 2.749 2.704 0.000 
7.000 31.620 0.799 1.379 1.648 1.968 2.136 2.375 2.598 2.726 2.828 2.900 2.964 3.029 3.080 3.130 3.160 3.082 3.002 2.938 2.885 2.714 2.606 2.563 0.000 
7.000 39.810 0.708 1.278 1.538 1.847 2.018 2.253 2.463 2.581 2.682 2.751 2.813 2.875 2.927 2.979 3.013 2.941 2.871 2.806 2.747 2.578 2.453 2.413 0.000 
7.000 50.120 0.612 1.172 1.424 1.722 1.896 2.128 2.323 2.433 2.531 2.598 2.657 2.716 2.769 2.822 2.859 2.791 2.730 2.664 2.598 2.429 2.290 2.254 0.000 
7.000 63.100 0.511 1.060 1.306 1.595 1.771 1.999 2.180 2.281 2.376 2.441 2.497 2.553 2.605 2.658 2.697 2.633 2.578 2.510 2.436 2.266 2.115 2.085 0.000 
7.000 79.430 0.405 0.942 1.183 1.464 1.642 1.865 2.031 2.125 2.216 2.278 2.331 2.384 2.436 2.488 2.527 2.463 2.415 2.344 2.260 2.088 1.927 1.905 0.000 
7.000 100.000 0.293 0.817 1.055 1.329 1.508 1.726 1.878 1.964 2.050 2.110 2.160 2.209 2.259 2.309 2.347 2.282 2.238 2.162 2.068 1.893 1.725 1.713 0.000 
7.000 125.890 0.174 0.686 0.921 1.189 1.368 1.583 1.718 1.797 1.879 1.936 1.983 2.027 2.075 2.122 2.156 2.087 2.046 1.962 1.856 1.676 1.504 1.505 0.000 
7.000 158.490 0.046 0.546 0.781 1.045 1.223 1.432 1.552 1.623 1.700 1.754 1.798 1.836 1.882 1.923 1.951 1.876 1.834 1.741 1.621 1.434 1.262 1.279 0.000 
7.000 199.530 -0.090 0.396 0.632 0.895 1.070 1.274 1.376 1.442 1.513 1.563 1.603 1.636 1.678 1.711 1.730 1.643 1.599 1.493 1.357 1.160 0.994 1.032 0.000 
7.000 251.190 -0.239 0.235 0.474 0.738 0.908 1.106 1.190 1.250 1.315 1.361 1.397 1.423 1.460 1.483 1.488 1.386 1.336 1.214 1.059 0.849 0.694 0.757 0.000 
7.000 316.230 -0.401 0.059 0.304 0.571 0.734 0.925 0.990 1.046 1.103 1.145 1.176 1.195 1.224 1.235 1.221 1.098 1.037 0.896 0.717 0.491 0.353 0.448 0.000 
7.000 398.110 -0.582 -0.135 0.120 0.394 0.547 0.730 0.774 0.827 0.876 0.912 0.937 0.947 0.968 0.961 0.923 0.771 0.695 0.528 0.321 0.074 -0.037 0.098 0.000 
7.000 501.190 -0.784 -0.351 -0.083 0.203 0.342 0.516 0.536 0.588 0.627 0.657 0.676 0.676 0.686 0.656 0.585 0.395 0.297 0.099 -0.142 -0.417 -0.490 -0.305 0.000 
7.000 630.960 -1.015 -0.595 -0.309 -0.006 0.115 0.279 0.273 0.325 0.353 0.374 0.386 0.374 0.371 0.311 0.198 -0.041 -0.169 -0.407 -0.689 -0.999 -1.021 -0.774 0.000 
7.000 794.330 -1.280 -0.874 -0.563 -0.236 -0.139 0.012 -0.023 0.032 0.047 0.058 0.061 0.034 0.014 -0.083 -0.251 -0.553 -0.722 -1.009 -1.342 -1.697 -1.650 -1.325 0.000 
7.000 1000.000 -1.589 -1.197 -0.854 -0.493 -0.427 -0.292 -0.361 -0.299 -0.300 -0.301 -0.308 -0.353 -0.395 -0.540 -0.777 -1.162 -1.384 -1.734 -2.128 -2.540 -2.403 -1.981 0.000 
7.250 1.000 1.667 2.306 2.758 3.320 3.411 3.718 4.125 4.399 4.486 4.590 4.698 4.779 4.769 4.759 4.680 4.464 4.212 4.121 4.136 3.927 4.089 4.040 0.000 
7.250 1.260 1.647 2.285 2.729 3.277 3.372 3.675 4.069 4.334 4.420 4.522 4.627 4.707 4.699 4.692 4.619 4.411 4.168 4.077 4.087 3.879 4.026 3.979 0.000 
7.250 1.580 1.624 2.261 2.696 3.229 3.330 3.629 4.010 4.265 4.351 4.451 4.554 4.631 4.626 4.623 4.556 4.355 4.123 4.032 4.037 3.830 3.962 3.916 0.000 
7.250 2.000 1.600 2.235 2.660 3.178 3.284 3.579 3.948 4.192 4.278 4.376 4.476 4.552 4.550 4.550 4.490 4.297 4.076 3.985 3.984 3.780 3.896 3.851 0.000 
7.250 2.510 1.572 2.206 2.620 3.122 3.233 3.523 3.880 4.114 4.201 4.297 4.394 4.469 4.469 4.474 4.421 4.237 4.026 3.935 3.930 3.727 3.827 3.783 0.000 
7.250 3.160 1.542 2.174 2.576 3.061 3.178 3.463 3.807 4.032 4.119 4.213 4.307 4.380 4.385 4.394 4.348 4.172 3.972 3.883 3.873 3.672 3.756 3.711 0.000 
7.250 3.980 1.507 2.137 2.527 2.995 3.117 3.397 3.729 3.943 4.032 4.123 4.214 4.287 4.296 4.309 4.270 4.104 3.916 3.828 3.812 3.614 3.680 3.636 0.000 
7.250 5.010 1.469 2.095 2.473 2.922 3.050 3.325 3.645 3.849 3.939 4.028 4.116 4.188 4.201 4.219 4.188 4.031 3.854 3.768 3.748 3.552 3.601 3.556 0.000 
7.250 6.310 1.426 2.049 2.413 2.844 2.977 3.248 3.555 3.748 3.841 3.927 4.011 4.083 4.101 4.123 4.100 3.953 3.788 3.704 3.680 3.486 3.516 3.471 0.000 
7.250 7.940 1.378 1.997 2.347 2.760 2.899 3.164 3.459 3.642 3.736 3.820 3.901 3.971 3.994 4.021 4.006 3.870 3.717 3.635 3.606 3.415 3.426 3.381 0.000 
7.250 10.000 1.324 1.938 2.275 2.670 2.814 3.075 3.357 3.530 3.625 3.707 3.784 3.854 3.882 3.912 3.906 3.779 3.639 3.559 3.526 3.338 3.330 3.284 0.000 
7.250 12.590 1.266 1.874 2.196 2.575 2.724 2.979 3.250 3.412 3.509 3.587 3.662 3.730 3.763 3.798 3.799 3.682 3.554 3.477 3.440 3.255 3.226 3.180 0.000 
7.250 15.850 1.201 1.803 2.112 2.474 2.628 2.879 3.136 3.289 3.386 3.463 3.534 3.601 3.637 3.676 3.685 3.578 3.462 3.388 3.346 3.164 3.115 3.069 0.000 
7.250 19.950 1.131 1.725 2.022 2.369 2.527 2.773 3.018 3.161 3.258 3.332 3.400 3.466 3.506 3.548 3.564 3.466 3.362 3.290 3.244 3.064 2.996 2.949 0.000 
7.250 25.120 1.055 1.642 1.927 2.258 2.421 2.663 2.895 3.028 3.125 3.196 3.262 3.325 3.368 3.414 3.435 3.347 3.253 3.184 3.132 2.955 2.868 2.822 0.000 
7.250 31.620 0.974 1.551 1.826 2.144 2.311 2.548 2.767 2.891 2.986 3.056 3.118 3.180 3.225 3.273 3.300 3.219 3.136 3.068 3.011 2.836 2.731 2.686 0.000 
7.250 39.810 0.887 1.455 1.720 2.026 2.196 2.429 2.634 2.749 2.843 2.910 2.970 3.029 3.076 3.126 3.157 3.082 3.009 2.942 2.879 2.706 2.583 2.542 0.000 
7.250 50.120 0.795 1.353 1.609 1.904 2.077 2.306 2.497 2.603 2.695 2.760 2.817 2.873 2.921 2.972 3.007 2.936 2.872 2.804 2.736 2.563 2.425 2.387 0.000 
7.250 63.100 0.697 1.244 1.493 1.778 1.954 2.178 2.355 2.453 2.542 2.605 2.658 2.711 2.760 2.811 2.848 2.781 2.725 2.655 2.579 2.405 2.254 2.222 0.000 
7.250 79.430 0.593 1.129 1.372 1.648 1.826 2.046 2.209 2.298 2.384 2.444 2.495 2.544 2.593 2.643 2.680 2.615 2.565 2.492 2.407 2.232 2.071 2.046 0.000 
7.250 100.000 0.483 1.007 1.246 1.515 1.693 1.909 2.057 2.138 2.220 2.278 2.326 2.371 2.418 2.467 2.502 2.436 2.391 2.313 2.218 2.041 1.871 1.856 0.000 
7.250 125.890 0.366 0.878 1.114 1.376 1.555 1.766 1.898 1.973 2.050 2.104 2.149 2.190 2.236 2.281 2.313 2.243 2.201 2.116 2.010 1.827 1.653 1.651 0.000 
7.250 158.490 0.240 0.740 0.974 1.233 1.410 1.616 1.732 1.800 1.872 1.924 1.965 2.000 2.044 2.083 2.110 2.033 1.991 1.898 1.777 1.588 1.413 1.427 0.000 
7.250 199.530 0.105 0.591 0.827 1.083 1.258 1.459 1.557 1.619 1.686 1.734 1.771 1.801 1.840 1.873 1.889 1.802 1.758 1.652 1.516 1.317 1.147 1.181 0.000 
7.250 251.190 -0.042 0.431 0.670 0.926 1.096 1.291 1.372 1.428 1.488 1.532 1.565 1.589 1.623 1.645 1.648 1.546 1.496 1.375 1.219 1.008 0.848 0.908 0.000 
7.250 316.230 -0.204 0.256 0.500 0.761 0.923 1.111 1.172 1.224 1.278 1.316 1.345 1.361 1.388 1.397 1.382 1.259 1.198 1.058 0.879 0.651 0.509 0.600 0.000 
7.250 398.110 -0.384 0.063 0.316 0.583 0.736 0.916 0.956 1.005 1.050 1.083 1.107 1.114 1.133 1.124 1.084 0.932 0.857 0.691 0.485 0.236 0.120 0.251 0.000 
7.250 501.190 -0.586 -0.153 0.114 0.393 0.532 0.703 0.719 0.767 0.802 0.829 0.846 0.842 0.851 0.820 0.747 0.557 0.460 0.263 0.023 -0.254 -0.332 -0.152 0.000 
7.250 630.960 -0.816 -0.397 -0.112 0.184 0.305 0.466 0.456 0.504 0.528 0.547 0.556 0.541 0.536 0.475 0.361 0.122 -0.006 -0.242 -0.524 -0.835 -0.863 -0.620 0.000 
7.250 794.330 -1.081 -0.675 -0.366 -0.045 0.051 0.199 0.160 0.211 0.222 0.231 0.231 0.201 0.179 0.081 -0.088 -0.391 -0.558 -0.844 -1.176 -1.533 -1.491 -1.171 0.000 
7.250 1000.000 -1.390 -0.998 -0.656 -0.302 -0.237 -0.105 -0.177 -0.120 -0.124 -0.128 -0.138 -0.185 -0.229 -0.375 -0.614 -0.999 -1.220 -1.568 -1.962 -2.375 -2.244 -1.826 0.000 
7.500 1.000 1.767 2.401 2.854 3.414 3.501 3.806 4.206 4.479 4.557 4.660 4.769 4.848 4.834 4.831 4.755 4.542 4.287 4.193 4.206 3.992 4.151 4.094 0.000 
7.500 1.260 1.749 2.381 2.827 3.374 3.465 3.767 4.154 4.417 4.495 4.595 4.702 4.778 4.766 4.766 4.696 4.490 4.245 4.151 4.158 3.946 4.090 4.035 0.000 
7.500 1.580 1.729 2.360 2.798 3.331 3.427 3.725 4.100 4.353 4.429 4.528 4.632 4.706 4.696 4.699 4.635 4.437 4.201 4.107 4.108 3.898 4.028 3.974 0.000 
7.500 2.000 1.707 2.337 2.766 3.284 3.385 3.679 4.042 4.285 4.361 4.458 4.559 4.631 4.624 4.630 4.572 4.381 4.156 4.062 4.058 3.849 3.964 3.911 0.000 
7.500 2.510 1.682 2.311 2.730 3.233 3.340 3.629 3.979 4.212 4.289 4.383 4.482 4.553 4.548 4.558 4.506 4.323 4.108 4.014 4.005 3.799 3.897 3.846 0.000 
7.500 3.160 1.655 2.282 2.691 3.177 3.290 3.574 3.912 4.135 4.212 4.305 4.400 4.470 4.469 4.481 4.437 4.262 4.058 3.965 3.951 3.746 3.829 3.778 0.000 
7.500 3.980 1.625 2.250 2.647 3.117 3.235 3.515 3.841 4.053 4.131 4.222 4.314 4.382 4.385 4.401 4.364 4.197 4.005 3.913 3.893 3.691 3.757 3.707 0.000 
7.500 5.010 1.592 2.214 2.598 3.051 3.175 3.449 3.763 3.966 4.045 4.133 4.222 4.289 4.296 4.316 4.286 4.129 3.948 3.857 3.833 3.632 3.681 3.632 0.000 
7.500 6.310 1.554 2.173 2.544 2.979 3.108 3.378 3.680 3.872 3.953 4.039 4.124 4.191 4.202 4.226 4.203 4.055 3.886 3.797 3.768 3.570 3.602 3.552 0.000 
7.500 7.940 1.512 2.127 2.485 2.901 3.036 3.301 3.591 3.772 3.856 3.939 4.021 4.086 4.102 4.130 4.115 3.977 3.819 3.732 3.699 3.504 3.517 3.467 0.000 
7.500 10.000 1.465 2.075 2.419 2.818 2.958 3.218 3.496 3.667 3.752 3.832 3.911 3.976 3.996 4.028 4.020 3.892 3.747 3.662 3.625 3.432 3.426 3.377 0.000 
7.500 12.590 1.412 2.017 2.347 2.728 2.874 3.129 3.394 3.555 3.642 3.720 3.795 3.859 3.884 3.920 3.919 3.801 3.668 3.586 3.544 3.354 3.329 3.279 0.000 
7.500 15.850 1.354 1.952 2.269 2.633 2.784 3.034 3.287 3.438 3.525 3.601 3.673 3.735 3.765 3.805 3.811 3.702 3.581 3.502 3.456 3.269 3.224 3.175 0.000 
7.500 19.950 1.290 1.882 2.185 2.532 2.688 2.933 3.173 3.314 3.403 3.476 3.545 3.606 3.640 3.682 3.696 3.596 3.487 3.411 3.361 3.176 3.112 3.062 0.000 
7.500 25.120 1.220 1.804 2.095 2.426 2.587 2.827 3.055 3.186 3.275 3.346 3.411 3.470 3.508 3.554 3.573 3.482 3.385 3.311 3.256 3.074 2.990 2.942 0.000 
7.500 31.620 1.144 1.720 1.999 2.316 2.481 2.716 2.931 3.053 3.141 3.209 3.271 3.329 3.370 3.418 3.443 3.359 3.273 3.201 3.141 2.961 2.859 2.812 0.000 
7.500 39.810 1.062 1.628 1.897 2.200 2.369 2.600 2.802 2.914 3.002 3.068 3.127 3.182 3.225 3.275 3.304 3.228 3.152 3.081 3.016 2.838 2.718 2.673 0.000 
7.500 50.120 0.974 1.531 1.790 2.081 2.253 2.480 2.668 2.771 2.857 2.921 2.976 3.029 3.074 3.125 3.158 3.086 3.020 2.949 2.878 2.701 2.565 2.524 0.000 
7.500 63.100 0.880 1.426 1.677 1.958 2.132 2.355 2.528 2.623 2.707 2.768 2.821 2.871 2.916 2.967 3.003 2.935 2.877 2.805 2.726 2.549 2.399 2.364 0.000 
7.500 79.430 0.780 1.314 1.559 1.830 2.006 2.224 2.384 2.471 2.552 2.610 2.660 2.706 2.752 2.802 2.838 2.772 2.720 2.646 2.560 2.382 2.220 2.191 0.000 
7.500 100.000 0.673 1.195 1.435 1.698 1.875 2.089 2.233 2.312 2.390 2.445 2.492 2.534 2.579 2.628 2.662 2.596 2.550 2.472 2.375 2.195 2.024 2.005 0.000 
7.500 125.890 0.558 1.068 1.304 1.561 1.738 1.947 2.076 2.148 2.221 2.274 2.317 2.355 2.399 2.444 2.475 2.405 2.362 2.278 2.170 1.986 1.810 1.803 0.000 
7.500 158.490 0.434 0.932 1.166 1.418 1.595 1.798 1.911 1.976 2.045 2.094 2.134 2.167 2.208 2.248 2.273 2.197 2.155 2.062 1.941 1.750 1.573 1.581 0.000 
7.500 199.530 0.300 0.786 1.020 1.270 1.444 1.642 1.738 1.796 1.859 1.905 1.941 1.968 2.006 2.038 2.054 1.968 1.924 1.819 1.682 1.482 1.309 1.337 0.000 
7.500 251.190 0.154 0.627 0.864 1.113 1.283 1.475 1.552 1.606 1.663 1.704 1.736 1.757 1.790 1.812 1.815 1.713 1.664 1.544 1.388 1.176 1.012 1.065 0.000 
7.500 316.230 -0.007 0.453 0.695 0.948 1.110 1.295 1.354 1.402 1.453 1.490 1.516 1.530 1.556 1.565 1.550 1.427 1.367 1.229 1.050 0.821 0.674 0.759 0.000 
7.500 398.110 -0.186 0.261 0.512 0.771 0.924 1.101 1.138 1.184 1.226 1.257 1.278 1.283 1.301 1.293 1.252 1.102 1.027 0.863 0.657 0.407 0.286 0.411 0.000 
7.500 501.190 -0.387 0.046 0.310 0.581 0.720 0.888 0.902 0.946 0.978 1.003 1.018 1.012 1.020 0.989 0.916 0.727 0.631 0.436 0.196 -0.081 -0.165 0.010 0.000 
7.500 630.960 -0.617 -0.197 0.085 0.373 0.494 0.651 0.639 0.683 0.705 0.721 0.729 0.711 0.705 0.645 0.530 0.292 0.166 -0.068 -0.349 -0.661 -0.695 -0.458 0.000 
7.500 794.330 -0.881 -0.476 -0.169 0.143 0.240 0.384 0.343 0.391 0.399 0.406 0.404 0.372 0.349 0.251 0.082 -0.219 -0.386 -0.670 -1.001 -1.358 -1.323 -1.008 0.000 
7.500 1000.000 -1.190 -0.798 -0.459 -0.114 -0.048 0.081 0.006 0.060 0.053 0.047 0.035 -0.014 -0.059 -0.205 -0.444 -0.827 -1.047 -1.393 -1.786 -2.199 -2.075 -1.663 0.000 
7.750 1.000 1.867 2.494 2.948 3.504 3.586 3.890 4.284 4.556 4.627 4.729 4.840 4.917 4.901 4.906 4.836 4.628 4.371 4.274 4.285 4.068 4.222 4.156 0.000 
7.750 1.260 1.850 2.477 2.923 3.466 3.554 3.853 4.235 4.497 4.567 4.667 4.775 4.850 4.835 4.843 4.778 4.577 4.330 4.233 4.238 4.022 4.162 4.098 0.000 
7.750 1.580 1.831 2.457 2.896 3.426 3.519 3.815 4.184 4.436 4.505 4.603 4.709 4.781 4.768 4.779 4.719 4.525 4.287 4.190 4.189 3.976 4.101 4.039 0.000 
7.750 2.000 1.812 2.436 2.867 3.383 3.481 3.773 4.130 4.372 4.440 4.536 4.639 4.710 4.699 4.712 4.658 4.471 4.244 4.147 4.140 3.928 4.039 3.978 0.000 
7.750 2.510 1.790 2.413 2.835 3.336 3.440 3.727 4.072 4.305 4.372 4.467 4.567 4.635 4.626 4.643 4.595 4.415 4.198 4.101 4.090 3.879 3.975 3.915 0.000 
7.750 3.160 1.766 2.388 2.799 3.286 3.394 3.678 4.010 4.233 4.300 4.393 4.490 4.557 4.551 4.570 4.529 4.357 4.150 4.054 4.037 3.828 3.909 3.850 0.000 
7.750 3.980 1.740 2.360 2.760 3.231 3.345 3.624 3.944 4.157 4.225 4.315 4.409 4.475 4.472 4.495 4.460 4.295 4.100 4.004 3.982 3.775 3.840 3.782 0.000 
7.750 5.010 1.711 2.328 2.717 3.171 3.290 3.565 3.873 4.075 4.145 4.233 4.323 4.388 4.389 4.414 4.386 4.230 4.046 3.951 3.924 3.719 3.768 3.711 0.000 
7.750 6.310 1.678 2.292 2.669 3.105 3.231 3.500 3.797 3.988 4.059 4.145 4.232 4.295 4.301 4.330 4.308 4.161 3.988 3.895 3.863 3.661 3.692 3.636 0.000 
7.750 7.940 1.641 2.251 2.616 3.034 3.165 3.429 3.714 3.895 3.968 4.052 4.135 4.197 4.207 4.239 4.225 4.087 3.926 3.835 3.798 3.598 3.612 3.556 0.000 
7.750 10.000 1.599 2.205 2.556 2.956 3.094 3.353 3.626 3.796 3.871 3.952 4.032 4.093 4.108 4.143 4.136 4.008 3.858 3.769 3.728 3.531 3.526 3.471 0.000 
7.750 12.590 1.553 2.154 2.491 2.873 3.016 3.270 3.531 3.691 3.768 3.846 3.923 3.983 4.002 4.041 4.041 3.922 3.785 3.698 3.653 3.458 3.435 3.380 0.000 
7.750 15.850 1.501 2.096 2.419 2.784 2.932 3.181 3.430 3.580 3.659 3.734 3.807 3.866 3.890 3.932 3.939 3.829 3.704 3.620 3.571 3.378 3.337 3.282 0.000 
7.750 19.950 1.443 2.032 2.341 2.688 2.842 3.086 3.322 3.462 3.543 3.616 3.685 3.743 3.771 3.816 3.829 3.729 3.616 3.535 3.481 3.291 3.230 3.176 0.000 
7.750 25.120 1.379 1.960 2.257 2.587 2.746 2.985 3.209 3.339 3.421 3.491 3.557 3.613 3.646 3.693 3.712 3.620 3.520 3.441 3.383 3.196 3.116 3.062 0.000 
7.750 31.620 1.309 1.882 2.166 2.481 2.644 2.879 3.090 3.210 3.292 3.360 3.422 3.477 3.513 3.563 3.587 3.503 3.414 3.337 3.275 3.090 2.991 2.939 0.000 
7.750 39.810 1.233 1.797 2.069 2.370 2.537 2.767 2.965 3.076 3.158 3.223 3.282 3.335 3.374 3.425 3.454 3.377 3.298 3.224 3.156 2.973 2.856 2.806 0.000 
7.750 50.120 1.150 1.704 1.966 2.254 2.424 2.649 2.834 2.936 3.017 3.080 3.136 3.186 3.227 3.279 3.312 3.240 3.172 3.098 3.024 2.843 2.709 2.663 0.000 
7.750 63.100 1.060 1.605 1.857 2.133 2.306 2.527 2.698 2.791 2.871 2.931 2.983 3.031 3.073 3.126 3.161 3.093 3.033 2.959 2.879 2.698 2.549 2.508 0.000 
7.750 79.430 0.964 1.497 1.742 2.008 2.183 2.399 2.556 2.641 2.718 2.775 2.825 2.869 2.912 2.963 2.999 2.934 2.881 2.806 2.718 2.536 2.375 2.340 0.000 
7.750 100.000 0.860 1.382 1.621 1.878 2.054 2.265 2.408 2.485 2.559 2.613 2.659 2.700 2.743 2.792 2.827 2.762 2.715 2.635 2.538 2.354 2.183 2.158 0.000 
7.750 125.890 0.748 1.258 1.492 1.742 1.919 2.125 2.252 2.322 2.392 2.444 2.486 2.522 2.565 2.610 2.642 2.574 2.531 2.446 2.338 2.150 1.973 1.959 0.000 
7.750 158.490 0.626 1.124 1.356 1.601 1.777 1.978 2.089 2.151 2.218 2.266 2.305 2.336 2.376 2.417 2.442 2.368 2.326 2.233 2.112 1.919 1.739 1.741 0.000 
7.750 199.530 0.494 0.980 1.211 1.453 1.627 1.822 1.916 1.972 2.033 2.078 2.113 2.139 2.175 2.209 2.225 2.141 2.097 1.994 1.857 1.655 1.478 1.500 0.000 
7.750 251.190 0.350 0.822 1.056 1.298 1.467 1.656 1.732 1.783 1.838 1.878 1.909 1.928 1.961 1.984 1.987 1.888 1.839 1.721 1.565 1.351 1.183 1.230 0.000 
7.750 316.230 0.190 0.650 0.889 1.133 1.295 1.478 1.534 1.580 1.629 1.664 1.690 1.702 1.728 1.738 1.723 1.603 1.544 1.407 1.229 0.999 0.848 0.926 0.000 
7.750 398.110 0.013 0.459 0.706 0.957 1.109 1.284 1.319 1.362 1.403 1.432 1.453 1.456 1.474 1.466 1.427 1.279 1.205 1.044 0.839 0.588 0.461 0.578 0.000 
7.750 501.190 -0.188 0.245 0.505 0.767 0.906 1.071 1.083 1.125 1.156 1.179 1.193 1.186 1.193 1.163 1.091 0.905 0.810 0.618 0.380 0.101 0.011 0.178 0.000 
7.750 630.960 -0.417 0.002 0.280 0.560 0.680 0.834 0.821 0.863 0.883 0.898 0.904 0.885 0.879 0.819 0.705 0.471 0.346 0.115 -0.165 -0.478 -0.517 -0.288 0.000 
7.750 794.330 -0.681 -0.275 0.027 0.330 0.426 0.568 0.525 0.570 0.578 0.582 0.580 0.547 0.524 0.426 0.258 -0.040 -0.205 -0.486 -0.815 -1.173 -1.144 -0.838 0.000 
7.750 1000.000 -0.989 -0.597 -0.263 0.074 0.138 0.265 0.188 0.239 0.231 0.224 0.211 0.160 0.116 -0.029 -0.268 -0.647 -0.865 -1.208 -1.599 -2.013 -1.896 -1.492 0.000 
8.000 1.000 1.966 2.588 3.039 3.589 3.668 3.969 4.359 4.630 4.696 4.798 4.911 4.987 4.970 4.986 4.922 4.720 4.463 4.365 4.373 4.154 4.303 4.225 0.000 
8.000 1.260 1.950 2.571 3.015 3.554 3.637 3.935 4.312 4.574 4.638 4.738 4.849 4.922 4.907 4.925 4.866 4.671 4.422 4.324 4.327 4.109 4.244 4.168 0.000 
8.000 1.580 1.933 2.554 2.991 3.516 3.605 3.899 4.264 4.516 4.578 4.677 4.785 4.856 4.841 4.862 4.808 4.620 4.381 4.283 4.280 4.063 4.184 4.110 0.000 
8.000 2.000 1.915 2.535 2.964 3.476 3.570 3.861 4.213 4.455 4.516 4.613 4.718 4.787 4.775 4.797 4.749 4.568 4.339 4.240 4.232 4.017 4.123 4.051 0.000 
8.000 2.510 1.896 2.514 2.935 3.434 3.533 3.819 4.159 4.392 4.452 4.547 4.649 4.716 4.705 4.731 4.688 4.514 4.295 4.196 4.182 3.969 4.061 3.990 0.000 
8.000 3.160 1.875 2.491 2.903 3.387 3.492 3.774 4.102 4.325 4.385 4.478 4.577 4.642 4.634 4.661 4.625 4.457 4.249 4.150 4.131 3.919 3.996 3.927 0.000 
8.000 3.980 1.851 2.466 2.868 3.337 3.447 3.725 4.041 4.253 4.314 4.405 4.501 4.564 4.559 4.589 4.559 4.399 4.201 4.103 4.079 3.868 3.930 3.862 0.000 
8.000 5.010 1.826 2.438 2.830 3.283 3.398 3.672 3.975 4.178 4.239 4.327 4.421 4.483 4.480 4.513 4.489 4.337 4.150 4.053 4.023 3.815 3.861 3.794 0.000 
8.000 6.310 1.797 2.406 2.787 3.223 3.344 3.613 3.905 4.097 4.159 4.246 4.336 4.396 4.397 4.433 4.415 4.271 4.096 3.999 3.965 3.759 3.788 3.723 0.000 
8.000 7.940 1.764 2.370 2.739 3.158 3.285 3.549 3.829 4.011 4.075 4.159 4.245 4.304 4.310 4.348 4.337 4.201 4.037 3.942 3.903 3.699 3.712 3.647 0.000 
8.000 10.000 1.728 2.330 2.686 3.087 3.220 3.479 3.747 3.918 3.984 4.066 4.149 4.207 4.216 4.258 4.253 4.126 3.974 3.881 3.837 3.635 3.631 3.567 0.000 
8.000 12.590 1.687 2.284 2.627 3.010 3.149 3.403 3.659 3.820 3.888 3.967 4.046 4.103 4.117 4.161 4.163 4.046 3.905 3.815 3.766 3.567 3.545 3.482 0.000 
8.000 15.850 1.641 2.233 2.562 2.927 3.071 3.320 3.565 3.715 3.786 3.862 3.937 3.993 4.012 4.059 4.067 3.959 3.830 3.742 3.689 3.492 3.452 3.389 0.000 
8.000 19.950 1.590 2.175 2.490 2.837 2.987 3.231 3.464 3.604 3.676 3.750 3.822 3.877 3.900 3.949 3.964 3.864 3.748 3.662 3.605 3.411 3.352 3.290 0.000 
8.000 25.120 1.532 2.111 2.412 2.742 2.897 3.136 3.356 3.487 3.561 3.631 3.699 3.753 3.781 3.832 3.853 3.761 3.657 3.574 3.513 3.321 3.244 3.183 0.000 
8.000 31.620 1.468 2.039 2.327 2.641 2.801 3.034 3.243 3.363 3.438 3.506 3.571 3.623 3.655 3.707 3.733 3.650 3.558 3.477 3.411 3.222 3.126 3.067 0.000 
8.000 39.810 1.398 1.960 2.236 2.534 2.698 2.927 3.123 3.233 3.309 3.375 3.435 3.486 3.521 3.575 3.605 3.529 3.448 3.369 3.299 3.111 2.997 2.940 0.000 
8.000 50.120 1.321 1.873 2.138 2.422 2.590 2.814 2.996 3.098 3.174 3.236 3.293 3.341 3.379 3.434 3.468 3.398 3.327 3.250 3.174 2.988 2.857 2.803 0.000 
8.000 63.100 1.236 1.779 2.033 2.304 2.476 2.695 2.864 2.956 3.031 3.091 3.145 3.190 3.230 3.285 3.322 3.256 3.194 3.117 3.035 2.850 2.703 2.655 0.000 
8.000 79.430 1.144 1.676 1.921 2.182 2.355 2.570 2.725 2.809 2.882 2.939 2.989 3.032 3.073 3.127 3.164 3.101 3.047 2.969 2.880 2.694 2.534 2.492 0.000 
8.000 100.000 1.044 1.565 1.803 2.054 2.229 2.439 2.579 2.655 2.726 2.780 2.827 2.866 2.907 2.959 2.996 2.932 2.885 2.804 2.706 2.519 2.348 2.315 0.000 
8.000 125.890 0.935 1.445 1.677 1.920 2.096 2.301 2.426 2.494 2.562 2.613 2.656 2.691 2.732 2.780 2.814 2.748 2.705 2.619 2.511 2.320 2.142 2.120 0.000 
8.000 158.490 0.817 1.314 1.544 1.781 1.956 2.155 2.265 2.326 2.390 2.437 2.476 2.507 2.546 2.589 2.616 2.545 2.503 2.411 2.290 2.094 1.912 1.906 0.000 
8.000 199.530 0.688 1.172 1.401 1.635 1.807 2.000 2.093 2.148 2.208 2.251 2.286 2.311 2.348 2.383 2.401 2.320 2.277 2.175 2.038 1.834 1.654 1.667 0.000 
8.000 251.190 0.545 1.017 1.247 1.480 1.648 1.835 1.910 1.960 2.014 2.053 2.084 2.102 2.134 2.160 2.165 2.069 2.021 1.905 1.750 1.534 1.363 1.400 0.000 
8.000 316.230 0.388 0.847 1.081 1.316 1.478 1.658 1.713 1.758 1.806 1.840 1.866 1.877 1.903 1.915 1.902 1.786 1.729 1.594 1.417 1.186 1.029 1.098 0.000 
8.000 398.110 0.211 0.657 0.899 1.141 1.292 1.465 1.499 1.541 1.580 1.609 1.629 1.632 1.650 1.645 1.607 1.463 1.391 1.233 1.029 0.777 0.645 0.753 0.000 
8.000 501.190 0.012 0.444 0.699 0.952 1.089 1.252 1.264 1.304 1.334 1.356 1.370 1.363 1.370 1.342 1.272 1.091 0.998 0.809 0.572 0.293 0.197 0.354 0.000 
8.000 630.960 -0.216 0.203 0.475 0.744 0.864 1.016 1.002 1.042 1.062 1.076 1.082 1.063 1.057 1.000 0.888 0.657 0.535 0.307 0.029 -0.284 -0.330 -0.111 0.000 
8.000 794.330 -0.479 -0.074 0.222 0.515 0.611 0.751 0.707 0.750 0.757 0.761 0.758 0.724 0.702 0.607 0.441 0.147 -0.015 -0.293 -0.620 -0.978 -0.957 -0.660 0.000 
8.000 1000.000 -0.787 -0.395 -0.067 0.259 0.323 0.448 0.370 0.420 0.411 0.403 0.389 0.338 0.295 0.152 -0.085 -0.460 -0.675 -1.014 -1.403 -1.817 -1.707 -1.313 0.000 
