ZhaoEtAl2006SSlabCascadia_CanadaSHM6-trial modified from OpenQuake implementation, distance is rrup. Log10 ground motion values in cgs units, PGV and Sa(T<0.1s) not valid
          14 31 23 : nmag, ndist, nperiod
          10.000 5.000 4.000 3.000 2.500 2.000 1.500 1.250 1.000 0.900 0.800 0.700 0.600 0.500 0.400 0.300 0.250 0.200 0.150 0.100 0.050 PGA PGV 
          0.708 0.708 0.705 0.721 0.732 0.733 0.721 0.716 0.717 0.714 0.713 0.714 0.712 0.707 0.715 0.728 0.743 0.764 0.794 0.811 0.743 0.684 0.000 
4.750 1.000 0.299 0.929 1.217 1.682 1.778 2.095 2.561 2.866 3.082 3.219 3.365 3.536 3.649 3.721 3.767 3.700 3.576 3.605 3.753 3.667 3.730 3.538 0.000 
4.750 1.260 0.230 0.858 1.133 1.583 1.683 1.995 2.447 2.743 2.957 3.092 3.236 3.406 3.523 3.604 3.662 3.608 3.494 3.524 3.666 3.582 3.625 3.430 0.000 
4.750 1.580 0.156 0.781 1.045 1.479 1.583 1.891 2.329 2.615 2.828 2.961 3.103 3.272 3.393 3.482 3.551 3.509 3.407 3.437 3.573 3.491 3.514 3.316 0.000 
4.750 2.000 0.078 0.699 0.952 1.372 1.480 1.783 2.207 2.484 2.695 2.827 2.966 3.134 3.258 3.355 3.434 3.405 3.314 3.344 3.474 3.394 3.397 3.196 0.000 
4.750 2.510 -0.005 0.613 0.855 1.261 1.373 1.672 2.083 2.350 2.559 2.689 2.827 2.992 3.119 3.223 3.313 3.295 3.214 3.245 3.370 3.291 3.275 3.071 0.000 
4.750 3.160 -0.091 0.522 0.754 1.147 1.263 1.559 1.955 2.213 2.420 2.548 2.684 2.847 2.976 3.087 3.186 3.179 3.110 3.140 3.259 3.183 3.147 2.942 0.000 
4.750 3.980 -0.181 0.427 0.651 1.031 1.151 1.443 1.826 2.074 2.278 2.405 2.539 2.700 2.830 2.947 3.055 3.059 2.999 3.030 3.143 3.068 3.014 2.808 0.000 
4.750 5.010 -0.273 0.329 0.544 0.912 1.036 1.325 1.694 1.934 2.135 2.260 2.392 2.551 2.682 2.804 2.920 2.934 2.884 2.915 3.022 2.948 2.876 2.670 0.000 
4.750 6.310 -0.367 0.228 0.435 0.792 0.920 1.205 1.561 1.791 1.989 2.113 2.243 2.399 2.532 2.658 2.782 2.804 2.765 2.795 2.895 2.823 2.734 2.528 0.000 
4.750 7.940 -0.463 0.125 0.325 0.670 0.802 1.084 1.426 1.648 1.842 1.964 2.092 2.246 2.379 2.510 2.640 2.671 2.641 2.671 2.764 2.694 2.588 2.383 0.000 
4.750 10.000 -0.561 0.019 0.212 0.547 0.683 0.961 1.290 1.503 1.693 1.814 1.940 2.091 2.225 2.359 2.495 2.534 2.513 2.542 2.629 2.560 2.439 2.234 0.000 
4.750 12.590 -0.660 -0.090 0.098 0.423 0.562 0.838 1.153 1.356 1.544 1.662 1.787 1.935 2.069 2.206 2.348 2.393 2.381 2.409 2.490 2.421 2.285 2.083 0.000 
4.750 15.850 -0.760 -0.200 -0.018 0.297 0.440 0.713 1.014 1.209 1.392 1.510 1.632 1.777 1.911 2.050 2.197 2.249 2.246 2.272 2.346 2.277 2.128 1.928 0.000 
4.750 19.950 -0.862 -0.312 -0.135 0.171 0.317 0.586 0.875 1.060 1.240 1.355 1.476 1.617 1.751 1.893 2.044 2.101 2.107 2.131 2.198 2.129 1.967 1.771 0.000 
4.750 25.120 -0.965 -0.425 -0.254 0.043 0.193 0.459 0.733 0.910 1.086 1.200 1.318 1.456 1.589 1.733 1.888 1.950 1.963 1.985 2.045 1.976 1.802 1.609 0.000 
4.750 31.620 -1.069 -0.541 -0.375 -0.086 0.067 0.329 0.590 0.759 0.930 1.042 1.159 1.293 1.426 1.571 1.729 1.794 1.815 1.834 1.886 1.817 1.632 1.444 0.000 
4.750 39.810 -1.175 -0.660 -0.497 -0.217 -0.061 0.199 0.445 0.605 0.772 0.883 0.997 1.128 1.260 1.405 1.566 1.634 1.662 1.677 1.721 1.651 1.456 1.273 0.000 
4.750 50.120 -1.284 -0.781 -0.621 -0.348 -0.191 0.066 0.298 0.450 0.612 0.721 0.833 0.960 1.091 1.236 1.399 1.469 1.502 1.514 1.549 1.478 1.274 1.097 0.000 
4.750 63.100 -1.395 -0.905 -0.748 -0.482 -0.322 -0.070 0.148 0.292 0.450 0.557 0.666 0.789 0.918 1.063 1.226 1.297 1.336 1.342 1.368 1.294 1.083 0.914 0.000 
4.750 79.430 -1.510 -1.032 -0.878 -0.618 -0.457 -0.208 -0.005 0.131 0.284 0.388 0.496 0.614 0.742 0.885 1.047 1.117 1.160 1.160 1.176 1.098 0.882 0.723 0.000 
4.750 100.000 -1.629 -1.165 -1.012 -0.757 -0.596 -0.351 -0.163 -0.034 0.114 0.216 0.321 0.435 0.559 0.700 0.860 0.927 0.972 0.966 0.970 0.888 0.668 0.521 0.000 
4.750 125.890 -1.754 -1.303 -1.150 -0.900 -0.738 -0.498 -0.325 -0.204 -0.062 0.038 0.140 0.249 0.371 0.507 0.662 0.724 0.771 0.756 0.747 0.658 0.438 0.305 0.000 
4.750 158.490 -1.886 -1.448 -1.294 -1.047 -0.887 -0.651 -0.495 -0.380 -0.243 -0.147 -0.048 0.055 0.174 0.304 0.453 0.507 0.553 0.526 0.503 0.406 0.189 0.073 0.000 
4.750 199.530 -2.026 -1.601 -1.445 -1.199 -1.042 -0.811 -0.672 -0.564 -0.433 -0.340 -0.245 -0.148 -0.034 0.089 0.227 0.270 0.312 0.273 0.232 0.125 -0.085 -0.180 0.000 
4.750 251.190 -2.177 -1.766 -1.606 -1.358 -1.206 -0.981 -0.860 -0.757 -0.633 -0.544 -0.453 -0.363 -0.254 -0.142 -0.017 0.009 0.045 -0.012 -0.073 -0.193 -0.390 -0.458 0.000 
4.750 316.230 -2.342 -1.945 -1.778 -1.526 -1.380 -1.162 -1.061 -0.962 -0.846 -0.762 -0.675 -0.592 -0.491 -0.392 -0.287 -0.283 -0.258 -0.335 -0.419 -0.557 -0.734 -0.770 0.000 
4.750 398.110 -2.524 -2.141 -1.964 -1.704 -1.569 -1.359 -1.279 -1.182 -1.075 -0.996 -0.915 -0.841 -0.749 -0.668 -0.587 -0.612 -0.603 -0.706 -0.819 -0.978 -1.128 -1.123 0.000 
4.750 501.190 -2.728 -2.359 -2.168 -1.896 -1.775 -1.573 -1.517 -1.422 -1.324 -1.252 -1.178 -1.114 -1.033 -0.974 -0.927 -0.990 -1.003 -1.138 -1.285 -1.472 -1.583 -1.528 0.000 
4.750 630.960 -2.960 -2.604 -2.394 -2.105 -2.002 -1.811 -1.781 -1.685 -1.599 -1.535 -1.468 -1.416 -1.349 -1.320 -1.315 -1.428 -1.471 -1.646 -1.834 -2.058 -2.116 -1.999 0.000 
4.750 794.330 -3.226 -2.884 -2.650 -2.336 -2.257 -2.079 -2.078 -1.979 -1.906 -1.852 -1.794 -1.757 -1.706 -1.715 -1.765 -1.942 -2.025 -2.250 -2.490 -2.758 -2.747 -2.552 0.000 
4.750 1000.000 -3.536 -3.208 -2.941 -2.593 -2.546 -2.383 -2.416 -2.311 -2.254 -2.211 -2.164 -2.144 -2.116 -2.173 -2.292 -2.551 -2.688 -2.976 -3.277 -3.603 -3.501 -3.208 0.000 
5.000 1.000 0.438 1.062 1.374 1.850 1.946 2.260 2.714 3.008 3.205 3.335 3.472 3.631 3.728 3.784 3.813 3.728 3.594 3.612 3.752 3.659 3.731 3.556 0.000 
5.000 1.260 0.375 0.998 1.296 1.756 1.857 2.165 2.605 2.890 3.086 3.213 3.349 3.507 3.609 3.674 3.714 3.641 3.518 3.538 3.672 3.581 3.633 3.455 0.000 
5.000 1.580 0.308 0.927 1.213 1.657 1.762 2.066 2.492 2.767 2.962 3.088 3.221 3.378 3.484 3.557 3.609 3.549 3.437 3.457 3.585 3.497 3.528 3.347 0.000 
5.000 2.000 0.235 0.852 1.126 1.554 1.663 1.962 2.374 2.640 2.834 2.957 3.089 3.244 3.354 3.436 3.498 3.450 3.349 3.370 3.493 3.406 3.418 3.234 0.000 
5.000 2.510 0.157 0.771 1.033 1.447 1.560 1.855 2.253 2.509 2.701 2.823 2.953 3.106 3.219 3.309 3.381 3.346 3.256 3.278 3.395 3.310 3.301 3.115 0.000 
5.000 3.160 0.075 0.685 0.936 1.336 1.453 1.744 2.129 2.375 2.566 2.686 2.813 2.965 3.081 3.177 3.260 3.235 3.156 3.179 3.290 3.208 3.179 2.991 0.000 
5.000 3.980 -0.010 0.594 0.836 1.222 1.343 1.631 2.002 2.239 2.427 2.545 2.671 2.821 2.938 3.041 3.133 3.120 3.051 3.074 3.180 3.099 3.051 2.862 0.000 
5.000 5.010 -0.099 0.500 0.733 1.106 1.231 1.515 1.872 2.100 2.285 2.402 2.526 2.674 2.793 2.902 3.002 2.999 2.941 2.964 3.064 2.985 2.919 2.728 0.000 
5.000 6.310 -0.190 0.402 0.626 0.988 1.117 1.397 1.741 1.960 2.142 2.257 2.379 2.524 2.645 2.758 2.866 2.873 2.825 2.849 2.942 2.865 2.781 2.590 0.000 
5.000 7.940 -0.284 0.301 0.517 0.868 1.001 1.277 1.608 1.817 1.996 2.110 2.230 2.373 2.494 2.612 2.727 2.743 2.705 2.728 2.816 2.739 2.638 2.448 0.000 
5.000 10.000 -0.380 0.197 0.406 0.746 0.883 1.156 1.473 1.673 1.849 1.961 2.079 2.219 2.342 2.463 2.585 2.608 2.580 2.603 2.684 2.609 2.492 2.302 0.000 
5.000 12.590 -0.477 0.091 0.294 0.622 0.763 1.033 1.336 1.528 1.700 1.811 1.927 2.064 2.187 2.312 2.439 2.470 2.451 2.473 2.547 2.473 2.341 2.153 0.000 
5.000 15.850 -0.577 -0.018 0.179 0.498 0.642 0.909 1.199 1.381 1.550 1.659 1.773 1.907 2.030 2.158 2.291 2.328 2.318 2.338 2.406 2.333 2.186 2.000 0.000 
5.000 19.950 -0.677 -0.128 0.063 0.372 0.519 0.783 1.059 1.233 1.398 1.505 1.617 1.748 1.871 2.001 2.139 2.182 2.180 2.199 2.260 2.187 2.027 1.843 0.000 
5.000 25.120 -0.779 -0.241 -0.056 0.244 0.395 0.656 0.918 1.084 1.244 1.350 1.460 1.587 1.710 1.842 1.984 2.032 2.038 2.055 2.109 2.036 1.863 1.683 0.000 
5.000 31.620 -0.883 -0.356 -0.175 0.116 0.270 0.527 0.776 0.932 1.089 1.193 1.301 1.425 1.547 1.680 1.826 1.878 1.892 1.905 1.952 1.878 1.694 1.518 0.000 
5.000 39.810 -0.989 -0.474 -0.297 -0.014 0.143 0.396 0.631 0.779 0.932 1.034 1.140 1.260 1.382 1.516 1.663 1.718 1.739 1.750 1.788 1.714 1.519 1.349 0.000 
5.000 50.120 -1.097 -0.594 -0.421 -0.146 0.013 0.264 0.484 0.624 0.772 0.873 0.976 1.093 1.213 1.347 1.497 1.554 1.581 1.587 1.617 1.541 1.337 1.174 0.000 
5.000 63.100 -1.208 -0.718 -0.548 -0.279 -0.118 0.128 0.335 0.467 0.610 0.708 0.809 0.922 1.041 1.174 1.324 1.382 1.415 1.416 1.436 1.358 1.147 0.991 0.000 
5.000 79.430 -1.323 -0.845 -0.677 -0.415 -0.253 -0.010 0.181 0.306 0.444 0.540 0.639 0.747 0.864 0.996 1.145 1.202 1.239 1.235 1.245 1.163 0.946 0.800 0.000 
5.000 100.000 -1.442 -0.977 -0.811 -0.554 -0.391 -0.152 0.024 0.141 0.274 0.368 0.464 0.568 0.682 0.812 0.958 1.013 1.052 1.041 1.039 0.953 0.733 0.598 0.000 
5.000 125.890 -1.566 -1.115 -0.949 -0.697 -0.534 -0.299 -0.139 -0.029 0.099 0.190 0.283 0.382 0.494 0.619 0.761 0.811 0.852 0.831 0.817 0.724 0.504 0.383 0.000 
5.000 158.490 -1.698 -1.260 -1.093 -0.843 -0.682 -0.452 -0.308 -0.205 -0.083 0.006 0.095 0.189 0.297 0.416 0.552 0.593 0.633 0.602 0.573 0.472 0.255 0.151 0.000 
5.000 199.530 -1.838 -1.414 -1.244 -0.996 -0.837 -0.612 -0.485 -0.389 -0.272 -0.188 -0.102 -0.014 0.089 0.201 0.327 0.356 0.393 0.348 0.302 0.191 -0.019 -0.101 0.000 
5.000 251.190 -1.989 -1.578 -1.405 -1.155 -1.001 -0.782 -0.673 -0.582 -0.472 -0.392 -0.310 -0.229 -0.131 -0.030 0.082 0.095 0.125 0.064 -0.002 -0.127 -0.324 -0.380 0.000 
5.000 316.230 -2.154 -1.757 -1.576 -1.322 -1.176 -0.964 -0.874 -0.787 -0.685 -0.609 -0.532 -0.459 -0.368 -0.280 -0.187 -0.196 -0.177 -0.258 -0.349 -0.490 -0.668 -0.692 0.000 
5.000 398.110 -2.336 -1.953 -1.762 -1.501 -1.364 -1.160 -1.092 -1.007 -0.914 -0.844 -0.772 -0.708 -0.625 -0.555 -0.488 -0.525 -0.522 -0.629 -0.748 -0.912 -1.062 -1.045 0.000 
5.000 501.190 -2.540 -2.171 -1.966 -1.693 -1.570 -1.374 -1.330 -1.247 -1.164 -1.100 -1.034 -0.980 -0.909 -0.862 -0.827 -0.903 -0.922 -1.061 -1.214 -1.406 -1.517 -1.450 0.000 
5.000 630.960 -2.772 -2.416 -2.193 -1.902 -1.797 -1.612 -1.594 -1.510 -1.438 -1.383 -1.324 -1.283 -1.225 -1.208 -1.215 -1.341 -1.390 -1.569 -1.764 -1.991 -2.050 -1.920 0.000 
5.000 794.330 -3.038 -2.696 -2.448 -2.132 -2.052 -1.880 -1.891 -1.804 -1.745 -1.699 -1.650 -1.623 -1.583 -1.603 -1.665 -1.854 -1.944 -2.174 -2.419 -2.691 -2.681 -2.473 0.000 
5.000 1000.000 -3.348 -3.020 -2.739 -2.390 -2.341 -2.184 -2.229 -2.136 -2.093 -2.059 -2.020 -2.011 -1.992 -2.060 -2.192 -2.464 -2.607 -2.900 -3.206 -3.536 -3.435 -3.130 0.000 
5.250 1.000 0.570 1.189 1.523 2.010 2.106 2.416 2.859 3.144 3.322 3.445 3.575 3.722 3.805 3.847 3.860 3.759 3.615 3.624 3.756 3.656 3.736 3.575 0.000 
5.250 1.260 0.514 1.131 1.452 1.922 2.022 2.327 2.756 3.031 3.209 3.330 3.458 3.604 3.691 3.742 3.767 3.678 3.545 3.555 3.681 3.583 3.643 3.480 0.000 
5.250 1.580 0.453 1.068 1.375 1.829 1.933 2.233 2.649 2.914 3.091 3.210 3.336 3.481 3.573 3.632 3.668 3.591 3.469 3.480 3.601 3.505 3.545 3.380 0.000 
5.250 2.000 0.386 0.998 1.293 1.730 1.839 2.135 2.536 2.791 2.968 3.085 3.209 3.353 3.448 3.516 3.563 3.498 3.388 3.400 3.515 3.421 3.442 3.273 0.000 
5.250 2.510 0.314 0.923 1.206 1.627 1.740 2.032 2.419 2.665 2.840 2.955 3.077 3.220 3.319 3.395 3.452 3.399 3.300 3.313 3.423 3.332 3.332 3.161 0.000 
5.250 3.160 0.238 0.843 1.114 1.520 1.638 1.925 2.298 2.535 2.709 2.822 2.941 3.083 3.185 3.268 3.335 3.295 3.207 3.221 3.325 3.236 3.216 3.043 0.000 
5.250 3.980 0.157 0.757 1.017 1.410 1.532 1.814 2.175 2.401 2.573 2.685 2.802 2.942 3.047 3.137 3.213 3.184 3.107 3.122 3.221 3.134 3.094 2.919 0.000 
5.250 5.010 0.072 0.667 0.917 1.296 1.422 1.701 2.048 2.265 2.435 2.545 2.660 2.798 2.905 3.001 3.087 3.068 3.002 3.018 3.111 3.026 2.966 2.790 0.000 
5.250 6.310 -0.016 0.573 0.814 1.180 1.310 1.585 1.918 2.127 2.294 2.402 2.516 2.651 2.760 2.861 2.955 2.947 2.891 2.907 2.995 2.912 2.833 2.656 0.000 
5.250 7.940 -0.107 0.476 0.708 1.062 1.196 1.467 1.787 1.986 2.151 2.257 2.368 2.501 2.612 2.718 2.819 2.820 2.775 2.791 2.873 2.791 2.695 2.518 0.000 
5.250 10.000 -0.200 0.375 0.599 0.942 1.079 1.347 1.654 1.843 2.005 2.110 2.219 2.349 2.461 2.571 2.680 2.689 2.654 2.670 2.745 2.665 2.552 2.375 0.000 
5.250 12.590 -0.296 0.271 0.488 0.819 0.961 1.226 1.518 1.699 1.857 1.960 2.068 2.195 2.308 2.422 2.536 2.553 2.528 2.543 2.612 2.533 2.404 2.228 0.000 
5.250 15.850 -0.393 0.164 0.374 0.696 0.841 1.102 1.381 1.553 1.708 1.810 1.915 2.040 2.153 2.269 2.390 2.414 2.397 2.412 2.474 2.396 2.252 2.078 0.000 
5.250 19.950 -0.492 0.055 0.259 0.571 0.719 0.977 1.243 1.406 1.557 1.657 1.760 1.882 1.995 2.114 2.239 2.270 2.262 2.275 2.331 2.253 2.095 1.923 0.000 
5.250 25.120 -0.594 -0.057 0.142 0.444 0.596 0.851 1.103 1.257 1.404 1.502 1.604 1.722 1.835 1.956 2.086 2.121 2.122 2.133 2.181 2.104 1.932 1.764 0.000 
5.250 31.620 -0.697 -0.171 0.023 0.316 0.471 0.723 0.961 1.106 1.250 1.346 1.445 1.560 1.673 1.795 1.928 1.968 1.976 1.985 2.026 1.948 1.765 1.601 0.000 
5.250 39.810 -0.802 -0.288 -0.098 0.186 0.344 0.592 0.816 0.954 1.093 1.187 1.285 1.396 1.508 1.631 1.767 1.810 1.825 1.831 1.864 1.785 1.591 1.432 0.000 
5.250 50.120 -0.910 -0.408 -0.222 0.055 0.215 0.460 0.670 0.799 0.934 1.026 1.121 1.229 1.340 1.463 1.601 1.646 1.668 1.669 1.694 1.614 1.410 1.258 0.000 
5.250 63.100 -1.020 -0.531 -0.348 -0.078 0.084 0.325 0.520 0.641 0.771 0.862 0.955 1.058 1.168 1.291 1.429 1.475 1.502 1.499 1.514 1.432 1.221 1.076 0.000 
5.250 79.430 -1.134 -0.658 -0.478 -0.214 -0.050 0.187 0.367 0.481 0.606 0.695 0.785 0.884 0.991 1.113 1.251 1.296 1.327 1.319 1.324 1.238 1.021 0.885 0.000 
5.250 100.000 -1.253 -0.789 -0.611 -0.353 -0.188 0.045 0.210 0.316 0.436 0.522 0.610 0.704 0.810 0.929 1.064 1.107 1.141 1.125 1.119 1.028 0.808 0.684 0.000 
5.250 125.890 -1.378 -0.927 -0.749 -0.495 -0.331 -0.102 0.048 0.146 0.261 0.345 0.429 0.519 0.621 0.737 0.867 0.905 0.941 0.916 0.897 0.800 0.579 0.469 0.000 
5.250 158.490 -1.509 -1.071 -0.893 -0.642 -0.479 -0.255 -0.121 -0.030 0.080 0.160 0.241 0.326 0.425 0.534 0.658 0.688 0.723 0.687 0.653 0.549 0.330 0.238 0.000 
5.250 199.530 -1.649 -1.225 -1.044 -0.794 -0.634 -0.415 -0.299 -0.213 -0.110 -0.033 0.045 0.123 0.217 0.319 0.433 0.452 0.483 0.434 0.383 0.268 0.057 -0.015 0.000 
5.250 251.190 -1.800 -1.389 -1.204 -0.953 -0.798 -0.585 -0.487 -0.406 -0.310 -0.237 -0.163 -0.092 -0.003 0.089 0.189 0.191 0.215 0.150 0.079 -0.050 -0.248 -0.294 0.000 
5.250 316.230 -1.965 -1.568 -1.376 -1.120 -0.972 -0.766 -0.688 -0.611 -0.523 -0.454 -0.386 -0.322 -0.240 -0.162 -0.081 -0.100 -0.086 -0.172 -0.267 -0.413 -0.592 -0.605 0.000 
5.250 398.110 -2.147 -1.764 -1.562 -1.299 -1.161 -0.962 -0.905 -0.832 -0.752 -0.689 -0.625 -0.571 -0.497 -0.437 -0.381 -0.430 -0.432 -0.543 -0.667 -0.834 -0.985 -0.958 0.000 
5.250 501.190 -2.351 -1.982 -1.766 -1.491 -1.366 -1.177 -1.143 -1.071 -1.001 -0.945 -0.888 -0.843 -0.781 -0.744 -0.720 -0.807 -0.831 -0.975 -1.132 -1.328 -1.440 -1.363 0.000 
5.250 630.960 -2.583 -2.227 -1.992 -1.700 -1.594 -1.415 -1.407 -1.335 -1.276 -1.228 -1.178 -1.146 -1.097 -1.089 -1.108 -1.245 -1.299 -1.483 -1.682 -1.913 -1.973 -1.833 0.000 
5.250 794.330 -2.849 -2.507 -2.247 -1.930 -1.849 -1.682 -1.704 -1.628 -1.583 -1.544 -1.503 -1.486 -1.455 -1.484 -1.558 -1.758 -1.854 -2.087 -2.337 -2.613 -2.604 -2.386 0.000 
5.250 1000.000 -3.158 -2.830 -2.538 -2.188 -2.138 -1.986 -2.042 -1.960 -1.930 -1.904 -1.874 -1.873 -1.864 -1.942 -2.085 -2.368 -2.516 -2.813 -3.125 -3.458 -3.358 -3.042 0.000 
5.500 1.000 0.697 1.310 1.664 2.162 2.257 2.565 2.997 3.273 3.433 3.550 3.674 3.809 3.877 3.908 3.908 3.793 3.640 3.640 3.764 3.657 3.744 3.595 0.000 
5.500 1.260 0.647 1.259 1.600 2.080 2.180 2.482 2.900 3.167 3.327 3.441 3.563 3.698 3.771 3.810 3.821 3.717 3.575 3.576 3.694 3.589 3.657 3.507 0.000 
5.500 1.580 0.592 1.202 1.530 1.992 2.097 2.394 2.798 3.055 3.215 3.328 3.447 3.581 3.659 3.706 3.727 3.636 3.505 3.507 3.620 3.517 3.565 3.413 0.000 
5.500 2.000 0.532 1.139 1.454 1.899 2.008 2.301 2.691 2.938 3.098 3.208 3.326 3.459 3.541 3.596 3.628 3.549 3.429 3.432 3.540 3.440 3.468 3.313 0.000 
5.500 2.510 0.466 1.070 1.372 1.801 1.915 2.202 2.580 2.816 2.975 3.084 3.199 3.331 3.418 3.481 3.523 3.456 3.348 3.352 3.455 3.357 3.365 3.207 0.000 
5.500 3.160 0.395 0.996 1.285 1.699 1.817 2.100 2.463 2.690 2.849 2.955 3.068 3.199 3.289 3.360 3.413 3.357 3.261 3.266 3.364 3.268 3.255 3.096 0.000 
5.500 3.980 0.320 0.916 1.194 1.592 1.714 1.993 2.343 2.561 2.718 2.822 2.933 3.062 3.156 3.233 3.296 3.252 3.167 3.174 3.266 3.173 3.140 2.978 0.000 
5.500 5.010 0.240 0.831 1.098 1.482 1.608 1.883 2.220 2.427 2.583 2.686 2.794 2.922 3.018 3.102 3.174 3.141 3.067 3.075 3.162 3.071 3.018 2.854 0.000 
5.500 6.310 0.156 0.742 0.998 1.369 1.499 1.770 2.093 2.291 2.445 2.546 2.652 2.778 2.877 2.966 3.047 3.024 2.961 2.970 3.052 2.963 2.890 2.726 0.000 
5.500 7.940 0.068 0.648 0.895 1.253 1.387 1.654 1.964 2.153 2.304 2.403 2.508 2.631 2.731 2.826 2.915 2.902 2.850 2.860 2.935 2.848 2.757 2.592 0.000 
5.500 10.000 -0.022 0.550 0.788 1.134 1.273 1.536 1.832 2.012 2.160 2.258 2.361 2.481 2.583 2.683 2.778 2.775 2.733 2.743 2.812 2.727 2.618 2.453 0.000 
5.500 12.590 -0.115 0.449 0.679 1.014 1.156 1.416 1.698 1.869 2.015 2.111 2.211 2.329 2.432 2.535 2.638 2.643 2.610 2.620 2.684 2.600 2.474 2.309 0.000 
5.500 15.850 -0.210 0.345 0.568 0.891 1.037 1.294 1.563 1.725 1.867 1.961 2.059 2.175 2.278 2.385 2.493 2.506 2.483 2.492 2.549 2.467 2.325 2.161 0.000 
5.500 19.950 -0.308 0.237 0.454 0.767 0.917 1.170 1.425 1.578 1.717 1.810 1.906 2.018 2.122 2.232 2.345 2.364 2.350 2.358 2.409 2.327 2.170 2.009 0.000 
5.500 25.120 -0.408 0.127 0.338 0.642 0.794 1.044 1.286 1.430 1.565 1.656 1.750 1.859 1.963 2.075 2.193 2.217 2.212 2.219 2.262 2.181 2.010 1.852 0.000 
5.500 31.620 -0.510 0.014 0.220 0.514 0.670 0.917 1.144 1.280 1.411 1.500 1.592 1.698 1.802 1.915 2.037 2.066 2.069 2.073 2.109 2.028 1.845 1.690 0.000 
5.500 39.810 -0.614 -0.101 0.099 0.385 0.544 0.787 1.001 1.128 1.255 1.342 1.432 1.535 1.638 1.752 1.877 1.909 1.919 1.921 1.949 1.867 1.672 1.523 0.000 
5.500 50.120 -0.721 -0.220 -0.024 0.254 0.415 0.655 0.855 0.974 1.096 1.182 1.269 1.368 1.470 1.585 1.712 1.746 1.763 1.760 1.780 1.697 1.493 1.350 0.000 
5.500 63.100 -0.831 -0.342 -0.149 0.121 0.284 0.520 0.706 0.816 0.934 1.018 1.103 1.198 1.299 1.413 1.541 1.576 1.598 1.591 1.602 1.516 1.304 1.169 0.000 
5.500 79.430 -0.945 -0.469 -0.278 -0.014 0.150 0.382 0.553 0.656 0.769 0.851 0.933 1.024 1.123 1.236 1.363 1.398 1.424 1.412 1.412 1.323 1.105 0.979 0.000 
5.500 100.000 -1.064 -0.600 -0.411 -0.153 0.013 0.241 0.396 0.491 0.600 0.679 0.759 0.845 0.942 1.052 1.177 1.209 1.239 1.219 1.208 1.114 0.893 0.778 0.000 
5.500 125.890 -1.188 -0.737 -0.549 -0.295 -0.130 0.094 0.233 0.322 0.425 0.501 0.578 0.659 0.754 0.860 0.980 1.008 1.039 1.011 0.987 0.887 0.664 0.563 0.000 
5.500 158.490 -1.319 -0.882 -0.693 -0.441 -0.278 -0.059 0.064 0.146 0.243 0.317 0.390 0.466 0.557 0.658 0.771 0.791 0.821 0.782 0.744 0.636 0.416 0.332 0.000 
5.500 199.530 -1.459 -1.035 -0.844 -0.593 -0.433 -0.219 -0.113 -0.037 0.054 0.124 0.194 0.264 0.350 0.443 0.546 0.555 0.582 0.529 0.474 0.355 0.143 0.080 0.000 
5.500 251.190 -1.610 -1.199 -1.004 -0.752 -0.596 -0.388 -0.301 -0.230 -0.146 -0.080 -0.014 0.049 0.130 0.212 0.302 0.295 0.315 0.246 0.170 0.038 -0.162 -0.198 0.000 
5.500 316.230 -1.774 -1.378 -1.175 -0.920 -0.771 -0.570 -0.502 -0.435 -0.359 -0.297 -0.236 -0.181 -0.107 -0.038 0.033 0.004 0.013 -0.076 -0.176 -0.325 -0.505 -0.510 0.000 
5.500 398.110 -1.956 -1.573 -1.361 -1.098 -0.959 -0.766 -0.719 -0.656 -0.588 -0.532 -0.476 -0.430 -0.365 -0.313 -0.267 -0.326 -0.332 -0.447 -0.575 -0.746 -0.898 -0.863 0.000 
5.500 501.190 -2.160 -1.791 -1.565 -1.290 -1.165 -0.980 -0.957 -0.895 -0.837 -0.788 -0.738 -0.702 -0.648 -0.620 -0.606 -0.703 -0.732 -0.879 -1.040 -1.239 -1.353 -1.267 0.000 
5.500 630.960 -2.392 -2.036 -1.792 -1.499 -1.392 -1.218 -1.221 -1.158 -1.112 -1.071 -1.028 -1.004 -0.964 -0.965 -0.994 -1.140 -1.200 -1.387 -1.590 -1.824 -1.886 -1.738 0.000 
5.500 794.330 -2.658 -2.316 -2.047 -1.729 -1.647 -1.486 -1.518 -1.452 -1.418 -1.387 -1.354 -1.345 -1.322 -1.360 -1.444 -1.654 -1.754 -1.991 -2.245 -2.524 -2.517 -2.290 0.000 
5.500 1000.000 -2.968 -2.640 -2.338 -1.987 -1.936 -1.790 -1.856 -1.784 -1.766 -1.747 -1.724 -1.732 -1.731 -1.817 -1.971 -2.263 -2.417 -2.716 -3.032 -3.368 -3.271 -2.947 0.000 
5.750 1.000 0.817 1.425 1.798 2.305 2.399 2.704 3.126 3.395 3.537 3.648 3.767 3.892 3.947 3.969 3.958 3.831 3.670 3.661 3.777 3.663 3.756 3.617 0.000 
5.750 1.260 0.774 1.380 1.740 2.230 2.329 2.628 3.036 3.295 3.437 3.547 3.664 3.788 3.848 3.877 3.876 3.760 3.609 3.601 3.712 3.601 3.675 3.535 0.000 
5.750 1.580 0.725 1.329 1.676 2.148 2.252 2.546 2.941 3.189 3.332 3.440 3.554 3.678 3.742 3.779 3.788 3.684 3.544 3.537 3.643 3.534 3.589 3.447 0.000 
5.750 2.000 0.671 1.273 1.607 2.061 2.169 2.459 2.840 3.079 3.222 3.327 3.439 3.562 3.631 3.676 3.695 3.602 3.474 3.469 3.569 3.462 3.498 3.354 0.000 
5.750 2.510 0.612 1.211 1.531 1.969 2.082 2.366 2.734 2.962 3.106 3.209 3.318 3.440 3.514 3.566 3.596 3.515 3.399 3.395 3.490 3.386 3.401 3.255 0.000 
5.750 3.160 0.547 1.143 1.450 1.871 1.989 2.268 2.623 2.841 2.984 3.085 3.192 3.313 3.391 3.451 3.491 3.422 3.317 3.315 3.405 3.303 3.298 3.150 0.000 
5.750 3.980 0.477 1.070 1.364 1.769 1.891 2.166 2.507 2.716 2.858 2.957 3.062 3.182 3.263 3.330 3.380 3.323 3.230 3.229 3.314 3.215 3.189 3.038 0.000 
5.750 5.010 0.403 0.990 1.273 1.663 1.789 2.060 2.387 2.587 2.728 2.825 2.927 3.046 3.131 3.204 3.263 3.217 3.136 3.136 3.217 3.120 3.073 2.921 0.000 
5.750 6.310 0.324 0.906 1.177 1.553 1.683 1.950 2.264 2.454 2.593 2.689 2.789 2.905 2.993 3.073 3.141 3.106 3.035 3.037 3.113 3.018 2.952 2.798 0.000 
5.750 7.940 0.241 0.817 1.078 1.439 1.574 1.837 2.137 2.318 2.456 2.549 2.647 2.762 2.852 2.937 3.013 2.988 2.929 2.932 3.002 2.910 2.824 2.669 0.000 
5.750 10.000 0.154 0.723 0.975 1.323 1.462 1.721 2.008 2.179 2.315 2.407 2.502 2.615 2.707 2.797 2.881 2.865 2.817 2.821 2.885 2.794 2.690 2.535 0.000 
5.750 12.590 0.064 0.625 0.868 1.205 1.348 1.603 1.876 2.038 2.171 2.261 2.355 2.465 2.558 2.652 2.744 2.737 2.699 2.703 2.761 2.672 2.550 2.395 0.000 
5.750 15.850 -0.029 0.524 0.759 1.084 1.231 1.483 1.742 1.895 2.025 2.114 2.205 2.312 2.407 2.504 2.602 2.603 2.575 2.579 2.631 2.544 2.405 2.251 0.000 
5.750 19.950 -0.125 0.419 0.647 0.961 1.111 1.360 1.606 1.750 1.877 1.963 2.053 2.157 2.253 2.353 2.456 2.464 2.445 2.448 2.494 2.408 2.253 2.101 0.000 
5.750 25.120 -0.223 0.311 0.532 0.837 0.990 1.235 1.468 1.603 1.726 1.811 1.898 2.000 2.095 2.198 2.306 2.320 2.310 2.312 2.351 2.265 2.096 1.947 0.000 
5.750 31.620 -0.323 0.200 0.415 0.710 0.867 1.108 1.327 1.454 1.573 1.656 1.741 1.839 1.935 2.040 2.152 2.171 2.168 2.169 2.201 2.115 1.933 1.787 0.000 
5.750 39.810 -0.427 0.085 0.296 0.582 0.741 0.979 1.184 1.302 1.418 1.499 1.582 1.676 1.772 1.878 1.993 2.016 2.021 2.018 2.043 1.956 1.762 1.621 0.000 
5.750 50.120 -0.533 -0.032 0.174 0.451 0.613 0.848 1.039 1.148 1.260 1.339 1.420 1.510 1.605 1.711 1.828 1.854 1.866 1.860 1.876 1.789 1.584 1.449 0.000 
5.750 63.100 -0.642 -0.154 0.049 0.319 0.483 0.714 0.890 0.991 1.099 1.176 1.254 1.341 1.434 1.540 1.658 1.685 1.703 1.693 1.699 1.610 1.397 1.269 0.000 
5.750 79.430 -0.755 -0.280 -0.080 0.184 0.349 0.576 0.738 0.831 0.934 1.009 1.084 1.167 1.259 1.364 1.481 1.508 1.530 1.514 1.511 1.418 1.199 1.080 0.000 
5.750 100.000 -0.873 -0.410 -0.212 0.046 0.212 0.435 0.581 0.667 0.764 0.837 0.910 0.988 1.078 1.180 1.296 1.320 1.345 1.322 1.308 1.210 0.987 0.880 0.000 
5.750 125.890 -0.997 -0.547 -0.350 -0.096 0.070 0.288 0.419 0.498 0.590 0.660 0.730 0.803 0.890 0.989 1.100 1.119 1.146 1.115 1.087 0.984 0.760 0.666 0.000 
5.750 158.490 -1.128 -0.691 -0.493 -0.243 -0.078 0.136 0.250 0.322 0.409 0.476 0.542 0.610 0.694 0.787 0.891 0.903 0.929 0.887 0.845 0.734 0.512 0.435 0.000 
5.750 199.530 -1.267 -0.844 -0.644 -0.394 -0.233 -0.024 0.073 0.139 0.219 0.283 0.346 0.408 0.487 0.572 0.667 0.667 0.689 0.634 0.575 0.454 0.239 0.183 0.000 
5.750 251.190 -1.418 -1.008 -0.804 -0.553 -0.396 -0.194 -0.115 -0.054 0.020 0.079 0.138 0.193 0.267 0.342 0.422 0.407 0.423 0.351 0.272 0.137 -0.065 -0.095 0.000 
5.750 316.230 -1.583 -1.186 -0.975 -0.721 -0.571 -0.375 -0.316 -0.259 -0.193 -0.138 -0.084 -0.036 0.030 0.092 0.154 0.116 0.121 0.029 -0.074 -0.225 -0.409 -0.406 0.000 
5.750 398.110 -1.765 -1.382 -1.161 -0.899 -0.759 -0.571 -0.533 -0.479 -0.422 -0.373 -0.324 -0.285 -0.227 -0.183 -0.146 -0.213 -0.224 -0.341 -0.472 -0.646 -0.801 -0.759 0.000 
5.750 501.190 -1.969 -1.599 -1.365 -1.091 -0.965 -0.785 -0.771 -0.718 -0.671 -0.628 -0.586 -0.557 -0.510 -0.490 -0.485 -0.590 -0.623 -0.772 -0.938 -1.139 -1.256 -1.163 0.000 
5.750 630.960 -2.200 -1.844 -1.591 -1.300 -1.192 -1.023 -1.035 -0.982 -0.946 -0.911 -0.876 -0.860 -0.827 -0.835 -0.873 -1.028 -1.091 -1.280 -1.487 -1.724 -1.789 -1.634 0.000 
5.750 794.330 -2.466 -2.124 -1.847 -1.530 -1.447 -1.291 -1.332 -1.275 -1.252 -1.228 -1.201 -1.200 -1.184 -1.230 -1.323 -1.541 -1.645 -1.884 -2.142 -2.424 -2.420 -2.186 0.000 
5.750 1000.000 -2.776 -2.448 -2.137 -1.787 -1.736 -1.595 -1.670 -1.607 -1.600 -1.587 -1.571 -1.587 -1.593 -1.687 -1.850 -2.150 -2.307 -2.610 -2.929 -3.268 -3.174 -2.842 0.000 
6.000 1.000 0.933 1.535 1.925 2.440 2.533 2.835 3.247 3.509 3.634 3.741 3.856 3.971 4.014 4.029 4.009 3.874 3.704 3.687 3.797 3.676 3.773 3.642 0.000 
6.000 1.260 0.894 1.496 1.873 2.371 2.468 2.765 3.164 3.416 3.541 3.647 3.759 3.874 3.921 3.943 3.932 3.806 3.648 3.632 3.736 3.618 3.697 3.564 0.000 
6.000 1.580 0.852 1.451 1.815 2.296 2.398 2.690 3.075 3.317 3.444 3.546 3.656 3.770 3.822 3.851 3.850 3.735 3.587 3.572 3.671 3.556 3.616 3.482 0.000 
6.000 2.000 0.804 1.401 1.752 2.215 2.322 2.609 2.981 3.213 3.340 3.440 3.548 3.661 3.718 3.754 3.763 3.658 3.522 3.509 3.603 3.489 3.531 3.395 0.000 
6.000 2.510 0.751 1.346 1.683 2.128 2.240 2.522 2.881 3.102 3.230 3.329 3.433 3.546 3.607 3.651 3.670 3.577 3.452 3.440 3.529 3.418 3.440 3.303 0.000 
6.000 3.160 0.693 1.285 1.609 2.036 2.153 2.430 2.775 2.987 3.115 3.211 3.313 3.425 3.491 3.542 3.571 3.489 3.377 3.366 3.450 3.342 3.344 3.204 0.000 
6.000 3.980 0.629 1.217 1.528 1.939 2.061 2.333 2.665 2.867 2.995 3.089 3.188 3.299 3.369 3.427 3.466 3.396 3.295 3.286 3.366 3.260 3.241 3.100 0.000 
6.000 5.010 0.561 1.144 1.443 1.837 1.963 2.231 2.550 2.742 2.869 2.961 3.058 3.168 3.242 3.306 3.354 3.296 3.207 3.200 3.275 3.171 3.132 2.989 0.000 
6.000 6.310 0.487 1.066 1.352 1.731 1.862 2.125 2.430 2.613 2.739 2.829 2.924 3.032 3.110 3.180 3.237 3.190 3.113 3.108 3.177 3.077 3.017 2.872 0.000 
6.000 7.940 0.409 0.982 1.256 1.622 1.756 2.016 2.307 2.480 2.605 2.694 2.786 2.892 2.973 3.049 3.115 3.078 3.012 3.009 3.073 2.975 2.895 2.749 0.000 
6.000 10.000 0.326 0.893 1.157 1.508 1.647 1.903 2.181 2.344 2.468 2.554 2.644 2.749 2.832 2.913 2.986 2.960 2.905 2.903 2.962 2.866 2.767 2.620 0.000 
6.000 12.590 0.240 0.799 1.054 1.392 1.535 1.787 2.052 2.206 2.327 2.412 2.500 2.601 2.686 2.772 2.853 2.836 2.792 2.790 2.844 2.750 2.632 2.485 0.000 
6.000 15.850 0.150 0.701 0.947 1.273 1.420 1.668 1.920 2.065 2.183 2.266 2.352 2.451 2.538 2.627 2.715 2.706 2.672 2.671 2.718 2.626 2.491 2.344 0.000 
6.000 19.950 0.057 0.599 0.837 1.152 1.303 1.547 1.785 1.921 2.037 2.118 2.201 2.298 2.385 2.478 2.572 2.570 2.546 2.545 2.586 2.495 2.343 2.198 0.000 
6.000 25.120 -0.038 0.494 0.724 1.029 1.183 1.424 1.648 1.775 1.888 1.967 2.048 2.142 2.230 2.325 2.424 2.429 2.414 2.412 2.447 2.357 2.189 2.047 0.000 
6.000 31.620 -0.137 0.384 0.609 0.904 1.061 1.298 1.508 1.627 1.736 1.813 1.892 1.983 2.071 2.169 2.272 2.282 2.275 2.272 2.300 2.210 2.029 1.889 0.000 
6.000 39.810 -0.239 0.272 0.491 0.776 0.936 1.170 1.366 1.476 1.581 1.657 1.734 1.821 1.909 2.008 2.114 2.129 2.130 2.124 2.145 2.055 1.861 1.726 0.000 
6.000 50.120 -0.344 0.155 0.370 0.647 0.809 1.039 1.221 1.323 1.424 1.498 1.572 1.656 1.744 1.843 1.951 1.969 1.977 1.968 1.980 1.889 1.684 1.555 0.000 
6.000 63.100 -0.452 0.035 0.245 0.515 0.679 0.906 1.073 1.167 1.264 1.335 1.407 1.487 1.574 1.673 1.782 1.801 1.815 1.802 1.805 1.712 1.499 1.376 0.000 
6.000 79.430 -0.565 -0.090 0.118 0.380 0.546 0.768 0.922 1.007 1.099 1.169 1.238 1.314 1.399 1.497 1.606 1.625 1.643 1.625 1.618 1.522 1.302 1.188 0.000 
6.000 100.000 -0.682 -0.220 -0.015 0.242 0.409 0.627 0.765 0.843 0.931 0.997 1.064 1.136 1.219 1.314 1.421 1.438 1.459 1.435 1.417 1.316 1.091 0.989 0.000 
6.000 125.890 -0.805 -0.356 -0.151 0.101 0.267 0.481 0.603 0.674 0.756 0.821 0.884 0.951 1.031 1.123 1.226 1.238 1.261 1.228 1.197 1.091 0.865 0.776 0.000 
6.000 158.490 -0.936 -0.499 -0.295 -0.045 0.120 0.329 0.435 0.499 0.576 0.637 0.697 0.758 0.835 0.921 1.018 1.022 1.045 1.001 0.956 0.842 0.617 0.546 0.000 
6.000 199.530 -1.075 -0.652 -0.445 -0.197 -0.035 0.169 0.258 0.316 0.386 0.444 0.501 0.556 0.629 0.707 0.794 0.787 0.806 0.749 0.687 0.563 0.345 0.295 0.000 
6.000 251.190 -1.226 -0.816 -0.605 -0.356 -0.198 -0.000 0.070 0.123 0.187 0.240 0.293 0.342 0.409 0.477 0.550 0.527 0.540 0.466 0.384 0.247 0.041 0.017 0.000 
6.000 316.230 -1.390 -0.993 -0.776 -0.523 -0.373 -0.181 -0.131 -0.082 -0.026 0.023 0.071 0.112 0.172 0.227 0.281 0.236 0.239 0.145 0.039 -0.116 -0.302 -0.294 0.000 
6.000 398.110 -1.572 -1.189 -0.962 -0.701 -0.561 -0.377 -0.348 -0.302 -0.254 -0.211 -0.168 -0.136 -0.085 -0.048 -0.019 -0.092 -0.106 -0.225 -0.359 -0.536 -0.694 -0.646 0.000 
6.000 501.190 -1.776 -1.406 -1.165 -0.893 -0.766 -0.592 -0.586 -0.541 -0.503 -0.467 -0.430 -0.409 -0.368 -0.354 -0.358 -0.469 -0.505 -0.656 -0.824 -1.029 -1.149 -1.051 0.000 
6.000 630.960 -2.007 -1.651 -1.392 -1.102 -0.994 -0.830 -0.850 -0.805 -0.778 -0.749 -0.720 -0.711 -0.684 -0.700 -0.746 -0.907 -0.973 -1.164 -1.373 -1.613 -1.681 -1.521 0.000 
6.000 794.330 -2.273 -1.931 -1.647 -1.332 -1.248 -1.097 -1.146 -1.098 -1.085 -1.066 -1.046 -1.051 -1.042 -1.094 -1.195 -1.420 -1.527 -1.768 -2.028 -2.313 -2.312 -2.073 0.000 
6.000 1000.000 -2.582 -2.254 -1.938 -1.590 -1.537 -1.401 -1.484 -1.430 -1.432 -1.425 -1.416 -1.438 -1.451 -1.551 -1.722 -2.029 -2.189 -2.493 -2.815 -3.157 -3.066 -2.730 0.000 
6.250 1.000 1.044 1.641 2.045 2.566 2.657 2.957 3.359 3.616 3.725 3.828 3.940 4.047 4.079 4.090 4.064 3.921 3.744 3.720 3.823 3.697 3.796 3.669 0.000 
6.250 1.260 1.010 1.606 1.998 2.503 2.599 2.894 3.283 3.529 3.639 3.740 3.849 3.955 3.991 4.009 3.991 3.857 3.691 3.668 3.766 3.641 3.724 3.596 0.000 
6.250 1.580 0.973 1.567 1.947 2.435 2.535 2.825 3.201 3.437 3.548 3.647 3.753 3.859 3.899 3.922 3.913 3.790 3.635 3.612 3.705 3.583 3.648 3.520 0.000 
6.250 2.000 0.931 1.523 1.890 2.360 2.466 2.751 3.114 3.339 3.451 3.548 3.652 3.756 3.801 3.831 3.831 3.718 3.575 3.553 3.641 3.521 3.567 3.438 0.000 
6.250 2.510 0.884 1.474 1.828 2.280 2.390 2.671 3.020 3.236 3.348 3.443 3.544 3.648 3.698 3.734 3.744 3.642 3.510 3.490 3.573 3.455 3.482 3.352 0.000 
6.250 3.160 0.833 1.420 1.760 2.194 2.309 2.584 2.921 3.127 3.240 3.332 3.430 3.534 3.588 3.632 3.651 3.560 3.440 3.421 3.499 3.384 3.392 3.260 0.000 
6.250 3.980 0.775 1.359 1.685 2.102 2.223 2.493 2.816 3.012 3.126 3.216 3.311 3.414 3.473 3.523 3.552 3.472 3.364 3.347 3.421 3.308 3.296 3.162 0.000 
6.250 5.010 0.713 1.292 1.606 2.006 2.131 2.396 2.707 2.892 3.006 3.094 3.187 3.288 3.352 3.408 3.447 3.378 3.282 3.268 3.336 3.227 3.194 3.058 0.000 
6.250 6.310 0.645 1.220 1.520 1.904 2.034 2.295 2.592 2.768 2.881 2.967 3.058 3.158 3.225 3.288 3.335 3.278 3.194 3.181 3.245 3.138 3.085 2.948 0.000 
6.250 7.940 0.572 1.142 1.430 1.798 1.933 2.189 2.473 2.639 2.752 2.836 2.924 3.022 3.093 3.162 3.218 3.171 3.099 3.088 3.147 3.043 2.970 2.831 0.000 
6.250 10.000 0.495 1.058 1.335 1.689 1.827 2.080 2.350 2.507 2.618 2.700 2.786 2.882 2.956 3.030 3.095 3.058 2.997 2.989 3.043 2.941 2.847 2.707 0.000 
6.250 12.590 0.413 0.969 1.235 1.576 1.718 1.967 2.224 2.371 2.481 2.561 2.644 2.739 2.815 2.893 2.966 2.939 2.889 2.882 2.930 2.831 2.718 2.578 0.000 
6.250 15.850 0.327 0.875 1.132 1.459 1.606 1.850 2.094 2.232 2.340 2.418 2.499 2.591 2.670 2.752 2.831 2.813 2.774 2.768 2.811 2.714 2.582 2.442 0.000 
6.250 19.950 0.238 0.777 1.025 1.340 1.491 1.731 1.962 2.090 2.196 2.272 2.351 2.440 2.520 2.606 2.691 2.682 2.652 2.646 2.684 2.588 2.439 2.300 0.000 
6.250 25.120 0.144 0.675 0.914 1.219 1.373 1.610 1.826 1.946 2.049 2.123 2.199 2.286 2.367 2.456 2.547 2.544 2.524 2.518 2.549 2.455 2.289 2.152 0.000 
6.250 31.620 0.048 0.568 0.801 1.095 1.252 1.485 1.688 1.799 1.899 1.971 2.045 2.129 2.211 2.301 2.397 2.399 2.388 2.381 2.406 2.312 2.132 1.998 0.000 
6.250 39.810 -0.052 0.458 0.684 0.968 1.129 1.358 1.547 1.650 1.746 1.816 1.888 1.969 2.050 2.142 2.241 2.249 2.246 2.237 2.254 2.160 1.967 1.836 0.000 
6.250 50.120 -0.155 0.343 0.564 0.839 1.002 1.228 1.403 1.497 1.589 1.658 1.727 1.805 1.886 1.979 2.080 2.091 2.095 2.083 2.093 1.998 1.793 1.668 0.000 
6.250 63.100 -0.262 0.224 0.441 0.708 0.873 1.095 1.256 1.342 1.430 1.496 1.563 1.637 1.717 1.810 1.912 1.925 1.935 1.920 1.920 1.824 1.609 1.491 0.000 
6.250 79.430 -0.374 0.100 0.314 0.574 0.741 0.959 1.105 1.182 1.266 1.330 1.394 1.464 1.543 1.635 1.737 1.750 1.765 1.744 1.735 1.636 1.414 1.304 0.000 
6.250 100.000 -0.491 -0.029 0.183 0.437 0.604 0.818 0.949 1.019 1.098 1.160 1.221 1.286 1.363 1.453 1.553 1.564 1.582 1.555 1.535 1.432 1.205 1.106 0.000 
6.250 125.890 -0.613 -0.164 0.046 0.296 0.463 0.672 0.787 0.850 0.924 0.983 1.041 1.102 1.176 1.262 1.358 1.365 1.385 1.350 1.317 1.208 0.979 0.894 0.000 
6.250 158.490 -0.743 -0.307 -0.097 0.150 0.316 0.520 0.619 0.675 0.744 0.799 0.855 0.910 0.981 1.061 1.151 1.149 1.169 1.124 1.076 0.960 0.733 0.665 0.000 
6.250 199.530 -0.882 -0.459 -0.247 -0.001 0.161 0.361 0.442 0.492 0.555 0.607 0.659 0.708 0.775 0.847 0.927 0.915 0.931 0.873 0.808 0.682 0.461 0.414 0.000 
6.250 251.190 -1.032 -0.622 -0.406 -0.160 -0.002 0.192 0.255 0.300 0.355 0.404 0.451 0.494 0.555 0.618 0.684 0.655 0.666 0.591 0.506 0.367 0.158 0.137 0.000 
6.250 316.230 -1.196 -0.800 -0.577 -0.327 -0.176 0.011 0.054 0.095 0.143 0.187 0.229 0.264 0.319 0.368 0.415 0.365 0.365 0.270 0.162 0.005 -0.185 -0.174 0.000 
6.250 398.110 -1.378 -0.995 -0.763 -0.505 -0.364 -0.185 -0.163 -0.125 -0.085 -0.047 -0.010 0.016 0.062 0.093 0.116 0.037 0.021 -0.100 -0.236 -0.415 -0.577 -0.526 0.000 
6.250 501.190 -1.581 -1.212 -0.966 -0.697 -0.570 -0.399 -0.401 -0.364 -0.334 -0.303 -0.272 -0.256 -0.221 -0.213 -0.223 -0.340 -0.378 -0.531 -0.701 -0.907 -1.031 -0.930 0.000 
6.250 630.960 -1.812 -1.457 -1.193 -0.905 -0.797 -0.637 -0.664 -0.627 -0.609 -0.586 -0.562 -0.558 -0.537 -0.558 -0.611 -0.777 -0.845 -1.038 -1.249 -1.492 -1.563 -1.400 0.000 
6.250 794.330 -2.078 -1.737 -1.447 -1.136 -1.051 -0.904 -0.961 -0.921 -0.916 -0.902 -0.887 -0.898 -0.894 -0.953 -1.060 -1.290 -1.399 -1.642 -1.904 -2.191 -2.194 -1.952 0.000 
6.250 1000.000 -2.388 -2.060 -1.738 -1.393 -1.340 -1.209 -1.299 -1.252 -1.263 -1.261 -1.257 -1.286 -1.304 -1.410 -1.587 -1.899 -2.062 -2.367 -2.691 -3.035 -2.947 -2.608 0.000 
6.500 1.000 1.151 1.743 2.158 2.685 2.773 3.071 3.464 3.716 3.810 3.910 4.020 4.119 4.142 4.152 4.121 3.973 3.790 3.760 3.857 3.725 3.826 3.701 0.000 
6.500 1.260 1.122 1.712 2.117 2.628 2.721 3.014 3.394 3.635 3.730 3.828 3.935 4.034 4.060 4.075 4.052 3.913 3.741 3.710 3.802 3.673 3.757 3.632 0.000 
6.500 1.580 1.089 1.678 2.071 2.565 2.663 2.952 3.319 3.550 3.646 3.742 3.846 3.943 3.973 3.994 3.979 3.849 3.688 3.658 3.745 3.617 3.685 3.559 0.000 
6.500 2.000 1.053 1.640 2.021 2.497 2.600 2.884 3.238 3.459 3.556 3.649 3.751 3.847 3.882 3.908 3.902 3.781 3.632 3.603 3.685 3.559 3.609 3.483 0.000 
6.500 2.510 1.012 1.597 1.965 2.423 2.532 2.810 3.151 3.362 3.460 3.551 3.650 3.746 3.785 3.817 3.820 3.710 3.571 3.544 3.621 3.497 3.529 3.402 0.000 
6.500 3.160 0.966 1.548 1.903 2.343 2.457 2.730 3.059 3.259 3.358 3.447 3.543 3.638 3.682 3.720 3.732 3.633 3.506 3.481 3.553 3.432 3.444 3.317 0.000 
6.500 3.980 0.915 1.494 1.835 2.258 2.377 2.645 2.961 3.151 3.251 3.338 3.430 3.525 3.574 3.618 3.639 3.551 3.436 3.412 3.479 3.361 3.354 3.225 0.000 
6.500 5.010 0.859 1.434 1.762 2.167 2.291 2.554 2.857 3.037 3.138 3.222 3.312 3.406 3.459 3.510 3.540 3.463 3.360 3.338 3.401 3.285 3.258 3.128 0.000 
6.500 6.310 0.798 1.368 1.682 2.071 2.199 2.458 2.747 2.918 3.019 3.101 3.188 3.281 3.339 3.395 3.434 3.368 3.277 3.258 3.316 3.203 3.156 3.024 0.000 
6.500 7.940 0.731 1.296 1.597 1.969 2.103 2.357 2.633 2.794 2.895 2.975 3.059 3.151 3.212 3.275 3.323 3.267 3.188 3.171 3.225 3.115 3.047 2.914 0.000 
6.500 10.000 0.659 1.219 1.507 1.864 2.002 2.251 2.515 2.665 2.766 2.844 2.926 3.015 3.081 3.148 3.205 3.160 3.093 3.078 3.127 3.020 2.932 2.797 0.000 
6.500 12.590 0.582 1.135 1.412 1.754 1.896 2.142 2.392 2.533 2.632 2.708 2.788 2.876 2.944 3.016 3.081 3.046 2.990 2.977 3.021 2.917 2.809 2.673 0.000 
6.500 15.850 0.501 1.046 1.312 1.641 1.787 2.028 2.265 2.397 2.495 2.569 2.646 2.732 2.803 2.879 2.951 2.925 2.880 2.869 2.908 2.805 2.678 2.543 0.000 
6.500 19.950 0.415 0.952 1.209 1.524 1.675 1.912 2.135 2.258 2.354 2.426 2.500 2.584 2.657 2.737 2.815 2.798 2.763 2.753 2.786 2.686 2.541 2.405 0.000 
6.500 25.120 0.325 0.853 1.101 1.405 1.559 1.792 2.002 2.116 2.209 2.279 2.351 2.432 2.507 2.590 2.673 2.663 2.639 2.629 2.657 2.558 2.395 2.262 0.000 
6.500 31.620 0.231 0.750 0.990 1.282 1.440 1.669 1.866 1.970 2.061 2.129 2.199 2.277 2.352 2.438 2.526 2.522 2.508 2.497 2.518 2.420 2.242 2.111 0.000 
6.500 39.810 0.134 0.642 0.875 1.158 1.318 1.544 1.726 1.822 1.910 1.976 2.043 2.118 2.194 2.281 2.373 2.374 2.368 2.356 2.370 2.273 2.080 1.953 0.000 
6.500 50.120 0.033 0.530 0.757 1.030 1.193 1.415 1.584 1.671 1.755 1.819 1.884 1.955 2.031 2.119 2.214 2.219 2.220 2.206 2.212 2.114 1.909 1.787 0.000 
6.500 63.100 -0.073 0.413 0.635 0.900 1.065 1.283 1.437 1.516 1.596 1.658 1.720 1.789 1.864 1.951 2.048 2.055 2.062 2.045 2.043 1.943 1.728 1.612 0.000 
6.500 79.430 -0.183 0.291 0.509 0.766 0.933 1.147 1.287 1.358 1.434 1.493 1.553 1.617 1.691 1.778 1.874 1.881 1.894 1.872 1.860 1.758 1.535 1.427 0.000 
6.500 100.000 -0.299 0.163 0.378 0.630 0.797 1.007 1.131 1.195 1.266 1.323 1.380 1.440 1.512 1.597 1.691 1.697 1.713 1.685 1.662 1.556 1.327 1.231 0.000 
6.500 125.890 -0.420 0.028 0.243 0.489 0.656 0.862 0.970 1.027 1.093 1.147 1.201 1.256 1.326 1.407 1.497 1.499 1.517 1.481 1.446 1.334 1.103 1.020 0.000 
6.500 158.490 -0.549 -0.114 0.101 0.344 0.509 0.710 0.802 0.852 0.913 0.964 1.015 1.064 1.131 1.207 1.290 1.285 1.303 1.256 1.206 1.088 0.858 0.791 0.000 
6.500 199.530 -0.688 -0.265 -0.049 0.193 0.356 0.551 0.626 0.670 0.724 0.772 0.819 0.863 0.925 0.993 1.067 1.050 1.065 1.006 0.940 0.811 0.587 0.541 0.000 
6.500 251.190 -0.838 -0.428 -0.208 0.034 0.193 0.382 0.439 0.477 0.525 0.569 0.612 0.649 0.706 0.764 0.824 0.792 0.800 0.725 0.639 0.497 0.285 0.265 0.000 
6.500 316.230 -1.001 -0.605 -0.379 -0.133 0.019 0.201 0.239 0.273 0.313 0.352 0.390 0.420 0.470 0.514 0.556 0.502 0.500 0.404 0.295 0.136 -0.058 -0.045 0.000 
6.500 398.110 -1.183 -0.800 -0.564 -0.310 -0.169 0.006 0.022 0.053 0.085 0.118 0.151 0.172 0.213 0.240 0.257 0.174 0.156 0.035 -0.102 -0.283 -0.449 -0.397 0.000 
6.500 501.190 -1.386 -1.017 -0.768 -0.502 -0.374 -0.209 -0.216 -0.186 -0.164 -0.137 -0.111 -0.100 -0.070 -0.066 -0.081 -0.202 -0.242 -0.395 -0.567 -0.775 -0.903 -0.801 0.000 
6.500 630.960 -1.617 -1.262 -0.994 -0.711 -0.602 -0.446 -0.480 -0.449 -0.438 -0.420 -0.401 -0.402 -0.386 -0.411 -0.469 -0.639 -0.709 -0.902 -1.115 -1.359 -1.435 -1.271 0.000 
6.500 794.330 -1.883 -1.541 -1.249 -0.941 -0.856 -0.713 -0.776 -0.743 -0.745 -0.736 -0.726 -0.742 -0.743 -0.806 -0.918 -1.152 -1.263 -1.506 -1.769 -2.058 -2.065 -1.823 0.000 
6.500 1000.000 -2.192 -1.864 -1.539 -1.198 -1.145 -1.017 -1.114 -1.074 -1.092 -1.095 -1.096 -1.130 -1.152 -1.262 -1.445 -1.761 -1.925 -2.230 -2.556 -2.902 -2.819 -2.479 0.000 
6.750 1.000 1.256 1.842 2.266 2.796 2.882 3.178 3.562 3.809 3.891 3.988 4.096 4.190 4.204 4.215 4.182 4.031 3.843 3.807 3.899 3.762 3.863 3.737 0.000 
6.750 1.260 1.230 1.815 2.230 2.744 2.834 3.126 3.498 3.735 3.816 3.912 4.017 4.109 4.127 4.142 4.116 3.973 3.796 3.760 3.847 3.712 3.797 3.671 0.000 
6.750 1.580 1.202 1.785 2.189 2.687 2.783 3.069 3.428 3.656 3.737 3.831 3.933 4.024 4.045 4.065 4.047 3.913 3.746 3.711 3.792 3.659 3.728 3.603 0.000 
6.750 2.000 1.170 1.751 2.144 2.625 2.726 3.008 3.354 3.571 3.654 3.745 3.845 3.934 3.960 3.984 3.974 3.849 3.693 3.659 3.735 3.604 3.656 3.531 0.000 
6.750 2.510 1.134 1.713 2.094 2.558 2.664 2.941 3.274 3.481 3.565 3.654 3.750 3.839 3.869 3.899 3.897 3.782 3.637 3.603 3.675 3.546 3.580 3.455 0.000 
6.750 3.160 1.094 1.671 2.038 2.484 2.596 2.868 3.188 3.385 3.470 3.557 3.650 3.739 3.773 3.808 3.815 3.709 3.576 3.544 3.611 3.484 3.501 3.375 0.000 
6.750 3.980 1.049 1.623 1.977 2.405 2.522 2.789 3.097 3.283 3.370 3.454 3.545 3.632 3.671 3.712 3.727 3.632 3.511 3.481 3.543 3.419 3.416 3.289 0.000 
6.750 5.010 0.999 1.570 1.910 2.320 2.442 2.704 2.999 3.175 3.263 3.345 3.433 3.519 3.563 3.610 3.634 3.550 3.441 3.412 3.470 3.348 3.326 3.198 0.000 
6.750 6.310 0.944 1.511 1.837 2.230 2.357 2.613 2.896 3.062 3.151 3.230 3.315 3.401 3.449 3.502 3.535 3.461 3.364 3.338 3.391 3.272 3.230 3.101 0.000 
6.750 7.940 0.883 1.445 1.758 2.134 2.266 2.518 2.788 2.943 3.033 3.110 3.192 3.276 3.329 3.387 3.429 3.366 3.281 3.258 3.306 3.190 3.128 2.998 0.000 
6.750 10.000 0.817 1.374 1.673 2.033 2.169 2.417 2.674 2.820 2.909 2.984 3.063 3.147 3.204 3.267 3.316 3.265 3.191 3.170 3.214 3.101 3.019 2.887 0.000 
6.750 12.590 0.746 1.296 1.583 1.927 2.068 2.311 2.555 2.692 2.781 2.853 2.930 3.012 3.072 3.140 3.198 3.156 3.095 3.076 3.115 3.005 2.902 2.770 0.000 
6.750 15.850 0.670 1.213 1.488 1.818 1.963 2.202 2.433 2.559 2.647 2.718 2.792 2.872 2.936 3.007 3.073 3.040 2.991 2.974 3.008 2.901 2.778 2.645 0.000 
6.750 19.950 0.589 1.124 1.389 1.704 1.854 2.088 2.306 2.423 2.510 2.578 2.650 2.728 2.794 2.869 2.941 2.918 2.879 2.864 2.893 2.788 2.646 2.514 0.000 
6.750 25.120 0.503 1.029 1.284 1.587 1.741 1.971 2.175 2.283 2.368 2.435 2.503 2.579 2.647 2.726 2.804 2.788 2.760 2.745 2.769 2.666 2.506 2.375 0.000 
6.750 31.620 0.413 0.930 1.176 1.467 1.624 1.851 2.041 2.140 2.223 2.287 2.353 2.426 2.496 2.577 2.660 2.651 2.632 2.618 2.636 2.534 2.357 2.228 0.000 
6.750 39.810 0.318 0.825 1.064 1.344 1.504 1.727 1.903 1.994 2.074 2.136 2.200 2.270 2.340 2.423 2.510 2.506 2.496 2.481 2.493 2.391 2.200 2.074 0.000 
6.750 50.120 0.219 0.715 0.947 1.218 1.381 1.599 1.762 1.844 1.921 1.981 2.042 2.109 2.179 2.263 2.353 2.353 2.351 2.335 2.339 2.237 2.032 1.911 0.000 
6.750 63.100 0.116 0.600 0.827 1.089 1.254 1.468 1.617 1.690 1.764 1.821 1.880 1.943 2.013 2.097 2.189 2.192 2.197 2.177 2.173 2.070 1.854 1.739 0.000 
6.750 79.430 0.007 0.480 0.702 0.956 1.123 1.334 1.467 1.533 1.602 1.658 1.713 1.773 1.842 1.925 2.017 2.020 2.031 2.007 1.993 1.888 1.663 1.557 0.000 
6.750 100.000 -0.107 0.354 0.573 0.820 0.988 1.194 1.313 1.371 1.435 1.489 1.541 1.597 1.664 1.745 1.835 1.837 1.852 1.822 1.798 1.689 1.458 1.362 0.000 
6.750 125.890 -0.227 0.221 0.438 0.680 0.848 1.049 1.153 1.203 1.263 1.313 1.363 1.414 1.479 1.556 1.642 1.641 1.657 1.620 1.583 1.469 1.235 1.152 0.000 
6.750 158.490 -0.356 0.080 0.297 0.535 0.701 0.898 0.985 1.029 1.084 1.131 1.177 1.222 1.285 1.357 1.437 1.427 1.444 1.397 1.346 1.225 0.992 0.925 0.000 
6.750 199.530 -0.493 -0.071 0.148 0.385 0.548 0.739 0.809 0.847 0.895 0.939 0.982 1.021 1.080 1.144 1.214 1.194 1.208 1.148 1.081 0.950 0.722 0.676 0.000 
6.750 251.190 -0.642 -0.233 -0.011 0.227 0.385 0.571 0.622 0.655 0.697 0.737 0.775 0.808 0.861 0.915 0.972 0.936 0.943 0.868 0.781 0.637 0.421 0.400 0.000 
6.750 316.230 -0.806 -0.410 -0.181 0.060 0.212 0.390 0.422 0.450 0.485 0.520 0.554 0.579 0.625 0.666 0.704 0.647 0.644 0.548 0.438 0.277 0.079 0.091 0.000 
6.750 398.110 -0.987 -0.604 -0.366 -0.117 0.024 0.195 0.206 0.231 0.257 0.286 0.315 0.331 0.369 0.392 0.405 0.319 0.301 0.180 0.041 -0.141 -0.312 -0.260 0.000 
6.750 501.190 -1.190 -0.821 -0.570 -0.309 -0.181 -0.019 -0.032 -0.008 0.008 0.031 0.053 0.059 0.086 0.087 0.067 -0.057 -0.097 -0.250 -0.422 -0.633 -0.765 -0.664 0.000 
6.750 630.960 -1.420 -1.065 -0.795 -0.517 -0.408 -0.257 -0.295 -0.271 -0.266 -0.251 -0.236 -0.243 -0.229 -0.258 -0.320 -0.493 -0.564 -0.756 -0.970 -1.216 -1.297 -1.133 0.000 
6.750 794.330 -1.686 -1.344 -1.050 -0.748 -0.662 -0.524 -0.592 -0.564 -0.572 -0.568 -0.562 -0.582 -0.586 -0.653 -0.769 -1.006 -1.117 -1.360 -1.624 -1.914 -1.927 -1.685 0.000 
6.750 1000.000 -1.995 -1.667 -1.341 -1.005 -0.951 -0.828 -0.929 -0.896 -0.919 -0.927 -0.931 -0.969 -0.995 -1.109 -1.296 -1.615 -1.779 -2.084 -2.411 -2.758 -2.680 -2.340 0.000 
7.000 1.000 1.358 1.938 2.370 2.901 2.983 3.277 3.654 3.898 3.967 4.063 4.170 4.258 4.266 4.280 4.247 4.095 3.903 3.862 3.950 3.808 3.908 3.779 0.000 
7.000 1.260 1.335 1.915 2.337 2.854 2.941 3.230 3.594 3.828 3.897 3.991 4.096 4.182 4.193 4.210 4.184 4.040 3.858 3.817 3.899 3.759 3.844 3.716 0.000 
7.000 1.580 1.310 1.888 2.301 2.802 2.894 3.179 3.530 3.755 3.824 3.915 4.017 4.102 4.116 4.138 4.118 3.982 3.811 3.770 3.847 3.709 3.777 3.650 0.000 
7.000 2.000 1.282 1.859 2.260 2.746 2.843 3.123 3.462 3.676 3.746 3.835 3.934 4.018 4.035 4.061 4.049 3.922 3.761 3.721 3.793 3.656 3.709 3.582 0.000 
7.000 2.510 1.251 1.826 2.216 2.684 2.787 3.062 3.389 3.592 3.663 3.750 3.846 3.929 3.950 3.981 3.976 3.858 3.708 3.669 3.735 3.601 3.637 3.510 0.000 
7.000 3.160 1.216 1.788 2.166 2.617 2.725 2.996 3.310 3.503 3.575 3.660 3.753 3.835 3.861 3.896 3.899 3.790 3.651 3.614 3.675 3.543 3.562 3.435 0.000 
7.000 3.980 1.177 1.746 2.111 2.544 2.658 2.924 3.225 3.408 3.482 3.564 3.654 3.735 3.765 3.805 3.817 3.717 3.591 3.554 3.611 3.482 3.482 3.355 0.000 
7.000 5.010 1.133 1.699 2.051 2.466 2.585 2.845 3.134 3.307 3.382 3.462 3.549 3.629 3.664 3.709 3.729 3.640 3.525 3.491 3.543 3.416 3.398 3.270 0.000 
7.000 6.310 1.084 1.646 1.984 2.381 2.506 2.761 3.037 3.200 3.276 3.354 3.438 3.517 3.557 3.607 3.635 3.557 3.454 3.422 3.470 3.345 3.308 3.179 0.000 
7.000 7.940 1.030 1.588 1.912 2.291 2.421 2.671 2.935 3.087 3.165 3.240 3.321 3.399 3.444 3.499 3.536 3.468 3.377 3.347 3.391 3.269 3.212 3.082 0.000 
7.000 10.000 0.970 1.523 1.833 2.195 2.330 2.576 2.827 2.969 3.048 3.120 3.198 3.275 3.324 3.384 3.429 3.372 3.293 3.266 3.305 3.187 3.109 2.978 0.000 
7.000 12.590 0.905 1.452 1.749 2.095 2.234 2.475 2.713 2.846 2.925 2.995 3.070 3.146 3.199 3.263 3.316 3.269 3.202 3.178 3.213 3.097 2.999 2.868 0.000 
7.000 15.850 0.834 1.374 1.659 1.989 2.133 2.370 2.595 2.718 2.796 2.864 2.936 3.011 3.068 3.136 3.197 3.159 3.104 3.082 3.112 2.999 2.881 2.750 0.000 
7.000 19.950 0.758 1.291 1.564 1.879 2.028 2.260 2.472 2.585 2.663 2.729 2.798 2.871 2.931 3.003 3.070 3.041 2.998 2.978 3.003 2.893 2.756 2.624 0.000 
7.000 25.120 0.677 1.201 1.463 1.765 1.918 2.146 2.345 2.448 2.525 2.589 2.655 2.726 2.788 2.864 2.937 2.916 2.884 2.865 2.886 2.777 2.621 2.491 0.000 
7.000 31.620 0.591 1.106 1.358 1.648 1.804 2.028 2.213 2.308 2.383 2.445 2.508 2.576 2.640 2.719 2.797 2.784 2.761 2.743 2.758 2.652 2.478 2.349 0.000 
7.000 39.810 0.500 1.005 1.249 1.527 1.686 1.906 2.078 2.164 2.237 2.296 2.357 2.422 2.488 2.568 2.650 2.643 2.630 2.612 2.620 2.515 2.325 2.200 0.000 
7.000 50.120 0.404 0.899 1.135 1.402 1.565 1.781 1.939 2.016 2.086 2.143 2.201 2.264 2.329 2.411 2.496 2.493 2.489 2.470 2.471 2.366 2.162 2.041 0.000 
7.000 63.100 0.303 0.787 1.017 1.275 1.440 1.651 1.795 1.864 1.930 1.985 2.041 2.100 2.166 2.247 2.335 2.335 2.337 2.316 2.309 2.204 1.987 1.872 0.000 
7.000 79.430 0.197 0.669 0.894 1.144 1.310 1.517 1.647 1.707 1.770 1.823 1.876 1.931 1.996 2.077 2.165 2.166 2.174 2.149 2.133 2.026 1.800 1.692 0.000 
7.000 100.000 0.085 0.545 0.766 1.009 1.176 1.379 1.493 1.546 1.605 1.655 1.705 1.756 1.820 1.898 1.985 1.984 1.997 1.967 1.941 1.830 1.597 1.499 0.000 
7.000 125.890 -0.034 0.413 0.632 0.870 1.037 1.235 1.334 1.379 1.434 1.481 1.527 1.574 1.636 1.711 1.794 1.789 1.805 1.767 1.729 1.613 1.376 1.292 0.000 
7.000 158.490 -0.161 0.273 0.492 0.725 0.891 1.085 1.167 1.206 1.255 1.299 1.342 1.384 1.443 1.512 1.589 1.578 1.593 1.546 1.494 1.371 1.135 1.066 0.000 
7.000 199.530 -0.298 0.124 0.343 0.575 0.738 0.926 0.991 1.024 1.068 1.108 1.147 1.183 1.238 1.300 1.367 1.346 1.358 1.299 1.230 1.098 0.866 0.818 0.000 
7.000 251.190 -0.446 -0.038 0.185 0.418 0.576 0.758 0.805 0.833 0.869 0.906 0.941 0.970 1.020 1.072 1.126 1.088 1.095 1.020 0.932 0.786 0.566 0.544 0.000 
7.000 316.230 -0.609 -0.214 0.015 0.251 0.403 0.578 0.605 0.629 0.658 0.690 0.720 0.742 0.785 0.824 0.859 0.800 0.797 0.701 0.590 0.428 0.226 0.235 0.000 
7.000 398.110 -0.790 -0.407 -0.169 0.074 0.215 0.383 0.389 0.409 0.430 0.456 0.482 0.494 0.529 0.550 0.560 0.473 0.454 0.334 0.195 0.011 -0.165 -0.115 0.000 
7.000 501.190 -0.992 -0.624 -0.372 -0.117 0.011 0.169 0.152 0.170 0.182 0.201 0.220 0.223 0.247 0.245 0.223 0.097 0.057 -0.095 -0.268 -0.480 -0.617 -0.518 0.000 
7.000 630.960 -1.223 -0.868 -0.598 -0.326 -0.216 -0.068 -0.112 -0.092 -0.092 -0.081 -0.069 -0.079 -0.069 -0.100 -0.164 -0.339 -0.410 -0.601 -0.815 -1.062 -1.148 -0.987 0.000 
7.000 794.330 -1.488 -1.147 -0.852 -0.556 -0.470 -0.335 -0.408 -0.386 -0.398 -0.397 -0.394 -0.419 -0.425 -0.494 -0.613 -0.851 -0.963 -1.204 -1.469 -1.760 -1.778 -1.539 0.000 
7.000 1000.000 -1.797 -1.469 -1.143 -0.813 -0.759 -0.639 -0.746 -0.717 -0.745 -0.756 -0.764 -0.806 -0.834 -0.950 -1.140 -1.460 -1.624 -1.928 -2.255 -2.603 -2.531 -2.194 0.000 
7.250 1.000 1.459 2.034 2.469 3.000 3.079 3.371 3.740 3.981 4.041 4.134 4.242 4.326 4.329 4.348 4.317 4.166 3.971 3.926 4.010 3.864 3.961 3.826 0.000 
7.250 1.260 1.439 2.012 2.440 2.957 3.040 3.328 3.685 3.916 3.975 4.067 4.172 4.254 4.259 4.281 4.256 4.113 3.927 3.882 3.961 3.816 3.899 3.766 0.000 
7.250 1.580 1.416 1.989 2.407 2.909 2.998 3.282 3.626 3.848 3.906 3.996 4.098 4.179 4.186 4.212 4.193 4.057 3.882 3.837 3.910 3.768 3.835 3.703 0.000 
7.250 2.000 1.392 1.963 2.371 2.858 2.952 3.231 3.563 3.775 3.833 3.921 4.020 4.099 4.110 4.139 4.127 3.999 3.835 3.790 3.858 3.717 3.769 3.637 0.000 
7.250 2.510 1.364 1.934 2.331 2.802 2.902 3.176 3.495 3.697 3.756 3.841 3.938 4.016 4.030 4.063 4.058 3.939 3.785 3.741 3.803 3.664 3.700 3.569 0.000 
7.250 3.160 1.334 1.901 2.287 2.741 2.846 3.116 3.423 3.614 3.674 3.757 3.851 3.928 3.946 3.983 3.985 3.874 3.732 3.689 3.746 3.609 3.628 3.498 0.000 
7.250 3.980 1.299 1.864 2.238 2.675 2.785 3.050 3.344 3.525 3.587 3.668 3.758 3.834 3.856 3.898 3.908 3.806 3.675 3.633 3.686 3.551 3.553 3.423 0.000 
7.250 5.010 1.261 1.823 2.184 2.602 2.718 2.978 3.260 3.431 3.494 3.573 3.660 3.735 3.762 3.808 3.825 3.734 3.614 3.574 3.622 3.489 3.473 3.343 0.000 
7.250 6.310 1.218 1.776 2.124 2.524 2.646 2.900 3.171 3.331 3.396 3.472 3.556 3.630 3.661 3.712 3.737 3.656 3.547 3.510 3.553 3.423 3.389 3.258 0.000 
7.250 7.940 1.170 1.724 2.058 2.440 2.567 2.817 3.075 3.224 3.291 3.365 3.445 3.518 3.555 3.610 3.643 3.572 3.476 3.440 3.479 3.352 3.298 3.168 0.000 
7.250 10.000 1.116 1.666 1.985 2.350 2.483 2.727 2.973 3.112 3.180 3.251 3.329 3.401 3.442 3.501 3.543 3.482 3.398 3.365 3.400 3.276 3.202 3.070 0.000 
7.250 12.590 1.058 1.601 1.907 2.255 2.392 2.632 2.865 2.995 3.063 3.132 3.206 3.278 3.323 3.387 3.436 3.385 3.313 3.283 3.313 3.192 3.099 2.967 0.000 
7.250 15.850 0.993 1.530 1.823 2.154 2.297 2.531 2.752 2.871 2.941 3.007 3.078 3.148 3.198 3.265 3.322 3.280 3.221 3.193 3.219 3.101 2.988 2.855 0.000 
7.250 19.950 0.923 1.453 1.733 2.049 2.196 2.426 2.633 2.743 2.813 2.877 2.945 3.013 3.066 3.137 3.201 3.168 3.121 3.095 3.117 3.001 2.868 2.736 0.000 
7.250 25.120 0.847 1.369 1.637 1.938 2.090 2.316 2.510 2.610 2.680 2.741 2.806 2.872 2.929 3.003 3.073 3.049 3.012 2.989 3.006 2.893 2.740 2.609 0.000 
7.250 31.620 0.766 1.279 1.537 1.824 1.979 2.201 2.382 2.473 2.541 2.600 2.662 2.727 2.786 2.862 2.937 2.921 2.895 2.873 2.885 2.773 2.603 2.473 0.000 
7.250 39.810 0.679 1.183 1.431 1.706 1.864 2.082 2.249 2.332 2.398 2.455 2.514 2.576 2.636 2.715 2.794 2.784 2.768 2.747 2.753 2.643 2.456 2.328 0.000 
7.250 50.120 0.587 1.080 1.320 1.584 1.745 1.958 2.112 2.186 2.250 2.305 2.361 2.420 2.482 2.561 2.644 2.639 2.632 2.610 2.609 2.500 2.297 2.174 0.000 
7.250 63.100 0.489 0.971 1.204 1.458 1.622 1.831 1.971 2.036 2.097 2.149 2.203 2.258 2.321 2.400 2.485 2.483 2.484 2.460 2.452 2.343 2.127 2.009 0.000 
7.250 79.430 0.385 0.856 1.083 1.328 1.494 1.699 1.824 1.881 1.939 1.989 2.039 2.091 2.153 2.232 2.318 2.317 2.324 2.297 2.280 2.170 1.943 1.833 0.000 
7.250 100.000 0.275 0.734 0.957 1.195 1.362 1.562 1.672 1.721 1.775 1.822 1.870 1.918 1.979 2.056 2.140 2.138 2.150 2.119 2.092 1.978 1.743 1.643 0.000 
7.250 125.890 0.158 0.605 0.825 1.056 1.223 1.419 1.513 1.555 1.605 1.649 1.693 1.737 1.796 1.870 1.950 1.945 1.960 1.922 1.883 1.764 1.526 1.438 0.000 
7.250 158.490 0.032 0.467 0.685 0.913 1.079 1.269 1.348 1.382 1.427 1.468 1.509 1.548 1.604 1.672 1.747 1.735 1.750 1.703 1.650 1.525 1.286 1.214 0.000 
7.250 199.530 -0.103 0.319 0.538 0.763 0.926 1.111 1.173 1.201 1.241 1.278 1.315 1.348 1.401 1.462 1.527 1.504 1.517 1.458 1.389 1.254 1.020 0.968 0.000 
7.250 251.190 -0.250 0.158 0.381 0.607 0.765 0.944 0.987 1.010 1.043 1.077 1.110 1.136 1.183 1.234 1.286 1.248 1.255 1.180 1.092 0.945 0.721 0.694 0.000 
7.250 316.230 -0.412 -0.017 0.211 0.441 0.592 0.764 0.788 0.807 0.832 0.861 0.889 0.908 0.949 0.986 1.020 0.961 0.958 0.863 0.752 0.589 0.382 0.387 0.000 
7.250 398.110 -0.592 -0.210 0.027 0.264 0.405 0.569 0.572 0.588 0.605 0.628 0.651 0.661 0.693 0.713 0.722 0.634 0.616 0.497 0.358 0.173 -0.008 0.037 0.000 
7.250 501.190 -0.794 -0.426 -0.175 0.073 0.200 0.355 0.335 0.349 0.357 0.373 0.390 0.389 0.412 0.409 0.385 0.259 0.219 0.069 -0.104 -0.317 -0.460 -0.365 0.000 
7.250 630.960 -1.024 -0.669 -0.401 -0.136 -0.026 0.118 0.071 0.087 0.083 0.092 0.100 0.088 0.096 0.064 -0.002 -0.176 -0.247 -0.437 -0.650 -0.898 -0.990 -0.833 0.000 
7.250 794.330 -1.289 -0.948 -0.655 -0.365 -0.280 -0.148 -0.225 -0.207 -0.223 -0.224 -0.224 -0.251 -0.260 -0.330 -0.451 -0.688 -0.799 -1.039 -1.303 -1.595 -1.619 -1.384 0.000 
7.250 1000.000 -1.598 -1.270 -0.945 -0.622 -0.569 -0.452 -0.562 -0.538 -0.569 -0.583 -0.594 -0.638 -0.668 -0.786 -0.977 -1.296 -1.461 -1.763 -2.089 -2.438 -2.372 -2.039 0.000 
7.500 1.000 1.559 2.128 2.565 3.094 3.169 3.459 3.821 4.061 4.112 4.205 4.313 4.395 4.394 4.420 4.392 4.244 4.046 3.998 4.079 3.930 4.023 3.881 0.000 
7.500 1.260 1.541 2.109 2.538 3.054 3.134 3.420 3.770 4.000 4.049 4.140 4.246 4.325 4.327 4.355 4.333 4.192 4.004 3.956 4.031 3.883 3.962 3.822 0.000 
7.500 1.580 1.521 2.087 2.509 3.011 3.096 3.377 3.715 3.935 3.984 4.073 4.176 4.254 4.257 4.288 4.273 4.139 3.961 3.912 3.982 3.835 3.900 3.761 0.000 
7.500 2.000 1.499 2.064 2.476 2.964 3.054 3.332 3.657 3.867 3.916 4.002 4.103 4.179 4.184 4.219 4.209 4.083 3.915 3.867 3.931 3.787 3.836 3.698 0.000 
7.500 2.510 1.474 2.038 2.441 2.913 3.008 3.282 3.595 3.795 3.843 3.928 4.026 4.100 4.109 4.147 4.143 4.025 3.868 3.820 3.879 3.736 3.770 3.633 0.000 
7.500 3.160 1.448 2.010 2.402 2.857 2.958 3.227 3.528 3.718 3.767 3.850 3.944 4.017 4.029 4.071 4.074 3.964 3.817 3.770 3.824 3.683 3.701 3.565 0.000 
7.500 3.980 1.418 1.977 2.358 2.797 2.903 3.167 3.456 3.636 3.686 3.766 3.858 3.929 3.945 3.990 4.001 3.899 3.764 3.718 3.767 3.628 3.629 3.494 0.000 
7.500 5.010 1.384 1.941 2.309 2.731 2.843 3.102 3.379 3.548 3.600 3.678 3.766 3.837 3.857 3.906 3.923 3.831 3.707 3.662 3.706 3.569 3.554 3.419 0.000 
7.500 6.310 1.346 1.900 2.255 2.659 2.777 3.031 3.295 3.454 3.508 3.584 3.668 3.738 3.763 3.815 3.841 3.757 3.645 3.602 3.642 3.507 3.474 3.339 0.000 
7.500 7.940 1.304 1.854 2.196 2.581 2.705 2.954 3.206 3.355 3.410 3.483 3.565 3.634 3.663 3.720 3.752 3.679 3.578 3.538 3.573 3.441 3.389 3.254 0.000 
7.500 10.000 1.257 1.802 2.130 2.498 2.627 2.871 3.111 3.249 3.307 3.377 3.455 3.523 3.557 3.617 3.658 3.594 3.506 3.468 3.498 3.369 3.298 3.163 0.000 
7.500 12.590 1.204 1.744 2.058 2.408 2.543 2.781 3.009 3.137 3.197 3.264 3.339 3.406 3.445 3.509 3.557 3.503 3.427 3.391 3.418 3.291 3.201 3.066 0.000 
7.500 15.850 1.146 1.680 1.980 2.313 2.452 2.686 2.902 3.020 3.080 3.146 3.217 3.282 3.326 3.394 3.449 3.404 3.341 3.308 3.330 3.206 3.097 2.961 0.000 
7.500 19.950 1.082 1.609 1.896 2.212 2.357 2.586 2.789 2.897 2.958 3.021 3.089 3.153 3.200 3.272 3.333 3.298 3.247 3.216 3.234 3.113 2.984 2.849 0.000 
7.500 25.120 1.012 1.531 1.806 2.106 2.255 2.480 2.670 2.768 2.830 2.890 2.955 3.018 3.069 3.143 3.210 3.184 3.144 3.116 3.129 3.011 2.863 2.728 0.000 
7.500 31.620 0.936 1.447 1.710 1.996 2.149 2.369 2.546 2.635 2.696 2.754 2.816 2.876 2.930 3.007 3.080 3.061 3.032 3.006 3.015 2.899 2.732 2.599 0.000 
7.500 39.810 0.854 1.356 1.608 1.880 2.038 2.253 2.417 2.497 2.557 2.612 2.671 2.729 2.786 2.864 2.942 2.930 2.911 2.886 2.889 2.775 2.590 2.460 0.000 
7.500 50.120 0.766 1.258 1.501 1.761 1.922 2.133 2.283 2.354 2.412 2.465 2.521 2.576 2.634 2.714 2.795 2.788 2.779 2.755 2.751 2.638 2.437 2.311 0.000 
7.500 63.100 0.672 1.153 1.388 1.638 1.801 2.007 2.144 2.206 2.262 2.313 2.365 2.418 2.477 2.556 2.640 2.637 2.636 2.610 2.600 2.487 2.272 2.150 0.000 
7.500 79.430 0.572 1.042 1.270 1.510 1.675 1.877 1.999 2.053 2.106 2.155 2.204 2.253 2.312 2.391 2.475 2.474 2.480 2.452 2.433 2.319 2.092 1.978 0.000 
7.500 100.000 0.465 0.923 1.146 1.378 1.544 1.741 1.849 1.895 1.945 1.990 2.036 2.081 2.140 2.217 2.300 2.298 2.309 2.277 2.249 2.132 1.897 1.792 0.000 
7.500 125.890 0.350 0.796 1.015 1.241 1.407 1.600 1.692 1.730 1.776 1.819 1.861 1.902 1.959 2.033 2.112 2.108 2.122 2.083 2.044 1.923 1.682 1.589 0.000 
7.500 158.490 0.226 0.660 0.877 1.098 1.263 1.451 1.527 1.558 1.600 1.639 1.678 1.714 1.769 1.837 1.911 1.899 1.914 1.867 1.815 1.687 1.445 1.368 0.000 
7.500 199.530 0.092 0.513 0.731 0.950 1.112 1.294 1.353 1.378 1.414 1.450 1.485 1.516 1.567 1.628 1.692 1.670 1.683 1.625 1.556 1.419 1.181 1.124 0.000 
7.500 251.190 -0.054 0.354 0.575 0.793 0.951 1.127 1.168 1.188 1.218 1.249 1.280 1.304 1.351 1.401 1.452 1.416 1.423 1.349 1.262 1.113 0.884 0.852 0.000 
7.500 316.230 -0.215 0.180 0.406 0.628 0.779 0.948 0.969 0.985 1.008 1.034 1.061 1.077 1.117 1.154 1.187 1.129 1.127 1.034 0.923 0.758 0.546 0.546 0.000 
7.500 398.110 -0.394 -0.012 0.223 0.451 0.592 0.754 0.753 0.766 0.781 0.802 0.823 0.830 0.862 0.882 0.890 0.804 0.786 0.669 0.530 0.344 0.158 0.198 0.000 
7.500 501.190 -0.595 -0.227 0.021 0.261 0.388 0.540 0.517 0.528 0.533 0.548 0.562 0.560 0.581 0.578 0.553 0.430 0.390 0.242 0.070 -0.144 -0.293 -0.204 0.000 
7.500 630.960 -0.825 -0.470 -0.204 0.053 0.162 0.303 0.254 0.266 0.260 0.266 0.273 0.258 0.266 0.234 0.167 -0.006 -0.075 -0.263 -0.476 -0.724 -0.822 -0.671 0.000 
7.500 794.330 -1.089 -0.748 -0.458 -0.177 -0.092 0.037 -0.042 -0.027 -0.046 -0.050 -0.052 -0.081 -0.090 -0.160 -0.281 -0.517 -0.627 -0.864 -1.127 -1.420 -1.450 -1.222 0.000 
7.500 1000.000 -1.398 -1.070 -0.748 -0.434 -0.380 -0.267 -0.379 -0.358 -0.392 -0.408 -0.421 -0.467 -0.498 -0.616 -0.807 -1.125 -1.288 -1.587 -1.912 -2.262 -2.203 -1.876 0.000 
7.750 1.000 1.659 2.222 2.659 3.184 3.255 3.542 3.899 4.138 4.182 4.274 4.384 4.464 4.461 4.495 4.473 4.330 4.130 4.080 4.158 4.005 4.094 3.942 0.000 
7.750 1.260 1.642 2.204 2.634 3.146 3.222 3.506 3.850 4.079 4.122 4.212 4.320 4.397 4.396 4.433 4.416 4.279 4.089 4.038 4.111 3.960 4.035 3.885 0.000 
7.750 1.580 1.623 2.185 2.607 3.106 3.187 3.467 3.799 4.018 4.060 4.148 4.253 4.328 4.329 4.368 4.357 4.227 4.047 3.996 4.063 3.913 3.974 3.825 0.000 
7.750 2.000 1.604 2.164 2.578 3.063 3.149 3.425 3.745 3.954 3.995 4.081 4.183 4.257 4.259 4.301 4.296 4.173 4.003 3.952 4.014 3.865 3.911 3.764 0.000 
7.750 2.510 1.582 2.141 2.546 3.016 3.108 3.380 3.687 3.887 3.927 4.011 4.111 4.182 4.187 4.232 4.232 4.117 3.957 3.907 3.963 3.816 3.847 3.702 0.000 
7.750 3.160 1.558 2.115 2.510 2.966 3.063 3.331 3.626 3.815 3.855 3.938 4.034 4.104 4.112 4.160 4.166 4.059 3.910 3.859 3.910 3.765 3.781 3.637 0.000 
7.750 3.980 1.532 2.087 2.471 2.911 3.013 3.277 3.560 3.739 3.780 3.860 3.953 4.022 4.033 4.084 4.097 3.997 3.859 3.809 3.855 3.712 3.712 3.569 0.000 
7.750 5.010 1.503 2.055 2.428 2.851 2.959 3.217 3.488 3.657 3.699 3.777 3.868 3.935 3.949 4.004 4.023 3.932 3.805 3.757 3.798 3.657 3.640 3.498 0.000 
7.750 6.310 1.470 2.019 2.380 2.785 2.899 3.153 3.412 3.570 3.614 3.690 3.776 3.842 3.861 3.919 3.945 3.863 3.747 3.700 3.737 3.598 3.564 3.423 0.000 
7.750 7.940 1.433 1.978 2.326 2.714 2.834 3.082 3.329 3.478 3.523 3.596 3.680 3.744 3.768 3.829 3.862 3.789 3.685 3.640 3.672 3.535 3.484 3.343 0.000 
7.750 10.000 1.391 1.932 2.267 2.636 2.762 3.005 3.241 3.379 3.426 3.497 3.576 3.641 3.669 3.733 3.773 3.710 3.618 3.575 3.602 3.468 3.399 3.258 0.000 
7.750 12.590 1.345 1.881 2.202 2.553 2.684 2.923 3.146 3.273 3.323 3.391 3.467 3.530 3.563 3.630 3.678 3.624 3.544 3.503 3.526 3.395 3.307 3.166 0.000 
7.750 15.850 1.293 1.823 2.130 2.464 2.600 2.834 3.045 3.162 3.214 3.279 3.351 3.413 3.451 3.521 3.576 3.531 3.463 3.426 3.444 3.316 3.209 3.068 0.000 
7.750 19.950 1.235 1.759 2.052 2.368 2.510 2.739 2.938 3.045 3.098 3.160 3.229 3.290 3.332 3.405 3.467 3.431 3.375 3.340 3.355 3.229 3.103 2.963 0.000 
7.750 25.120 1.171 1.688 1.968 2.267 2.414 2.638 2.824 2.921 2.975 3.036 3.101 3.160 3.206 3.282 3.350 3.322 3.279 3.246 3.256 3.133 2.988 2.849 0.000 
7.750 31.620 1.101 1.610 1.877 2.161 2.313 2.531 2.705 2.793 2.847 2.905 2.967 3.024 3.074 3.152 3.225 3.205 3.173 3.143 3.148 3.027 2.863 2.726 0.000 
7.750 39.810 1.025 1.524 1.780 2.050 2.205 2.419 2.580 2.658 2.713 2.767 2.826 2.882 2.934 3.014 3.091 3.079 3.057 3.029 3.029 2.910 2.728 2.593 0.000 
7.750 50.120 0.942 1.432 1.677 1.934 2.093 2.302 2.450 2.519 2.572 2.624 2.680 2.733 2.788 2.868 2.949 2.942 2.931 2.903 2.898 2.780 2.582 2.450 0.000 
7.750 63.100 0.852 1.332 1.568 1.813 1.975 2.180 2.313 2.374 2.425 2.475 2.527 2.578 2.634 2.715 2.798 2.795 2.792 2.764 2.752 2.635 2.422 2.295 0.000 
7.750 79.430 0.756 1.224 1.453 1.688 1.852 2.052 2.171 2.223 2.273 2.320 2.369 2.416 2.473 2.553 2.637 2.636 2.641 2.611 2.591 2.473 2.247 2.127 0.000 
7.750 100.000 0.652 1.109 1.332 1.558 1.723 1.918 2.023 2.067 2.114 2.158 2.203 2.247 2.303 2.381 2.464 2.464 2.474 2.441 2.412 2.292 2.056 1.945 0.000 
7.750 125.890 0.540 0.985 1.203 1.422 1.588 1.778 1.868 1.904 1.947 1.988 2.030 2.070 2.125 2.199 2.279 2.276 2.290 2.251 2.211 2.087 1.845 1.746 0.000 
7.750 158.490 0.418 0.851 1.067 1.281 1.445 1.631 1.704 1.734 1.772 1.810 1.849 1.883 1.937 2.006 2.080 2.070 2.085 2.039 1.986 1.856 1.611 1.528 0.000 
7.750 199.530 0.286 0.707 0.922 1.133 1.295 1.475 1.532 1.555 1.588 1.623 1.657 1.686 1.736 1.798 1.863 1.843 1.856 1.799 1.730 1.592 1.350 1.286 0.000 
7.750 251.190 0.142 0.550 0.767 0.978 1.135 1.309 1.347 1.365 1.393 1.423 1.453 1.476 1.521 1.573 1.624 1.590 1.598 1.526 1.439 1.288 1.056 1.017 0.000 
7.750 316.230 -0.017 0.377 0.600 0.813 0.964 1.130 1.149 1.163 1.184 1.209 1.234 1.249 1.289 1.327 1.360 1.305 1.304 1.213 1.103 0.937 0.720 0.712 0.000 
7.750 398.110 -0.195 0.186 0.417 0.637 0.778 0.936 0.934 0.945 0.958 0.977 0.997 1.003 1.035 1.055 1.064 0.981 0.964 0.849 0.712 0.525 0.334 0.365 0.000 
7.750 501.190 -0.396 -0.028 0.216 0.447 0.574 0.724 0.698 0.707 0.711 0.723 0.737 0.733 0.754 0.752 0.728 0.607 0.570 0.424 0.253 0.039 -0.116 -0.035 0.000 
7.750 630.960 -0.625 -0.270 -0.009 0.240 0.348 0.487 0.436 0.445 0.438 0.442 0.448 0.432 0.440 0.409 0.343 0.173 0.105 -0.080 -0.291 -0.540 -0.645 -0.502 0.000 
7.750 794.330 -0.889 -0.548 -0.262 0.010 0.095 0.221 0.140 0.153 0.132 0.127 0.124 0.094 0.084 0.015 -0.105 -0.338 -0.446 -0.680 -0.942 -1.235 -1.272 -1.051 0.000 
7.750 1000.000 -1.196 -0.869 -0.552 -0.246 -0.193 -0.082 -0.197 -0.178 -0.214 -0.231 -0.245 -0.293 -0.324 -0.440 -0.631 -0.945 -1.106 -1.403 -1.726 -2.076 -2.023 -1.705 0.000 
8.000 1.000 1.758 2.315 2.750 3.269 3.336 3.622 3.974 4.212 4.251 4.343 4.455 4.534 4.531 4.575 4.559 4.422 4.222 4.170 4.247 4.091 4.175 4.011 0.000 
8.000 1.260 1.742 2.299 2.726 3.234 3.306 3.588 3.928 4.156 4.193 4.283 4.393 4.469 4.467 4.514 4.503 4.373 4.182 4.130 4.201 4.046 4.116 3.954 0.000 
8.000 1.580 1.726 2.281 2.702 3.196 3.274 3.552 3.879 4.098 4.133 4.222 4.329 4.403 4.402 4.451 4.446 4.322 4.140 4.088 4.153 4.001 4.056 3.896 0.000 
8.000 2.000 1.708 2.262 2.675 3.156 3.239 3.513 3.828 4.038 4.071 4.158 4.263 4.335 4.335 4.386 4.387 4.270 4.098 4.046 4.105 3.954 3.995 3.837 0.000 
8.000 2.510 1.688 2.241 2.646 3.114 3.201 3.472 3.774 3.974 4.007 4.092 4.194 4.263 4.266 4.320 4.326 4.216 4.054 4.002 4.056 3.906 3.933 3.776 0.000 
8.000 3.160 1.667 2.218 2.614 3.067 3.160 3.427 3.717 3.907 3.939 4.022 4.121 4.189 4.194 4.250 4.262 4.159 4.008 3.956 4.005 3.857 3.869 3.714 0.000 
8.000 3.980 1.643 2.193 2.579 3.017 3.116 3.378 3.656 3.836 3.868 3.949 4.045 4.112 4.119 4.178 4.196 4.101 3.960 3.908 3.952 3.805 3.802 3.649 0.000 
8.000 5.010 1.618 2.165 2.541 2.963 3.067 3.324 3.591 3.760 3.794 3.872 3.965 4.030 4.041 4.102 4.126 4.039 3.909 3.858 3.897 3.752 3.733 3.581 0.000 
8.000 6.310 1.589 2.133 2.498 2.903 3.013 3.266 3.520 3.679 3.714 3.790 3.880 3.943 3.958 4.022 4.053 3.973 3.855 3.805 3.839 3.696 3.661 3.509 0.000 
8.000 7.940 1.556 2.098 2.450 2.838 2.953 3.202 3.444 3.593 3.630 3.703 3.789 3.852 3.870 3.937 3.974 3.903 3.796 3.748 3.777 3.636 3.585 3.434 0.000 
8.000 10.000 1.520 2.057 2.397 2.767 2.888 3.131 3.362 3.501 3.539 3.611 3.693 3.754 3.777 3.847 3.890 3.829 3.733 3.686 3.711 3.573 3.504 3.354 0.000 
8.000 12.590 1.479 2.012 2.338 2.690 2.817 3.055 3.274 3.402 3.443 3.512 3.590 3.651 3.678 3.751 3.801 3.748 3.665 3.620 3.640 3.504 3.417 3.268 0.000 
8.000 15.850 1.433 1.960 2.273 2.607 2.740 2.973 3.180 3.298 3.340 3.406 3.481 3.541 3.573 3.648 3.704 3.661 3.589 3.547 3.563 3.430 3.325 3.176 0.000 
8.000 19.950 1.382 1.903 2.201 2.517 2.656 2.884 3.079 3.186 3.231 3.295 3.366 3.424 3.461 3.538 3.601 3.566 3.507 3.468 3.479 3.348 3.225 3.077 0.000 
8.000 25.120 1.324 1.838 2.123 2.422 2.566 2.788 2.972 3.069 3.116 3.176 3.244 3.300 3.342 3.421 3.490 3.463 3.416 3.380 3.387 3.258 3.116 2.970 0.000 
8.000 31.620 1.260 1.766 2.038 2.321 2.469 2.687 2.858 2.945 2.993 3.051 3.115 3.170 3.215 3.297 3.371 3.352 3.317 3.283 3.285 3.159 2.998 2.853 0.000 
8.000 39.810 1.190 1.687 1.947 2.214 2.367 2.580 2.738 2.816 2.864 2.919 2.979 3.033 3.081 3.164 3.243 3.231 3.207 3.175 3.172 3.048 2.870 2.727 0.000 
8.000 50.120 1.113 1.601 1.849 2.102 2.258 2.467 2.612 2.680 2.728 2.781 2.837 2.889 2.940 3.024 3.106 3.100 3.086 3.055 3.047 2.925 2.729 2.590 0.000 
8.000 63.100 1.028 1.506 1.744 1.984 2.144 2.347 2.479 2.539 2.586 2.636 2.689 2.737 2.791 2.874 2.959 2.958 2.953 2.923 2.908 2.787 2.575 2.441 0.000 
8.000 79.430 0.936 1.404 1.632 1.862 2.024 2.222 2.340 2.391 2.437 2.484 2.534 2.579 2.634 2.716 2.802 2.803 2.806 2.775 2.753 2.631 2.407 2.279 0.000 
8.000 100.000 0.836 1.292 1.514 1.734 1.898 2.091 2.195 2.237 2.281 2.325 2.371 2.413 2.468 2.548 2.633 2.634 2.644 2.610 2.579 2.456 2.220 2.102 0.000 
8.000 125.890 0.728 1.172 1.388 1.601 1.765 1.953 2.041 2.077 2.117 2.158 2.200 2.238 2.293 2.369 2.451 2.450 2.464 2.425 2.384 2.257 2.014 1.907 0.000 
8.000 158.490 0.609 1.042 1.255 1.461 1.624 1.808 1.880 1.908 1.945 1.982 2.021 2.054 2.107 2.178 2.254 2.247 2.263 2.216 2.163 2.031 1.785 1.693 0.000 
8.000 199.530 0.480 0.900 1.112 1.315 1.475 1.653 1.708 1.730 1.762 1.796 1.830 1.858 1.908 1.972 2.039 2.022 2.037 1.980 1.912 1.771 1.527 1.454 0.000 
8.000 251.190 0.337 0.745 0.958 1.160 1.317 1.488 1.526 1.542 1.568 1.598 1.628 1.649 1.695 1.749 1.802 1.771 1.781 1.710 1.624 1.472 1.235 1.187 0.000 
8.000 316.230 0.180 0.574 0.792 0.997 1.146 1.310 1.329 1.340 1.360 1.385 1.410 1.424 1.464 1.504 1.540 1.488 1.488 1.399 1.290 1.123 0.902 0.885 0.000 
8.000 398.110 0.003 0.384 0.610 0.821 0.961 1.117 1.114 1.123 1.135 1.154 1.173 1.179 1.211 1.234 1.245 1.165 1.151 1.038 0.902 0.714 0.517 0.540 0.000 
8.000 501.190 -0.196 0.171 0.410 0.632 0.758 0.905 0.879 0.886 0.889 0.901 0.914 0.910 0.931 0.931 0.910 0.793 0.757 0.614 0.445 0.230 0.069 0.141 0.000 
8.000 630.960 -0.424 -0.070 0.186 0.424 0.533 0.669 0.617 0.625 0.617 0.620 0.626 0.610 0.618 0.589 0.525 0.359 0.294 0.112 -0.098 -0.347 -0.458 -0.325 0.000 
8.000 794.330 -0.687 -0.347 -0.067 0.195 0.280 0.403 0.322 0.332 0.312 0.306 0.302 0.271 0.263 0.196 0.078 -0.151 -0.256 -0.487 -0.747 -1.041 -1.084 -0.873 0.000 
8.000 1000.000 -0.995 -0.668 -0.356 -0.061 -0.008 0.100 -0.015 0.002 -0.034 -0.052 -0.067 -0.115 -0.145 -0.259 -0.447 -0.758 -0.916 -1.209 -1.530 -1.880 -1.835 -1.527 0.000 
