AbrahamsonEtAl2015SSlab as implemented in OpenQuake, distance is rhypo. Log10 ground motion values in cgs units, PGV and Sa(T<0.1s) not valid
          14 31 24 : nmag, ndist, nperiod
          10.000 7.500 6.000 5.000 4.000 3.000 2.500 2.000 1.500 1.000 0.750 0.600 0.500 0.400 0.300 0.250 0.200 0.150 0.100 0.075 0.050 0.020 PGA PGV 
          0.740 0.740 0.740 0.740 0.740 0.740 0.740 0.740 0.740 0.740 0.740 0.740 0.740 0.740 0.740 0.740 0.740 0.740 0.740 0.740 0.740 0.740 0.740 0.000 
4.750 1.000 -0.454 -0.200 0.046 0.245 0.502 0.879 1.128 1.334 1.530 1.867 2.060 2.205 2.337 2.488 2.603 2.681 2.766 2.816 2.791 2.741 2.686 2.743 2.743 0.000 
4.750 1.260 -0.465 -0.213 0.033 0.231 0.488 0.863 1.112 1.320 1.521 1.864 2.060 2.205 2.338 2.489 2.603 2.680 2.764 2.811 2.782 2.731 2.674 2.728 2.728 0.000 
4.750 1.580 -0.480 -0.228 0.017 0.214 0.470 0.845 1.092 1.303 1.510 1.860 2.059 2.206 2.339 2.490 2.603 2.679 2.760 2.804 2.771 2.718 2.659 2.709 2.709 0.000 
4.750 2.000 -0.497 -0.247 -0.003 0.194 0.449 0.822 1.069 1.282 1.497 1.855 2.058 2.206 2.339 2.491 2.603 2.678 2.757 2.796 2.760 2.703 2.643 2.688 2.688 0.000 
4.750 2.510 -0.517 -0.269 -0.026 0.170 0.423 0.795 1.041 1.258 1.481 1.848 2.056 2.206 2.340 2.491 2.603 2.676 2.753 2.787 2.746 2.686 2.623 2.663 2.663 0.000 
4.750 3.160 -0.541 -0.295 -0.053 0.141 0.393 0.763 1.009 1.229 1.462 1.840 2.052 2.205 2.339 2.491 2.603 2.674 2.748 2.777 2.731 2.667 2.600 2.633 2.633 0.000 
4.750 3.980 -0.570 -0.326 -0.085 0.108 0.359 0.726 0.970 1.194 1.439 1.828 2.046 2.201 2.336 2.489 2.601 2.670 2.742 2.765 2.713 2.644 2.574 2.598 2.598 0.000 
4.750 5.010 -0.602 -0.361 -0.122 0.069 0.318 0.683 0.926 1.154 1.411 1.812 2.036 2.193 2.329 2.482 2.595 2.663 2.732 2.749 2.691 2.617 2.543 2.557 2.557 0.000 
4.750 6.310 -0.640 -0.401 -0.165 0.025 0.272 0.634 0.876 1.108 1.376 1.789 2.019 2.179 2.315 2.469 2.583 2.649 2.716 2.728 2.664 2.585 2.506 2.508 2.508 0.000 
4.750 7.940 -0.683 -0.447 -0.213 -0.025 0.220 0.579 0.818 1.055 1.335 1.758 1.994 2.155 2.292 2.446 2.561 2.626 2.691 2.698 2.629 2.544 2.460 2.449 2.449 0.000 
4.750 10.000 -0.730 -0.498 -0.266 -0.081 0.161 0.517 0.755 0.994 1.285 1.717 1.957 2.119 2.255 2.410 2.526 2.590 2.654 2.656 2.582 2.493 2.404 2.379 2.379 0.000 
4.750 12.590 -0.783 -0.555 -0.326 -0.143 0.097 0.448 0.684 0.926 1.225 1.665 1.906 2.069 2.204 2.358 2.474 2.537 2.599 2.598 2.521 2.427 2.333 2.294 2.294 0.000 
4.750 15.850 -0.842 -0.618 -0.391 -0.211 0.026 0.373 0.607 0.851 1.156 1.599 1.841 2.002 2.135 2.287 2.402 2.463 2.525 2.520 2.442 2.344 2.246 2.194 2.194 0.000 
4.750 19.950 -0.905 -0.686 -0.462 -0.286 -0.052 0.291 0.523 0.767 1.076 1.519 1.761 1.919 2.048 2.198 2.310 2.369 2.429 2.420 2.342 2.241 2.140 2.077 2.077 0.000 
4.750 25.120 -0.975 -0.761 -0.540 -0.367 -0.136 0.202 0.432 0.676 0.987 1.427 1.666 1.820 1.945 2.089 2.198 2.254 2.312 2.299 2.221 2.118 2.015 1.944 1.944 0.000 
4.750 31.620 -1.051 -0.842 -0.624 -0.454 -0.226 0.107 0.334 0.576 0.887 1.322 1.556 1.706 1.825 1.964 2.067 2.119 2.174 2.157 2.081 1.976 1.873 1.795 1.795 0.000 
4.750 39.810 -1.134 -0.930 -0.716 -0.549 -0.325 0.003 0.228 0.468 0.778 1.204 1.434 1.579 1.691 1.824 1.921 1.967 2.019 1.997 1.922 1.816 1.714 1.633 1.633 0.000 
4.750 50.120 -1.225 -1.026 -0.815 -0.652 -0.431 -0.109 0.113 0.351 0.658 1.075 1.299 1.438 1.544 1.670 1.760 1.801 1.849 1.821 1.748 1.641 1.541 1.459 1.459 0.000 
4.750 63.100 -1.325 -1.131 -0.924 -0.764 -0.547 -0.230 -0.011 0.224 0.527 0.934 1.151 1.285 1.384 1.505 1.587 1.623 1.666 1.633 1.562 1.454 1.357 1.275 1.275 0.000 
4.750 79.430 -1.435 -1.247 -1.044 -0.888 -0.674 -0.362 -0.146 0.086 0.384 0.780 0.991 1.120 1.213 1.328 1.403 1.433 1.473 1.434 1.364 1.257 1.163 1.083 1.083 0.000 
4.750 100.000 -1.558 -1.376 -1.176 -1.024 -0.814 -0.508 -0.295 -0.066 0.227 0.612 0.817 0.942 1.029 1.140 1.209 1.234 1.270 1.226 1.158 1.050 0.960 0.884 0.884 0.000 
4.750 125.890 -1.697 -1.520 -1.325 -1.176 -0.970 -0.670 -0.459 -0.234 0.054 0.428 0.626 0.750 0.833 0.940 1.004 1.025 1.058 1.010 0.945 0.837 0.751 0.678 0.678 0.000 
4.750 158.490 -1.855 -1.684 -1.492 -1.348 -1.146 -0.851 -0.643 -0.422 -0.139 0.223 0.417 0.541 0.621 0.728 0.789 0.806 0.838 0.786 0.724 0.615 0.534 0.465 0.465 0.000 
4.750 199.530 -2.037 -1.872 -1.684 -1.543 -1.345 -1.056 -0.851 -0.634 -0.357 -0.005 0.185 0.311 0.391 0.500 0.562 0.576 0.609 0.554 0.495 0.387 0.311 0.246 0.246 0.000 
4.750 251.190 -2.250 -2.090 -1.906 -1.769 -1.575 -1.292 -1.090 -0.876 -0.605 -0.263 -0.074 0.058 0.139 0.255 0.321 0.334 0.369 0.314 0.260 0.152 0.080 0.020 0.020 0.000 
4.750 316.230 -2.500 -2.346 -2.166 -2.033 -1.842 -1.565 -1.366 -1.157 -0.891 -0.558 -0.369 -0.225 -0.139 -0.011 0.062 0.077 0.118 0.064 0.016 -0.093 -0.160 -0.215 -0.215 0.000 
4.750 398.110 -2.796 -2.649 -2.472 -2.344 -2.157 -1.886 -1.690 -1.484 -1.224 -0.899 -0.706 -0.546 -0.450 -0.304 -0.217 -0.198 -0.148 -0.197 -0.239 -0.347 -0.409 -0.459 -0.459 0.000 
4.750 501.190 -3.152 -3.011 -2.838 -2.713 -2.531 -2.265 -2.072 -1.871 -1.617 -1.297 -1.097 -0.913 -0.802 -0.630 -0.522 -0.494 -0.431 -0.472 -0.505 -0.613 -0.670 -0.716 -0.716 0.000 
4.750 630.960 -3.583 -3.447 -3.279 -3.158 -2.979 -2.720 -2.530 -2.332 -2.084 -1.768 -1.556 -1.339 -1.206 -0.996 -0.858 -0.818 -0.736 -0.764 -0.785 -0.894 -0.946 -0.987 -0.987 0.000 
4.750 794.330 -4.107 -3.977 -3.813 -3.696 -3.521 -3.267 -3.080 -2.886 -2.644 -2.329 -2.100 -1.838 -1.674 -1.415 -1.235 -1.176 -1.067 -1.077 -1.084 -1.192 -1.240 -1.275 -1.275 0.000 
4.750 1000.000 -4.749 -4.625 -4.464 -4.351 -4.180 -3.933 -3.749 -3.559 -3.323 -3.005 -2.751 -2.429 -2.224 -1.898 -1.661 -1.577 -1.432 -1.416 -1.405 -1.514 -1.556 -1.587 -1.587 0.000 
5.000 1.000 -0.251 -0.000 0.245 0.443 0.693 1.052 1.290 1.479 1.648 1.951 2.125 2.256 2.378 2.517 2.621 2.694 2.775 2.823 2.802 2.756 2.706 2.771 2.771 0.000 
5.000 1.260 -0.262 -0.012 0.233 0.430 0.680 1.038 1.276 1.466 1.641 1.949 2.125 2.257 2.378 2.517 2.620 2.692 2.772 2.817 2.793 2.745 2.694 2.756 2.756 0.000 
5.000 1.580 -0.274 -0.025 0.218 0.415 0.664 1.021 1.258 1.451 1.631 1.945 2.124 2.257 2.379 2.518 2.620 2.691 2.769 2.810 2.783 2.733 2.680 2.739 2.739 0.000 
5.000 2.000 -0.290 -0.042 0.201 0.396 0.645 1.001 1.237 1.432 1.619 1.941 2.124 2.258 2.380 2.519 2.620 2.689 2.765 2.803 2.772 2.719 2.664 2.719 2.719 0.000 
5.000 2.510 -0.308 -0.062 0.180 0.374 0.622 0.976 1.212 1.410 1.605 1.936 2.123 2.258 2.381 2.520 2.621 2.688 2.761 2.794 2.758 2.703 2.646 2.696 2.696 0.000 
5.000 3.160 -0.330 -0.086 0.155 0.348 0.594 0.947 1.182 1.384 1.588 1.929 2.121 2.258 2.381 2.521 2.621 2.686 2.757 2.785 2.744 2.684 2.624 2.668 2.668 0.000 
5.000 3.980 -0.356 -0.114 0.126 0.318 0.562 0.913 1.147 1.352 1.568 1.920 2.117 2.257 2.381 2.521 2.621 2.684 2.751 2.774 2.727 2.663 2.600 2.636 2.636 0.000 
5.000 5.010 -0.386 -0.146 0.092 0.282 0.525 0.873 1.106 1.316 1.543 1.907 2.111 2.253 2.378 2.518 2.618 2.680 2.744 2.761 2.707 2.639 2.572 2.599 2.599 0.000 
5.000 6.310 -0.421 -0.183 0.052 0.241 0.482 0.828 1.059 1.273 1.513 1.890 2.100 2.245 2.370 2.512 2.612 2.672 2.734 2.744 2.684 2.610 2.538 2.555 2.555 0.000 
5.000 7.940 -0.460 -0.226 0.008 0.194 0.434 0.776 1.006 1.224 1.477 1.866 2.082 2.229 2.355 2.497 2.599 2.657 2.717 2.721 2.655 2.576 2.499 2.503 2.503 0.000 
5.000 10.000 -0.505 -0.274 -0.042 0.142 0.379 0.718 0.946 1.168 1.432 1.833 2.054 2.203 2.329 2.472 2.575 2.632 2.690 2.689 2.618 2.533 2.451 2.441 2.441 0.000 
5.000 12.590 -0.555 -0.327 -0.098 0.083 0.318 0.653 0.879 1.105 1.379 1.789 2.014 2.164 2.290 2.433 2.536 2.592 2.649 2.643 2.568 2.478 2.391 2.367 2.367 0.000 
5.000 15.850 -0.610 -0.387 -0.160 0.019 0.250 0.582 0.806 1.034 1.317 1.732 1.959 2.110 2.234 2.376 2.480 2.535 2.590 2.580 2.503 2.408 2.316 2.278 2.278 0.000 
5.000 19.950 -0.670 -0.452 -0.228 -0.052 0.176 0.503 0.725 0.955 1.244 1.662 1.890 2.039 2.160 2.301 2.403 2.456 2.511 2.497 2.418 2.320 2.224 2.173 2.173 0.000 
5.000 25.120 -0.737 -0.523 -0.303 -0.130 0.096 0.418 0.638 0.868 1.160 1.578 1.804 1.951 2.068 2.206 2.305 2.356 2.409 2.392 2.314 2.212 2.113 2.052 2.052 0.000 
5.000 31.620 -0.810 -0.601 -0.384 -0.214 0.008 0.326 0.543 0.772 1.066 1.480 1.704 1.846 1.959 2.092 2.188 2.235 2.286 2.265 2.188 2.084 1.984 1.914 1.914 0.000 
5.000 39.810 -0.890 -0.686 -0.472 -0.306 -0.087 0.226 0.440 0.668 0.962 1.370 1.589 1.727 1.834 1.962 2.053 2.096 2.144 2.118 2.042 1.937 1.837 1.762 1.762 0.000 
5.000 50.120 -0.978 -0.779 -0.569 -0.406 -0.190 0.117 0.329 0.555 0.846 1.246 1.460 1.593 1.695 1.817 1.901 1.940 1.984 1.954 1.879 1.773 1.674 1.596 1.596 0.000 
5.000 63.100 -1.075 -0.881 -0.674 -0.515 -0.303 -0.001 0.208 0.431 0.720 1.110 1.318 1.447 1.542 1.658 1.736 1.769 1.810 1.775 1.702 1.595 1.498 1.420 1.420 0.000 
5.000 79.430 -1.182 -0.994 -0.791 -0.635 -0.427 -0.131 0.076 0.296 0.580 0.961 1.163 1.287 1.376 1.487 1.558 1.586 1.624 1.583 1.512 1.405 1.311 1.234 1.234 0.000 
5.000 100.000 -1.303 -1.120 -0.921 -0.769 -0.564 -0.273 -0.070 0.147 0.427 0.796 0.993 1.113 1.197 1.304 1.369 1.392 1.427 1.381 1.313 1.204 1.115 1.039 1.039 0.000 
5.000 125.890 -1.439 -1.262 -1.066 -0.918 -0.717 -0.432 -0.231 -0.018 0.257 0.615 0.806 0.924 1.004 1.108 1.170 1.188 1.220 1.170 1.104 0.996 0.910 0.838 0.838 0.000 
5.000 158.490 -1.594 -1.423 -1.231 -1.087 -0.890 -0.610 -0.412 -0.203 0.067 0.414 0.600 0.719 0.796 0.900 0.958 0.973 1.004 0.950 0.887 0.779 0.698 0.629 0.629 0.000 
5.000 199.530 -1.774 -1.608 -1.421 -1.280 -1.087 -0.813 -0.618 -0.412 -0.148 0.189 0.372 0.493 0.569 0.676 0.735 0.747 0.779 0.723 0.663 0.555 0.478 0.413 0.413 0.000 
5.000 251.190 -1.983 -1.824 -1.640 -1.503 -1.314 -1.046 -0.854 -0.652 -0.394 -0.067 0.115 0.243 0.321 0.434 0.496 0.508 0.543 0.486 0.431 0.322 0.250 0.190 0.190 0.000 
5.000 316.230 -2.231 -2.077 -1.897 -1.764 -1.579 -1.317 -1.127 -0.929 -0.677 -0.359 -0.177 -0.038 0.046 0.171 0.241 0.255 0.294 0.239 0.190 0.081 0.014 -0.041 -0.041 0.000 
5.000 398.110 -2.525 -2.377 -2.201 -2.072 -1.891 -1.635 -1.448 -1.254 -1.007 -0.697 -0.511 -0.356 -0.263 -0.119 -0.035 -0.017 0.031 -0.019 -0.061 -0.170 -0.232 -0.283 -0.283 0.000 
5.000 501.190 -2.878 -2.737 -2.564 -2.439 -2.262 -2.012 -1.828 -1.638 -1.397 -1.092 -0.900 -0.720 -0.612 -0.442 -0.337 -0.311 -0.249 -0.291 -0.325 -0.433 -0.491 -0.537 -0.537 0.000 
5.000 630.960 -3.306 -3.170 -3.002 -2.881 -2.708 -2.463 -2.283 -2.096 -1.862 -1.560 -1.356 -1.143 -1.013 -0.806 -0.671 -0.632 -0.551 -0.581 -0.602 -0.711 -0.764 -0.805 -0.805 0.000 
5.000 794.330 -3.828 -3.698 -3.534 -3.416 -3.247 -3.009 -2.831 -2.649 -2.420 -2.119 -1.897 -1.640 -1.479 -1.222 -1.045 -0.987 -0.879 -0.891 -0.899 -1.007 -1.055 -1.091 -1.091 0.000 
5.000 1000.000 -4.467 -4.343 -4.183 -4.070 -3.904 -3.672 -3.497 -3.318 -3.096 -2.792 -2.545 -2.228 -2.026 -1.702 -1.468 -1.385 -1.242 -1.227 -1.217 -1.326 -1.368 -1.399 -1.399 0.000 
5.250 1.000 -0.052 0.196 0.440 0.636 0.880 1.222 1.450 1.622 1.766 2.035 2.190 2.308 2.418 2.546 2.639 2.707 2.785 2.832 2.815 2.772 2.727 2.799 2.799 0.000 
5.250 1.260 -0.062 0.186 0.429 0.625 0.868 1.210 1.437 1.611 1.759 2.033 2.190 2.308 2.418 2.546 2.639 2.705 2.782 2.825 2.806 2.762 2.715 2.786 2.786 0.000 
5.250 1.580 -0.073 0.174 0.416 0.611 0.854 1.195 1.421 1.597 1.750 2.030 2.189 2.308 2.419 2.547 2.638 2.703 2.778 2.818 2.796 2.750 2.702 2.770 2.770 0.000 
5.250 2.000 -0.087 0.159 0.400 0.595 0.837 1.176 1.402 1.580 1.740 2.026 2.189 2.309 2.420 2.547 2.638 2.701 2.774 2.810 2.785 2.736 2.687 2.751 2.751 0.000 
5.250 2.510 -0.104 0.141 0.381 0.575 0.816 1.154 1.379 1.560 1.727 2.021 2.188 2.309 2.421 2.548 2.638 2.699 2.769 2.802 2.771 2.720 2.669 2.729 2.729 0.000 
5.250 3.160 -0.124 0.119 0.359 0.551 0.791 1.127 1.352 1.536 1.712 2.016 2.187 2.310 2.422 2.549 2.638 2.698 2.765 2.792 2.757 2.702 2.648 2.703 2.703 0.000 
5.250 3.980 -0.147 0.094 0.332 0.523 0.762 1.096 1.320 1.508 1.694 2.009 2.185 2.311 2.423 2.551 2.638 2.696 2.760 2.781 2.741 2.682 2.625 2.673 2.673 0.000 
5.250 5.010 -0.175 0.064 0.301 0.490 0.727 1.060 1.282 1.474 1.672 1.999 2.182 2.309 2.422 2.551 2.638 2.694 2.755 2.770 2.722 2.659 2.599 2.639 2.639 0.000 
5.250 6.310 -0.206 0.030 0.264 0.452 0.688 1.017 1.239 1.435 1.646 1.986 2.175 2.305 2.419 2.548 2.636 2.689 2.747 2.756 2.702 2.633 2.569 2.599 2.599 0.000 
5.250 7.940 -0.243 -0.010 0.223 0.409 0.642 0.969 1.189 1.390 1.614 1.967 2.163 2.296 2.411 2.541 2.629 2.681 2.736 2.738 2.677 2.602 2.534 2.552 2.552 0.000 
5.250 10.000 -0.284 -0.055 0.176 0.360 0.591 0.915 1.133 1.338 1.575 1.941 2.143 2.279 2.394 2.525 2.614 2.665 2.717 2.713 2.646 2.566 2.492 2.498 2.498 0.000 
5.250 12.590 -0.331 -0.105 0.123 0.305 0.534 0.853 1.070 1.279 1.528 1.906 2.113 2.250 2.366 2.498 2.588 2.637 2.688 2.678 2.606 2.520 2.441 2.432 2.432 0.000 
5.250 15.850 -0.383 -0.161 0.065 0.243 0.470 0.786 1.000 1.213 1.472 1.858 2.069 2.208 2.323 2.455 2.546 2.594 2.644 2.629 2.553 2.462 2.377 2.354 2.354 0.000 
5.250 19.950 -0.441 -0.223 0.000 0.176 0.399 0.711 0.923 1.139 1.406 1.798 2.011 2.149 2.262 2.393 2.485 2.532 2.580 2.562 2.484 2.388 2.298 2.262 2.262 0.000 
5.250 25.120 -0.504 -0.291 -0.071 0.102 0.322 0.630 0.839 1.056 1.329 1.723 1.936 2.073 2.184 2.313 2.403 2.448 2.496 2.474 2.395 2.295 2.202 2.152 2.152 0.000 
5.250 31.620 -0.574 -0.366 -0.149 0.021 0.238 0.541 0.748 0.965 1.241 1.634 1.845 1.980 2.087 2.212 2.300 2.343 2.389 2.363 2.285 2.182 2.087 2.027 2.027 0.000 
5.250 39.810 -0.651 -0.447 -0.234 -0.068 0.146 0.444 0.649 0.865 1.142 1.530 1.739 1.870 1.972 2.094 2.177 2.216 2.261 2.231 2.154 2.049 1.953 1.885 1.885 0.000 
5.250 50.120 -0.736 -0.537 -0.327 -0.165 0.046 0.338 0.541 0.755 1.031 1.413 1.618 1.745 1.841 1.958 2.037 2.072 2.113 2.080 2.004 1.898 1.801 1.729 1.729 0.000 
5.250 63.100 -0.830 -0.637 -0.430 -0.271 -0.064 0.223 0.423 0.635 0.909 1.283 1.482 1.604 1.696 1.807 1.880 1.911 1.949 1.911 1.837 1.730 1.635 1.560 1.560 0.000 
5.250 79.430 -0.935 -0.747 -0.544 -0.388 -0.185 0.097 0.294 0.503 0.774 1.138 1.332 1.450 1.536 1.643 1.710 1.736 1.771 1.728 1.656 1.549 1.456 1.381 1.381 0.000 
5.250 100.000 -1.052 -0.870 -0.671 -0.519 -0.319 -0.043 0.151 0.357 0.624 0.978 1.166 1.282 1.362 1.465 1.527 1.548 1.581 1.533 1.464 1.355 1.266 1.192 1.192 0.000 
5.250 125.890 -1.186 -1.009 -0.814 -0.665 -0.469 -0.199 -0.007 0.195 0.457 0.800 0.984 1.097 1.174 1.274 1.332 1.349 1.380 1.328 1.261 1.152 1.067 0.996 0.996 0.000 
5.250 158.490 -1.339 -1.167 -0.976 -0.831 -0.639 -0.374 -0.186 0.013 0.270 0.603 0.781 0.895 0.969 1.070 1.126 1.139 1.169 1.113 1.049 0.941 0.859 0.791 0.791 0.000 
5.250 199.530 -1.515 -1.350 -1.162 -1.022 -0.833 -0.574 -0.389 -0.193 0.058 0.380 0.556 0.673 0.746 0.850 0.906 0.917 0.947 0.890 0.829 0.720 0.644 0.579 0.579 0.000 
5.250 251.190 -1.722 -1.563 -1.379 -1.242 -1.058 -0.805 -0.622 -0.430 -0.185 0.128 0.302 0.426 0.501 0.611 0.671 0.681 0.714 0.656 0.601 0.492 0.420 0.360 0.360 0.000 
5.250 316.230 -1.967 -1.813 -1.633 -1.501 -1.320 -1.073 -0.893 -0.705 -0.465 -0.161 0.014 0.148 0.229 0.351 0.419 0.431 0.469 0.413 0.363 0.254 0.187 0.131 0.131 0.000 
5.250 398.110 -2.259 -2.111 -1.935 -1.806 -1.629 -1.388 -1.211 -1.027 -0.793 -0.496 -0.318 -0.167 -0.077 0.064 0.145 0.162 0.210 0.158 0.115 0.006 -0.057 -0.108 -0.108 0.000 
5.250 501.190 -2.610 -2.468 -2.296 -2.171 -1.998 -1.762 -1.588 -1.409 -1.180 -0.889 -0.704 -0.529 -0.423 -0.256 -0.154 -0.129 -0.068 -0.111 -0.145 -0.254 -0.312 -0.358 -0.358 0.000 
5.250 630.960 -3.035 -2.899 -2.731 -2.610 -2.441 -2.211 -2.040 -1.864 -1.642 -1.355 -1.157 -0.949 -0.822 -0.618 -0.485 -0.447 -0.367 -0.398 -0.420 -0.529 -0.582 -0.624 -0.624 0.000 
5.250 794.330 -3.554 -3.424 -3.260 -3.143 -2.978 -2.754 -2.586 -2.414 -2.198 -1.911 -1.696 -1.443 -1.285 -1.031 -0.856 -0.800 -0.693 -0.705 -0.714 -0.823 -0.871 -0.907 -0.907 0.000 
5.250 1000.000 -4.191 -4.067 -3.906 -3.793 -3.632 -3.415 -3.249 -3.081 -2.871 -2.581 -2.342 -2.029 -1.829 -1.508 -1.277 -1.195 -1.052 -1.039 -1.030 -1.138 -1.182 -1.213 -1.213 0.000 
5.500 1.000 0.143 0.389 0.631 0.826 1.063 1.390 1.608 1.764 1.882 2.119 2.256 2.359 2.460 2.577 2.659 2.722 2.797 2.842 2.829 2.789 2.749 2.829 2.829 0.000 
5.500 1.260 0.134 0.380 0.621 0.816 1.053 1.379 1.596 1.753 1.876 2.117 2.255 2.359 2.459 2.576 2.658 2.720 2.793 2.835 2.821 2.779 2.738 2.817 2.817 0.000 
5.500 1.580 0.124 0.369 0.610 0.803 1.040 1.365 1.582 1.741 1.868 2.114 2.254 2.359 2.459 2.576 2.657 2.717 2.789 2.828 2.811 2.768 2.726 2.802 2.802 0.000 
5.500 2.000 0.112 0.355 0.595 0.788 1.025 1.348 1.565 1.726 1.859 2.110 2.253 2.359 2.460 2.576 2.656 2.714 2.784 2.819 2.799 2.754 2.711 2.784 2.784 0.000 
5.500 2.510 0.097 0.339 0.578 0.770 1.006 1.328 1.544 1.707 1.847 2.106 2.253 2.360 2.460 2.576 2.655 2.712 2.779 2.810 2.786 2.738 2.693 2.763 2.763 0.000 
5.500 3.160 0.079 0.320 0.558 0.749 0.983 1.304 1.519 1.686 1.834 2.101 2.252 2.361 2.462 2.577 2.655 2.710 2.774 2.800 2.771 2.720 2.673 2.739 2.739 0.000 
5.500 3.980 0.057 0.296 0.533 0.723 0.956 1.275 1.489 1.660 1.817 2.095 2.251 2.362 2.463 2.579 2.655 2.708 2.768 2.789 2.755 2.701 2.651 2.710 2.710 0.000 
5.500 5.010 0.032 0.269 0.505 0.693 0.925 1.242 1.455 1.629 1.798 2.088 2.249 2.362 2.464 2.580 2.655 2.706 2.763 2.778 2.737 2.678 2.626 2.678 2.678 0.000 
5.500 6.310 0.003 0.238 0.471 0.658 0.888 1.203 1.415 1.593 1.775 2.077 2.245 2.361 2.464 2.580 2.655 2.703 2.757 2.765 2.718 2.654 2.597 2.641 2.641 0.000 
5.500 7.940 -0.031 0.201 0.433 0.618 0.846 1.158 1.368 1.552 1.747 2.063 2.238 2.357 2.460 2.577 2.653 2.699 2.749 2.750 2.696 2.626 2.565 2.599 2.599 0.000 
5.500 10.000 -0.069 0.159 0.389 0.572 0.798 1.107 1.316 1.504 1.713 2.043 2.225 2.347 2.451 2.569 2.645 2.689 2.737 2.731 2.669 2.594 2.528 2.550 2.550 0.000 
5.500 12.590 -0.113 0.112 0.340 0.520 0.744 1.049 1.256 1.450 1.671 2.015 2.204 2.328 2.433 2.552 2.629 2.672 2.717 2.705 2.637 2.555 2.484 2.492 2.492 0.000 
5.500 15.850 -0.162 0.059 0.285 0.463 0.684 0.985 1.190 1.388 1.622 1.977 2.170 2.297 2.402 2.522 2.600 2.642 2.685 2.667 2.594 2.507 2.430 2.423 2.423 0.000 
5.500 19.950 -0.216 0.001 0.223 0.399 0.617 0.914 1.117 1.318 1.562 1.926 2.123 2.250 2.355 2.475 2.554 2.595 2.637 2.615 2.538 2.445 2.363 2.342 2.342 0.000 
5.500 25.120 -0.277 -0.064 0.155 0.328 0.543 0.836 1.037 1.240 1.492 1.860 2.060 2.187 2.290 2.409 2.488 2.528 2.570 2.543 2.464 2.367 2.280 2.245 2.245 0.000 
5.500 31.620 -0.344 -0.136 0.081 0.250 0.463 0.751 0.949 1.153 1.410 1.780 1.980 2.105 2.205 2.323 2.401 2.439 2.480 2.450 2.370 2.270 2.179 2.131 2.131 0.000 
5.500 39.810 -0.418 -0.214 -0.001 0.165 0.374 0.657 0.853 1.057 1.317 1.686 1.883 2.006 2.103 2.217 2.293 2.328 2.367 2.334 2.255 2.152 2.060 2.002 2.002 0.000 
5.500 50.120 -0.500 -0.301 -0.092 0.071 0.277 0.555 0.749 0.951 1.212 1.576 1.770 1.890 1.982 2.093 2.165 2.196 2.234 2.197 2.120 2.015 1.921 1.856 1.856 0.000 
5.500 63.100 -0.591 -0.398 -0.191 -0.032 0.170 0.443 0.634 0.835 1.094 1.451 1.642 1.758 1.845 1.952 2.019 2.047 2.082 2.041 1.965 1.859 1.766 1.697 1.697 0.000 
5.500 79.430 -0.692 -0.505 -0.302 -0.147 0.052 0.320 0.508 0.706 0.963 1.312 1.497 1.610 1.692 1.795 1.857 1.881 1.914 1.868 1.795 1.687 1.596 1.525 1.525 0.000 
5.500 100.000 -0.807 -0.625 -0.426 -0.274 -0.079 0.183 0.369 0.564 0.817 1.156 1.337 1.447 1.524 1.624 1.682 1.701 1.731 1.682 1.611 1.503 1.414 1.343 1.343 0.000 
5.500 125.890 -0.938 -0.761 -0.566 -0.418 -0.227 0.030 0.213 0.405 0.654 0.983 1.159 1.267 1.341 1.438 1.493 1.508 1.537 1.483 1.415 1.306 1.221 1.151 1.151 0.000 
5.500 158.490 -1.088 -0.917 -0.726 -0.581 -0.394 -0.143 0.037 0.226 0.470 0.789 0.960 1.070 1.141 1.238 1.291 1.302 1.330 1.274 1.209 1.100 1.019 0.952 0.952 0.000 
5.500 199.530 -1.262 -1.097 -0.910 -0.769 -0.585 -0.340 -0.163 0.022 0.261 0.570 0.738 0.851 0.921 1.022 1.075 1.085 1.113 1.055 0.993 0.885 0.808 0.744 0.744 0.000 
5.500 251.190 -1.467 -1.307 -1.124 -0.987 -0.807 -0.568 -0.393 -0.212 0.021 0.321 0.488 0.607 0.680 0.787 0.844 0.853 0.885 0.826 0.769 0.660 0.587 0.528 0.528 0.000 
5.500 316.230 -1.709 -1.555 -1.375 -1.243 -1.067 -0.833 -0.662 -0.484 -0.256 0.034 0.202 0.332 0.411 0.530 0.595 0.606 0.643 0.586 0.535 0.426 0.358 0.302 0.302 0.000 
5.500 398.110 -1.998 -1.850 -1.674 -1.545 -1.373 -1.146 -0.977 -0.804 -0.581 -0.298 -0.127 0.020 0.108 0.246 0.325 0.340 0.387 0.334 0.290 0.181 0.118 0.067 0.067 0.000 
5.500 501.190 -2.346 -2.205 -2.032 -1.908 -1.739 -1.518 -1.352 -1.183 -0.966 -0.688 -0.510 -0.339 -0.236 -0.071 0.029 0.052 0.112 0.068 0.033 -0.076 -0.135 -0.181 -0.181 0.000 
5.500 630.960 -2.769 -2.633 -2.465 -2.344 -2.180 -1.964 -1.802 -1.636 -1.425 -1.151 -0.961 -0.756 -0.631 -0.430 -0.300 -0.263 -0.184 -0.216 -0.239 -0.348 -0.402 -0.443 -0.443 0.000 
5.500 794.330 -3.285 -3.156 -2.991 -2.874 -2.714 -2.504 -2.345 -2.183 -1.978 -1.705 -1.497 -1.247 -1.092 -0.840 -0.668 -0.613 -0.507 -0.520 -0.530 -0.639 -0.688 -0.724 -0.724 0.000 
5.500 1000.000 -3.920 -3.796 -3.635 -3.522 -3.366 -3.162 -3.005 -2.848 -2.649 -2.372 -2.139 -1.831 -1.633 -1.315 -1.086 -1.006 -0.864 -0.852 -0.843 -0.952 -0.996 -1.027 -1.027 0.000 
5.750 1.000 0.334 0.578 0.818 1.011 1.244 1.555 1.763 1.903 1.998 2.203 2.321 2.412 2.502 2.608 2.681 2.739 2.811 2.853 2.845 2.808 2.773 2.861 2.861 0.000 
5.750 1.260 0.326 0.570 0.810 1.002 1.234 1.545 1.752 1.894 1.992 2.200 2.320 2.411 2.501 2.607 2.679 2.736 2.806 2.847 2.837 2.799 2.763 2.849 2.849 0.000 
5.750 1.580 0.317 0.560 0.799 0.991 1.223 1.532 1.740 1.883 1.985 2.197 2.319 2.411 2.501 2.606 2.677 2.733 2.801 2.839 2.827 2.787 2.751 2.835 2.835 0.000 
5.750 2.000 0.306 0.548 0.787 0.978 1.209 1.517 1.724 1.869 1.976 2.194 2.318 2.411 2.501 2.606 2.675 2.729 2.796 2.830 2.815 2.774 2.736 2.818 2.818 0.000 
5.750 2.510 0.293 0.533 0.771 0.962 1.192 1.499 1.705 1.853 1.966 2.190 2.317 2.411 2.501 2.605 2.674 2.726 2.790 2.821 2.802 2.758 2.719 2.798 2.798 0.000 
5.750 3.160 0.277 0.516 0.753 0.942 1.171 1.477 1.683 1.833 1.953 2.185 2.316 2.411 2.501 2.605 2.672 2.723 2.784 2.810 2.787 2.741 2.700 2.775 2.775 0.000 
5.750 3.980 0.257 0.495 0.730 0.919 1.147 1.451 1.656 1.809 1.939 2.180 2.316 2.412 2.502 2.606 2.672 2.720 2.778 2.798 2.771 2.721 2.678 2.748 2.748 0.000 
5.750 5.010 0.234 0.470 0.704 0.892 1.118 1.420 1.624 1.781 1.921 2.174 2.315 2.413 2.504 2.608 2.672 2.717 2.772 2.786 2.753 2.699 2.653 2.717 2.717 0.000 
5.750 6.310 0.208 0.441 0.674 0.859 1.084 1.384 1.587 1.748 1.900 2.166 2.313 2.414 2.505 2.609 2.672 2.715 2.766 2.774 2.733 2.675 2.626 2.682 2.682 0.000 
5.750 7.940 0.177 0.407 0.638 0.822 1.045 1.343 1.544 1.710 1.875 2.155 2.309 2.413 2.504 2.609 2.672 2.713 2.760 2.760 2.712 2.649 2.595 2.643 2.643 0.000 
5.750 10.000 0.141 0.368 0.597 0.779 1.000 1.295 1.495 1.666 1.846 2.140 2.301 2.408 2.501 2.606 2.669 2.708 2.751 2.744 2.689 2.619 2.561 2.598 2.598 0.000 
5.750 12.590 0.100 0.324 0.551 0.731 0.950 1.241 1.439 1.615 1.809 2.118 2.286 2.397 2.490 2.597 2.661 2.697 2.738 2.724 2.661 2.585 2.522 2.546 2.546 0.000 
5.750 15.850 0.054 0.275 0.499 0.677 0.893 1.180 1.377 1.558 1.766 2.088 2.263 2.375 2.470 2.578 2.643 2.678 2.716 2.696 2.627 2.545 2.476 2.486 2.486 0.000 
5.750 19.950 0.003 0.219 0.441 0.616 0.830 1.113 1.307 1.492 1.712 2.046 2.226 2.341 2.436 2.545 2.611 2.645 2.682 2.656 2.582 2.494 2.419 2.414 2.414 0.000 
5.750 25.120 -0.055 0.157 0.377 0.548 0.759 1.038 1.231 1.419 1.649 1.990 2.174 2.291 2.385 2.494 2.562 2.594 2.630 2.600 2.522 2.429 2.349 2.329 2.329 0.000 
5.750 31.620 -0.119 0.089 0.305 0.474 0.682 0.956 1.146 1.337 1.574 1.920 2.106 2.222 2.315 2.423 2.491 2.522 2.558 2.523 2.444 2.346 2.262 2.228 2.228 0.000 
5.750 39.810 -0.190 0.013 0.226 0.392 0.597 0.866 1.054 1.245 1.487 1.834 2.020 2.135 2.225 2.332 2.399 2.428 2.463 2.425 2.346 2.244 2.157 2.110 2.110 0.000 
5.750 50.120 -0.268 -0.071 0.139 0.301 0.503 0.767 0.953 1.143 1.388 1.733 1.917 2.030 2.116 2.220 2.285 2.312 2.345 2.304 2.226 2.122 2.033 1.977 1.977 0.000 
5.750 63.100 -0.357 -0.164 0.042 0.201 0.399 0.659 0.841 1.030 1.275 1.616 1.796 1.906 1.989 2.090 2.151 2.175 2.207 2.162 2.086 1.980 1.890 1.827 1.827 0.000 
5.750 79.430 -0.456 -0.268 -0.066 0.090 0.284 0.538 0.718 0.906 1.149 1.482 1.659 1.766 1.844 1.942 2.000 2.020 2.050 2.002 1.927 1.820 1.731 1.665 1.665 0.000 
5.750 100.000 -0.568 -0.386 -0.187 -0.035 0.155 0.404 0.582 0.766 1.007 1.332 1.504 1.609 1.683 1.778 1.832 1.849 1.877 1.825 1.753 1.645 1.558 1.490 1.490 0.000 
5.750 125.890 -0.696 -0.519 -0.324 -0.176 0.011 0.254 0.429 0.611 0.847 1.163 1.331 1.435 1.505 1.599 1.650 1.663 1.690 1.634 1.565 1.457 1.372 1.305 1.305 0.000 
5.750 158.490 -0.843 -0.672 -0.481 -0.337 -0.153 0.084 0.256 0.434 0.667 0.972 1.137 1.242 1.310 1.404 1.453 1.463 1.490 1.432 1.366 1.257 1.176 1.110 1.110 0.000 
5.750 199.530 -1.015 -0.850 -0.662 -0.522 -0.342 -0.110 0.059 0.234 0.461 0.757 0.919 1.027 1.095 1.192 1.242 1.250 1.278 1.218 1.156 1.046 0.970 0.907 0.907 0.000 
5.750 251.190 -1.217 -1.057 -0.873 -0.737 -0.561 -0.335 -0.169 0.002 0.224 0.511 0.671 0.786 0.856 0.961 1.015 1.023 1.053 0.993 0.936 0.826 0.754 0.694 0.694 0.000 
5.750 316.230 -1.456 -1.302 -1.123 -0.990 -0.818 -0.598 -0.435 -0.267 -0.050 0.228 0.389 0.515 0.591 0.707 0.770 0.780 0.816 0.757 0.705 0.596 0.528 0.473 0.473 0.000 
5.750 398.110 -1.742 -1.595 -1.419 -1.290 -1.122 -0.908 -0.748 -0.584 -0.373 -0.102 0.063 0.206 0.291 0.426 0.503 0.517 0.563 0.509 0.464 0.355 0.291 0.240 0.240 0.000 
5.750 501.190 -2.088 -1.947 -1.774 -1.650 -1.486 -1.277 -1.120 -0.960 -0.755 -0.489 -0.317 -0.150 -0.050 0.112 0.210 0.232 0.291 0.246 0.210 0.101 0.042 -0.004 -0.004 0.000 
5.750 630.960 -2.509 -2.373 -2.205 -2.084 -1.924 -1.721 -1.567 -1.411 -1.211 -0.949 -0.765 -0.565 -0.443 -0.244 -0.115 -0.080 -0.002 -0.035 -0.059 -0.169 -0.222 -0.264 -0.264 0.000 
5.750 794.330 -3.022 -2.892 -2.728 -2.611 -2.455 -2.258 -2.107 -1.955 -1.761 -1.500 -1.299 -1.053 -0.900 -0.651 -0.481 -0.427 -0.322 -0.337 -0.347 -0.456 -0.505 -0.542 -0.542 0.000 
5.750 1000.000 -3.654 -3.530 -3.370 -3.257 -3.105 -2.914 -2.765 -2.617 -2.430 -2.165 -1.939 -1.634 -1.439 -1.124 -0.897 -0.817 -0.677 -0.665 -0.657 -0.767 -0.811 -0.842 -0.842 0.000 
6.000 1.000 0.522 0.763 1.002 1.194 1.420 1.717 1.916 2.042 2.113 2.287 2.388 2.466 2.546 2.642 2.705 2.758 2.826 2.867 2.864 2.830 2.799 2.894 2.894 0.000 
6.000 1.260 0.515 0.756 0.995 1.186 1.412 1.708 1.907 2.033 2.107 2.284 2.386 2.465 2.545 2.640 2.702 2.754 2.822 2.861 2.855 2.820 2.789 2.883 2.883 0.000 
6.000 1.580 0.507 0.747 0.985 1.176 1.401 1.697 1.895 2.023 2.101 2.281 2.385 2.464 2.544 2.639 2.700 2.751 2.816 2.853 2.845 2.809 2.777 2.869 2.869 0.000 
6.000 2.000 0.497 0.737 0.974 1.164 1.389 1.683 1.881 2.011 2.093 2.278 2.384 2.463 2.543 2.637 2.697 2.746 2.810 2.844 2.834 2.796 2.763 2.853 2.853 0.000 
6.000 2.510 0.485 0.723 0.960 1.149 1.373 1.667 1.864 1.996 2.083 2.274 2.382 2.462 2.542 2.636 2.694 2.742 2.803 2.833 2.820 2.780 2.747 2.834 2.834 0.000 
6.000 3.160 0.470 0.708 0.943 1.132 1.355 1.647 1.844 1.977 2.072 2.269 2.381 2.462 2.541 2.635 2.692 2.737 2.796 2.822 2.805 2.763 2.728 2.812 2.812 0.000 
6.000 3.980 0.453 0.688 0.923 1.110 1.333 1.623 1.819 1.956 2.058 2.264 2.380 2.462 2.542 2.635 2.690 2.733 2.789 2.810 2.788 2.743 2.706 2.786 2.786 0.000 
6.000 5.010 0.432 0.666 0.899 1.085 1.306 1.595 1.790 1.930 2.042 2.258 2.379 2.463 2.543 2.635 2.689 2.730 2.782 2.797 2.770 2.721 2.681 2.757 2.757 0.000 
6.000 6.310 0.408 0.639 0.871 1.056 1.275 1.562 1.756 1.900 2.023 2.251 2.378 2.464 2.544 2.636 2.689 2.727 2.775 2.783 2.750 2.697 2.655 2.723 2.723 0.000 
6.000 7.940 0.379 0.608 0.838 1.021 1.239 1.523 1.716 1.865 2.001 2.243 2.375 2.465 2.545 2.638 2.689 2.724 2.769 2.769 2.729 2.671 2.625 2.686 2.686 0.000 
6.000 10.000 0.346 0.572 0.801 0.982 1.198 1.479 1.670 1.824 1.974 2.231 2.371 2.463 2.545 2.638 2.689 2.721 2.762 2.755 2.707 2.643 2.593 2.644 2.644 0.000 
6.000 12.590 0.308 0.531 0.757 0.936 1.150 1.428 1.618 1.777 1.943 2.215 2.362 2.458 2.541 2.635 2.686 2.716 2.753 2.738 2.682 2.612 2.557 2.597 2.597 0.000 
6.000 15.850 0.265 0.485 0.709 0.885 1.097 1.371 1.559 1.724 1.904 2.191 2.346 2.445 2.529 2.625 2.676 2.705 2.739 2.716 2.653 2.576 2.516 2.543 2.543 0.000 
6.000 19.950 0.217 0.432 0.654 0.828 1.037 1.307 1.493 1.663 1.857 2.158 2.320 2.422 2.506 2.603 2.657 2.684 2.715 2.686 2.616 2.533 2.467 2.479 2.479 0.000 
6.000 25.120 0.162 0.374 0.592 0.764 0.970 1.236 1.420 1.594 1.800 2.112 2.280 2.384 2.469 2.567 2.622 2.648 2.678 2.644 2.569 2.480 2.408 2.404 2.404 0.000 
6.000 31.620 0.101 0.308 0.524 0.692 0.896 1.158 1.340 1.516 1.732 2.052 2.223 2.329 2.413 2.512 2.568 2.593 2.622 2.584 2.506 2.411 2.334 2.316 2.316 0.000 
6.000 39.810 0.033 0.236 0.448 0.614 0.814 1.071 1.251 1.429 1.652 1.976 2.149 2.255 2.337 2.436 2.492 2.516 2.545 2.503 2.424 2.325 2.244 2.211 2.211 0.000 
6.000 50.120 -0.043 0.155 0.364 0.526 0.723 0.975 1.152 1.331 1.559 1.884 2.056 2.161 2.241 2.338 2.395 2.417 2.445 2.400 2.321 2.218 2.134 2.089 2.089 0.000 
6.000 63.100 -0.128 0.064 0.270 0.429 0.623 0.870 1.044 1.222 1.452 1.774 1.945 2.049 2.125 2.221 2.275 2.295 2.322 2.274 2.196 2.092 2.006 1.952 1.952 0.000 
6.000 79.430 -0.224 -0.037 0.165 0.320 0.511 0.752 0.924 1.101 1.331 1.648 1.816 1.917 1.991 2.083 2.135 2.152 2.179 2.128 2.052 1.945 1.859 1.799 1.799 0.000 
6.000 100.000 -0.334 -0.152 0.047 0.199 0.385 0.621 0.791 0.965 1.193 1.503 1.668 1.768 1.837 1.928 1.977 1.991 2.017 1.962 1.889 1.781 1.696 1.633 1.633 0.000 
6.000 125.890 -0.459 -0.282 -0.087 0.060 0.243 0.474 0.641 0.813 1.038 1.339 1.500 1.599 1.666 1.756 1.803 1.814 1.838 1.781 1.711 1.602 1.519 1.455 1.455 0.000 
6.000 158.490 -0.603 -0.433 -0.242 -0.097 0.082 0.307 0.471 0.640 0.861 1.153 1.311 1.411 1.476 1.567 1.613 1.621 1.646 1.586 1.519 1.410 1.330 1.266 1.266 0.000 
6.000 199.530 -0.772 -0.608 -0.420 -0.280 -0.104 0.115 0.276 0.442 0.658 0.941 1.096 1.200 1.265 1.360 1.407 1.414 1.440 1.378 1.315 1.206 1.129 1.068 1.068 0.000 
6.000 251.190 -0.972 -0.812 -0.629 -0.492 -0.321 -0.107 0.051 0.213 0.425 0.699 0.853 0.964 1.031 1.133 1.185 1.191 1.220 1.159 1.100 0.991 0.918 0.860 0.860 0.000 
6.000 316.230 -1.208 -1.055 -0.875 -0.742 -0.575 -0.367 -0.212 -0.053 0.153 0.419 0.574 0.696 0.769 0.883 0.943 0.952 0.986 0.927 0.874 0.765 0.697 0.642 0.642 0.000 
6.000 398.110 -1.492 -1.345 -1.169 -1.040 -0.876 -0.674 -0.522 -0.367 -0.167 0.092 0.251 0.390 0.473 0.605 0.680 0.693 0.737 0.682 0.637 0.527 0.464 0.413 0.413 0.000 
6.000 501.190 -1.836 -1.694 -1.522 -1.397 -1.237 -1.041 -0.891 -0.741 -0.546 -0.293 -0.127 0.037 0.135 0.294 0.390 0.411 0.469 0.422 0.386 0.276 0.218 0.171 0.171 0.000 
6.000 630.960 -2.253 -2.117 -1.949 -1.828 -1.672 -1.482 -1.336 -1.189 -1.000 -0.750 -0.572 -0.375 -0.255 -0.059 0.067 0.101 0.179 0.145 0.120 0.010 -0.044 -0.085 -0.085 0.000 
6.000 794.330 -2.765 -2.635 -2.470 -2.353 -2.202 -2.017 -1.874 -1.730 -1.548 -1.298 -1.103 -0.861 -0.710 -0.464 -0.295 -0.243 -0.139 -0.154 -0.165 -0.274 -0.324 -0.361 -0.361 0.000 
6.000 1000.000 -3.394 -3.270 -3.109 -2.996 -2.848 -2.670 -2.529 -2.390 -2.213 -1.961 -1.740 -1.439 -1.246 -0.933 -0.708 -0.630 -0.490 -0.479 -0.472 -0.582 -0.626 -0.658 -0.658 0.000 
6.250 1.000 0.706 0.945 1.182 1.372 1.593 1.876 2.067 2.178 2.227 2.371 2.455 2.521 2.591 2.677 2.731 2.779 2.845 2.884 2.884 2.853 2.827 2.928 2.928 0.000 
6.250 1.260 0.700 0.939 1.176 1.365 1.586 1.868 2.058 2.171 2.222 2.369 2.454 2.519 2.590 2.675 2.728 2.775 2.839 2.877 2.876 2.844 2.818 2.918 2.918 0.000 
6.250 1.580 0.693 0.931 1.167 1.356 1.577 1.858 2.048 2.161 2.216 2.366 2.452 2.518 2.588 2.673 2.724 2.771 2.834 2.869 2.866 2.833 2.806 2.905 2.905 0.000 
6.250 2.000 0.684 0.921 1.157 1.346 1.565 1.846 2.036 2.150 2.208 2.362 2.450 2.516 2.586 2.670 2.721 2.766 2.827 2.860 2.855 2.820 2.793 2.890 2.890 0.000 
6.250 2.510 0.673 0.909 1.145 1.332 1.552 1.831 2.020 2.137 2.199 2.358 2.448 2.515 2.585 2.668 2.717 2.760 2.819 2.849 2.841 2.805 2.776 2.872 2.872 0.000 
6.250 3.160 0.660 0.895 1.129 1.317 1.535 1.813 2.002 2.120 2.189 2.353 2.446 2.514 2.583 2.666 2.713 2.755 2.811 2.837 2.826 2.787 2.758 2.850 2.850 0.000 
6.250 3.980 0.644 0.878 1.111 1.297 1.515 1.791 1.979 2.100 2.176 2.348 2.444 2.513 2.582 2.664 2.710 2.749 2.802 2.823 2.808 2.767 2.736 2.826 2.826 0.000 
6.250 5.010 0.625 0.857 1.089 1.274 1.491 1.766 1.953 2.077 2.161 2.342 2.443 2.513 2.582 2.664 2.707 2.744 2.794 2.809 2.789 2.745 2.712 2.797 2.797 0.000 
6.250 6.310 0.603 0.833 1.064 1.247 1.462 1.735 1.921 2.049 2.144 2.336 2.441 2.514 2.583 2.664 2.706 2.739 2.785 2.794 2.769 2.720 2.685 2.765 2.765 0.000 
6.250 7.940 0.577 0.804 1.034 1.216 1.429 1.700 1.884 2.017 2.124 2.328 2.440 2.514 2.584 2.665 2.705 2.736 2.778 2.780 2.747 2.694 2.656 2.729 2.729 0.000 
6.250 10.000 0.546 0.771 0.999 1.179 1.390 1.658 1.842 1.979 2.100 2.319 2.437 2.515 2.585 2.666 2.706 2.733 2.771 2.765 2.724 2.666 2.624 2.689 2.689 0.000 
6.250 12.590 0.511 0.733 0.958 1.137 1.346 1.611 1.793 1.936 2.071 2.306 2.432 2.513 2.585 2.666 2.705 2.730 2.764 2.749 2.701 2.637 2.590 2.645 2.645 0.000 
6.250 15.850 0.471 0.689 0.913 1.089 1.296 1.558 1.738 1.886 2.037 2.288 2.423 2.507 2.580 2.663 2.702 2.724 2.754 2.731 2.675 2.604 2.553 2.595 2.595 0.000 
6.250 19.950 0.425 0.640 0.861 1.034 1.239 1.497 1.676 1.829 1.996 2.262 2.405 2.493 2.566 2.651 2.691 2.712 2.739 2.708 2.644 2.567 2.510 2.539 2.539 0.000 
6.250 25.120 0.374 0.585 0.803 0.974 1.176 1.430 1.606 1.764 1.945 2.226 2.375 2.467 2.541 2.628 2.669 2.689 2.713 2.676 2.606 2.522 2.459 2.473 2.473 0.000 
6.250 31.620 0.316 0.522 0.738 0.906 1.105 1.354 1.529 1.691 1.884 2.176 2.331 2.425 2.500 2.587 2.631 2.649 2.673 2.631 2.555 2.465 2.396 2.395 2.395 0.000 
6.250 39.810 0.251 0.453 0.665 0.830 1.026 1.271 1.443 1.608 1.811 2.110 2.269 2.364 2.439 2.528 2.573 2.590 2.614 2.567 2.489 2.393 2.319 2.302 2.302 0.000 
6.250 50.120 0.178 0.375 0.584 0.745 0.938 1.179 1.348 1.515 1.725 2.027 2.188 2.284 2.357 2.446 2.492 2.509 2.532 2.482 2.403 2.303 2.225 2.194 2.194 0.000 
6.250 63.100 0.095 0.287 0.493 0.651 0.841 1.076 1.243 1.410 1.624 1.927 2.087 2.183 2.254 2.342 2.388 2.403 2.426 2.374 2.295 2.192 2.111 2.069 2.069 0.000 
6.250 79.430 0.002 0.189 0.391 0.546 0.732 0.962 1.126 1.293 1.508 1.808 1.967 2.062 2.130 2.218 2.263 2.276 2.298 2.243 2.166 2.061 1.978 1.927 1.927 0.000 
6.250 100.000 -0.105 0.077 0.275 0.427 0.609 0.834 0.996 1.161 1.376 1.670 1.826 1.921 1.987 2.073 2.116 2.127 2.149 2.092 2.017 1.910 1.828 1.771 1.771 0.000 
6.250 125.890 -0.227 -0.051 0.144 0.292 0.471 0.690 0.849 1.012 1.224 1.512 1.665 1.760 1.823 1.909 1.951 1.960 1.982 1.922 1.850 1.742 1.661 1.601 1.601 0.000 
6.250 158.490 -0.369 -0.199 -0.007 0.137 0.312 0.525 0.682 0.842 1.051 1.331 1.481 1.577 1.639 1.727 1.769 1.775 1.798 1.736 1.668 1.559 1.480 1.419 1.419 0.000 
6.250 199.530 -0.535 -0.371 -0.183 -0.043 0.129 0.337 0.490 0.647 0.852 1.123 1.272 1.371 1.434 1.525 1.569 1.574 1.598 1.535 1.471 1.362 1.286 1.226 1.226 0.000 
6.250 251.190 -0.732 -0.573 -0.389 -0.253 -0.085 0.117 0.268 0.421 0.622 0.884 1.032 1.139 1.204 1.303 1.352 1.357 1.384 1.322 1.262 1.153 1.081 1.023 1.023 0.000 
6.250 316.230 -0.966 -0.813 -0.633 -0.500 -0.337 -0.140 0.008 0.157 0.353 0.607 0.756 0.875 0.945 1.057 1.115 1.122 1.155 1.095 1.041 0.932 0.864 0.809 0.809 0.000 
6.250 398.110 -1.248 -1.100 -0.924 -0.795 -0.635 -0.445 -0.300 -0.154 0.036 0.284 0.437 0.572 0.653 0.783 0.855 0.867 0.910 0.854 0.808 0.698 0.635 0.584 0.584 0.000 
6.250 501.190 -1.588 -1.447 -1.275 -1.150 -0.994 -0.809 -0.667 -0.525 -0.340 -0.098 0.062 0.222 0.318 0.475 0.568 0.589 0.645 0.598 0.561 0.451 0.392 0.346 0.346 0.000 
6.250 630.960 -2.003 -1.868 -1.699 -1.579 -1.426 -1.248 -1.109 -0.970 -0.791 -0.552 -0.380 -0.187 -0.069 0.125 0.249 0.282 0.358 0.324 0.298 0.188 0.134 0.092 0.092 0.000 
6.250 794.330 -2.512 -2.382 -2.218 -2.101 -1.953 -1.780 -1.644 -1.509 -1.336 -1.098 -0.908 -0.670 -0.521 -0.277 -0.111 -0.059 0.044 0.028 0.016 -0.094 -0.143 -0.180 -0.180 0.000 
6.250 1000.000 -3.139 -3.015 -2.854 -2.741 -2.597 -2.430 -2.297 -2.166 -1.999 -1.758 -1.543 -1.245 -1.055 -0.744 -0.521 -0.444 -0.305 -0.295 -0.288 -0.398 -0.443 -0.475 -0.475 0.000 
6.500 1.000 0.887 1.124 1.359 1.547 1.763 2.033 2.216 2.313 2.341 2.456 2.524 2.578 2.639 2.714 2.759 2.803 2.865 2.903 2.908 2.879 2.858 2.965 2.965 0.000 
6.500 1.260 0.881 1.118 1.353 1.541 1.757 2.026 2.208 2.307 2.336 2.454 2.522 2.576 2.637 2.712 2.756 2.799 2.860 2.896 2.900 2.870 2.848 2.955 2.955 0.000 
6.500 1.580 0.875 1.111 1.346 1.533 1.748 2.017 2.199 2.298 2.331 2.450 2.520 2.574 2.634 2.709 2.752 2.794 2.854 2.888 2.890 2.859 2.837 2.943 2.943 0.000 
6.500 2.000 0.867 1.102 1.336 1.524 1.738 2.006 2.188 2.288 2.324 2.447 2.518 2.572 2.632 2.706 2.748 2.788 2.847 2.878 2.878 2.847 2.824 2.929 2.929 0.000 
6.500 2.510 0.857 1.092 1.325 1.512 1.726 1.992 2.174 2.276 2.315 2.442 2.515 2.569 2.629 2.703 2.743 2.782 2.838 2.867 2.865 2.832 2.808 2.911 2.911 0.000 
6.500 3.160 0.846 1.079 1.312 1.497 1.711 1.976 2.157 2.261 2.305 2.437 2.512 2.567 2.627 2.699 2.738 2.775 2.829 2.854 2.849 2.814 2.790 2.891 2.891 0.000 
6.500 3.980 0.831 1.063 1.295 1.480 1.692 1.956 2.137 2.242 2.293 2.432 2.510 2.565 2.625 2.696 2.733 2.768 2.819 2.840 2.831 2.794 2.769 2.867 2.867 0.000 
6.500 5.010 0.814 1.044 1.275 1.459 1.671 1.933 2.112 2.221 2.279 2.426 2.507 2.564 2.623 2.694 2.728 2.761 2.809 2.824 2.811 2.771 2.745 2.839 2.839 0.000 
6.500 6.310 0.794 1.022 1.252 1.434 1.645 1.905 2.083 2.195 2.263 2.419 2.505 2.563 2.622 2.692 2.725 2.754 2.799 2.808 2.790 2.746 2.718 2.808 2.808 0.000 
6.500 7.940 0.770 0.996 1.224 1.405 1.614 1.872 2.049 2.165 2.244 2.412 2.503 2.564 2.623 2.692 2.722 2.749 2.789 2.792 2.767 2.720 2.688 2.773 2.773 0.000 
6.500 10.000 0.742 0.965 1.192 1.371 1.578 1.834 2.010 2.131 2.222 2.403 2.501 2.564 2.624 2.693 2.722 2.745 2.780 2.775 2.743 2.691 2.657 2.735 2.735 0.000 
6.500 12.590 0.709 0.930 1.155 1.332 1.537 1.790 1.965 2.090 2.196 2.393 2.498 2.565 2.625 2.694 2.722 2.742 2.773 2.759 2.719 2.661 2.623 2.692 2.692 0.000 
6.500 15.850 0.672 0.889 1.112 1.287 1.490 1.740 1.913 2.044 2.166 2.379 2.493 2.563 2.624 2.694 2.721 2.738 2.765 2.743 2.694 2.630 2.587 2.646 2.646 0.000 
6.500 19.950 0.629 0.843 1.063 1.236 1.436 1.683 1.854 1.991 2.129 2.359 2.481 2.555 2.618 2.690 2.717 2.732 2.754 2.724 2.667 2.596 2.548 2.594 2.594 0.000 
6.500 25.120 0.580 0.790 1.008 1.178 1.376 1.618 1.788 1.930 2.084 2.331 2.461 2.539 2.603 2.677 2.705 2.718 2.738 2.700 2.635 2.557 2.503 2.534 2.534 0.000 
6.500 31.620 0.525 0.731 0.946 1.113 1.309 1.547 1.714 1.862 2.030 2.290 2.428 2.509 2.574 2.650 2.681 2.693 2.711 2.666 2.594 2.510 2.450 2.466 2.466 0.000 
6.500 39.810 0.463 0.664 0.876 1.041 1.233 1.467 1.632 1.783 1.964 2.235 2.378 2.462 2.528 2.606 2.639 2.650 2.667 2.618 2.541 2.451 2.385 2.385 2.385 0.000 
6.500 50.120 0.393 0.590 0.798 0.960 1.149 1.378 1.540 1.694 1.885 2.163 2.310 2.396 2.462 2.541 2.576 2.586 2.604 2.550 2.472 2.375 2.304 2.289 2.289 0.000 
6.500 63.100 0.313 0.505 0.710 0.868 1.054 1.278 1.438 1.594 1.791 2.073 2.221 2.308 2.373 2.453 2.490 2.499 2.517 2.461 2.381 2.281 2.206 2.177 2.177 0.000 
6.500 79.430 0.223 0.409 0.611 0.766 0.948 1.167 1.325 1.481 1.681 1.963 2.111 2.199 2.262 2.343 2.380 2.388 2.406 2.348 2.270 2.166 2.088 2.048 2.048 0.000 
6.500 100.000 0.119 0.300 0.499 0.650 0.829 1.042 1.197 1.352 1.554 1.832 1.980 2.068 2.129 2.210 2.247 2.254 2.273 2.212 2.136 2.030 1.951 1.902 1.902 0.000 
6.500 125.890 -0.001 0.175 0.370 0.517 0.693 0.901 1.053 1.206 1.407 1.680 1.826 1.915 1.975 2.056 2.094 2.099 2.118 2.055 1.982 1.875 1.796 1.742 1.742 0.000 
6.500 158.490 -0.140 0.030 0.221 0.365 0.537 0.739 0.889 1.040 1.238 1.505 1.648 1.740 1.798 1.882 1.920 1.924 1.944 1.880 1.811 1.702 1.625 1.568 1.568 0.000 
6.500 199.530 -0.304 -0.139 0.048 0.188 0.356 0.553 0.700 0.848 1.043 1.302 1.444 1.540 1.599 1.687 1.728 1.731 1.753 1.688 1.623 1.514 1.439 1.382 1.382 0.000 
6.500 251.190 -0.498 -0.339 -0.155 -0.019 0.145 0.337 0.480 0.625 0.816 1.067 1.209 1.312 1.374 1.470 1.516 1.520 1.546 1.481 1.421 1.312 1.240 1.184 1.184 0.000 
6.500 316.230 -0.729 -0.576 -0.396 -0.264 -0.103 0.082 0.223 0.365 0.550 0.794 0.937 1.052 1.120 1.229 1.284 1.290 1.322 1.260 1.206 1.096 1.028 0.975 0.975 0.000 
6.500 398.110 -1.008 -0.861 -0.685 -0.556 -0.400 -0.220 -0.082 0.056 0.237 0.473 0.621 0.753 0.831 0.959 1.028 1.039 1.081 1.024 0.977 0.867 0.804 0.754 0.754 0.000 
6.500 501.190 -1.346 -1.205 -1.033 -0.908 -0.755 -0.581 -0.446 -0.312 -0.137 0.095 0.249 0.406 0.499 0.654 0.745 0.765 0.820 0.772 0.734 0.624 0.565 0.519 0.519 0.000 
6.500 630.960 -1.759 -1.623 -1.455 -1.334 -1.185 -1.017 -0.885 -0.755 -0.585 -0.357 -0.190 -0.000 0.115 0.307 0.429 0.461 0.537 0.501 0.475 0.365 0.310 0.269 0.269 0.000 
6.500 794.330 -2.265 -2.135 -1.971 -1.854 -1.709 -1.547 -1.418 -1.291 -1.128 -0.900 -0.715 -0.480 -0.334 -0.092 0.073 0.123 0.225 0.209 0.196 0.086 0.037 -0.001 -0.001 0.000 
6.500 1000.000 -2.889 -2.765 -2.605 -2.492 -2.351 -2.195 -2.069 -1.946 -1.788 -1.557 -1.348 -1.053 -0.865 -0.556 -0.335 -0.258 -0.120 -0.111 -0.105 -0.216 -0.260 -0.293 -0.293 0.000 
6.750 1.000 1.064 1.298 1.532 1.719 1.930 2.187 2.362 2.447 2.455 2.542 2.594 2.636 2.688 2.754 2.790 2.830 2.889 2.925 2.934 2.907 2.890 3.004 3.004 0.000 
6.750 1.260 1.059 1.293 1.527 1.713 1.924 2.181 2.355 2.441 2.450 2.540 2.592 2.634 2.686 2.752 2.787 2.825 2.884 2.918 2.926 2.899 2.882 2.994 2.994 0.000 
6.750 1.580 1.053 1.287 1.520 1.706 1.917 2.173 2.347 2.433 2.445 2.536 2.590 2.632 2.683 2.748 2.782 2.820 2.877 2.910 2.916 2.888 2.871 2.983 2.983 0.000 
6.750 2.000 1.046 1.279 1.512 1.698 1.908 2.163 2.337 2.424 2.438 2.532 2.587 2.629 2.680 2.744 2.777 2.814 2.869 2.900 2.905 2.876 2.858 2.969 2.969 0.000 
6.750 2.510 1.038 1.270 1.502 1.687 1.896 2.151 2.325 2.413 2.430 2.528 2.584 2.626 2.677 2.740 2.772 2.806 2.861 2.889 2.891 2.861 2.843 2.953 2.953 0.000 
6.750 3.160 1.027 1.258 1.490 1.674 1.883 2.136 2.309 2.399 2.421 2.522 2.580 2.623 2.673 2.736 2.765 2.799 2.850 2.875 2.875 2.844 2.825 2.933 2.933 0.000 
6.750 3.980 1.014 1.244 1.475 1.658 1.866 2.118 2.291 2.383 2.409 2.516 2.577 2.620 2.669 2.731 2.759 2.790 2.839 2.860 2.857 2.824 2.804 2.910 2.910 0.000 
6.750 5.010 0.999 1.227 1.457 1.639 1.846 2.097 2.269 2.363 2.396 2.510 2.573 2.617 2.666 2.727 2.753 2.781 2.827 2.843 2.837 2.801 2.780 2.883 2.883 0.000 
6.750 6.310 0.981 1.207 1.435 1.617 1.823 2.071 2.242 2.339 2.381 2.503 2.570 2.615 2.664 2.723 2.747 2.772 2.815 2.826 2.814 2.776 2.753 2.853 2.853 0.000 
6.750 7.940 0.959 1.183 1.410 1.590 1.794 2.041 2.211 2.312 2.363 2.495 2.567 2.614 2.662 2.721 2.742 2.765 2.803 2.807 2.790 2.748 2.723 2.819 2.819 0.000 
6.750 10.000 0.933 1.155 1.380 1.559 1.761 2.006 2.175 2.279 2.342 2.487 2.564 2.613 2.662 2.720 2.739 2.758 2.792 2.789 2.765 2.718 2.691 2.781 2.781 0.000 
6.750 12.590 0.903 1.122 1.346 1.522 1.723 1.965 2.132 2.242 2.318 2.478 2.562 2.614 2.663 2.721 2.738 2.753 2.783 2.771 2.740 2.688 2.657 2.739 2.739 0.000 
6.750 15.850 0.868 1.084 1.306 1.480 1.679 1.918 2.084 2.199 2.291 2.466 2.558 2.613 2.663 2.722 2.737 2.750 2.774 2.754 2.714 2.656 2.621 2.695 2.695 0.000 
6.750 19.950 0.828 1.040 1.260 1.432 1.629 1.864 2.028 2.149 2.258 2.450 2.551 2.610 2.662 2.721 2.736 2.746 2.766 2.736 2.687 2.623 2.584 2.646 2.646 0.000 
6.750 25.120 0.782 0.991 1.208 1.378 1.572 1.803 1.965 2.092 2.218 2.428 2.538 2.601 2.654 2.716 2.732 2.738 2.755 2.716 2.659 2.587 2.542 2.591 2.591 0.000 
6.750 31.620 0.730 0.935 1.149 1.316 1.507 1.735 1.895 2.028 2.169 2.396 2.514 2.582 2.637 2.701 2.718 2.723 2.737 2.691 2.625 2.547 2.496 2.530 2.530 0.000 
6.750 39.810 0.670 0.871 1.082 1.246 1.435 1.658 1.816 1.954 2.110 2.351 2.477 2.549 2.605 2.671 2.691 2.695 2.707 2.655 2.583 2.497 2.440 2.459 2.459 0.000 
6.750 50.120 0.603 0.799 1.007 1.168 1.354 1.572 1.728 1.869 2.038 2.290 2.421 2.497 2.553 2.623 2.646 2.649 2.661 2.604 2.527 2.436 2.373 2.375 2.375 0.000 
6.750 63.100 0.526 0.717 0.922 1.080 1.262 1.476 1.629 1.773 1.951 2.210 2.345 2.423 2.480 2.552 2.578 2.581 2.593 2.532 2.454 2.357 2.289 2.275 2.275 0.000 
6.750 79.430 0.438 0.624 0.826 0.981 1.159 1.368 1.519 1.664 1.848 2.110 2.247 2.327 2.384 2.457 2.485 2.488 2.501 2.438 2.360 2.259 2.187 2.159 2.159 0.000 
6.750 100.000 0.337 0.518 0.716 0.867 1.043 1.246 1.394 1.540 1.727 1.988 2.126 2.208 2.264 2.338 2.368 2.371 2.385 2.320 2.243 2.139 2.065 2.027 2.027 0.000 
6.750 125.890 0.220 0.396 0.590 0.738 0.910 1.108 1.253 1.398 1.586 1.844 1.981 2.065 2.120 2.197 2.228 2.230 2.245 2.179 2.105 1.999 1.923 1.877 1.877 0.000 
6.750 158.490 0.084 0.254 0.445 0.588 0.757 0.949 1.092 1.234 1.421 1.675 1.811 1.897 1.952 2.032 2.065 2.066 2.084 2.017 1.946 1.839 1.764 1.713 1.713 0.000 
6.750 199.530 -0.077 0.087 0.274 0.414 0.579 0.766 0.906 1.046 1.230 1.477 1.613 1.704 1.760 1.845 1.882 1.883 1.903 1.836 1.769 1.661 1.587 1.534 1.534 0.000 
6.750 251.190 -0.269 -0.110 0.074 0.210 0.371 0.552 0.689 0.826 1.007 1.247 1.382 1.482 1.541 1.635 1.677 1.679 1.703 1.637 1.576 1.467 1.396 1.343 1.343 0.000 
6.750 316.230 -0.498 -0.344 -0.165 -0.032 0.125 0.300 0.434 0.568 0.745 0.977 1.115 1.226 1.292 1.398 1.451 1.455 1.486 1.423 1.368 1.258 1.191 1.139 1.139 0.000 
6.750 398.110 -0.774 -0.626 -0.451 -0.322 -0.169 0.001 0.132 0.263 0.434 0.660 0.802 0.931 1.007 1.133 1.200 1.209 1.250 1.192 1.145 1.034 0.971 0.922 0.922 0.000 
6.750 501.190 -1.109 -0.968 -0.796 -0.671 -0.522 -0.358 -0.230 -0.103 0.063 0.285 0.434 0.588 0.679 0.832 0.921 0.939 0.994 0.944 0.906 0.796 0.737 0.691 0.691 0.000 
6.750 630.960 -1.519 -1.384 -1.216 -1.095 -0.950 -0.792 -0.666 -0.543 -0.382 -0.164 -0.002 0.185 0.298 0.488 0.608 0.639 0.714 0.678 0.650 0.540 0.486 0.444 0.444 0.000 
6.750 794.330 -2.023 -1.893 -1.729 -1.612 -1.471 -1.319 -1.196 -1.077 -0.922 -0.704 -0.524 -0.293 -0.148 0.092 0.255 0.304 0.406 0.388 0.375 0.265 0.215 0.178 0.178 0.000 
6.750 1000.000 -2.644 -2.521 -2.360 -2.247 -2.110 -1.964 -1.844 -1.729 -1.580 -1.358 -1.154 -0.862 -0.676 -0.369 -0.150 -0.074 0.063 0.071 0.077 -0.034 -0.079 -0.111 -0.111 0.000 
7.000 1.000 1.238 1.470 1.702 1.887 2.094 2.339 2.507 2.580 2.568 2.630 2.666 2.697 2.740 2.797 2.824 2.859 2.916 2.950 2.962 2.938 2.925 3.045 3.045 0.000 
7.000 1.260 1.233 1.465 1.697 1.882 2.088 2.333 2.501 2.574 2.564 2.627 2.664 2.695 2.738 2.794 2.820 2.855 2.910 2.943 2.955 2.930 2.917 3.036 3.036 0.000 
7.000 1.580 1.228 1.460 1.691 1.876 2.082 2.326 2.493 2.567 2.559 2.623 2.661 2.692 2.734 2.790 2.816 2.849 2.904 2.935 2.945 2.920 2.907 3.025 3.025 0.000 
7.000 2.000 1.222 1.453 1.684 1.868 2.073 2.317 2.484 2.559 2.552 2.619 2.658 2.689 2.731 2.786 2.810 2.842 2.896 2.925 2.934 2.908 2.895 3.012 3.012 0.000 
7.000 2.510 1.214 1.444 1.675 1.858 2.063 2.306 2.473 2.549 2.545 2.614 2.654 2.685 2.727 2.781 2.804 2.835 2.886 2.913 2.921 2.894 2.880 2.996 2.996 0.000 
7.000 3.160 1.205 1.434 1.664 1.847 2.051 2.293 2.459 2.536 2.536 2.609 2.650 2.681 2.722 2.775 2.797 2.826 2.876 2.900 2.905 2.877 2.862 2.978 2.978 0.000 
7.000 3.980 1.193 1.421 1.650 1.833 2.036 2.277 2.443 2.521 2.525 2.602 2.645 2.677 2.717 2.769 2.789 2.816 2.863 2.884 2.887 2.857 2.842 2.955 2.955 0.000 
7.000 5.010 1.180 1.406 1.634 1.815 2.018 2.257 2.422 2.503 2.513 2.595 2.641 2.673 2.712 2.763 2.781 2.806 2.850 2.866 2.866 2.834 2.818 2.930 2.930 0.000 
7.000 6.310 1.163 1.387 1.615 1.795 1.996 2.234 2.398 2.481 2.498 2.587 2.636 2.669 2.708 2.758 2.773 2.795 2.836 2.847 2.842 2.808 2.791 2.900 2.900 0.000 
7.000 7.940 1.143 1.365 1.591 1.770 1.970 2.206 2.370 2.455 2.481 2.579 2.632 2.665 2.704 2.753 2.765 2.784 2.822 2.827 2.817 2.780 2.761 2.866 2.866 0.000 
7.000 10.000 1.119 1.340 1.564 1.741 1.940 2.174 2.336 2.425 2.461 2.570 2.628 2.663 2.702 2.750 2.759 2.775 2.808 2.806 2.790 2.749 2.728 2.829 2.829 0.000 
7.000 12.590 1.091 1.309 1.532 1.708 1.905 2.135 2.296 2.390 2.438 2.561 2.625 2.662 2.701 2.748 2.755 2.767 2.795 2.786 2.763 2.717 2.694 2.788 2.788 0.000 
7.000 15.850 1.059 1.274 1.495 1.668 1.863 2.091 2.251 2.350 2.413 2.550 2.621 2.662 2.701 2.748 2.753 2.762 2.785 2.766 2.735 2.684 2.657 2.744 2.744 0.000 
7.000 19.950 1.021 1.233 1.452 1.623 1.816 2.041 2.199 2.304 2.382 2.537 2.616 2.661 2.701 2.749 2.753 2.757 2.775 2.748 2.708 2.650 2.619 2.697 2.697 0.000 
7.000 25.120 0.978 1.186 1.403 1.572 1.762 1.983 2.139 2.250 2.346 2.519 2.608 2.657 2.698 2.747 2.751 2.753 2.766 2.729 2.680 2.616 2.580 2.645 2.645 0.000 
7.000 31.620 0.929 1.133 1.347 1.513 1.701 1.918 2.072 2.189 2.303 2.494 2.592 2.646 2.689 2.741 2.745 2.745 2.754 2.708 2.650 2.578 2.537 2.589 2.589 0.000 
7.000 39.810 0.872 1.072 1.283 1.447 1.632 1.845 1.997 2.120 2.250 2.458 2.565 2.623 2.669 2.723 2.730 2.728 2.735 2.681 2.615 2.536 2.488 2.525 2.525 0.000 
7.000 50.120 0.808 1.003 1.211 1.372 1.554 1.762 1.912 2.040 2.185 2.407 2.522 2.585 2.632 2.690 2.700 2.697 2.703 2.643 2.571 2.485 2.431 2.451 2.451 0.000 
7.000 63.100 0.734 0.924 1.129 1.287 1.465 1.669 1.816 1.948 2.105 2.338 2.459 2.526 2.575 2.636 2.650 2.647 2.653 2.589 2.513 2.420 2.360 2.364 2.364 0.000 
7.000 79.430 0.649 0.834 1.036 1.190 1.365 1.564 1.709 1.843 2.009 2.249 2.374 2.445 2.495 2.559 2.576 2.573 2.581 2.514 2.436 2.338 2.273 2.262 2.262 0.000 
7.000 100.000 0.550 0.731 0.929 1.080 1.252 1.445 1.588 1.723 1.895 2.137 2.265 2.339 2.389 2.456 2.477 2.475 2.484 2.415 2.338 2.236 2.167 2.142 2.142 0.000 
7.000 125.890 0.436 0.611 0.806 0.953 1.122 1.310 1.450 1.585 1.759 2.002 2.130 2.207 2.258 2.328 2.352 2.350 2.361 2.292 2.216 2.112 2.041 2.005 2.005 0.000 
7.000 158.490 0.302 0.472 0.663 0.806 0.971 1.154 1.291 1.425 1.600 1.840 1.968 2.050 2.101 2.175 2.203 2.201 2.215 2.145 2.073 1.966 1.895 1.851 1.851 0.000 
7.000 199.530 0.144 0.308 0.495 0.635 0.796 0.974 1.108 1.240 1.414 1.648 1.777 1.864 1.917 1.998 2.030 2.028 2.046 1.976 1.909 1.801 1.730 1.682 1.682 0.000 
7.000 251.190 -0.045 0.114 0.297 0.433 0.591 0.763 0.894 1.023 1.195 1.423 1.553 1.648 1.705 1.795 1.834 1.834 1.856 1.788 1.726 1.617 1.548 1.498 1.498 0.000 
7.000 316.230 -0.271 -0.118 0.061 0.194 0.347 0.513 0.642 0.768 0.936 1.158 1.290 1.398 1.461 1.565 1.614 1.617 1.646 1.582 1.526 1.416 1.350 1.300 1.300 0.000 
7.000 398.110 -0.545 -0.398 -0.222 -0.093 0.056 0.217 0.342 0.466 0.628 0.845 0.982 1.107 1.181 1.304 1.369 1.377 1.417 1.357 1.309 1.199 1.136 1.088 1.088 0.000 
7.000 501.190 -0.878 -0.736 -0.565 -0.440 -0.294 -0.139 -0.017 0.103 0.261 0.473 0.617 0.767 0.857 1.007 1.095 1.111 1.165 1.115 1.076 0.965 0.906 0.862 0.862 0.000 
7.000 630.960 -1.285 -1.150 -0.982 -0.861 -0.719 -0.570 -0.450 -0.335 -0.182 0.027 0.184 0.368 0.480 0.668 0.786 0.816 0.889 0.852 0.824 0.714 0.660 0.618 0.618 0.000 
7.000 794.330 -1.786 -1.657 -1.493 -1.376 -1.238 -1.095 -0.978 -0.866 -0.719 -0.510 -0.335 -0.106 0.037 0.275 0.435 0.484 0.585 0.566 0.553 0.442 0.393 0.356 0.356 0.000 
7.000 1000.000 -2.405 -2.282 -2.121 -2.008 -1.874 -1.737 -1.623 -1.515 -1.374 -1.161 -0.962 -0.673 -0.488 -0.183 0.034 0.109 0.245 0.253 0.258 0.147 0.102 0.069 0.069 0.000 
7.250 1.000 1.408 1.638 1.868 2.052 2.254 2.488 2.649 2.711 2.681 2.718 2.740 2.760 2.795 2.843 2.862 2.892 2.946 2.978 2.994 2.972 2.963 3.088 3.088 0.000 
7.250 1.260 1.404 1.634 1.864 2.047 2.249 2.483 2.644 2.706 2.677 2.715 2.738 2.758 2.792 2.839 2.858 2.888 2.940 2.971 2.986 2.964 2.955 3.080 3.080 0.000 
7.250 1.580 1.400 1.629 1.859 2.042 2.243 2.476 2.637 2.700 2.672 2.711 2.735 2.755 2.789 2.835 2.853 2.882 2.934 2.963 2.977 2.955 2.946 3.070 3.070 0.000 
7.250 2.000 1.394 1.622 1.852 2.035 2.236 2.468 2.629 2.692 2.666 2.707 2.731 2.751 2.784 2.830 2.847 2.875 2.926 2.953 2.966 2.943 2.934 3.057 3.057 0.000 
7.250 2.510 1.387 1.615 1.844 2.026 2.227 2.459 2.619 2.683 2.659 2.702 2.727 2.747 2.780 2.825 2.840 2.867 2.916 2.942 2.953 2.929 2.920 3.042 3.042 0.000 
7.250 3.160 1.379 1.605 1.834 2.016 2.216 2.447 2.607 2.671 2.651 2.696 2.722 2.742 2.774 2.818 2.832 2.857 2.905 2.928 2.938 2.912 2.903 3.025 3.025 0.000 
7.250 3.980 1.369 1.594 1.822 2.003 2.202 2.432 2.591 2.657 2.641 2.690 2.717 2.737 2.768 2.811 2.823 2.846 2.892 2.912 2.920 2.893 2.883 3.003 3.003 0.000 
7.250 5.010 1.356 1.580 1.807 1.987 2.186 2.414 2.573 2.640 2.628 2.682 2.711 2.731 2.762 2.804 2.813 2.834 2.877 2.894 2.898 2.870 2.859 2.978 2.978 0.000 
7.250 6.310 1.341 1.564 1.790 1.968 2.166 2.393 2.551 2.620 2.614 2.673 2.705 2.725 2.756 2.796 2.803 2.822 2.861 2.873 2.875 2.844 2.832 2.949 2.949 0.000 
7.250 7.940 1.323 1.543 1.768 1.946 2.142 2.368 2.525 2.597 2.598 2.664 2.699 2.720 2.750 2.789 2.793 2.809 2.845 2.851 2.848 2.815 2.802 2.916 2.916 0.000 
7.250 10.000 1.301 1.520 1.743 1.919 2.114 2.338 2.494 2.569 2.579 2.654 2.693 2.716 2.745 2.782 2.784 2.796 2.828 2.828 2.820 2.783 2.769 2.879 2.879 0.000 
7.250 12.590 1.275 1.492 1.713 1.888 2.081 2.302 2.457 2.536 2.557 2.644 2.688 2.712 2.741 2.778 2.776 2.785 2.812 2.805 2.790 2.750 2.733 2.839 2.839 0.000 
7.250 15.850 1.245 1.459 1.679 1.852 2.043 2.261 2.414 2.498 2.532 2.633 2.684 2.710 2.739 2.775 2.771 2.776 2.798 2.782 2.760 2.715 2.696 2.795 2.795 0.000 
7.250 19.950 1.210 1.421 1.639 1.809 1.999 2.214 2.365 2.455 2.504 2.620 2.679 2.709 2.738 2.775 2.768 2.769 2.786 2.761 2.731 2.679 2.657 2.748 2.748 0.000 
7.250 25.120 1.170 1.377 1.592 1.761 1.948 2.159 2.309 2.405 2.471 2.605 2.673 2.707 2.737 2.775 2.767 2.764 2.776 2.741 2.702 2.644 2.617 2.698 2.698 0.000 
7.250 31.620 1.123 1.326 1.539 1.705 1.890 2.097 2.245 2.347 2.431 2.585 2.662 2.701 2.733 2.772 2.765 2.759 2.766 2.722 2.673 2.608 2.576 2.645 2.645 0.000 
7.250 39.810 1.069 1.268 1.479 1.642 1.823 2.027 2.173 2.281 2.384 2.556 2.643 2.687 2.722 2.764 2.758 2.750 2.753 2.700 2.642 2.569 2.531 2.586 2.586 0.000 
7.250 50.120 1.007 1.202 1.409 1.570 1.748 1.948 2.092 2.206 2.325 2.514 2.611 2.661 2.698 2.743 2.740 2.731 2.733 2.671 2.605 2.525 2.481 2.520 2.520 0.000 
7.250 63.100 0.936 1.126 1.330 1.488 1.663 1.858 2.000 2.118 2.253 2.457 2.561 2.617 2.656 2.706 2.707 2.697 2.698 2.631 2.559 2.472 2.421 2.444 2.444 0.000 
7.250 79.430 0.854 1.039 1.240 1.394 1.566 1.756 1.895 2.018 2.164 2.379 2.490 2.551 2.592 2.646 2.652 2.643 2.644 2.574 2.498 2.405 2.348 2.354 2.354 0.000 
7.250 100.000 0.758 0.938 1.136 1.287 1.456 1.640 1.777 1.902 2.057 2.278 2.394 2.459 2.502 2.561 2.572 2.563 2.567 2.494 2.417 2.319 2.257 2.248 2.248 0.000 
7.250 125.890 0.646 0.821 1.016 1.163 1.328 1.508 1.642 1.768 1.928 2.152 2.271 2.341 2.386 2.449 2.465 2.458 2.464 2.390 2.315 2.212 2.147 2.124 2.124 0.000 
7.250 158.490 0.515 0.685 0.875 1.019 1.181 1.355 1.486 1.612 1.775 1.999 2.119 2.195 2.241 2.310 2.331 2.325 2.335 2.261 2.188 2.083 2.016 1.983 1.983 0.000 
7.250 199.530 0.359 0.524 0.711 0.850 1.009 1.177 1.306 1.430 1.593 1.815 1.936 2.018 2.068 2.144 2.171 2.166 2.180 2.108 2.039 1.932 1.864 1.824 1.824 0.000 
7.250 251.190 0.173 0.332 0.515 0.651 0.806 0.969 1.095 1.217 1.378 1.596 1.719 1.810 1.864 1.950 1.985 1.983 2.002 1.932 1.869 1.760 1.693 1.649 1.649 0.000 
7.250 316.230 -0.050 0.103 0.282 0.414 0.565 0.723 0.846 0.965 1.124 1.336 1.462 1.566 1.627 1.728 1.774 1.775 1.802 1.735 1.679 1.569 1.504 1.458 1.458 0.000 
7.250 398.110 -0.321 -0.174 0.001 0.130 0.277 0.429 0.549 0.665 0.820 1.027 1.158 1.281 1.352 1.473 1.535 1.542 1.580 1.519 1.470 1.360 1.298 1.252 1.252 0.000 
7.250 501.190 -0.652 -0.510 -0.339 -0.214 -0.071 0.075 0.192 0.305 0.455 0.658 0.798 0.945 1.033 1.181 1.266 1.282 1.334 1.283 1.243 1.132 1.074 1.030 1.030 0.000 
7.250 630.960 -1.057 -0.921 -0.753 -0.632 -0.493 -0.353 -0.239 -0.129 0.015 0.216 0.368 0.549 0.659 0.845 0.961 0.990 1.063 1.025 0.997 0.886 0.832 0.791 0.791 0.000 
7.250 794.330 -1.555 -1.426 -1.262 -1.145 -1.009 -0.875 -0.764 -0.658 -0.519 -0.318 -0.148 0.078 0.220 0.456 0.615 0.663 0.762 0.743 0.729 0.619 0.569 0.532 0.532 0.000 
7.250 1000.000 -2.172 -2.048 -1.888 -1.775 -1.643 -1.515 -1.407 -1.305 -1.171 -0.967 -0.772 -0.485 -0.302 0.001 0.217 0.291 0.426 0.433 0.437 0.327 0.281 0.249 0.249 0.000 
7.500 1.000 1.575 1.802 2.031 2.213 2.411 2.635 2.790 2.841 2.794 2.807 2.816 2.826 2.852 2.891 2.902 2.929 2.979 3.009 3.028 3.008 3.003 3.133 3.133 0.000 
7.500 1.260 1.572 1.799 2.027 2.209 2.407 2.630 2.785 2.836 2.790 2.805 2.814 2.823 2.849 2.888 2.898 2.924 2.974 3.003 3.021 3.001 2.996 3.126 3.126 0.000 
7.500 1.580 1.568 1.794 2.023 2.204 2.401 2.624 2.779 2.831 2.786 2.801 2.810 2.820 2.846 2.884 2.893 2.918 2.967 2.995 3.012 2.992 2.987 3.116 3.116 0.000 
7.500 2.000 1.563 1.789 2.017 2.198 2.395 2.617 2.772 2.824 2.780 2.797 2.807 2.816 2.841 2.878 2.887 2.911 2.959 2.985 3.002 2.981 2.976 3.105 3.105 0.000 
7.500 2.510 1.557 1.782 2.010 2.190 2.387 2.608 2.763 2.815 2.774 2.792 2.802 2.811 2.836 2.872 2.879 2.902 2.949 2.974 2.989 2.967 2.962 3.091 3.091 0.000 
7.500 3.160 1.549 1.773 2.001 2.181 2.377 2.598 2.751 2.805 2.766 2.785 2.797 2.806 2.830 2.865 2.871 2.892 2.937 2.960 2.974 2.951 2.946 3.074 3.074 0.000 
7.500 3.980 1.540 1.763 1.990 2.169 2.364 2.584 2.738 2.792 2.756 2.778 2.791 2.800 2.823 2.857 2.861 2.881 2.924 2.944 2.956 2.932 2.927 3.053 3.053 0.000 
7.500 5.010 1.528 1.751 1.976 2.155 2.349 2.568 2.721 2.777 2.744 2.770 2.784 2.793 2.815 2.848 2.850 2.868 2.909 2.925 2.935 2.910 2.904 3.029 3.029 0.000 
7.500 6.310 1.515 1.735 1.960 2.138 2.331 2.549 2.701 2.758 2.730 2.761 2.776 2.786 2.807 2.839 2.838 2.853 2.891 2.904 2.911 2.884 2.877 3.001 3.001 0.000 
7.500 7.940 1.498 1.717 1.941 2.117 2.310 2.526 2.677 2.736 2.714 2.751 2.769 2.778 2.799 2.829 2.825 2.838 2.873 2.880 2.884 2.854 2.847 2.969 2.969 0.000 
7.500 10.000 1.478 1.695 1.918 2.093 2.284 2.498 2.648 2.710 2.696 2.740 2.761 2.771 2.791 2.820 2.813 2.823 2.853 2.855 2.854 2.822 2.813 2.933 2.933 0.000 
7.500 12.590 1.455 1.669 1.890 2.064 2.254 2.465 2.614 2.679 2.675 2.728 2.754 2.765 2.784 2.812 2.802 2.808 2.834 2.829 2.822 2.787 2.777 2.892 2.892 0.000 
7.500 15.850 1.427 1.639 1.858 2.030 2.218 2.427 2.575 2.644 2.651 2.716 2.747 2.761 2.779 2.806 2.793 2.795 2.816 2.803 2.790 2.750 2.738 2.848 2.848 0.000 
7.500 19.950 1.394 1.603 1.821 1.990 2.176 2.382 2.529 2.603 2.623 2.703 2.741 2.757 2.776 2.802 2.786 2.784 2.800 2.778 2.757 2.712 2.697 2.801 2.801 0.000 
7.500 25.120 1.356 1.562 1.777 1.945 2.128 2.331 2.476 2.555 2.592 2.688 2.735 2.755 2.774 2.800 2.783 2.776 2.787 2.755 2.725 2.675 2.656 2.752 2.752 0.000 
7.500 31.620 1.312 1.514 1.727 1.892 2.073 2.272 2.415 2.501 2.555 2.671 2.726 2.751 2.772 2.799 2.781 2.771 2.776 2.734 2.695 2.637 2.614 2.700 2.700 0.000 
7.500 39.810 1.261 1.459 1.669 1.832 2.010 2.205 2.346 2.439 2.512 2.647 2.713 2.743 2.766 2.796 2.778 2.764 2.765 2.714 2.665 2.600 2.571 2.644 2.644 0.000 
7.500 50.120 1.201 1.396 1.603 1.762 1.938 2.129 2.268 2.367 2.459 2.613 2.689 2.726 2.752 2.785 2.769 2.754 2.752 2.691 2.633 2.560 2.525 2.584 2.584 0.000 
7.500 63.100 1.133 1.323 1.527 1.683 1.856 2.042 2.179 2.284 2.393 2.565 2.651 2.694 2.723 2.761 2.749 2.733 2.729 2.661 2.595 2.514 2.473 2.515 2.515 0.000 
7.500 79.430 1.053 1.238 1.439 1.593 1.762 1.944 2.078 2.188 2.312 2.499 2.593 2.643 2.675 2.718 2.711 2.696 2.692 2.618 2.547 2.459 2.411 2.436 2.436 0.000 
7.500 100.000 0.961 1.140 1.338 1.488 1.654 1.831 1.962 2.076 2.212 2.410 2.511 2.567 2.602 2.651 2.651 2.636 2.634 2.557 2.483 2.388 2.335 2.343 2.343 0.000 
7.500 125.890 0.852 1.026 1.220 1.367 1.530 1.701 1.830 1.946 2.090 2.295 2.402 2.464 2.502 2.557 2.563 2.550 2.551 2.473 2.398 2.299 2.241 2.233 2.233 0.000 
7.500 158.490 0.723 0.892 1.083 1.226 1.385 1.551 1.678 1.794 1.944 2.151 2.262 2.331 2.372 2.435 2.447 2.436 2.441 2.364 2.291 2.188 2.126 2.105 2.105 0.000 
7.500 199.530 0.570 0.734 0.921 1.060 1.216 1.377 1.500 1.617 1.768 1.975 2.089 2.166 2.211 2.282 2.303 2.294 2.304 2.228 2.159 2.053 1.989 1.959 1.959 0.000 
7.500 251.190 0.386 0.545 0.728 0.864 1.016 1.171 1.292 1.407 1.558 1.763 1.880 1.967 2.017 2.100 2.130 2.124 2.141 2.068 2.003 1.896 1.831 1.794 1.794 0.000 
7.500 316.230 0.165 0.318 0.497 0.630 0.778 0.927 1.045 1.158 1.308 1.509 1.630 1.730 1.788 1.886 1.928 1.927 1.952 1.883 1.825 1.716 1.653 1.612 1.612 0.000 
7.500 398.110 -0.103 0.044 0.219 0.348 0.492 0.636 0.751 0.861 1.008 1.205 1.332 1.451 1.520 1.638 1.697 1.702 1.738 1.676 1.626 1.516 1.455 1.413 1.413 0.000 
7.500 501.190 -0.431 -0.290 -0.118 0.007 0.147 0.285 0.397 0.504 0.647 0.841 0.976 1.120 1.206 1.352 1.434 1.449 1.500 1.447 1.407 1.296 1.239 1.197 1.197 0.000 
7.500 630.960 -0.833 -0.698 -0.530 -0.409 -0.273 -0.140 -0.031 0.072 0.210 0.402 0.550 0.729 0.837 1.021 1.135 1.163 1.234 1.195 1.166 1.056 1.002 0.962 0.962 0.000 
7.500 794.330 -1.329 -1.200 -1.036 -0.919 -0.786 -0.660 -0.553 -0.454 -0.321 -0.128 0.038 0.261 0.401 0.636 0.793 0.840 0.938 0.918 0.904 0.793 0.743 0.707 0.707 0.000 
7.500 1000.000 -1.943 -1.819 -1.659 -1.546 -1.418 -1.297 -1.194 -1.098 -0.971 -0.774 -0.583 -0.299 -0.118 0.184 0.398 0.471 0.606 0.612 0.616 0.505 0.460 0.427 0.427 0.000 
7.750 1.000 1.641 1.866 2.093 2.273 2.467 2.681 2.831 2.876 2.825 2.831 2.834 2.839 2.860 2.893 2.896 2.918 2.964 2.987 3.004 2.983 2.979 3.109 3.109 0.000 
7.750 1.260 1.638 1.862 2.090 2.270 2.463 2.677 2.826 2.872 2.822 2.828 2.832 2.836 2.857 2.890 2.893 2.914 2.959 2.982 2.998 2.977 2.973 3.102 3.102 0.000 
7.750 1.580 1.634 1.858 2.085 2.265 2.458 2.672 2.821 2.867 2.818 2.825 2.830 2.834 2.854 2.886 2.888 2.909 2.953 2.975 2.991 2.969 2.965 3.094 3.094 0.000 
7.750 2.000 1.630 1.853 2.080 2.259 2.452 2.666 2.814 2.861 2.813 2.822 2.826 2.830 2.850 2.882 2.883 2.903 2.946 2.967 2.981 2.959 2.955 3.084 3.084 0.000 
7.750 2.510 1.624 1.847 2.074 2.253 2.445 2.658 2.806 2.854 2.807 2.817 2.822 2.826 2.846 2.877 2.877 2.895 2.938 2.957 2.970 2.947 2.943 3.071 3.071 0.000 
7.750 3.160 1.618 1.840 2.066 2.244 2.436 2.648 2.796 2.844 2.800 2.812 2.818 2.822 2.841 2.871 2.870 2.887 2.928 2.945 2.957 2.933 2.928 3.056 3.056 0.000 
7.750 3.980 1.609 1.831 2.056 2.234 2.425 2.636 2.784 2.833 2.791 2.806 2.813 2.817 2.835 2.864 2.861 2.877 2.916 2.930 2.941 2.916 2.911 3.038 3.038 0.000 
7.750 5.010 1.599 1.819 2.044 2.221 2.412 2.621 2.769 2.819 2.781 2.799 2.807 2.811 2.828 2.856 2.852 2.865 2.902 2.914 2.922 2.896 2.891 3.017 3.017 0.000 
7.750 6.310 1.587 1.806 2.029 2.205 2.395 2.604 2.750 2.802 2.769 2.790 2.801 2.805 2.821 2.848 2.841 2.853 2.887 2.895 2.900 2.872 2.867 2.991 2.991 0.000 
7.750 7.940 1.572 1.789 2.011 2.187 2.375 2.582 2.728 2.782 2.754 2.781 2.794 2.798 2.814 2.839 2.830 2.839 2.870 2.873 2.876 2.846 2.839 2.962 2.962 0.000 
7.750 10.000 1.553 1.769 1.990 2.164 2.352 2.557 2.702 2.758 2.737 2.771 2.787 2.792 2.807 2.831 2.819 2.825 2.853 2.851 2.849 2.816 2.809 2.928 2.928 0.000 
7.750 12.590 1.532 1.745 1.965 2.137 2.324 2.527 2.670 2.729 2.718 2.761 2.780 2.787 2.801 2.824 2.809 2.812 2.835 2.826 2.820 2.784 2.775 2.891 2.891 0.000 
7.750 15.850 1.506 1.717 1.935 2.106 2.290 2.491 2.633 2.696 2.695 2.749 2.774 2.782 2.797 2.818 2.800 2.799 2.818 2.802 2.789 2.749 2.738 2.850 2.850 0.000 
7.750 19.950 1.476 1.684 1.900 2.069 2.252 2.449 2.590 2.658 2.669 2.737 2.768 2.779 2.793 2.814 2.794 2.789 2.803 2.778 2.758 2.714 2.700 2.806 2.806 0.000 
7.750 25.120 1.440 1.645 1.859 2.026 2.206 2.401 2.541 2.613 2.640 2.723 2.762 2.776 2.791 2.812 2.790 2.781 2.790 2.756 2.728 2.678 2.661 2.759 2.759 0.000 
7.750 31.620 1.398 1.600 1.811 1.976 2.154 2.345 2.483 2.562 2.605 2.706 2.754 2.773 2.789 2.811 2.788 2.775 2.779 2.736 2.698 2.641 2.620 2.709 2.709 0.000 
7.750 39.810 1.350 1.547 1.756 1.919 2.094 2.281 2.417 2.502 2.564 2.684 2.741 2.765 2.784 2.808 2.785 2.770 2.769 2.716 2.669 2.605 2.579 2.656 2.656 0.000 
7.750 50.120 1.293 1.486 1.693 1.852 2.025 2.208 2.342 2.434 2.513 2.652 2.720 2.750 2.771 2.799 2.778 2.760 2.756 2.694 2.638 2.567 2.535 2.598 2.598 0.000 
7.750 63.100 1.227 1.416 1.620 1.776 1.946 2.125 2.256 2.354 2.451 2.607 2.685 2.722 2.746 2.779 2.761 2.743 2.736 2.667 2.603 2.524 2.486 2.534 2.534 0.000 
7.750 79.430 1.150 1.335 1.535 1.688 1.855 2.029 2.158 2.261 2.373 2.545 2.632 2.676 2.703 2.741 2.729 2.710 2.704 2.629 2.559 2.472 2.428 2.459 2.459 0.000 
7.750 100.000 1.060 1.239 1.437 1.587 1.750 1.919 2.046 2.153 2.277 2.461 2.556 2.606 2.637 2.681 2.675 2.657 2.653 2.574 2.500 2.408 2.357 2.372 2.372 0.000 
7.750 125.890 0.954 1.128 1.322 1.469 1.629 1.793 1.917 2.026 2.160 2.352 2.452 2.509 2.544 2.595 2.596 2.580 2.578 2.498 2.423 2.325 2.270 2.268 2.268 0.000 
7.750 158.490 0.828 0.997 1.187 1.330 1.487 1.646 1.767 1.878 2.018 2.214 2.319 2.383 2.421 2.480 2.488 2.474 2.477 2.397 2.324 2.222 2.162 2.147 2.147 0.000 
7.750 199.530 0.677 0.841 1.028 1.167 1.320 1.474 1.593 1.703 1.846 2.043 2.152 2.224 2.266 2.334 2.351 2.340 2.348 2.271 2.200 2.095 2.033 2.007 2.007 0.000 
7.750 251.190 0.497 0.655 0.838 0.974 1.123 1.271 1.387 1.496 1.640 1.836 1.948 2.031 2.079 2.158 2.185 2.178 2.193 2.118 2.053 1.946 1.883 1.849 1.849 0.000 
7.750 316.230 0.278 0.431 0.610 0.742 0.888 1.030 1.143 1.250 1.393 1.586 1.702 1.800 1.855 1.950 1.990 1.987 2.011 1.941 1.882 1.773 1.711 1.672 1.672 0.000 
7.750 398.110 0.012 0.159 0.335 0.463 0.605 0.741 0.852 0.956 1.096 1.286 1.408 1.524 1.592 1.708 1.765 1.768 1.803 1.740 1.689 1.580 1.519 1.478 1.478 0.000 
7.750 501.190 -0.313 -0.172 -0.000 0.124 0.262 0.393 0.501 0.602 0.738 0.925 1.056 1.198 1.281 1.426 1.506 1.520 1.570 1.516 1.475 1.365 1.307 1.267 1.267 0.000 
7.750 630.960 -0.713 -0.578 -0.410 -0.289 -0.155 -0.030 0.075 0.173 0.304 0.490 0.634 0.809 0.916 1.098 1.211 1.238 1.309 1.269 1.239 1.129 1.075 1.036 1.036 0.000 
7.750 794.330 -1.206 -1.077 -0.913 -0.796 -0.666 -0.547 -0.445 -0.350 -0.224 -0.038 0.124 0.345 0.483 0.717 0.872 0.918 1.016 0.996 0.981 0.870 0.820 0.784 0.784 0.000 
7.750 1000.000 -1.818 -1.694 -1.534 -1.421 -1.295 -1.181 -1.082 -0.992 -0.871 -0.681 -0.494 -0.212 -0.032 0.268 0.481 0.553 0.688 0.693 0.696 0.585 0.540 0.508 0.508 0.000 
8.000 1.000 1.703 1.926 2.151 2.330 2.520 2.726 2.870 2.911 2.856 2.854 2.853 2.852 2.868 2.895 2.892 2.908 2.949 2.967 2.981 2.959 2.956 3.086 3.086 0.000 
8.000 1.260 1.701 1.923 2.148 2.327 2.517 2.722 2.866 2.907 2.853 2.852 2.851 2.850 2.866 2.892 2.889 2.905 2.945 2.962 2.976 2.953 2.950 3.080 3.080 0.000 
8.000 1.580 1.698 1.919 2.145 2.323 2.512 2.717 2.861 2.903 2.849 2.850 2.849 2.848 2.863 2.889 2.885 2.900 2.940 2.956 2.970 2.946 2.943 3.073 3.073 0.000 
8.000 2.000 1.694 1.915 2.140 2.318 2.507 2.711 2.855 2.897 2.845 2.846 2.846 2.845 2.860 2.886 2.881 2.895 2.934 2.949 2.962 2.938 2.934 3.064 3.064 0.000 
8.000 2.510 1.689 1.909 2.134 2.311 2.500 2.704 2.848 2.890 2.840 2.843 2.843 2.842 2.857 2.881 2.875 2.889 2.927 2.940 2.952 2.927 2.924 3.053 3.053 0.000 
8.000 3.160 1.683 1.903 2.127 2.304 2.492 2.696 2.839 2.882 2.834 2.838 2.839 2.838 2.852 2.876 2.869 2.882 2.918 2.930 2.940 2.915 2.911 3.039 3.039 0.000 
8.000 3.980 1.675 1.894 2.118 2.294 2.482 2.685 2.827 2.871 2.826 2.833 2.835 2.834 2.847 2.871 2.862 2.873 2.908 2.917 2.926 2.900 2.896 3.023 3.023 0.000 
8.000 5.010 1.666 1.884 2.107 2.283 2.470 2.672 2.814 2.859 2.816 2.827 2.830 2.829 2.842 2.864 2.854 2.863 2.896 2.902 2.909 2.882 2.877 3.004 3.004 0.000 
8.000 6.310 1.655 1.872 2.094 2.269 2.455 2.655 2.797 2.843 2.805 2.819 2.824 2.823 2.836 2.857 2.844 2.852 2.882 2.886 2.890 2.861 2.856 2.981 2.981 0.000 
8.000 7.940 1.641 1.856 2.078 2.252 2.437 2.636 2.777 2.825 2.792 2.811 2.818 2.818 2.830 2.850 2.835 2.840 2.868 2.867 2.868 2.837 2.831 2.954 2.954 0.000 
8.000 10.000 1.624 1.838 2.058 2.231 2.415 2.612 2.752 2.803 2.777 2.802 2.812 2.812 2.824 2.842 2.825 2.827 2.852 2.846 2.843 2.810 2.803 2.924 2.924 0.000 
8.000 12.590 1.604 1.816 2.035 2.206 2.389 2.584 2.723 2.777 2.758 2.792 2.806 2.807 2.818 2.836 2.816 2.815 2.836 2.824 2.816 2.780 2.772 2.889 2.889 0.000 
8.000 15.850 1.581 1.790 2.007 2.177 2.359 2.551 2.689 2.746 2.738 2.782 2.800 2.803 2.813 2.830 2.808 2.804 2.820 2.801 2.788 2.748 2.738 2.851 2.851 0.000 
8.000 19.950 1.552 1.759 1.974 2.143 2.322 2.512 2.649 2.710 2.713 2.770 2.794 2.800 2.810 2.826 2.801 2.794 2.805 2.778 2.759 2.714 2.702 2.810 2.810 0.000 
8.000 25.120 1.519 1.723 1.936 2.102 2.280 2.467 2.602 2.668 2.685 2.756 2.788 2.797 2.808 2.824 2.797 2.786 2.792 2.757 2.729 2.680 2.665 2.765 2.765 0.000 
8.000 31.620 1.480 1.680 1.891 2.055 2.231 2.414 2.547 2.619 2.653 2.740 2.780 2.794 2.806 2.823 2.795 2.780 2.782 2.737 2.701 2.645 2.626 2.718 2.718 0.000 
8.000 39.810 1.434 1.630 1.839 2.000 2.173 2.353 2.485 2.563 2.613 2.719 2.769 2.787 2.801 2.820 2.792 2.774 2.772 2.718 2.672 2.610 2.586 2.667 2.667 0.000 
8.000 50.120 1.380 1.572 1.778 1.937 2.107 2.283 2.413 2.497 2.565 2.690 2.749 2.773 2.790 2.813 2.786 2.766 2.760 2.697 2.643 2.573 2.544 2.612 2.612 0.000 
8.000 63.100 1.316 1.505 1.708 1.864 2.031 2.203 2.330 2.420 2.506 2.648 2.717 2.748 2.768 2.795 2.772 2.751 2.743 2.672 2.610 2.533 2.498 2.551 2.551 0.000 
8.000 79.430 1.242 1.426 1.626 1.779 1.943 2.110 2.235 2.331 2.432 2.590 2.669 2.706 2.730 2.762 2.744 2.723 2.714 2.638 2.569 2.485 2.443 2.481 2.481 0.000 
8.000 100.000 1.154 1.333 1.530 1.680 1.841 2.003 2.126 2.226 2.340 2.511 2.597 2.643 2.669 2.709 2.697 2.676 2.669 2.589 2.516 2.425 2.378 2.398 2.398 0.000 
8.000 125.890 1.051 1.225 1.418 1.565 1.723 1.880 2.000 2.102 2.227 2.407 2.500 2.552 2.583 2.629 2.625 2.606 2.602 2.520 2.446 2.349 2.296 2.301 2.301 0.000 
8.000 158.490 0.927 1.096 1.286 1.429 1.584 1.736 1.853 1.957 2.088 2.274 2.372 2.433 2.467 2.522 2.526 2.509 2.510 2.428 2.354 2.253 2.196 2.186 2.186 0.000 
8.000 199.530 0.779 0.943 1.129 1.269 1.420 1.566 1.681 1.786 1.921 2.108 2.211 2.280 2.319 2.384 2.397 2.384 2.390 2.310 2.239 2.135 2.075 2.053 2.053 0.000 
8.000 251.190 0.601 0.759 0.942 1.078 1.225 1.367 1.479 1.582 1.718 1.906 2.013 2.093 2.138 2.215 2.238 2.229 2.242 2.166 2.100 1.993 1.932 1.901 1.901 0.000 
8.000 316.230 0.385 0.538 0.717 0.849 0.993 1.128 1.238 1.339 1.475 1.660 1.772 1.867 1.920 2.013 2.050 2.045 2.067 1.996 1.937 1.828 1.767 1.731 1.731 0.000 
8.000 398.110 0.122 0.269 0.444 0.572 0.712 0.842 0.949 1.048 1.182 1.364 1.482 1.596 1.661 1.775 1.830 1.833 1.866 1.802 1.750 1.641 1.581 1.542 1.542 0.000 
8.000 501.190 -0.201 -0.060 0.112 0.236 0.372 0.497 0.600 0.697 0.827 1.007 1.134 1.273 1.355 1.498 1.577 1.589 1.638 1.583 1.542 1.432 1.375 1.335 1.335 0.000 
8.000 630.960 -0.598 -0.463 -0.295 -0.174 -0.042 0.076 0.177 0.270 0.396 0.574 0.715 0.889 0.994 1.175 1.286 1.312 1.382 1.341 1.311 1.200 1.147 1.108 1.108 0.000 
8.000 794.330 -1.089 -0.959 -0.796 -0.679 -0.551 -0.438 -0.340 -0.250 -0.130 0.050 0.209 0.428 0.565 0.796 0.950 0.996 1.093 1.072 1.056 0.945 0.896 0.860 0.860 0.000 
8.000 1000.000 -1.698 -1.574 -1.414 -1.301 -1.177 -1.070 -0.975 -0.889 -0.774 -0.590 -0.406 -0.127 0.052 0.351 0.562 0.634 0.768 0.773 0.776 0.664 0.619 0.587 0.587 0.000 
