GarciaEtAl2005SSlab_CanadaSHM6-trial modified from OpenQuake implementation, distance is rhypo. Log10 ground motion values in cgs units, PGV and Sa(T<0.1s) not valid
          14 31 18 : nmag, ndist, nperiod
          10.000 5.000 4.000 3.000 2.000 1.500 1.000 0.750 0.500 0.400 0.300 0.200 0.100 0.070 0.050 0.040 PGA PGV 
          0.567 0.567 0.583 0.605 0.607 0.645 0.638 0.631 0.609 0.626 0.637 0.644 0.770 0.775 0.773 0.733 0.657 0.593
4.750 1.000 -0.163 0.518 0.803 1.167 1.587 1.834 2.124 2.300 2.547 2.678 2.830 2.941 3.058 2.992 2.924 2.889 2.765 1.238 
4.750 1.260 -0.187 0.492 0.778 1.142 1.562 1.811 2.104 2.281 2.530 2.661 2.814 2.925 3.042 2.975 2.907 2.871 2.746 1.218 
4.750 1.580 -0.219 0.457 0.742 1.107 1.528 1.780 2.077 2.256 2.506 2.638 2.791 2.903 3.019 2.952 2.882 2.846 2.720 1.190 
4.750 2.000 -0.263 0.410 0.696 1.061 1.484 1.739 2.040 2.222 2.474 2.607 2.761 2.873 2.988 2.920 2.849 2.812 2.685 1.153 
4.750 2.510 -0.317 0.353 0.638 1.003 1.429 1.688 1.994 2.179 2.434 2.568 2.723 2.836 2.950 2.880 2.808 2.769 2.640 1.106 
4.750 3.160 -0.381 0.284 0.570 0.935 1.363 1.626 1.939 2.128 2.386 2.521 2.677 2.791 2.903 2.832 2.757 2.718 2.587 1.050 
4.750 3.980 -0.454 0.206 0.492 0.858 1.288 1.556 1.877 2.069 2.330 2.467 2.624 2.739 2.849 2.776 2.700 2.658 2.526 0.986 
4.750 5.010 -0.533 0.121 0.407 0.773 1.206 1.480 1.807 2.004 2.267 2.406 2.564 2.680 2.787 2.714 2.634 2.592 2.457 0.915 
4.750 6.310 -0.616 0.031 0.317 0.683 1.118 1.397 1.732 1.933 2.199 2.339 2.498 2.615 2.720 2.645 2.563 2.519 2.383 0.838 
4.750 7.940 -0.703 -0.064 0.222 0.589 1.027 1.310 1.652 1.856 2.125 2.267 2.426 2.544 2.646 2.570 2.486 2.440 2.302 0.756 
4.750 10.000 -0.792 -0.161 0.125 0.492 0.932 1.220 1.568 1.776 2.047 2.189 2.349 2.467 2.567 2.489 2.403 2.356 2.217 0.670 
4.750 12.590 -0.882 -0.260 0.026 0.393 0.835 1.127 1.480 1.691 1.964 2.107 2.267 2.385 2.482 2.403 2.315 2.266 2.126 0.580 
4.750 15.850 -0.972 -0.360 -0.074 0.293 0.735 1.031 1.389 1.603 1.876 2.019 2.179 2.297 2.392 2.310 2.220 2.171 2.030 0.486 
4.750 19.950 -1.064 -0.462 -0.176 0.190 0.634 0.932 1.294 1.510 1.784 1.927 2.086 2.202 2.294 2.211 2.120 2.069 1.929 0.388 
4.750 25.120 -1.156 -0.565 -0.279 0.087 0.530 0.830 1.196 1.412 1.686 1.828 1.985 2.101 2.189 2.105 2.012 1.961 1.821 0.286 
4.750 31.620 -1.249 -0.669 -0.384 -0.018 0.424 0.726 1.094 1.310 1.583 1.724 1.878 1.992 2.077 1.990 1.896 1.844 1.705 0.179 
4.750 39.810 -1.342 -0.775 -0.490 -0.125 0.316 0.618 0.987 1.203 1.474 1.612 1.763 1.874 1.954 1.866 1.771 1.719 1.582 0.067 
4.750 50.120 -1.438 -0.883 -0.598 -0.234 0.205 0.507 0.876 1.090 1.357 1.492 1.639 1.747 1.821 1.731 1.635 1.582 1.448 -0.052 
4.750 63.100 -1.534 -0.992 -0.708 -0.346 0.090 0.390 0.759 0.970 1.233 1.363 1.504 1.607 1.675 1.583 1.485 1.432 1.303 -0.178 
4.750 79.430 -1.634 -1.104 -0.821 -0.461 -0.029 0.269 0.635 0.843 1.098 1.223 1.356 1.453 1.514 1.419 1.320 1.267 1.143 -0.313 
4.750 100.000 -1.736 -1.219 -0.937 -0.580 -0.154 0.141 0.503 0.705 0.952 1.070 1.192 1.282 1.333 1.235 1.135 1.082 0.965 -0.458 
4.750 125.890 -1.841 -1.338 -1.058 -0.703 -0.285 0.005 0.362 0.557 0.792 0.901 1.010 1.090 1.129 1.027 0.925 0.874 0.765 -0.617 
4.750 158.490 -1.952 -1.462 -1.183 -0.833 -0.425 -0.142 0.208 0.394 0.615 0.712 0.804 0.872 0.897 0.789 0.686 0.635 0.539 -0.793 
4.750 199.530 -2.069 -1.593 -1.316 -0.971 -0.576 -0.300 0.040 0.214 0.417 0.499 0.570 0.622 0.628 0.515 0.410 0.360 0.278 -0.988 
4.750 251.190 -2.194 -1.731 -1.456 -1.118 -0.739 -0.474 -0.146 0.012 0.192 0.255 0.300 0.333 0.315 0.194 0.087 0.039 -0.025 -1.209 
4.750 316.230 -2.328 -1.879 -1.608 -1.278 -0.919 -0.668 -0.355 -0.216 -0.065 -0.027 -0.015 -0.007 -0.053 -0.185 -0.294 -0.340 -0.381 -1.462 
4.750 398.110 -2.475 -2.040 -1.772 -1.454 -1.120 -0.885 -0.592 -0.478 -0.364 -0.356 -0.385 -0.409 -0.492 -0.636 -0.748 -0.792 -0.803 -1.754 
4.750 501.190 -2.637 -2.216 -1.954 -1.648 -1.346 -1.134 -0.865 -0.782 -0.714 -0.744 -0.826 -0.889 -1.019 -1.178 -1.295 -1.335 -1.309 -2.096 
4.750 630.960 -2.819 -2.412 -2.156 -1.868 -1.606 -1.421 -1.183 -1.139 -1.130 -1.208 -1.356 -1.468 -1.656 -1.834 -1.957 -1.993 -1.920 -2.501 
4.750 794.330 -3.026 -2.633 -2.385 -2.118 -1.907 -1.756 -1.558 -1.562 -1.627 -1.765 -1.997 -2.170 -2.432 -2.635 -2.764 -2.796 -2.664 -2.985 
4.750 1000.000 -3.265 -2.885 -2.648 -2.407 -2.260 -2.152 -2.003 -2.070 -2.227 -2.441 -2.777 -3.029 -3.384 -3.618 -3.755 -3.780 -3.574 -3.568 
5.000 1.000 -0.021 0.654 0.932 1.284 1.690 1.925 2.198 2.360 2.596 2.718 2.865 2.964 3.074 3.013 2.949 2.917 2.794 1.300 
5.000 1.260 -0.036 0.638 0.916 1.268 1.675 1.911 2.186 2.348 2.586 2.708 2.855 2.954 3.063 3.002 2.938 2.905 2.782 1.288 
5.000 1.580 -0.057 0.615 0.892 1.245 1.652 1.890 2.167 2.331 2.570 2.692 2.840 2.940 3.048 2.987 2.922 2.889 2.765 1.269 
5.000 2.000 -0.086 0.582 0.860 1.213 1.621 1.861 2.142 2.308 2.548 2.671 2.819 2.920 3.027 2.965 2.899 2.865 2.740 1.243 
5.000 2.510 -0.126 0.539 0.816 1.169 1.580 1.823 2.108 2.276 2.518 2.642 2.791 2.892 2.998 2.935 2.868 2.833 2.707 1.208 
5.000 3.160 -0.177 0.484 0.762 1.115 1.527 1.774 2.064 2.236 2.480 2.606 2.756 2.857 2.962 2.898 2.829 2.793 2.665 1.164 
5.000 3.980 -0.238 0.418 0.696 1.049 1.464 1.715 2.012 2.187 2.434 2.561 2.712 2.814 2.917 2.852 2.780 2.743 2.614 1.110 
5.000 5.010 -0.308 0.342 0.620 0.974 1.391 1.647 1.951 2.130 2.380 2.508 2.660 2.763 2.864 2.797 2.724 2.685 2.554 1.048 
5.000 6.310 -0.385 0.259 0.537 0.891 1.311 1.572 1.883 2.066 2.319 2.448 2.601 2.706 2.804 2.736 2.660 2.620 2.487 0.978 
5.000 7.940 -0.467 0.169 0.447 0.802 1.224 1.491 1.809 1.996 2.251 2.383 2.536 2.641 2.737 2.667 2.589 2.547 2.413 0.902 
5.000 10.000 -0.553 0.076 0.354 0.708 1.133 1.404 1.730 1.921 2.179 2.311 2.465 2.571 2.664 2.592 2.512 2.469 2.332 0.821 
5.000 12.590 -0.641 -0.021 0.257 0.612 1.038 1.314 1.646 1.841 2.101 2.234 2.389 2.494 2.584 2.511 2.429 2.384 2.246 0.735 
5.000 15.850 -0.731 -0.120 0.158 0.513 0.940 1.221 1.559 1.756 2.018 2.151 2.306 2.412 2.499 2.424 2.339 2.293 2.155 0.645 
5.000 19.950 -0.822 -0.221 0.056 0.411 0.840 1.124 1.467 1.667 1.930 2.063 2.217 2.322 2.406 2.329 2.243 2.195 2.057 0.550 
5.000 25.120 -0.913 -0.324 -0.046 0.308 0.738 1.025 1.372 1.573 1.836 1.969 2.121 2.225 2.306 2.227 2.139 2.090 1.952 0.451 
5.000 31.620 -1.006 -0.428 -0.150 0.204 0.633 0.922 1.272 1.475 1.737 1.868 2.018 2.121 2.197 2.117 2.026 1.977 1.840 0.346 
5.000 39.810 -1.100 -0.533 -0.256 0.097 0.525 0.815 1.168 1.370 1.630 1.760 1.907 2.007 2.078 1.996 1.904 1.855 1.719 0.236 
5.000 50.120 -1.195 -0.641 -0.364 -0.012 0.415 0.705 1.059 1.260 1.517 1.644 1.786 1.882 1.948 1.864 1.771 1.721 1.588 0.119 
5.000 63.100 -1.292 -0.750 -0.474 -0.123 0.300 0.590 0.943 1.142 1.394 1.517 1.653 1.745 1.805 1.718 1.624 1.573 1.444 -0.005 
5.000 79.430 -1.391 -0.862 -0.587 -0.238 0.181 0.469 0.821 1.016 1.262 1.379 1.507 1.594 1.646 1.556 1.460 1.410 1.286 -0.139 
5.000 100.000 -1.493 -0.977 -0.703 -0.357 0.057 0.341 0.690 0.880 1.118 1.228 1.346 1.425 1.467 1.374 1.276 1.226 1.109 -0.284 
5.000 125.890 -1.599 -1.096 -0.823 -0.480 -0.074 0.206 0.549 0.732 0.959 1.060 1.165 1.234 1.264 1.167 1.068 1.019 0.911 -0.442 
5.000 158.490 -1.710 -1.220 -0.949 -0.610 -0.214 0.060 0.396 0.570 0.783 0.872 0.960 1.017 1.033 0.930 0.830 0.781 0.684 -0.617 
5.000 199.530 -1.826 -1.350 -1.081 -0.748 -0.364 -0.098 0.229 0.391 0.585 0.659 0.727 0.768 0.765 0.656 0.554 0.507 0.424 -0.812 
5.000 251.190 -1.951 -1.489 -1.222 -0.895 -0.528 -0.272 0.043 0.189 0.360 0.415 0.457 0.479 0.452 0.336 0.232 0.186 0.122 -1.032 
5.000 316.230 -2.086 -1.637 -1.373 -1.055 -0.707 -0.466 -0.166 -0.039 0.103 0.134 0.142 0.140 0.084 -0.042 -0.149 -0.194 -0.234 -1.285 
5.000 398.110 -2.232 -1.797 -1.538 -1.230 -0.908 -0.684 -0.403 -0.301 -0.196 -0.195 -0.228 -0.262 -0.355 -0.493 -0.603 -0.645 -0.656 -1.577 
5.000 501.190 -2.395 -1.974 -1.720 -1.425 -1.135 -0.932 -0.676 -0.605 -0.546 -0.583 -0.669 -0.742 -0.881 -1.035 -1.150 -1.188 -1.162 -1.919 
5.000 630.960 -2.577 -2.170 -1.922 -1.645 -1.395 -1.219 -0.994 -0.962 -0.961 -1.047 -1.199 -1.321 -1.519 -1.692 -1.811 -1.846 -1.773 -2.324 
5.000 794.330 -2.784 -2.391 -2.151 -1.895 -1.695 -1.554 -1.369 -1.385 -1.458 -1.604 -1.839 -2.024 -2.295 -2.493 -2.619 -2.649 -2.517 -2.808 
5.000 1000.000 -3.022 -2.643 -2.414 -2.184 -2.048 -1.950 -1.814 -1.892 -2.058 -2.280 -2.620 -2.883 -3.246 -3.475 -3.609 -3.633 -3.427 -3.391 
5.250 1.000 0.112 0.782 1.052 1.392 1.785 2.008 2.265 2.413 2.639 2.752 2.895 2.982 3.083 3.028 2.967 2.938 2.816 1.355 
5.250 1.260 0.104 0.773 1.042 1.383 1.776 2.000 2.258 2.406 2.633 2.746 2.889 2.976 3.076 3.021 2.960 2.931 2.809 1.347 
5.250 1.580 0.092 0.758 1.027 1.368 1.762 1.987 2.246 2.395 2.623 2.737 2.879 2.967 3.067 3.011 2.950 2.920 2.798 1.336 
5.250 2.000 0.073 0.737 1.006 1.347 1.742 1.968 2.230 2.380 2.609 2.723 2.866 2.954 3.053 2.997 2.935 2.905 2.782 1.319 
5.250 2.510 0.046 0.707 0.976 1.317 1.713 1.942 2.206 2.359 2.588 2.703 2.847 2.936 3.034 2.977 2.914 2.883 2.759 1.295 
5.250 3.160 0.010 0.666 0.936 1.277 1.674 1.906 2.175 2.329 2.561 2.676 2.821 2.910 3.007 2.949 2.885 2.853 2.728 1.263 
5.250 3.980 -0.038 0.614 0.884 1.226 1.625 1.860 2.134 2.291 2.525 2.642 2.787 2.877 2.972 2.914 2.848 2.815 2.688 1.221 
5.250 5.010 -0.096 0.551 0.821 1.163 1.564 1.803 2.084 2.245 2.481 2.599 2.745 2.836 2.929 2.869 2.802 2.767 2.639 1.169 
5.250 6.310 -0.163 0.478 0.747 1.090 1.493 1.738 2.025 2.190 2.429 2.548 2.695 2.786 2.878 2.816 2.747 2.711 2.581 1.109 
5.250 7.940 -0.238 0.396 0.665 1.008 1.414 1.664 1.958 2.127 2.369 2.490 2.637 2.730 2.819 2.756 2.684 2.646 2.514 1.041 
5.250 10.000 -0.319 0.307 0.577 0.920 1.329 1.583 1.885 2.058 2.303 2.425 2.573 2.666 2.752 2.688 2.613 2.574 2.441 0.966 
5.250 12.590 -0.404 0.214 0.484 0.827 1.238 1.498 1.807 1.984 2.231 2.354 2.503 2.596 2.679 2.613 2.536 2.495 2.360 0.885 
5.250 15.850 -0.491 0.117 0.387 0.730 1.143 1.408 1.724 1.904 2.153 2.277 2.426 2.519 2.599 2.531 2.451 2.409 2.273 0.799 
5.250 19.950 -0.581 0.018 0.288 0.631 1.045 1.314 1.636 1.820 2.070 2.194 2.342 2.435 2.512 2.441 2.360 2.316 2.180 0.708 
5.250 25.120 -0.672 -0.083 0.186 0.529 0.944 1.217 1.544 1.730 1.981 2.105 2.252 2.344 2.416 2.344 2.260 2.215 2.079 0.611 
5.250 31.620 -0.764 -0.187 0.083 0.425 0.840 1.116 1.448 1.635 1.886 2.009 2.153 2.244 2.312 2.238 2.152 2.106 1.970 0.510 
5.250 39.810 -0.857 -0.292 -0.023 0.319 0.734 1.011 1.346 1.534 1.783 1.905 2.046 2.135 2.198 2.122 2.034 1.987 1.853 0.402 
5.250 50.120 -0.952 -0.399 -0.130 0.211 0.624 0.902 1.239 1.426 1.673 1.792 1.929 2.015 2.072 1.993 1.904 1.857 1.724 0.288 
5.250 63.100 -1.049 -0.508 -0.240 0.099 0.510 0.788 1.126 1.311 1.554 1.669 1.800 1.881 1.932 1.851 1.760 1.712 1.583 0.166 
5.250 79.430 -1.148 -0.620 -0.353 -0.015 0.391 0.668 1.005 1.188 1.424 1.533 1.657 1.733 1.776 1.691 1.599 1.551 1.427 0.034 
5.250 100.000 -1.250 -0.735 -0.469 -0.134 0.267 0.542 0.876 1.053 1.282 1.384 1.498 1.566 1.599 1.511 1.417 1.369 1.252 -0.110 
5.250 125.890 -1.356 -0.854 -0.589 -0.257 0.136 0.407 0.736 0.907 1.125 1.218 1.319 1.377 1.398 1.306 1.211 1.163 1.055 -0.267 
5.250 158.490 -1.467 -0.978 -0.715 -0.387 -0.003 0.261 0.584 0.746 0.949 1.031 1.116 1.162 1.168 1.071 0.973 0.927 0.830 -0.441 
5.250 199.530 -1.584 -1.108 -0.847 -0.525 -0.153 0.103 0.417 0.567 0.752 0.819 0.883 0.914 0.901 0.798 0.698 0.653 0.570 -0.635 
5.250 251.190 -1.709 -1.246 -0.988 -0.672 -0.316 -0.071 0.231 0.366 0.529 0.576 0.614 0.625 0.589 0.478 0.376 0.332 0.268 -0.856 
5.250 316.230 -1.843 -1.395 -1.139 -0.832 -0.496 -0.264 0.023 0.138 0.271 0.295 0.300 0.286 0.221 0.100 -0.004 -0.047 -0.087 -1.108 
5.250 398.110 -1.990 -1.555 -1.304 -1.007 -0.697 -0.482 -0.214 -0.123 -0.027 -0.034 -0.071 -0.115 -0.218 -0.351 -0.458 -0.498 -0.510 -1.400 
5.250 501.190 -2.152 -1.731 -1.485 -1.202 -0.924 -0.730 -0.488 -0.427 -0.377 -0.422 -0.512 -0.595 -0.744 -0.893 -1.005 -1.042 -1.015 -1.742 
5.250 630.960 -2.335 -1.927 -1.688 -1.422 -1.183 -1.017 -0.805 -0.784 -0.793 -0.886 -1.041 -1.174 -1.381 -1.550 -1.666 -1.699 -1.627 -2.147 
5.250 794.330 -2.542 -2.148 -1.917 -1.672 -1.484 -1.352 -1.180 -1.208 -1.290 -1.443 -1.682 -1.877 -2.158 -2.351 -2.474 -2.502 -2.370 -2.631 
5.250 1000.000 -2.780 -2.400 -2.179 -1.961 -1.837 -1.748 -1.625 -1.715 -1.889 -2.119 -2.463 -2.736 -3.109 -3.333 -3.464 -3.486 -3.281 -3.214 
5.500 1.000 0.240 0.905 1.166 1.495 1.875 2.087 2.328 2.462 2.678 2.783 2.920 2.996 3.087 3.038 2.981 2.953 2.833 1.405 
5.500 1.260 0.236 0.899 1.160 1.490 1.870 2.082 2.323 2.458 2.675 2.779 2.917 2.993 3.084 3.034 2.977 2.949 2.828 1.401 
5.500 1.580 0.229 0.890 1.152 1.481 1.861 2.074 2.316 2.452 2.669 2.773 2.911 2.987 3.078 3.028 2.971 2.943 2.822 1.394 
5.500 2.000 0.218 0.877 1.139 1.468 1.849 2.062 2.306 2.442 2.660 2.765 2.903 2.979 3.069 3.019 2.961 2.934 2.812 1.383 
5.500 2.510 0.202 0.858 1.119 1.449 1.830 2.045 2.291 2.429 2.647 2.752 2.891 2.967 3.057 3.006 2.948 2.919 2.797 1.368 
5.500 3.160 0.178 0.830 1.092 1.421 1.804 2.021 2.270 2.409 2.628 2.734 2.873 2.950 3.039 2.988 2.928 2.899 2.776 1.346 
5.500 3.980 0.145 0.793 1.054 1.384 1.768 1.988 2.240 2.382 2.603 2.709 2.849 2.926 3.014 2.962 2.901 2.871 2.748 1.316 
5.500 5.010 0.101 0.744 1.005 1.335 1.721 1.944 2.202 2.346 2.569 2.677 2.817 2.895 2.981 2.928 2.866 2.835 2.710 1.276 
5.500 6.310 0.046 0.683 0.945 1.275 1.663 1.890 2.154 2.301 2.527 2.636 2.777 2.855 2.939 2.885 2.821 2.789 2.662 1.227 
5.500 7.940 -0.019 0.612 0.874 1.204 1.594 1.827 2.097 2.248 2.476 2.587 2.728 2.808 2.889 2.834 2.767 2.734 2.606 1.168 
5.500 10.000 -0.092 0.532 0.793 1.124 1.517 1.754 2.032 2.187 2.418 2.530 2.672 2.752 2.831 2.774 2.705 2.670 2.540 1.101 
5.500 12.590 -0.171 0.445 0.706 1.037 1.432 1.675 1.961 2.120 2.353 2.466 2.608 2.689 2.765 2.706 2.635 2.598 2.466 1.027 
5.500 15.850 -0.255 0.352 0.614 0.945 1.342 1.590 1.883 2.046 2.281 2.395 2.538 2.619 2.692 2.630 2.556 2.518 2.385 0.947 
5.500 19.950 -0.342 0.255 0.517 0.848 1.247 1.500 1.800 1.966 2.204 2.318 2.460 2.541 2.610 2.547 2.471 2.431 2.297 0.860 
5.500 25.120 -0.431 0.156 0.417 0.748 1.148 1.406 1.712 1.881 2.120 2.234 2.376 2.456 2.521 2.455 2.376 2.335 2.201 0.768 
5.500 31.620 -0.522 0.054 0.315 0.646 1.046 1.307 1.619 1.791 2.030 2.143 2.283 2.362 2.422 2.354 2.273 2.230 2.096 0.670 
5.500 39.810 -0.615 -0.051 0.210 0.540 0.941 1.205 1.521 1.694 1.932 2.044 2.181 2.258 2.313 2.243 2.159 2.116 1.983 0.566 
5.500 50.120 -0.710 -0.157 0.103 0.432 0.832 1.098 1.417 1.590 1.826 1.936 2.068 2.142 2.192 2.119 2.034 1.989 1.858 0.454 
5.500 63.100 -0.807 -0.266 -0.006 0.322 0.719 0.985 1.306 1.478 1.711 1.817 1.944 2.014 2.056 1.980 1.893 1.848 1.720 0.334 
5.500 79.430 -0.906 -0.378 -0.119 0.207 0.601 0.867 1.188 1.357 1.584 1.685 1.805 1.869 1.903 1.824 1.735 1.689 1.566 0.205 
5.500 100.000 -1.008 -0.493 -0.235 0.089 0.478 0.741 1.060 1.225 1.444 1.538 1.648 1.705 1.730 1.647 1.556 1.510 1.394 0.063 
5.500 125.890 -1.114 -0.612 -0.355 -0.034 0.347 0.607 0.922 1.081 1.289 1.374 1.472 1.519 1.531 1.444 1.352 1.306 1.198 -0.093 
5.500 158.490 -1.225 -0.736 -0.480 -0.164 0.208 0.462 0.771 0.921 1.116 1.189 1.270 1.306 1.302 1.210 1.116 1.071 0.975 -0.266 
5.500 199.530 -1.341 -0.866 -0.613 -0.302 0.058 0.304 0.605 0.743 0.920 0.978 1.039 1.059 1.037 0.938 0.842 0.798 0.716 -0.460 
5.500 251.190 -1.466 -1.004 -0.753 -0.449 -0.105 0.131 0.420 0.543 0.697 0.736 0.770 0.771 0.726 0.619 0.521 0.478 0.414 -0.679 
5.500 316.230 -1.601 -1.152 -0.905 -0.609 -0.285 -0.062 0.211 0.315 0.440 0.456 0.456 0.432 0.358 0.242 0.140 0.100 0.059 -0.931 
5.500 398.110 -1.748 -1.313 -1.069 -0.784 -0.485 -0.280 -0.026 0.054 0.141 0.127 0.086 0.031 -0.080 -0.209 -0.313 -0.352 -0.363 -1.223 
5.500 501.190 -1.910 -1.489 -1.251 -0.979 -0.712 -0.528 -0.299 -0.250 -0.209 -0.261 -0.355 -0.449 -0.607 -0.751 -0.860 -0.895 -0.869 -1.565 
5.500 630.960 -2.092 -1.685 -1.453 -1.198 -0.972 -0.815 -0.617 -0.607 -0.624 -0.725 -0.884 -1.028 -1.244 -1.407 -1.521 -1.553 -1.480 -1.970 
5.500 794.330 -2.299 -1.906 -1.682 -1.449 -1.273 -1.150 -0.991 -1.030 -1.121 -1.282 -1.525 -1.730 -2.020 -2.208 -2.329 -2.355 -2.224 -2.454 
5.500 1000.000 -2.538 -2.158 -1.945 -1.738 -1.626 -1.546 -1.437 -1.538 -1.721 -1.958 -2.306 -2.589 -2.972 -3.190 -3.319 -3.339 -3.134 -3.037 
5.750 1.000 0.364 1.023 1.277 1.594 1.961 2.162 2.387 2.509 2.715 2.810 2.943 3.008 3.089 3.044 2.991 2.966 2.846 1.452 
5.750 1.260 0.362 1.020 1.274 1.591 1.958 2.159 2.385 2.506 2.712 2.808 2.941 3.006 3.087 3.042 2.988 2.963 2.844 1.449 
5.750 1.580 0.359 1.015 1.268 1.586 1.953 2.154 2.381 2.503 2.709 2.805 2.938 3.002 3.083 3.039 2.985 2.960 2.840 1.445 
5.750 2.000 0.353 1.007 1.261 1.578 1.946 2.147 2.375 2.497 2.704 2.800 2.933 2.998 3.078 3.034 2.979 2.954 2.834 1.439 
5.750 2.510 0.344 0.996 1.249 1.567 1.935 2.137 2.366 2.489 2.696 2.792 2.925 2.990 3.071 3.026 2.971 2.945 2.825 1.430 
5.750 3.160 0.330 0.978 1.231 1.549 1.918 2.121 2.352 2.476 2.684 2.781 2.914 2.979 3.059 3.014 2.958 2.932 2.811 1.416 
5.750 3.980 0.309 0.953 1.206 1.524 1.894 2.099 2.332 2.458 2.667 2.764 2.898 2.963 3.042 2.996 2.940 2.914 2.792 1.396 
5.750 5.010 0.279 0.918 1.171 1.489 1.860 2.068 2.305 2.433 2.643 2.741 2.875 2.941 3.019 2.972 2.915 2.888 2.765 1.368 
5.750 6.310 0.238 0.872 1.125 1.444 1.816 2.028 2.269 2.399 2.612 2.710 2.845 2.912 2.988 2.940 2.881 2.853 2.729 1.330 
5.750 7.940 0.186 0.814 1.068 1.386 1.761 1.976 2.224 2.357 2.571 2.671 2.807 2.874 2.948 2.899 2.838 2.809 2.683 1.283 
5.750 10.000 0.125 0.745 0.999 1.318 1.694 1.915 2.169 2.306 2.523 2.624 2.760 2.827 2.899 2.848 2.786 2.755 2.628 1.227 
5.750 12.590 0.054 0.667 0.920 1.240 1.618 1.844 2.105 2.246 2.466 2.568 2.704 2.773 2.842 2.789 2.724 2.691 2.563 1.161 
5.750 15.850 -0.024 0.581 0.834 1.154 1.535 1.766 2.035 2.180 2.402 2.505 2.641 2.710 2.775 2.721 2.653 2.619 2.489 1.087 
5.750 19.950 -0.106 0.489 0.742 1.062 1.445 1.681 1.958 2.106 2.330 2.434 2.571 2.639 2.701 2.644 2.574 2.538 2.407 1.007 
5.750 25.120 -0.193 0.392 0.646 0.965 1.350 1.591 1.875 2.027 2.252 2.357 2.492 2.560 2.618 2.559 2.486 2.448 2.316 0.919 
5.750 31.620 -0.283 0.292 0.545 0.864 1.250 1.496 1.786 1.941 2.168 2.271 2.405 2.472 2.525 2.464 2.388 2.349 2.217 0.826 
5.750 39.810 -0.374 0.189 0.442 0.760 1.147 1.396 1.692 1.849 2.075 2.178 2.309 2.374 2.422 2.358 2.279 2.239 2.108 0.725 
5.750 50.120 -0.468 0.084 0.336 0.654 1.039 1.291 1.591 1.750 1.974 2.075 2.202 2.265 2.306 2.239 2.158 2.117 1.987 0.617 
5.750 63.100 -0.565 -0.025 0.227 0.543 0.927 1.181 1.484 1.642 1.863 1.960 2.083 2.141 2.175 2.106 2.022 1.980 1.853 0.501 
5.750 79.430 -0.664 -0.136 0.115 0.430 0.810 1.064 1.368 1.524 1.741 1.833 1.948 2.001 2.027 1.954 1.868 1.825 1.703 0.374 
5.750 100.000 -0.766 -0.251 -0.001 0.311 0.688 0.940 1.243 1.395 1.605 1.690 1.796 1.842 1.857 1.780 1.693 1.650 1.534 0.234 
5.750 125.890 -0.871 -0.370 -0.121 0.188 0.558 0.807 1.107 1.253 1.452 1.529 1.623 1.659 1.662 1.581 1.491 1.448 1.340 0.081 
5.750 158.490 -0.982 -0.494 -0.246 0.059 0.419 0.663 0.958 1.096 1.281 1.346 1.423 1.448 1.436 1.349 1.258 1.215 1.118 -0.091 
5.750 199.530 -1.099 -0.624 -0.378 -0.079 0.269 0.505 0.792 0.919 1.086 1.137 1.194 1.203 1.172 1.079 0.985 0.943 0.861 -0.284 
5.750 251.190 -1.224 -0.762 -0.519 -0.226 0.106 0.332 0.608 0.719 0.864 0.896 0.926 0.916 0.862 0.761 0.665 0.624 0.560 -0.503 
5.750 316.230 -1.358 -0.910 -0.670 -0.386 -0.074 0.139 0.400 0.492 0.608 0.616 0.613 0.579 0.495 0.384 0.285 0.246 0.206 -0.755 
5.750 398.110 -1.505 -1.071 -0.835 -0.561 -0.274 -0.078 0.163 0.231 0.310 0.288 0.243 0.178 0.057 -0.067 -0.169 -0.205 -0.216 -1.047 
5.750 501.190 -1.668 -1.247 -1.016 -0.756 -0.501 -0.326 -0.110 -0.073 -0.040 -0.100 -0.197 -0.302 -0.470 -0.608 -0.715 -0.748 -0.722 -1.389 
5.750 630.960 -1.850 -1.443 -1.219 -0.975 -0.760 -0.613 -0.428 -0.430 -0.455 -0.564 -0.727 -0.881 -1.107 -1.265 -1.376 -1.406 -1.333 -1.793 
5.750 794.330 -2.057 -1.664 -1.448 -1.226 -1.061 -0.948 -0.802 -0.853 -0.952 -1.121 -1.367 -1.584 -1.883 -2.066 -2.184 -2.208 -2.077 -2.277 
5.750 1000.000 -2.295 -1.916 -1.711 -1.515 -1.414 -1.345 -1.248 -1.360 -1.552 -1.797 -2.148 -2.443 -2.834 -3.048 -3.174 -3.192 -2.987 -2.861 
6.000 1.000 0.486 1.140 1.385 1.691 2.045 2.234 2.445 2.553 2.749 2.836 2.964 3.016 3.088 3.048 2.998 2.975 2.856 1.497 
6.000 1.260 0.485 1.138 1.383 1.689 2.044 2.233 2.444 2.552 2.748 2.835 2.962 3.015 3.087 3.047 2.996 2.974 2.855 1.495 
6.000 1.580 0.484 1.135 1.380 1.687 2.041 2.230 2.441 2.550 2.746 2.833 2.960 3.013 3.085 3.045 2.994 2.972 2.853 1.493 
6.000 2.000 0.482 1.131 1.376 1.682 2.036 2.226 2.438 2.547 2.743 2.830 2.958 3.011 3.082 3.042 2.991 2.968 2.849 1.489 
6.000 2.510 0.477 1.124 1.369 1.675 2.030 2.220 2.433 2.542 2.738 2.825 2.953 3.006 3.077 3.037 2.986 2.963 2.844 1.484 
6.000 3.160 0.470 1.113 1.358 1.664 2.020 2.211 2.424 2.534 2.731 2.819 2.946 3.000 3.070 3.030 2.978 2.955 2.836 1.475 
6.000 3.980 0.458 1.097 1.342 1.649 2.004 2.197 2.412 2.523 2.720 2.808 2.936 2.990 3.059 3.019 2.967 2.943 2.823 1.462 
6.000 5.010 0.439 1.074 1.319 1.626 1.982 2.176 2.394 2.506 2.705 2.793 2.921 2.975 3.044 3.003 2.950 2.926 2.806 1.444 
6.000 6.310 0.412 1.042 1.287 1.594 1.951 2.148 2.369 2.483 2.683 2.772 2.900 2.954 3.022 2.980 2.926 2.902 2.780 1.418 
6.000 7.940 0.374 0.999 1.244 1.551 1.910 2.109 2.335 2.452 2.653 2.743 2.872 2.926 2.992 2.950 2.894 2.868 2.746 1.383 
6.000 10.000 0.326 0.944 1.189 1.496 1.857 2.060 2.292 2.411 2.615 2.705 2.835 2.890 2.954 2.910 2.853 2.826 2.702 1.338 
6.000 12.590 0.267 0.877 1.123 1.430 1.793 2.001 2.239 2.362 2.568 2.659 2.789 2.845 2.906 2.860 2.801 2.772 2.648 1.283 
6.000 15.850 0.199 0.801 1.046 1.354 1.719 1.932 2.177 2.304 2.512 2.605 2.735 2.790 2.849 2.801 2.739 2.709 2.583 1.218 
6.000 19.950 0.123 0.716 0.961 1.269 1.636 1.855 2.107 2.238 2.448 2.542 2.672 2.728 2.782 2.733 2.668 2.636 2.509 1.145 
6.000 25.120 0.041 0.625 0.870 1.177 1.546 1.770 2.031 2.165 2.377 2.471 2.601 2.656 2.706 2.654 2.587 2.553 2.425 1.064 
6.000 31.620 -0.045 0.528 0.773 1.080 1.450 1.680 1.948 2.085 2.299 2.392 2.521 2.575 2.621 2.566 2.495 2.460 2.331 0.976 
6.000 39.810 -0.135 0.427 0.672 0.979 1.350 1.583 1.858 1.999 2.212 2.305 2.431 2.484 2.524 2.466 2.393 2.356 2.228 0.880 
6.000 50.120 -0.228 0.323 0.567 0.873 1.244 1.482 1.762 1.904 2.117 2.208 2.330 2.381 2.414 2.354 2.278 2.239 2.112 0.776 
6.000 63.100 -0.323 0.216 0.460 0.764 1.134 1.374 1.658 1.801 2.011 2.099 2.217 2.263 2.289 2.226 2.147 2.107 1.983 0.663 
6.000 79.430 -0.422 0.105 0.348 0.651 1.018 1.259 1.546 1.688 1.894 1.977 2.088 2.129 2.147 2.079 1.998 1.958 1.837 0.540 
6.000 100.000 -0.523 -0.009 0.233 0.534 0.897 1.137 1.424 1.563 1.762 1.839 1.940 1.975 1.982 1.910 1.827 1.786 1.671 0.404 
6.000 125.890 -0.629 -0.128 0.113 0.411 0.767 1.005 1.291 1.424 1.613 1.682 1.771 1.797 1.791 1.715 1.629 1.588 1.481 0.252 
6.000 158.490 -0.740 -0.252 -0.012 0.281 0.629 0.862 1.143 1.269 1.445 1.502 1.575 1.589 1.568 1.486 1.398 1.357 1.261 0.083 
6.000 199.530 -0.857 -0.382 -0.144 0.144 0.480 0.706 0.979 1.094 1.252 1.295 1.348 1.346 1.306 1.218 1.127 1.088 1.005 -0.109 
6.000 251.190 -0.981 -0.520 -0.285 -0.003 0.317 0.534 0.796 0.895 1.031 1.056 1.082 1.061 0.997 0.901 0.808 0.770 0.706 -0.327 
6.000 316.230 -1.116 -0.668 -0.436 -0.163 0.138 0.341 0.588 0.669 0.776 0.776 0.770 0.724 0.631 0.525 0.429 0.392 0.352 -0.578 
6.000 398.110 -1.263 -0.828 -0.601 -0.338 -0.063 0.124 0.352 0.408 0.478 0.448 0.400 0.324 0.194 0.075 -0.024 -0.058 -0.070 -0.870 
6.000 501.190 -1.425 -1.004 -0.782 -0.533 -0.289 -0.125 0.079 0.104 0.128 0.060 -0.040 -0.156 -0.333 -0.466 -0.570 -0.601 -0.575 -1.212 
6.000 630.960 -1.608 -1.200 -0.985 -0.752 -0.549 -0.411 -0.239 -0.252 -0.287 -0.403 -0.570 -0.734 -0.969 -1.123 -1.231 -1.259 -1.186 -1.617 
6.000 794.330 -1.815 -1.421 -1.214 -1.002 -0.850 -0.747 -0.613 -0.676 -0.784 -0.960 -1.210 -1.437 -1.746 -1.923 -2.039 -2.061 -1.930 -2.100 
6.000 1000.000 -2.053 -1.674 -1.476 -1.292 -1.203 -1.143 -1.059 -1.183 -1.383 -1.636 -1.991 -2.296 -2.697 -2.906 -3.029 -3.045 -2.840 -2.684 
6.250 1.000 0.606 1.255 1.492 1.786 2.127 2.306 2.502 2.597 2.782 2.860 2.982 3.023 3.084 3.050 3.002 2.982 2.864 1.539 
6.250 1.260 0.606 1.254 1.491 1.785 2.126 2.305 2.501 2.596 2.781 2.859 2.982 3.023 3.084 3.049 3.001 2.981 2.863 1.539 
6.250 1.580 0.606 1.252 1.489 1.784 2.125 2.303 2.499 2.595 2.780 2.858 2.980 3.022 3.083 3.048 3.000 2.980 2.862 1.537 
6.250 2.000 0.606 1.250 1.487 1.781 2.122 2.301 2.497 2.593 2.778 2.857 2.979 3.020 3.081 3.046 2.998 2.978 2.860 1.535 
6.250 2.510 0.604 1.246 1.483 1.777 2.118 2.297 2.494 2.590 2.776 2.854 2.976 3.017 3.078 3.043 2.995 2.975 2.857 1.532 
6.250 3.160 0.601 1.239 1.476 1.771 2.112 2.292 2.489 2.586 2.771 2.850 2.972 3.013 3.074 3.039 2.991 2.970 2.852 1.527 
6.250 3.980 0.595 1.230 1.467 1.761 2.103 2.283 2.482 2.579 2.765 2.844 2.966 3.007 3.067 3.032 2.984 2.962 2.844 1.519 
6.250 5.010 0.584 1.215 1.452 1.747 2.089 2.271 2.471 2.568 2.755 2.834 2.957 2.998 3.058 3.022 2.973 2.952 2.833 1.508 
6.250 6.310 0.568 1.194 1.431 1.726 2.069 2.252 2.455 2.553 2.741 2.820 2.943 2.984 3.043 3.007 2.957 2.935 2.816 1.490 
6.250 7.940 0.544 1.165 1.402 1.696 2.041 2.226 2.431 2.532 2.721 2.800 2.923 2.965 3.023 2.986 2.935 2.912 2.793 1.466 
6.250 10.000 0.509 1.124 1.361 1.656 2.002 2.190 2.400 2.502 2.693 2.773 2.896 2.938 2.994 2.956 2.904 2.881 2.760 1.433 
6.250 12.590 0.464 1.072 1.309 1.604 1.951 2.143 2.359 2.464 2.656 2.737 2.861 2.903 2.957 2.918 2.864 2.839 2.717 1.390 
6.250 15.850 0.408 1.008 1.245 1.541 1.890 2.086 2.308 2.417 2.611 2.693 2.816 2.859 2.910 2.869 2.813 2.787 2.664 1.337 
6.250 19.950 0.342 0.934 1.171 1.466 1.817 2.018 2.247 2.360 2.556 2.639 2.763 2.805 2.853 2.810 2.751 2.723 2.599 1.274 
6.250 25.120 0.268 0.850 1.087 1.382 1.735 1.942 2.179 2.295 2.493 2.576 2.700 2.742 2.785 2.740 2.678 2.649 2.524 1.201 
6.250 31.620 0.187 0.759 0.996 1.291 1.645 1.858 2.102 2.222 2.422 2.505 2.627 2.669 2.707 2.659 2.594 2.563 2.438 1.119 
6.250 39.810 0.101 0.662 0.899 1.193 1.549 1.766 2.018 2.142 2.342 2.425 2.545 2.585 2.617 2.567 2.499 2.466 2.340 1.029 
6.250 50.120 0.011 0.560 0.797 1.091 1.447 1.668 1.927 2.053 2.253 2.334 2.451 2.489 2.515 2.461 2.390 2.355 2.231 0.930 
6.250 63.100 -0.083 0.455 0.691 0.983 1.339 1.564 1.828 1.955 2.153 2.232 2.344 2.379 2.397 2.339 2.266 2.229 2.107 0.822 
6.250 79.430 -0.181 0.345 0.580 0.872 1.225 1.452 1.721 1.847 2.042 2.116 2.222 2.252 2.261 2.199 2.122 2.085 1.966 0.703 
6.250 100.000 -0.282 0.232 0.466 0.755 1.105 1.332 1.603 1.727 1.915 1.984 2.081 2.104 2.102 2.036 1.957 1.919 1.805 0.570 
6.250 125.890 -0.387 0.114 0.347 0.633 0.976 1.203 1.472 1.592 1.771 1.832 1.916 1.931 1.916 1.846 1.763 1.725 1.618 0.422 
6.250 158.490 -0.498 -0.010 0.222 0.504 0.839 1.061 1.327 1.440 1.606 1.656 1.725 1.728 1.697 1.621 1.536 1.498 1.402 0.255 
6.250 199.530 -0.614 -0.140 0.090 0.367 0.690 0.906 1.165 1.268 1.417 1.452 1.500 1.488 1.439 1.356 1.268 1.231 1.149 0.065 
6.250 251.190 -0.739 -0.278 -0.051 0.220 0.528 0.735 0.983 1.071 1.198 1.214 1.237 1.205 1.132 1.041 0.951 0.914 0.850 -0.152 
6.250 316.230 -0.873 -0.426 -0.202 0.060 0.349 0.542 0.776 0.845 0.943 0.936 0.926 0.870 0.767 0.666 0.573 0.538 0.497 -0.402 
6.250 398.110 -1.020 -0.586 -0.367 -0.115 0.148 0.325 0.540 0.585 0.646 0.609 0.557 0.470 0.330 0.217 0.121 0.088 0.076 -0.694 
6.250 501.190 -1.183 -0.762 -0.548 -0.310 -0.078 0.077 0.268 0.281 0.297 0.221 0.117 -0.010 -0.196 -0.324 -0.425 -0.454 -0.429 -1.035 
6.250 630.960 -1.365 -0.958 -0.750 -0.529 -0.338 -0.210 -0.050 -0.075 -0.118 -0.242 -0.412 -0.588 -0.832 -0.981 -1.086 -1.112 -1.040 -1.440 
6.250 794.330 -1.572 -1.179 -0.979 -0.779 -0.639 -0.545 -0.425 -0.499 -0.615 -0.799 -1.053 -1.291 -1.609 -1.781 -1.894 -1.914 -1.783 -1.924 
6.250 1000.000 -1.811 -1.431 -1.242 -1.069 -0.991 -0.941 -0.870 -1.006 -1.215 -1.475 -1.834 -2.149 -2.560 -2.763 -2.884 -2.899 -2.694 -2.507 
6.500 1.000 0.725 1.368 1.597 1.880 2.208 2.375 2.557 2.639 2.813 2.882 2.999 3.028 3.078 3.048 3.003 2.985 2.868 1.580 
6.500 1.260 0.726 1.368 1.597 1.879 2.207 2.375 2.556 2.638 2.813 2.882 2.998 3.027 3.077 3.047 3.003 2.984 2.868 1.580 
6.500 1.580 0.727 1.367 1.596 1.879 2.206 2.374 2.556 2.638 2.812 2.881 2.998 3.027 3.077 3.047 3.002 2.983 2.867 1.579 
6.500 2.000 0.727 1.365 1.594 1.877 2.205 2.373 2.554 2.637 2.811 2.880 2.997 3.026 3.076 3.046 3.001 2.982 2.866 1.578 
6.500 2.510 0.727 1.363 1.592 1.875 2.203 2.371 2.553 2.635 2.810 2.879 2.995 3.024 3.074 3.044 2.999 2.980 2.864 1.576 
6.500 3.160 0.726 1.360 1.589 1.871 2.199 2.368 2.550 2.632 2.807 2.877 2.993 3.022 3.072 3.042 2.996 2.978 2.861 1.573 
6.500 3.980 0.723 1.354 1.583 1.866 2.194 2.363 2.546 2.628 2.804 2.873 2.989 3.018 3.068 3.038 2.992 2.973 2.857 1.568 
6.500 5.010 0.718 1.345 1.574 1.857 2.186 2.355 2.539 2.622 2.798 2.867 2.984 3.013 3.062 3.031 2.985 2.967 2.850 1.561 
6.500 6.310 0.710 1.332 1.561 1.844 2.173 2.343 2.529 2.613 2.789 2.858 2.975 3.004 3.053 3.022 2.976 2.956 2.839 1.551 
6.500 7.940 0.696 1.313 1.542 1.825 2.155 2.326 2.514 2.599 2.776 2.846 2.962 2.992 3.039 3.008 2.961 2.941 2.824 1.535 
6.500 10.000 0.674 1.286 1.515 1.797 2.128 2.302 2.492 2.579 2.757 2.827 2.944 2.973 3.020 2.988 2.940 2.919 2.801 1.513 
6.500 12.590 0.643 1.248 1.477 1.760 2.092 2.268 2.463 2.552 2.731 2.801 2.918 2.948 2.993 2.959 2.910 2.889 2.770 1.481 
6.500 15.850 0.601 1.199 1.428 1.711 2.044 2.224 2.424 2.515 2.696 2.767 2.884 2.914 2.956 2.922 2.871 2.848 2.729 1.440 
6.500 19.950 0.548 1.137 1.366 1.649 1.984 2.169 2.375 2.470 2.652 2.724 2.841 2.870 2.910 2.873 2.820 2.796 2.676 1.389 
6.500 25.120 0.485 1.065 1.293 1.577 1.913 2.103 2.316 2.414 2.598 2.671 2.787 2.817 2.852 2.814 2.758 2.732 2.611 1.326 
6.500 31.620 0.412 0.982 1.211 1.494 1.832 2.027 2.248 2.350 2.536 2.608 2.723 2.752 2.783 2.742 2.683 2.656 2.534 1.253 
6.500 39.810 0.332 0.891 1.120 1.403 1.742 1.943 2.171 2.277 2.463 2.536 2.649 2.677 2.702 2.658 2.596 2.567 2.444 1.170 
6.500 50.120 0.246 0.794 1.022 1.304 1.645 1.850 2.087 2.195 2.382 2.453 2.563 2.589 2.607 2.560 2.494 2.463 2.342 1.078 
6.500 63.100 0.154 0.691 0.919 1.200 1.541 1.750 1.993 2.104 2.289 2.358 2.464 2.486 2.497 2.446 2.377 2.344 2.224 0.975 
6.500 79.430 0.059 0.584 0.811 1.090 1.429 1.642 1.891 2.002 2.184 2.249 2.349 2.367 2.368 2.313 2.241 2.207 2.089 0.861 
6.500 100.000 -0.041 0.472 0.698 0.975 1.311 1.525 1.777 1.887 2.064 2.124 2.215 2.227 2.216 2.157 2.081 2.046 1.934 0.733 
6.500 125.890 -0.146 0.354 0.579 0.854 1.184 1.398 1.651 1.757 1.926 1.978 2.057 2.060 2.037 1.972 1.894 1.858 1.753 0.589 
6.500 158.490 -0.256 0.231 0.455 0.726 1.048 1.259 1.510 1.609 1.766 1.807 1.871 1.863 1.824 1.753 1.671 1.635 1.540 0.425 
6.500 199.530 -0.372 0.102 0.323 0.589 0.900 1.106 1.350 1.440 1.580 1.607 1.651 1.628 1.569 1.492 1.407 1.372 1.290 0.238 
6.500 251.190 -0.497 -0.036 0.183 0.442 0.739 0.935 1.170 1.245 1.363 1.372 1.390 1.348 1.266 1.180 1.093 1.058 0.994 0.023 
6.500 316.230 -0.631 -0.184 0.032 0.283 0.560 0.743 0.964 1.021 1.110 1.095 1.081 1.014 0.902 0.807 0.716 0.683 0.643 -0.227 
6.500 398.110 -0.778 -0.344 -0.132 0.108 0.360 0.527 0.728 0.761 0.814 0.769 0.713 0.615 0.466 0.358 0.265 0.234 0.222 -0.517 
6.500 501.190 -0.941 -0.520 -0.314 -0.087 0.133 0.279 0.456 0.458 0.465 0.382 0.273 0.137 -0.059 -0.182 -0.280 -0.308 -0.283 -0.859 
6.500 630.960 -1.123 -0.716 -0.516 -0.306 -0.126 -0.008 0.139 0.102 0.050 -0.081 -0.255 -0.442 -0.695 -0.839 -0.942 -0.965 -0.893 -1.263 
6.500 794.330 -1.330 -0.937 -0.745 -0.556 -0.427 -0.343 -0.236 -0.321 -0.447 -0.638 -0.896 -1.144 -1.471 -1.639 -1.749 -1.768 -1.637 -1.747 
6.500 1000.000 -1.568 -1.189 -1.008 -0.845 -0.780 -0.739 -0.681 -0.829 -1.046 -1.314 -1.677 -2.003 -2.423 -2.621 -2.739 -2.752 -2.547 -2.330 
6.750 1.000 0.843 1.481 1.702 1.972 2.287 2.444 2.611 2.680 2.843 2.903 3.013 3.029 3.068 3.042 3.000 2.983 2.869 1.619 
6.750 1.260 0.844 1.480 1.701 1.972 2.287 2.443 2.610 2.679 2.843 2.903 3.013 3.029 3.068 3.042 3.000 2.983 2.869 1.619 
6.750 1.580 0.845 1.480 1.701 1.971 2.286 2.443 2.610 2.679 2.843 2.902 3.012 3.029 3.067 3.042 2.999 2.983 2.868 1.618 
6.750 2.000 0.846 1.479 1.700 1.971 2.285 2.442 2.609 2.678 2.842 2.902 3.012 3.028 3.067 3.041 2.998 2.982 2.868 1.617 
6.750 2.510 0.846 1.478 1.699 1.969 2.284 2.441 2.608 2.678 2.841 2.901 3.011 3.027 3.066 3.040 2.997 2.981 2.866 1.616 
6.750 3.160 0.847 1.476 1.696 1.967 2.282 2.439 2.607 2.676 2.840 2.899 3.010 3.026 3.064 3.038 2.996 2.979 2.865 1.615 
6.750 3.980 0.846 1.472 1.693 1.964 2.279 2.436 2.604 2.674 2.838 2.897 3.007 3.024 3.062 3.036 2.993 2.977 2.862 1.612 
6.750 5.010 0.845 1.467 1.688 1.959 2.274 2.432 2.600 2.670 2.834 2.894 3.004 3.020 3.058 3.032 2.989 2.973 2.858 1.608 
6.750 6.310 0.841 1.460 1.680 1.951 2.266 2.425 2.594 2.664 2.829 2.889 2.999 3.015 3.053 3.027 2.983 2.966 2.852 1.601 
6.750 7.940 0.834 1.448 1.669 1.939 2.255 2.414 2.585 2.656 2.821 2.881 2.991 3.007 3.044 3.018 2.974 2.957 2.842 1.592 
6.750 10.000 0.822 1.430 1.651 1.922 2.238 2.399 2.571 2.643 2.809 2.869 2.979 2.995 3.032 3.004 2.960 2.943 2.827 1.577 
6.750 12.590 0.803 1.405 1.626 1.897 2.214 2.376 2.552 2.625 2.791 2.851 2.962 2.978 3.013 2.985 2.940 2.922 2.806 1.556 
6.750 15.850 0.775 1.370 1.591 1.862 2.180 2.345 2.524 2.599 2.766 2.827 2.937 2.954 2.987 2.958 2.911 2.892 2.776 1.527 
6.750 19.950 0.737 1.323 1.544 1.815 2.134 2.303 2.487 2.565 2.733 2.794 2.904 2.921 2.951 2.921 2.872 2.852 2.735 1.488 
6.750 25.120 0.687 1.264 1.485 1.756 2.077 2.250 2.440 2.521 2.691 2.752 2.861 2.877 2.905 2.872 2.822 2.800 2.682 1.437 
6.750 31.620 0.625 1.194 1.414 1.685 2.007 2.185 2.382 2.466 2.638 2.699 2.808 2.823 2.846 2.811 2.758 2.735 2.616 1.375 
6.750 39.810 0.554 1.112 1.333 1.603 1.927 2.110 2.315 2.402 2.575 2.636 2.743 2.757 2.774 2.737 2.680 2.656 2.537 1.302 
6.750 50.120 0.474 1.022 1.242 1.512 1.836 2.025 2.238 2.329 2.501 2.562 2.666 2.678 2.689 2.648 2.588 2.561 2.443 1.217 
6.750 63.100 0.388 0.924 1.143 1.412 1.737 1.931 2.152 2.245 2.417 2.475 2.575 2.585 2.587 2.543 2.479 2.451 2.333 1.122 
6.750 79.430 0.295 0.820 1.039 1.306 1.630 1.828 2.055 2.149 2.319 2.374 2.468 2.474 2.467 2.418 2.351 2.321 2.206 1.013 
6.750 100.000 0.197 0.710 0.928 1.193 1.515 1.715 1.947 2.041 2.206 2.257 2.343 2.342 2.324 2.270 2.199 2.167 2.057 0.891 
6.750 125.890 0.094 0.594 0.811 1.074 1.390 1.591 1.826 1.918 2.075 2.118 2.193 2.184 2.152 2.093 2.019 1.986 1.882 0.752 
6.750 158.490 -0.015 0.472 0.687 0.946 1.256 1.455 1.689 1.775 1.921 1.954 2.014 1.994 1.946 1.881 1.803 1.769 1.675 0.593 
6.750 199.530 -0.131 0.343 0.556 0.811 1.109 1.304 1.533 1.610 1.740 1.759 1.799 1.765 1.697 1.625 1.544 1.510 1.429 0.409 
6.750 251.190 -0.255 0.206 0.417 0.664 0.948 1.135 1.355 1.418 1.527 1.528 1.542 1.489 1.397 1.317 1.232 1.200 1.136 0.196 
6.750 316.230 -0.389 0.058 0.266 0.505 0.770 0.944 1.151 1.196 1.276 1.254 1.235 1.158 1.036 0.946 0.858 0.827 0.787 -0.052 
6.750 398.110 -0.536 -0.102 0.102 0.331 0.570 0.728 0.916 0.937 0.981 0.929 0.869 0.760 0.602 0.499 0.408 0.379 0.368 -0.342 
6.750 501.190 -0.698 -0.278 -0.080 0.136 0.344 0.480 0.644 0.635 0.633 0.542 0.430 0.282 0.077 -0.041 -0.136 -0.162 -0.137 -0.682 
6.750 630.960 -0.881 -0.474 -0.282 -0.083 0.085 0.194 0.327 0.279 0.218 0.079 -0.099 -0.296 -0.559 -0.697 -0.797 -0.819 -0.747 -1.087 
6.750 794.330 -1.088 -0.695 -0.511 -0.333 -0.216 -0.141 -0.047 -0.144 -0.278 -0.478 -0.739 -0.998 -1.335 -1.497 -1.604 -1.621 -1.491 -1.570 
6.750 1000.000 -1.326 -0.947 -0.773 -0.622 -0.569 -0.537 -0.493 -0.651 -0.878 -1.153 -1.520 -1.857 -2.286 -2.479 -2.595 -2.605 -2.401 -2.154 
7.000 1.000 0.960 1.592 1.804 2.063 2.364 2.510 2.663 2.719 2.871 2.921 3.024 3.027 3.053 3.032 2.991 2.977 2.865 1.655 
7.000 1.260 0.961 1.591 1.804 2.063 2.364 2.510 2.663 2.719 2.871 2.921 3.024 3.027 3.053 3.031 2.991 2.977 2.864 1.655 
7.000 1.580 0.962 1.591 1.804 2.062 2.363 2.510 2.663 2.719 2.871 2.920 3.024 3.027 3.053 3.031 2.991 2.977 2.864 1.654 
7.000 2.000 0.963 1.591 1.803 2.062 2.363 2.509 2.663 2.718 2.871 2.920 3.023 3.026 3.053 3.031 2.991 2.976 2.864 1.654 
7.000 2.510 0.964 1.590 1.802 2.061 2.362 2.509 2.662 2.718 2.870 2.920 3.023 3.026 3.052 3.030 2.990 2.976 2.863 1.653 
7.000 3.160 0.965 1.589 1.801 2.060 2.361 2.508 2.661 2.717 2.869 2.919 3.022 3.025 3.051 3.029 2.989 2.975 2.862 1.652 
7.000 3.980 0.966 1.587 1.799 2.058 2.359 2.506 2.660 2.716 2.868 2.918 3.021 3.024 3.050 3.028 2.988 2.973 2.860 1.651 
7.000 5.010 0.966 1.584 1.796 2.055 2.356 2.503 2.657 2.713 2.866 2.916 3.019 3.022 3.048 3.026 2.985 2.971 2.858 1.648 
7.000 6.310 0.965 1.579 1.792 2.051 2.352 2.499 2.654 2.710 2.863 2.912 3.016 3.019 3.044 3.022 2.981 2.967 2.854 1.645 
7.000 7.940 0.963 1.572 1.785 2.044 2.345 2.493 2.648 2.705 2.858 2.908 3.011 3.014 3.039 3.017 2.976 2.961 2.848 1.639 
7.000 10.000 0.957 1.562 1.774 2.033 2.335 2.484 2.640 2.697 2.850 2.900 3.003 3.006 3.031 3.008 2.967 2.952 2.839 1.630 
7.000 12.590 0.947 1.546 1.758 2.017 2.319 2.469 2.627 2.686 2.839 2.889 2.992 2.995 3.019 2.996 2.954 2.938 2.825 1.616 
7.000 15.850 0.931 1.523 1.735 1.994 2.297 2.448 2.609 2.669 2.823 2.873 2.976 2.979 3.001 2.977 2.934 2.918 2.804 1.597 
7.000 19.950 0.906 1.490 1.702 1.961 2.265 2.419 2.583 2.645 2.800 2.850 2.952 2.955 2.975 2.950 2.906 2.889 2.775 1.569 
7.000 25.120 0.870 1.446 1.658 1.917 2.222 2.379 2.548 2.612 2.768 2.818 2.920 2.923 2.940 2.913 2.867 2.849 2.735 1.531 
7.000 31.620 0.823 1.389 1.601 1.860 2.166 2.328 2.503 2.569 2.726 2.777 2.877 2.879 2.893 2.864 2.816 2.797 2.682 1.482 
7.000 39.810 0.764 1.320 1.532 1.790 2.098 2.264 2.446 2.516 2.674 2.724 2.823 2.824 2.833 2.801 2.750 2.729 2.614 1.420 
7.000 50.120 0.694 1.240 1.452 1.709 2.018 2.189 2.379 2.452 2.610 2.659 2.756 2.756 2.758 2.723 2.669 2.646 2.531 1.346 
7.000 63.100 0.615 1.150 1.361 1.618 1.927 2.103 2.301 2.376 2.534 2.582 2.675 2.672 2.666 2.628 2.570 2.545 2.432 1.259 
7.000 79.430 0.527 1.051 1.261 1.517 1.825 2.007 2.212 2.289 2.446 2.490 2.578 2.571 2.556 2.513 2.451 2.425 2.313 1.158 
7.000 100.000 0.433 0.944 1.154 1.408 1.714 1.900 2.111 2.189 2.341 2.382 2.462 2.449 2.422 2.375 2.308 2.280 2.172 1.043 
7.000 125.890 0.332 0.831 1.040 1.291 1.594 1.781 1.996 2.073 2.218 2.252 2.321 2.300 2.260 2.207 2.136 2.107 2.005 0.910 
7.000 158.490 0.224 0.711 0.918 1.166 1.462 1.648 1.865 1.937 2.072 2.096 2.150 2.119 2.062 2.002 1.928 1.898 1.805 0.756 
7.000 199.530 0.109 0.583 0.788 1.031 1.317 1.500 1.714 1.777 1.897 1.907 1.943 1.897 1.820 1.753 1.676 1.645 1.565 0.577 
7.000 251.190 -0.014 0.446 0.649 0.886 1.157 1.333 1.539 1.590 1.689 1.681 1.691 1.627 1.526 1.451 1.370 1.339 1.276 0.367 
7.000 316.230 -0.148 0.299 0.499 0.727 0.980 1.144 1.337 1.370 1.441 1.410 1.388 1.299 1.169 1.083 0.999 0.970 0.929 0.122 
7.000 398.110 -0.294 0.140 0.335 0.553 0.781 0.928 1.104 1.113 1.148 1.087 1.024 0.904 0.736 0.638 0.550 0.523 0.512 -0.167 
7.000 501.190 -0.456 -0.036 0.154 0.359 0.555 0.681 0.832 0.811 0.800 0.702 0.586 0.427 0.213 0.099 0.007 -0.017 0.008 -0.507 
7.000 630.960 -0.638 -0.232 -0.048 0.140 0.296 0.395 0.515 0.455 0.386 0.240 0.058 -0.150 -0.423 -0.556 -0.654 -0.674 -0.602 -0.911 
7.000 794.330 -0.845 -0.453 -0.277 -0.110 -0.005 0.060 0.141 0.032 -0.110 -0.317 -0.583 -0.852 -1.198 -1.356 -1.460 -1.475 -1.345 -1.394 
7.000 1000.000 -1.084 -0.705 -0.539 -0.400 -0.358 -0.336 -0.304 -0.475 -0.710 -0.993 -1.363 -1.711 -2.149 -2.338 -2.450 -2.459 -2.255 -1.977 
7.250 1.000 1.075 1.701 1.905 2.151 2.438 2.574 2.714 2.756 2.897 2.936 3.031 3.020 3.033 3.014 2.976 2.963 2.854 1.687 
7.250 1.260 1.075 1.701 1.905 2.151 2.438 2.574 2.714 2.756 2.897 2.936 3.031 3.020 3.033 3.014 2.976 2.963 2.853 1.687 
7.250 1.580 1.076 1.700 1.905 2.151 2.438 2.574 2.714 2.756 2.896 2.935 3.031 3.020 3.032 3.014 2.976 2.963 2.853 1.687 
7.250 2.000 1.077 1.700 1.904 2.151 2.438 2.574 2.714 2.756 2.896 2.935 3.030 3.020 3.032 3.014 2.976 2.963 2.853 1.687 
7.250 2.510 1.079 1.700 1.904 2.150 2.437 2.574 2.713 2.756 2.896 2.935 3.030 3.020 3.032 3.014 2.975 2.963 2.853 1.686 
7.250 3.160 1.080 1.699 1.903 2.149 2.437 2.573 2.713 2.755 2.895 2.935 3.030 3.019 3.031 3.013 2.975 2.962 2.852 1.686 
7.250 3.980 1.082 1.698 1.902 2.148 2.436 2.572 2.712 2.754 2.895 2.934 3.029 3.018 3.031 3.012 2.974 2.961 2.851 1.685 
7.250 5.010 1.083 1.696 1.900 2.147 2.434 2.571 2.711 2.753 2.894 2.933 3.028 3.017 3.029 3.011 2.972 2.960 2.850 1.684 
7.250 6.310 1.084 1.694 1.898 2.144 2.431 2.568 2.709 2.751 2.892 2.931 3.026 3.015 3.027 3.009 2.970 2.957 2.847 1.681 
7.250 7.940 1.084 1.690 1.894 2.140 2.427 2.565 2.705 2.748 2.889 2.928 3.023 3.012 3.024 3.005 2.966 2.954 2.844 1.678 
7.250 10.000 1.083 1.683 1.887 2.134 2.421 2.559 2.700 2.744 2.884 2.923 3.018 3.008 3.019 3.000 2.961 2.948 2.838 1.672 
7.250 12.590 1.079 1.674 1.878 2.124 2.412 2.550 2.693 2.737 2.877 2.917 3.011 3.001 3.011 2.992 2.952 2.939 2.829 1.664 
7.250 15.850 1.070 1.659 1.863 2.109 2.397 2.537 2.681 2.726 2.867 2.906 3.001 2.990 2.999 2.980 2.939 2.926 2.816 1.652 
7.250 19.950 1.056 1.638 1.842 2.088 2.376 2.517 2.664 2.710 2.852 2.891 2.985 2.974 2.982 2.961 2.920 2.906 2.796 1.633 
7.250 25.120 1.034 1.607 1.811 2.057 2.346 2.490 2.640 2.687 2.829 2.869 2.962 2.951 2.957 2.935 2.893 2.878 2.767 1.606 
7.250 31.620 1.001 1.565 1.769 2.015 2.305 2.452 2.606 2.656 2.799 2.838 2.930 2.918 2.921 2.898 2.854 2.838 2.727 1.570 
7.250 39.810 0.956 1.511 1.715 1.961 2.252 2.402 2.562 2.614 2.758 2.796 2.888 2.875 2.873 2.847 2.801 2.784 2.673 1.521 
7.250 50.120 0.899 1.444 1.647 1.893 2.185 2.340 2.507 2.561 2.705 2.743 2.832 2.818 2.810 2.782 2.732 2.713 2.603 1.459 
7.250 63.100 0.831 1.365 1.568 1.812 2.105 2.265 2.439 2.497 2.640 2.677 2.762 2.745 2.731 2.699 2.646 2.625 2.515 1.383 
7.250 79.430 0.751 1.274 1.476 1.720 2.012 2.177 2.360 2.419 2.562 2.595 2.676 2.655 2.631 2.595 2.538 2.515 2.407 1.293 
7.250 100.000 0.663 1.174 1.375 1.617 1.908 2.077 2.267 2.328 2.467 2.497 2.570 2.544 2.509 2.467 2.406 2.381 2.277 1.186 
7.250 125.890 0.566 1.065 1.265 1.504 1.792 1.964 2.160 2.220 2.353 2.377 2.440 2.406 2.357 2.310 2.244 2.218 2.119 1.061 
7.250 158.490 0.461 0.947 1.146 1.382 1.664 1.837 2.036 2.092 2.216 2.230 2.279 2.235 2.170 2.116 2.046 2.018 1.927 0.914 
7.250 199.530 0.348 0.821 1.019 1.250 1.522 1.693 1.890 1.940 2.049 2.050 2.081 2.023 1.937 1.876 1.802 1.774 1.695 0.741 
7.250 251.190 0.226 0.686 0.881 1.106 1.365 1.529 1.720 1.758 1.847 1.831 1.836 1.761 1.650 1.580 1.502 1.474 1.412 0.536 
7.250 316.230 0.093 0.540 0.732 0.948 1.189 1.342 1.521 1.542 1.604 1.565 1.538 1.438 1.298 1.218 1.136 1.109 1.069 0.294 
7.250 398.110 -0.053 0.381 0.568 0.775 0.990 1.128 1.290 1.287 1.313 1.244 1.177 1.046 0.869 0.776 0.690 0.666 0.654 0.007 
7.250 501.190 -0.215 0.205 0.388 0.581 0.765 0.882 1.020 0.987 0.966 0.860 0.740 0.571 0.347 0.239 0.149 0.127 0.152 -0.332 
7.250 630.960 -0.397 0.010 0.186 0.362 0.506 0.596 0.703 0.631 0.553 0.399 0.213 -0.005 -0.288 -0.416 -0.511 -0.529 -0.457 -0.735 
7.250 794.330 -0.603 -0.211 -0.043 0.112 0.206 0.261 0.329 0.209 0.057 -0.157 -0.427 -0.707 -1.063 -1.215 -1.317 -1.330 -1.199 -1.218 
7.250 1000.000 -0.842 -0.463 -0.305 -0.177 -0.147 -0.134 -0.116 -0.298 -0.542 -0.833 -1.207 -1.565 -2.013 -2.197 -2.306 -2.313 -2.109 -1.801 
7.500 1.000 1.187 1.807 2.003 2.237 2.510 2.636 2.762 2.791 2.919 2.946 3.032 3.007 3.004 2.988 2.951 2.940 2.834 1.715 
7.500 1.260 1.188 1.807 2.003 2.237 2.509 2.636 2.762 2.791 2.919 2.946 3.032 3.007 3.004 2.988 2.951 2.940 2.834 1.715 
7.500 1.580 1.189 1.807 2.003 2.237 2.509 2.636 2.762 2.791 2.918 2.946 3.032 3.007 3.004 2.988 2.951 2.940 2.834 1.715 
7.500 2.000 1.190 1.807 2.003 2.236 2.509 2.635 2.762 2.791 2.918 2.946 3.032 3.007 3.004 2.988 2.951 2.940 2.833 1.715 
7.500 2.510 1.191 1.807 2.002 2.236 2.509 2.635 2.762 2.791 2.918 2.946 3.032 3.006 3.003 2.988 2.951 2.940 2.833 1.715 
7.500 3.160 1.193 1.806 2.002 2.236 2.509 2.635 2.761 2.790 2.918 2.946 3.031 3.006 3.003 2.987 2.950 2.939 2.833 1.714 
7.500 3.980 1.194 1.806 2.001 2.235 2.508 2.634 2.761 2.790 2.917 2.945 3.031 3.006 3.003 2.987 2.950 2.939 2.832 1.714 
7.500 5.010 1.196 1.805 2.001 2.234 2.507 2.633 2.760 2.789 2.917 2.944 3.030 3.005 3.002 2.986 2.949 2.938 2.831 1.713 
7.500 6.310 1.198 1.803 1.999 2.233 2.506 2.632 2.759 2.788 2.916 2.943 3.029 3.004 3.000 2.985 2.948 2.937 2.830 1.712 
7.500 7.940 1.200 1.801 1.997 2.230 2.503 2.630 2.757 2.786 2.914 2.942 3.027 3.002 2.998 2.983 2.945 2.934 2.828 1.710 
7.500 10.000 1.200 1.797 1.993 2.227 2.500 2.627 2.754 2.784 2.911 2.939 3.025 2.999 2.995 2.979 2.942 2.931 2.824 1.706 
7.500 12.590 1.200 1.792 1.987 2.221 2.494 2.621 2.750 2.779 2.907 2.935 3.020 2.995 2.990 2.974 2.937 2.925 2.819 1.701 
7.500 15.850 1.197 1.783 1.978 2.212 2.485 2.613 2.743 2.773 2.901 2.928 3.014 2.988 2.983 2.966 2.928 2.917 2.810 1.693 
7.500 19.950 1.191 1.769 1.965 2.198 2.472 2.601 2.732 2.763 2.891 2.918 3.003 2.977 2.971 2.954 2.915 2.904 2.797 1.682 
7.500 25.120 1.179 1.750 1.945 2.178 2.452 2.583 2.716 2.748 2.876 2.904 2.988 2.962 2.954 2.936 2.896 2.884 2.777 1.664 
7.500 31.620 1.159 1.721 1.916 2.150 2.424 2.557 2.693 2.726 2.855 2.882 2.966 2.939 2.929 2.909 2.868 2.855 2.748 1.638 
7.500 39.810 1.129 1.682 1.877 2.110 2.385 2.521 2.661 2.696 2.825 2.852 2.934 2.906 2.892 2.871 2.829 2.814 2.708 1.603 
7.500 50.120 1.086 1.630 1.825 2.057 2.333 2.472 2.618 2.655 2.784 2.810 2.890 2.861 2.843 2.819 2.774 2.758 2.652 1.554 
7.500 63.100 1.031 1.564 1.759 1.991 2.266 2.410 2.563 2.603 2.731 2.756 2.833 2.801 2.776 2.749 2.701 2.684 2.579 1.491 
7.500 79.430 0.964 1.485 1.679 1.910 2.186 2.335 2.495 2.537 2.664 2.686 2.758 2.724 2.690 2.659 2.607 2.588 2.484 1.413 
7.500 100.000 0.884 1.394 1.587 1.817 2.091 2.245 2.413 2.456 2.581 2.599 2.664 2.625 2.580 2.544 2.488 2.467 2.366 1.317 
7.500 125.890 0.794 1.292 1.484 1.711 1.983 2.140 2.315 2.358 2.478 2.490 2.546 2.500 2.441 2.400 2.339 2.316 2.220 1.202 
7.500 158.490 0.694 1.179 1.370 1.594 1.861 2.020 2.199 2.240 2.351 2.355 2.398 2.341 2.266 2.218 2.152 2.128 2.039 1.064 
7.500 199.530 0.584 1.057 1.246 1.465 1.724 1.882 2.061 2.096 2.194 2.186 2.210 2.141 2.045 1.989 1.919 1.893 1.816 0.899 
7.500 251.190 0.464 0.924 1.110 1.324 1.569 1.722 1.897 1.922 2.000 1.975 1.975 1.888 1.768 1.703 1.628 1.603 1.542 0.700 
7.500 316.230 0.332 0.779 0.963 1.168 1.395 1.538 1.703 1.711 1.763 1.715 1.684 1.573 1.423 1.347 1.269 1.244 1.205 0.462 
7.500 398.110 0.187 0.621 0.800 0.995 1.199 1.326 1.474 1.459 1.476 1.399 1.327 1.185 0.998 0.910 0.827 0.804 0.793 0.179 
7.500 501.190 0.026 0.446 0.620 0.802 0.974 1.081 1.206 1.161 1.131 1.017 0.893 0.713 0.479 0.375 0.288 0.268 0.294 -0.158 
7.500 630.960 -0.155 0.251 0.419 0.584 0.716 0.796 0.890 0.806 0.719 0.557 0.367 0.138 -0.154 -0.277 -0.370 -0.386 -0.314 -0.561 
7.500 794.330 -0.362 0.031 0.191 0.334 0.416 0.462 0.517 0.384 0.224 0.002 -0.272 -0.563 -0.928 -1.076 -1.175 -1.186 -1.055 -1.043 
7.500 1000.000 -0.600 -0.221 -0.071 0.046 0.064 0.067 0.072 -0.122 -0.375 -0.673 -1.051 -1.420 -1.878 -2.057 -2.164 -2.169 -1.964 -1.625 
7.750 1.000 1.297 1.911 2.098 2.319 2.576 2.693 2.807 2.822 2.936 2.951 3.026 2.985 2.964 2.950 2.914 2.904 2.802 1.737 
7.750 1.260 1.297 1.911 2.098 2.319 2.576 2.693 2.807 2.822 2.936 2.951 3.026 2.985 2.964 2.950 2.914 2.904 2.802 1.737 
7.750 1.580 1.298 1.911 2.098 2.319 2.576 2.693 2.807 2.822 2.936 2.951 3.026 2.985 2.964 2.950 2.914 2.904 2.802 1.737 
7.750 2.000 1.299 1.911 2.098 2.319 2.576 2.693 2.807 2.822 2.936 2.951 3.026 2.985 2.964 2.950 2.914 2.904 2.802 1.737 
7.750 2.510 1.301 1.911 2.098 2.318 2.576 2.693 2.807 2.822 2.936 2.951 3.026 2.985 2.964 2.950 2.914 2.904 2.802 1.737 
7.750 3.160 1.302 1.911 2.097 2.318 2.576 2.693 2.807 2.822 2.935 2.951 3.026 2.984 2.964 2.950 2.914 2.904 2.802 1.736 
7.750 3.980 1.304 1.910 2.097 2.318 2.576 2.692 2.806 2.822 2.935 2.950 3.025 2.984 2.963 2.949 2.913 2.904 2.801 1.736 
7.750 5.010 1.306 1.910 2.097 2.317 2.575 2.692 2.806 2.821 2.935 2.950 3.025 2.984 2.963 2.949 2.913 2.903 2.801 1.736 
7.750 6.310 1.308 1.909 2.096 2.316 2.574 2.691 2.805 2.821 2.934 2.949 3.024 2.983 2.962 2.948 2.912 2.902 2.800 1.735 
7.750 7.940 1.310 1.907 2.094 2.315 2.573 2.690 2.804 2.820 2.933 2.948 3.023 2.982 2.961 2.947 2.910 2.901 2.798 1.734 
7.750 10.000 1.312 1.905 2.092 2.313 2.571 2.688 2.803 2.818 2.932 2.947 3.021 2.980 2.959 2.945 2.908 2.898 2.796 1.732 
7.750 12.590 1.314 1.902 2.089 2.309 2.567 2.685 2.800 2.815 2.929 2.944 3.019 2.977 2.956 2.941 2.905 2.895 2.793 1.728 
7.750 15.850 1.315 1.897 2.084 2.304 2.562 2.680 2.796 2.811 2.925 2.940 3.015 2.973 2.951 2.936 2.899 2.889 2.787 1.724 
7.750 19.950 1.313 1.889 2.075 2.296 2.554 2.672 2.789 2.805 2.919 2.934 3.008 2.966 2.943 2.928 2.891 2.881 2.779 1.716 
7.750 25.120 1.308 1.876 2.063 2.283 2.542 2.661 2.779 2.796 2.910 2.924 2.998 2.956 2.932 2.916 2.878 2.868 2.766 1.705 
7.750 31.620 1.298 1.858 2.045 2.265 2.523 2.644 2.764 2.782 2.895 2.910 2.983 2.940 2.914 2.898 2.859 2.848 2.746 1.688 
7.750 39.810 1.280 1.831 2.018 2.238 2.496 2.619 2.742 2.761 2.875 2.889 2.960 2.917 2.888 2.870 2.830 2.818 2.717 1.663 
7.750 50.120 1.252 1.794 1.980 2.200 2.459 2.584 2.711 2.732 2.845 2.858 2.928 2.883 2.850 2.831 2.789 2.776 2.675 1.628 
7.750 63.100 1.212 1.744 1.930 2.149 2.408 2.537 2.669 2.691 2.804 2.816 2.883 2.836 2.798 2.776 2.731 2.717 2.617 1.579 
7.750 79.430 1.159 1.679 1.865 2.083 2.342 2.475 2.614 2.638 2.750 2.759 2.822 2.772 2.726 2.700 2.652 2.637 2.538 1.515 
7.750 100.000 1.092 1.601 1.786 2.002 2.260 2.398 2.544 2.569 2.679 2.685 2.741 2.687 2.631 2.601 2.549 2.531 2.435 1.432 
7.750 125.890 1.012 1.509 1.693 1.907 2.163 2.304 2.458 2.484 2.588 2.589 2.637 2.576 2.507 2.471 2.414 2.395 2.303 1.329 
7.750 158.490 0.919 1.404 1.586 1.798 2.049 2.193 2.352 2.377 2.474 2.467 2.502 2.432 2.346 2.303 2.242 2.221 2.136 1.203 
7.750 199.530 0.815 1.287 1.468 1.675 1.919 2.063 2.224 2.244 2.329 2.310 2.328 2.245 2.140 2.089 2.022 2.000 1.926 1.047 
7.750 251.190 0.698 1.157 1.336 1.537 1.769 1.910 2.068 2.078 2.145 2.111 2.105 2.005 1.875 1.815 1.744 1.721 1.661 0.857 
7.750 316.230 0.569 1.015 1.191 1.384 1.599 1.731 1.880 1.875 1.916 1.860 1.823 1.700 1.539 1.469 1.393 1.371 1.333 0.626 
7.750 398.110 0.426 0.859 1.030 1.214 1.405 1.522 1.656 1.628 1.634 1.549 1.472 1.319 1.122 1.038 0.958 0.938 0.927 0.347 
7.750 501.190 0.266 0.685 0.852 1.022 1.182 1.279 1.390 1.332 1.293 1.171 1.042 0.850 0.607 0.508 0.423 0.405 0.431 0.012 
7.750 630.960 0.085 0.491 0.651 0.805 0.925 0.995 1.075 0.980 0.883 0.713 0.519 0.278 -0.024 -0.142 -0.232 -0.246 -0.174 -0.388 
7.750 794.330 -0.121 0.272 0.424 0.556 0.626 0.662 0.703 0.559 0.389 0.159 -0.119 -0.421 -0.796 -0.939 -1.035 -1.045 -0.914 -0.870 
7.750 1000.000 -0.358 0.020 0.162 0.268 0.274 0.267 0.259 0.053 -0.209 -0.515 -0.897 -1.277 -1.745 -1.918 -2.023 -2.026 -1.821 -1.451 
8.000 1.000 1.402 2.011 2.189 2.396 2.638 2.745 2.848 2.849 2.947 2.948 3.010 2.951 2.909 2.896 2.860 2.851 2.755 1.750 
8.000 1.260 1.403 2.011 2.189 2.396 2.638 2.745 2.848 2.849 2.947 2.948 3.010 2.951 2.909 2.896 2.860 2.851 2.755 1.750 
8.000 1.580 1.404 2.011 2.189 2.396 2.638 2.745 2.848 2.849 2.947 2.948 3.010 2.951 2.909 2.896 2.860 2.851 2.755 1.750 
8.000 2.000 1.404 2.011 2.189 2.396 2.638 2.745 2.848 2.849 2.947 2.948 3.010 2.951 2.909 2.896 2.860 2.851 2.755 1.750 
8.000 2.510 1.406 2.011 2.189 2.396 2.638 2.745 2.847 2.848 2.947 2.948 3.010 2.951 2.909 2.896 2.860 2.851 2.754 1.750 
8.000 3.160 1.407 2.010 2.188 2.396 2.637 2.745 2.847 2.848 2.947 2.948 3.009 2.950 2.909 2.896 2.859 2.851 2.754 1.750 
8.000 3.980 1.409 2.010 2.188 2.395 2.637 2.744 2.847 2.848 2.946 2.948 3.009 2.950 2.909 2.896 2.859 2.851 2.754 1.750 
8.000 5.010 1.411 2.010 2.188 2.395 2.637 2.744 2.847 2.848 2.946 2.947 3.009 2.950 2.909 2.895 2.859 2.850 2.754 1.749 
8.000 6.310 1.413 2.009 2.187 2.394 2.636 2.744 2.847 2.848 2.946 2.947 3.009 2.950 2.908 2.895 2.858 2.850 2.753 1.749 
8.000 7.940 1.416 2.009 2.187 2.394 2.636 2.743 2.846 2.847 2.945 2.946 3.008 2.949 2.907 2.894 2.857 2.849 2.752 1.748 
8.000 10.000 1.419 2.007 2.185 2.392 2.634 2.742 2.845 2.846 2.944 2.945 3.007 2.948 2.906 2.893 2.856 2.847 2.751 1.747 
8.000 12.590 1.421 2.005 2.183 2.390 2.632 2.740 2.843 2.844 2.943 2.944 3.005 2.946 2.904 2.890 2.854 2.845 2.749 1.745 
8.000 15.850 1.424 2.002 2.180 2.387 2.629 2.737 2.841 2.842 2.940 2.941 3.002 2.943 2.901 2.887 2.850 2.842 2.745 1.742 
8.000 19.950 1.425 1.997 2.175 2.382 2.624 2.733 2.837 2.838 2.936 2.937 2.998 2.939 2.896 2.882 2.845 2.836 2.740 1.737 
8.000 25.120 1.425 1.990 2.168 2.375 2.617 2.726 2.831 2.832 2.930 2.931 2.992 2.932 2.888 2.874 2.836 2.827 2.731 1.730 
8.000 31.620 1.421 1.979 2.156 2.363 2.605 2.715 2.821 2.823 2.921 2.922 2.982 2.921 2.876 2.861 2.823 2.814 2.718 1.719 
8.000 39.810 1.412 1.961 2.139 2.346 2.588 2.699 2.807 2.810 2.908 2.908 2.966 2.905 2.858 2.842 2.803 2.793 2.697 1.703 
8.000 50.120 1.397 1.936 2.114 2.320 2.562 2.675 2.786 2.790 2.887 2.886 2.943 2.881 2.831 2.813 2.773 2.762 2.667 1.678 
8.000 63.100 1.371 1.901 2.078 2.283 2.525 2.641 2.756 2.761 2.857 2.855 2.910 2.846 2.791 2.771 2.729 2.718 2.623 1.642 
8.000 79.430 1.333 1.852 2.029 2.234 2.475 2.594 2.714 2.720 2.815 2.811 2.862 2.795 2.734 2.712 2.667 2.654 2.561 1.593 
8.000 100.000 1.281 1.789 1.965 2.169 2.409 2.531 2.658 2.665 2.758 2.751 2.796 2.725 2.655 2.629 2.580 2.566 2.475 1.525 
8.000 125.890 1.214 1.710 1.886 2.087 2.326 2.452 2.585 2.592 2.681 2.669 2.706 2.630 2.548 2.516 2.463 2.447 2.361 1.437 
8.000 158.490 1.133 1.617 1.791 1.989 2.224 2.353 2.492 2.499 2.581 2.561 2.587 2.502 2.404 2.366 2.308 2.290 2.210 1.324 
8.000 199.530 1.036 1.508 1.681 1.875 2.103 2.233 2.375 2.378 2.449 2.419 2.429 2.332 2.214 2.168 2.106 2.086 2.016 1.182 
8.000 251.190 0.926 1.385 1.555 1.744 1.961 2.089 2.230 2.225 2.279 2.234 2.221 2.107 1.965 1.910 1.842 1.822 1.766 1.003 
8.000 316.230 0.802 1.247 1.415 1.596 1.797 1.917 2.050 2.031 2.060 1.994 1.951 1.815 1.644 1.578 1.505 1.485 1.449 0.781 
8.000 398.110 0.661 1.094 1.257 1.429 1.607 1.713 1.832 1.791 1.787 1.692 1.609 1.444 1.235 1.157 1.080 1.061 1.052 0.509 
8.000 501.190 0.503 0.923 1.081 1.239 1.386 1.473 1.570 1.500 1.451 1.319 1.185 0.982 0.727 0.633 0.551 0.535 0.562 0.179 
8.000 630.960 0.324 0.730 0.882 1.024 1.131 1.191 1.258 1.150 1.044 0.865 0.665 0.413 0.101 -0.013 -0.100 -0.112 -0.039 -0.219 
8.000 794.330 0.119 0.511 0.655 0.776 0.833 0.860 0.888 0.731 0.552 0.313 0.031 -0.283 -0.668 -0.806 -0.900 -0.907 -0.776 -0.698 
8.000 1000.000 -0.118 0.261 0.394 0.489 0.482 0.466 0.445 0.227 -0.045 -0.359 -0.746 -1.137 -1.615 -1.784 -1.885 -1.887 -1.682 -1.279 
