ZhaoEtAl2006SSlabCascadia_CanadaSHM6-trial modified from OpenQuake implementation, distance is rrup. Log10 ground motion values in cgs units, PGV and Sa(T<0.1s) not valid
          14 31 23 : nmag, ndist, nperiod
          10.000 5.000 4.000 3.000 2.500 2.000 1.500 1.250 1.000 0.900 0.800 0.700 0.600 0.500 0.400 0.300 0.250 0.200 0.150 0.100 0.050 PGA PGV 
          0.708 0.708 0.705 0.721 0.732 0.733 0.721 0.716 0.717 0.714 0.713 0.714 0.712 0.707 0.715 0.728 0.743 0.764 0.794 0.811 0.743 0.684 0.000 
4.750 1.000 0.390 1.038 1.328 1.802 1.899 2.217 2.682 2.986 3.198 3.336 3.484 3.659 3.774 3.849 3.903 3.849 3.719 3.739 3.858 3.743 3.834 3.676 0.000 
4.750 1.260 0.321 0.967 1.244 1.703 1.803 2.117 2.568 2.862 3.073 3.209 3.355 3.529 3.648 3.733 3.798 3.756 3.637 3.658 3.771 3.658 3.728 3.568 0.000 
4.750 1.580 0.248 0.890 1.156 1.599 1.704 2.013 2.450 2.734 2.944 3.078 3.222 3.395 3.517 3.611 3.687 3.658 3.550 3.571 3.678 3.567 3.617 3.454 0.000 
4.750 2.000 0.169 0.808 1.063 1.491 1.600 1.906 2.328 2.603 2.811 2.943 3.085 3.257 3.382 3.484 3.571 3.553 3.456 3.478 3.579 3.470 3.500 3.335 0.000 
4.750 2.510 0.086 0.722 0.966 1.381 1.493 1.795 2.204 2.469 2.675 2.805 2.946 3.115 3.243 3.352 3.449 3.443 3.357 3.379 3.474 3.367 3.378 3.210 0.000 
4.750 3.160 -0.000 0.631 0.865 1.267 1.383 1.681 2.076 2.332 2.536 2.665 2.803 2.970 3.101 3.216 3.322 3.328 3.252 3.275 3.363 3.259 3.250 3.081 0.000 
4.750 3.980 -0.090 0.536 0.762 1.150 1.271 1.565 1.947 2.194 2.394 2.521 2.658 2.823 2.955 3.076 3.191 3.207 3.142 3.165 3.247 3.144 3.117 2.947 0.000 
4.750 5.010 -0.182 0.438 0.655 1.032 1.157 1.447 1.815 2.053 2.251 2.376 2.511 2.673 2.807 2.933 3.057 3.082 3.027 3.050 3.126 3.024 2.979 2.809 0.000 
4.750 6.310 -0.276 0.337 0.546 0.912 1.040 1.328 1.682 1.911 2.105 2.229 2.362 2.522 2.656 2.787 2.918 2.953 2.908 2.930 3.000 2.899 2.837 2.667 0.000 
4.750 7.940 -0.372 0.234 0.436 0.790 0.922 1.207 1.547 1.767 1.958 2.080 2.211 2.369 2.504 2.639 2.776 2.819 2.784 2.805 2.869 2.770 2.692 2.522 0.000 
4.750 10.000 -0.470 0.128 0.323 0.667 0.803 1.084 1.411 1.622 1.809 1.930 2.059 2.214 2.349 2.488 2.632 2.682 2.656 2.676 2.734 2.636 2.542 2.373 0.000 
4.750 12.590 -0.569 0.020 0.209 0.542 0.682 0.960 1.274 1.476 1.659 1.779 1.906 2.057 2.193 2.335 2.484 2.541 2.524 2.543 2.594 2.497 2.389 2.222 0.000 
4.750 15.850 -0.669 -0.090 0.093 0.417 0.561 0.835 1.135 1.328 1.508 1.626 1.751 1.899 2.035 2.179 2.334 2.397 2.389 2.406 2.450 2.354 2.232 2.067 0.000 
4.750 19.950 -0.771 -0.202 -0.024 0.290 0.437 0.709 0.995 1.179 1.356 1.472 1.595 1.740 1.876 2.022 2.181 2.249 2.249 2.265 2.302 2.205 2.071 1.909 0.000 
4.750 25.120 -0.874 -0.316 -0.143 0.163 0.313 0.581 0.854 1.029 1.201 1.316 1.437 1.579 1.714 1.862 2.025 2.098 2.106 2.119 2.149 2.052 1.905 1.748 0.000 
4.750 31.620 -0.978 -0.432 -0.263 0.034 0.187 0.452 0.711 0.878 1.046 1.159 1.278 1.416 1.550 1.699 1.866 1.943 1.958 1.968 1.991 1.893 1.735 1.582 0.000 
4.750 39.810 -1.084 -0.551 -0.386 -0.097 0.059 0.321 0.566 0.725 0.888 0.999 1.116 1.251 1.384 1.534 1.703 1.783 1.805 1.812 1.826 1.727 1.560 1.412 0.000 
4.750 50.120 -1.193 -0.671 -0.510 -0.229 -0.070 0.188 0.419 0.569 0.728 0.838 0.952 1.083 1.215 1.365 1.535 1.617 1.645 1.648 1.654 1.554 1.377 1.236 0.000 
4.750 63.100 -1.304 -0.795 -0.637 -0.363 -0.202 0.053 0.269 0.411 0.566 0.673 0.785 0.912 1.043 1.192 1.362 1.445 1.478 1.477 1.473 1.370 1.186 1.053 0.000 
4.750 79.430 -1.419 -0.923 -0.767 -0.499 -0.337 -0.086 0.116 0.250 0.400 0.505 0.615 0.737 0.866 1.013 1.183 1.265 1.302 1.295 1.280 1.174 0.985 0.861 0.000 
4.750 100.000 -1.538 -1.055 -0.901 -0.638 -0.475 -0.228 -0.042 0.085 0.230 0.333 0.440 0.557 0.684 0.829 0.996 1.075 1.115 1.100 1.074 0.964 0.771 0.659 0.000 
4.750 125.890 -1.663 -1.193 -1.039 -0.780 -0.618 -0.375 -0.204 -0.085 0.054 0.155 0.259 0.372 0.495 0.636 0.799 0.873 0.914 0.890 0.851 0.734 0.542 0.444 0.000 
4.750 158.490 -1.794 -1.338 -1.183 -0.927 -0.766 -0.528 -0.374 -0.261 -0.127 -0.030 0.071 0.178 0.298 0.433 0.589 0.655 0.696 0.661 0.607 0.482 0.292 0.212 0.000 
4.750 199.530 -1.935 -1.492 -1.334 -1.079 -0.921 -0.689 -0.551 -0.444 -0.317 -0.223 -0.126 -0.025 0.091 0.218 0.364 0.418 0.455 0.407 0.336 0.201 0.018 -0.041 0.000 
4.750 251.190 -2.086 -1.657 -1.495 -1.238 -1.085 -0.858 -0.739 -0.638 -0.517 -0.428 -0.334 -0.240 -0.130 -0.013 0.119 0.157 0.187 0.123 0.032 -0.117 -0.287 -0.320 0.000 
4.750 316.230 -2.251 -1.836 -1.667 -1.406 -1.260 -1.040 -0.940 -0.843 -0.730 -0.645 -0.556 -0.470 -0.367 -0.264 -0.150 -0.135 -0.115 -0.200 -0.315 -0.481 -0.631 -0.632 0.000 
4.750 398.110 -2.433 -2.032 -1.853 -1.584 -1.448 -1.236 -1.158 -1.063 -0.959 -0.880 -0.796 -0.718 -0.624 -0.539 -0.451 -0.464 -0.460 -0.571 -0.714 -0.902 -1.024 -0.985 0.000 
4.750 501.190 -2.637 -2.250 -2.057 -1.776 -1.654 -1.451 -1.396 -1.303 -1.209 -1.136 -1.059 -0.991 -0.908 -0.846 -0.790 -0.842 -0.860 -1.003 -1.180 -1.396 -1.480 -1.390 0.000 
4.750 630.960 -2.869 -2.495 -2.283 -1.986 -1.882 -1.689 -1.660 -1.566 -1.483 -1.419 -1.349 -1.294 -1.224 -1.191 -1.178 -1.280 -1.328 -1.512 -1.730 -1.982 -2.013 -1.860 0.000 
4.750 794.330 -3.135 -2.775 -2.539 -2.216 -2.136 -1.956 -1.957 -1.860 -1.790 -1.735 -1.675 -1.634 -1.582 -1.586 -1.628 -1.793 -1.883 -2.116 -2.385 -2.682 -2.644 -2.413 0.000 
4.750 1000.000 -3.445 -3.099 -2.830 -2.474 -2.425 -2.260 -2.295 -2.192 -2.138 -2.095 -2.045 -2.021 -1.991 -2.044 -2.156 -2.403 -2.545 -2.842 -3.173 -3.527 -3.398 -3.070 0.000 
5.000 1.000 0.529 1.171 1.485 1.970 2.067 2.382 2.835 3.128 3.321 3.451 3.591 3.753 3.853 3.913 3.949 3.876 3.737 3.747 3.857 3.735 3.835 3.695 0.000 
5.000 1.260 0.467 1.107 1.407 1.876 1.977 2.287 2.726 3.009 3.202 3.330 3.468 3.629 3.733 3.802 3.850 3.790 3.661 3.672 3.776 3.657 3.736 3.593 0.000 
5.000 1.580 0.399 1.037 1.325 1.777 1.882 2.188 2.613 2.886 3.078 3.204 3.340 3.500 3.608 3.686 3.745 3.697 3.579 3.591 3.690 3.573 3.632 3.486 0.000 
5.000 2.000 0.326 0.961 1.237 1.674 1.783 2.084 2.495 2.759 2.949 3.074 3.208 3.367 3.478 3.564 3.634 3.599 3.492 3.505 3.598 3.482 3.521 3.373 0.000 
5.000 2.510 0.248 0.880 1.144 1.567 1.680 1.977 2.374 2.628 2.817 2.940 3.072 3.229 3.344 3.438 3.518 3.494 3.399 3.412 3.499 3.386 3.405 3.254 0.000 
5.000 3.160 0.167 0.794 1.048 1.456 1.573 1.867 2.250 2.495 2.681 2.802 2.932 3.088 3.205 3.306 3.396 3.384 3.299 3.313 3.395 3.284 3.282 3.130 0.000 
5.000 3.980 0.081 0.703 0.947 1.342 1.464 1.753 2.123 2.358 2.543 2.662 2.790 2.944 3.063 3.170 3.269 3.268 3.194 3.209 3.284 3.175 3.155 3.001 0.000 
5.000 5.010 -0.008 0.609 0.844 1.226 1.352 1.637 1.993 2.220 2.401 2.519 2.645 2.797 2.918 3.030 3.138 3.147 3.084 3.099 3.168 3.061 3.022 2.867 0.000 
5.000 6.310 -0.099 0.511 0.737 1.108 1.237 1.519 1.862 2.079 2.258 2.374 2.498 2.647 2.770 2.887 3.003 3.021 2.968 2.983 3.047 2.941 2.884 2.729 0.000 
5.000 7.940 -0.193 0.410 0.629 0.987 1.121 1.400 1.729 1.937 2.112 2.227 2.349 2.495 2.619 2.741 2.864 2.891 2.848 2.862 2.920 2.816 2.742 2.586 0.000 
5.000 10.000 -0.289 0.306 0.518 0.866 1.003 1.278 1.594 1.793 1.965 2.078 2.198 2.342 2.466 2.592 2.721 2.757 2.723 2.737 2.788 2.685 2.595 2.441 0.000 
5.000 12.590 -0.386 0.200 0.405 0.742 0.883 1.155 1.457 1.647 1.816 1.927 2.046 2.187 2.311 2.441 2.576 2.618 2.594 2.607 2.652 2.549 2.444 2.291 0.000 
5.000 15.850 -0.485 0.092 0.290 0.617 0.762 1.031 1.319 1.501 1.666 1.775 1.892 2.030 2.155 2.287 2.427 2.476 2.461 2.472 2.511 2.409 2.289 2.139 0.000 
5.000 19.950 -0.586 -0.019 0.174 0.491 0.640 0.905 1.180 1.352 1.514 1.622 1.736 1.871 1.996 2.130 2.275 2.330 2.323 2.333 2.364 2.263 2.130 1.982 0.000 
5.000 25.120 -0.688 -0.132 0.056 0.364 0.516 0.778 1.039 1.203 1.360 1.467 1.579 1.710 1.835 1.971 2.121 2.180 2.181 2.189 2.213 2.112 1.966 1.822 0.000 
5.000 31.620 -0.792 -0.247 -0.064 0.236 0.390 0.649 0.897 1.052 1.205 1.310 1.420 1.548 1.672 1.809 1.962 2.026 2.035 2.040 2.056 1.954 1.797 1.657 0.000 
5.000 39.810 -0.898 -0.365 -0.186 0.106 0.263 0.519 0.752 0.899 1.048 1.151 1.259 1.383 1.506 1.644 1.800 1.867 1.882 1.884 1.892 1.790 1.622 1.488 0.000 
5.000 50.120 -1.006 -0.485 -0.310 -0.026 0.134 0.386 0.605 0.743 0.888 0.989 1.095 1.215 1.338 1.476 1.633 1.702 1.724 1.721 1.721 1.617 1.440 1.312 0.000 
5.000 63.100 -1.117 -0.609 -0.437 -0.160 0.002 0.251 0.455 0.586 0.726 0.825 0.928 1.045 1.165 1.303 1.461 1.530 1.557 1.550 1.541 1.434 1.250 1.130 0.000 
5.000 79.430 -1.232 -0.736 -0.566 -0.296 -0.133 0.113 0.302 0.425 0.560 0.657 0.758 0.870 0.989 1.125 1.282 1.351 1.382 1.369 1.349 1.239 1.049 0.939 0.000 
5.000 100.000 -1.351 -0.868 -0.700 -0.435 -0.271 -0.030 0.145 0.260 0.390 0.485 0.583 0.690 0.807 0.940 1.095 1.161 1.195 1.175 1.144 1.029 0.836 0.737 0.000 
5.000 125.890 -1.475 -1.006 -0.838 -0.577 -0.413 -0.177 -0.018 0.090 0.215 0.307 0.402 0.505 0.618 0.748 0.898 0.959 0.994 0.966 0.921 0.800 0.607 0.522 0.000 
5.000 158.490 -1.607 -1.151 -0.982 -0.724 -0.562 -0.330 -0.187 -0.086 0.033 0.122 0.214 0.311 0.421 0.545 0.688 0.742 0.776 0.736 0.677 0.548 0.358 0.290 0.000 
5.000 199.530 -1.747 -1.304 -1.133 -0.876 -0.717 -0.490 -0.365 -0.269 -0.157 -0.071 0.017 0.108 0.214 0.330 0.463 0.505 0.536 0.483 0.406 0.267 0.084 0.037 0.000 
5.000 251.190 -1.898 -1.469 -1.294 -1.035 -0.880 -0.660 -0.552 -0.462 -0.357 -0.275 -0.191 -0.106 -0.006 0.099 0.219 0.244 0.268 0.199 0.102 -0.051 -0.221 -0.241 0.000 
5.000 316.230 -2.063 -1.648 -1.465 -1.202 -1.055 -0.841 -0.753 -0.668 -0.569 -0.493 -0.413 -0.336 -0.243 -0.151 -0.051 -0.048 -0.034 -0.124 -0.244 -0.414 -0.565 -0.553 0.000 
5.000 398.110 -2.245 -1.844 -1.651 -1.381 -1.244 -1.037 -0.971 -0.888 -0.798 -0.727 -0.653 -0.585 -0.501 -0.427 -0.351 -0.377 -0.379 -0.495 -0.644 -0.836 -0.958 -0.906 0.000 
5.000 501.190 -2.449 -2.062 -1.855 -1.573 -1.449 -1.252 -1.209 -1.128 -1.048 -0.983 -0.915 -0.858 -0.784 -0.733 -0.690 -0.754 -0.779 -0.927 -1.109 -1.330 -1.414 -1.311 0.000 
5.000 630.960 -2.681 -2.307 -2.082 -1.782 -1.677 -1.490 -1.473 -1.391 -1.323 -1.266 -1.205 -1.160 -1.101 -1.079 -1.079 -1.192 -1.247 -1.435 -1.659 -1.915 -1.947 -1.782 0.000 
5.000 794.330 -2.947 -2.587 -2.337 -2.012 -1.931 -1.757 -1.770 -1.685 -1.629 -1.583 -1.531 -1.500 -1.458 -1.474 -1.528 -1.706 -1.801 -2.040 -2.314 -2.615 -2.578 -2.334 0.000 
5.000 1000.000 -3.257 -2.911 -2.628 -2.270 -2.221 -2.061 -2.108 -2.016 -1.977 -1.942 -1.901 -1.888 -1.868 -1.931 -2.056 -2.315 -2.464 -2.765 -3.102 -3.460 -3.332 -2.991 0.000 
5.250 1.000 0.661 1.298 1.634 2.130 2.227 2.539 2.980 3.263 3.438 3.562 3.694 3.845 3.929 3.975 3.996 3.907 3.758 3.758 3.860 3.732 3.839 3.714 0.000 
5.250 1.260 0.605 1.240 1.563 2.042 2.143 2.450 2.877 3.151 3.325 3.447 3.577 3.727 3.816 3.871 3.903 3.826 3.688 3.689 3.785 3.659 3.747 3.619 0.000 
5.250 1.580 0.544 1.177 1.486 1.948 2.054 2.356 2.769 3.033 3.207 3.326 3.455 3.604 3.697 3.761 3.804 3.739 3.612 3.614 3.705 3.581 3.649 3.519 0.000 
5.250 2.000 0.477 1.107 1.404 1.850 1.960 2.257 2.657 2.911 3.084 3.201 3.328 3.475 3.573 3.645 3.699 3.647 3.531 3.534 3.620 3.497 3.545 3.412 0.000 
5.250 2.510 0.405 1.032 1.317 1.747 1.861 2.154 2.540 2.784 2.956 3.072 3.196 3.343 3.444 3.524 3.588 3.548 3.443 3.448 3.528 3.408 3.435 3.300 0.000 
5.250 3.160 0.329 0.952 1.225 1.640 1.758 2.047 2.419 2.654 2.825 2.938 3.060 3.205 3.310 3.397 3.472 3.443 3.350 3.355 3.430 3.312 3.319 3.181 0.000 
5.250 3.980 0.248 0.867 1.128 1.530 1.652 1.937 2.295 2.521 2.689 2.801 2.921 3.065 3.172 3.266 3.350 3.333 3.250 3.257 3.326 3.210 3.197 3.058 0.000 
5.250 5.010 0.163 0.777 1.028 1.416 1.543 1.824 2.169 2.384 2.551 2.661 2.779 2.920 3.030 3.130 3.223 3.216 3.145 3.152 3.215 3.102 3.069 2.929 0.000 
5.250 6.310 0.075 0.682 0.925 1.300 1.431 1.708 2.039 2.246 2.410 2.519 2.635 2.773 2.885 2.990 3.091 3.095 3.034 3.042 3.099 2.988 2.936 2.795 0.000 
5.250 7.940 -0.016 0.585 0.819 1.182 1.316 1.590 1.908 2.105 2.266 2.373 2.487 2.624 2.737 2.847 2.956 2.968 2.918 2.926 2.977 2.867 2.798 2.656 0.000 
5.250 10.000 -0.109 0.484 0.710 1.061 1.200 1.470 1.774 1.963 2.121 2.226 2.338 2.472 2.586 2.700 2.816 2.837 2.797 2.804 2.850 2.741 2.655 2.514 0.000 
5.250 12.590 -0.204 0.380 0.599 0.939 1.081 1.348 1.639 1.818 1.973 2.077 2.187 2.318 2.433 2.551 2.673 2.702 2.671 2.678 2.717 2.609 2.507 2.367 0.000 
5.250 15.850 -0.302 0.273 0.485 0.816 0.961 1.225 1.502 1.673 1.824 1.926 2.034 2.162 2.277 2.398 2.526 2.562 2.540 2.546 2.579 2.472 2.355 2.216 0.000 
5.250 19.950 -0.401 0.164 0.370 0.690 0.840 1.100 1.364 1.525 1.673 1.773 1.879 2.005 2.120 2.243 2.376 2.418 2.405 2.409 2.435 2.329 2.198 2.062 0.000 
5.250 25.120 -0.502 0.052 0.253 0.564 0.716 0.974 1.224 1.376 1.520 1.619 1.723 1.845 1.960 2.085 2.222 2.270 2.264 2.267 2.286 2.180 2.036 1.903 0.000 
5.250 31.620 -0.606 -0.062 0.134 0.436 0.592 0.845 1.081 1.226 1.365 1.463 1.564 1.683 1.797 1.924 2.065 2.117 2.119 2.119 2.131 2.024 1.868 1.740 0.000 
5.250 39.810 -0.711 -0.179 0.013 0.306 0.465 0.715 0.937 1.073 1.209 1.304 1.404 1.519 1.632 1.760 1.903 1.958 1.968 1.965 1.968 1.861 1.694 1.571 0.000 
5.250 50.120 -0.818 -0.298 -0.111 0.175 0.336 0.583 0.791 0.918 1.049 1.143 1.240 1.351 1.464 1.592 1.737 1.795 1.810 1.804 1.798 1.690 1.513 1.396 0.000 
5.250 63.100 -0.929 -0.421 -0.237 0.041 0.204 0.448 0.641 0.760 0.887 0.979 1.074 1.181 1.292 1.420 1.566 1.624 1.645 1.634 1.619 1.508 1.324 1.215 0.000 
5.250 79.430 -1.043 -0.548 -0.366 -0.094 0.070 0.309 0.488 0.600 0.722 0.811 0.904 1.007 1.116 1.242 1.387 1.445 1.470 1.453 1.428 1.314 1.124 1.024 0.000 
5.250 100.000 -1.162 -0.680 -0.500 -0.233 -0.068 0.167 0.331 0.435 0.552 0.639 0.729 0.827 0.934 1.058 1.201 1.255 1.284 1.260 1.223 1.104 0.911 0.823 0.000 
5.250 125.890 -1.286 -0.818 -0.638 -0.375 -0.211 0.021 0.169 0.265 0.377 0.461 0.548 0.642 0.746 0.865 1.004 1.054 1.084 1.050 1.001 0.876 0.682 0.608 0.000 
5.250 158.490 -1.418 -0.962 -0.782 -0.522 -0.359 -0.132 -0.001 0.090 0.195 0.277 0.360 0.448 0.549 0.663 0.795 0.836 0.866 0.822 0.758 0.625 0.433 0.376 0.000 
5.250 199.530 -1.558 -1.116 -0.933 -0.674 -0.514 -0.292 -0.178 -0.094 0.006 0.084 0.164 0.246 0.342 0.448 0.570 0.600 0.626 0.568 0.487 0.344 0.160 0.124 0.000 
5.250 251.190 -1.709 -1.280 -1.093 -0.833 -0.677 -0.462 -0.366 -0.287 -0.194 -0.120 -0.044 0.031 0.122 0.217 0.325 0.339 0.358 0.284 0.183 0.026 -0.145 -0.155 0.000 
5.250 316.230 -1.874 -1.459 -1.265 -1.000 -0.852 -0.643 -0.567 -0.492 -0.407 -0.338 -0.267 -0.199 -0.115 -0.033 0.056 0.048 0.056 -0.038 -0.163 -0.337 -0.489 -0.466 0.000 
5.250 398.110 -2.056 -1.655 -1.450 -1.179 -1.040 -0.840 -0.784 -0.712 -0.636 -0.572 -0.506 -0.448 -0.373 -0.308 -0.244 -0.281 -0.289 -0.409 -0.562 -0.758 -0.882 -0.819 0.000 
5.250 501.190 -2.260 -1.872 -1.654 -1.371 -1.246 -1.054 -1.022 -0.952 -0.885 -0.828 -0.769 -0.720 -0.656 -0.615 -0.584 -0.659 -0.688 -0.841 -1.028 -1.252 -1.337 -1.224 0.000 
5.250 630.960 -2.491 -2.118 -1.881 -1.580 -1.473 -1.292 -1.286 -1.215 -1.160 -1.111 -1.059 -1.023 -0.973 -0.960 -0.972 -1.096 -1.156 -1.349 -1.577 -1.837 -1.870 -1.695 0.000 
5.250 794.330 -2.757 -2.398 -2.136 -1.810 -1.728 -1.559 -1.583 -1.509 -1.467 -1.428 -1.385 -1.363 -1.330 -1.355 -1.422 -1.610 -1.711 -1.953 -2.232 -2.537 -2.501 -2.247 0.000 
5.250 1000.000 -3.067 -2.721 -2.427 -2.068 -2.017 -1.864 -1.921 -1.841 -1.814 -1.787 -1.755 -1.750 -1.739 -1.813 -1.949 -2.219 -2.373 -2.679 -3.020 -3.382 -3.255 -2.904 0.000 
5.500 1.000 0.788 1.419 1.775 2.282 2.378 2.687 3.117 3.392 3.548 3.666 3.793 3.932 4.002 4.037 4.045 3.942 3.783 3.774 3.868 3.733 3.847 3.734 0.000 
5.500 1.260 0.738 1.368 1.711 2.200 2.300 2.605 3.021 3.286 3.442 3.558 3.682 3.821 3.896 3.939 3.957 3.865 3.718 3.710 3.799 3.665 3.760 3.646 0.000 
5.500 1.580 0.683 1.311 1.641 2.112 2.217 2.516 2.919 3.174 3.331 3.444 3.566 3.704 3.784 3.835 3.864 3.784 3.648 3.641 3.724 3.593 3.669 3.552 0.000 
5.500 2.000 0.623 1.248 1.565 2.019 2.129 2.423 2.812 3.057 3.214 3.325 3.445 3.582 3.666 3.725 3.765 3.697 3.572 3.567 3.645 3.516 3.571 3.452 0.000 
5.500 2.510 0.557 1.179 1.483 1.921 2.035 2.325 2.700 2.935 3.091 3.201 3.318 3.454 3.542 3.610 3.660 3.604 3.491 3.487 3.560 3.433 3.468 3.346 0.000 
5.500 3.160 0.486 1.105 1.396 1.819 1.937 2.222 2.584 2.809 2.964 3.072 3.187 3.322 3.414 3.489 3.549 3.505 3.403 3.401 3.468 3.344 3.359 3.234 0.000 
5.500 3.980 0.411 1.025 1.305 1.712 1.835 2.116 2.464 2.680 2.833 2.939 3.052 3.185 3.280 3.362 3.432 3.400 3.310 3.308 3.370 3.249 3.243 3.117 0.000 
5.500 5.010 0.331 0.940 1.209 1.602 1.729 2.006 2.340 2.547 2.699 2.802 2.913 3.045 3.143 3.231 3.310 3.289 3.210 3.210 3.266 3.147 3.121 2.993 0.000 
5.500 6.310 0.247 0.851 1.109 1.489 1.620 1.893 2.214 2.411 2.561 2.663 2.771 2.901 3.001 3.095 3.183 3.173 3.104 3.105 3.156 3.039 2.994 2.864 0.000 
5.500 7.940 0.160 0.757 1.006 1.372 1.508 1.777 2.085 2.272 2.420 2.520 2.627 2.754 2.856 2.955 3.051 3.051 2.993 2.994 3.040 2.924 2.860 2.730 0.000 
5.500 10.000 0.069 0.659 0.899 1.254 1.393 1.659 1.953 2.131 2.276 2.375 2.479 2.604 2.708 2.811 2.915 2.923 2.876 2.877 2.917 2.803 2.721 2.591 0.000 
5.500 12.590 -0.024 0.558 0.790 1.134 1.276 1.539 1.819 1.989 2.130 2.227 2.330 2.452 2.557 2.664 2.774 2.791 2.753 2.754 2.788 2.676 2.577 2.448 0.000 
5.500 15.850 -0.119 0.454 0.679 1.011 1.158 1.416 1.684 1.844 1.983 2.078 2.178 2.298 2.403 2.514 2.630 2.654 2.626 2.626 2.654 2.543 2.428 2.300 0.000 
5.500 19.950 -0.217 0.346 0.565 0.887 1.037 1.292 1.546 1.698 1.833 1.926 2.025 2.141 2.247 2.360 2.482 2.512 2.493 2.493 2.513 2.403 2.274 2.148 0.000 
5.500 25.120 -0.317 0.236 0.449 0.761 0.915 1.167 1.407 1.549 1.681 1.773 1.869 1.982 2.088 2.204 2.330 2.366 2.355 2.353 2.367 2.257 2.114 1.991 0.000 
5.500 31.620 -0.419 0.124 0.331 0.634 0.791 1.039 1.265 1.399 1.527 1.617 1.711 1.821 1.927 2.044 2.174 2.214 2.212 2.207 2.214 2.104 1.948 1.829 0.000 
5.500 39.810 -0.523 0.008 0.210 0.505 0.664 0.909 1.122 1.247 1.371 1.459 1.551 1.657 1.762 1.881 2.013 2.058 2.062 2.055 2.054 1.943 1.776 1.662 0.000 
5.500 50.120 -0.630 -0.111 0.087 0.374 0.536 0.778 0.975 1.093 1.212 1.298 1.388 1.491 1.595 1.714 1.848 1.895 1.906 1.895 1.885 1.773 1.596 1.488 0.000 
5.500 63.100 -0.740 -0.233 -0.038 0.241 0.405 0.643 0.826 0.936 1.050 1.135 1.222 1.321 1.424 1.542 1.677 1.725 1.741 1.726 1.707 1.592 1.407 1.307 0.000 
5.500 79.430 -0.854 -0.360 -0.167 0.105 0.271 0.505 0.674 0.775 0.885 0.967 1.052 1.147 1.248 1.365 1.499 1.546 1.567 1.546 1.517 1.399 1.208 1.117 0.000 
5.500 100.000 -0.973 -0.491 -0.300 -0.033 0.133 0.363 0.517 0.610 0.715 0.795 0.877 0.967 1.066 1.181 1.313 1.358 1.382 1.354 1.313 1.190 0.996 0.916 0.000 
5.500 125.890 -1.097 -0.628 -0.438 -0.175 -0.009 0.216 0.354 0.441 0.541 0.618 0.697 0.782 0.878 0.989 1.117 1.156 1.182 1.145 1.091 0.963 0.768 0.702 0.000 
5.500 158.490 -1.228 -0.772 -0.582 -0.321 -0.157 0.064 0.185 0.265 0.359 0.433 0.509 0.589 0.682 0.787 0.908 0.940 0.964 0.917 0.848 0.712 0.519 0.471 0.000 
5.500 199.530 -1.368 -0.926 -0.733 -0.473 -0.312 -0.096 0.008 0.082 0.170 0.240 0.313 0.386 0.475 0.572 0.683 0.703 0.725 0.664 0.578 0.432 0.246 0.219 0.000 
5.500 251.190 -1.518 -1.090 -0.893 -0.632 -0.476 -0.266 -0.180 -0.111 -0.030 0.037 0.105 0.172 0.254 0.341 0.438 0.443 0.457 0.380 0.275 0.114 -0.059 -0.060 0.000 
5.500 316.230 -1.683 -1.268 -1.064 -0.800 -0.650 -0.447 -0.381 -0.316 -0.243 -0.181 -0.117 -0.058 0.018 0.091 0.169 0.152 0.156 0.058 -0.071 -0.249 -0.402 -0.371 0.000 
5.500 398.110 -1.865 -1.464 -1.250 -0.978 -0.839 -0.643 -0.598 -0.536 -0.472 -0.415 -0.357 -0.307 -0.240 -0.184 -0.131 -0.177 -0.189 -0.313 -0.470 -0.669 -0.795 -0.724 0.000 
5.500 501.190 -2.069 -1.682 -1.454 -1.170 -1.044 -0.858 -0.836 -0.776 -0.721 -0.671 -0.619 -0.579 -0.523 -0.491 -0.470 -0.555 -0.589 -0.744 -0.936 -1.163 -1.250 -1.129 0.000 
5.500 630.960 -2.301 -1.927 -1.681 -1.379 -1.272 -1.096 -1.100 -1.039 -0.996 -0.954 -0.909 -0.882 -0.840 -0.836 -0.858 -0.992 -1.057 -1.252 -1.485 -1.748 -1.783 -1.599 0.000 
5.500 794.330 -2.567 -2.207 -1.936 -1.610 -1.526 -1.363 -1.397 -1.333 -1.303 -1.271 -1.235 -1.222 -1.197 -1.231 -1.308 -1.506 -1.611 -1.857 -2.140 -2.448 -2.414 -2.152 0.000 
5.500 1000.000 -2.876 -2.531 -2.227 -1.867 -1.815 -1.667 -1.735 -1.665 -1.650 -1.630 -1.605 -1.609 -1.606 -1.688 -1.835 -2.115 -2.274 -2.582 -2.928 -3.292 -3.168 -2.808 0.000 
5.750 1.000 0.908 1.534 1.909 2.425 2.520 2.827 3.247 3.514 3.652 3.765 3.886 4.015 4.072 4.098 4.094 3.980 3.812 3.795 3.882 3.739 3.859 3.756 0.000 
5.750 1.260 0.865 1.489 1.851 2.349 2.449 2.751 3.157 3.414 3.553 3.664 3.783 3.911 3.972 4.006 4.012 3.908 3.752 3.735 3.817 3.677 3.778 3.673 0.000 
5.750 1.580 0.816 1.439 1.787 2.268 2.372 2.669 3.062 3.309 3.448 3.556 3.673 3.800 3.867 3.908 3.924 3.832 3.687 3.672 3.748 3.610 3.692 3.586 0.000 
5.750 2.000 0.762 1.382 1.718 2.181 2.290 2.581 2.961 3.198 3.338 3.444 3.558 3.685 3.756 3.805 3.831 3.750 3.617 3.603 3.674 3.538 3.601 3.493 0.000 
5.750 2.510 0.703 1.320 1.643 2.088 2.202 2.489 2.855 3.082 3.222 3.325 3.437 3.563 3.639 3.695 3.732 3.663 3.542 3.529 3.595 3.462 3.504 3.393 0.000 
5.750 3.160 0.638 1.252 1.562 1.991 2.109 2.391 2.743 2.960 3.100 3.202 3.311 3.436 3.516 3.580 3.627 3.570 3.460 3.449 3.510 3.379 3.401 3.288 0.000 
5.750 3.980 0.568 1.179 1.475 1.889 2.011 2.289 2.628 2.835 2.974 3.074 3.181 3.305 3.388 3.459 3.517 3.471 3.372 3.363 3.419 3.291 3.292 3.177 0.000 
5.750 5.010 0.494 1.100 1.384 1.782 1.909 2.183 2.508 2.706 2.844 2.942 3.046 3.168 3.255 3.333 3.400 3.366 3.279 3.271 3.321 3.196 3.177 3.060 0.000 
5.750 6.310 0.415 1.015 1.289 1.672 1.804 2.073 2.385 2.573 2.709 2.805 2.908 3.028 3.118 3.202 3.277 3.254 3.178 3.172 3.217 3.094 3.055 2.937 0.000 
5.750 7.940 0.332 0.926 1.189 1.559 1.695 1.960 2.258 2.437 2.572 2.666 2.766 2.884 2.977 3.066 3.150 3.137 3.072 3.066 3.106 2.986 2.927 2.808 0.000 
5.750 10.000 0.245 0.832 1.086 1.443 1.583 1.844 2.129 2.299 2.431 2.523 2.621 2.737 2.832 2.925 3.017 3.014 2.960 2.955 2.989 2.870 2.793 2.673 0.000 
5.750 12.590 0.155 0.734 0.979 1.325 1.468 1.726 1.997 2.158 2.287 2.378 2.474 2.588 2.683 2.781 2.880 2.885 2.841 2.837 2.866 2.748 2.653 2.534 0.000 
5.750 15.850 0.062 0.633 0.870 1.204 1.351 1.605 1.863 2.015 2.141 2.230 2.324 2.435 2.532 2.633 2.738 2.751 2.717 2.713 2.736 2.620 2.508 2.389 0.000 
5.750 19.950 -0.034 0.528 0.758 1.081 1.232 1.483 1.727 1.869 1.993 2.080 2.172 2.280 2.377 2.482 2.593 2.613 2.588 2.583 2.599 2.484 2.357 2.240 0.000 
5.750 25.120 -0.132 0.420 0.643 0.956 1.111 1.358 1.589 1.722 1.842 1.928 2.017 2.122 2.220 2.327 2.443 2.468 2.453 2.446 2.456 2.341 2.200 2.085 0.000 
5.750 31.620 -0.232 0.309 0.526 0.830 0.987 1.231 1.448 1.573 1.689 1.773 1.860 1.962 2.060 2.169 2.288 2.319 2.311 2.303 2.305 2.191 2.036 1.925 0.000 
5.750 39.810 -0.335 0.195 0.407 0.702 0.862 1.102 1.305 1.421 1.534 1.616 1.701 1.799 1.896 2.007 2.129 2.164 2.164 2.153 2.147 2.032 1.866 1.760 0.000 
5.750 50.120 -0.441 0.077 0.285 0.571 0.734 0.971 1.159 1.267 1.376 1.456 1.539 1.633 1.730 1.840 1.965 2.002 2.009 1.994 1.981 1.865 1.687 1.587 0.000 
5.750 63.100 -0.551 -0.045 0.160 0.439 0.603 0.836 1.011 1.111 1.214 1.292 1.373 1.464 1.559 1.669 1.795 1.833 1.845 1.827 1.804 1.686 1.500 1.408 0.000 
5.750 79.430 -0.664 -0.170 0.031 0.304 0.470 0.699 0.858 0.950 1.050 1.125 1.203 1.290 1.384 1.493 1.618 1.656 1.672 1.648 1.615 1.494 1.302 1.218 0.000 
5.750 100.000 -0.782 -0.301 -0.101 0.165 0.332 0.557 0.702 0.786 0.880 0.954 1.029 1.111 1.203 1.309 1.432 1.468 1.488 1.457 1.412 1.286 1.090 1.018 0.000 
5.750 125.890 -0.906 -0.438 -0.239 0.024 0.190 0.411 0.540 0.617 0.706 0.776 0.849 0.926 1.015 1.117 1.236 1.267 1.288 1.249 1.192 1.060 0.863 0.804 0.000 
5.750 158.490 -1.037 -0.582 -0.382 -0.123 0.042 0.258 0.371 0.441 0.525 0.592 0.661 0.733 0.818 0.916 1.027 1.051 1.071 1.021 0.949 0.810 0.615 0.574 0.000 
5.750 199.530 -1.176 -0.735 -0.533 -0.275 -0.113 0.098 0.193 0.258 0.335 0.399 0.465 0.531 0.612 0.701 0.803 0.815 0.832 0.769 0.680 0.530 0.342 0.322 0.000 
5.750 251.190 -1.327 -0.899 -0.693 -0.433 -0.276 -0.071 0.006 0.065 0.135 0.196 0.257 0.316 0.392 0.471 0.559 0.555 0.566 0.486 0.376 0.213 0.038 0.044 0.000 
5.750 316.230 -1.492 -1.077 -0.864 -0.601 -0.451 -0.252 -0.195 -0.140 -0.077 -0.022 0.035 0.087 0.155 0.220 0.290 0.264 0.264 0.164 0.031 -0.149 -0.305 -0.267 0.000 
5.750 398.110 -1.674 -1.273 -1.050 -0.779 -0.639 -0.448 -0.412 -0.360 -0.306 -0.256 -0.205 -0.162 -0.102 -0.055 -0.010 -0.065 -0.081 -0.207 -0.368 -0.570 -0.698 -0.620 0.000 
5.750 501.190 -1.877 -1.490 -1.254 -0.971 -0.844 -0.663 -0.650 -0.599 -0.555 -0.512 -0.467 -0.434 -0.386 -0.361 -0.349 -0.442 -0.480 -0.638 -0.833 -1.063 -1.153 -1.025 0.000 
5.750 630.960 -2.109 -1.735 -1.480 -1.180 -1.072 -0.901 -0.914 -0.863 -0.830 -0.795 -0.757 -0.737 -0.702 -0.706 -0.737 -0.879 -0.948 -1.146 -1.382 -1.648 -1.686 -1.495 0.000 
5.750 794.330 -2.375 -2.015 -1.735 -1.410 -1.326 -1.168 -1.211 -1.156 -1.137 -1.111 -1.082 -1.077 -1.059 -1.101 -1.187 -1.393 -1.502 -1.750 -2.037 -2.348 -2.316 -2.047 0.000 
5.750 1000.000 -2.684 -2.339 -2.026 -1.668 -1.615 -1.472 -1.549 -1.488 -1.484 -1.471 -1.452 -1.464 -1.469 -1.558 -1.714 -2.002 -2.165 -2.476 -2.825 -3.192 -3.070 -2.704 0.000 
6.000 1.000 1.024 1.644 2.036 2.560 2.653 2.958 3.367 3.628 3.750 3.858 3.975 4.094 4.139 4.158 4.146 4.022 3.847 3.822 3.901 3.753 3.876 3.780 0.000 
6.000 1.260 0.986 1.605 1.984 2.490 2.589 2.888 3.285 3.535 3.657 3.763 3.878 3.996 4.046 4.072 4.069 3.955 3.791 3.766 3.840 3.694 3.800 3.703 0.000 
6.000 1.580 0.943 1.560 1.927 2.415 2.518 2.813 3.196 3.436 3.559 3.663 3.775 3.893 3.947 3.980 3.986 3.883 3.730 3.707 3.776 3.632 3.719 3.621 0.000 
6.000 2.000 0.895 1.510 1.863 2.335 2.442 2.732 3.102 3.332 3.456 3.557 3.667 3.784 3.842 3.883 3.899 3.807 3.665 3.643 3.707 3.565 3.634 3.534 0.000 
6.000 2.510 0.842 1.455 1.795 2.248 2.361 2.645 3.002 3.222 3.346 3.445 3.552 3.669 3.732 3.780 3.806 3.725 3.595 3.575 3.634 3.494 3.543 3.442 0.000 
6.000 3.160 0.784 1.394 1.720 2.156 2.273 2.553 2.896 3.106 3.231 3.328 3.432 3.548 3.616 3.671 3.707 3.638 3.520 3.501 3.555 3.418 3.447 3.343 0.000 
6.000 3.980 0.721 1.327 1.639 2.059 2.181 2.456 2.786 2.986 3.110 3.205 3.307 3.422 3.494 3.556 3.602 3.544 3.438 3.421 3.470 3.336 3.344 3.239 0.000 
6.000 5.010 0.652 1.253 1.554 1.957 2.084 2.354 2.671 2.861 2.985 3.078 3.177 3.291 3.367 3.435 3.491 3.445 3.350 3.335 3.379 3.247 3.235 3.128 0.000 
6.000 6.310 0.578 1.175 1.463 1.851 1.982 2.248 2.551 2.732 2.855 2.946 3.043 3.155 3.234 3.309 3.374 3.339 3.256 3.242 3.282 3.153 3.120 3.011 0.000 
6.000 7.940 0.500 1.091 1.368 1.741 1.877 2.138 2.428 2.599 2.721 2.810 2.905 3.015 3.097 3.178 3.251 3.227 3.155 3.143 3.177 3.051 2.998 2.888 0.000 
6.000 10.000 0.417 1.002 1.268 1.628 1.768 2.025 2.302 2.464 2.584 2.671 2.763 2.871 2.956 3.042 3.123 3.108 3.048 3.037 3.066 2.942 2.870 2.759 0.000 
6.000 12.590 0.331 0.908 1.165 1.512 1.656 1.909 2.173 2.325 2.443 2.528 2.618 2.724 2.811 2.901 2.989 2.984 2.934 2.924 2.948 2.826 2.735 2.624 0.000 
6.000 15.850 0.241 0.810 1.058 1.393 1.541 1.791 2.041 2.184 2.299 2.383 2.471 2.574 2.662 2.756 2.851 2.854 2.815 2.805 2.823 2.702 2.594 2.483 0.000 
6.000 19.950 0.149 0.708 0.948 1.272 1.423 1.670 1.906 2.040 2.153 2.234 2.320 2.421 2.510 2.607 2.708 2.719 2.689 2.679 2.691 2.571 2.447 2.337 0.000 
6.000 25.120 0.053 0.603 0.836 1.149 1.303 1.546 1.769 1.894 2.003 2.083 2.167 2.265 2.355 2.454 2.560 2.577 2.557 2.546 2.551 2.433 2.293 2.185 0.000 
6.000 31.620 -0.046 0.494 0.720 1.023 1.181 1.421 1.629 1.746 1.852 1.930 2.011 2.106 2.196 2.297 2.408 2.430 2.418 2.406 2.404 2.286 2.132 2.028 0.000 
6.000 39.810 -0.148 0.381 0.602 0.896 1.057 1.293 1.487 1.595 1.697 1.774 1.853 1.944 2.034 2.137 2.251 2.277 2.273 2.258 2.249 2.131 1.964 1.864 0.000 
6.000 50.120 -0.253 0.265 0.481 0.766 0.930 1.162 1.342 1.442 1.540 1.614 1.691 1.779 1.868 1.972 2.088 2.117 2.119 2.102 2.085 1.965 1.788 1.694 0.000 
6.000 63.100 -0.361 0.144 0.356 0.634 0.800 1.028 1.194 1.286 1.380 1.452 1.526 1.610 1.698 1.802 1.919 1.950 1.958 1.936 1.910 1.788 1.602 1.515 0.000 
6.000 79.430 -0.474 0.019 0.229 0.500 0.666 0.891 1.042 1.126 1.215 1.285 1.357 1.437 1.524 1.626 1.742 1.773 1.786 1.759 1.723 1.598 1.405 1.327 0.000 
6.000 100.000 -0.591 -0.110 0.097 0.362 0.529 0.750 0.886 0.962 1.046 1.114 1.183 1.258 1.343 1.443 1.557 1.586 1.602 1.569 1.521 1.392 1.195 1.128 0.000 
6.000 125.890 -0.714 -0.246 -0.040 0.220 0.387 0.604 0.724 0.793 0.872 0.937 1.003 1.074 1.156 1.252 1.362 1.386 1.404 1.362 1.302 1.167 0.968 0.915 0.000 
6.000 158.490 -0.845 -0.390 -0.183 0.074 0.240 0.451 0.556 0.618 0.691 0.753 0.816 0.881 0.960 1.050 1.154 1.170 1.188 1.135 1.060 0.918 0.721 0.685 0.000 
6.000 199.530 -0.984 -0.543 -0.334 -0.077 0.085 0.291 0.378 0.435 0.502 0.560 0.620 0.679 0.753 0.836 0.930 0.935 0.949 0.883 0.791 0.639 0.448 0.433 0.000 
6.000 251.190 -1.134 -0.706 -0.494 -0.236 -0.078 0.122 0.191 0.242 0.303 0.357 0.412 0.465 0.533 0.606 0.686 0.675 0.683 0.601 0.489 0.323 0.145 0.155 0.000 
6.000 316.230 -1.299 -0.884 -0.665 -0.403 -0.252 -0.059 -0.010 0.037 0.090 0.140 0.190 0.235 0.297 0.356 0.417 0.385 0.382 0.279 0.144 -0.040 -0.198 -0.155 0.000 
6.000 398.110 -1.481 -1.080 -0.851 -0.581 -0.440 -0.255 -0.227 -0.183 -0.139 -0.095 -0.049 -0.013 0.040 0.081 0.118 0.056 0.037 -0.091 -0.255 -0.460 -0.591 -0.508 0.000 
6.000 501.190 -1.684 -1.297 -1.054 -0.773 -0.646 -0.469 -0.465 -0.422 -0.388 -0.350 -0.311 -0.286 -0.244 -0.225 -0.221 -0.321 -0.362 -0.522 -0.720 -0.953 -1.045 -0.912 0.000 
6.000 630.960 -1.916 -1.542 -1.281 -0.982 -0.873 -0.707 -0.729 -0.686 -0.662 -0.633 -0.601 -0.588 -0.560 -0.571 -0.609 -0.758 -0.830 -1.030 -1.269 -1.537 -1.578 -1.382 0.000 
6.000 794.330 -2.182 -1.822 -1.536 -1.212 -1.128 -0.974 -1.025 -0.979 -0.969 -0.950 -0.927 -0.928 -0.917 -0.966 -1.059 -1.272 -1.384 -1.634 -1.923 -2.237 -2.209 -1.935 0.000 
6.000 1000.000 -2.491 -2.145 -1.826 -1.470 -1.417 -1.278 -1.363 -1.311 -1.316 -1.309 -1.297 -1.316 -1.326 -1.423 -1.586 -1.881 -2.046 -2.359 -2.711 -3.081 -2.963 -2.591 0.000 
6.250 1.000 1.135 1.750 2.156 2.686 2.777 3.080 3.480 3.735 3.841 3.945 4.059 4.170 4.203 4.219 4.200 4.069 3.887 3.854 3.928 3.773 3.899 3.808 0.000 
6.250 1.260 1.102 1.715 2.109 2.623 2.719 3.017 3.404 3.648 3.755 3.857 3.968 4.078 4.116 4.137 4.127 4.005 3.834 3.802 3.870 3.718 3.827 3.735 0.000 
6.250 1.580 1.064 1.676 2.058 2.554 2.655 2.948 3.322 3.556 3.664 3.764 3.872 3.981 4.024 4.051 4.050 3.938 3.778 3.747 3.810 3.659 3.751 3.658 0.000 
6.250 2.000 1.022 1.632 2.001 2.480 2.586 2.873 3.234 3.459 3.567 3.664 3.771 3.879 3.926 3.960 3.968 3.866 3.718 3.688 3.745 3.597 3.671 3.577 0.000 
6.250 2.510 0.976 1.583 1.939 2.400 2.511 2.793 3.141 3.355 3.464 3.559 3.663 3.771 3.822 3.863 3.880 3.790 3.653 3.624 3.677 3.531 3.586 3.491 0.000 
6.250 3.160 0.924 1.529 1.871 2.314 2.430 2.707 3.042 3.246 3.356 3.449 3.549 3.656 3.713 3.761 3.787 3.708 3.583 3.556 3.604 3.460 3.495 3.399 0.000 
6.250 3.980 0.867 1.468 1.797 2.222 2.343 2.616 2.937 3.131 3.241 3.332 3.430 3.536 3.598 3.652 3.688 3.620 3.507 3.482 3.525 3.384 3.399 3.301 0.000 
6.250 5.010 0.804 1.402 1.717 2.126 2.251 2.519 2.827 3.011 3.122 3.210 3.306 3.411 3.476 3.537 3.583 3.527 3.425 3.402 3.441 3.303 3.297 3.197 0.000 
6.250 6.310 0.736 1.329 1.631 2.024 2.154 2.417 2.713 2.887 2.997 3.084 3.177 3.280 3.350 3.417 3.472 3.426 3.337 3.316 3.350 3.214 3.188 3.086 0.000 
6.250 7.940 0.664 1.251 1.541 1.918 2.053 2.312 2.594 2.758 2.868 2.952 3.043 3.145 3.218 3.291 3.354 3.320 3.242 3.223 3.252 3.119 3.073 2.969 0.000 
6.250 10.000 0.586 1.167 1.446 1.809 1.948 2.202 2.471 2.626 2.734 2.817 2.905 3.005 3.081 3.159 3.231 3.207 3.140 3.123 3.147 3.017 2.951 2.846 0.000 
6.250 12.590 0.504 1.078 1.346 1.695 1.839 2.089 2.345 2.490 2.597 2.677 2.763 2.862 2.940 3.022 3.102 3.087 3.032 3.016 3.035 2.907 2.821 2.717 0.000 
6.250 15.850 0.418 0.985 1.243 1.579 1.726 1.973 2.215 2.351 2.456 2.535 2.618 2.714 2.794 2.881 2.968 2.962 2.917 2.902 2.915 2.790 2.685 2.581 0.000 
6.250 19.950 0.329 0.886 1.136 1.460 1.611 1.854 2.083 2.210 2.312 2.389 2.469 2.563 2.645 2.735 2.828 2.830 2.795 2.781 2.788 2.664 2.543 2.439 0.000 
6.250 25.120 0.236 0.784 1.025 1.338 1.493 1.732 1.947 2.065 2.165 2.240 2.318 2.409 2.492 2.585 2.683 2.692 2.667 2.652 2.653 2.531 2.393 2.291 0.000 
6.250 31.620 0.139 0.677 0.912 1.214 1.372 1.608 1.809 1.918 2.015 2.088 2.164 2.252 2.335 2.430 2.533 2.548 2.531 2.516 2.510 2.388 2.235 2.136 0.000 
6.250 39.810 0.039 0.567 0.795 1.088 1.249 1.481 1.668 1.769 1.861 1.933 2.007 2.091 2.175 2.271 2.377 2.397 2.388 2.371 2.358 2.236 2.070 1.975 0.000 
6.250 50.120 -0.064 0.452 0.675 0.959 1.123 1.351 1.524 1.616 1.705 1.774 1.846 1.927 2.010 2.108 2.216 2.239 2.238 2.217 2.197 2.074 1.896 1.807 0.000 
6.250 63.100 -0.171 0.333 0.552 0.828 0.994 1.218 1.377 1.461 1.546 1.613 1.682 1.759 1.842 1.939 2.049 2.073 2.078 2.054 2.025 1.900 1.712 1.630 0.000 
6.250 79.430 -0.283 0.210 0.425 0.694 0.861 1.081 1.225 1.302 1.382 1.447 1.513 1.587 1.668 1.764 1.873 1.898 1.908 1.879 1.840 1.712 1.517 1.443 0.000 
6.250 100.000 -0.399 0.081 0.294 0.557 0.724 0.941 1.070 1.138 1.214 1.276 1.340 1.409 1.488 1.582 1.689 1.712 1.725 1.690 1.639 1.508 1.308 1.245 0.000 
6.250 125.890 -0.522 -0.055 0.157 0.416 0.583 0.795 0.908 0.969 1.040 1.100 1.160 1.225 1.301 1.391 1.495 1.513 1.528 1.484 1.421 1.284 1.082 1.033 0.000 
6.250 158.490 -0.652 -0.198 0.015 0.270 0.436 0.643 0.740 0.794 0.859 0.916 0.974 1.033 1.106 1.190 1.287 1.298 1.312 1.258 1.181 1.036 0.836 0.803 0.000 
6.250 199.530 -0.791 -0.350 -0.136 0.118 0.282 0.483 0.563 0.612 0.671 0.724 0.777 0.831 0.899 0.976 1.064 1.063 1.074 1.007 0.913 0.758 0.564 0.553 0.000 
6.250 251.190 -0.941 -0.513 -0.295 -0.040 0.118 0.314 0.376 0.419 0.471 0.520 0.570 0.616 0.680 0.746 0.820 0.803 0.808 0.725 0.611 0.443 0.261 0.275 0.000 
6.250 316.230 -1.105 -0.691 -0.466 -0.207 -0.056 0.133 0.175 0.214 0.259 0.303 0.348 0.387 0.443 0.497 0.552 0.513 0.508 0.404 0.266 0.081 -0.081 -0.035 0.000 
6.250 398.110 -1.287 -0.886 -0.652 -0.385 -0.244 -0.063 -0.042 -0.006 0.030 0.069 0.109 0.139 0.186 0.222 0.252 0.185 0.164 0.035 -0.131 -0.339 -0.474 -0.387 0.000 
6.250 501.190 -1.490 -1.103 -0.855 -0.577 -0.449 -0.277 -0.280 -0.245 -0.218 -0.186 -0.153 -0.133 -0.097 -0.084 -0.086 -0.192 -0.235 -0.396 -0.596 -0.831 -0.928 -0.791 0.000 
6.250 630.960 -1.721 -1.348 -1.081 -0.786 -0.676 -0.515 -0.544 -0.508 -0.493 -0.469 -0.443 -0.436 -0.413 -0.429 -0.474 -0.629 -0.703 -0.904 -1.145 -1.415 -1.460 -1.261 0.000 
6.250 794.330 -1.987 -1.628 -1.336 -1.016 -0.931 -0.782 -0.840 -0.802 -0.800 -0.786 -0.768 -0.776 -0.770 -0.824 -0.924 -1.142 -1.256 -1.507 -1.799 -2.115 -2.090 -1.814 0.000 
6.250 1000.000 -2.297 -1.951 -1.627 -1.273 -1.220 -1.086 -1.178 -1.133 -1.147 -1.145 -1.138 -1.163 -1.179 -1.281 -1.451 -1.751 -1.919 -2.232 -2.586 -2.959 -2.844 -2.470 0.000 
6.500 1.000 1.242 1.852 2.269 2.805 2.893 3.194 3.585 3.835 3.926 4.027 4.139 4.242 4.266 4.280 4.257 4.121 3.933 3.894 3.961 3.801 3.929 3.839 0.000 
6.500 1.260 1.213 1.821 2.228 2.747 2.841 3.137 3.515 3.755 3.846 3.945 4.054 4.157 4.184 4.204 4.188 4.061 3.884 3.845 3.907 3.749 3.860 3.770 0.000 
6.500 1.580 1.180 1.787 2.182 2.685 2.784 3.074 3.440 3.669 3.762 3.858 3.965 4.066 4.098 4.122 4.115 3.997 3.831 3.793 3.850 3.693 3.788 3.698 0.000 
6.500 2.000 1.144 1.749 2.132 2.617 2.721 3.006 3.359 3.578 3.671 3.766 3.869 3.970 4.006 4.037 4.038 3.930 3.774 3.737 3.789 3.635 3.712 3.622 0.000 
6.500 2.510 1.103 1.706 2.076 2.543 2.652 2.932 3.272 3.481 3.576 3.668 3.769 3.868 3.909 3.946 3.956 3.858 3.714 3.678 3.725 3.573 3.632 3.541 0.000 
6.500 3.160 1.057 1.657 2.014 2.463 2.577 2.853 3.180 3.379 3.474 3.564 3.662 3.761 3.807 3.849 3.869 3.781 3.649 3.615 3.657 3.508 3.548 3.455 0.000 
6.500 3.980 1.006 1.603 1.946 2.378 2.497 2.768 3.081 3.270 3.367 3.454 3.549 3.648 3.698 3.747 3.775 3.699 3.579 3.546 3.584 3.437 3.458 3.364 0.000 
6.500 5.010 0.950 1.543 1.873 2.287 2.411 2.677 2.978 3.156 3.253 3.339 3.431 3.528 3.584 3.638 3.676 3.611 3.503 3.472 3.505 3.361 3.362 3.266 0.000 
6.500 6.310 0.889 1.478 1.793 2.190 2.320 2.580 2.868 3.037 3.135 3.218 3.307 3.404 3.463 3.524 3.571 3.517 3.420 3.392 3.421 3.280 3.259 3.163 0.000 
6.500 7.940 0.822 1.406 1.708 2.089 2.223 2.479 2.754 2.913 3.011 3.091 3.178 3.273 3.337 3.403 3.459 3.416 3.331 3.306 3.329 3.191 3.151 3.052 0.000 
6.500 10.000 0.750 1.328 1.618 1.984 2.122 2.374 2.636 2.785 2.882 2.960 3.045 3.138 3.205 3.277 3.341 3.308 3.236 3.212 3.231 3.096 3.035 2.935 0.000 
6.500 12.590 0.673 1.244 1.523 1.874 2.017 2.264 2.513 2.652 2.748 2.825 2.907 2.999 3.069 3.145 3.217 3.194 3.133 3.111 3.126 2.993 2.912 2.812 0.000 
6.500 15.850 0.592 1.155 1.424 1.761 1.908 2.151 2.386 2.516 2.611 2.686 2.765 2.855 2.927 3.008 3.087 3.073 3.023 3.003 3.012 2.881 2.781 2.681 0.000 
6.500 19.950 0.506 1.061 1.320 1.644 1.795 2.034 2.256 2.377 2.470 2.542 2.619 2.707 2.781 2.866 2.951 2.946 2.906 2.887 2.891 2.762 2.644 2.544 0.000 
6.500 25.120 0.416 0.963 1.212 1.525 1.679 1.915 2.123 2.235 2.325 2.396 2.470 2.555 2.631 2.719 2.810 2.812 2.782 2.763 2.761 2.634 2.498 2.400 0.000 
6.500 31.620 0.323 0.859 1.101 1.402 1.560 1.792 1.987 2.090 2.177 2.246 2.318 2.400 2.477 2.567 2.662 2.671 2.650 2.631 2.623 2.496 2.345 2.250 0.000 
6.500 39.810 0.225 0.751 0.986 1.277 1.438 1.666 1.847 1.941 2.026 2.092 2.162 2.241 2.318 2.410 2.509 2.523 2.511 2.490 2.475 2.349 2.183 2.091 0.000 
6.500 50.120 0.124 0.639 0.868 1.150 1.313 1.538 1.704 1.790 1.871 1.936 2.003 2.078 2.156 2.248 2.350 2.367 2.363 2.340 2.317 2.190 2.012 1.926 0.000 
6.500 63.100 0.018 0.522 0.746 1.019 1.185 1.406 1.558 1.635 1.712 1.775 1.839 1.911 1.988 2.080 2.184 2.203 2.205 2.179 2.147 2.019 1.831 1.751 0.000 
6.500 79.430 -0.092 0.400 0.620 0.886 1.053 1.270 1.407 1.477 1.550 1.610 1.672 1.740 1.815 1.907 2.010 2.030 2.037 2.006 1.965 1.834 1.638 1.566 0.000 
6.500 100.000 -0.207 0.272 0.490 0.749 0.917 1.130 1.252 1.314 1.382 1.440 1.499 1.563 1.637 1.726 1.827 1.845 1.856 1.819 1.767 1.632 1.430 1.369 0.000 
6.500 125.890 -0.329 0.138 0.354 0.609 0.777 0.984 1.091 1.146 1.209 1.264 1.320 1.379 1.450 1.536 1.634 1.647 1.660 1.615 1.550 1.410 1.206 1.158 0.000 
6.500 158.490 -0.458 -0.004 0.212 0.463 0.630 0.833 0.923 0.971 1.029 1.081 1.134 1.187 1.255 1.335 1.427 1.433 1.445 1.390 1.311 1.164 0.961 0.930 0.000 
6.500 199.530 -0.597 -0.156 0.062 0.312 0.476 0.673 0.747 0.789 0.840 0.889 0.938 0.986 1.050 1.122 1.204 1.199 1.208 1.140 1.044 0.887 0.690 0.680 0.000 
6.500 251.190 -0.746 -0.319 -0.097 0.154 0.313 0.505 0.560 0.596 0.641 0.686 0.731 0.772 0.830 0.893 0.961 0.940 0.943 0.859 0.743 0.573 0.388 0.403 0.000 
6.500 316.230 -0.910 -0.496 -0.268 -0.013 0.139 0.324 0.359 0.392 0.429 0.469 0.509 0.543 0.595 0.643 0.693 0.650 0.643 0.539 0.399 0.212 0.046 0.093 0.000 
6.500 398.110 -1.091 -0.691 -0.453 -0.191 -0.049 0.128 0.143 0.172 0.201 0.235 0.270 0.295 0.338 0.369 0.394 0.322 0.299 0.170 0.002 -0.207 -0.346 -0.258 0.000 
6.500 501.190 -1.295 -0.908 -0.656 -0.382 -0.254 -0.086 -0.095 -0.067 -0.048 -0.020 0.008 0.023 0.055 0.063 0.055 -0.054 -0.099 -0.261 -0.462 -0.699 -0.800 -0.662 0.000 
6.500 630.960 -1.526 -1.153 -0.883 -0.591 -0.481 -0.324 -0.359 -0.330 -0.322 -0.303 -0.282 -0.280 -0.261 -0.282 -0.332 -0.491 -0.566 -0.768 -1.011 -1.283 -1.332 -1.132 0.000 
6.500 794.330 -1.791 -1.432 -1.137 -0.821 -0.736 -0.591 -0.655 -0.624 -0.629 -0.619 -0.607 -0.619 -0.618 -0.677 -0.782 -1.004 -1.120 -1.371 -1.665 -1.982 -1.962 -1.684 0.000 
6.500 1000.000 -2.101 -1.755 -1.428 -1.078 -1.024 -0.895 -0.993 -0.955 -0.976 -0.978 -0.977 -1.007 -1.027 -1.134 -1.309 -1.613 -1.782 -2.096 -2.452 -2.826 -2.716 -2.340 0.000 
6.750 1.000 1.347 1.951 2.377 2.916 3.002 3.300 3.683 3.929 4.006 4.105 4.215 4.312 4.329 4.344 4.319 4.179 3.986 3.941 4.004 3.838 3.966 3.876 0.000 
6.750 1.260 1.321 1.924 2.341 2.864 2.955 3.248 3.618 3.854 3.932 4.028 4.136 4.232 4.251 4.271 4.253 4.122 3.939 3.894 3.951 3.788 3.900 3.810 0.000 
6.750 1.580 1.293 1.894 2.300 2.807 2.903 3.192 3.549 3.775 3.853 3.947 4.052 4.147 4.170 4.194 4.184 4.061 3.889 3.845 3.897 3.735 3.831 3.741 0.000 
6.750 2.000 1.261 1.860 2.255 2.745 2.846 3.130 3.475 3.690 3.770 3.861 3.964 4.057 4.084 4.113 4.111 3.997 3.836 3.793 3.840 3.680 3.759 3.669 0.000 
6.750 2.510 1.225 1.823 2.205 2.678 2.784 3.063 3.395 3.600 3.681 3.770 3.869 3.962 3.994 4.028 4.033 3.930 3.780 3.738 3.779 3.622 3.683 3.594 0.000 
6.750 3.160 1.185 1.780 2.149 2.604 2.716 2.990 3.309 3.504 3.586 3.673 3.769 3.861 3.897 3.937 3.951 3.858 3.719 3.679 3.715 3.560 3.604 3.513 0.000 
6.750 3.980 1.140 1.732 2.088 2.525 2.642 2.911 3.218 3.402 3.485 3.570 3.663 3.755 3.796 3.841 3.864 3.781 3.654 3.615 3.647 3.495 3.519 3.428 0.000 
6.750 5.010 1.090 1.679 2.021 2.440 2.562 2.826 3.120 3.295 3.379 3.461 3.552 3.642 3.688 3.739 3.770 3.698 3.583 3.547 3.574 3.424 3.429 3.337 0.000 
6.750 6.310 1.035 1.620 1.948 2.350 2.477 2.736 3.017 3.181 3.267 3.347 3.434 3.524 3.574 3.630 3.671 3.610 3.507 3.472 3.495 3.348 3.334 3.240 0.000 
6.750 7.940 0.974 1.554 1.869 2.254 2.386 2.640 2.908 3.063 3.148 3.226 3.311 3.399 3.454 3.516 3.565 3.515 3.424 3.392 3.410 3.266 3.231 3.136 0.000 
6.750 10.000 0.908 1.483 1.785 2.153 2.290 2.539 2.795 2.939 3.025 3.101 3.182 3.270 3.328 3.395 3.453 3.413 3.334 3.305 3.319 3.177 3.122 3.026 0.000 
6.750 12.590 0.837 1.405 1.695 2.047 2.189 2.434 2.676 2.811 2.897 2.970 3.049 3.135 3.197 3.269 3.334 3.304 3.238 3.210 3.220 3.081 3.006 2.909 0.000 
6.750 15.850 0.761 1.322 1.599 1.937 2.084 2.324 2.553 2.678 2.763 2.835 2.911 2.995 3.060 3.136 3.209 3.189 3.133 3.108 3.113 2.977 2.881 2.784 0.000 
6.750 19.950 0.680 1.233 1.500 1.824 1.974 2.211 2.427 2.542 2.626 2.695 2.769 2.850 2.918 2.998 3.078 3.066 3.022 2.998 2.997 2.864 2.749 2.653 0.000 
6.750 25.120 0.594 1.138 1.395 1.707 1.861 2.094 2.296 2.403 2.484 2.551 2.622 2.702 2.772 2.855 2.940 2.936 2.902 2.879 2.873 2.742 2.609 2.514 0.000 
6.750 31.620 0.504 1.039 1.287 1.587 1.744 1.973 2.162 2.259 2.339 2.404 2.472 2.549 2.620 2.706 2.796 2.799 2.775 2.752 2.740 2.610 2.461 2.367 0.000 
6.750 39.810 0.409 0.934 1.175 1.464 1.624 1.849 2.024 2.113 2.190 2.253 2.319 2.392 2.464 2.552 2.646 2.654 2.639 2.616 2.597 2.467 2.303 2.213 0.000 
6.750 50.120 0.311 0.824 1.058 1.338 1.501 1.722 1.883 1.963 2.036 2.097 2.161 2.231 2.304 2.392 2.489 2.502 2.494 2.469 2.443 2.313 2.136 2.050 0.000 
6.750 63.100 0.207 0.710 0.938 1.208 1.374 1.591 1.738 1.810 1.879 1.938 1.999 2.066 2.138 2.226 2.325 2.340 2.340 2.311 2.277 2.146 1.957 1.878 0.000 
6.750 79.430 0.099 0.589 0.813 1.076 1.243 1.456 1.588 1.652 1.718 1.774 1.832 1.896 1.967 2.054 2.153 2.169 2.173 2.141 2.098 1.964 1.767 1.695 0.000 
6.750 100.000 -0.016 0.463 0.684 0.940 1.108 1.317 1.434 1.490 1.551 1.605 1.660 1.719 1.789 1.874 1.971 1.986 1.994 1.956 1.902 1.765 1.561 1.501 0.000 
6.750 125.890 -0.136 0.330 0.549 0.800 0.968 1.172 1.273 1.322 1.379 1.430 1.482 1.536 1.604 1.685 1.779 1.789 1.800 1.754 1.688 1.545 1.339 1.291 0.000 
6.750 158.490 -0.264 0.189 0.408 0.655 0.822 1.021 1.106 1.148 1.199 1.247 1.296 1.345 1.409 1.486 1.573 1.576 1.587 1.531 1.450 1.301 1.095 1.064 0.000 
6.750 199.530 -0.402 0.038 0.259 0.505 0.668 0.862 0.930 0.966 1.011 1.056 1.101 1.144 1.204 1.273 1.351 1.343 1.351 1.282 1.185 1.026 0.825 0.815 0.000 
6.750 251.190 -0.551 -0.124 0.100 0.347 0.506 0.693 0.743 0.774 0.813 0.853 0.894 0.931 0.985 1.044 1.108 1.084 1.086 1.002 0.885 0.713 0.524 0.539 0.000 
6.750 316.230 -0.714 -0.301 -0.070 0.180 0.332 0.513 0.543 0.570 0.601 0.637 0.673 0.702 0.750 0.795 0.841 0.795 0.787 0.683 0.542 0.353 0.183 0.230 0.000 
6.750 398.110 -0.895 -0.495 -0.255 0.002 0.144 0.318 0.326 0.350 0.373 0.403 0.434 0.454 0.493 0.521 0.542 0.468 0.444 0.314 0.146 -0.065 -0.209 -0.121 0.000 
6.750 501.190 -1.098 -0.712 -0.458 -0.189 -0.061 0.103 0.089 0.111 0.124 0.148 0.172 0.182 0.211 0.216 0.204 0.092 0.046 -0.116 -0.318 -0.557 -0.662 -0.525 0.000 
6.750 630.960 -1.329 -0.956 -0.684 -0.398 -0.288 -0.134 -0.175 -0.152 -0.150 -0.135 -0.118 -0.120 -0.105 -0.129 -0.184 -0.345 -0.421 -0.622 -0.866 -1.140 -1.194 -0.994 0.000 
6.750 794.330 -1.595 -1.235 -0.939 -0.628 -0.542 -0.401 -0.471 -0.445 -0.456 -0.451 -0.443 -0.459 -0.462 -0.524 -0.633 -0.858 -0.974 -1.225 -1.520 -1.838 -1.823 -1.546 0.000 
6.750 1000.000 -1.904 -1.558 -1.230 -0.885 -0.831 -0.705 -0.809 -0.777 -0.803 -0.810 -0.813 -0.847 -0.871 -0.980 -1.160 -1.466 -1.636 -1.950 -2.306 -2.682 -2.577 -2.202 0.000 
7.000 1.000 1.449 2.048 2.481 3.021 3.104 3.400 3.774 4.017 4.083 4.179 4.289 4.381 4.391 4.409 4.384 4.244 4.046 3.997 4.054 3.884 4.011 3.917 0.000 
7.000 1.260 1.427 2.024 2.448 2.973 3.061 3.353 3.715 3.947 4.013 4.107 4.215 4.305 4.317 4.339 4.321 4.188 4.001 3.952 4.004 3.836 3.947 3.854 0.000 
7.000 1.580 1.401 1.997 2.412 2.922 3.015 3.302 3.651 3.874 3.940 4.032 4.136 4.225 4.241 4.267 4.255 4.131 3.954 3.905 3.951 3.785 3.881 3.789 0.000 
7.000 2.000 1.373 1.968 2.371 2.865 2.963 3.246 3.583 3.795 3.862 3.952 4.053 4.141 4.160 4.190 4.186 4.070 3.904 3.855 3.897 3.732 3.812 3.721 0.000 
7.000 2.510 1.342 1.935 2.327 2.804 2.907 3.185 3.510 3.712 3.779 3.867 3.965 4.052 4.075 4.110 4.113 4.006 3.851 3.803 3.840 3.677 3.740 3.649 0.000 
7.000 3.160 1.307 1.897 2.277 2.737 2.846 3.119 3.431 3.622 3.691 3.776 3.872 3.958 3.985 4.024 4.035 3.938 3.794 3.748 3.780 3.619 3.665 3.574 0.000 
7.000 3.980 1.268 1.855 2.222 2.664 2.778 3.046 3.346 3.527 3.597 3.680 3.773 3.858 3.890 3.934 3.953 3.866 3.734 3.689 3.716 3.558 3.585 3.494 0.000 
7.000 5.010 1.224 1.808 2.162 2.585 2.705 2.968 3.255 3.426 3.498 3.578 3.668 3.752 3.789 3.838 3.865 3.788 3.668 3.625 3.647 3.492 3.501 3.409 0.000 
7.000 6.310 1.175 1.756 2.095 2.501 2.626 2.884 3.158 3.319 3.392 3.470 3.557 3.640 3.682 3.736 3.772 3.705 3.597 3.556 3.574 3.421 3.411 3.318 0.000 
7.000 7.940 1.121 1.697 2.023 2.411 2.541 2.794 3.056 3.206 3.281 3.356 3.440 3.522 3.568 3.628 3.672 3.616 3.520 3.481 3.495 3.345 3.315 3.221 0.000 
7.000 10.000 1.061 1.632 1.944 2.315 2.450 2.698 2.948 3.088 3.163 3.237 3.317 3.398 3.449 3.513 3.566 3.520 3.436 3.400 3.410 3.263 3.212 3.117 0.000 
7.000 12.590 0.996 1.561 1.860 2.214 2.354 2.598 2.834 2.965 3.040 3.112 3.189 3.269 3.324 3.392 3.453 3.417 3.345 3.312 3.317 3.173 3.102 3.007 0.000 
7.000 15.850 0.925 1.483 1.770 2.109 2.254 2.492 2.716 2.837 2.912 2.981 3.055 3.134 3.192 3.265 3.333 3.307 3.247 3.216 3.217 3.075 2.985 2.889 0.000 
7.000 19.950 0.850 1.400 1.675 1.999 2.148 2.382 2.593 2.704 2.779 2.846 2.917 2.994 3.055 3.132 3.206 3.190 3.141 3.112 3.108 2.969 2.859 2.763 0.000 
7.000 25.120 0.768 1.310 1.574 1.885 2.038 2.268 2.466 2.568 2.641 2.706 2.774 2.849 2.913 2.993 3.073 3.065 3.027 3.000 2.990 2.853 2.725 2.630 0.000 
7.000 31.620 0.682 1.215 1.470 1.768 1.924 2.150 2.334 2.427 2.499 2.561 2.627 2.699 2.765 2.848 2.933 2.932 2.904 2.878 2.863 2.728 2.581 2.488 0.000 
7.000 39.810 0.591 1.114 1.360 1.647 1.807 2.029 2.199 2.283 2.352 2.412 2.476 2.545 2.612 2.697 2.787 2.791 2.773 2.746 2.725 2.591 2.428 2.338 0.000 
7.000 50.120 0.496 1.008 1.246 1.522 1.685 1.903 2.059 2.135 2.202 2.259 2.320 2.386 2.454 2.539 2.633 2.642 2.632 2.604 2.576 2.442 2.265 2.179 0.000 
7.000 63.100 0.395 0.896 1.128 1.395 1.560 1.774 1.916 1.983 2.046 2.102 2.160 2.223 2.291 2.376 2.471 2.483 2.480 2.450 2.414 2.280 2.091 2.011 0.000 
7.000 79.430 0.288 0.778 1.005 1.263 1.431 1.640 1.767 1.826 1.886 1.939 1.995 2.054 2.121 2.206 2.301 2.314 2.317 2.283 2.238 2.102 1.903 1.831 0.000 
7.000 100.000 0.176 0.654 0.877 1.129 1.296 1.502 1.614 1.665 1.721 1.772 1.824 1.879 1.945 2.027 2.121 2.133 2.140 2.101 2.046 1.906 1.700 1.638 0.000 
7.000 125.890 0.057 0.522 0.743 0.989 1.157 1.358 1.455 1.498 1.550 1.597 1.646 1.697 1.761 1.840 1.930 1.938 1.948 1.901 1.834 1.689 1.480 1.431 0.000 
7.000 158.490 -0.070 0.383 0.603 0.845 1.012 1.207 1.288 1.325 1.371 1.415 1.461 1.506 1.567 1.641 1.725 1.726 1.736 1.680 1.598 1.447 1.238 1.205 0.000 
7.000 199.530 -0.207 0.233 0.454 0.695 0.859 1.049 1.112 1.143 1.183 1.225 1.266 1.306 1.363 1.429 1.504 1.494 1.501 1.433 1.335 1.174 0.970 0.957 0.000 
7.000 251.190 -0.355 0.072 0.296 0.537 0.696 0.881 0.926 0.952 0.985 1.022 1.060 1.093 1.145 1.201 1.262 1.237 1.238 1.154 1.036 0.862 0.669 0.682 0.000 
7.000 316.230 -0.518 -0.104 0.126 0.371 0.523 0.701 0.726 0.748 0.774 0.806 0.839 0.865 0.910 0.953 0.995 0.948 0.939 0.836 0.695 0.504 0.329 0.374 0.000 
7.000 398.110 -0.698 -0.298 -0.058 0.194 0.336 0.505 0.510 0.528 0.546 0.573 0.600 0.617 0.654 0.679 0.697 0.621 0.597 0.468 0.299 0.087 -0.061 0.023 0.000 
7.000 501.190 -0.901 -0.515 -0.261 0.002 0.131 0.291 0.273 0.290 0.298 0.318 0.339 0.345 0.371 0.374 0.359 0.246 0.199 0.039 -0.164 -0.404 -0.514 -0.380 0.000 
7.000 630.960 -1.132 -0.759 -0.487 -0.206 -0.096 0.054 0.009 0.027 0.024 0.036 0.050 0.044 0.056 0.029 -0.028 -0.191 -0.267 -0.467 -0.711 -0.986 -1.045 -0.848 0.000 
7.000 794.330 -1.397 -1.038 -0.741 -0.436 -0.350 -0.213 -0.287 -0.266 -0.282 -0.280 -0.276 -0.296 -0.301 -0.365 -0.477 -0.703 -0.820 -1.070 -1.364 -1.684 -1.675 -1.400 0.000 
7.000 1000.000 -1.706 -1.360 -1.032 -0.693 -0.639 -0.517 -0.625 -0.598 -0.629 -0.639 -0.645 -0.683 -0.710 -0.822 -1.003 -1.311 -1.481 -1.794 -2.150 -2.527 -2.428 -2.055 0.000 
7.250 1.000 1.550 2.143 2.580 3.120 3.199 3.493 3.861 4.101 4.157 4.251 4.361 4.449 4.454 4.477 4.454 4.315 4.114 4.060 4.114 3.940 4.064 3.965 0.000 
7.250 1.260 1.530 2.121 2.551 3.076 3.161 3.451 3.805 4.035 4.091 4.183 4.291 4.377 4.384 4.410 4.393 4.261 4.070 4.017 4.065 3.892 4.002 3.904 0.000 
7.250 1.580 1.508 2.098 2.518 3.029 3.119 3.404 3.747 3.967 4.022 4.112 4.217 4.301 4.311 4.341 4.330 4.206 4.025 3.972 4.015 3.844 3.938 3.841 0.000 
7.250 2.000 1.483 2.072 2.482 2.978 3.073 3.354 3.684 3.894 3.949 4.037 4.139 4.222 4.235 4.268 4.264 4.148 3.978 3.924 3.962 3.793 3.872 3.776 0.000 
7.250 2.510 1.455 2.043 2.442 2.922 3.022 3.299 3.616 3.816 3.872 3.958 4.057 4.139 4.155 4.192 4.195 4.087 3.928 3.875 3.908 3.740 3.803 3.708 0.000 
7.250 3.160 1.425 2.010 2.398 2.861 2.966 3.238 3.543 3.733 3.790 3.874 3.970 4.050 4.070 4.112 4.122 4.023 3.874 3.823 3.851 3.685 3.731 3.637 0.000 
7.250 3.980 1.391 1.973 2.349 2.794 2.905 3.172 3.465 3.645 3.703 3.784 3.877 3.957 3.981 4.027 4.044 3.955 3.818 3.767 3.790 3.627 3.656 3.562 0.000 
7.250 5.010 1.352 1.932 2.295 2.722 2.839 3.101 3.381 3.550 3.610 3.689 3.779 3.858 3.886 3.936 3.962 3.882 3.756 3.708 3.726 3.566 3.576 3.482 0.000 
7.250 6.310 1.309 1.885 2.235 2.644 2.766 3.023 3.291 3.450 3.511 3.588 3.675 3.753 3.786 3.841 3.874 3.804 3.690 3.644 3.658 3.500 3.492 3.397 0.000 
7.250 7.940 1.261 1.833 2.169 2.560 2.688 2.939 3.195 3.344 3.407 3.481 3.564 3.641 3.680 3.739 3.780 3.720 3.619 3.575 3.584 3.428 3.402 3.306 0.000 
7.250 10.000 1.208 1.775 2.097 2.470 2.603 2.850 3.093 3.232 3.296 3.368 3.448 3.524 3.567 3.630 3.679 3.630 3.541 3.499 3.504 3.352 3.305 3.209 0.000 
7.250 12.590 1.149 1.710 2.018 2.375 2.513 2.755 2.986 3.114 3.179 3.249 3.325 3.400 3.448 3.515 3.572 3.533 3.456 3.417 3.418 3.268 3.202 3.105 0.000 
7.250 15.850 1.084 1.639 1.934 2.274 2.417 2.654 2.873 2.991 3.057 3.124 3.197 3.271 3.323 3.394 3.458 3.429 3.364 3.327 3.324 3.177 3.091 2.994 0.000 
7.250 19.950 1.014 1.562 1.844 2.168 2.316 2.548 2.754 2.862 2.929 2.993 3.064 3.136 3.191 3.266 3.337 3.317 3.264 3.230 3.222 3.078 2.972 2.875 0.000 
7.250 25.120 0.938 1.478 1.749 2.058 2.210 2.438 2.631 2.730 2.795 2.858 2.925 2.995 3.054 3.132 3.209 3.197 3.155 3.123 3.110 2.969 2.844 2.748 0.000 
7.250 31.620 0.857 1.388 1.648 1.944 2.100 2.323 2.503 2.592 2.657 2.717 2.781 2.849 2.910 2.991 3.074 3.069 3.038 3.007 2.989 2.850 2.706 2.612 0.000 
7.250 39.810 0.770 1.292 1.542 1.826 1.985 2.204 2.370 2.451 2.514 2.572 2.633 2.699 2.761 2.844 2.931 2.932 2.911 2.881 2.857 2.719 2.559 2.467 0.000 
7.250 50.120 0.678 1.189 1.431 1.704 1.866 2.081 2.233 2.305 2.366 2.421 2.480 2.542 2.606 2.690 2.780 2.787 2.774 2.744 2.713 2.576 2.401 2.313 0.000 
7.250 63.100 0.580 1.081 1.315 1.578 1.742 1.953 2.091 2.155 2.213 2.266 2.322 2.381 2.445 2.529 2.622 2.631 2.627 2.595 2.557 2.419 2.230 2.148 0.000 
7.250 79.430 0.477 0.966 1.194 1.448 1.615 1.821 1.945 2.000 2.055 2.105 2.158 2.214 2.278 2.361 2.454 2.465 2.467 2.432 2.385 2.246 2.046 1.971 0.000 
7.250 100.000 0.367 0.844 1.068 1.314 1.482 1.684 1.793 1.840 1.891 1.939 1.989 2.040 2.103 2.185 2.276 2.287 2.293 2.253 2.196 2.054 1.847 1.782 0.000 
7.250 125.890 0.249 0.714 0.936 1.176 1.344 1.541 1.634 1.674 1.721 1.766 1.812 1.860 1.921 1.999 2.087 2.094 2.103 2.056 1.987 1.840 1.629 1.576 0.000 
7.250 158.490 0.124 0.576 0.796 1.033 1.199 1.392 1.468 1.501 1.543 1.585 1.628 1.670 1.729 1.801 1.883 1.883 1.893 1.837 1.755 1.601 1.389 1.353 0.000 
7.250 199.530 -0.012 0.428 0.649 0.883 1.047 1.234 1.294 1.321 1.356 1.395 1.434 1.471 1.525 1.591 1.663 1.653 1.660 1.592 1.494 1.330 1.123 1.107 0.000 
7.250 251.190 -0.159 0.267 0.492 0.726 0.885 1.066 1.108 1.129 1.159 1.193 1.229 1.258 1.308 1.363 1.422 1.397 1.398 1.315 1.197 1.021 0.824 0.833 0.000 
7.250 316.230 -0.321 0.092 0.322 0.560 0.712 0.886 0.908 0.926 0.948 0.978 1.008 1.031 1.074 1.115 1.156 1.109 1.100 0.998 0.857 0.665 0.485 0.526 0.000 
7.250 398.110 -0.501 -0.101 0.138 0.383 0.525 0.692 0.692 0.707 0.721 0.745 0.770 0.784 0.818 0.842 0.858 0.783 0.759 0.631 0.462 0.249 0.095 0.176 0.000 
7.250 501.190 -0.703 -0.317 -0.064 0.192 0.321 0.478 0.455 0.468 0.473 0.490 0.509 0.512 0.536 0.537 0.521 0.408 0.362 0.203 0.001 -0.241 -0.356 -0.226 0.000 
7.250 630.960 -0.933 -0.560 -0.290 -0.016 0.094 0.241 0.192 0.206 0.199 0.208 0.219 0.211 0.221 0.193 0.134 -0.028 -0.104 -0.302 -0.546 -0.822 -0.887 -0.694 0.000 
7.250 794.330 -1.198 -0.839 -0.544 -0.246 -0.160 -0.026 -0.104 -0.087 -0.107 -0.108 -0.105 -0.129 -0.135 -0.201 -0.314 -0.540 -0.656 -0.905 -1.198 -1.519 -1.516 -1.245 0.000 
7.250 1000.000 -1.507 -1.161 -0.834 -0.503 -0.448 -0.330 -0.441 -0.419 -0.454 -0.466 -0.475 -0.516 -0.544 -0.657 -0.841 -1.148 -1.318 -1.628 -1.984 -2.362 -2.268 -1.901 0.000 
7.500 1.000 1.650 2.237 2.677 3.214 3.290 3.581 3.942 4.180 4.228 4.321 4.432 4.517 4.519 4.549 4.529 4.393 4.189 4.133 4.183 4.006 4.126 4.020 0.000 
7.500 1.260 1.632 2.218 2.649 3.174 3.254 3.542 3.891 4.119 4.165 4.257 4.365 4.448 4.451 4.484 4.470 4.341 4.147 4.090 4.135 3.959 4.065 3.960 0.000 
7.500 1.580 1.612 2.197 2.620 3.130 3.216 3.500 3.836 4.054 4.100 4.189 4.295 4.376 4.382 4.417 4.409 4.287 4.103 4.047 4.086 3.912 4.003 3.900 0.000 
7.500 2.000 1.590 2.173 2.588 3.083 3.174 3.454 3.778 3.986 4.031 4.119 4.222 4.301 4.309 4.348 4.346 4.231 4.058 4.001 4.036 3.863 3.939 3.837 0.000 
7.500 2.510 1.566 2.148 2.552 3.032 3.129 3.404 3.715 3.914 3.959 4.045 4.145 4.223 4.233 4.275 4.280 4.173 4.011 3.954 3.983 3.812 3.873 3.772 0.000 
7.500 3.160 1.539 2.119 2.513 2.977 3.079 3.350 3.649 3.837 3.883 3.966 4.063 4.140 4.154 4.199 4.211 4.112 3.960 3.905 3.929 3.759 3.804 3.704 0.000 
7.500 3.980 1.509 2.087 2.469 2.916 3.024 3.290 3.577 3.755 3.802 3.883 3.977 4.052 4.070 4.119 4.137 4.048 3.907 3.852 3.871 3.704 3.733 3.633 0.000 
7.500 5.010 1.475 2.050 2.420 2.850 2.963 3.225 3.499 3.667 3.716 3.794 3.885 3.959 3.981 4.034 4.060 3.979 3.850 3.796 3.811 3.645 3.657 3.558 0.000 
7.500 6.310 1.437 2.009 2.367 2.779 2.897 3.153 3.416 3.574 3.624 3.700 3.787 3.861 3.887 3.944 3.977 3.906 3.788 3.737 3.746 3.583 3.577 3.478 0.000 
7.500 7.940 1.395 1.963 2.307 2.701 2.825 3.076 3.327 3.474 3.526 3.600 3.684 3.756 3.788 3.848 3.889 3.827 3.721 3.672 3.677 3.517 3.492 3.393 0.000 
7.500 10.000 1.348 1.911 2.241 2.617 2.747 2.993 3.232 3.368 3.422 3.494 3.574 3.646 3.682 3.746 3.794 3.742 3.649 3.602 3.603 3.445 3.402 3.302 0.000 
7.500 12.590 1.295 1.853 2.170 2.528 2.663 2.904 3.130 3.257 3.312 3.381 3.458 3.529 3.569 3.638 3.693 3.651 3.570 3.525 3.522 3.367 3.305 3.205 0.000 
7.500 15.850 1.237 1.789 2.091 2.432 2.573 2.809 3.023 3.139 3.196 3.262 3.336 3.405 3.450 3.523 3.585 3.553 3.483 3.442 3.434 3.282 3.200 3.100 0.000 
7.500 19.950 1.173 1.718 2.007 2.332 2.477 2.708 2.910 3.016 3.074 3.137 3.208 3.276 3.325 3.400 3.470 3.447 3.389 3.351 3.339 3.189 3.087 2.988 0.000 
7.500 25.120 1.103 1.640 1.917 2.226 2.376 2.602 2.791 2.888 2.946 3.007 3.074 3.140 3.193 3.271 3.347 3.332 3.287 3.250 3.234 3.087 2.966 2.867 0.000 
7.500 31.620 1.027 1.556 1.821 2.115 2.269 2.491 2.667 2.754 2.812 2.871 2.935 2.999 3.055 3.136 3.216 3.210 3.175 3.141 3.119 2.975 2.835 2.737 0.000 
7.500 39.810 0.945 1.465 1.719 2.000 2.158 2.376 2.538 2.616 2.673 2.729 2.790 2.852 2.910 2.993 3.078 3.078 3.054 3.021 2.994 2.851 2.693 2.598 0.000 
7.500 50.120 0.858 1.367 1.612 1.881 2.042 2.255 2.404 2.473 2.528 2.582 2.640 2.699 2.759 2.843 2.931 2.937 2.922 2.889 2.856 2.714 2.541 2.449 0.000 
7.500 63.100 0.764 1.263 1.499 1.757 1.921 2.130 2.265 2.325 2.378 2.429 2.484 2.541 2.601 2.685 2.776 2.785 2.779 2.745 2.704 2.563 2.375 2.289 0.000 
7.500 79.430 0.663 1.151 1.381 1.630 1.795 2.000 2.120 2.172 2.222 2.271 2.323 2.376 2.437 2.520 2.612 2.622 2.623 2.586 2.538 2.395 2.196 2.117 0.000 
7.500 100.000 0.556 1.032 1.257 1.497 1.664 1.864 1.969 2.014 2.060 2.107 2.155 2.204 2.265 2.346 2.436 2.446 2.452 2.411 2.353 2.208 2.000 1.930 0.000 
7.500 125.890 0.441 0.905 1.126 1.360 1.527 1.722 1.812 1.849 1.892 1.935 1.980 2.025 2.084 2.162 2.249 2.256 2.264 2.218 2.148 1.999 1.785 1.728 0.000 
7.500 158.490 0.317 0.769 0.988 1.218 1.384 1.574 1.648 1.678 1.716 1.756 1.797 1.837 1.894 1.966 2.047 2.048 2.057 2.002 1.919 1.763 1.548 1.507 0.000 
7.500 199.530 0.183 0.622 0.842 1.069 1.232 1.417 1.474 1.497 1.530 1.566 1.604 1.638 1.691 1.756 1.828 1.819 1.826 1.759 1.660 1.495 1.284 1.263 0.000 
7.500 251.190 0.037 0.463 0.686 0.913 1.072 1.250 1.289 1.307 1.334 1.366 1.399 1.427 1.475 1.530 1.589 1.564 1.566 1.484 1.366 1.189 0.987 0.991 0.000 
7.500 316.230 -0.124 0.289 0.517 0.748 0.899 1.071 1.090 1.104 1.123 1.151 1.180 1.200 1.242 1.283 1.323 1.277 1.269 1.168 1.028 0.834 0.650 0.685 0.000 
7.500 398.110 -0.303 0.097 0.334 0.571 0.713 0.876 0.874 0.885 0.897 0.918 0.942 0.953 0.987 1.011 1.026 0.952 0.929 0.803 0.635 0.420 0.262 0.336 0.000 
7.500 501.190 -0.504 -0.118 0.132 0.381 0.509 0.663 0.638 0.647 0.649 0.664 0.681 0.682 0.705 0.706 0.690 0.578 0.533 0.376 0.174 -0.068 -0.189 -0.065 0.000 
7.500 630.960 -0.734 -0.361 -0.093 0.173 0.282 0.426 0.375 0.385 0.376 0.383 0.392 0.381 0.391 0.363 0.303 0.143 0.068 -0.128 -0.371 -0.648 -0.719 -0.533 0.000 
7.500 794.330 -0.998 -0.639 -0.347 -0.057 0.029 0.160 0.079 0.092 0.070 0.067 0.067 0.042 0.035 -0.031 -0.145 -0.369 -0.484 -0.730 -1.023 -1.344 -1.347 -1.083 0.000 
7.500 1000.000 -1.306 -0.961 -0.637 -0.314 -0.260 -0.144 -0.258 -0.239 -0.276 -0.292 -0.302 -0.344 -0.374 -0.487 -0.671 -0.977 -1.145 -1.453 -1.808 -2.186 -2.099 -1.738 0.000 
7.750 1.000 1.750 2.331 2.770 3.303 3.375 3.665 4.020 4.257 4.298 4.391 4.503 4.586 4.586 4.624 4.609 4.478 4.273 4.214 4.262 4.081 4.198 4.081 0.000 
7.750 1.260 1.733 2.313 2.745 3.266 3.343 3.629 3.971 4.199 4.238 4.329 4.438 4.520 4.520 4.561 4.552 4.427 4.232 4.173 4.215 4.036 4.138 4.023 0.000 
7.750 1.580 1.715 2.294 2.718 3.226 3.308 3.590 3.920 4.138 4.175 4.265 4.372 4.451 4.453 4.497 4.493 4.375 4.189 4.130 4.167 3.989 4.077 3.964 0.000 
7.750 2.000 1.695 2.273 2.689 3.183 3.270 3.548 3.866 4.074 4.111 4.198 4.302 4.380 4.384 4.430 4.432 4.321 4.146 4.086 4.118 3.941 4.015 3.903 0.000 
7.750 2.510 1.673 2.250 2.657 3.136 3.228 3.503 3.808 4.006 4.043 4.128 4.230 4.305 4.312 4.361 4.369 4.265 4.100 4.041 4.067 3.892 3.951 3.841 0.000 
7.750 3.160 1.650 2.224 2.621 3.086 3.183 3.453 3.747 3.934 3.971 4.054 4.153 4.227 4.236 4.288 4.303 4.207 4.052 3.994 4.015 3.841 3.884 3.775 0.000 
7.750 3.980 1.623 2.196 2.582 3.030 3.134 3.399 3.680 3.858 3.896 3.977 4.072 4.144 4.157 4.212 4.233 4.146 4.002 3.944 3.960 3.788 3.815 3.708 0.000 
7.750 5.010 1.594 2.164 2.539 2.970 3.079 3.340 3.609 3.777 3.815 3.894 3.987 4.057 4.074 4.132 4.160 4.081 3.948 3.891 3.902 3.733 3.743 3.636 0.000 
7.750 6.310 1.561 2.128 2.491 2.905 3.020 3.275 3.533 3.690 3.730 3.806 3.895 3.965 3.986 4.048 4.082 4.012 3.890 3.835 3.841 3.674 3.668 3.561 0.000 
7.750 7.940 1.524 2.087 2.438 2.833 2.954 3.205 3.450 3.597 3.639 3.713 3.798 3.867 3.893 3.957 3.999 3.938 3.828 3.774 3.776 3.611 3.587 3.482 0.000 
7.750 10.000 1.482 2.042 2.378 2.756 2.882 3.128 3.362 3.498 3.542 3.613 3.695 3.763 3.793 3.861 3.910 3.858 3.760 3.709 3.706 3.544 3.502 3.396 0.000 
7.750 12.590 1.436 1.990 2.313 2.673 2.805 3.045 3.267 3.393 3.439 3.508 3.586 3.653 3.688 3.759 3.815 3.772 3.687 3.638 3.631 3.471 3.411 3.305 0.000 
7.750 15.850 1.384 1.932 2.241 2.583 2.721 2.956 3.166 3.281 3.329 3.396 3.470 3.536 3.576 3.650 3.712 3.679 3.606 3.560 3.549 3.392 3.312 3.207 0.000 
7.750 19.950 1.326 1.868 2.163 2.488 2.631 2.861 3.058 3.164 3.214 3.277 3.348 3.413 3.457 3.534 3.603 3.579 3.518 3.474 3.459 3.305 3.206 3.101 0.000 
7.750 25.120 1.262 1.797 2.079 2.387 2.535 2.760 2.945 3.041 3.091 3.152 3.220 3.283 3.331 3.411 3.486 3.471 3.422 3.381 3.361 3.209 3.091 2.987 0.000 
7.750 31.620 1.192 1.719 1.988 2.281 2.433 2.654 2.826 2.912 2.963 3.021 3.086 3.147 3.198 3.281 3.361 3.354 3.316 3.277 3.253 3.103 2.967 2.864 0.000 
7.750 39.810 1.116 1.633 1.891 2.170 2.326 2.542 2.701 2.778 2.828 2.884 2.945 3.005 3.059 3.143 3.228 3.227 3.200 3.163 3.134 2.986 2.832 2.732 0.000 
7.750 50.120 1.033 1.541 1.788 2.054 2.213 2.425 2.570 2.638 2.688 2.741 2.799 2.856 2.912 2.997 3.086 3.091 3.074 3.038 3.002 2.856 2.685 2.588 0.000 
7.750 63.100 0.944 1.441 1.679 1.933 2.095 2.302 2.434 2.493 2.541 2.592 2.646 2.701 2.759 2.843 2.934 2.944 2.935 2.899 2.857 2.711 2.525 2.433 0.000 
7.750 79.430 0.847 1.334 1.564 1.808 1.972 2.174 2.292 2.342 2.389 2.436 2.488 2.539 2.597 2.681 2.773 2.784 2.783 2.745 2.695 2.549 2.350 2.266 0.000 
7.750 100.000 0.743 1.218 1.443 1.677 1.843 2.041 2.144 2.186 2.229 2.274 2.322 2.370 2.428 2.510 2.601 2.612 2.617 2.575 2.516 2.368 2.159 2.084 0.000 
7.750 125.890 0.631 1.094 1.314 1.542 1.708 1.901 1.989 2.023 2.063 2.105 2.149 2.192 2.250 2.328 2.416 2.424 2.433 2.386 2.316 2.163 1.948 1.885 0.000 
7.750 158.490 0.509 0.961 1.178 1.401 1.566 1.753 1.825 1.853 1.888 1.927 1.968 2.006 2.061 2.135 2.216 2.219 2.228 2.173 2.090 1.932 1.715 1.667 0.000 
7.750 199.530 0.378 0.816 1.033 1.253 1.416 1.597 1.652 1.674 1.704 1.739 1.776 1.809 1.861 1.927 1.999 1.991 1.999 1.933 1.835 1.668 1.453 1.425 0.000 
7.750 251.190 0.233 0.659 0.878 1.098 1.256 1.431 1.468 1.484 1.509 1.539 1.572 1.598 1.646 1.702 1.761 1.738 1.741 1.660 1.543 1.364 1.159 1.155 0.000 
7.750 316.230 0.074 0.486 0.711 0.933 1.084 1.253 1.270 1.282 1.300 1.325 1.353 1.372 1.413 1.456 1.497 1.453 1.446 1.347 1.207 1.013 0.823 0.851 0.000 
7.750 398.110 -0.104 0.295 0.528 0.757 0.898 1.059 1.055 1.064 1.074 1.094 1.116 1.126 1.159 1.184 1.201 1.129 1.107 0.984 0.816 0.601 0.437 0.504 0.000 
7.750 501.190 -0.305 0.081 0.327 0.567 0.695 0.846 0.819 0.826 0.827 0.840 0.856 0.856 0.878 0.881 0.865 0.756 0.712 0.558 0.357 0.115 -0.013 0.104 0.000 
7.750 630.960 -0.534 -0.161 0.102 0.359 0.469 0.610 0.557 0.564 0.554 0.559 0.567 0.555 0.564 0.537 0.479 0.321 0.248 0.055 -0.187 -0.464 -0.541 -0.363 0.000 
7.750 794.330 -0.797 -0.439 -0.151 0.130 0.215 0.343 0.261 0.272 0.248 0.244 0.243 0.217 0.209 0.144 0.032 -0.190 -0.303 -0.546 -0.837 -1.159 -1.169 -0.913 0.000 
7.750 1000.000 -1.105 -0.760 -0.441 -0.127 -0.073 0.040 -0.076 -0.059 -0.098 -0.115 -0.126 -0.170 -0.199 -0.311 -0.494 -0.797 -0.963 -1.268 -1.622 -2.000 -1.920 -1.567 0.000 
8.000 1.000 1.849 2.424 2.861 3.389 3.457 3.744 4.095 4.331 4.367 4.460 4.574 4.657 4.656 4.704 4.696 4.571 4.365 4.305 4.351 4.167 4.278 4.150 0.000 
8.000 1.260 1.834 2.408 2.838 3.353 3.426 3.710 4.048 4.275 4.309 4.400 4.512 4.592 4.592 4.642 4.639 4.521 4.324 4.264 4.305 4.122 4.219 4.093 0.000 
8.000 1.580 1.817 2.390 2.813 3.316 3.394 3.675 4.000 4.217 4.249 4.338 4.448 4.526 4.527 4.580 4.582 4.470 4.283 4.222 4.258 4.077 4.160 4.035 0.000 
8.000 2.000 1.799 2.371 2.786 3.276 3.359 3.636 3.949 4.157 4.187 4.275 4.382 4.457 4.460 4.515 4.523 4.418 4.241 4.180 4.210 4.030 4.099 3.976 0.000 
8.000 2.510 1.779 2.350 2.757 3.233 3.322 3.595 3.895 4.093 4.123 4.208 4.313 4.386 4.391 4.448 4.462 4.364 4.197 4.136 4.160 3.982 4.036 3.915 0.000 
8.000 3.160 1.758 2.328 2.725 3.187 3.281 3.550 3.838 4.026 4.055 4.139 4.240 4.312 4.319 4.379 4.399 4.308 4.151 4.090 4.109 3.933 3.972 3.852 0.000 
8.000 3.980 1.735 2.302 2.690 3.137 3.236 3.501 3.777 3.955 3.984 4.066 4.164 4.234 4.244 4.307 4.332 4.249 4.103 4.042 4.056 3.881 3.906 3.787 0.000 
8.000 5.010 1.709 2.274 2.652 3.082 3.187 3.447 3.712 3.879 3.909 3.989 4.084 4.153 4.165 4.231 4.263 4.187 4.052 3.992 4.001 3.828 3.836 3.719 0.000 
8.000 6.310 1.680 2.242 2.609 3.023 3.133 3.388 3.641 3.799 3.830 3.907 3.999 4.066 4.082 4.151 4.189 4.122 3.998 3.939 3.943 3.772 3.764 3.648 0.000 
8.000 7.940 1.648 2.207 2.561 2.957 3.074 3.324 3.565 3.712 3.745 3.820 3.908 3.974 3.995 4.066 4.110 4.052 3.939 3.882 3.881 3.712 3.688 3.573 0.000 
8.000 10.000 1.611 2.166 2.508 2.887 3.009 3.254 3.483 3.620 3.655 3.727 3.812 3.877 3.902 3.976 4.027 3.977 3.876 3.821 3.815 3.649 3.607 3.493 0.000 
8.000 12.590 1.570 2.121 2.449 2.810 2.937 3.178 3.395 3.522 3.559 3.628 3.709 3.773 3.803 3.879 3.937 3.896 3.807 3.754 3.744 3.580 3.521 3.407 0.000 
8.000 15.850 1.524 2.069 2.384 2.726 2.860 3.095 3.301 3.417 3.456 3.523 3.600 3.663 3.697 3.777 3.841 3.809 3.732 3.682 3.667 3.506 3.428 3.315 0.000 
8.000 19.950 1.473 2.012 2.312 2.637 2.776 3.006 3.200 3.306 3.347 3.411 3.485 3.547 3.585 3.667 3.737 3.714 3.650 3.602 3.583 3.424 3.328 3.216 0.000 
8.000 25.120 1.415 1.947 2.234 2.542 2.686 2.911 3.093 3.188 3.231 3.293 3.363 3.423 3.466 3.550 3.626 3.612 3.559 3.514 3.491 3.334 3.219 3.108 0.000 
8.000 31.620 1.352 1.876 2.149 2.440 2.590 2.810 2.979 3.065 3.109 3.168 3.234 3.293 3.340 3.425 3.507 3.500 3.460 3.417 3.389 3.235 3.101 2.992 0.000 
8.000 39.810 1.281 1.797 2.058 2.334 2.487 2.702 2.859 2.935 2.980 3.036 3.098 3.156 3.206 3.293 3.379 3.380 3.350 3.309 3.277 3.124 2.973 2.866 0.000 
8.000 50.120 1.204 1.710 1.960 2.222 2.379 2.589 2.733 2.799 2.844 2.897 2.956 3.011 3.065 3.152 3.242 3.248 3.229 3.190 3.152 3.001 2.832 2.729 0.000 
8.000 63.100 1.119 1.615 1.855 2.104 2.264 2.470 2.600 2.658 2.702 2.752 2.808 2.860 2.916 3.003 3.095 3.106 3.096 3.057 3.013 2.863 2.679 2.580 0.000 
8.000 79.430 1.027 1.513 1.744 1.982 2.144 2.345 2.461 2.510 2.553 2.601 2.653 2.702 2.759 2.845 2.938 2.951 2.949 2.909 2.858 2.707 2.510 2.418 0.000 
8.000 100.000 0.927 1.402 1.625 1.854 2.018 2.214 2.315 2.357 2.397 2.441 2.490 2.536 2.593 2.677 2.769 2.783 2.787 2.744 2.684 2.532 2.324 2.240 0.000 
8.000 125.890 0.819 1.281 1.500 1.720 1.885 2.076 2.162 2.196 2.233 2.274 2.319 2.361 2.417 2.498 2.587 2.598 2.607 2.559 2.488 2.333 2.117 2.046 0.000 
8.000 158.490 0.700 1.151 1.366 1.581 1.745 1.930 2.001 2.027 2.061 2.099 2.140 2.177 2.231 2.307 2.390 2.395 2.405 2.351 2.268 2.107 1.888 1.831 0.000 
8.000 199.530 0.571 1.009 1.223 1.434 1.596 1.776 1.829 1.849 1.878 1.912 1.949 1.981 2.033 2.101 2.175 2.171 2.179 2.114 2.016 1.847 1.630 1.593 0.000 
8.000 251.190 0.429 0.854 1.069 1.280 1.437 1.611 1.646 1.661 1.684 1.714 1.747 1.772 1.820 1.878 1.939 1.920 1.924 1.845 1.728 1.548 1.338 1.326 0.000 
8.000 316.230 0.271 0.683 0.903 1.116 1.267 1.433 1.449 1.460 1.476 1.501 1.529 1.547 1.588 1.633 1.676 1.636 1.631 1.534 1.395 1.199 1.005 1.024 0.000 
8.000 398.110 0.094 0.493 0.721 0.941 1.081 1.240 1.235 1.242 1.251 1.270 1.292 1.302 1.336 1.363 1.381 1.313 1.293 1.172 1.006 0.790 0.621 0.678 0.000 
8.000 501.190 -0.105 0.281 0.521 0.751 0.878 1.028 1.000 1.005 1.005 1.018 1.033 1.033 1.056 1.060 1.046 0.941 0.900 0.748 0.549 0.306 0.173 0.280 0.000 
8.000 630.960 -0.333 0.039 0.297 0.544 0.653 0.792 0.738 0.744 0.733 0.737 0.745 0.732 0.742 0.717 0.661 0.508 0.437 0.246 0.007 -0.271 -0.355 -0.186 0.000 
8.000 794.330 -0.596 -0.237 0.044 0.315 0.400 0.526 0.443 0.452 0.428 0.422 0.421 0.394 0.387 0.325 0.214 -0.003 -0.113 -0.353 -0.642 -0.965 -0.981 -0.735 0.000 
8.000 1000.000 -0.903 -0.558 -0.245 0.059 0.112 0.223 0.106 0.121 0.082 0.064 0.052 0.008 -0.020 -0.130 -0.311 -0.609 -0.773 -1.075 -1.426 -1.804 -1.732 -1.388 0.000 
