AbrahamsonEtAl2015SSlab as implemented in OpenQuake, distance is rhypo. Log10 ground motion values in cgs units, PGV and Sa(T<0.1s) not valid
          14 31 24 : nmag, ndist, nperiod
          10.000 7.500 6.000 5.000 4.000 3.000 2.500 2.000 1.500 1.000 0.750 0.600 0.500 0.400 0.300 0.250 0.200 0.150 0.100 0.075 0.050 0.020 PGA PGV 
          0.740 0.740 0.740 0.740 0.740 0.740 0.740 0.740 0.740 0.740 0.740 0.740 0.740 0.740 0.740 0.740 0.740 0.740 0.740 0.740 0.740 0.740 0.740 0.000 
4.750 1.000 -0.834 -0.599 -0.381 -0.205 0.029 0.371 0.582 0.835 1.164 1.691 2.006 2.274 2.511 2.779 3.056 3.229 3.393 3.532 3.487 3.405 3.232 3.043 3.043 0.000 
4.750 1.260 -0.846 -0.612 -0.395 -0.219 0.014 0.355 0.566 0.818 1.146 1.672 1.985 2.251 2.485 2.752 3.027 3.198 3.360 3.499 3.455 3.374 3.201 3.010 3.010 0.000 
4.750 1.580 -0.860 -0.627 -0.411 -0.235 -0.003 0.337 0.546 0.798 1.125 1.648 1.959 2.223 2.455 2.719 2.991 3.160 3.321 3.458 3.416 3.336 3.163 2.971 2.971 0.000 
4.750 2.000 -0.877 -0.646 -0.430 -0.256 -0.025 0.314 0.523 0.774 1.099 1.619 1.928 2.189 2.419 2.680 2.948 3.115 3.274 3.408 3.370 3.290 3.117 2.925 2.925 0.000 
4.750 2.510 -0.898 -0.668 -0.453 -0.280 -0.050 0.287 0.495 0.745 1.069 1.584 1.890 2.148 2.375 2.633 2.897 3.062 3.218 3.350 3.314 3.235 3.063 2.869 2.869 0.000 
4.750 3.160 -0.922 -0.694 -0.481 -0.309 -0.080 0.255 0.463 0.711 1.033 1.544 1.846 2.101 2.324 2.577 2.837 2.999 3.153 3.281 3.248 3.170 2.999 2.803 2.803 0.000 
4.750 3.980 -0.950 -0.724 -0.513 -0.342 -0.115 0.218 0.424 0.671 0.991 1.496 1.795 2.045 2.264 2.513 2.768 2.925 3.076 3.201 3.172 3.095 2.924 2.727 2.727 0.000 
4.750 5.010 -0.983 -0.760 -0.550 -0.381 -0.155 0.175 0.380 0.625 0.943 1.441 1.736 1.981 2.195 2.438 2.687 2.841 2.988 3.109 3.083 3.007 2.838 2.639 2.639 0.000 
4.750 6.310 -1.021 -0.800 -0.592 -0.425 -0.201 0.126 0.330 0.573 0.887 1.379 1.668 1.909 2.117 2.354 2.596 2.745 2.888 3.005 2.983 2.907 2.739 2.540 2.540 0.000 
4.750 7.940 -1.063 -0.846 -0.640 -0.475 -0.254 0.071 0.273 0.514 0.825 1.309 1.592 1.827 2.029 2.259 2.494 2.638 2.776 2.888 2.869 2.795 2.628 2.428 2.428 0.000 
4.750 10.000 -1.111 -0.897 -0.693 -0.531 -0.312 0.009 0.209 0.447 0.755 1.230 1.507 1.736 1.931 2.154 2.380 2.519 2.652 2.758 2.743 2.670 2.505 2.305 2.305 0.000 
4.750 12.590 -1.164 -0.954 -0.753 -0.593 -0.377 -0.060 0.138 0.374 0.678 1.144 1.414 1.636 1.824 2.039 2.256 2.389 2.517 2.617 2.604 2.532 2.370 2.170 2.170 0.000 
4.750 15.850 -1.222 -1.016 -0.818 -0.661 -0.448 -0.135 0.061 0.294 0.594 1.049 1.313 1.527 1.708 1.914 2.122 2.248 2.371 2.464 2.454 2.382 2.223 2.025 2.025 0.000 
4.750 19.950 -1.286 -1.085 -0.890 -0.736 -0.525 -0.217 -0.023 0.207 0.502 0.947 1.203 1.409 1.583 1.780 1.978 2.097 2.214 2.301 2.293 2.222 2.065 1.869 1.869 0.000 
4.750 25.120 -1.356 -1.159 -0.967 -0.817 -0.609 -0.306 -0.114 0.113 0.404 0.837 1.085 1.284 1.449 1.637 1.825 1.938 2.049 2.128 2.122 2.051 1.898 1.705 1.705 0.000 
4.750 31.620 -1.432 -1.240 -1.052 -0.904 -0.700 -0.401 -0.212 0.011 0.297 0.718 0.959 1.150 1.307 1.486 1.664 1.769 1.875 1.947 1.942 1.872 1.723 1.533 1.533 0.000 
4.750 39.810 -1.515 -1.328 -1.143 -0.999 -0.798 -0.505 -0.318 -0.098 0.182 0.592 0.824 1.008 1.157 1.327 1.495 1.594 1.693 1.758 1.755 1.684 1.539 1.353 1.353 0.000 
4.750 50.120 -1.606 -1.424 -1.243 -1.102 -0.905 -0.617 -0.433 -0.216 0.059 0.456 0.681 0.857 0.998 1.160 1.319 1.410 1.504 1.562 1.560 1.490 1.349 1.167 1.167 0.000 
4.750 63.100 -1.705 -1.529 -1.351 -1.214 -1.021 -0.738 -0.557 -0.344 -0.074 0.311 0.527 0.698 0.832 0.986 1.136 1.220 1.308 1.360 1.359 1.289 1.153 0.974 0.974 0.000 
4.750 79.430 -1.816 -1.645 -1.471 -1.338 -1.148 -0.870 -0.692 -0.483 -0.218 0.154 0.363 0.528 0.655 0.803 0.945 1.023 1.106 1.151 1.152 1.082 0.951 0.777 0.777 0.000 
4.750 100.000 -1.939 -1.774 -1.603 -1.474 -1.288 -1.016 -0.840 -0.635 -0.376 -0.016 0.186 0.348 0.468 0.611 0.746 0.818 0.898 0.937 0.940 0.870 0.743 0.574 0.574 0.000 
4.750 125.890 -2.078 -1.919 -1.752 -1.626 -1.443 -1.178 -1.005 -0.803 -0.550 -0.202 -0.005 0.153 0.270 0.409 0.539 0.606 0.682 0.717 0.722 0.652 0.530 0.365 0.365 0.000 
4.750 158.490 -2.236 -2.083 -1.920 -1.798 -1.619 -1.359 -1.189 -0.991 -0.744 -0.407 -0.215 -0.057 0.056 0.195 0.322 0.385 0.460 0.490 0.499 0.429 0.311 0.151 0.151 0.000 
4.750 199.530 -2.418 -2.271 -2.111 -1.993 -1.819 -1.564 -1.397 -1.203 -0.962 -0.636 -0.448 -0.287 -0.174 -0.033 0.093 0.154 0.229 0.257 0.269 0.199 0.086 -0.069 -0.069 0.000 
4.750 251.190 -2.630 -2.489 -2.333 -2.219 -2.048 -1.800 -1.636 -1.445 -1.210 -0.895 -0.708 -0.541 -0.426 -0.278 -0.149 -0.089 -0.011 0.016 0.032 -0.038 -0.146 -0.296 -0.296 0.000 
4.750 316.230 -2.880 -2.744 -2.593 -2.483 -2.316 -2.073 -1.912 -1.726 -1.496 -1.190 -1.003 -0.824 -0.705 -0.545 -0.408 -0.346 -0.263 -0.235 -0.213 -0.283 -0.386 -0.531 -0.531 0.000 
4.750 398.110 -3.177 -3.047 -2.900 -2.793 -2.630 -2.394 -2.235 -2.053 -1.829 -1.531 -1.340 -1.145 -1.016 -0.838 -0.687 -0.621 -0.529 -0.496 -0.467 -0.537 -0.635 -0.776 -0.776 0.000 
4.750 501.190 -3.533 -3.409 -3.266 -3.163 -3.004 -2.773 -2.618 -2.440 -2.222 -1.929 -1.731 -1.512 -1.369 -1.164 -0.992 -0.918 -0.813 -0.772 -0.733 -0.804 -0.897 -1.032 -1.032 0.000 
4.750 630.960 -3.963 -3.846 -3.706 -3.608 -3.452 -3.228 -3.075 -2.901 -2.689 -2.400 -2.190 -1.938 -1.772 -1.531 -1.329 -1.242 -1.117 -1.064 -1.014 -1.084 -1.173 -1.303 -1.303 0.000 
4.750 794.330 -4.487 -4.375 -4.240 -4.145 -3.994 -3.775 -3.626 -3.455 -3.250 -2.961 -2.734 -2.437 -2.241 -1.949 -1.705 -1.600 -1.449 -1.377 -1.313 -1.383 -1.466 -1.592 -1.592 0.000 
4.750 1000.000 -5.129 -5.023 -4.892 -4.801 -4.654 -4.441 -4.295 -4.128 -3.928 -3.637 -3.385 -3.028 -2.790 -2.432 -2.132 -2.001 -1.814 -1.716 -1.634 -1.704 -1.783 -1.903 -1.903 0.000 
5.000 1.000 -0.632 -0.399 -0.183 -0.007 0.219 0.544 0.744 0.984 1.298 1.806 2.109 2.368 2.597 2.858 3.126 3.294 3.453 3.588 3.539 3.456 3.285 3.100 3.100 0.000 
5.000 1.260 -0.642 -0.410 -0.194 -0.020 0.206 0.530 0.730 0.969 1.282 1.788 2.090 2.347 2.574 2.833 3.100 3.266 3.424 3.558 3.510 3.427 3.257 3.071 3.071 0.000 
5.000 1.580 -0.655 -0.424 -0.209 -0.035 0.191 0.513 0.712 0.951 1.263 1.766 2.066 2.321 2.547 2.803 3.067 3.232 3.388 3.520 3.474 3.392 3.222 3.036 3.036 0.000 
5.000 2.000 -0.670 -0.441 -0.226 -0.053 0.171 0.493 0.691 0.929 1.240 1.740 2.037 2.290 2.513 2.767 3.028 3.191 3.346 3.475 3.432 3.351 3.181 2.993 2.993 0.000 
5.000 2.510 -0.689 -0.461 -0.247 -0.075 0.148 0.468 0.666 0.903 1.212 1.708 2.003 2.253 2.474 2.724 2.981 3.142 3.294 3.422 3.381 3.301 3.131 2.942 2.942 0.000 
5.000 3.160 -0.711 -0.484 -0.272 -0.102 0.121 0.439 0.636 0.872 1.179 1.671 1.963 2.210 2.426 2.673 2.926 3.083 3.234 3.358 3.321 3.241 3.072 2.881 2.881 0.000 
5.000 3.980 -0.737 -0.512 -0.302 -0.132 0.089 0.405 0.601 0.835 1.141 1.627 1.916 2.158 2.371 2.613 2.861 3.015 3.163 3.284 3.250 3.171 3.003 2.811 2.811 0.000 
5.000 5.010 -0.767 -0.545 -0.336 -0.168 0.052 0.365 0.560 0.793 1.096 1.576 1.861 2.099 2.307 2.544 2.787 2.937 3.081 3.198 3.168 3.090 2.923 2.729 2.729 0.000 
5.000 6.310 -0.801 -0.582 -0.375 -0.209 0.009 0.320 0.513 0.744 1.044 1.518 1.797 2.031 2.234 2.465 2.701 2.847 2.987 3.100 3.074 2.997 2.831 2.635 2.635 0.000 
5.000 7.940 -0.841 -0.625 -0.419 -0.256 -0.040 0.268 0.460 0.689 0.986 1.452 1.726 1.954 2.151 2.376 2.605 2.746 2.881 2.990 2.967 2.892 2.727 2.530 2.530 0.000 
5.000 10.000 -0.885 -0.673 -0.470 -0.308 -0.095 0.210 0.400 0.626 0.920 1.378 1.646 1.868 2.059 2.276 2.497 2.633 2.764 2.867 2.848 2.774 2.611 2.413 2.413 0.000 
5.000 12.590 -0.935 -0.726 -0.526 -0.367 -0.156 0.145 0.333 0.557 0.847 1.296 1.558 1.773 1.957 2.166 2.379 2.509 2.635 2.732 2.717 2.643 2.482 2.285 2.285 0.000 
5.000 15.850 -0.990 -0.785 -0.588 -0.431 -0.223 0.074 0.260 0.481 0.767 1.206 1.461 1.669 1.846 2.047 2.251 2.374 2.495 2.586 2.573 2.500 2.342 2.146 2.146 0.000 
5.000 19.950 -1.051 -0.850 -0.656 -0.502 -0.297 -0.005 0.179 0.398 0.679 1.108 1.355 1.556 1.725 1.918 2.112 2.229 2.344 2.429 2.418 2.346 2.191 1.996 1.996 0.000 
5.000 25.120 -1.118 -0.922 -0.730 -0.580 -0.377 -0.090 0.092 0.307 0.584 1.001 1.241 1.435 1.596 1.780 1.965 2.075 2.184 2.262 2.254 2.182 2.030 1.837 1.837 0.000 
5.000 31.620 -1.191 -1.000 -0.811 -0.664 -0.465 -0.182 -0.003 0.209 0.481 0.887 1.119 1.305 1.458 1.634 1.808 1.912 2.015 2.086 2.079 2.008 1.859 1.670 1.670 0.000 
5.000 39.810 -1.271 -1.085 -0.900 -0.756 -0.560 -0.282 -0.106 0.103 0.370 0.764 0.988 1.167 1.312 1.479 1.644 1.740 1.838 1.901 1.897 1.826 1.681 1.495 1.495 0.000 
5.000 50.120 -1.358 -1.177 -0.996 -0.856 -0.663 -0.391 -0.217 -0.011 0.250 0.632 0.849 1.020 1.158 1.316 1.472 1.561 1.653 1.710 1.707 1.636 1.495 1.313 1.313 0.000 
5.000 63.100 -1.455 -1.280 -1.102 -0.965 -0.776 -0.509 -0.338 -0.136 0.121 0.490 0.699 0.864 0.995 1.146 1.292 1.375 1.462 1.512 1.510 1.440 1.303 1.125 1.125 0.000 
5.000 79.430 -1.563 -1.393 -1.218 -1.085 -0.900 -0.639 -0.470 -0.272 -0.021 0.336 0.538 0.698 0.822 0.967 1.105 1.182 1.264 1.307 1.308 1.237 1.105 0.931 0.931 0.000 
5.000 100.000 -1.683 -1.519 -1.348 -1.219 -1.037 -0.781 -0.615 -0.421 -0.176 0.169 0.364 0.521 0.639 0.778 0.910 0.981 1.059 1.097 1.099 1.028 0.901 0.732 0.732 0.000 
5.000 125.890 -1.819 -1.660 -1.494 -1.368 -1.191 -0.940 -0.777 -0.586 -0.347 -0.014 0.176 0.330 0.443 0.579 0.706 0.772 0.847 0.880 0.885 0.814 0.691 0.527 0.527 0.000 
5.000 158.490 -1.975 -1.822 -1.659 -1.537 -1.363 -1.119 -0.958 -0.772 -0.537 -0.216 -0.032 0.122 0.233 0.369 0.492 0.554 0.628 0.657 0.664 0.594 0.476 0.316 0.316 0.000 
5.000 199.530 -2.154 -2.007 -1.848 -1.730 -1.560 -1.321 -1.164 -0.981 -0.753 -0.442 -0.261 -0.105 0.005 0.143 0.267 0.326 0.400 0.427 0.438 0.367 0.254 0.099 0.099 0.000 
5.000 251.190 -2.364 -2.222 -2.067 -1.953 -1.787 -1.554 -1.400 -1.221 -0.998 -0.698 -0.519 -0.356 -0.244 -0.099 0.027 0.086 0.163 0.189 0.204 0.134 0.025 -0.125 -0.125 0.000 
5.000 316.230 -2.611 -2.476 -2.324 -2.214 -2.052 -1.825 -1.673 -1.498 -1.282 -0.990 -0.810 -0.637 -0.520 -0.363 -0.229 -0.168 -0.087 -0.059 -0.038 -0.108 -0.212 -0.357 -0.357 0.000 
5.000 398.110 -2.905 -2.776 -2.628 -2.522 -2.364 -2.143 -1.994 -1.823 -1.612 -1.328 -1.145 -0.955 -0.829 -0.654 -0.505 -0.441 -0.350 -0.318 -0.290 -0.360 -0.458 -0.599 -0.599 0.000 
5.000 501.190 -3.259 -3.135 -2.992 -2.889 -2.735 -2.520 -2.374 -2.207 -2.002 -1.724 -1.534 -1.319 -1.178 -0.977 -0.807 -0.735 -0.630 -0.590 -0.553 -0.624 -0.717 -0.853 -0.853 0.000 
5.000 630.960 -3.687 -3.569 -3.429 -3.331 -3.181 -2.971 -2.829 -2.665 -2.467 -2.192 -1.990 -1.743 -1.580 -1.341 -1.141 -1.056 -0.932 -0.880 -0.831 -0.902 -0.990 -1.121 -1.121 0.000 
5.000 794.330 -4.208 -4.096 -3.961 -3.866 -3.720 -3.517 -3.377 -3.218 -3.025 -2.751 -2.531 -2.239 -2.045 -1.757 -1.515 -1.411 -1.261 -1.190 -1.127 -1.198 -1.281 -1.407 -1.407 0.000 
5.000 1000.000 -4.847 -4.741 -4.610 -4.519 -4.377 -4.180 -4.043 -3.888 -3.701 -3.424 -3.180 -2.827 -2.592 -2.237 -1.939 -1.809 -1.623 -1.527 -1.446 -1.516 -1.595 -1.716 -1.716 0.000 
5.250 1.000 -0.433 -0.202 0.012 0.186 0.407 0.714 0.904 1.132 1.431 1.919 2.211 2.462 2.683 2.936 3.197 3.359 3.514 3.644 3.590 3.506 3.338 3.158 3.158 0.000 
5.250 1.260 -0.442 -0.212 0.002 0.175 0.395 0.702 0.891 1.119 1.417 1.903 2.194 2.443 2.663 2.914 3.172 3.334 3.488 3.617 3.564 3.480 3.313 3.132 3.132 0.000 
5.250 1.580 -0.454 -0.225 -0.011 0.161 0.381 0.687 0.876 1.102 1.400 1.883 2.172 2.419 2.638 2.887 3.143 3.303 3.455 3.583 3.532 3.449 3.281 3.100 3.100 0.000 
5.250 2.000 -0.468 -0.240 -0.027 0.145 0.363 0.668 0.856 1.082 1.379 1.860 2.147 2.391 2.607 2.854 3.107 3.265 3.416 3.542 3.493 3.411 3.243 3.060 3.060 0.000 
5.250 2.510 -0.484 -0.258 -0.046 0.125 0.342 0.646 0.834 1.058 1.353 1.831 2.115 2.357 2.571 2.814 3.065 3.220 3.369 3.492 3.447 3.365 3.198 3.014 3.014 0.000 
5.250 3.160 -0.504 -0.279 -0.069 0.101 0.318 0.619 0.806 1.030 1.323 1.797 2.078 2.317 2.528 2.767 3.014 3.167 3.313 3.434 3.392 3.310 3.144 2.958 2.958 0.000 
5.250 3.980 -0.528 -0.305 -0.095 0.073 0.288 0.588 0.774 0.997 1.288 1.756 2.035 2.270 2.477 2.712 2.954 3.104 3.248 3.365 3.326 3.246 3.080 2.893 2.893 0.000 
5.250 5.010 -0.555 -0.335 -0.127 0.040 0.254 0.552 0.736 0.957 1.246 1.709 1.984 2.215 2.417 2.648 2.884 3.031 3.171 3.285 3.250 3.171 3.006 2.817 2.817 0.000 
5.250 6.310 -0.587 -0.369 -0.163 0.002 0.214 0.509 0.693 0.912 1.199 1.655 1.925 2.151 2.349 2.574 2.805 2.947 3.084 3.194 3.163 3.085 2.920 2.729 2.729 0.000 
5.250 7.940 -0.623 -0.409 -0.204 -0.041 0.169 0.461 0.643 0.860 1.144 1.593 1.858 2.079 2.271 2.490 2.714 2.852 2.985 3.090 3.063 2.986 2.823 2.631 2.631 0.000 
5.250 10.000 -0.665 -0.453 -0.251 -0.090 0.118 0.406 0.587 0.802 1.082 1.524 1.783 1.998 2.184 2.396 2.612 2.745 2.873 2.974 2.951 2.875 2.713 2.520 2.520 0.000 
5.250 12.590 -0.712 -0.504 -0.304 -0.145 0.060 0.345 0.524 0.737 1.013 1.446 1.699 1.908 2.087 2.292 2.500 2.627 2.751 2.845 2.826 2.752 2.592 2.398 2.398 0.000 
5.250 15.850 -0.764 -0.560 -0.362 -0.207 -0.004 0.278 0.454 0.664 0.937 1.360 1.606 1.809 1.981 2.178 2.377 2.498 2.617 2.705 2.690 2.616 2.458 2.265 2.265 0.000 
5.250 19.950 -0.821 -0.621 -0.427 -0.274 -0.074 0.203 0.377 0.585 0.853 1.266 1.505 1.700 1.866 2.054 2.244 2.359 2.472 2.554 2.542 2.469 2.314 2.121 2.121 0.000 
5.250 25.120 -0.885 -0.689 -0.498 -0.348 -0.151 0.121 0.294 0.498 0.762 1.164 1.396 1.584 1.741 1.921 2.102 2.210 2.317 2.393 2.383 2.311 2.159 1.968 1.968 0.000 
5.250 31.620 -0.955 -0.764 -0.576 -0.429 -0.235 0.033 0.202 0.404 0.663 1.053 1.278 1.458 1.608 1.780 1.951 2.052 2.154 2.222 2.214 2.143 1.994 1.806 1.806 0.000 
5.250 39.810 -1.032 -0.846 -0.661 -0.518 -0.327 -0.064 0.103 0.301 0.555 0.934 1.151 1.324 1.466 1.629 1.791 1.885 1.981 2.043 2.037 1.966 1.821 1.636 1.636 0.000 
5.250 50.120 -1.117 -0.936 -0.755 -0.615 -0.427 -0.170 -0.005 0.190 0.439 0.806 1.015 1.182 1.316 1.471 1.623 1.711 1.801 1.857 1.852 1.781 1.640 1.458 1.458 0.000 
5.250 63.100 -1.210 -1.035 -0.857 -0.721 -0.537 -0.285 -0.123 0.068 0.312 0.667 0.868 1.029 1.156 1.304 1.448 1.529 1.614 1.663 1.660 1.589 1.452 1.274 1.274 0.000 
5.250 79.430 -1.315 -1.145 -0.971 -0.838 -0.658 -0.411 -0.252 -0.065 0.174 0.517 0.711 0.867 0.987 1.129 1.264 1.339 1.420 1.462 1.461 1.390 1.258 1.084 1.084 0.000 
5.250 100.000 -1.433 -1.269 -1.098 -0.969 -0.792 -0.551 -0.394 -0.211 0.022 0.353 0.540 0.692 0.807 0.944 1.073 1.142 1.219 1.255 1.257 1.186 1.058 0.889 0.889 0.000 
5.250 125.890 -1.566 -1.408 -1.241 -1.115 -0.943 -0.707 -0.553 -0.373 -0.146 0.173 0.355 0.504 0.615 0.748 0.872 0.936 1.010 1.042 1.046 0.975 0.852 0.687 0.687 0.000 
5.250 158.490 -1.719 -1.566 -1.403 -1.281 -1.113 -0.883 -0.732 -0.556 -0.334 -0.027 0.151 0.300 0.407 0.540 0.661 0.722 0.794 0.822 0.829 0.758 0.640 0.480 0.480 0.000 
5.250 199.530 -1.896 -1.749 -1.590 -1.472 -1.307 -1.083 -0.934 -0.762 -0.546 -0.250 -0.076 0.076 0.183 0.318 0.439 0.497 0.570 0.595 0.605 0.535 0.421 0.266 0.266 0.000 
5.250 251.190 -2.103 -1.962 -1.806 -1.692 -1.531 -1.313 -1.168 -0.999 -0.789 -0.503 -0.331 -0.172 -0.064 0.079 0.203 0.260 0.335 0.360 0.375 0.304 0.196 0.045 0.045 0.000 
5.250 316.230 -2.348 -2.212 -2.061 -1.951 -1.793 -1.581 -1.438 -1.274 -1.070 -0.792 -0.620 -0.450 -0.337 -0.183 -0.050 0.008 0.089 0.116 0.136 0.065 -0.039 -0.185 -0.185 0.000 
5.250 398.110 -2.639 -2.510 -2.362 -2.256 -2.103 -1.896 -1.757 -1.596 -1.398 -1.128 -0.952 -0.766 -0.643 -0.470 -0.324 -0.261 -0.171 -0.140 -0.113 -0.184 -0.282 -0.424 -0.424 0.000 
5.250 501.190 -2.990 -2.866 -2.723 -2.621 -2.471 -2.271 -2.134 -1.978 -1.785 -1.521 -1.338 -1.128 -0.989 -0.791 -0.624 -0.552 -0.449 -0.410 -0.374 -0.444 -0.538 -0.675 -0.675 0.000 
5.250 630.960 -3.416 -3.298 -3.158 -3.060 -2.914 -2.720 -2.586 -2.434 -2.247 -1.986 -1.792 -1.548 -1.388 -1.152 -0.955 -0.871 -0.748 -0.697 -0.649 -0.720 -0.809 -0.940 -0.940 0.000 
5.250 794.330 -3.934 -3.823 -3.687 -3.593 -3.451 -3.262 -3.132 -2.983 -2.803 -2.543 -2.330 -2.042 -1.851 -1.565 -1.326 -1.224 -1.075 -1.004 -0.943 -1.013 -1.097 -1.224 -1.224 0.000 
5.250 1000.000 -4.571 -4.465 -4.334 -4.243 -4.106 -3.923 -3.795 -3.650 -3.476 -3.213 -2.976 -2.628 -2.395 -2.043 -1.747 -1.619 -1.434 -1.338 -1.258 -1.329 -1.408 -1.530 -1.530 0.000 
5.500 1.000 -0.238 -0.010 0.204 0.376 0.590 0.882 1.062 1.278 1.563 2.032 2.314 2.555 2.770 3.015 3.267 3.425 3.575 3.701 3.642 3.557 3.391 3.217 3.217 0.000 
5.500 1.260 -0.246 -0.019 0.194 0.366 0.580 0.871 1.050 1.266 1.550 2.018 2.298 2.538 2.751 2.994 3.245 3.402 3.551 3.675 3.618 3.533 3.368 3.193 3.193 0.000 
5.500 1.580 -0.256 -0.030 0.182 0.353 0.567 0.857 1.036 1.251 1.535 2.000 2.278 2.517 2.728 2.970 3.218 3.373 3.522 3.644 3.589 3.505 3.340 3.163 3.163 0.000 
5.500 2.000 -0.269 -0.043 0.168 0.338 0.551 0.840 1.019 1.233 1.516 1.978 2.255 2.491 2.701 2.940 3.186 3.339 3.486 3.607 3.554 3.470 3.305 3.128 3.128 0.000 
5.500 2.510 -0.284 -0.059 0.151 0.320 0.532 0.820 0.998 1.212 1.493 1.952 2.226 2.460 2.668 2.904 3.147 3.298 3.443 3.562 3.512 3.428 3.264 3.085 3.085 0.000 
5.500 3.160 -0.302 -0.079 0.131 0.299 0.510 0.796 0.973 1.186 1.465 1.921 2.192 2.424 2.628 2.861 3.100 3.249 3.392 3.508 3.461 3.378 3.214 3.034 3.034 0.000 
5.500 3.980 -0.323 -0.102 0.106 0.273 0.483 0.767 0.944 1.155 1.433 1.884 2.152 2.380 2.581 2.810 3.045 3.191 3.331 3.445 3.401 3.319 3.156 2.973 2.973 0.000 
5.500 5.010 -0.348 -0.129 0.078 0.243 0.452 0.734 0.909 1.119 1.395 1.841 2.105 2.329 2.526 2.750 2.981 3.123 3.260 3.371 3.331 3.250 3.087 2.903 2.903 0.000 
5.500 6.310 -0.377 -0.161 0.044 0.208 0.415 0.695 0.869 1.077 1.350 1.790 2.051 2.270 2.462 2.682 2.906 3.045 3.179 3.285 3.249 3.170 3.008 2.822 2.822 0.000 
5.500 7.940 -0.411 -0.198 0.006 0.168 0.373 0.650 0.822 1.029 1.299 1.733 1.988 2.203 2.390 2.603 2.821 2.956 3.086 3.188 3.156 3.078 2.917 2.729 2.729 0.000 
5.500 10.000 -0.450 -0.239 -0.038 0.122 0.325 0.599 0.770 0.974 1.242 1.667 1.917 2.126 2.308 2.515 2.726 2.855 2.981 3.078 3.051 2.974 2.814 2.625 2.625 0.000 
5.500 12.590 -0.493 -0.286 -0.087 0.070 0.271 0.541 0.711 0.913 1.177 1.594 1.838 2.041 2.216 2.416 2.619 2.743 2.864 2.956 2.933 2.858 2.699 2.509 2.509 0.000 
5.500 15.850 -0.542 -0.339 -0.143 0.013 0.211 0.477 0.645 0.844 1.104 1.512 1.750 1.946 2.115 2.307 2.502 2.620 2.736 2.823 2.804 2.729 2.572 2.382 2.382 0.000 
5.500 19.950 -0.597 -0.398 -0.204 -0.051 0.144 0.406 0.572 0.768 1.024 1.422 1.653 1.843 2.004 2.189 2.375 2.487 2.598 2.678 2.662 2.588 2.434 2.244 2.244 0.000 
5.500 25.120 -0.657 -0.463 -0.272 -0.122 0.070 0.328 0.491 0.685 0.937 1.324 1.548 1.731 1.885 2.061 2.237 2.343 2.449 2.522 2.510 2.437 2.286 2.097 2.097 0.000 
5.500 31.620 -0.724 -0.534 -0.346 -0.200 -0.011 0.243 0.404 0.594 0.841 1.218 1.434 1.610 1.756 1.924 2.091 2.191 2.290 2.357 2.347 2.275 2.127 1.940 1.940 0.000 
5.500 39.810 -0.798 -0.613 -0.428 -0.285 -0.099 0.149 0.308 0.495 0.737 1.102 1.311 1.480 1.618 1.778 1.936 2.029 2.123 2.183 2.176 2.104 1.959 1.775 1.775 0.000 
5.500 50.120 -0.880 -0.700 -0.519 -0.379 -0.196 0.047 0.203 0.387 0.624 0.977 1.179 1.341 1.472 1.624 1.773 1.859 1.948 2.001 1.996 1.924 1.783 1.602 1.602 0.000 
5.500 63.100 -0.971 -0.796 -0.619 -0.482 -0.303 -0.065 0.088 0.269 0.501 0.842 1.036 1.192 1.316 1.461 1.601 1.681 1.765 1.812 1.808 1.737 1.600 1.422 1.422 0.000 
5.500 79.430 -1.073 -0.903 -0.729 -0.597 -0.421 -0.188 -0.038 0.139 0.366 0.695 0.882 1.033 1.151 1.289 1.422 1.495 1.575 1.616 1.614 1.542 1.410 1.236 1.236 0.000 
5.500 100.000 -1.188 -1.024 -0.853 -0.724 -0.553 -0.325 -0.177 -0.004 0.217 0.534 0.715 0.862 0.974 1.108 1.234 1.302 1.377 1.413 1.413 1.342 1.214 1.044 1.044 0.000 
5.500 125.890 -1.319 -1.160 -0.993 -0.868 -0.700 -0.478 -0.333 -0.164 0.052 0.357 0.532 0.677 0.785 0.916 1.037 1.100 1.172 1.203 1.206 1.135 1.011 0.846 0.846 0.000 
5.500 158.490 -1.469 -1.316 -1.153 -1.031 -0.867 -0.651 -0.509 -0.343 -0.133 0.161 0.331 0.476 0.581 0.711 0.829 0.888 0.960 0.987 0.992 0.921 0.803 0.642 0.642 0.000 
5.500 199.530 -1.643 -1.496 -1.337 -1.219 -1.059 -0.848 -0.709 -0.547 -0.343 -0.060 0.107 0.255 0.359 0.492 0.610 0.667 0.738 0.763 0.772 0.701 0.587 0.432 0.432 0.000 
5.500 251.190 -1.847 -1.706 -1.551 -1.437 -1.280 -1.076 -0.939 -0.781 -0.583 -0.310 -0.145 0.010 0.115 0.255 0.377 0.433 0.507 0.531 0.545 0.474 0.365 0.214 0.214 0.000 
5.500 316.230 -2.089 -1.954 -1.803 -1.692 -1.540 -1.341 -1.208 -1.053 -0.861 -0.597 -0.431 -0.266 -0.155 -0.003 0.127 0.184 0.264 0.289 0.309 0.238 0.134 -0.013 -0.013 0.000 
5.500 398.110 -2.378 -2.249 -2.102 -1.995 -1.847 -1.654 -1.523 -1.373 -1.186 -0.929 -0.760 -0.578 -0.458 -0.288 -0.144 -0.082 0.006 0.036 0.063 -0.008 -0.107 -0.249 -0.249 0.000 
5.500 501.190 -2.727 -2.603 -2.460 -2.357 -2.213 -2.026 -1.898 -1.752 -1.571 -1.320 -1.144 -0.938 -0.802 -0.606 -0.441 -0.371 -0.269 -0.231 -0.195 -0.266 -0.360 -0.497 -0.497 0.000 
5.500 630.960 -3.150 -3.032 -2.892 -2.794 -2.653 -2.472 -2.347 -2.205 -2.030 -1.783 -1.595 -1.355 -1.198 -0.965 -0.770 -0.687 -0.565 -0.515 -0.468 -0.539 -0.628 -0.760 -0.760 0.000 
5.500 794.330 -3.666 -3.554 -3.419 -3.324 -3.187 -3.012 -2.890 -2.752 -2.583 -2.336 -2.131 -1.847 -1.658 -1.375 -1.138 -1.037 -0.889 -0.820 -0.759 -0.830 -0.914 -1.041 -1.041 0.000 
5.500 1000.000 -4.300 -4.194 -4.063 -3.972 -3.839 -3.670 -3.551 -3.417 -3.254 -3.004 -2.774 -2.430 -2.200 -1.850 -1.557 -1.429 -1.246 -1.151 -1.072 -1.143 -1.222 -1.344 -1.344 0.000 
5.750 1.000 -0.047 0.179 0.391 0.561 0.770 1.047 1.217 1.422 1.694 2.145 2.415 2.648 2.856 3.093 3.337 3.490 3.636 3.757 3.694 3.608 3.445 3.275 3.275 0.000 
5.750 1.260 -0.054 0.171 0.383 0.553 0.761 1.037 1.207 1.411 1.682 2.132 2.401 2.633 2.839 3.075 3.318 3.469 3.614 3.734 3.673 3.586 3.424 3.253 3.253 0.000 
5.750 1.580 -0.063 0.161 0.372 0.542 0.749 1.024 1.194 1.398 1.668 2.116 2.384 2.614 2.819 3.053 3.293 3.444 3.588 3.706 3.646 3.561 3.398 3.227 3.227 0.000 
5.750 2.000 -0.074 0.149 0.359 0.528 0.735 1.009 1.178 1.382 1.651 2.096 2.362 2.591 2.794 3.025 3.264 3.413 3.555 3.672 3.614 3.529 3.367 3.194 3.194 0.000 
5.750 2.510 -0.088 0.135 0.344 0.512 0.718 0.991 1.160 1.362 1.630 2.072 2.336 2.563 2.763 2.993 3.228 3.375 3.516 3.631 3.576 3.491 3.329 3.155 3.155 0.000 
5.750 3.160 -0.104 0.117 0.325 0.492 0.698 0.969 1.137 1.339 1.605 2.044 2.305 2.529 2.727 2.953 3.186 3.330 3.469 3.582 3.529 3.445 3.284 3.109 3.109 0.000 
5.750 3.980 -0.123 0.096 0.303 0.469 0.673 0.943 1.110 1.311 1.575 2.010 2.269 2.489 2.684 2.906 3.135 3.277 3.413 3.523 3.474 3.391 3.230 3.053 3.053 0.000 
5.750 5.010 -0.146 0.071 0.277 0.442 0.645 0.912 1.078 1.277 1.540 1.970 2.225 2.442 2.633 2.851 3.075 3.214 3.348 3.455 3.409 3.327 3.167 2.988 2.988 0.000 
5.750 6.310 -0.173 0.042 0.246 0.409 0.611 0.876 1.041 1.239 1.499 1.923 2.175 2.387 2.574 2.788 3.006 3.141 3.272 3.375 3.334 3.253 3.093 2.912 2.912 0.000 
5.750 7.940 -0.204 0.008 0.211 0.372 0.572 0.834 0.998 1.194 1.452 1.870 2.116 2.324 2.506 2.714 2.927 3.058 3.185 3.284 3.247 3.167 3.008 2.826 2.826 0.000 
5.750 10.000 -0.240 -0.030 0.170 0.330 0.527 0.787 0.949 1.143 1.398 1.808 2.050 2.253 2.429 2.631 2.837 2.963 3.086 3.181 3.149 3.070 2.912 2.727 2.727 0.000 
5.750 12.590 -0.280 -0.074 0.124 0.281 0.477 0.733 0.893 1.085 1.337 1.739 1.975 2.172 2.343 2.538 2.736 2.857 2.976 3.065 3.038 2.961 2.804 2.618 2.618 0.000 
5.750 15.850 -0.326 -0.124 0.072 0.227 0.420 0.672 0.831 1.020 1.268 1.662 1.891 2.082 2.246 2.434 2.625 2.740 2.854 2.938 2.915 2.839 2.684 2.497 2.497 0.000 
5.750 19.950 -0.378 -0.179 0.014 0.166 0.356 0.605 0.762 0.948 1.192 1.576 1.799 1.984 2.141 2.321 2.503 2.613 2.721 2.799 2.780 2.705 2.553 2.365 2.365 0.000 
5.750 25.120 -0.435 -0.241 -0.051 0.098 0.286 0.530 0.685 0.869 1.109 1.482 1.698 1.876 2.026 2.198 2.371 2.475 2.578 2.650 2.634 2.560 2.410 2.223 2.223 0.000 
5.750 31.620 -0.499 -0.310 -0.122 0.024 0.208 0.448 0.601 0.781 1.017 1.379 1.588 1.759 1.902 2.066 2.230 2.327 2.425 2.491 2.478 2.405 2.257 2.072 2.072 0.000 
5.750 39.810 -0.570 -0.385 -0.201 -0.058 0.123 0.358 0.508 0.686 0.916 1.268 1.469 1.633 1.769 1.925 2.080 2.171 2.263 2.322 2.312 2.239 2.095 1.912 1.912 0.000 
5.750 50.120 -0.649 -0.469 -0.288 -0.149 0.029 0.259 0.407 0.581 0.807 1.146 1.341 1.498 1.626 1.775 1.921 2.005 2.093 2.145 2.137 2.065 1.925 1.744 1.744 0.000 
5.750 63.100 -0.737 -0.563 -0.385 -0.249 -0.074 0.151 0.295 0.466 0.686 1.015 1.202 1.354 1.475 1.616 1.754 1.832 1.914 1.960 1.955 1.883 1.746 1.569 1.569 0.000 
5.750 79.430 -0.836 -0.667 -0.493 -0.360 -0.189 0.030 0.172 0.340 0.555 0.871 1.051 1.198 1.313 1.448 1.578 1.650 1.728 1.768 1.765 1.693 1.561 1.387 1.387 0.000 
5.750 100.000 -0.948 -0.784 -0.614 -0.485 -0.318 -0.104 0.036 0.199 0.409 0.713 0.887 1.030 1.139 1.270 1.394 1.460 1.534 1.569 1.568 1.496 1.368 1.199 1.199 0.000 
5.750 125.890 -1.076 -0.918 -0.751 -0.626 -0.462 -0.254 -0.117 0.043 0.247 0.540 0.708 0.849 0.953 1.081 1.200 1.262 1.333 1.363 1.365 1.293 1.170 1.005 1.005 0.000 
5.750 158.490 -1.224 -1.071 -0.908 -0.787 -0.627 -0.424 -0.290 -0.134 0.065 0.346 0.510 0.651 0.753 0.880 0.996 1.054 1.124 1.150 1.155 1.083 0.965 0.804 0.804 0.000 
5.750 199.530 -1.395 -1.248 -1.089 -0.972 -0.816 -0.618 -0.487 -0.335 -0.142 0.128 0.289 0.433 0.534 0.664 0.780 0.835 0.906 0.929 0.938 0.867 0.753 0.597 0.597 0.000 
5.750 251.190 -1.597 -1.456 -1.301 -1.187 -1.035 -0.843 -0.715 -0.566 -0.380 -0.119 0.040 0.190 0.293 0.430 0.550 0.605 0.678 0.701 0.714 0.642 0.533 0.382 0.382 0.000 
5.750 316.230 -1.836 -1.701 -1.550 -1.440 -1.291 -1.106 -0.980 -0.836 -0.655 -0.403 -0.244 -0.082 0.026 0.175 0.302 0.359 0.437 0.462 0.481 0.409 0.305 0.158 0.158 0.000 
5.750 398.110 -2.123 -1.993 -1.846 -1.740 -1.596 -1.416 -1.293 -1.153 -0.977 -0.733 -0.570 -0.392 -0.274 -0.107 0.034 0.095 0.183 0.212 0.238 0.166 0.067 -0.075 -0.075 0.000 
5.750 501.190 -2.469 -2.345 -2.202 -2.099 -1.959 -1.785 -1.666 -1.529 -1.360 -1.121 -0.951 -0.749 -0.616 -0.422 -0.260 -0.190 -0.089 -0.052 -0.018 -0.089 -0.183 -0.320 -0.320 0.000 
5.750 630.960 -2.889 -2.771 -2.632 -2.534 -2.397 -2.229 -2.112 -1.980 -1.816 -1.581 -1.399 -1.164 -1.009 -0.778 -0.585 -0.504 -0.383 -0.333 -0.287 -0.359 -0.448 -0.580 -0.580 0.000 
5.750 794.330 -3.403 -3.291 -3.156 -3.061 -2.929 -2.766 -2.653 -2.524 -2.367 -2.132 -1.933 -1.653 -1.467 -1.186 -0.951 -0.851 -0.704 -0.636 -0.575 -0.647 -0.731 -0.858 -0.858 0.000 
5.750 1000.000 -4.034 -3.929 -3.797 -3.707 -3.578 -3.422 -3.311 -3.186 -3.035 -2.797 -2.573 -2.233 -2.006 -1.658 -1.367 -1.241 -1.058 -0.964 -0.886 -0.957 -1.037 -1.159 -1.159 0.000 
6.000 1.000 0.141 0.365 0.575 0.744 0.947 1.209 1.370 1.564 1.823 2.257 2.517 2.742 2.943 3.172 3.408 3.556 3.698 3.814 3.747 3.659 3.499 3.334 3.334 0.000 
6.000 1.260 0.135 0.358 0.567 0.736 0.938 1.200 1.361 1.555 1.813 2.245 2.504 2.728 2.927 3.155 3.390 3.537 3.678 3.793 3.727 3.640 3.480 3.315 3.315 0.000 
6.000 1.580 0.127 0.349 0.558 0.726 0.928 1.189 1.349 1.543 1.800 2.231 2.488 2.711 2.909 3.135 3.368 3.514 3.654 3.768 3.703 3.616 3.456 3.290 3.290 0.000 
6.000 2.000 0.117 0.338 0.546 0.714 0.916 1.175 1.335 1.528 1.785 2.213 2.469 2.690 2.886 3.111 3.342 3.486 3.624 3.737 3.674 3.588 3.428 3.261 3.261 0.000 
6.000 2.510 0.105 0.325 0.533 0.699 0.900 1.159 1.318 1.511 1.766 2.191 2.446 2.664 2.859 3.081 3.309 3.452 3.589 3.699 3.639 3.553 3.394 3.225 3.225 0.000 
6.000 3.160 0.090 0.309 0.516 0.682 0.882 1.139 1.298 1.489 1.743 2.165 2.417 2.634 2.825 3.045 3.270 3.411 3.546 3.654 3.597 3.511 3.352 3.183 3.183 0.000 
6.000 3.980 0.072 0.290 0.496 0.660 0.859 1.115 1.273 1.464 1.716 2.134 2.384 2.597 2.786 3.002 3.224 3.362 3.494 3.600 3.546 3.461 3.303 3.132 3.132 0.000 
6.000 5.010 0.052 0.267 0.472 0.635 0.833 1.087 1.244 1.433 1.684 2.098 2.344 2.554 2.739 2.951 3.169 3.304 3.434 3.537 3.486 3.403 3.244 3.071 3.071 0.000 
6.000 6.310 0.027 0.241 0.444 0.606 0.802 1.054 1.210 1.398 1.646 2.054 2.297 2.503 2.684 2.892 3.104 3.236 3.363 3.463 3.416 3.334 3.176 3.001 3.001 0.000 
6.000 7.940 -0.001 0.209 0.411 0.571 0.766 1.015 1.170 1.356 1.602 2.004 2.243 2.444 2.621 2.823 3.030 3.158 3.282 3.378 3.336 3.254 3.098 2.920 2.920 0.000 
6.000 10.000 -0.034 0.174 0.373 0.532 0.725 0.971 1.124 1.308 1.552 1.947 2.180 2.377 2.549 2.745 2.946 3.069 3.190 3.281 3.244 3.164 3.008 2.828 2.828 0.000 
6.000 12.590 -0.072 0.133 0.330 0.487 0.677 0.920 1.072 1.254 1.494 1.882 2.110 2.301 2.467 2.657 2.851 2.970 3.085 3.172 3.140 3.061 2.906 2.725 2.725 0.000 
6.000 15.850 -0.115 0.086 0.281 0.435 0.624 0.863 1.013 1.193 1.430 1.809 2.031 2.216 2.376 2.559 2.745 2.859 2.970 3.051 3.024 2.946 2.793 2.610 2.610 0.000 
6.000 19.950 -0.164 0.034 0.226 0.378 0.564 0.799 0.948 1.125 1.357 1.727 1.943 2.122 2.275 2.451 2.629 2.737 2.843 2.919 2.896 2.820 2.668 2.485 2.485 0.000 
6.000 25.120 -0.218 -0.025 0.165 0.314 0.497 0.728 0.875 1.049 1.277 1.637 1.846 2.019 2.165 2.334 2.503 2.604 2.706 2.776 2.757 2.682 2.532 2.349 2.349 0.000 
6.000 31.620 -0.279 -0.090 0.097 0.243 0.423 0.650 0.794 0.965 1.189 1.539 1.741 1.907 2.046 2.206 2.367 2.462 2.558 2.622 2.607 2.532 2.386 2.203 2.203 0.000 
6.000 39.810 -0.347 -0.163 0.021 0.164 0.340 0.563 0.705 0.873 1.092 1.431 1.626 1.785 1.917 2.070 2.221 2.310 2.401 2.459 2.446 2.373 2.229 2.048 2.048 0.000 
6.000 50.120 -0.423 -0.244 -0.063 0.076 0.250 0.467 0.607 0.771 0.986 1.313 1.501 1.654 1.779 1.924 2.067 2.150 2.236 2.286 2.277 2.204 2.064 1.885 1.885 0.000 
6.000 63.100 -0.508 -0.334 -0.157 -0.021 0.149 0.362 0.498 0.660 0.869 1.185 1.366 1.513 1.631 1.770 1.904 1.981 2.062 2.106 2.099 2.027 1.891 1.714 1.714 0.000 
6.000 79.430 -0.605 -0.436 -0.262 -0.130 0.037 0.244 0.379 0.536 0.741 1.045 1.218 1.361 1.473 1.606 1.733 1.803 1.880 1.918 1.914 1.842 1.710 1.537 1.537 0.000 
6.000 100.000 -0.714 -0.550 -0.380 -0.251 -0.088 0.113 0.245 0.399 0.598 0.890 1.058 1.197 1.303 1.431 1.552 1.617 1.690 1.723 1.721 1.649 1.522 1.353 1.353 0.000 
6.000 125.890 -0.839 -0.681 -0.515 -0.389 -0.230 -0.034 0.095 0.246 0.439 0.720 0.881 1.019 1.121 1.246 1.362 1.422 1.493 1.521 1.522 1.450 1.327 1.162 1.162 0.000 
6.000 158.490 -0.984 -0.831 -0.669 -0.547 -0.392 -0.201 -0.075 0.072 0.260 0.529 0.686 0.824 0.923 1.048 1.161 1.218 1.287 1.312 1.316 1.244 1.125 0.965 0.965 0.000 
6.000 199.530 -1.153 -1.006 -0.847 -0.730 -0.578 -0.393 -0.270 -0.126 0.056 0.315 0.468 0.609 0.707 0.835 0.949 1.003 1.072 1.095 1.102 1.031 0.917 0.761 0.761 0.000 
6.000 251.190 -1.352 -1.211 -1.056 -0.942 -0.794 -0.615 -0.494 -0.355 -0.179 0.070 0.223 0.369 0.470 0.604 0.721 0.775 0.847 0.869 0.881 0.810 0.700 0.549 0.549 0.000 
6.000 316.230 -1.589 -1.454 -1.302 -1.192 -1.048 -0.875 -0.757 -0.622 -0.451 -0.211 -0.058 0.099 0.206 0.352 0.477 0.533 0.610 0.634 0.652 0.580 0.475 0.329 0.329 0.000 
6.000 398.110 -1.873 -1.743 -1.596 -1.490 -1.350 -1.182 -1.068 -0.936 -0.771 -0.539 -0.382 -0.208 -0.092 0.073 0.212 0.272 0.358 0.386 0.411 0.340 0.240 0.098 0.098 0.000 
6.000 501.190 -2.216 -2.092 -1.949 -1.847 -1.710 -1.549 -1.437 -1.310 -1.151 -0.924 -0.760 -0.562 -0.431 -0.239 -0.079 -0.011 0.089 0.125 0.159 0.088 -0.007 -0.144 -0.144 0.000 
6.000 630.960 -2.634 -2.516 -2.377 -2.278 -2.146 -1.990 -1.881 -1.758 -1.605 -1.381 -1.206 -0.974 -0.821 -0.593 -0.402 -0.322 -0.202 -0.153 -0.108 -0.179 -0.269 -0.401 -0.401 0.000 
6.000 794.330 -3.145 -3.033 -2.898 -2.803 -2.675 -2.525 -2.419 -2.300 -2.152 -1.930 -1.737 -1.460 -1.276 -0.998 -0.765 -0.666 -0.520 -0.453 -0.393 -0.465 -0.550 -0.677 -0.677 0.000 
6.000 1000.000 -3.774 -3.668 -3.537 -3.446 -3.322 -3.178 -3.075 -2.959 -2.818 -2.592 -2.374 -2.038 -1.813 -1.468 -1.179 -1.054 -0.872 -0.779 -0.701 -0.773 -0.853 -0.975 -0.975 0.000 
6.250 1.000 0.325 0.547 0.755 0.922 1.120 1.368 1.521 1.705 1.952 2.369 2.619 2.835 3.029 3.251 3.479 3.622 3.759 3.871 3.800 3.711 3.553 3.394 3.394 0.000 
6.250 1.260 0.320 0.540 0.748 0.915 1.113 1.360 1.513 1.697 1.943 2.358 2.607 2.823 3.016 3.236 3.463 3.605 3.742 3.852 3.782 3.693 3.536 3.376 3.376 0.000 
6.250 1.580 0.312 0.532 0.740 0.906 1.103 1.350 1.502 1.686 1.931 2.345 2.593 2.807 2.999 3.218 3.443 3.584 3.720 3.829 3.760 3.672 3.515 3.354 3.354 0.000 
6.250 2.000 0.303 0.523 0.730 0.896 1.092 1.338 1.490 1.673 1.917 2.329 2.575 2.788 2.978 3.195 3.419 3.559 3.693 3.801 3.734 3.646 3.489 3.328 3.328 0.000 
6.250 2.510 0.293 0.511 0.717 0.883 1.078 1.323 1.474 1.657 1.900 2.309 2.554 2.765 2.953 3.168 3.390 3.528 3.661 3.767 3.702 3.614 3.458 3.295 3.295 0.000 
6.250 3.160 0.280 0.497 0.702 0.867 1.061 1.305 1.456 1.637 1.880 2.286 2.528 2.737 2.923 3.135 3.354 3.490 3.621 3.726 3.663 3.576 3.420 3.256 3.256 0.000 
6.250 3.980 0.264 0.479 0.684 0.847 1.041 1.283 1.434 1.614 1.855 2.257 2.498 2.704 2.887 3.096 3.311 3.445 3.574 3.676 3.617 3.531 3.375 3.209 3.209 0.000 
6.250 5.010 0.245 0.459 0.662 0.825 1.017 1.258 1.407 1.586 1.825 2.224 2.461 2.664 2.844 3.049 3.261 3.392 3.519 3.618 3.562 3.477 3.321 3.154 3.154 0.000 
6.250 6.310 0.223 0.434 0.636 0.797 0.989 1.227 1.375 1.553 1.791 2.184 2.418 2.617 2.793 2.995 3.201 3.329 3.453 3.550 3.497 3.413 3.258 3.089 3.089 0.000 
6.250 7.940 0.196 0.406 0.606 0.766 0.956 1.192 1.339 1.515 1.750 2.137 2.367 2.562 2.734 2.931 3.132 3.257 3.378 3.470 3.422 3.339 3.185 3.014 3.014 0.000 
6.250 10.000 0.166 0.373 0.571 0.729 0.917 1.150 1.296 1.471 1.703 2.084 2.309 2.500 2.667 2.858 3.053 3.174 3.291 3.380 3.337 3.255 3.101 2.928 2.928 0.000 
6.250 12.590 0.131 0.334 0.531 0.687 0.873 1.103 1.247 1.420 1.649 2.023 2.243 2.428 2.590 2.775 2.964 3.080 3.193 3.277 3.239 3.159 3.006 2.830 2.830 0.000 
6.250 15.850 0.091 0.291 0.485 0.639 0.823 1.049 1.192 1.362 1.588 1.954 2.168 2.348 2.504 2.683 2.864 2.975 3.084 3.163 3.130 3.051 2.900 2.722 2.722 0.000 
6.250 19.950 0.045 0.242 0.434 0.585 0.766 0.989 1.130 1.298 1.520 1.876 2.085 2.259 2.408 2.580 2.753 2.859 2.963 3.036 3.009 2.931 2.781 2.602 2.602 0.000 
6.250 25.120 -0.007 0.186 0.375 0.524 0.702 0.921 1.060 1.225 1.443 1.791 1.992 2.160 2.303 2.467 2.633 2.732 2.831 2.899 2.876 2.800 2.652 2.472 2.472 0.000 
6.250 31.620 -0.064 0.124 0.310 0.456 0.631 0.846 0.983 1.145 1.359 1.696 1.891 2.052 2.188 2.345 2.502 2.595 2.689 2.751 2.733 2.657 2.512 2.332 2.332 0.000 
6.250 39.810 -0.130 0.054 0.238 0.380 0.553 0.763 0.897 1.056 1.266 1.592 1.780 1.935 2.064 2.213 2.361 2.449 2.538 2.593 2.578 2.504 2.361 2.182 2.182 0.000 
6.250 50.120 -0.203 -0.024 0.156 0.296 0.465 0.671 0.802 0.958 1.163 1.478 1.659 1.808 1.930 2.072 2.212 2.293 2.377 2.426 2.415 2.341 2.202 2.024 2.024 0.000 
6.250 63.100 -0.285 -0.111 0.066 0.201 0.368 0.568 0.697 0.850 1.049 1.353 1.527 1.671 1.786 1.922 2.053 2.128 2.208 2.251 2.242 2.169 2.033 1.858 1.858 0.000 
6.250 79.430 -0.379 -0.210 -0.036 0.096 0.259 0.454 0.581 0.730 0.924 1.216 1.384 1.523 1.632 1.761 1.886 1.955 2.030 2.068 2.062 1.989 1.857 1.685 1.685 0.000 
6.250 100.000 -0.485 -0.322 -0.152 -0.023 0.136 0.326 0.450 0.596 0.785 1.065 1.227 1.362 1.466 1.591 1.709 1.773 1.845 1.877 1.874 1.801 1.673 1.505 1.505 0.000 
6.250 125.890 -0.608 -0.450 -0.283 -0.158 -0.003 0.182 0.303 0.445 0.628 0.898 1.053 1.187 1.286 1.409 1.523 1.582 1.651 1.679 1.678 1.606 1.483 1.318 1.318 0.000 
6.250 158.490 -0.750 -0.597 -0.435 -0.313 -0.162 0.017 0.136 0.274 0.452 0.710 0.861 0.995 1.092 1.215 1.325 1.381 1.449 1.473 1.476 1.404 1.285 1.124 1.124 0.000 
6.250 199.530 -0.916 -0.769 -0.610 -0.493 -0.345 -0.172 -0.056 0.079 0.251 0.498 0.647 0.783 0.879 1.005 1.116 1.169 1.238 1.259 1.266 1.194 1.080 0.924 0.924 0.000 
6.250 251.190 -1.112 -0.971 -0.816 -0.703 -0.558 -0.391 -0.278 -0.147 0.019 0.257 0.403 0.546 0.645 0.777 0.892 0.945 1.016 1.037 1.048 0.976 0.867 0.715 0.715 0.000 
6.250 316.230 -1.347 -1.211 -1.060 -0.950 -0.810 -0.648 -0.538 -0.411 -0.251 -0.022 0.126 0.280 0.384 0.528 0.651 0.705 0.782 0.804 0.821 0.750 0.645 0.498 0.498 0.000 
6.250 398.110 -1.628 -1.499 -1.351 -1.245 -1.109 -0.953 -0.846 -0.723 -0.568 -0.346 -0.196 -0.025 0.089 0.252 0.388 0.447 0.533 0.560 0.584 0.513 0.412 0.271 0.271 0.000 
6.250 501.190 -1.969 -1.845 -1.702 -1.600 -1.467 -1.317 -1.213 -1.094 -0.945 -0.729 -0.571 -0.376 -0.247 -0.058 0.100 0.167 0.266 0.302 0.335 0.263 0.168 0.031 0.031 0.000 
6.250 630.960 -2.384 -2.266 -2.127 -2.028 -1.900 -1.756 -1.654 -1.539 -1.396 -1.184 -1.014 -0.786 -0.635 -0.409 -0.220 -0.140 -0.022 0.026 0.071 -0.001 -0.091 -0.224 -0.224 0.000 
6.250 794.330 -2.893 -2.781 -2.645 -2.551 -2.426 -2.288 -2.190 -2.078 -1.941 -1.729 -1.542 -1.269 -1.087 -0.811 -0.581 -0.482 -0.337 -0.271 -0.212 -0.284 -0.369 -0.496 -0.496 0.000 
6.250 1000.000 -3.519 -3.413 -3.282 -3.191 -3.070 -2.938 -2.843 -2.735 -2.604 -2.389 -2.177 -1.844 -1.621 -1.278 -0.991 -0.867 -0.686 -0.594 -0.517 -0.589 -0.669 -0.792 -0.792 0.000 
6.500 1.000 0.506 0.725 0.932 1.097 1.290 1.525 1.670 1.844 2.080 2.480 2.720 2.929 3.116 3.330 3.551 3.689 3.822 3.928 3.853 3.763 3.608 3.454 3.454 0.000 
6.500 1.260 0.501 0.719 0.926 1.091 1.283 1.518 1.662 1.837 2.071 2.470 2.710 2.918 3.104 3.317 3.536 3.674 3.806 3.912 3.837 3.747 3.593 3.438 3.438 0.000 
6.500 1.580 0.494 0.712 0.918 1.083 1.275 1.509 1.653 1.827 2.061 2.459 2.697 2.904 3.089 3.300 3.518 3.655 3.786 3.891 3.818 3.728 3.574 3.418 3.418 0.000 
6.500 2.000 0.487 0.704 0.909 1.074 1.265 1.498 1.642 1.815 2.048 2.444 2.681 2.887 3.070 3.280 3.496 3.632 3.762 3.865 3.794 3.704 3.550 3.394 3.394 0.000 
6.500 2.510 0.477 0.693 0.898 1.062 1.252 1.484 1.628 1.801 2.033 2.426 2.662 2.866 3.047 3.256 3.470 3.603 3.732 3.834 3.764 3.676 3.522 3.365 3.365 0.000 
6.500 3.160 0.465 0.680 0.884 1.047 1.237 1.468 1.611 1.783 2.014 2.405 2.639 2.840 3.020 3.226 3.437 3.569 3.696 3.797 3.729 3.641 3.487 3.329 3.329 0.000 
6.500 3.980 0.451 0.665 0.868 1.030 1.219 1.448 1.591 1.762 1.992 2.379 2.610 2.810 2.987 3.190 3.398 3.528 3.653 3.752 3.687 3.599 3.446 3.286 3.286 0.000 
6.500 5.010 0.434 0.646 0.848 1.009 1.197 1.425 1.566 1.737 1.965 2.348 2.577 2.773 2.947 3.147 3.352 3.479 3.602 3.698 3.636 3.549 3.396 3.235 3.235 0.000 
6.500 6.310 0.414 0.624 0.825 0.984 1.171 1.397 1.538 1.706 1.933 2.312 2.537 2.730 2.901 3.096 3.297 3.421 3.542 3.635 3.577 3.491 3.338 3.175 3.175 0.000 
6.500 7.940 0.390 0.597 0.797 0.955 1.141 1.364 1.504 1.671 1.895 2.269 2.490 2.679 2.846 3.037 3.233 3.354 3.472 3.561 3.507 3.422 3.271 3.106 3.106 0.000 
6.500 10.000 0.361 0.567 0.765 0.921 1.105 1.326 1.464 1.630 1.851 2.219 2.436 2.621 2.783 2.969 3.159 3.276 3.391 3.476 3.427 3.344 3.193 3.025 3.025 0.000 
6.500 12.590 0.329 0.531 0.727 0.882 1.064 1.282 1.419 1.583 1.801 2.162 2.374 2.554 2.711 2.891 3.075 3.188 3.299 3.380 3.336 3.254 3.104 2.934 2.934 0.000 
6.500 15.850 0.291 0.491 0.684 0.837 1.017 1.232 1.367 1.528 1.744 2.096 2.304 2.478 2.630 2.804 2.981 3.089 3.195 3.272 3.233 3.153 3.004 2.831 2.831 0.000 
6.500 19.950 0.249 0.444 0.636 0.786 0.963 1.175 1.308 1.467 1.679 2.023 2.225 2.393 2.539 2.706 2.876 2.979 3.081 3.152 3.119 3.040 2.892 2.718 2.718 0.000 
6.500 25.120 0.200 0.392 0.581 0.728 0.903 1.110 1.242 1.399 1.607 1.941 2.136 2.299 2.439 2.599 2.760 2.858 2.955 3.021 2.993 2.915 2.769 2.593 2.593 0.000 
6.500 31.620 0.145 0.333 0.519 0.663 0.835 1.039 1.168 1.322 1.526 1.851 2.039 2.196 2.328 2.482 2.635 2.726 2.819 2.879 2.856 2.780 2.635 2.459 2.459 0.000 
6.500 39.810 0.083 0.266 0.449 0.591 0.760 0.959 1.086 1.237 1.436 1.750 1.932 2.083 2.209 2.355 2.500 2.585 2.673 2.726 2.708 2.633 2.491 2.315 2.315 0.000 
6.500 50.120 0.012 0.191 0.371 0.510 0.675 0.869 0.994 1.142 1.337 1.640 1.815 1.960 2.079 2.218 2.355 2.434 2.517 2.565 2.550 2.476 2.337 2.162 2.162 0.000 
6.500 63.100 -0.067 0.106 0.283 0.419 0.581 0.770 0.892 1.037 1.227 1.519 1.687 1.827 1.939 2.072 2.201 2.274 2.352 2.394 2.383 2.310 2.174 2.001 2.001 0.000 
6.500 79.430 -0.158 0.011 0.184 0.316 0.475 0.659 0.779 0.920 1.105 1.386 1.547 1.682 1.789 1.916 2.038 2.105 2.179 2.215 2.208 2.134 2.003 1.832 1.832 0.000 
6.500 100.000 -0.261 -0.098 0.071 0.200 0.355 0.534 0.651 0.789 0.968 1.238 1.393 1.525 1.626 1.749 1.865 1.927 1.998 2.029 2.024 1.951 1.824 1.656 1.656 0.000 
6.500 125.890 -0.381 -0.224 -0.057 0.068 0.219 0.393 0.507 0.641 0.815 1.073 1.224 1.353 1.451 1.571 1.682 1.740 1.808 1.834 1.833 1.760 1.637 1.473 1.473 0.000 
6.500 158.490 -0.521 -0.368 -0.206 -0.085 0.063 0.231 0.343 0.473 0.642 0.889 1.035 1.165 1.259 1.380 1.488 1.543 1.610 1.632 1.634 1.562 1.443 1.283 1.283 0.000 
6.500 199.530 -0.684 -0.538 -0.379 -0.262 -0.117 0.045 0.154 0.281 0.443 0.680 0.823 0.956 1.050 1.173 1.282 1.334 1.402 1.422 1.428 1.356 1.241 1.085 1.085 0.000 
6.500 251.190 -0.878 -0.737 -0.582 -0.469 -0.328 -0.171 -0.065 0.057 0.214 0.442 0.583 0.722 0.819 0.949 1.061 1.113 1.183 1.203 1.214 1.142 1.032 0.880 0.880 0.000 
6.500 316.230 -1.110 -0.975 -0.824 -0.714 -0.577 -0.426 -0.323 -0.204 -0.053 0.166 0.308 0.458 0.560 0.702 0.823 0.876 0.952 0.974 0.990 0.918 0.813 0.666 0.666 0.000 
6.500 398.110 -1.388 -1.259 -1.112 -1.006 -0.873 -0.728 -0.628 -0.513 -0.367 -0.156 -0.011 0.157 0.268 0.429 0.564 0.622 0.706 0.733 0.756 0.684 0.584 0.442 0.442 0.000 
6.500 501.190 -1.727 -1.603 -1.460 -1.358 -1.229 -1.089 -0.992 -0.881 -0.741 -0.536 -0.383 -0.191 -0.065 0.122 0.278 0.344 0.443 0.477 0.510 0.438 0.342 0.205 0.205 0.000 
6.500 630.960 -2.139 -2.022 -1.882 -1.784 -1.659 -1.525 -1.431 -1.324 -1.190 -0.988 -0.824 -0.599 -0.450 -0.226 -0.039 0.040 0.157 0.205 0.249 0.176 0.086 -0.047 -0.047 0.000 
6.500 794.330 -2.645 -2.534 -2.398 -2.304 -2.183 -2.055 -1.964 -1.861 -1.733 -1.531 -1.349 -1.079 -0.900 -0.625 -0.397 -0.300 -0.155 -0.089 -0.031 -0.103 -0.189 -0.316 -0.316 0.000 
6.500 1000.000 -3.269 -3.163 -3.032 -2.942 -2.824 -2.703 -2.614 -2.515 -2.393 -2.188 -1.982 -1.652 -1.431 -1.090 -0.805 -0.682 -0.502 -0.410 -0.334 -0.406 -0.486 -0.609 -0.609 0.000 
6.750 1.000 0.683 0.900 1.105 1.269 1.457 1.679 1.816 1.982 2.206 2.591 2.822 3.023 3.203 3.410 3.623 3.756 3.885 3.987 3.907 3.816 3.664 3.515 3.515 0.000 
6.750 1.260 0.679 0.895 1.100 1.263 1.451 1.672 1.810 1.975 2.199 2.582 2.813 3.013 3.192 3.398 3.610 3.742 3.870 3.971 3.893 3.802 3.650 3.500 3.500 0.000 
6.750 1.580 0.673 0.888 1.093 1.256 1.443 1.665 1.801 1.966 2.189 2.572 2.801 3.000 3.179 3.383 3.594 3.725 3.852 3.953 3.875 3.784 3.633 3.483 3.483 0.000 
6.750 2.000 0.666 0.881 1.085 1.248 1.434 1.655 1.791 1.956 2.178 2.559 2.787 2.985 3.162 3.365 3.574 3.704 3.830 3.930 3.853 3.763 3.612 3.461 3.461 0.000 
6.750 2.510 0.657 0.871 1.075 1.237 1.423 1.643 1.779 1.943 2.164 2.543 2.769 2.966 3.141 3.343 3.550 3.679 3.804 3.901 3.827 3.737 3.586 3.434 3.434 0.000 
6.750 3.160 0.647 0.860 1.062 1.224 1.409 1.628 1.764 1.927 2.147 2.523 2.748 2.943 3.116 3.315 3.520 3.648 3.771 3.867 3.795 3.705 3.554 3.402 3.402 0.000 
6.750 3.980 0.634 0.846 1.048 1.208 1.393 1.610 1.745 1.908 2.127 2.500 2.722 2.915 3.086 3.283 3.484 3.610 3.732 3.826 3.756 3.667 3.516 3.363 3.363 0.000 
6.750 5.010 0.619 0.829 1.030 1.189 1.373 1.589 1.723 1.884 2.102 2.471 2.692 2.881 3.050 3.243 3.442 3.565 3.685 3.777 3.709 3.621 3.471 3.316 3.316 0.000 
6.750 6.310 0.600 0.808 1.008 1.167 1.349 1.563 1.697 1.857 2.073 2.438 2.655 2.841 3.007 3.197 3.391 3.512 3.629 3.718 3.654 3.567 3.418 3.261 3.261 0.000 
6.750 7.940 0.578 0.784 0.983 1.140 1.321 1.533 1.665 1.824 2.038 2.398 2.612 2.795 2.956 3.142 3.332 3.449 3.564 3.650 3.590 3.504 3.355 3.196 3.196 0.000 
6.750 10.000 0.552 0.756 0.953 1.109 1.288 1.498 1.629 1.786 1.998 2.352 2.561 2.740 2.898 3.079 3.263 3.377 3.489 3.571 3.516 3.431 3.282 3.121 3.121 0.000 
6.750 12.590 0.522 0.723 0.918 1.072 1.250 1.457 1.586 1.742 1.951 2.298 2.503 2.678 2.830 3.006 3.185 3.294 3.402 3.481 3.431 3.347 3.199 3.036 3.036 0.000 
6.750 15.850 0.487 0.685 0.878 1.030 1.206 1.410 1.538 1.691 1.897 2.237 2.437 2.606 2.754 2.924 3.096 3.201 3.305 3.379 3.334 3.252 3.105 2.939 2.939 0.000 
6.750 19.950 0.447 0.642 0.833 0.982 1.155 1.356 1.482 1.633 1.836 2.168 2.362 2.526 2.668 2.831 2.996 3.097 3.196 3.265 3.227 3.146 3.000 2.831 2.831 0.000 
6.750 25.120 0.401 0.592 0.781 0.928 1.098 1.295 1.420 1.568 1.767 2.090 2.279 2.437 2.572 2.729 2.886 2.981 3.077 3.140 3.107 3.028 2.884 2.713 2.713 0.000 
6.750 31.620 0.349 0.536 0.722 0.866 1.034 1.226 1.349 1.495 1.690 2.003 2.185 2.338 2.467 2.617 2.766 2.855 2.946 3.004 2.977 2.899 2.757 2.584 2.584 0.000 
6.750 39.810 0.290 0.472 0.655 0.796 0.962 1.150 1.270 1.413 1.603 1.907 2.083 2.229 2.352 2.494 2.636 2.719 2.805 2.857 2.835 2.759 2.619 2.446 2.446 0.000 
6.750 50.120 0.222 0.400 0.580 0.718 0.880 1.064 1.182 1.322 1.508 1.800 1.969 2.110 2.226 2.362 2.496 2.574 2.655 2.701 2.684 2.608 2.471 2.298 2.298 0.000 
6.750 63.100 0.146 0.319 0.495 0.630 0.789 0.968 1.084 1.220 1.401 1.683 1.845 1.981 2.091 2.221 2.347 2.418 2.495 2.536 2.522 2.448 2.313 2.142 2.142 0.000 
6.750 79.430 0.058 0.226 0.399 0.531 0.686 0.860 0.973 1.106 1.282 1.553 1.709 1.840 1.944 2.068 2.188 2.254 2.327 2.361 2.352 2.278 2.147 1.977 1.977 0.000 
6.750 100.000 -0.043 0.120 0.289 0.417 0.569 0.738 0.849 0.979 1.149 1.408 1.558 1.687 1.785 1.906 2.019 2.080 2.150 2.179 2.173 2.100 1.972 1.805 1.805 0.000 
6.750 125.890 -0.160 -0.003 0.163 0.288 0.436 0.600 0.707 0.834 0.999 1.247 1.392 1.518 1.613 1.731 1.840 1.897 1.964 1.989 1.986 1.913 1.790 1.626 1.626 0.000 
6.750 158.490 -0.297 -0.145 0.017 0.138 0.283 0.441 0.546 0.669 0.828 1.066 1.206 1.333 1.425 1.543 1.650 1.703 1.769 1.791 1.792 1.719 1.600 1.440 1.440 0.000 
6.750 199.530 -0.458 -0.312 -0.153 -0.036 0.106 0.258 0.360 0.479 0.633 0.860 0.997 1.127 1.219 1.340 1.447 1.498 1.565 1.584 1.589 1.517 1.402 1.246 1.246 0.000 
6.750 251.190 -0.649 -0.508 -0.354 -0.240 -0.103 0.044 0.143 0.259 0.407 0.624 0.760 0.897 0.991 1.119 1.229 1.280 1.349 1.368 1.378 1.306 1.196 1.045 1.045 0.000 
6.750 316.230 -0.878 -0.743 -0.592 -0.482 -0.349 -0.208 -0.111 0.000 0.143 0.351 0.488 0.636 0.735 0.875 0.994 1.047 1.121 1.142 1.158 1.086 0.980 0.834 0.834 0.000 
6.750 398.110 -1.154 -1.025 -0.878 -0.772 -0.642 -0.507 -0.414 -0.306 -0.169 0.032 0.173 0.337 0.446 0.605 0.738 0.795 0.879 0.904 0.927 0.855 0.754 0.612 0.612 0.000 
6.750 501.190 -1.490 -1.366 -1.223 -1.121 -0.995 -0.866 -0.775 -0.672 -0.541 -0.345 -0.197 -0.009 0.116 0.301 0.455 0.521 0.618 0.652 0.684 0.612 0.516 0.378 0.378 0.000 
6.750 630.960 -1.900 -1.782 -1.643 -1.545 -1.423 -1.300 -1.212 -1.112 -0.987 -0.794 -0.635 -0.413 -0.266 -0.044 0.141 0.219 0.335 0.382 0.425 0.353 0.262 0.130 0.130 0.000 
6.750 794.330 -2.403 -2.292 -2.156 -2.062 -1.944 -1.827 -1.742 -1.646 -1.527 -1.335 -1.158 -0.891 -0.713 -0.441 -0.214 -0.118 0.026 0.091 0.148 0.076 -0.010 -0.137 -0.137 0.000 
6.750 1000.000 -3.025 -2.919 -2.788 -2.697 -2.583 -2.472 -2.390 -2.298 -2.185 -1.990 -1.788 -1.461 -1.242 -0.903 -0.619 -0.497 -0.318 -0.227 -0.151 -0.224 -0.305 -0.427 -0.427 0.000 
7.000 1.000 0.857 1.071 1.275 1.437 1.620 1.831 1.961 2.118 2.332 2.702 2.924 3.117 3.291 3.490 3.696 3.824 3.948 4.045 3.962 3.870 3.721 3.576 3.576 0.000 
7.000 1.260 0.853 1.067 1.270 1.432 1.615 1.825 1.955 2.112 2.325 2.694 2.916 3.108 3.281 3.480 3.684 3.812 3.935 4.032 3.949 3.857 3.708 3.564 3.564 0.000 
7.000 1.580 0.848 1.061 1.264 1.426 1.608 1.818 1.948 2.104 2.317 2.685 2.905 3.097 3.269 3.466 3.669 3.796 3.919 4.015 3.933 3.841 3.693 3.547 3.547 0.000 
7.000 2.000 0.842 1.054 1.257 1.418 1.600 1.809 1.938 2.095 2.307 2.673 2.892 3.083 3.254 3.450 3.651 3.777 3.899 3.994 3.914 3.822 3.673 3.528 3.528 0.000 
7.000 2.510 0.834 1.046 1.248 1.409 1.590 1.798 1.927 2.083 2.294 2.658 2.876 3.066 3.235 3.429 3.629 3.754 3.875 3.968 3.889 3.798 3.650 3.504 3.504 0.000 
7.000 3.160 0.825 1.035 1.237 1.397 1.578 1.785 1.913 2.068 2.279 2.641 2.857 3.045 3.212 3.405 3.602 3.726 3.845 3.937 3.860 3.769 3.621 3.474 3.474 0.000 
7.000 3.980 0.813 1.023 1.223 1.383 1.563 1.769 1.897 2.051 2.260 2.619 2.834 3.019 3.185 3.375 3.570 3.691 3.809 3.900 3.824 3.734 3.586 3.438 3.438 0.000 
7.000 5.010 0.799 1.007 1.207 1.365 1.545 1.749 1.877 2.030 2.238 2.593 2.806 2.989 3.152 3.339 3.531 3.650 3.766 3.855 3.782 3.692 3.545 3.396 3.396 0.000 
7.000 6.310 0.782 0.989 1.187 1.345 1.523 1.726 1.852 2.005 2.211 2.562 2.772 2.952 3.112 3.296 3.484 3.601 3.715 3.801 3.731 3.642 3.496 3.345 3.345 0.000 
7.000 7.940 0.762 0.967 1.164 1.320 1.497 1.698 1.824 1.975 2.179 2.526 2.732 2.909 3.066 3.246 3.430 3.544 3.655 3.738 3.672 3.584 3.438 3.285 3.285 0.000 
7.000 10.000 0.739 0.941 1.137 1.291 1.467 1.665 1.790 1.939 2.141 2.483 2.685 2.858 3.011 3.187 3.366 3.476 3.585 3.664 3.603 3.516 3.370 3.216 3.216 0.000 
7.000 12.590 0.711 0.911 1.105 1.258 1.431 1.627 1.751 1.898 2.098 2.433 2.631 2.800 2.948 3.119 3.292 3.399 3.504 3.580 3.523 3.438 3.293 3.136 3.136 0.000 
7.000 15.850 0.678 0.875 1.067 1.218 1.390 1.583 1.705 1.851 2.047 2.376 2.569 2.733 2.876 3.041 3.209 3.311 3.413 3.484 3.433 3.349 3.205 3.045 3.045 0.000 
7.000 19.950 0.641 0.834 1.024 1.173 1.343 1.533 1.653 1.796 1.990 2.310 2.498 2.657 2.795 2.954 3.115 3.213 3.310 3.377 3.332 3.249 3.106 2.943 2.943 0.000 
7.000 25.120 0.598 0.788 0.975 1.122 1.289 1.475 1.593 1.735 1.924 2.236 2.419 2.572 2.704 2.857 3.010 3.103 3.196 3.258 3.219 3.138 2.996 2.831 2.831 0.000 
7.000 31.620 0.548 0.734 0.919 1.063 1.228 1.410 1.526 1.665 1.851 2.153 2.330 2.478 2.604 2.750 2.896 2.983 3.072 3.128 3.095 3.016 2.875 2.708 2.708 0.000 
7.000 39.810 0.492 0.674 0.856 0.997 1.158 1.337 1.451 1.587 1.768 2.061 2.231 2.373 2.493 2.632 2.771 2.852 2.936 2.987 2.960 2.882 2.743 2.575 2.575 0.000 
7.000 50.120 0.427 0.604 0.784 0.922 1.080 1.254 1.366 1.499 1.676 1.958 2.122 2.259 2.372 2.505 2.636 2.711 2.791 2.836 2.814 2.738 2.601 2.432 2.432 0.000 
7.000 63.100 0.353 0.526 0.702 0.837 0.992 1.161 1.271 1.400 1.573 1.844 2.001 2.133 2.241 2.367 2.491 2.561 2.636 2.675 2.659 2.583 2.450 2.281 2.281 0.000 
7.000 79.430 0.268 0.436 0.608 0.740 0.892 1.056 1.163 1.290 1.457 1.718 1.869 1.996 2.098 2.220 2.336 2.401 2.473 2.506 2.494 2.419 2.289 2.121 2.121 0.000 
7.000 100.000 0.170 0.332 0.502 0.630 0.778 0.937 1.042 1.165 1.327 1.577 1.722 1.846 1.943 2.061 2.172 2.231 2.300 2.328 2.320 2.246 2.119 1.954 1.954 0.000 
7.000 125.890 0.055 0.213 0.378 0.503 0.648 0.802 0.904 1.023 1.180 1.419 1.559 1.682 1.774 1.890 1.997 2.052 2.118 2.142 2.138 2.064 1.941 1.779 1.779 0.000 
7.000 158.490 -0.079 0.073 0.235 0.356 0.498 0.646 0.745 0.861 1.013 1.241 1.376 1.500 1.590 1.706 1.810 1.862 1.927 1.948 1.948 1.874 1.756 1.596 1.596 0.000 
7.000 199.530 -0.237 -0.091 0.068 0.185 0.323 0.466 0.562 0.674 0.820 1.038 1.170 1.297 1.387 1.506 1.611 1.661 1.726 1.745 1.749 1.676 1.561 1.406 1.406 0.000 
7.000 251.190 -0.425 -0.285 -0.130 -0.017 0.118 0.255 0.348 0.456 0.597 0.805 0.936 1.070 1.162 1.288 1.396 1.446 1.514 1.533 1.542 1.469 1.359 1.208 1.208 0.000 
7.000 316.230 -0.652 -0.517 -0.366 -0.256 -0.126 0.005 0.096 0.201 0.335 0.535 0.667 0.811 0.909 1.047 1.164 1.216 1.290 1.310 1.325 1.252 1.147 1.000 1.000 0.000 
7.000 398.110 -0.925 -0.796 -0.649 -0.543 -0.417 -0.291 -0.203 -0.103 0.026 0.218 0.354 0.516 0.623 0.780 0.911 0.967 1.050 1.075 1.097 1.025 0.924 0.782 0.782 0.000 
7.000 501.190 -1.258 -1.135 -0.992 -0.890 -0.767 -0.647 -0.562 -0.466 -0.343 -0.156 -0.013 0.173 0.296 0.479 0.631 0.696 0.792 0.825 0.857 0.784 0.688 0.551 0.551 0.000 
7.000 630.960 -1.666 -1.548 -1.409 -1.311 -1.192 -1.078 -0.996 -0.903 -0.786 -0.603 -0.448 -0.229 -0.084 0.136 0.319 0.397 0.513 0.558 0.601 0.529 0.438 0.305 0.305 0.000 
7.000 794.330 -2.167 -2.055 -1.920 -1.826 -1.711 -1.603 -1.524 -1.435 -1.323 -1.141 -0.968 -0.704 -0.528 -0.258 -0.033 0.063 0.206 0.270 0.327 0.255 0.169 0.041 0.041 0.000 
7.000 1000.000 -2.786 -2.680 -2.549 -2.458 -2.348 -2.245 -2.169 -2.084 -1.979 -1.793 -1.595 -1.272 -1.054 -0.717 -0.435 -0.314 -0.135 -0.045 0.030 -0.042 -0.124 -0.246 -0.246 0.000 
7.250 1.000 1.027 1.239 1.441 1.602 1.780 1.980 2.103 2.253 2.457 2.812 3.026 3.212 3.379 3.571 3.769 3.893 4.012 4.105 4.018 3.925 3.778 3.639 3.639 0.000 
7.250 1.260 1.024 1.235 1.437 1.597 1.776 1.975 2.098 2.247 2.451 2.805 3.018 3.204 3.370 3.561 3.758 3.881 4.001 4.093 4.006 3.913 3.767 3.627 3.627 0.000 
7.250 1.580 1.019 1.230 1.431 1.592 1.770 1.968 2.091 2.240 2.443 2.797 3.009 3.193 3.359 3.549 3.745 3.868 3.986 4.077 3.992 3.899 3.753 3.613 3.613 0.000 
7.250 2.000 1.014 1.224 1.425 1.585 1.762 1.960 2.083 2.232 2.434 2.786 2.997 3.181 3.345 3.534 3.729 3.850 3.968 4.059 3.974 3.881 3.735 3.595 3.595 0.000 
7.250 2.510 1.007 1.216 1.417 1.576 1.753 1.951 2.073 2.221 2.423 2.773 2.983 3.165 3.329 3.516 3.709 3.829 3.946 4.035 3.952 3.860 3.714 3.573 3.573 0.000 
7.250 3.160 0.998 1.207 1.407 1.566 1.742 1.939 2.061 2.208 2.409 2.757 2.966 3.146 3.308 3.494 3.685 3.804 3.919 4.007 3.925 3.833 3.688 3.546 3.546 0.000 
7.250 3.980 0.988 1.195 1.395 1.553 1.729 1.924 2.046 2.192 2.392 2.738 2.944 3.123 3.283 3.466 3.655 3.772 3.887 3.973 3.893 3.801 3.656 3.514 3.514 0.000 
7.250 5.010 0.975 1.182 1.380 1.537 1.712 1.906 2.027 2.173 2.372 2.714 2.918 3.095 3.253 3.434 3.619 3.735 3.847 3.932 3.854 3.763 3.618 3.475 3.475 0.000 
7.250 6.310 0.960 1.165 1.362 1.519 1.693 1.885 2.005 2.150 2.347 2.686 2.888 3.062 3.216 3.394 3.577 3.690 3.800 3.882 3.807 3.717 3.573 3.428 3.428 0.000 
7.250 7.940 0.942 1.145 1.341 1.496 1.669 1.860 1.979 2.122 2.318 2.652 2.851 3.022 3.173 3.348 3.526 3.637 3.745 3.824 3.753 3.663 3.519 3.373 3.373 0.000 
7.250 10.000 0.920 1.121 1.316 1.470 1.641 1.829 1.948 2.090 2.283 2.612 2.808 2.975 3.123 3.293 3.467 3.574 3.680 3.756 3.688 3.600 3.457 3.309 3.309 0.000 
7.250 12.590 0.895 1.093 1.286 1.438 1.608 1.794 1.911 2.052 2.242 2.566 2.757 2.921 3.064 3.230 3.399 3.502 3.605 3.677 3.614 3.527 3.385 3.234 3.234 0.000 
7.250 15.850 0.865 1.060 1.252 1.402 1.570 1.753 1.869 2.007 2.195 2.512 2.699 2.858 2.997 3.157 3.320 3.420 3.519 3.587 3.530 3.444 3.302 3.149 3.149 0.000 
7.250 19.950 0.830 1.022 1.211 1.359 1.525 1.706 1.820 1.956 2.141 2.450 2.632 2.786 2.920 3.075 3.232 3.327 3.422 3.486 3.435 3.350 3.209 3.054 3.054 0.000 
7.250 25.120 0.789 0.978 1.165 1.311 1.474 1.651 1.763 1.898 2.079 2.380 2.557 2.706 2.834 2.983 3.133 3.223 3.314 3.373 3.328 3.245 3.106 2.947 2.947 0.000 
7.250 31.620 0.742 0.928 1.112 1.255 1.416 1.589 1.700 1.831 2.009 2.301 2.472 2.616 2.738 2.881 3.023 3.108 3.195 3.249 3.211 3.129 2.991 2.830 2.830 0.000 
7.250 39.810 0.689 0.870 1.051 1.192 1.350 1.519 1.627 1.756 1.930 2.213 2.377 2.516 2.632 2.768 2.903 2.983 3.066 3.114 3.082 3.002 2.866 2.702 2.702 0.000 
7.250 50.120 0.627 0.803 0.982 1.120 1.275 1.440 1.546 1.672 1.841 2.114 2.272 2.405 2.516 2.646 2.773 2.847 2.926 2.969 2.943 2.865 2.730 2.565 2.565 0.000 
7.250 63.100 0.555 0.727 0.903 1.038 1.190 1.350 1.454 1.577 1.741 2.004 2.155 2.284 2.389 2.513 2.633 2.702 2.776 2.813 2.793 2.716 2.584 2.419 2.419 0.000 
7.250 79.430 0.473 0.640 0.813 0.944 1.093 1.248 1.350 1.469 1.629 1.880 2.026 2.151 2.250 2.369 2.483 2.547 2.617 2.649 2.634 2.558 2.429 2.264 2.264 0.000 
7.250 100.000 0.378 0.540 0.709 0.837 0.982 1.132 1.231 1.348 1.502 1.743 1.883 2.004 2.099 2.214 2.323 2.381 2.448 2.476 2.465 2.390 2.264 2.101 2.101 0.000 
7.250 125.890 0.266 0.423 0.588 0.713 0.855 1.000 1.096 1.209 1.358 1.588 1.723 1.843 1.934 2.047 2.152 2.206 2.271 2.294 2.288 2.214 2.091 1.930 1.930 0.000 
7.250 158.490 0.135 0.286 0.448 0.569 0.707 0.847 0.941 1.050 1.194 1.413 1.544 1.665 1.753 1.866 1.969 2.020 2.084 2.104 2.102 2.028 1.910 1.751 1.751 0.000 
7.250 199.530 -0.021 0.125 0.283 0.400 0.535 0.669 0.760 0.866 1.004 1.213 1.341 1.465 1.553 1.670 1.773 1.822 1.887 1.904 1.907 1.834 1.720 1.565 1.565 0.000 
7.250 251.190 -0.207 -0.067 0.088 0.201 0.333 0.461 0.549 0.651 0.784 0.983 1.110 1.241 1.331 1.455 1.562 1.611 1.678 1.696 1.704 1.631 1.521 1.370 1.370 0.000 
7.250 316.230 -0.431 -0.296 -0.145 -0.036 0.092 0.215 0.300 0.398 0.525 0.716 0.844 0.986 1.082 1.218 1.333 1.384 1.457 1.476 1.490 1.417 1.312 1.165 1.165 0.000 
7.250 398.110 -0.702 -0.573 -0.426 -0.320 -0.196 -0.079 0.003 0.097 0.219 0.403 0.534 0.693 0.799 0.953 1.083 1.138 1.220 1.244 1.266 1.193 1.092 0.950 0.950 0.000 
7.250 501.190 -1.032 -0.909 -0.766 -0.664 -0.544 -0.433 -0.354 -0.263 -0.147 0.031 0.170 0.353 0.474 0.655 0.806 0.870 0.966 0.998 1.029 0.956 0.860 0.723 0.723 0.000 
7.250 630.960 -1.437 -1.320 -1.180 -1.082 -0.967 -0.861 -0.785 -0.698 -0.588 -0.413 -0.263 -0.046 0.097 0.316 0.497 0.573 0.689 0.734 0.776 0.704 0.612 0.480 0.480 0.000 
7.250 794.330 -1.936 -1.824 -1.689 -1.595 -1.483 -1.383 -1.310 -1.227 -1.123 -0.948 -0.780 -0.519 -0.345 -0.076 0.148 0.243 0.385 0.448 0.505 0.432 0.346 0.218 0.218 0.000 
7.250 1000.000 -2.552 -2.446 -2.315 -2.225 -2.117 -2.023 -1.952 -1.874 -1.776 -1.598 -1.405 -1.084 -0.868 -0.532 -0.252 -0.131 0.047 0.136 0.211 0.138 0.057 -0.066 -0.066 0.000 
7.500 1.000 1.194 1.404 1.604 1.763 1.937 2.127 2.244 2.386 2.581 2.923 3.128 3.307 3.468 3.653 3.843 3.962 4.077 4.165 4.075 3.981 3.837 3.702 3.702 0.000 
7.500 1.260 1.191 1.400 1.600 1.759 1.933 2.122 2.239 2.381 2.575 2.917 3.121 3.299 3.460 3.644 3.833 3.952 4.067 4.154 4.064 3.970 3.827 3.692 3.692 0.000 
7.500 1.580 1.187 1.395 1.595 1.754 1.928 2.116 2.233 2.375 2.569 2.909 3.113 3.290 3.450 3.633 3.821 3.939 4.054 4.140 4.051 3.957 3.814 3.679 3.679 0.000 
7.500 2.000 1.182 1.390 1.589 1.748 1.921 2.109 2.226 2.367 2.560 2.899 3.102 3.279 3.437 3.619 3.807 3.924 4.038 4.123 4.035 3.941 3.798 3.663 3.663 0.000 
7.500 2.510 1.176 1.383 1.582 1.740 1.913 2.100 2.217 2.357 2.550 2.888 3.089 3.265 3.422 3.603 3.789 3.905 4.018 4.103 4.015 3.922 3.779 3.643 3.643 0.000 
7.500 3.160 1.169 1.375 1.573 1.731 1.903 2.090 2.206 2.346 2.538 2.873 3.074 3.247 3.403 3.583 3.767 3.881 3.993 4.077 3.991 3.898 3.755 3.619 3.619 0.000 
7.500 3.980 1.159 1.365 1.562 1.719 1.891 2.076 2.192 2.331 2.522 2.855 3.054 3.226 3.381 3.558 3.740 3.853 3.964 4.046 3.961 3.868 3.726 3.589 3.589 0.000 
7.500 5.010 1.148 1.352 1.549 1.705 1.876 2.060 2.175 2.314 2.504 2.834 3.031 3.201 3.353 3.528 3.707 3.819 3.928 4.008 3.926 3.833 3.691 3.554 3.554 0.000 
7.500 6.310 1.134 1.337 1.533 1.688 1.858 2.041 2.155 2.293 2.481 2.808 3.002 3.170 3.320 3.492 3.668 3.777 3.885 3.963 3.883 3.791 3.650 3.511 3.511 0.000 
7.500 7.940 1.118 1.319 1.514 1.667 1.836 2.018 2.131 2.268 2.454 2.777 2.969 3.134 3.280 3.449 3.622 3.729 3.833 3.909 3.832 3.741 3.600 3.460 3.460 0.000 
7.500 10.000 1.098 1.297 1.490 1.643 1.811 1.990 2.102 2.237 2.422 2.740 2.929 3.090 3.234 3.399 3.567 3.671 3.773 3.846 3.773 3.683 3.542 3.401 3.401 0.000 
7.500 12.590 1.074 1.271 1.463 1.614 1.780 1.957 2.068 2.202 2.385 2.697 2.882 3.040 3.179 3.340 3.503 3.604 3.703 3.773 3.704 3.615 3.475 3.332 3.332 0.000 
7.500 15.850 1.046 1.240 1.431 1.580 1.745 1.919 2.029 2.161 2.341 2.647 2.827 2.981 3.116 3.272 3.430 3.527 3.623 3.689 3.625 3.537 3.398 3.252 3.252 0.000 
7.500 19.950 1.014 1.205 1.393 1.541 1.703 1.874 1.983 2.113 2.290 2.589 2.764 2.914 3.044 3.195 3.347 3.439 3.532 3.594 3.535 3.449 3.311 3.162 3.162 0.000 
7.500 25.120 0.976 1.163 1.350 1.495 1.655 1.823 1.930 2.058 2.231 2.522 2.693 2.838 2.963 3.107 3.253 3.341 3.430 3.487 3.435 3.350 3.213 3.061 3.061 0.000 
7.500 31.620 0.931 1.116 1.299 1.442 1.600 1.764 1.869 1.995 2.165 2.447 2.612 2.752 2.871 3.010 3.149 3.232 3.317 3.369 3.324 3.240 3.105 2.950 2.950 0.000 
7.500 39.810 0.880 1.060 1.242 1.382 1.537 1.697 1.800 1.923 2.089 2.362 2.522 2.656 2.770 2.903 3.034 3.112 3.193 3.239 3.201 3.120 2.985 2.828 2.828 0.000 
7.500 50.120 0.821 0.997 1.175 1.313 1.465 1.621 1.722 1.842 2.004 2.267 2.420 2.550 2.658 2.785 2.909 2.982 3.058 3.100 3.068 2.989 2.856 2.696 2.696 0.000 
7.500 63.100 0.752 0.924 1.099 1.233 1.383 1.534 1.633 1.750 1.907 2.161 2.308 2.433 2.535 2.656 2.774 2.841 2.914 2.950 2.925 2.847 2.716 2.555 2.555 0.000 
7.500 79.430 0.673 0.840 1.012 1.143 1.289 1.436 1.532 1.646 1.798 2.041 2.182 2.303 2.400 2.517 2.628 2.690 2.759 2.790 2.771 2.695 2.566 2.405 2.405 0.000 
7.500 100.000 0.580 0.742 0.911 1.038 1.181 1.323 1.417 1.527 1.674 1.907 2.042 2.161 2.253 2.366 2.472 2.530 2.596 2.622 2.608 2.533 2.407 2.247 2.247 0.000 
7.500 125.890 0.471 0.628 0.793 0.917 1.057 1.193 1.284 1.391 1.534 1.755 1.886 2.003 2.092 2.203 2.305 2.358 2.422 2.444 2.436 2.361 2.239 2.080 2.080 0.000 
7.500 158.490 0.342 0.494 0.655 0.776 0.912 1.043 1.132 1.235 1.372 1.583 1.710 1.828 1.914 2.026 2.126 2.176 2.239 2.258 2.255 2.180 2.062 1.905 1.905 0.000 
7.500 199.530 0.189 0.335 0.493 0.610 0.743 0.868 0.954 1.054 1.186 1.387 1.511 1.632 1.718 1.833 1.934 1.982 2.046 2.063 2.064 1.990 1.876 1.722 1.722 0.000 
7.500 251.190 0.006 0.146 0.301 0.414 0.543 0.663 0.746 0.842 0.968 1.160 1.282 1.410 1.499 1.621 1.726 1.774 1.841 1.857 1.865 1.791 1.681 1.531 1.531 0.000 
7.500 316.230 -0.215 -0.081 0.070 0.180 0.305 0.419 0.499 0.592 0.712 0.896 1.019 1.158 1.253 1.387 1.501 1.550 1.623 1.641 1.655 1.582 1.476 1.330 1.330 0.000 
7.500 398.110 -0.484 -0.355 -0.208 -0.102 0.019 0.128 0.205 0.294 0.408 0.585 0.712 0.868 0.973 1.126 1.253 1.308 1.389 1.413 1.434 1.361 1.260 1.118 1.118 0.000 
7.500 501.190 -0.811 -0.688 -0.545 -0.443 -0.326 -0.223 -0.148 -0.064 0.045 0.216 0.350 0.531 0.651 0.831 0.980 1.043 1.138 1.169 1.200 1.127 1.031 0.893 0.893 0.000 
7.500 630.960 -1.214 -1.096 -0.957 -0.859 -0.746 -0.649 -0.577 -0.496 -0.393 -0.226 -0.079 0.135 0.277 0.494 0.674 0.749 0.864 0.908 0.950 0.877 0.786 0.653 0.653 0.000 
7.500 794.330 -1.710 -1.598 -1.463 -1.369 -1.260 -1.168 -1.099 -1.022 -0.925 -0.758 -0.594 -0.335 -0.162 0.105 0.327 0.421 0.563 0.626 0.682 0.609 0.523 0.395 0.395 0.000 
7.500 1000.000 -2.324 -2.218 -2.087 -1.996 -1.891 -1.805 -1.740 -1.667 -1.575 -1.405 -1.216 -0.897 -0.683 -0.349 -0.070 0.050 0.228 0.317 0.391 0.318 0.236 0.113 0.113 0.000 
7.750 1.000 1.260 1.467 1.666 1.823 1.994 2.173 2.285 2.420 2.606 2.935 3.133 3.304 3.459 3.637 3.820 3.934 4.045 4.129 4.039 3.945 3.803 3.669 3.669 0.000 
7.750 1.260 1.257 1.464 1.662 1.820 1.990 2.169 2.281 2.415 2.601 2.930 3.127 3.298 3.452 3.629 3.811 3.925 4.036 4.119 4.030 3.936 3.794 3.660 3.660 0.000 
7.750 1.580 1.254 1.460 1.658 1.815 1.985 2.164 2.275 2.410 2.595 2.923 3.119 3.289 3.443 3.619 3.801 3.914 4.024 4.106 4.018 3.924 3.782 3.648 3.648 0.000 
7.750 2.000 1.249 1.455 1.653 1.810 1.979 2.158 2.269 2.403 2.588 2.914 3.110 3.279 3.432 3.607 3.787 3.900 4.009 4.091 4.004 3.910 3.768 3.633 3.633 0.000 
7.750 2.510 1.244 1.449 1.646 1.803 1.972 2.150 2.260 2.394 2.579 2.904 3.098 3.266 3.418 3.592 3.771 3.883 3.991 4.072 3.986 3.892 3.751 3.616 3.616 0.000 
7.750 3.160 1.237 1.441 1.638 1.794 1.963 2.140 2.250 2.384 2.567 2.891 3.083 3.251 3.401 3.574 3.751 3.861 3.969 4.049 3.964 3.871 3.729 3.594 3.594 0.000 
7.750 3.980 1.229 1.432 1.628 1.784 1.952 2.128 2.238 2.371 2.554 2.874 3.066 3.232 3.380 3.551 3.727 3.836 3.942 4.021 3.937 3.844 3.703 3.567 3.567 0.000 
7.750 5.010 1.219 1.421 1.616 1.771 1.938 2.113 2.223 2.355 2.537 2.855 3.044 3.209 3.355 3.524 3.697 3.804 3.910 3.986 3.904 3.812 3.672 3.534 3.534 0.000 
7.750 6.310 1.206 1.407 1.602 1.755 1.922 2.096 2.204 2.336 2.516 2.831 3.019 3.180 3.325 3.491 3.661 3.767 3.870 3.945 3.865 3.774 3.633 3.495 3.495 0.000 
7.750 7.940 1.191 1.390 1.584 1.737 1.902 2.074 2.182 2.312 2.491 2.803 2.988 3.147 3.289 3.452 3.619 3.722 3.823 3.896 3.819 3.728 3.588 3.449 3.449 0.000 
7.750 10.000 1.173 1.370 1.563 1.714 1.878 2.049 2.156 2.285 2.462 2.769 2.951 3.107 3.245 3.405 3.568 3.669 3.768 3.837 3.764 3.674 3.535 3.394 3.394 0.000 
7.750 12.590 1.151 1.346 1.538 1.688 1.850 2.019 2.125 2.252 2.427 2.729 2.907 3.060 3.195 3.351 3.509 3.606 3.703 3.769 3.700 3.611 3.472 3.330 3.330 0.000 
7.750 15.850 1.125 1.318 1.508 1.656 1.817 1.983 2.088 2.213 2.386 2.682 2.856 3.005 3.136 3.287 3.441 3.534 3.628 3.691 3.626 3.538 3.401 3.256 3.256 0.000 
7.750 19.950 1.095 1.285 1.473 1.619 1.778 1.941 2.045 2.169 2.338 2.627 2.797 2.942 3.068 3.215 3.363 3.452 3.543 3.601 3.542 3.456 3.319 3.171 3.171 0.000 
7.750 25.120 1.059 1.246 1.432 1.576 1.733 1.893 1.995 2.117 2.283 2.565 2.730 2.870 2.991 3.132 3.274 3.359 3.446 3.501 3.448 3.362 3.226 3.076 3.076 0.000 
7.750 31.620 1.018 1.201 1.384 1.526 1.681 1.837 1.937 2.057 2.220 2.493 2.653 2.789 2.905 3.040 3.175 3.256 3.339 3.389 3.342 3.258 3.124 2.970 2.970 0.000 
7.750 39.810 0.969 1.149 1.329 1.469 1.621 1.773 1.871 1.988 2.148 2.412 2.566 2.697 2.808 2.937 3.066 3.142 3.220 3.265 3.225 3.144 3.010 2.854 2.854 0.000 
7.750 50.120 0.913 1.088 1.266 1.402 1.552 1.700 1.796 1.910 2.065 2.321 2.469 2.595 2.700 2.824 2.946 3.016 3.091 3.131 3.098 3.018 2.886 2.728 2.728 0.000 
7.750 63.100 0.847 1.018 1.192 1.326 1.473 1.617 1.711 1.822 1.972 2.218 2.360 2.482 2.582 2.700 2.815 2.881 2.952 2.987 2.960 2.881 2.751 2.592 2.592 0.000 
7.750 79.430 0.770 0.936 1.108 1.238 1.382 1.521 1.613 1.721 1.867 2.102 2.238 2.357 2.451 2.565 2.674 2.735 2.803 2.832 2.812 2.735 2.607 2.447 2.447 0.000 
7.750 100.000 0.680 0.841 1.009 1.137 1.277 1.411 1.500 1.605 1.746 1.971 2.102 2.218 2.308 2.419 2.523 2.579 2.644 2.669 2.654 2.578 2.453 2.293 2.293 0.000 
7.750 125.890 0.573 0.729 0.895 1.019 1.155 1.285 1.371 1.473 1.609 1.823 1.949 2.064 2.150 2.259 2.360 2.412 2.475 2.496 2.486 2.411 2.289 2.131 2.131 0.000 
7.750 158.490 0.447 0.598 0.760 0.880 1.014 1.138 1.222 1.320 1.450 1.654 1.777 1.892 1.976 2.086 2.185 2.233 2.296 2.314 2.309 2.234 2.116 1.960 1.960 0.000 
7.750 199.530 0.297 0.442 0.600 0.717 0.847 0.966 1.047 1.141 1.267 1.460 1.580 1.699 1.783 1.896 1.996 2.043 2.106 2.122 2.123 2.049 1.935 1.781 1.781 0.000 
7.750 251.190 0.116 0.256 0.410 0.524 0.650 0.763 0.841 0.932 1.052 1.237 1.355 1.481 1.568 1.688 1.792 1.839 1.904 1.920 1.927 1.853 1.743 1.593 1.593 0.000 
7.750 316.230 -0.103 0.032 0.183 0.292 0.414 0.522 0.598 0.685 0.799 0.975 1.095 1.232 1.324 1.457 1.569 1.618 1.690 1.708 1.721 1.647 1.542 1.396 1.396 0.000 
7.750 398.110 -0.368 -0.240 -0.093 0.013 0.131 0.233 0.306 0.389 0.498 0.667 0.791 0.945 1.047 1.199 1.325 1.379 1.460 1.482 1.503 1.430 1.329 1.187 1.187 0.000 
7.750 501.190 -0.694 -0.571 -0.428 -0.326 -0.211 -0.115 -0.045 0.034 0.137 0.301 0.432 0.610 0.728 0.907 1.055 1.117 1.211 1.242 1.272 1.199 1.103 0.965 0.965 0.000 
7.750 630.960 -1.093 -0.976 -0.837 -0.739 -0.628 -0.538 -0.471 -0.395 -0.298 -0.138 0.005 0.217 0.357 0.573 0.751 0.826 0.940 0.984 1.026 0.953 0.861 0.728 0.728 0.000 
7.750 794.330 -1.587 -1.476 -1.340 -1.246 -1.139 -1.055 -0.991 -0.919 -0.828 -0.668 -0.507 -0.250 -0.079 0.187 0.408 0.501 0.642 0.705 0.760 0.687 0.601 0.472 0.472 0.000 
7.750 1000.000 -2.198 -2.093 -1.961 -1.871 -1.768 -1.689 -1.628 -1.561 -1.475 -1.312 -1.126 -0.809 -0.596 -0.264 0.014 0.133 0.310 0.398 0.472 0.399 0.317 0.194 0.194 0.000 
8.000 1.000 1.323 1.527 1.724 1.880 2.047 2.217 2.324 2.453 2.631 2.948 3.138 3.302 3.451 3.622 3.797 3.907 4.014 4.093 4.005 3.911 3.770 3.637 3.637 0.000 
8.000 1.260 1.320 1.524 1.721 1.877 2.043 2.214 2.320 2.449 2.627 2.943 3.132 3.296 3.445 3.615 3.790 3.899 4.006 4.084 3.996 3.903 3.762 3.628 3.628 0.000 
8.000 1.580 1.317 1.521 1.717 1.873 2.039 2.209 2.315 2.444 2.621 2.937 3.125 3.289 3.436 3.606 3.780 3.889 3.995 4.073 3.986 3.892 3.752 3.618 3.618 0.000 
8.000 2.000 1.313 1.516 1.713 1.868 2.034 2.203 2.309 2.437 2.615 2.929 3.117 3.280 3.426 3.595 3.768 3.876 3.982 4.059 3.973 3.879 3.739 3.605 3.605 0.000 
8.000 2.510 1.308 1.511 1.707 1.862 2.027 2.196 2.302 2.430 2.606 2.919 3.106 3.268 3.414 3.582 3.754 3.861 3.966 4.042 3.957 3.863 3.723 3.588 3.588 0.000 
8.000 3.160 1.302 1.504 1.700 1.854 2.019 2.188 2.293 2.420 2.596 2.907 3.093 3.254 3.399 3.565 3.735 3.842 3.946 4.021 3.937 3.844 3.704 3.569 3.569 0.000 
8.000 3.980 1.295 1.496 1.691 1.844 2.009 2.177 2.282 2.408 2.583 2.893 3.077 3.237 3.380 3.545 3.713 3.818 3.921 3.995 3.912 3.820 3.680 3.544 3.544 0.000 
8.000 5.010 1.286 1.485 1.680 1.833 1.997 2.163 2.268 2.394 2.568 2.875 3.058 3.216 3.357 3.520 3.686 3.790 3.891 3.964 3.883 3.791 3.651 3.515 3.515 0.000 
8.000 6.310 1.274 1.473 1.666 1.819 1.982 2.147 2.251 2.376 2.549 2.853 3.034 3.190 3.329 3.490 3.654 3.755 3.856 3.926 3.847 3.756 3.617 3.479 3.479 0.000 
8.000 7.940 1.261 1.458 1.650 1.802 1.964 2.128 2.231 2.355 2.527 2.827 3.006 3.159 3.296 3.454 3.615 3.714 3.812 3.881 3.805 3.714 3.575 3.437 3.437 0.000 
8.000 10.000 1.244 1.440 1.631 1.781 1.942 2.104 2.207 2.330 2.499 2.796 2.971 3.122 3.256 3.411 3.568 3.665 3.761 3.827 3.754 3.664 3.526 3.386 3.386 0.000 
8.000 12.590 1.224 1.418 1.608 1.756 1.916 2.076 2.178 2.299 2.467 2.759 2.931 3.079 3.209 3.360 3.513 3.608 3.701 3.765 3.695 3.606 3.468 3.327 3.327 0.000 
8.000 15.850 1.200 1.391 1.580 1.727 1.885 2.043 2.143 2.263 2.429 2.715 2.884 3.028 3.155 3.301 3.450 3.541 3.632 3.691 3.626 3.538 3.402 3.258 3.258 0.000 
8.000 19.950 1.172 1.360 1.547 1.693 1.849 2.004 2.103 2.221 2.384 2.664 2.828 2.969 3.091 3.233 3.377 3.464 3.552 3.608 3.548 3.461 3.325 3.179 3.179 0.000 
8.000 25.120 1.138 1.324 1.509 1.652 1.807 1.959 2.056 2.172 2.332 2.605 2.765 2.901 3.019 3.156 3.293 3.376 3.461 3.513 3.458 3.373 3.238 3.089 3.089 0.000 
8.000 31.620 1.099 1.281 1.464 1.605 1.757 1.906 2.002 2.116 2.272 2.537 2.692 2.824 2.936 3.068 3.200 3.278 3.359 3.407 3.359 3.275 3.141 2.989 2.989 0.000 
8.000 39.810 1.053 1.232 1.412 1.550 1.700 1.845 1.939 2.051 2.203 2.460 2.609 2.736 2.844 2.970 3.095 3.169 3.246 3.289 3.248 3.165 3.033 2.879 2.879 0.000 
8.000 50.120 0.999 1.174 1.351 1.487 1.634 1.775 1.867 1.976 2.125 2.372 2.516 2.639 2.741 2.862 2.981 3.049 3.123 3.161 3.126 3.045 2.914 2.758 2.758 0.000 
8.000 63.100 0.936 1.106 1.280 1.414 1.558 1.695 1.784 1.890 2.035 2.273 2.411 2.530 2.627 2.743 2.855 2.919 2.989 3.022 2.994 2.914 2.785 2.627 2.627 0.000 
8.000 79.430 0.861 1.027 1.199 1.329 1.470 1.602 1.689 1.793 1.932 2.160 2.293 2.408 2.500 2.612 2.719 2.778 2.844 2.873 2.851 2.773 2.646 2.487 2.487 0.000 
8.000 100.000 0.774 0.935 1.103 1.230 1.368 1.495 1.580 1.680 1.815 2.033 2.160 2.273 2.361 2.470 2.571 2.626 2.690 2.714 2.697 2.621 2.497 2.338 2.338 0.000 
8.000 125.890 0.670 0.826 0.991 1.115 1.249 1.372 1.454 1.551 1.681 1.888 2.011 2.123 2.207 2.314 2.413 2.464 2.525 2.545 2.535 2.459 2.338 2.180 2.180 0.000 
8.000 158.490 0.547 0.697 0.859 0.979 1.110 1.228 1.307 1.400 1.525 1.723 1.841 1.954 2.037 2.145 2.241 2.289 2.350 2.368 2.362 2.287 2.169 2.014 2.014 0.000 
8.000 199.530 0.399 0.544 0.702 0.819 0.946 1.058 1.135 1.225 1.345 1.532 1.648 1.765 1.847 1.959 2.056 2.103 2.165 2.180 2.180 2.105 1.992 1.839 1.839 0.000 
8.000 251.190 0.221 0.361 0.515 0.628 0.752 0.858 0.933 1.019 1.133 1.311 1.426 1.550 1.635 1.754 1.856 1.902 1.967 1.982 1.988 1.914 1.804 1.655 1.655 0.000 
8.000 316.230 0.005 0.139 0.290 0.399 0.519 0.620 0.692 0.774 0.883 1.053 1.169 1.304 1.395 1.526 1.637 1.685 1.756 1.773 1.785 1.712 1.606 1.460 1.460 0.000 
8.000 398.110 -0.259 -0.130 0.017 0.123 0.239 0.334 0.403 0.481 0.584 0.747 0.868 1.020 1.121 1.271 1.396 1.449 1.529 1.551 1.571 1.498 1.397 1.255 1.255 0.000 
8.000 501.190 -0.581 -0.458 -0.315 -0.213 -0.101 -0.011 0.055 0.129 0.227 0.384 0.512 0.688 0.805 0.982 1.128 1.190 1.284 1.314 1.343 1.270 1.174 1.036 1.036 0.000 
8.000 630.960 -0.978 -0.861 -0.722 -0.624 -0.515 -0.432 -0.369 -0.298 -0.206 -0.052 0.088 0.298 0.437 0.651 0.828 0.902 1.016 1.059 1.100 1.027 0.935 0.802 0.802 0.000 
8.000 794.330 -1.469 -1.358 -1.223 -1.129 -1.024 -0.946 -0.886 -0.819 -0.733 -0.579 -0.422 -0.167 0.003 0.268 0.487 0.580 0.720 0.782 0.838 0.764 0.678 0.549 0.549 0.000 
8.000 1000.000 -2.078 -1.973 -1.841 -1.751 -1.650 -1.578 -1.521 -1.458 -1.378 -1.221 -1.038 -0.723 -0.512 -0.180 0.096 0.215 0.391 0.479 0.552 0.479 0.397 0.274 0.274 0.000 
