AtkinsonBoore2003SSlabCascadia_CanadaSHM6-trial modified from OpenQuake implementation, distance is rrup. Log10 ground motion values in cgs units, PGV and Sa(T<0.1s) not valid
          14 31 11 : nmag, ndist, nperiod
          10.000 5.000 3.000 2.000 1.000 0.400 0.200 0.100 0.040 PGA PGV 
          0.691 0.691 0.691 0.691 0.668 0.645 0.645 0.645 0.576 0.622 0.000 
4.750 1.000 0.189 0.815 1.387 2.052 2.614 3.086 3.359 3.337 3.352 3.069 0.000 
4.750 1.260 0.145 0.768 1.339 2.004 2.566 3.037 3.311 3.288 3.303 3.021 0.000 
4.750 1.580 0.083 0.704 1.273 1.938 2.499 2.971 3.244 3.222 3.237 2.954 0.000 
4.750 2.000 0.002 0.620 1.187 1.851 2.413 2.885 3.158 3.135 3.150 2.868 0.000 
4.750 2.510 -0.097 0.516 1.080 1.745 2.306 2.778 3.051 3.028 3.043 2.761 0.000 
4.750 3.160 -0.215 0.394 0.955 1.619 2.180 2.652 2.925 2.902 2.917 2.635 0.000 
4.750 3.980 -0.347 0.257 0.814 1.477 2.038 2.510 2.783 2.759 2.774 2.492 0.000 
4.750 5.010 -0.490 0.108 0.661 1.323 1.884 2.355 2.628 2.605 2.619 2.338 0.000 
4.750 6.310 -0.641 -0.049 0.499 1.160 1.720 2.191 2.464 2.440 2.455 2.174 0.000 
4.750 7.940 -0.796 -0.212 0.330 0.991 1.550 2.021 2.293 2.269 2.284 2.003 0.000 
4.750 10.000 -0.955 -0.379 0.158 0.817 1.374 1.845 2.118 2.093 2.107 1.827 0.000 
4.750 12.590 -1.115 -0.548 -0.018 0.639 1.195 1.666 1.938 1.913 1.927 1.647 0.000 
4.750 15.850 -1.276 -0.719 -0.196 0.459 1.014 1.484 1.756 1.730 1.743 1.465 0.000 
4.750 19.950 -1.437 -0.891 -0.375 0.277 0.829 1.300 1.571 1.543 1.556 1.279 0.000 
4.750 25.120 -1.598 -1.063 -0.555 0.093 0.642 1.113 1.383 1.354 1.366 1.091 0.000 
4.750 31.620 -1.760 -1.236 -0.737 -0.093 0.453 0.923 1.192 1.161 1.172 0.899 0.000 
4.750 39.810 -1.922 -1.410 -0.919 -0.282 0.260 0.729 0.997 0.965 0.974 0.704 0.000 
4.750 50.120 -2.085 -1.585 -1.103 -0.473 0.063 0.532 0.799 0.763 0.771 0.504 0.000 
4.750 63.100 -2.248 -1.761 -1.288 -0.667 -0.139 0.330 0.595 0.556 0.562 0.299 0.000 
4.750 79.430 -2.412 -1.938 -1.474 -0.865 -0.346 0.122 0.384 0.341 0.345 0.086 0.000 
4.750 100.000 -2.578 -2.117 -1.662 -1.069 -0.561 -0.094 0.166 0.117 0.117 -0.134 0.000 
4.750 125.890 -2.746 -2.299 -1.853 -1.279 -0.785 -0.319 -0.063 -0.119 -0.123 -0.366 0.000 
4.750 158.490 -2.917 -2.483 -2.047 -1.496 -1.020 -0.557 -0.305 -0.370 -0.378 -0.611 0.000 
4.750 199.530 -3.092 -2.671 -2.245 -1.724 -1.271 -0.809 -0.563 -0.639 -0.653 -0.873 0.000 
4.750 251.190 -3.271 -2.864 -2.447 -1.964 -1.539 -1.080 -0.842 -0.931 -0.954 -1.157 0.000 
4.750 316.230 -3.456 -3.062 -2.656 -2.220 -1.831 -1.375 -1.146 -1.253 -1.285 -1.467 0.000 
4.750 398.110 -3.648 -3.269 -2.872 -2.496 -2.152 -1.700 -1.482 -1.612 -1.656 -1.812 0.000 
4.750 501.190 -3.850 -3.484 -3.098 -2.797 -2.510 -2.063 -1.859 -2.017 -2.076 -2.199 0.000 
4.750 630.960 -4.064 -3.712 -3.335 -3.129 -2.913 -2.473 -2.288 -2.480 -2.559 -2.641 0.000 
4.750 794.330 -4.293 -3.955 -3.588 -3.501 -3.375 -2.943 -2.781 -3.017 -3.121 -3.150 0.000 
4.750 1000.000 -4.541 -4.217 -3.860 -3.923 -3.910 -3.489 -3.355 -3.647 -3.781 -3.745 0.000 
5.000 1.000 0.315 0.936 1.484 2.119 2.651 3.096 3.349 3.320 3.327 3.059 0.000 
5.000 1.260 0.288 0.907 1.454 2.088 2.620 3.065 3.318 3.289 3.296 3.028 0.000 
5.000 1.580 0.249 0.865 1.410 2.044 2.576 3.021 3.274 3.245 3.252 2.984 0.000 
5.000 2.000 0.193 0.806 1.349 1.983 2.515 2.960 3.213 3.184 3.191 2.923 0.000 
5.000 2.510 0.119 0.729 1.269 1.903 2.435 2.880 3.133 3.103 3.110 2.842 0.000 
5.000 3.160 0.026 0.631 1.168 1.802 2.334 2.778 3.031 3.002 3.009 2.741 0.000 
5.000 3.980 -0.086 0.515 1.049 1.682 2.213 2.658 2.911 2.881 2.887 2.620 0.000 
5.000 5.010 -0.213 0.382 0.912 1.545 2.075 2.520 2.773 2.743 2.749 2.482 0.000 
5.000 6.310 -0.352 0.237 0.763 1.394 1.924 2.369 2.621 2.591 2.597 2.331 0.000 
5.000 7.940 -0.498 0.083 0.603 1.234 1.763 2.208 2.460 2.429 2.435 2.169 0.000 
5.000 10.000 -0.651 -0.078 0.437 1.066 1.594 2.039 2.291 2.260 2.265 2.000 0.000 
5.000 12.590 -0.807 -0.242 0.266 0.893 1.420 1.864 2.116 2.084 2.090 1.825 0.000 
5.000 15.850 -0.965 -0.410 0.092 0.717 1.241 1.686 1.937 1.904 1.909 1.645 0.000 
5.000 19.950 -1.124 -0.579 -0.085 0.537 1.060 1.504 1.754 1.721 1.725 1.462 0.000 
5.000 25.120 -1.284 -0.750 -0.263 0.355 0.875 1.319 1.568 1.533 1.537 1.276 0.000 
5.000 31.620 -1.445 -0.922 -0.443 0.170 0.687 1.130 1.379 1.342 1.345 1.086 0.000 
5.000 39.810 -1.605 -1.094 -0.624 -0.017 0.495 0.938 1.186 1.147 1.148 0.892 0.000 
5.000 50.120 -1.767 -1.268 -0.806 -0.207 0.300 0.742 0.989 0.947 0.946 0.694 0.000 
5.000 63.100 -1.929 -1.443 -0.990 -0.400 0.099 0.541 0.786 0.741 0.738 0.490 0.000 
5.000 79.430 -2.093 -1.619 -1.175 -0.597 -0.107 0.334 0.577 0.527 0.522 0.279 0.000 
5.000 100.000 -2.258 -1.797 -1.363 -0.799 -0.321 0.119 0.359 0.304 0.296 0.059 0.000 
5.000 125.890 -2.425 -1.977 -1.553 -1.008 -0.544 -0.105 0.131 0.069 0.057 -0.171 0.000 
5.000 158.490 -2.595 -2.161 -1.745 -1.225 -0.778 -0.341 -0.110 -0.181 -0.197 -0.416 0.000 
5.000 199.530 -2.768 -2.348 -1.942 -1.451 -1.027 -0.592 -0.367 -0.449 -0.472 -0.677 0.000 
5.000 251.190 -2.946 -2.539 -2.144 -1.691 -1.295 -0.862 -0.644 -0.740 -0.771 -0.959 0.000 
5.000 316.230 -3.130 -2.737 -2.351 -1.945 -1.586 -1.156 -0.947 -1.061 -1.101 -1.269 0.000 
5.000 398.110 -3.322 -2.942 -2.566 -2.220 -1.905 -1.480 -1.283 -1.418 -1.471 -1.612 0.000 
5.000 501.190 -3.523 -3.157 -2.791 -2.520 -2.262 -1.842 -1.659 -1.822 -1.890 -1.999 0.000 
5.000 630.960 -3.736 -3.384 -3.027 -2.852 -2.665 -2.251 -2.086 -2.285 -2.372 -2.439 0.000 
5.000 794.330 -3.964 -3.626 -3.279 -3.223 -3.126 -2.720 -2.578 -2.821 -2.933 -2.947 0.000 
5.000 1000.000 -4.211 -3.887 -3.550 -3.643 -3.660 -3.265 -3.151 -3.449 -3.592 -3.541 0.000 
5.250 1.000 0.427 1.042 1.567 2.171 2.674 3.092 3.325 3.289 3.287 3.034 0.000 
5.250 1.260 0.412 1.025 1.549 2.153 2.655 3.074 3.306 3.271 3.269 3.016 0.000 
5.250 1.580 0.388 0.999 1.522 2.125 2.628 3.046 3.279 3.243 3.241 2.988 0.000 
5.250 2.000 0.353 0.962 1.482 2.086 2.588 3.006 3.239 3.203 3.201 2.948 0.000 
5.250 2.510 0.303 0.908 1.426 2.030 2.532 2.950 3.183 3.147 3.145 2.892 0.000 
5.250 3.160 0.236 0.837 1.352 1.955 2.457 2.875 3.108 3.072 3.070 2.817 0.000 
5.250 3.980 0.149 0.745 1.257 1.860 2.361 2.780 3.012 2.976 2.974 2.722 0.000 
5.250 5.010 0.043 0.635 1.143 1.745 2.246 2.664 2.897 2.861 2.858 2.606 0.000 
5.250 6.310 -0.078 0.507 1.011 1.612 2.113 2.531 2.763 2.727 2.724 2.472 0.000 
5.250 7.940 -0.212 0.367 0.866 1.466 1.965 2.383 2.615 2.579 2.576 2.324 0.000 
5.250 10.000 -0.355 0.216 0.709 1.308 1.806 2.225 2.456 2.419 2.416 2.165 0.000 
5.250 12.590 -0.505 0.058 0.545 1.142 1.639 2.057 2.289 2.251 2.247 1.997 0.000 
5.250 15.850 -0.658 -0.105 0.376 0.971 1.466 1.884 2.115 2.076 2.072 1.823 0.000 
5.250 19.950 -0.814 -0.271 0.203 0.795 1.288 1.705 1.936 1.896 1.891 1.644 0.000 
5.250 25.120 -0.972 -0.439 0.027 0.615 1.106 1.523 1.753 1.711 1.706 1.460 0.000 
5.250 31.620 -1.131 -0.609 -0.150 0.433 0.920 1.337 1.566 1.522 1.516 1.272 0.000 
5.250 39.810 -1.290 -0.780 -0.330 0.248 0.730 1.147 1.374 1.329 1.321 1.080 0.000 
5.250 50.120 -1.450 -0.952 -0.511 0.059 0.536 0.952 1.178 1.130 1.121 0.883 0.000 
5.250 63.100 -1.612 -1.126 -0.693 -0.133 0.337 0.752 0.977 0.925 0.914 0.680 0.000 
5.250 79.430 -1.774 -1.301 -0.877 -0.329 0.132 0.546 0.769 0.713 0.699 0.470 0.000 
5.250 100.000 -1.938 -1.478 -1.063 -0.530 -0.081 0.333 0.552 0.491 0.474 0.252 0.000 
5.250 125.890 -2.104 -1.657 -1.252 -0.738 -0.302 0.110 0.325 0.257 0.237 0.023 0.000 
5.250 158.490 -2.273 -1.839 -1.444 -0.953 -0.536 -0.125 0.086 0.008 -0.017 -0.220 0.000 
5.250 199.530 -2.446 -2.026 -1.639 -1.179 -0.784 -0.376 -0.170 -0.259 -0.290 -0.480 0.000 
5.250 251.190 -2.623 -2.216 -1.840 -1.417 -1.051 -0.645 -0.447 -0.549 -0.588 -0.762 0.000 
5.250 316.230 -2.806 -2.413 -2.046 -1.671 -1.340 -0.938 -0.749 -0.869 -0.917 -1.071 0.000 
5.250 398.110 -2.997 -2.617 -2.260 -1.945 -1.659 -1.261 -1.083 -1.225 -1.286 -1.413 0.000 
5.250 501.190 -3.197 -2.831 -2.484 -2.243 -2.015 -1.621 -1.458 -1.628 -1.705 -1.799 0.000 
5.250 630.960 -3.409 -3.057 -2.720 -2.574 -2.416 -2.029 -1.884 -2.089 -2.185 -2.238 0.000 
5.250 794.330 -3.636 -3.298 -2.970 -2.944 -2.876 -2.497 -2.375 -2.624 -2.745 -2.745 0.000 
5.250 1000.000 -3.882 -3.557 -3.240 -3.364 -3.409 -3.041 -2.947 -3.252 -3.403 -3.338 0.000 
5.500 1.000 0.530 1.139 1.643 2.215 2.688 3.080 3.292 3.250 3.240 3.001 0.000 
5.500 1.260 0.522 1.130 1.632 2.205 2.677 3.069 3.281 3.239 3.229 2.990 0.000 
5.500 1.580 0.509 1.115 1.616 2.188 2.661 3.053 3.265 3.223 3.212 2.974 0.000 
5.500 2.000 0.489 1.093 1.591 2.164 2.636 3.028 3.240 3.198 3.188 2.949 0.000 
5.500 2.510 0.458 1.059 1.555 2.128 2.600 2.992 3.204 3.162 3.151 2.913 0.000 
5.500 3.160 0.414 1.011 1.505 2.077 2.549 2.941 3.153 3.111 3.100 2.862 0.000 
5.500 3.980 0.352 0.945 1.436 2.008 2.479 2.871 3.083 3.041 3.030 2.792 0.000 
5.500 5.010 0.272 0.860 1.347 1.918 2.390 2.781 2.993 2.951 2.940 2.702 0.000 
5.500 6.310 0.173 0.755 1.238 1.809 2.280 2.671 2.883 2.840 2.829 2.592 0.000 
5.500 7.940 0.057 0.633 1.111 1.681 2.151 2.543 2.754 2.711 2.700 2.463 0.000 
5.500 10.000 -0.072 0.496 0.970 1.538 2.007 2.398 2.610 2.566 2.555 2.318 0.000 
5.500 12.590 -0.211 0.349 0.816 1.383 1.851 2.242 2.453 2.409 2.397 2.161 0.000 
5.500 15.850 -0.358 0.194 0.655 1.219 1.685 2.076 2.287 2.242 2.229 1.995 0.000 
5.500 19.950 -0.509 0.033 0.487 1.049 1.512 1.903 2.114 2.067 2.054 1.821 0.000 
5.500 25.120 -0.663 -0.132 0.316 0.873 1.334 1.725 1.934 1.887 1.873 1.641 0.000 
5.500 31.620 -0.819 -0.299 0.141 0.694 1.151 1.542 1.750 1.701 1.686 1.456 0.000 
5.500 39.810 -0.977 -0.468 -0.036 0.511 0.964 1.354 1.561 1.509 1.494 1.267 0.000 
5.500 50.120 -1.136 -0.638 -0.215 0.324 0.771 1.161 1.367 1.313 1.295 1.071 0.000 
5.500 63.100 -1.296 -0.810 -0.396 0.134 0.574 0.963 1.167 1.109 1.090 0.870 0.000 
5.500 79.430 -1.457 -0.984 -0.579 -0.061 0.370 0.758 0.960 0.898 0.876 0.662 0.000 
5.500 100.000 -1.620 -1.160 -0.764 -0.261 0.159 0.546 0.745 0.677 0.652 0.445 0.000 
5.500 125.890 -1.785 -1.338 -0.952 -0.467 -0.062 0.324 0.519 0.445 0.416 0.216 0.000 
5.500 158.490 -1.953 -1.520 -1.142 -0.682 -0.294 0.090 0.281 0.197 0.164 -0.025 0.000 
5.500 199.530 -2.125 -1.705 -1.337 -0.906 -0.541 -0.159 0.026 -0.069 -0.108 -0.284 0.000 
5.500 251.190 -2.301 -1.894 -1.536 -1.143 -0.807 -0.427 -0.249 -0.358 -0.405 -0.565 0.000 
5.500 316.230 -2.483 -2.090 -1.742 -1.396 -1.095 -0.719 -0.550 -0.676 -0.734 -0.872 0.000 
5.500 398.110 -2.673 -2.293 -1.955 -1.669 -1.413 -1.041 -0.884 -1.032 -1.102 -1.214 0.000 
5.500 501.190 -2.872 -2.506 -2.177 -1.967 -1.768 -1.401 -1.258 -1.434 -1.519 -1.598 0.000 
5.500 630.960 -3.082 -2.731 -2.412 -2.296 -2.168 -1.808 -1.683 -1.894 -1.999 -2.037 0.000 
5.500 794.330 -3.308 -2.970 -2.662 -2.665 -2.627 -2.275 -2.173 -2.428 -2.557 -2.543 0.000 
5.500 1000.000 -3.553 -3.229 -2.930 -3.084 -3.159 -2.817 -2.744 -3.055 -3.215 -3.135 0.000 
5.750 1.000 0.628 1.232 1.714 2.256 2.698 3.063 3.255 3.206 3.187 2.964 0.000 
5.750 1.260 0.624 1.227 1.708 2.249 2.692 3.057 3.249 3.200 3.181 2.958 0.000 
5.750 1.580 0.618 1.219 1.698 2.240 2.682 3.047 3.239 3.191 3.171 2.948 0.000 
5.750 2.000 0.608 1.206 1.684 2.225 2.668 3.033 3.225 3.176 3.157 2.933 0.000 
5.750 2.510 0.590 1.186 1.662 2.203 2.646 3.011 3.203 3.154 3.134 2.911 0.000 
5.750 3.160 0.564 1.156 1.630 2.171 2.613 2.978 3.170 3.121 3.102 2.878 0.000 
5.750 3.980 0.524 1.113 1.584 2.124 2.566 2.931 3.123 3.074 3.055 2.832 0.000 
5.750 5.010 0.469 1.053 1.520 2.060 2.502 2.867 3.059 3.009 2.990 2.767 0.000 
5.750 6.310 0.395 0.974 1.437 1.977 2.418 2.783 2.974 2.925 2.905 2.683 0.000 
5.750 7.940 0.303 0.875 1.334 1.873 2.313 2.678 2.869 2.820 2.800 2.578 0.000 
5.750 10.000 0.193 0.758 1.212 1.750 2.189 2.554 2.745 2.695 2.675 2.453 0.000 
5.750 12.590 0.068 0.626 1.075 1.611 2.049 2.413 2.604 2.553 2.533 2.312 0.000 
5.750 15.850 -0.067 0.482 0.925 1.458 1.895 2.259 2.450 2.398 2.377 2.157 0.000 
5.750 19.950 -0.210 0.330 0.766 1.296 1.731 2.095 2.285 2.232 2.211 1.992 0.000 
5.750 25.120 -0.359 0.171 0.600 1.127 1.559 1.923 2.112 2.058 2.036 1.819 0.000 
5.750 31.620 -0.511 0.008 0.429 0.952 1.380 1.744 1.932 1.876 1.853 1.638 0.000 
5.750 39.810 -0.666 -0.158 0.255 0.772 1.196 1.559 1.746 1.688 1.664 1.451 0.000 
5.750 50.120 -0.823 -0.326 0.079 0.588 1.006 1.369 1.555 1.494 1.468 1.259 0.000 
5.750 63.100 -0.981 -0.497 -0.100 0.399 0.810 1.173 1.357 1.292 1.264 1.059 0.000 
5.750 79.430 -1.141 -0.669 -0.282 0.206 0.608 0.970 1.151 1.083 1.052 0.853 0.000 
5.750 100.000 -1.303 -0.844 -0.465 0.008 0.398 0.759 0.938 0.863 0.830 0.637 0.000 
5.750 125.890 -1.467 -1.021 -0.652 -0.198 0.179 0.538 0.713 0.632 0.595 0.410 0.000 
5.750 158.490 -1.634 -1.201 -0.841 -0.411 -0.052 0.305 0.476 0.386 0.344 0.169 0.000 
5.750 199.530 -1.805 -1.385 -1.035 -0.634 -0.298 0.057 0.222 0.121 0.073 -0.089 0.000 
5.750 251.190 -1.980 -1.573 -1.233 -0.870 -0.563 -0.210 -0.052 -0.167 -0.223 -0.368 0.000 
5.750 316.230 -2.161 -1.768 -1.437 -1.122 -0.850 -0.501 -0.352 -0.485 -0.550 -0.675 0.000 
5.750 398.110 -2.350 -1.970 -1.649 -1.394 -1.167 -0.822 -0.684 -0.839 -0.917 -1.015 0.000 
5.750 501.190 -2.548 -2.182 -1.871 -1.691 -1.521 -1.180 -1.057 -1.240 -1.333 -1.398 0.000 
5.750 630.960 -2.758 -2.406 -2.104 -2.019 -1.920 -1.586 -1.482 -1.699 -1.812 -1.836 0.000 
5.750 794.330 -2.983 -2.645 -2.353 -2.387 -2.378 -2.052 -1.971 -2.232 -2.370 -2.341 0.000 
5.750 1000.000 -3.226 -2.902 -2.621 -2.805 -2.909 -2.594 -2.541 -2.858 -3.026 -2.931 0.000 
6.000 1.000 0.723 1.322 1.784 2.294 2.706 3.044 3.216 3.160 3.132 2.924 0.000 
6.000 1.260 0.722 1.320 1.781 2.291 2.702 3.041 3.212 3.157 3.129 2.921 0.000 
6.000 1.580 0.720 1.316 1.775 2.285 2.697 3.035 3.207 3.151 3.123 2.915 0.000 
6.000 2.000 0.715 1.309 1.767 2.277 2.689 3.027 3.198 3.143 3.115 2.907 0.000 
6.000 2.510 0.707 1.298 1.754 2.264 2.675 3.014 3.185 3.130 3.102 2.894 0.000 
6.000 3.160 0.693 1.280 1.734 2.244 2.656 2.994 3.166 3.110 3.082 2.874 0.000 
6.000 3.980 0.670 1.254 1.705 2.215 2.626 2.965 3.136 3.080 3.052 2.844 0.000 
6.000 5.010 0.635 1.215 1.663 2.172 2.584 2.922 3.093 3.037 3.009 2.801 0.000 
6.000 6.310 0.586 1.160 1.605 2.114 2.524 2.863 3.034 2.978 2.949 2.742 0.000 
6.000 7.940 0.518 1.087 1.528 2.035 2.446 2.784 2.955 2.899 2.870 2.663 0.000 
6.000 10.000 0.432 0.995 1.430 1.937 2.346 2.684 2.855 2.798 2.770 2.563 0.000 
6.000 12.590 0.328 0.883 1.314 1.819 2.227 2.565 2.736 2.678 2.649 2.443 0.000 
6.000 15.850 0.209 0.756 1.181 1.684 2.090 2.428 2.598 2.540 2.511 2.306 0.000 
6.000 19.950 0.078 0.616 1.034 1.534 1.939 2.277 2.446 2.387 2.357 2.153 0.000 
6.000 25.120 -0.062 0.466 0.877 1.374 1.776 2.113 2.282 2.222 2.191 1.989 0.000 
6.000 31.620 -0.208 0.310 0.713 1.206 1.604 1.941 2.109 2.047 2.015 1.815 0.000 
6.000 39.810 -0.359 0.148 0.544 1.030 1.424 1.761 1.928 1.864 1.831 1.633 0.000 
6.000 50.120 -0.513 -0.017 0.371 0.850 1.238 1.574 1.740 1.673 1.638 1.444 0.000 
6.000 63.100 -0.669 -0.185 0.194 0.664 1.045 1.381 1.545 1.474 1.438 1.247 0.000 
6.000 79.430 -0.827 -0.356 0.015 0.473 0.845 1.180 1.341 1.266 1.228 1.042 0.000 
6.000 100.000 -0.988 -0.529 -0.167 0.276 0.637 0.971 1.129 1.049 1.007 0.828 0.000 
6.000 125.890 -1.150 -0.704 -0.352 0.072 0.419 0.751 0.906 0.819 0.773 0.603 0.000 
6.000 158.490 -1.316 -0.883 -0.540 -0.140 0.189 0.520 0.670 0.574 0.523 0.363 0.000 
6.000 199.530 -1.486 -1.066 -0.733 -0.362 -0.056 0.273 0.418 0.310 0.254 0.107 0.000 
6.000 251.190 -1.660 -1.254 -0.930 -0.597 -0.319 0.007 0.145 0.023 -0.041 -0.171 0.000 
6.000 316.230 -1.840 -1.447 -1.133 -0.848 -0.606 -0.283 -0.154 -0.293 -0.367 -0.477 0.000 
6.000 398.110 -2.028 -1.649 -1.344 -1.119 -0.921 -0.602 -0.485 -0.646 -0.733 -0.816 0.000 
6.000 501.190 -2.225 -1.859 -1.564 -1.414 -1.274 -0.960 -0.857 -1.046 -1.148 -1.199 0.000 
6.000 630.960 -2.434 -2.082 -1.797 -1.742 -1.672 -1.365 -1.281 -1.505 -1.626 -1.635 0.000 
6.000 794.330 -2.658 -2.320 -2.045 -2.109 -2.129 -1.830 -1.769 -2.036 -2.182 -2.139 0.000 
6.000 1000.000 -2.901 -2.577 -2.311 -2.525 -2.659 -2.370 -2.338 -2.661 -2.838 -2.729 0.000 
6.250 1.000 0.818 1.412 1.854 2.332 2.713 3.025 3.176 3.113 3.076 2.884 0.000 
6.250 1.260 0.819 1.411 1.852 2.330 2.711 3.023 3.174 3.111 3.074 2.882 0.000 
6.250 1.580 0.818 1.409 1.849 2.327 2.708 3.020 3.171 3.108 3.071 2.878 0.000 
6.250 2.000 0.817 1.405 1.844 2.322 2.703 3.015 3.166 3.103 3.066 2.874 0.000 
6.250 2.510 0.814 1.400 1.837 2.315 2.696 3.007 3.158 3.096 3.059 2.866 0.000 
6.250 3.160 0.807 1.390 1.826 2.303 2.684 2.996 3.147 3.084 3.047 2.854 0.000 
6.250 3.980 0.796 1.375 1.808 2.286 2.666 2.978 3.129 3.066 3.029 2.837 0.000 
6.250 5.010 0.776 1.352 1.782 2.259 2.640 2.951 3.102 3.039 3.002 2.810 0.000 
6.250 6.310 0.746 1.317 1.744 2.221 2.601 2.913 3.063 3.000 2.963 2.771 0.000 
6.250 7.940 0.702 1.268 1.691 2.167 2.546 2.858 3.009 2.945 2.908 2.716 0.000 
6.250 10.000 0.641 1.201 1.619 2.094 2.473 2.784 2.935 2.871 2.834 2.642 0.000 
6.250 12.590 0.562 1.114 1.527 2.001 2.379 2.690 2.840 2.776 2.738 2.547 0.000 
6.250 15.850 0.464 1.008 1.416 1.888 2.264 2.575 2.725 2.660 2.622 2.432 0.000 
6.250 19.950 0.350 0.886 1.287 1.756 2.131 2.442 2.591 2.526 2.487 2.298 0.000 
6.250 25.120 0.223 0.749 1.144 1.610 1.982 2.293 2.441 2.374 2.335 2.147 0.000 
6.250 31.620 0.086 0.603 0.990 1.451 1.820 2.131 2.278 2.210 2.169 1.984 0.000 
6.250 39.810 -0.058 0.448 0.828 1.284 1.648 1.958 2.105 2.034 1.992 1.809 0.000 
6.250 50.120 -0.207 0.288 0.660 1.108 1.467 1.776 1.922 1.848 1.805 1.625 0.000 
6.250 63.100 -0.360 0.123 0.487 0.926 1.277 1.587 1.730 1.653 1.608 1.432 0.000 
6.250 79.430 -0.515 -0.045 0.310 0.737 1.080 1.389 1.530 1.448 1.401 1.231 0.000 
6.250 100.000 -0.674 -0.216 0.130 0.543 0.874 1.182 1.320 1.233 1.183 1.019 0.000 
6.250 125.890 -0.835 -0.390 -0.053 0.341 0.658 0.964 1.099 1.005 0.951 0.795 0.000 
6.250 158.490 -1.000 -0.567 -0.240 0.130 0.430 0.734 0.864 0.762 0.702 0.557 0.000 
6.250 199.530 -1.168 -0.749 -0.431 -0.091 0.186 0.489 0.613 0.499 0.434 0.302 0.000 
6.250 251.190 -1.341 -0.935 -0.627 -0.325 -0.076 0.224 0.341 0.214 0.140 0.025 0.000 
6.250 316.230 -1.521 -1.128 -0.829 -0.574 -0.361 -0.065 0.043 -0.102 -0.185 -0.279 0.000 
6.250 398.110 -1.707 -1.328 -1.039 -0.844 -0.676 -0.383 -0.287 -0.454 -0.549 -0.618 0.000 
6.250 501.190 -1.903 -1.538 -1.258 -1.138 -1.027 -0.740 -0.658 -0.853 -0.963 -0.999 0.000 
6.250 630.960 -2.111 -1.760 -1.490 -1.465 -1.425 -1.144 -1.080 -1.310 -1.440 -1.434 0.000 
6.250 794.330 -2.334 -1.996 -1.736 -1.831 -1.881 -1.608 -1.567 -1.841 -1.995 -1.937 0.000 
6.250 1000.000 -2.576 -2.252 -2.002 -2.246 -2.409 -2.147 -2.135 -2.464 -2.650 -2.526 0.000 
6.500 1.000 0.913 1.501 1.925 2.370 2.720 3.005 3.135 3.065 3.019 2.842 0.000 
6.500 1.260 0.914 1.501 1.924 2.369 2.719 3.004 3.134 3.064 3.018 2.841 0.000 
6.500 1.580 0.915 1.500 1.922 2.368 2.717 3.002 3.132 3.063 3.017 2.840 0.000 
6.500 2.000 0.916 1.499 1.920 2.365 2.714 3.000 3.130 3.060 3.014 2.837 0.000 
6.500 2.510 0.915 1.496 1.915 2.361 2.710 2.995 3.125 3.056 3.009 2.832 0.000 
6.500 3.160 0.913 1.491 1.909 2.354 2.703 2.989 3.119 3.049 3.003 2.826 0.000 
6.500 3.980 0.908 1.484 1.899 2.344 2.693 2.978 3.108 3.038 2.992 2.815 0.000 
6.500 5.010 0.899 1.471 1.883 2.328 2.677 2.962 3.092 3.022 2.976 2.799 0.000 
6.500 6.310 0.883 1.450 1.860 2.304 2.653 2.938 3.068 2.998 2.952 2.775 0.000 
6.500 7.940 0.858 1.420 1.825 2.269 2.618 2.903 3.033 2.962 2.916 2.740 0.000 
6.500 10.000 0.819 1.375 1.777 2.220 2.568 2.852 2.982 2.912 2.865 2.689 0.000 
6.500 12.590 0.764 1.313 1.710 2.152 2.499 2.784 2.913 2.842 2.796 2.620 0.000 
6.500 15.850 0.691 1.233 1.624 2.064 2.410 2.695 2.824 2.752 2.705 2.530 0.000 
6.500 19.950 0.599 1.133 1.518 1.956 2.300 2.585 2.713 2.641 2.593 2.419 0.000 
6.500 25.120 0.491 1.015 1.394 1.829 2.170 2.455 2.583 2.509 2.461 2.288 0.000 
6.500 31.620 0.368 0.883 1.255 1.685 2.023 2.307 2.435 2.360 2.310 2.140 0.000 
6.500 39.810 0.234 0.739 1.103 1.528 1.862 2.146 2.272 2.195 2.145 1.977 0.000 
6.500 50.120 0.093 0.586 0.943 1.360 1.689 1.972 2.097 2.017 1.966 1.801 0.000 
6.500 63.100 -0.055 0.427 0.775 1.184 1.506 1.788 1.912 1.828 1.775 1.614 0.000 
6.500 79.430 -0.207 0.263 0.603 1.000 1.313 1.594 1.715 1.628 1.572 1.416 0.000 
6.500 100.000 -0.363 0.095 0.426 0.808 1.110 1.390 1.509 1.415 1.356 1.207 0.000 
6.500 125.890 -0.522 -0.077 0.245 0.608 0.896 1.175 1.290 1.190 1.127 0.986 0.000 
6.500 158.490 -0.685 -0.253 0.060 0.399 0.669 0.947 1.057 0.948 0.880 0.750 0.000 
6.500 199.530 -0.852 -0.433 -0.130 0.180 0.428 0.703 0.808 0.688 0.614 0.496 0.000 
6.500 251.190 -1.024 -0.618 -0.324 -0.052 0.167 0.440 0.537 0.403 0.322 0.220 0.000 
6.500 316.230 -1.202 -0.810 -0.525 -0.301 -0.117 0.153 0.241 0.089 -0.002 -0.083 0.000 
6.500 398.110 -1.388 -1.009 -0.734 -0.569 -0.431 -0.165 -0.088 -0.262 -0.366 -0.420 0.000 
6.500 501.190 -1.583 -1.218 -0.952 -0.863 -0.781 -0.520 -0.458 -0.660 -0.779 -0.800 0.000 
6.500 630.960 -1.790 -1.438 -1.183 -1.188 -1.177 -0.923 -0.879 -1.116 -1.254 -1.234 0.000 
6.500 794.330 -2.012 -1.674 -1.428 -1.553 -1.632 -1.386 -1.365 -1.646 -1.809 -1.736 0.000 
6.500 1000.000 -2.253 -1.929 -1.693 -1.968 -2.160 -1.924 -1.932 -2.268 -2.462 -2.324 0.000 
6.750 1.000 1.009 1.591 1.997 2.409 2.727 2.985 3.094 3.017 2.962 2.801 0.000 
6.750 1.260 1.010 1.591 1.997 2.408 2.726 2.984 3.094 3.016 2.961 2.800 0.000 
6.750 1.580 1.011 1.591 1.996 2.407 2.725 2.983 3.093 3.015 2.960 2.799 0.000 
6.750 2.000 1.013 1.591 1.994 2.406 2.723 2.982 3.091 3.014 2.958 2.797 0.000 
6.750 2.510 1.014 1.590 1.992 2.403 2.721 2.979 3.089 3.011 2.956 2.795 0.000 
6.750 3.160 1.014 1.588 1.988 2.400 2.717 2.975 3.085 3.007 2.952 2.791 0.000 
6.750 3.980 1.013 1.584 1.983 2.394 2.711 2.969 3.079 3.001 2.946 2.785 0.000 
6.750 5.010 1.010 1.577 1.973 2.385 2.702 2.960 3.069 2.992 2.936 2.776 0.000 
6.750 6.310 1.003 1.566 1.960 2.370 2.688 2.946 3.055 2.977 2.922 2.761 0.000 
6.750 7.940 0.991 1.549 1.939 2.349 2.666 2.924 3.033 2.955 2.900 2.739 0.000 
6.750 10.000 0.969 1.522 1.908 2.317 2.634 2.892 3.001 2.923 2.867 2.707 0.000 
6.750 12.590 0.936 1.482 1.863 2.272 2.588 2.846 2.954 2.876 2.820 2.660 0.000 
6.750 15.850 0.887 1.426 1.802 2.209 2.524 2.782 2.890 2.811 2.755 2.596 0.000 
6.750 19.950 0.820 1.351 1.721 2.127 2.440 2.697 2.806 2.726 2.669 2.511 0.000 
6.750 25.120 0.734 1.256 1.621 2.023 2.334 2.592 2.699 2.618 2.561 2.404 0.000 
6.750 31.620 0.631 1.144 1.501 1.900 2.208 2.465 2.572 2.490 2.432 2.276 0.000 
6.750 39.810 0.512 1.015 1.365 1.759 2.063 2.320 2.425 2.341 2.282 2.129 0.000 
6.750 50.120 0.382 0.874 1.217 1.603 1.902 2.158 2.263 2.176 2.116 1.966 0.000 
6.750 63.100 0.243 0.723 1.058 1.435 1.727 1.983 2.086 1.996 1.934 1.788 0.000 
6.750 79.430 0.096 0.565 0.891 1.257 1.540 1.796 1.896 1.802 1.737 1.596 0.000 
6.750 100.000 -0.056 0.401 0.719 1.070 1.342 1.596 1.694 1.594 1.527 1.392 0.000 
6.750 125.890 -0.212 0.232 0.541 0.873 1.132 1.384 1.479 1.372 1.301 1.174 0.000 
6.750 158.490 -0.373 0.059 0.358 0.667 0.908 1.159 1.249 1.133 1.057 0.941 0.000 
6.750 199.530 -0.538 -0.119 0.171 0.450 0.668 0.917 1.001 0.875 0.792 0.689 0.000 
6.750 251.190 -0.708 -0.303 -0.022 0.219 0.409 0.655 0.732 0.592 0.502 0.415 0.000 
6.750 316.230 -0.885 -0.493 -0.222 -0.028 0.126 0.370 0.437 0.279 0.180 0.114 0.000 
6.750 398.110 -1.070 -0.691 -0.430 -0.295 -0.186 0.053 0.110 -0.070 -0.182 -0.222 0.000 
6.750 501.190 -1.263 -0.898 -0.647 -0.587 -0.535 -0.301 -0.259 -0.467 -0.594 -0.601 0.000 
6.750 630.960 -1.469 -1.118 -0.876 -0.911 -0.930 -0.703 -0.679 -0.922 -1.069 -1.034 0.000 
6.750 794.330 -1.690 -1.353 -1.121 -1.275 -1.384 -1.165 -1.164 -1.450 -1.622 -1.535 0.000 
6.750 1000.000 -1.930 -1.607 -1.384 -1.689 -1.911 -1.702 -1.730 -2.072 -2.274 -2.121 0.000 
7.000 1.000 1.104 1.681 2.071 2.448 2.732 2.964 3.052 2.967 2.902 2.758 0.000 
7.000 1.260 1.106 1.681 2.071 2.447 2.732 2.963 3.052 2.966 2.902 2.757 0.000 
7.000 1.580 1.107 1.681 2.070 2.447 2.732 2.963 3.051 2.966 2.901 2.757 0.000 
7.000 2.000 1.109 1.682 2.069 2.446 2.731 2.962 3.050 2.965 2.900 2.756 0.000 
7.000 2.510 1.111 1.682 2.068 2.445 2.729 2.961 3.049 2.963 2.899 2.754 0.000 
7.000 3.160 1.113 1.681 2.066 2.443 2.727 2.959 3.047 2.961 2.896 2.752 0.000 
7.000 3.980 1.114 1.680 2.063 2.439 2.724 2.955 3.043 2.958 2.893 2.749 0.000 
7.000 5.010 1.114 1.677 2.057 2.434 2.718 2.950 3.038 2.952 2.887 2.743 0.000 
7.000 6.310 1.113 1.672 2.049 2.426 2.710 2.941 3.029 2.944 2.879 2.735 0.000 
7.000 7.940 1.108 1.663 2.037 2.413 2.697 2.928 3.016 2.931 2.866 2.722 0.000 
7.000 10.000 1.098 1.648 2.018 2.394 2.677 2.909 2.997 2.911 2.846 2.702 0.000 
7.000 12.590 1.081 1.624 1.990 2.365 2.648 2.879 2.967 2.881 2.816 2.672 0.000 
7.000 15.850 1.052 1.588 1.950 2.323 2.606 2.837 2.924 2.838 2.772 2.629 0.000 
7.000 19.950 1.008 1.537 1.893 2.265 2.546 2.777 2.864 2.777 2.711 2.569 0.000 
7.000 25.120 0.948 1.468 1.818 2.187 2.466 2.697 2.784 2.696 2.630 2.489 0.000 
7.000 31.620 0.868 1.379 1.723 2.089 2.365 2.596 2.682 2.592 2.525 2.386 0.000 
7.000 39.810 0.770 1.271 1.608 1.969 2.242 2.472 2.557 2.466 2.398 2.261 0.000 
7.000 50.120 0.656 1.147 1.476 1.831 2.098 2.328 2.412 2.318 2.249 2.115 0.000 
7.000 63.100 0.529 1.009 1.330 1.676 1.937 2.166 2.249 2.152 2.081 1.950 0.000 
7.000 79.430 0.392 0.860 1.173 1.507 1.760 1.989 2.069 1.968 1.894 1.768 0.000 
7.000 100.000 0.246 0.702 1.007 1.327 1.569 1.796 1.874 1.767 1.691 1.571 0.000 
7.000 125.890 0.094 0.538 0.834 1.135 1.363 1.590 1.664 1.550 1.470 1.359 0.000 
7.000 158.490 -0.063 0.368 0.654 0.933 1.143 1.368 1.437 1.315 1.230 1.129 0.000 
7.000 199.530 -0.226 0.192 0.469 0.718 0.906 1.129 1.193 1.060 0.969 0.880 0.000 
7.000 251.190 -0.395 0.010 0.278 0.490 0.649 0.870 0.926 0.779 0.681 0.609 0.000 
7.000 316.230 -0.570 -0.178 0.080 0.244 0.369 0.585 0.633 0.469 0.360 0.309 0.000 
7.000 398.110 -0.753 -0.375 -0.126 -0.021 0.058 0.271 0.307 0.120 -0.000 -0.025 0.000 
7.000 501.190 -0.946 -0.581 -0.342 -0.313 -0.290 -0.082 -0.061 -0.275 -0.411 -0.403 0.000 
7.000 630.960 -1.150 -0.799 -0.570 -0.635 -0.684 -0.483 -0.479 -0.728 -0.884 -0.834 0.000 
7.000 794.330 -1.370 -1.033 -0.813 -0.998 -1.136 -0.943 -0.963 -1.256 -1.436 -1.334 0.000 
7.000 1000.000 -1.609 -1.286 -1.076 -1.411 -1.662 -1.479 -1.528 -1.876 -2.087 -1.920 0.000 
7.250 1.000 1.200 1.771 2.146 2.486 2.737 2.941 3.008 2.914 2.839 2.712 0.000 
7.250 1.260 1.202 1.771 2.146 2.486 2.736 2.941 3.008 2.914 2.839 2.712 0.000 
7.250 1.580 1.203 1.772 2.145 2.486 2.736 2.941 3.007 2.913 2.839 2.712 0.000 
7.250 2.000 1.205 1.772 2.145 2.485 2.736 2.940 3.007 2.913 2.838 2.711 0.000 
7.250 2.510 1.207 1.773 2.144 2.484 2.735 2.939 3.006 2.912 2.837 2.710 0.000 
7.250 3.160 1.210 1.773 2.143 2.483 2.734 2.938 3.005 2.911 2.836 2.709 0.000 
7.250 3.980 1.212 1.773 2.141 2.481 2.732 2.936 3.003 2.909 2.834 2.707 0.000 
7.250 5.010 1.214 1.772 2.138 2.478 2.729 2.933 3.000 2.906 2.831 2.704 0.000 
7.250 6.310 1.216 1.770 2.134 2.474 2.724 2.928 2.995 2.901 2.826 2.699 0.000 
7.250 7.940 1.216 1.766 2.127 2.466 2.716 2.921 2.987 2.893 2.818 2.692 0.000 
7.250 10.000 1.213 1.759 2.116 2.455 2.705 2.909 2.975 2.881 2.806 2.680 0.000 
7.250 12.590 1.206 1.746 2.099 2.437 2.687 2.891 2.957 2.863 2.788 2.662 0.000 
7.250 15.850 1.192 1.725 2.074 2.411 2.660 2.864 2.930 2.835 2.760 2.634 0.000 
7.250 19.950 1.168 1.694 2.037 2.373 2.621 2.825 2.891 2.795 2.720 2.595 0.000 
7.250 25.120 1.130 1.648 1.985 2.319 2.565 2.769 2.835 2.738 2.663 2.538 0.000 
7.250 31.620 1.075 1.584 1.915 2.246 2.490 2.693 2.759 2.661 2.585 2.462 0.000 
7.250 39.810 1.001 1.501 1.825 2.152 2.392 2.596 2.660 2.561 2.484 2.362 0.000 
7.250 50.120 0.908 1.398 1.715 2.036 2.272 2.475 2.538 2.437 2.358 2.239 0.000 
7.250 63.100 0.799 1.277 1.586 1.899 2.129 2.332 2.393 2.289 2.209 2.094 0.000 
7.250 79.430 0.675 1.142 1.443 1.745 1.967 2.169 2.228 2.120 2.038 1.927 0.000 
7.250 100.000 0.539 0.994 1.287 1.575 1.786 1.987 2.044 1.931 1.845 1.741 0.000 
7.250 125.890 0.394 0.837 1.121 1.391 1.589 1.789 1.842 1.722 1.633 1.537 0.000 
7.250 158.490 0.242 0.672 0.947 1.194 1.374 1.572 1.621 1.493 1.399 1.313 0.000 
7.250 199.530 0.082 0.500 0.766 0.983 1.142 1.338 1.381 1.241 1.142 1.068 0.000 
7.250 251.190 -0.083 0.321 0.578 0.758 0.888 1.081 1.117 0.964 0.857 0.800 0.000 
7.250 316.230 -0.257 0.135 0.382 0.515 0.609 0.800 0.827 0.656 0.539 0.503 0.000 
7.250 398.110 -0.438 -0.060 0.177 0.251 0.301 0.487 0.503 0.310 0.181 0.170 0.000 
7.250 501.190 -0.629 -0.265 -0.037 -0.038 -0.045 0.136 0.137 -0.083 -0.228 -0.205 0.000 
7.250 630.960 -0.833 -0.482 -0.264 -0.360 -0.438 -0.263 -0.280 -0.536 -0.700 -0.636 0.000 
7.250 794.330 -1.052 -0.714 -0.506 -0.721 -0.889 -0.723 -0.762 -1.062 -1.251 -1.134 0.000 
7.250 1000.000 -1.290 -0.966 -0.768 -1.133 -1.414 -1.258 -1.326 -1.681 -1.900 -1.718 0.000 
7.500 1.000 1.296 1.861 2.222 2.523 2.738 2.915 2.960 2.857 2.772 2.663 0.000 
7.500 1.260 1.298 1.862 2.222 2.523 2.738 2.915 2.960 2.857 2.772 2.663 0.000 
7.500 1.580 1.299 1.862 2.221 2.523 2.738 2.915 2.960 2.857 2.772 2.663 0.000 
7.500 2.000 1.301 1.863 2.221 2.523 2.737 2.915 2.960 2.856 2.771 2.663 0.000 
7.500 2.510 1.303 1.864 2.221 2.522 2.737 2.914 2.959 2.856 2.771 2.662 0.000 
7.500 3.160 1.306 1.864 2.220 2.522 2.736 2.914 2.959 2.855 2.770 2.661 0.000 
7.500 3.980 1.309 1.865 2.219 2.521 2.735 2.912 2.957 2.854 2.769 2.660 0.000 
7.500 5.010 1.312 1.865 2.217 2.519 2.733 2.911 2.956 2.852 2.767 2.659 0.000 
7.500 6.310 1.315 1.865 2.215 2.516 2.731 2.908 2.953 2.849 2.764 2.656 0.000 
7.500 7.940 1.318 1.864 2.211 2.512 2.726 2.904 2.948 2.845 2.760 2.651 0.000 
7.500 10.000 1.319 1.861 2.204 2.505 2.719 2.897 2.941 2.838 2.753 2.644 0.000 
7.500 12.590 1.319 1.855 2.195 2.495 2.709 2.886 2.931 2.827 2.742 2.634 0.000 
7.500 15.850 1.314 1.844 2.180 2.479 2.693 2.870 2.914 2.810 2.725 2.617 0.000 
7.500 19.950 1.303 1.826 2.157 2.455 2.668 2.845 2.889 2.785 2.699 2.592 0.000 
7.500 25.120 1.283 1.798 2.123 2.420 2.632 2.809 2.853 2.747 2.662 2.555 0.000 
7.500 31.620 1.250 1.757 2.076 2.370 2.580 2.756 2.800 2.694 2.608 2.502 0.000 
7.500 39.810 1.200 1.698 2.010 2.301 2.508 2.684 2.727 2.620 2.533 2.429 0.000 
7.500 50.120 1.132 1.620 1.925 2.211 2.414 2.590 2.632 2.522 2.434 2.332 0.000 
7.500 63.100 1.045 1.522 1.820 2.098 2.295 2.471 2.512 2.399 2.310 2.211 0.000 
7.500 79.430 0.940 1.406 1.696 1.964 2.153 2.328 2.367 2.251 2.159 2.065 0.000 
7.500 100.000 0.819 1.273 1.555 1.809 1.989 2.163 2.199 2.078 1.984 1.896 0.000 
7.500 125.890 0.685 1.127 1.400 1.637 1.804 1.976 2.009 1.882 1.784 1.703 0.000 
7.500 158.490 0.540 0.970 1.234 1.449 1.598 1.769 1.797 1.662 1.559 1.489 0.000 
7.500 199.530 0.386 0.803 1.058 1.244 1.371 1.541 1.564 1.417 1.309 1.251 0.000 
7.500 251.190 0.224 0.628 0.874 1.023 1.122 1.289 1.305 1.145 1.029 0.987 0.000 
7.500 316.230 0.054 0.445 0.681 0.783 0.848 1.011 1.018 0.840 0.715 0.693 0.000 
7.500 398.110 -0.125 0.253 0.479 0.522 0.542 0.701 0.696 0.497 0.359 0.364 0.000 
7.500 501.190 -0.315 0.050 0.267 0.235 0.198 0.352 0.333 0.106 -0.047 -0.010 0.000 
7.500 630.960 -0.517 -0.166 0.041 -0.085 -0.193 -0.045 -0.082 -0.344 -0.517 -0.438 0.000 
7.500 794.330 -0.735 -0.397 -0.200 -0.445 -0.643 -0.503 -0.563 -0.869 -1.066 -0.935 0.000 
7.500 1000.000 -0.971 -0.648 -0.460 -0.855 -1.166 -1.036 -1.125 -1.486 -1.715 -1.518 0.000 
7.750 1.000 1.392 1.951 2.298 2.558 2.735 2.885 2.907 2.793 2.698 2.609 0.000 
7.750 1.260 1.393 1.952 2.298 2.558 2.735 2.885 2.907 2.793 2.698 2.609 0.000 
7.750 1.580 1.395 1.952 2.298 2.558 2.735 2.885 2.907 2.793 2.698 2.608 0.000 
7.750 2.000 1.396 1.953 2.298 2.558 2.735 2.885 2.907 2.793 2.697 2.608 0.000 
7.750 2.510 1.399 1.954 2.297 2.558 2.734 2.884 2.907 2.793 2.697 2.608 0.000 
7.750 3.160 1.401 1.954 2.297 2.557 2.734 2.884 2.906 2.792 2.697 2.608 0.000 
7.750 3.980 1.404 1.955 2.296 2.556 2.733 2.883 2.906 2.792 2.696 2.607 0.000 
7.750 5.010 1.408 1.956 2.296 2.556 2.732 2.882 2.905 2.791 2.695 2.606 0.000 
7.750 6.310 1.411 1.957 2.294 2.554 2.731 2.881 2.903 2.789 2.693 2.604 0.000 
7.750 7.940 1.415 1.957 2.292 2.552 2.728 2.878 2.901 2.786 2.691 2.602 0.000 
7.750 10.000 1.419 1.957 2.288 2.548 2.724 2.874 2.897 2.782 2.687 2.598 0.000 
7.750 12.590 1.422 1.955 2.283 2.542 2.718 2.868 2.890 2.776 2.680 2.591 0.000 
7.750 15.850 1.423 1.950 2.274 2.532 2.708 2.858 2.880 2.766 2.670 2.581 0.000 
7.750 19.950 1.421 1.941 2.260 2.518 2.693 2.843 2.865 2.750 2.654 2.566 0.000 
7.750 25.120 1.413 1.926 2.240 2.496 2.670 2.820 2.842 2.727 2.630 2.543 0.000 
7.750 31.620 1.397 1.901 2.209 2.464 2.637 2.786 2.808 2.692 2.595 2.508 0.000 
7.750 39.810 1.368 1.864 2.166 2.417 2.588 2.737 2.758 2.641 2.543 2.458 0.000 
7.750 50.120 1.324 1.810 2.105 2.352 2.519 2.668 2.688 2.570 2.471 2.388 0.000 
7.750 63.100 1.262 1.738 2.025 2.266 2.428 2.576 2.595 2.474 2.375 2.294 0.000 
7.750 79.430 1.180 1.645 1.924 2.156 2.311 2.459 2.476 2.352 2.250 2.174 0.000 
7.750 100.000 1.078 1.532 1.803 2.023 2.169 2.316 2.331 2.202 2.098 2.026 0.000 
7.750 125.890 0.960 1.402 1.665 1.867 2.001 2.147 2.159 2.023 1.916 1.852 0.000 
7.750 158.490 0.827 1.256 1.511 1.692 1.809 1.953 1.961 1.817 1.705 1.651 0.000 
7.750 199.530 0.682 1.099 1.344 1.496 1.592 1.735 1.737 1.583 1.465 1.423 0.000 
7.750 251.190 0.526 0.930 1.166 1.282 1.351 1.491 1.486 1.319 1.193 1.167 0.000 
7.750 316.230 0.360 0.751 0.978 1.048 1.081 1.218 1.204 1.020 0.885 0.879 0.000 
7.750 398.110 0.184 0.562 0.779 0.790 0.779 0.912 0.887 0.681 0.534 0.554 0.000 
7.750 501.190 -0.003 0.361 0.569 0.505 0.438 0.566 0.527 0.293 0.131 0.183 0.000 
7.750 630.960 -0.203 0.148 0.346 0.188 0.050 0.171 0.114 -0.155 -0.336 -0.242 0.000 
7.750 794.330 -0.419 -0.082 0.106 -0.170 -0.398 -0.285 -0.365 -0.677 -0.883 -0.737 0.000 
7.750 1000.000 -0.654 -0.331 -0.153 -0.579 -0.919 -0.816 -0.925 -1.293 -1.530 -1.318 0.000 
8.000 1.000 1.487 2.040 2.374 2.589 2.725 2.847 2.847 2.721 2.614 2.546 0.000 
8.000 1.260 1.488 2.040 2.374 2.589 2.725 2.847 2.847 2.721 2.614 2.546 0.000 
8.000 1.580 1.489 2.041 2.374 2.589 2.725 2.847 2.847 2.721 2.614 2.545 0.000 
8.000 2.000 1.491 2.041 2.374 2.589 2.725 2.847 2.847 2.721 2.613 2.545 0.000 
8.000 2.510 1.493 2.042 2.374 2.589 2.725 2.847 2.846 2.721 2.613 2.545 0.000 
8.000 3.160 1.495 2.043 2.374 2.588 2.724 2.847 2.846 2.720 2.613 2.545 0.000 
8.000 3.980 1.498 2.044 2.373 2.588 2.724 2.846 2.846 2.720 2.613 2.545 0.000 
8.000 5.010 1.502 2.045 2.373 2.587 2.723 2.846 2.845 2.719 2.612 2.544 0.000 
8.000 6.310 1.506 2.047 2.372 2.587 2.722 2.845 2.844 2.718 2.611 2.543 0.000 
8.000 7.940 1.510 2.048 2.371 2.585 2.721 2.843 2.843 2.717 2.609 2.542 0.000 
8.000 10.000 1.515 2.049 2.369 2.583 2.719 2.841 2.840 2.714 2.607 2.539 0.000 
8.000 12.590 1.520 2.049 2.365 2.580 2.715 2.837 2.837 2.711 2.603 2.535 0.000 
8.000 15.850 1.524 2.048 2.360 2.574 2.709 2.832 2.831 2.705 2.597 2.529 0.000 
8.000 19.950 1.527 2.044 2.353 2.566 2.700 2.823 2.822 2.695 2.588 2.520 0.000 
8.000 25.120 1.527 2.037 2.340 2.552 2.686 2.809 2.807 2.681 2.573 2.506 0.000 
8.000 31.620 1.522 2.024 2.322 2.532 2.665 2.787 2.786 2.658 2.550 2.484 0.000 
8.000 39.810 1.509 2.003 2.294 2.502 2.633 2.755 2.753 2.625 2.517 2.451 0.000 
8.000 50.120 1.485 1.969 2.254 2.459 2.587 2.709 2.706 2.576 2.467 2.403 0.000 
8.000 63.100 1.446 1.920 2.198 2.397 2.521 2.643 2.639 2.507 2.397 2.336 0.000 
8.000 79.430 1.388 1.852 2.122 2.314 2.432 2.553 2.548 2.413 2.301 2.243 0.000 
8.000 100.000 1.311 1.764 2.026 2.206 2.316 2.436 2.429 2.290 2.176 2.123 0.000 
8.000 125.890 1.214 1.654 1.908 2.073 2.172 2.291 2.281 2.137 2.019 1.973 0.000 
8.000 158.490 1.098 1.526 1.772 1.916 1.999 2.117 2.103 1.951 1.829 1.792 0.000 
8.000 199.530 0.966 1.382 1.618 1.735 1.798 1.914 1.894 1.733 1.605 1.580 0.000 
8.000 251.190 0.819 1.223 1.450 1.532 1.568 1.681 1.655 1.480 1.345 1.336 0.000 
8.000 316.230 0.660 1.051 1.269 1.305 1.307 1.417 1.382 1.190 1.046 1.056 0.000 
8.000 398.110 0.489 0.866 1.075 1.053 1.011 1.117 1.071 0.858 0.702 0.737 0.000 
8.000 501.190 0.305 0.669 0.869 0.773 0.675 0.776 0.716 0.475 0.304 0.372 0.000 
8.000 630.960 0.108 0.458 0.648 0.458 0.290 0.384 0.306 0.031 -0.160 -0.050 0.000 
8.000 794.330 -0.106 0.231 0.411 0.103 -0.155 -0.069 -0.169 -0.489 -0.703 -0.542 0.000 
8.000 1000.000 -0.340 -0.016 0.154 -0.304 -0.674 -0.598 -0.728 -1.102 -1.348 -1.121 0.000 
