AtkinsonBoore2003SSlabCascadia_CanadaSHM6-trial modified from OpenQuake implementation, distance is rrup. Log10 ground motion values in cgs units, PGV and Sa(T<0.1s) not valid
          14 31 11 : nmag, ndist, nperiod
          10.000 5.000 3.000 2.000 1.000 0.400 0.200 0.100 0.040 PGA PGV 
          0.691 0.691 0.691 0.691 0.668 0.645 0.645 0.645 0.576 0.622 0.000 
4.750 1.000 0.450 1.149 1.783 2.501 3.233 3.172 3.417 3.337 3.352 3.069 0.000 
4.750 1.260 0.406 1.102 1.734 2.452 3.184 3.123 3.369 3.288 3.303 3.021 0.000 
4.750 1.580 0.344 1.038 1.668 2.386 3.118 3.057 3.302 3.222 3.237 2.954 0.000 
4.750 2.000 0.264 0.954 1.582 2.300 3.032 2.971 3.216 3.135 3.150 2.868 0.000 
4.750 2.510 0.164 0.851 1.476 2.193 2.925 2.864 3.109 3.028 3.043 2.761 0.000 
4.750 3.160 0.046 0.729 1.351 2.067 2.799 2.803 3.026 2.936 2.951 2.685 0.000 
4.750 3.980 -0.086 0.591 1.210 1.926 2.657 2.775 2.959 2.854 2.869 2.630 0.000 
4.750 5.010 -0.229 0.442 1.056 1.772 2.502 2.709 2.862 2.746 2.761 2.542 0.000 
4.750 6.310 -0.380 0.285 0.894 1.609 2.339 2.611 2.741 2.616 2.630 2.428 0.000 
4.750 7.940 -0.535 0.122 0.726 1.439 2.168 2.486 2.601 2.469 2.483 2.292 0.000 
4.750 10.000 -0.694 -0.045 0.553 1.265 1.993 2.312 2.426 2.293 2.307 2.117 0.000 
4.750 12.590 -0.854 -0.214 0.378 1.088 1.814 2.133 2.246 2.113 2.127 1.937 0.000 
4.750 15.850 -1.015 -0.385 0.200 0.908 1.632 1.951 2.064 1.930 1.943 1.755 0.000 
4.750 19.950 -1.176 -0.556 0.021 0.726 1.448 1.766 1.879 1.743 1.756 1.569 0.000 
4.750 25.120 -1.337 -0.729 -0.160 0.542 1.261 1.579 1.691 1.554 1.566 1.381 0.000 
4.750 31.620 -1.499 -0.902 -0.341 0.355 1.071 1.389 1.500 1.361 1.372 1.189 0.000 
4.750 39.810 -1.661 -1.076 -0.524 0.167 0.878 1.195 1.305 1.165 1.174 0.994 0.000 
4.750 50.120 -1.824 -1.251 -0.707 -0.024 0.681 0.998 1.107 0.963 0.971 0.794 0.000 
4.750 63.100 -1.987 -1.427 -0.892 -0.219 0.480 0.796 0.903 0.756 0.762 0.589 0.000 
4.750 79.430 -2.151 -1.604 -1.079 -0.417 0.273 0.588 0.692 0.541 0.545 0.376 0.000 
4.750 100.000 -2.317 -1.783 -1.267 -0.620 0.058 0.372 0.473 0.317 0.317 0.156 0.000 
4.750 125.890 -2.485 -1.964 -1.458 -0.830 -0.166 0.147 0.245 0.081 0.077 -0.076 0.000 
4.750 158.490 -2.656 -2.149 -1.652 -1.048 -0.402 -0.091 0.003 -0.170 -0.178 -0.321 0.000 
4.750 199.530 -2.831 -2.337 -1.849 -1.276 -0.652 -0.343 -0.255 -0.439 -0.453 -0.583 0.000 
4.750 251.190 -3.010 -2.529 -2.052 -1.516 -0.921 -0.614 -0.534 -0.731 -0.754 -0.867 0.000 
4.750 316.230 -3.195 -2.728 -2.260 -1.772 -1.212 -0.909 -0.838 -1.053 -1.085 -1.177 0.000 
4.750 398.110 -3.387 -2.934 -2.477 -2.048 -1.533 -1.234 -1.174 -1.412 -1.456 -1.522 0.000 
4.750 501.190 -3.589 -3.150 -2.702 -2.349 -1.891 -1.597 -1.552 -1.817 -1.876 -1.909 0.000 
4.750 630.960 -3.803 -3.378 -2.940 -2.681 -2.295 -2.007 -1.980 -2.280 -2.359 -2.351 0.000 
4.750 794.330 -4.032 -3.621 -3.193 -3.053 -2.757 -2.477 -2.473 -2.817 -2.921 -2.860 0.000 
4.750 1000.000 -4.280 -3.883 -3.464 -3.475 -3.292 -3.023 -3.047 -3.447 -3.581 -3.455 0.000 
5.000 1.000 0.576 1.270 1.880 2.567 3.270 3.182 3.407 3.320 3.327 3.059 0.000 
5.000 1.260 0.549 1.241 1.849 2.537 3.239 3.151 3.376 3.289 3.296 3.028 0.000 
5.000 1.580 0.510 1.199 1.805 2.493 3.195 3.107 3.332 3.245 3.252 2.984 0.000 
5.000 2.000 0.454 1.140 1.745 2.432 3.134 3.046 3.271 3.184 3.191 2.923 0.000 
5.000 2.510 0.380 1.063 1.665 2.351 3.053 2.966 3.191 3.103 3.110 2.842 0.000 
5.000 3.160 0.287 0.965 1.564 2.251 2.952 2.865 3.089 3.002 3.009 2.741 0.000 
5.000 3.980 0.175 0.849 1.444 2.130 2.831 2.823 3.020 2.923 2.929 2.680 0.000 
5.000 5.010 0.048 0.716 1.308 1.993 2.694 2.793 2.953 2.841 2.848 2.625 0.000 
5.000 6.310 -0.090 0.571 1.158 1.843 2.543 2.727 2.858 2.734 2.740 2.538 0.000 
5.000 7.940 -0.237 0.417 0.999 1.682 2.381 2.628 2.738 2.606 2.611 2.425 0.000 
5.000 10.000 -0.390 0.257 0.833 1.515 2.213 2.505 2.599 2.460 2.465 2.290 0.000 
5.000 12.590 -0.546 0.092 0.662 1.342 2.038 2.330 2.424 2.284 2.290 2.115 0.000 
5.000 15.850 -0.704 -0.076 0.487 1.165 1.860 2.152 2.245 2.104 2.109 1.935 0.000 
5.000 19.950 -0.863 -0.245 0.311 0.985 1.678 1.970 2.062 1.921 1.925 1.752 0.000 
5.000 25.120 -1.023 -0.416 0.132 0.803 1.493 1.785 1.876 1.733 1.737 1.566 0.000 
5.000 31.620 -1.183 -0.587 -0.047 0.619 1.305 1.596 1.687 1.542 1.545 1.376 0.000 
5.000 39.810 -1.344 -0.760 -0.229 0.432 1.114 1.404 1.494 1.347 1.348 1.182 0.000 
5.000 50.120 -1.506 -0.934 -0.411 0.242 0.918 1.208 1.297 1.147 1.146 0.984 0.000 
5.000 63.100 -1.668 -1.108 -0.595 0.049 0.718 1.007 1.094 0.941 0.938 0.780 0.000 
5.000 79.430 -1.832 -1.285 -0.780 -0.148 0.512 0.800 0.884 0.727 0.722 0.569 0.000 
5.000 100.000 -1.997 -1.463 -0.967 -0.351 0.298 0.586 0.667 0.504 0.496 0.349 0.000 
5.000 125.890 -2.164 -1.643 -1.157 -0.560 0.075 0.361 0.439 0.269 0.257 0.119 0.000 
5.000 158.490 -2.334 -1.826 -1.350 -0.776 -0.160 0.125 0.198 0.019 0.003 -0.126 0.000 
5.000 199.530 -2.507 -2.013 -1.547 -1.003 -0.409 -0.126 -0.059 -0.249 -0.272 -0.387 0.000 
5.000 251.190 -2.685 -2.205 -1.748 -1.242 -0.676 -0.396 -0.336 -0.540 -0.571 -0.669 0.000 
5.000 316.230 -2.869 -2.403 -1.956 -1.497 -0.967 -0.690 -0.639 -0.861 -0.901 -0.979 0.000 
5.000 398.110 -3.061 -2.608 -2.171 -1.772 -1.287 -1.014 -0.975 -1.218 -1.271 -1.322 0.000 
5.000 501.190 -3.262 -2.823 -2.395 -2.072 -1.643 -1.376 -1.351 -1.622 -1.690 -1.709 0.000 
5.000 630.960 -3.475 -3.050 -2.632 -2.403 -2.046 -1.785 -1.778 -2.085 -2.172 -2.149 0.000 
5.000 794.330 -3.703 -3.291 -2.884 -2.774 -2.507 -2.254 -2.270 -2.621 -2.733 -2.657 0.000 
5.000 1000.000 -3.950 -3.552 -3.154 -3.195 -3.041 -2.798 -2.843 -3.249 -3.392 -3.251 0.000 
5.250 1.000 0.688 1.376 1.963 2.620 3.292 3.178 3.383 3.289 3.287 3.034 0.000 
5.250 1.260 0.673 1.359 1.945 2.601 3.274 3.160 3.364 3.271 3.269 3.016 0.000 
5.250 1.580 0.649 1.334 1.917 2.574 3.246 3.132 3.337 3.243 3.241 2.988 0.000 
5.250 2.000 0.614 1.296 1.878 2.534 3.206 3.092 3.297 3.203 3.201 2.948 0.000 
5.250 2.510 0.564 1.243 1.822 2.478 3.150 3.036 3.241 3.147 3.145 2.892 0.000 
5.250 3.160 0.497 1.171 1.748 2.404 3.075 2.961 3.166 3.072 3.070 2.817 0.000 
5.250 3.980 0.410 1.080 1.653 2.308 2.980 2.866 3.070 2.976 2.974 2.722 0.000 
5.250 5.010 0.304 0.969 1.539 2.194 2.865 2.842 3.015 2.909 2.907 2.676 0.000 
5.250 6.310 0.183 0.842 1.407 2.061 2.731 2.810 2.948 2.829 2.826 2.620 0.000 
5.250 7.940 0.049 0.701 1.261 1.914 2.584 2.744 2.854 2.723 2.720 2.534 0.000 
5.250 10.000 -0.094 0.550 1.105 1.756 2.425 2.647 2.735 2.596 2.593 2.421 0.000 
5.250 12.590 -0.244 0.392 0.941 1.591 2.258 2.523 2.597 2.451 2.447 2.287 0.000 
5.250 15.850 -0.397 0.229 0.772 1.419 2.085 2.350 2.423 2.276 2.272 2.113 0.000 
5.250 19.950 -0.553 0.063 0.599 1.243 1.906 2.172 2.244 2.096 2.091 1.934 0.000 
5.250 25.120 -0.711 -0.105 0.423 1.064 1.724 1.989 2.061 1.911 1.906 1.750 0.000 
5.250 31.620 -0.870 -0.275 0.245 0.881 1.538 1.803 1.873 1.722 1.716 1.562 0.000 
5.250 39.810 -1.029 -0.446 0.066 0.696 1.349 1.613 1.682 1.529 1.521 1.370 0.000 
5.250 50.120 -1.189 -0.618 -0.115 0.508 1.154 1.418 1.486 1.330 1.321 1.173 0.000 
5.250 63.100 -1.351 -0.792 -0.297 0.316 0.955 1.218 1.285 1.125 1.114 0.970 0.000 
5.250 79.430 -1.513 -0.967 -0.482 0.120 0.750 1.013 1.076 0.913 0.899 0.760 0.000 
5.250 100.000 -1.677 -1.144 -0.668 -0.081 0.538 0.799 0.860 0.691 0.674 0.542 0.000 
5.250 125.890 -1.843 -1.323 -0.856 -0.289 0.316 0.576 0.633 0.457 0.437 0.313 0.000 
5.250 158.490 -2.012 -1.505 -1.048 -0.505 0.083 0.341 0.394 0.208 0.183 0.070 0.000 
5.250 199.530 -2.185 -1.691 -1.244 -0.730 -0.166 0.091 0.138 -0.059 -0.090 -0.190 0.000 
5.250 251.190 -2.362 -1.882 -1.444 -0.968 -0.432 -0.179 -0.139 -0.349 -0.388 -0.472 0.000 
5.250 316.230 -2.545 -2.079 -1.651 -1.222 -0.722 -0.472 -0.441 -0.669 -0.717 -0.781 0.000 
5.250 398.110 -2.736 -2.283 -1.865 -1.496 -1.041 -0.794 -0.775 -1.025 -1.086 -1.123 0.000 
5.250 501.190 -2.936 -2.497 -2.088 -1.795 -1.396 -1.155 -1.150 -1.428 -1.505 -1.509 0.000 
5.250 630.960 -3.148 -2.722 -2.324 -2.125 -1.798 -1.563 -1.577 -1.889 -1.985 -1.948 0.000 
5.250 794.330 -3.375 -2.963 -2.575 -2.495 -2.258 -2.031 -2.067 -2.424 -2.545 -2.455 0.000 
5.250 1000.000 -3.620 -3.223 -2.844 -2.915 -2.791 -2.575 -2.640 -3.052 -3.203 -3.048 0.000 
5.500 1.000 0.791 1.474 2.038 2.664 3.307 3.166 3.350 3.250 3.240 3.001 0.000 
5.500 1.260 0.783 1.464 2.027 2.653 3.296 3.155 3.339 3.239 3.229 2.990 0.000 
5.500 1.580 0.770 1.449 2.011 2.637 3.279 3.139 3.323 3.223 3.212 2.974 0.000 
5.500 2.000 0.750 1.427 1.987 2.612 3.255 3.114 3.298 3.198 3.188 2.949 0.000 
5.500 2.510 0.719 1.393 1.951 2.576 3.219 3.078 3.262 3.162 3.151 2.913 0.000 
5.500 3.160 0.675 1.345 1.900 2.525 3.167 3.027 3.211 3.111 3.100 2.862 0.000 
5.500 3.980 0.613 1.279 1.831 2.456 3.098 2.957 3.141 3.041 3.030 2.792 0.000 
5.500 5.010 0.533 1.194 1.742 2.367 3.008 2.867 3.051 2.951 2.940 2.702 0.000 
5.500 6.310 0.434 1.089 1.634 2.257 2.898 2.861 3.009 2.895 2.884 2.671 0.000 
5.500 7.940 0.318 0.967 1.507 2.129 2.770 2.828 2.943 2.816 2.805 2.615 0.000 
5.500 10.000 0.189 0.830 1.365 1.986 2.625 2.762 2.850 2.712 2.701 2.530 0.000 
5.500 12.590 0.050 0.683 1.212 1.831 2.469 2.665 2.733 2.586 2.574 2.419 0.000 
5.500 15.850 -0.097 0.528 1.050 1.668 2.304 2.542 2.595 2.442 2.429 2.285 0.000 
5.500 19.950 -0.248 0.367 0.883 1.497 2.131 2.369 2.421 2.267 2.254 2.111 0.000 
5.500 25.120 -0.402 0.203 0.711 1.322 1.953 2.191 2.242 2.087 2.073 1.931 0.000 
5.500 31.620 -0.558 0.036 0.536 1.142 1.770 2.008 2.058 1.901 1.886 1.746 0.000 
5.500 39.810 -0.716 -0.133 0.359 0.959 1.582 1.820 1.869 1.709 1.694 1.557 0.000 
5.500 50.120 -0.875 -0.304 0.180 0.773 1.390 1.627 1.675 1.513 1.495 1.361 0.000 
5.500 63.100 -1.035 -0.476 -0.001 0.582 1.193 1.429 1.475 1.309 1.290 1.160 0.000 
5.500 79.430 -1.196 -0.650 -0.184 0.388 0.989 1.224 1.268 1.098 1.076 0.952 0.000 
5.500 100.000 -1.359 -0.826 -0.369 0.188 0.778 1.012 1.053 0.877 0.852 0.735 0.000 
5.500 125.890 -1.524 -1.004 -0.556 -0.019 0.557 0.790 0.827 0.645 0.616 0.506 0.000 
5.500 158.490 -1.692 -1.185 -0.747 -0.233 0.325 0.556 0.589 0.397 0.364 0.265 0.000 
5.500 199.530 -1.864 -1.370 -0.941 -0.458 0.077 0.307 0.334 0.131 0.092 0.006 0.000 
5.500 251.190 -2.040 -1.560 -1.141 -0.695 -0.188 0.039 0.059 -0.158 -0.205 -0.275 0.000 
5.500 316.230 -2.222 -1.756 -1.346 -0.948 -0.477 -0.253 -0.242 -0.476 -0.534 -0.582 0.000 
5.500 398.110 -2.412 -1.959 -1.559 -1.221 -0.795 -0.575 -0.576 -0.832 -0.902 -0.924 0.000 
5.500 501.190 -2.611 -2.172 -1.782 -1.518 -1.149 -0.935 -0.950 -1.234 -1.319 -1.308 0.000 
5.500 630.960 -2.821 -2.396 -2.016 -1.848 -1.550 -1.342 -1.375 -1.694 -1.799 -1.747 0.000 
5.500 794.330 -3.047 -2.636 -2.266 -2.217 -2.009 -1.809 -1.865 -2.228 -2.357 -2.253 0.000 
5.500 1000.000 -3.292 -2.895 -2.535 -2.636 -2.541 -2.351 -2.436 -2.855 -3.015 -2.845 0.000 
5.750 1.000 0.889 1.566 2.109 2.704 3.316 3.149 3.313 3.206 3.187 2.964 0.000 
5.750 1.260 0.885 1.561 2.103 2.698 3.310 3.143 3.307 3.200 3.181 2.958 0.000 
5.750 1.580 0.879 1.553 2.094 2.689 3.301 3.134 3.297 3.191 3.171 2.948 0.000 
5.750 2.000 0.869 1.540 2.079 2.674 3.286 3.119 3.283 3.176 3.157 2.933 0.000 
5.750 2.510 0.851 1.520 2.058 2.652 3.264 3.097 3.260 3.154 3.134 2.911 0.000 
5.750 3.160 0.825 1.491 2.025 2.619 3.231 3.064 3.228 3.121 3.102 2.878 0.000 
5.750 3.980 0.785 1.447 1.979 2.573 3.185 3.017 3.181 3.074 3.055 2.832 0.000 
5.750 5.010 0.730 1.387 1.916 2.509 3.120 2.953 3.117 3.009 2.990 2.767 0.000 
5.750 6.310 0.656 1.308 1.833 2.425 3.036 2.886 3.044 2.934 2.914 2.696 0.000 
5.750 7.940 0.564 1.209 1.730 2.321 2.932 2.880 3.003 2.881 2.861 2.666 0.000 
5.750 10.000 0.454 1.092 1.608 2.198 2.808 2.845 2.938 2.803 2.783 2.610 0.000 
5.750 12.590 0.329 0.960 1.470 2.059 2.667 2.780 2.846 2.701 2.680 2.526 0.000 
5.750 15.850 0.194 0.817 1.320 1.907 2.513 2.684 2.730 2.576 2.555 2.416 0.000 
5.750 19.950 0.051 0.664 1.161 1.745 2.349 2.561 2.593 2.432 2.411 2.282 0.000 
5.750 25.120 -0.098 0.505 0.995 1.576 2.177 2.389 2.420 2.258 2.236 2.109 0.000 
5.750 31.620 -0.250 0.342 0.825 1.400 1.998 2.210 2.240 2.076 2.053 1.928 0.000 
5.750 39.810 -0.405 0.176 0.651 1.221 1.814 2.025 2.054 1.888 1.864 1.741 0.000 
5.750 50.120 -0.562 0.008 0.474 1.036 1.624 1.835 1.862 1.694 1.668 1.549 0.000 
5.750 63.100 -0.720 -0.162 0.295 0.848 1.429 1.639 1.664 1.492 1.464 1.349 0.000 
5.750 79.430 -0.880 -0.335 0.114 0.655 1.227 1.436 1.459 1.283 1.252 1.143 0.000 
5.750 100.000 -1.042 -0.509 -0.070 0.456 1.017 1.225 1.245 1.063 1.030 0.927 0.000 
5.750 125.890 -1.206 -0.686 -0.256 0.251 0.797 1.004 1.021 0.832 0.795 0.700 0.000 
5.750 158.490 -1.373 -0.867 -0.446 0.038 0.566 0.771 0.784 0.586 0.544 0.459 0.000 
5.750 199.530 -1.544 -1.051 -0.639 -0.186 0.320 0.523 0.530 0.321 0.273 0.201 0.000 
5.750 251.190 -1.719 -1.239 -0.837 -0.422 0.056 0.256 0.256 0.033 -0.023 -0.078 0.000 
5.750 316.230 -1.900 -1.434 -1.042 -0.674 -0.232 -0.035 -0.044 -0.285 -0.350 -0.385 0.000 
5.750 398.110 -2.089 -1.636 -1.254 -0.945 -0.549 -0.355 -0.377 -0.639 -0.717 -0.725 0.000 
5.750 501.190 -2.287 -1.848 -1.475 -1.242 -0.902 -0.714 -0.750 -1.040 -1.133 -1.108 0.000 
5.750 630.960 -2.497 -2.072 -1.709 -1.570 -1.302 -1.120 -1.174 -1.499 -1.612 -1.546 0.000 
5.750 794.330 -2.721 -2.310 -1.957 -1.938 -1.759 -1.586 -1.663 -2.032 -2.170 -2.051 0.000 
5.750 1000.000 -2.965 -2.568 -2.225 -2.356 -2.290 -2.127 -2.233 -2.658 -2.826 -2.641 0.000 
6.000 1.000 0.984 1.657 2.179 2.743 3.324 3.130 3.274 3.160 3.132 2.924 0.000 
6.000 1.260 0.983 1.654 2.176 2.739 3.321 3.127 3.270 3.157 3.129 2.921 0.000 
6.000 1.580 0.981 1.650 2.171 2.734 3.316 3.122 3.265 3.151 3.123 2.915 0.000 
6.000 2.000 0.976 1.643 2.162 2.725 3.307 3.113 3.256 3.143 3.115 2.907 0.000 
6.000 2.510 0.968 1.632 2.149 2.712 3.294 3.100 3.243 3.130 3.102 2.894 0.000 
6.000 3.160 0.954 1.615 2.130 2.693 3.274 3.080 3.223 3.110 3.082 2.874 0.000 
6.000 3.980 0.931 1.588 2.101 2.663 3.245 3.051 3.194 3.080 3.052 2.844 0.000 
6.000 5.010 0.896 1.549 2.059 2.621 3.202 3.008 3.151 3.037 3.009 2.801 0.000 
6.000 6.310 0.847 1.495 2.001 2.562 3.143 2.949 3.092 2.978 2.949 2.742 0.000 
6.000 7.940 0.779 1.422 1.923 2.484 3.064 2.908 3.038 2.918 2.890 2.692 0.000 
6.000 10.000 0.693 1.329 1.826 2.386 2.965 2.898 2.997 2.866 2.837 2.660 0.000 
6.000 12.590 0.589 1.218 1.709 2.267 2.846 2.863 2.933 2.790 2.760 2.605 0.000 
6.000 15.850 0.470 1.090 1.576 2.132 2.709 2.797 2.842 2.689 2.660 2.522 0.000 
6.000 19.950 0.339 0.950 1.430 1.983 2.557 2.703 2.728 2.566 2.536 2.412 0.000 
6.000 25.120 0.199 0.800 1.273 1.823 2.394 2.580 2.590 2.422 2.391 2.279 0.000 
6.000 31.620 0.053 0.644 1.109 1.654 2.222 2.407 2.417 2.247 2.215 2.105 0.000 
6.000 39.810 -0.098 0.482 0.940 1.479 2.043 2.227 2.236 2.064 2.031 1.923 0.000 
6.000 50.120 -0.252 0.317 0.766 1.298 1.857 2.040 2.048 1.873 1.838 1.734 0.000 
6.000 63.100 -0.408 0.149 0.590 1.112 1.664 1.847 1.852 1.674 1.638 1.537 0.000 
6.000 79.430 -0.566 -0.021 0.410 0.921 1.464 1.646 1.649 1.466 1.428 1.332 0.000 
6.000 100.000 -0.726 -0.194 0.228 0.724 1.255 1.437 1.437 1.249 1.207 1.118 0.000 
6.000 125.890 -0.889 -0.370 0.044 0.520 1.037 1.218 1.214 1.019 0.973 0.893 0.000 
6.000 158.490 -1.055 -0.549 -0.145 0.308 0.807 0.986 0.978 0.774 0.723 0.653 0.000 
6.000 199.530 -1.225 -0.732 -0.337 0.086 0.563 0.739 0.726 0.510 0.454 0.397 0.000 
6.000 251.190 -1.399 -0.920 -0.534 -0.149 0.299 0.473 0.453 0.223 0.159 0.119 0.000 
6.000 316.230 -1.579 -1.113 -0.737 -0.399 0.013 0.184 0.154 -0.093 -0.167 -0.187 0.000 
6.000 398.110 -1.767 -1.314 -0.948 -0.670 -0.303 -0.136 -0.178 -0.446 -0.533 -0.526 0.000 
6.000 501.190 -1.964 -1.525 -1.169 -0.966 -0.655 -0.494 -0.550 -0.846 -0.948 -0.909 0.000 
6.000 630.960 -2.173 -1.748 -1.401 -1.293 -1.054 -0.899 -0.973 -1.305 -1.426 -1.345 0.000 
6.000 794.330 -2.397 -1.986 -1.649 -1.660 -1.511 -1.364 -1.461 -1.836 -1.982 -1.849 0.000 
6.000 1000.000 -2.640 -2.242 -1.916 -2.077 -2.041 -1.904 -2.030 -2.461 -2.638 -2.439 0.000 
6.250 1.000 1.079 1.746 2.250 2.781 3.332 3.111 3.234 3.113 3.076 2.884 0.000 
6.250 1.260 1.080 1.745 2.248 2.779 3.330 3.109 3.232 3.111 3.074 2.882 0.000 
6.250 1.580 1.079 1.743 2.245 2.776 3.327 3.106 3.229 3.108 3.071 2.878 0.000 
6.250 2.000 1.078 1.740 2.240 2.771 3.322 3.101 3.224 3.103 3.066 2.874 0.000 
6.250 2.510 1.075 1.734 2.233 2.763 3.314 3.094 3.216 3.096 3.059 2.866 0.000 
6.250 3.160 1.068 1.725 2.221 2.752 3.303 3.082 3.205 3.084 3.047 2.854 0.000 
6.250 3.980 1.057 1.710 2.204 2.734 3.285 3.064 3.187 3.066 3.029 2.837 0.000 
6.250 5.010 1.037 1.686 2.178 2.708 3.258 3.038 3.160 3.039 3.002 2.810 0.000 
6.250 6.310 1.007 1.652 2.140 2.669 3.219 2.999 3.121 3.000 2.963 2.771 0.000 
6.250 7.940 0.963 1.602 2.086 2.615 3.165 2.944 3.066 2.945 2.908 2.716 0.000 
6.250 10.000 0.902 1.535 2.014 2.542 3.091 2.929 3.031 2.902 2.864 2.687 0.000 
6.250 12.590 0.823 1.448 1.923 2.449 2.997 2.916 2.990 2.850 2.812 2.654 0.000 
6.250 15.850 0.725 1.343 1.811 2.336 2.883 2.880 2.927 2.775 2.737 2.599 0.000 
6.250 19.950 0.611 1.220 1.683 2.205 2.749 2.815 2.838 2.676 2.638 2.516 0.000 
6.250 25.120 0.484 1.084 1.540 2.058 2.600 2.721 2.724 2.554 2.515 2.408 0.000 
6.250 31.620 0.347 0.937 1.386 1.900 2.439 2.597 2.586 2.410 2.369 2.274 0.000 
6.250 39.810 0.203 0.782 1.223 1.732 2.266 2.424 2.413 2.234 2.192 2.099 0.000 
6.250 50.120 0.054 0.622 1.055 1.556 2.085 2.243 2.230 2.048 2.005 1.915 0.000 
6.250 63.100 -0.099 0.457 0.882 1.374 1.896 2.053 2.038 1.853 1.808 1.722 0.000 
6.250 79.430 -0.254 0.290 0.706 1.186 1.699 1.855 1.838 1.648 1.601 1.521 0.000 
6.250 100.000 -0.413 0.119 0.526 0.991 1.493 1.648 1.628 1.433 1.383 1.309 0.000 
6.250 125.890 -0.574 -0.056 0.343 0.789 1.277 1.430 1.407 1.205 1.151 1.085 0.000 
6.250 158.490 -0.739 -0.233 0.156 0.579 1.048 1.200 1.172 0.962 0.902 0.847 0.000 
6.250 199.530 -0.907 -0.415 -0.035 0.358 0.805 0.955 0.921 0.699 0.634 0.592 0.000 
6.250 251.190 -1.080 -0.601 -0.231 0.124 0.543 0.690 0.649 0.414 0.340 0.315 0.000 
6.250 316.230 -1.259 -0.794 -0.433 -0.126 0.257 0.401 0.351 0.098 0.015 0.011 0.000 
6.250 398.110 -1.446 -0.994 -0.643 -0.395 -0.057 0.083 0.021 -0.254 -0.349 -0.328 0.000 
6.250 501.190 -1.642 -1.204 -0.863 -0.690 -0.409 -0.274 -0.350 -0.653 -0.763 -0.709 0.000 
6.250 630.960 -1.850 -1.425 -1.094 -1.016 -0.806 -0.678 -0.772 -1.110 -1.240 -1.144 0.000 
6.250 794.330 -2.073 -1.662 -1.341 -1.382 -1.262 -1.142 -1.259 -1.641 -1.795 -1.647 0.000 
6.250 1000.000 -2.315 -1.918 -1.607 -1.798 -1.791 -1.681 -1.827 -2.264 -2.450 -2.236 0.000 
6.500 1.000 1.174 1.835 2.321 2.819 3.339 3.091 3.193 3.065 3.019 2.842 0.000 
6.500 1.260 1.175 1.835 2.320 2.818 3.337 3.090 3.192 3.064 3.018 2.841 0.000 
6.500 1.580 1.176 1.834 2.318 2.816 3.336 3.088 3.190 3.063 3.017 2.840 0.000 
6.500 2.000 1.177 1.833 2.315 2.813 3.333 3.086 3.188 3.060 3.014 2.837 0.000 
6.500 2.510 1.176 1.830 2.311 2.809 3.329 3.081 3.183 3.056 3.009 2.832 0.000 
6.500 3.160 1.174 1.826 2.304 2.802 3.322 3.075 3.177 3.049 3.003 2.826 0.000 
6.500 3.980 1.169 1.818 2.294 2.792 3.312 3.064 3.166 3.038 2.992 2.815 0.000 
6.500 5.010 1.160 1.805 2.279 2.776 3.296 3.048 3.150 3.022 2.976 2.799 0.000 
6.500 6.310 1.144 1.785 2.255 2.753 3.272 3.024 3.126 2.998 2.952 2.775 0.000 
6.500 7.940 1.119 1.754 2.221 2.718 3.236 2.989 3.091 2.962 2.916 2.740 0.000 
6.500 10.000 1.080 1.709 2.172 2.668 3.186 2.949 3.047 2.917 2.871 2.697 0.000 
6.500 12.590 1.025 1.648 2.106 2.601 3.118 2.949 3.023 2.884 2.837 2.680 0.000 
6.500 15.850 0.952 1.567 2.020 2.513 3.029 2.934 2.982 2.833 2.786 2.647 0.000 
6.500 19.950 0.860 1.467 1.914 2.404 2.919 2.896 2.920 2.759 2.712 2.591 0.000 
6.500 25.120 0.752 1.349 1.790 2.277 2.789 2.831 2.832 2.662 2.614 2.510 0.000 
6.500 31.620 0.629 1.217 1.650 2.134 2.642 2.737 2.719 2.541 2.491 2.402 0.000 
6.500 39.810 0.495 1.073 1.499 1.977 2.481 2.612 2.580 2.395 2.345 2.267 0.000 
6.500 50.120 0.354 0.920 1.338 1.809 2.308 2.439 2.405 2.217 2.166 2.091 0.000 
6.500 63.100 0.206 0.761 1.171 1.632 2.124 2.254 2.219 2.028 1.975 1.904 0.000 
6.500 79.430 0.054 0.597 0.998 1.448 1.931 2.061 2.023 1.828 1.772 1.706 0.000 
6.500 100.000 -0.102 0.429 0.821 1.256 1.728 1.857 1.816 1.615 1.556 1.497 0.000 
6.500 125.890 -0.261 0.257 0.640 1.057 1.514 1.641 1.598 1.390 1.327 1.276 0.000 
6.500 158.490 -0.424 0.081 0.455 0.848 1.288 1.413 1.365 1.148 1.080 1.040 0.000 
6.500 199.530 -0.591 -0.099 0.266 0.629 1.046 1.169 1.115 0.888 0.814 0.786 0.000 
6.500 251.190 -0.763 -0.284 0.071 0.396 0.785 0.906 0.845 0.603 0.522 0.510 0.000 
6.500 316.230 -0.941 -0.476 -0.130 0.148 0.501 0.619 0.548 0.289 0.198 0.207 0.000 
6.500 398.110 -1.127 -0.675 -0.339 -0.121 0.188 0.301 0.219 -0.062 -0.166 -0.130 0.000 
6.500 501.190 -1.322 -0.883 -0.557 -0.414 -0.162 -0.054 -0.150 -0.460 -0.579 -0.510 0.000 
6.500 630.960 -1.529 -1.104 -0.787 -0.739 -0.559 -0.457 -0.571 -0.916 -1.054 -0.944 0.000 
6.500 794.330 -1.751 -1.340 -1.033 -1.104 -1.014 -0.920 -1.057 -1.446 -1.609 -1.446 0.000 
6.500 1000.000 -1.992 -1.595 -1.298 -1.519 -1.542 -1.458 -1.624 -2.068 -2.262 -2.034 0.000 
6.750 1.000 1.270 1.925 2.393 2.858 3.345 3.071 3.152 3.017 2.962 2.801 0.000 
6.750 1.260 1.271 1.925 2.392 2.857 3.345 3.070 3.151 3.016 2.961 2.800 0.000 
6.750 1.580 1.272 1.925 2.391 2.856 3.344 3.069 3.150 3.015 2.960 2.799 0.000 
6.750 2.000 1.274 1.925 2.390 2.854 3.342 3.068 3.149 3.014 2.958 2.797 0.000 
6.750 2.510 1.275 1.924 2.388 2.852 3.340 3.065 3.146 3.011 2.956 2.795 0.000 
6.750 3.160 1.275 1.922 2.384 2.848 3.336 3.062 3.143 3.007 2.952 2.791 0.000 
6.750 3.980 1.274 1.918 2.378 2.842 3.330 3.056 3.137 3.001 2.946 2.785 0.000 
6.750 5.010 1.271 1.912 2.369 2.833 3.320 3.046 3.127 2.992 2.936 2.776 0.000 
6.750 6.310 1.264 1.901 2.355 2.819 3.306 3.032 3.113 2.977 2.922 2.761 0.000 
6.750 7.940 1.252 1.883 2.334 2.798 3.284 3.010 3.091 2.955 2.900 2.739 0.000 
6.750 10.000 1.230 1.856 2.303 2.766 3.252 2.978 3.059 2.923 2.867 2.707 0.000 
6.750 12.590 1.197 1.816 2.259 2.720 3.206 2.972 3.039 2.897 2.841 2.691 0.000 
6.750 15.850 1.148 1.760 2.197 2.658 3.142 2.968 3.014 2.864 2.808 2.673 0.000 
6.750 19.950 1.081 1.685 2.117 2.575 3.058 2.950 2.973 2.814 2.757 2.638 0.000 
6.750 25.120 0.995 1.591 2.016 2.472 2.952 2.912 2.911 2.742 2.684 2.583 0.000 
6.750 31.620 0.892 1.478 1.897 2.348 2.826 2.847 2.824 2.645 2.587 2.502 0.000 
6.750 39.810 0.773 1.350 1.761 2.207 2.681 2.753 2.712 2.524 2.465 2.394 0.000 
6.750 50.120 0.643 1.208 1.612 2.052 2.520 2.624 2.571 2.376 2.316 2.256 0.000 
6.750 63.100 0.504 1.058 1.453 1.884 2.346 2.449 2.394 2.196 2.134 2.078 0.000 
6.750 79.430 0.357 0.899 1.287 1.706 2.159 2.262 2.204 2.002 1.937 1.886 0.000 
6.750 100.000 0.205 0.736 1.114 1.518 1.961 2.062 2.002 1.794 1.727 1.682 0.000 
6.750 125.890 0.049 0.567 0.936 1.322 1.750 1.851 1.786 1.572 1.501 1.464 0.000 
6.750 158.490 -0.112 0.393 0.754 1.116 1.526 1.625 1.556 1.333 1.257 1.231 0.000 
6.750 199.530 -0.277 0.215 0.566 0.898 1.286 1.383 1.309 1.075 0.992 0.979 0.000 
6.750 251.190 -0.447 0.031 0.373 0.668 1.027 1.122 1.040 0.792 0.702 0.705 0.000 
6.750 316.230 -0.624 -0.159 0.173 0.421 0.745 0.836 0.745 0.479 0.380 0.404 0.000 
6.750 398.110 -0.809 -0.357 -0.034 0.154 0.433 0.519 0.417 0.130 0.018 0.068 0.000 
6.750 501.190 -1.002 -0.564 -0.251 -0.139 0.083 0.165 0.049 -0.267 -0.394 -0.311 0.000 
6.750 630.960 -1.208 -0.784 -0.481 -0.463 -0.312 -0.237 -0.371 -0.722 -0.869 -0.744 0.000 
6.750 794.330 -1.429 -1.019 -0.725 -0.827 -0.765 -0.698 -0.856 -1.250 -1.422 -1.245 0.000 
6.750 1000.000 -1.669 -1.272 -0.989 -1.240 -1.292 -1.236 -1.422 -1.872 -2.074 -1.831 0.000 
7.000 1.000 1.365 2.015 2.467 2.896 3.351 3.050 3.110 2.967 2.902 2.758 0.000 
7.000 1.260 1.367 2.015 2.466 2.896 3.351 3.050 3.110 2.966 2.902 2.757 0.000 
7.000 1.580 1.368 2.016 2.466 2.895 3.350 3.049 3.109 2.966 2.901 2.757 0.000 
7.000 2.000 1.370 2.016 2.465 2.895 3.349 3.048 3.108 2.965 2.900 2.756 0.000 
7.000 2.510 1.372 2.016 2.464 2.893 3.348 3.047 3.107 2.963 2.899 2.754 0.000 
7.000 3.160 1.374 2.015 2.461 2.891 3.346 3.045 3.105 2.961 2.896 2.752 0.000 
7.000 3.980 1.375 2.014 2.458 2.888 3.342 3.041 3.101 2.958 2.893 2.749 0.000 
7.000 5.010 1.375 2.011 2.453 2.882 3.337 3.036 3.096 2.952 2.887 2.743 0.000 
7.000 6.310 1.374 2.006 2.445 2.874 3.328 3.027 3.087 2.944 2.879 2.735 0.000 
7.000 7.940 1.369 1.997 2.433 2.862 3.316 3.014 3.074 2.931 2.866 2.722 0.000 
7.000 10.000 1.359 1.982 2.414 2.842 3.296 2.995 3.055 2.911 2.846 2.702 0.000 
7.000 12.590 1.342 1.958 2.386 2.814 3.267 2.994 3.044 2.896 2.831 2.694 0.000 
7.000 15.850 1.313 1.922 2.345 2.772 3.224 2.993 3.028 2.875 2.809 2.683 0.000 
7.000 19.950 1.270 1.871 2.289 2.714 3.165 2.986 3.003 2.842 2.776 2.663 0.000 
7.000 25.120 1.209 1.802 2.214 2.636 3.085 2.966 2.962 2.792 2.726 2.628 0.000 
7.000 31.620 1.129 1.713 2.118 2.537 2.984 2.926 2.900 2.721 2.654 2.572 0.000 
7.000 39.810 1.031 1.606 2.004 2.418 2.860 2.860 2.814 2.625 2.557 2.491 0.000 
7.000 50.120 0.917 1.481 1.872 2.279 2.717 2.766 2.701 2.503 2.434 2.383 0.000 
7.000 63.100 0.790 1.343 1.726 2.124 2.556 2.632 2.557 2.352 2.281 2.240 0.000 
7.000 79.430 0.653 1.194 1.568 1.956 2.379 2.455 2.377 2.168 2.094 2.058 0.000 
7.000 100.000 0.507 1.037 1.402 1.775 2.187 2.262 2.182 1.967 1.891 1.861 0.000 
7.000 125.890 0.355 0.872 1.229 1.584 1.982 2.056 1.971 1.750 1.670 1.649 0.000 
7.000 158.490 0.198 0.702 1.050 1.381 1.762 1.834 1.745 1.515 1.430 1.419 0.000 
7.000 199.530 0.035 0.526 0.865 1.167 1.525 1.595 1.500 1.260 1.169 1.170 0.000 
7.000 251.190 -0.134 0.345 0.674 0.938 1.268 1.336 1.234 0.979 0.881 0.899 0.000 
7.000 316.230 -0.309 0.156 0.476 0.693 0.987 1.052 0.941 0.669 0.560 0.599 0.000 
7.000 398.110 -0.492 -0.040 0.270 0.427 0.677 0.737 0.615 0.320 0.200 0.265 0.000 
7.000 501.190 -0.685 -0.247 0.054 0.136 0.329 0.384 0.247 -0.075 -0.211 -0.113 0.000 
7.000 630.960 -0.889 -0.465 -0.174 -0.187 -0.065 -0.017 -0.171 -0.528 -0.684 -0.544 0.000 
7.000 794.330 -1.109 -0.699 -0.418 -0.549 -0.518 -0.477 -0.655 -1.056 -1.236 -1.044 0.000 
7.000 1000.000 -1.348 -0.951 -0.680 -0.962 -1.043 -1.013 -1.220 -1.676 -1.887 -1.630 0.000 
7.250 1.000 1.461 2.105 2.541 2.935 3.355 3.027 3.066 2.914 2.839 2.712 0.000 
7.250 1.260 1.463 2.106 2.541 2.934 3.355 3.027 3.066 2.914 2.839 2.712 0.000 
7.250 1.580 1.464 2.106 2.541 2.934 3.355 3.027 3.065 2.913 2.839 2.712 0.000 
7.250 2.000 1.466 2.107 2.540 2.934 3.354 3.026 3.065 2.913 2.838 2.711 0.000 
7.250 2.510 1.468 2.107 2.540 2.933 3.353 3.025 3.064 2.912 2.837 2.710 0.000 
7.250 3.160 1.471 2.107 2.539 2.932 3.352 3.024 3.063 2.911 2.836 2.709 0.000 
7.250 3.980 1.473 2.107 2.537 2.930 3.350 3.022 3.061 2.909 2.834 2.707 0.000 
7.250 5.010 1.475 2.107 2.534 2.927 3.347 3.019 3.058 2.906 2.831 2.704 0.000 
7.250 6.310 1.477 2.105 2.529 2.922 3.342 3.014 3.053 2.901 2.826 2.699 0.000 
7.250 7.940 1.477 2.100 2.522 2.915 3.335 3.015 3.050 2.897 2.823 2.698 0.000 
7.250 10.000 1.474 2.093 2.511 2.903 3.323 3.016 3.047 2.892 2.817 2.695 0.000 
7.250 12.590 1.467 2.080 2.494 2.886 3.305 3.016 3.041 2.883 2.809 2.691 0.000 
7.250 15.850 1.453 2.060 2.469 2.860 3.278 3.016 3.031 2.870 2.795 2.685 0.000 
7.250 19.950 1.429 2.028 2.432 2.822 3.239 3.012 3.015 2.849 2.773 2.672 0.000 
7.250 25.120 1.391 1.982 2.380 2.768 3.184 3.002 2.989 2.816 2.740 2.650 0.000 
7.250 31.620 1.336 1.918 2.310 2.694 3.108 2.980 2.948 2.766 2.690 2.614 0.000 
7.250 39.810 1.262 1.835 2.220 2.600 3.011 2.938 2.886 2.696 2.618 2.558 0.000 
7.250 50.120 1.170 1.732 2.110 2.484 2.890 2.871 2.800 2.600 2.521 2.476 0.000 
7.250 63.100 1.060 1.612 1.982 2.348 2.748 2.775 2.686 2.477 2.397 2.366 0.000 
7.250 79.430 0.936 1.476 1.838 2.194 2.585 2.635 2.536 2.320 2.238 2.217 0.000 
7.250 100.000 0.800 1.329 1.683 2.024 2.405 2.453 2.352 2.131 2.045 2.031 0.000 
7.250 125.890 0.655 1.172 1.517 1.840 2.207 2.255 2.150 1.922 1.833 1.827 0.000 
7.250 158.490 0.503 1.007 1.343 1.643 1.993 2.038 1.929 1.693 1.599 1.603 0.000 
7.250 199.530 0.344 0.835 1.161 1.432 1.760 1.804 1.689 1.441 1.342 1.358 0.000 
7.250 251.190 0.178 0.656 0.973 1.206 1.506 1.547 1.425 1.164 1.057 1.090 0.000 
7.250 316.230 0.004 0.469 0.777 0.963 1.228 1.266 1.135 0.856 0.739 0.793 0.000 
7.250 398.110 -0.177 0.274 0.573 0.700 0.919 0.953 0.810 0.510 0.381 0.460 0.000 
7.250 501.190 -0.368 0.070 0.359 0.410 0.573 0.602 0.445 0.117 -0.028 0.085 0.000 
7.250 630.960 -0.572 -0.148 0.132 0.089 0.181 0.203 0.028 -0.336 -0.500 -0.346 0.000 
7.250 794.330 -0.791 -0.380 -0.111 -0.273 -0.271 -0.257 -0.455 -0.862 -1.051 -0.844 0.000 
7.250 1000.000 -1.029 -0.632 -0.372 -0.684 -0.795 -0.791 -1.018 -1.481 -1.700 -1.428 0.000 
7.500 1.000 1.557 2.195 2.617 2.972 3.357 3.039 3.043 2.877 2.792 2.692 0.000 
7.500 1.260 1.559 2.196 2.617 2.972 3.356 3.039 3.043 2.876 2.792 2.692 0.000 
7.500 1.580 1.560 2.197 2.617 2.972 3.356 3.039 3.043 2.876 2.792 2.692 0.000 
7.500 2.000 1.562 2.197 2.617 2.971 3.356 3.039 3.043 2.876 2.791 2.692 0.000 
7.500 2.510 1.564 2.198 2.616 2.971 3.356 3.039 3.042 2.876 2.791 2.692 0.000 
7.500 3.160 1.567 2.199 2.616 2.970 3.355 3.039 3.042 2.876 2.791 2.691 0.000 
7.500 3.980 1.570 2.199 2.615 2.969 3.354 3.039 3.042 2.875 2.790 2.691 0.000 
7.500 5.010 1.573 2.199 2.613 2.967 3.352 3.039 3.041 2.874 2.789 2.691 0.000 
7.500 6.310 1.576 2.199 2.610 2.965 3.349 3.039 3.040 2.873 2.788 2.690 0.000 
7.500 7.940 1.579 2.198 2.606 2.960 3.345 3.039 3.039 2.871 2.786 2.689 0.000 
7.500 10.000 1.580 2.195 2.600 2.954 3.338 3.039 3.036 2.867 2.782 2.687 0.000 
7.500 12.590 1.580 2.189 2.590 2.944 3.327 3.039 3.032 2.862 2.777 2.684 0.000 
7.500 15.850 1.575 2.178 2.575 2.928 3.311 3.038 3.026 2.853 2.768 2.679 0.000 
7.500 19.950 1.564 2.160 2.552 2.904 3.286 3.035 3.016 2.839 2.754 2.671 0.000 
7.500 25.120 1.544 2.133 2.519 2.869 3.250 3.029 2.999 2.818 2.732 2.657 0.000 
7.500 31.620 1.511 2.091 2.471 2.819 3.198 3.016 2.972 2.785 2.699 2.634 0.000 
7.500 39.810 1.461 2.032 2.406 2.750 3.126 2.991 2.930 2.736 2.649 2.597 0.000 
7.500 50.120 1.393 1.954 2.321 2.660 3.032 2.947 2.868 2.665 2.577 2.539 0.000 
7.500 63.100 1.306 1.857 2.216 2.547 2.914 2.878 2.780 2.568 2.478 2.456 0.000 
7.500 79.430 1.201 1.740 2.091 2.412 2.772 2.779 2.665 2.443 2.351 2.344 0.000 
7.500 100.000 1.080 1.607 1.950 2.258 2.608 2.629 2.507 2.278 2.184 2.186 0.000 
7.500 125.890 0.946 1.461 1.795 2.086 2.422 2.443 2.317 2.082 1.984 1.993 0.000 
7.500 158.490 0.801 1.304 1.629 1.897 2.216 2.235 2.105 1.862 1.759 1.779 0.000 
7.500 199.530 0.647 1.138 1.454 1.693 1.990 2.007 1.871 1.617 1.509 1.541 0.000 
7.500 251.190 0.485 0.963 1.270 1.471 1.741 1.755 1.613 1.345 1.229 1.277 0.000 
7.500 316.230 0.315 0.779 1.077 1.232 1.466 1.477 1.326 1.040 0.915 0.983 0.000 
7.500 398.110 0.136 0.587 0.875 0.971 1.160 1.167 1.004 0.697 0.559 0.654 0.000 
7.500 501.190 -0.054 0.384 0.662 0.683 0.816 0.818 0.641 0.306 0.153 0.280 0.000 
7.500 630.960 -0.256 0.168 0.437 0.363 0.425 0.421 0.225 -0.144 -0.317 -0.148 0.000 
7.500 794.330 -0.474 -0.063 0.196 0.003 -0.024 -0.037 -0.255 -0.669 -0.866 -0.645 0.000 
7.500 1000.000 -0.710 -0.314 -0.064 -0.407 -0.547 -0.570 -0.817 -1.286 -1.515 -1.228 0.000 
7.750 1.000 1.653 2.285 2.693 3.007 3.353 3.060 3.024 2.840 2.745 2.677 0.000 
7.750 1.260 1.654 2.286 2.693 3.007 3.353 3.060 3.024 2.840 2.745 2.677 0.000 
7.750 1.580 1.656 2.286 2.693 3.006 3.353 3.060 3.024 2.840 2.745 2.677 0.000 
7.750 2.000 1.657 2.287 2.693 3.006 3.353 3.060 3.024 2.840 2.745 2.677 0.000 
7.750 2.510 1.660 2.288 2.693 3.006 3.353 3.060 3.024 2.840 2.744 2.677 0.000 
7.750 3.160 1.662 2.289 2.693 3.006 3.352 3.060 3.024 2.840 2.744 2.676 0.000 
7.750 3.980 1.665 2.290 2.692 3.005 3.352 3.060 3.023 2.840 2.744 2.676 0.000 
7.750 5.010 1.669 2.290 2.691 3.004 3.351 3.060 3.023 2.839 2.743 2.676 0.000 
7.750 6.310 1.672 2.291 2.690 3.003 3.349 3.060 3.022 2.838 2.742 2.675 0.000 
7.750 7.940 1.676 2.291 2.687 3.000 3.347 3.059 3.021 2.837 2.741 2.674 0.000 
7.750 10.000 1.680 2.291 2.684 2.996 3.343 3.059 3.019 2.834 2.739 2.673 0.000 
7.750 12.590 1.683 2.289 2.678 2.990 3.336 3.058 3.017 2.831 2.735 2.671 0.000 
7.750 15.850 1.684 2.284 2.669 2.981 3.327 3.057 3.012 2.825 2.729 2.667 0.000 
7.750 19.950 1.682 2.275 2.656 2.967 3.312 3.054 3.005 2.816 2.720 2.662 0.000 
7.750 25.120 1.674 2.260 2.635 2.945 3.289 3.050 2.994 2.802 2.706 2.652 0.000 
7.750 31.620 1.658 2.236 2.605 2.912 3.255 3.041 2.977 2.781 2.684 2.637 0.000 
7.750 39.810 1.629 2.198 2.561 2.866 3.206 3.025 2.949 2.747 2.650 2.612 0.000 
7.750 50.120 1.585 2.145 2.501 2.801 3.138 2.997 2.906 2.697 2.599 2.573 0.000 
7.750 63.100 1.523 2.072 2.420 2.714 3.046 2.951 2.843 2.626 2.526 2.514 0.000 
7.750 79.430 1.441 1.979 2.320 2.604 2.930 2.879 2.753 2.527 2.426 2.428 0.000 
7.750 100.000 1.339 1.866 2.199 2.471 2.787 2.776 2.635 2.398 2.294 2.312 0.000 
7.750 125.890 1.221 1.736 2.060 2.316 2.619 2.613 2.466 2.223 2.116 2.142 0.000 
7.750 158.490 1.088 1.591 1.906 2.140 2.427 2.419 2.268 2.017 1.905 1.941 0.000 
7.750 199.530 0.943 1.433 1.739 1.945 2.211 2.201 2.045 1.783 1.665 1.713 0.000 
7.750 251.190 0.787 1.264 1.561 1.731 1.969 1.957 1.794 1.519 1.393 1.457 0.000 
7.750 316.230 0.621 1.085 1.373 1.496 1.700 1.684 1.512 1.220 1.085 1.169 0.000 
7.750 398.110 0.445 0.896 1.175 1.239 1.398 1.378 1.195 0.881 0.734 0.844 0.000 
7.750 501.190 0.258 0.695 0.964 0.954 1.057 1.032 0.834 0.493 0.331 0.473 0.000 
7.750 630.960 0.058 0.482 0.741 0.636 0.668 0.637 0.421 0.045 -0.136 0.048 0.000 
7.750 794.330 -0.158 0.252 0.502 0.278 0.221 0.182 -0.057 -0.477 -0.683 -0.447 0.000 
7.750 1000.000 -0.393 0.003 0.243 -0.130 -0.301 -0.350 -0.618 -1.093 -1.330 -1.028 0.000 
8.000 1.000 1.748 2.374 2.770 3.037 3.343 3.075 2.998 2.795 2.688 2.653 0.000 
8.000 1.260 1.749 2.375 2.770 3.037 3.343 3.075 2.998 2.795 2.688 2.653 0.000 
8.000 1.580 1.750 2.375 2.770 3.037 3.343 3.075 2.998 2.795 2.688 2.653 0.000 
8.000 2.000 1.752 2.376 2.769 3.037 3.343 3.075 2.997 2.795 2.688 2.653 0.000 
8.000 2.510 1.754 2.377 2.769 3.037 3.343 3.075 2.997 2.795 2.688 2.653 0.000 
8.000 3.160 1.756 2.377 2.769 3.037 3.343 3.075 2.997 2.795 2.688 2.653 0.000 
8.000 3.980 1.759 2.378 2.769 3.037 3.343 3.075 2.997 2.795 2.687 2.653 0.000 
8.000 5.010 1.763 2.380 2.768 3.036 3.342 3.074 2.997 2.794 2.687 2.653 0.000 
8.000 6.310 1.767 2.381 2.768 3.035 3.341 3.074 2.996 2.794 2.686 2.652 0.000 
8.000 7.940 1.771 2.382 2.766 3.034 3.340 3.074 2.996 2.793 2.685 2.652 0.000 
8.000 10.000 1.776 2.383 2.764 3.032 3.337 3.073 2.994 2.791 2.684 2.651 0.000 
8.000 12.590 1.781 2.383 2.761 3.028 3.334 3.073 2.993 2.789 2.682 2.649 0.000 
8.000 15.850 1.785 2.382 2.756 3.023 3.328 3.071 2.990 2.785 2.678 2.647 0.000 
8.000 19.950 1.788 2.378 2.748 3.014 3.319 3.069 2.985 2.779 2.672 2.643 0.000 
8.000 25.120 1.788 2.371 2.736 3.001 3.305 3.065 2.977 2.770 2.663 2.636 0.000 
8.000 31.620 1.783 2.358 2.717 2.981 3.284 3.059 2.966 2.756 2.648 2.626 0.000 
8.000 39.810 1.770 2.337 2.690 2.951 3.252 3.048 2.947 2.734 2.625 2.609 0.000 
8.000 50.120 1.746 2.303 2.650 2.907 3.205 3.029 2.918 2.700 2.590 2.582 0.000 
8.000 63.100 1.707 2.254 2.593 2.846 3.140 2.998 2.874 2.649 2.539 2.541 0.000 
8.000 79.430 1.649 2.186 2.518 2.762 3.051 2.948 2.809 2.576 2.464 2.479 0.000 
8.000 100.000 1.572 2.098 2.421 2.655 2.935 2.871 2.716 2.474 2.360 2.389 0.000 
8.000 125.890 1.475 1.989 2.304 2.522 2.791 2.757 2.589 2.337 2.219 2.263 0.000 
8.000 158.490 1.359 1.861 2.167 2.365 2.618 2.583 2.411 2.151 2.029 2.082 0.000 
8.000 199.530 1.227 1.716 2.014 2.184 2.417 2.380 2.202 1.933 1.805 1.870 0.000 
8.000 251.190 1.080 1.557 1.845 1.980 2.186 2.147 1.963 1.680 1.545 1.626 0.000 
8.000 316.230 0.921 1.385 1.664 1.754 1.925 1.883 1.690 1.390 1.246 1.346 0.000 
8.000 398.110 0.750 1.201 1.470 1.502 1.629 1.583 1.379 1.058 0.902 1.027 0.000 
8.000 501.190 0.567 1.004 1.264 1.221 1.293 1.242 1.023 0.675 0.504 0.662 0.000 
8.000 630.960 0.369 0.793 1.043 0.907 0.908 0.850 0.614 0.231 0.040 0.240 0.000 
8.000 794.330 0.155 0.565 0.806 0.551 0.463 0.398 0.138 -0.289 -0.503 -0.252 0.000 
8.000 1000.000 -0.079 0.318 0.549 0.145 -0.056 -0.132 -0.420 -0.902 -1.148 -0.831 0.000 
