GarciaEtAl2005SSlab_CanadaSHM6-trial modified from OpenQuake implementation, distance is rhypo. Log10 ground motion values in cgs units, PGV and Sa(T<0.1s) not valid
          14 31 18 : nmag, ndist, nperiod
          10.000 5.000 4.000 3.000 2.000 1.500 1.000 0.750 0.500 0.400 0.300 0.200 0.100 0.070 0.050 0.040 PGA PGV 
          0.567 0.567 0.583 0.605 0.607 0.645 0.638 0.631 0.609 0.626 0.637 0.644 0.770 0.775 0.773 0.733 0.657 0.593
4.750 1.000 -0.294 0.372 0.650 1.009 1.442 1.736 2.089 2.302 2.574 2.723 2.891 3.025 3.154 3.090 3.014 2.969 2.812 1.230 
4.750 1.260 -0.318 0.347 0.625 0.984 1.417 1.711 2.065 2.279 2.552 2.701 2.869 3.004 3.133 3.068 2.992 2.947 2.789 1.206 
4.750 1.580 -0.351 0.311 0.589 0.949 1.383 1.678 2.033 2.247 2.521 2.671 2.839 2.975 3.103 3.038 2.961 2.915 2.757 1.173 
4.750 2.000 -0.394 0.265 0.543 0.903 1.338 1.633 1.990 2.206 2.481 2.631 2.800 2.936 3.064 2.999 2.920 2.874 2.716 1.130 
4.750 2.510 -0.448 0.207 0.485 0.845 1.281 1.578 1.937 2.154 2.430 2.581 2.751 2.888 3.016 2.949 2.869 2.822 2.663 1.076 
4.750 3.160 -0.512 0.138 0.417 0.777 1.214 1.512 1.873 2.092 2.370 2.522 2.692 2.830 2.957 2.890 2.809 2.760 2.601 1.012 
4.750 3.980 -0.585 0.061 0.339 0.699 1.137 1.437 1.801 2.021 2.301 2.454 2.625 2.764 2.890 2.822 2.739 2.689 2.529 0.939 
4.750 5.010 -0.664 -0.024 0.254 0.614 1.054 1.355 1.721 1.943 2.224 2.378 2.550 2.690 2.816 2.747 2.661 2.611 2.449 0.858 
4.750 6.310 -0.747 -0.115 0.163 0.524 0.965 1.268 1.636 1.859 2.142 2.297 2.469 2.610 2.735 2.665 2.578 2.526 2.364 0.772 
4.750 7.940 -0.834 -0.209 0.069 0.430 0.872 1.176 1.546 1.771 2.055 2.210 2.383 2.524 2.649 2.577 2.488 2.435 2.273 0.681 
4.750 10.000 -0.923 -0.306 -0.028 0.333 0.775 1.081 1.453 1.679 1.964 2.119 2.292 2.434 2.558 2.485 2.394 2.340 2.178 0.586 
4.750 12.590 -1.013 -0.405 -0.127 0.234 0.677 0.983 1.357 1.584 1.870 2.025 2.198 2.340 2.462 2.388 2.295 2.240 2.078 0.488 
4.750 15.850 -1.103 -0.506 -0.228 0.133 0.576 0.883 1.258 1.486 1.772 1.926 2.098 2.240 2.361 2.286 2.192 2.136 1.974 0.387 
4.750 19.950 -1.195 -0.608 -0.330 0.031 0.473 0.781 1.157 1.384 1.670 1.824 1.995 2.136 2.255 2.178 2.083 2.026 1.865 0.283 
4.750 25.120 -1.287 -0.711 -0.433 -0.073 0.369 0.676 1.053 1.280 1.564 1.717 1.886 2.026 2.142 2.064 1.968 1.910 1.750 0.175 
4.750 31.620 -1.380 -0.815 -0.537 -0.178 0.262 0.569 0.945 1.172 1.454 1.605 1.771 1.909 2.023 1.943 1.845 1.788 1.630 0.063 
4.750 39.810 -1.474 -0.921 -0.644 -0.285 0.153 0.459 0.835 1.059 1.339 1.487 1.650 1.785 1.895 1.814 1.715 1.657 1.501 -0.053 
4.750 50.120 -1.569 -1.028 -0.752 -0.394 0.042 0.346 0.720 0.942 1.217 1.363 1.520 1.652 1.757 1.674 1.574 1.516 1.364 -0.175 
4.750 63.100 -1.665 -1.138 -0.862 -0.506 -0.074 0.229 0.600 0.819 1.089 1.230 1.381 1.509 1.608 1.522 1.421 1.363 1.215 -0.304 
4.750 79.430 -1.765 -1.250 -0.974 -0.621 -0.193 0.106 0.474 0.688 0.952 1.086 1.230 1.351 1.443 1.355 1.253 1.195 1.053 -0.441 
4.750 100.000 -1.867 -1.365 -1.091 -0.740 -0.318 -0.023 0.340 0.549 0.803 0.931 1.064 1.178 1.260 1.169 1.066 1.009 0.874 -0.588 
4.750 125.890 -1.973 -1.484 -1.211 -0.863 -0.450 -0.160 0.198 0.399 0.642 0.760 0.880 0.984 1.055 0.960 0.855 0.799 0.673 -0.748 
4.750 158.490 -2.083 -1.608 -1.337 -0.993 -0.590 -0.306 0.043 0.235 0.463 0.570 0.673 0.765 0.821 0.721 0.615 0.559 0.445 -0.924 
4.750 199.530 -2.200 -1.738 -1.469 -1.131 -0.740 -0.465 -0.125 0.054 0.264 0.355 0.438 0.514 0.552 0.446 0.338 0.283 0.184 -1.121 
4.750 251.190 -2.325 -1.877 -1.610 -1.279 -0.903 -0.640 -0.312 -0.148 0.039 0.111 0.167 0.224 0.239 0.125 0.015 -0.038 -0.119 -1.342 
4.750 316.230 -2.459 -2.025 -1.761 -1.438 -1.083 -0.833 -0.521 -0.377 -0.219 -0.171 -0.148 -0.115 -0.130 -0.254 -0.366 -0.418 -0.475 -1.594 
4.750 398.110 -2.606 -2.185 -1.926 -1.614 -1.284 -1.051 -0.758 -0.639 -0.518 -0.500 -0.519 -0.517 -0.569 -0.705 -0.821 -0.870 -0.898 -1.887 
4.750 501.190 -2.768 -2.362 -2.107 -1.809 -1.511 -1.299 -1.032 -0.943 -0.868 -0.889 -0.960 -0.998 -1.096 -1.247 -1.367 -1.413 -1.404 -2.229 
4.750 630.960 -2.950 -2.558 -2.310 -2.028 -1.770 -1.586 -1.350 -1.300 -1.283 -1.352 -1.489 -1.576 -1.733 -1.904 -2.029 -2.071 -2.015 -2.634 
4.750 794.330 -3.157 -2.779 -2.539 -2.278 -2.071 -1.922 -1.724 -1.723 -1.780 -1.909 -2.130 -2.279 -2.509 -2.705 -2.836 -2.874 -2.759 -3.118 
4.750 1000.000 -3.396 -3.031 -2.801 -2.567 -2.424 -2.318 -2.169 -2.230 -2.380 -2.585 -2.911 -3.138 -3.461 -3.687 -3.827 -3.858 -3.669 -3.701 
5.000 1.000 -0.152 0.509 0.779 1.127 1.547 1.830 2.168 2.368 2.631 2.771 2.934 3.057 3.176 3.117 3.045 3.003 2.847 1.297 
5.000 1.260 -0.167 0.493 0.763 1.110 1.531 1.814 2.153 2.354 2.617 2.758 2.920 3.044 3.163 3.104 3.031 2.989 2.832 1.282 
5.000 1.580 -0.188 0.469 0.739 1.087 1.508 1.792 2.132 2.333 2.596 2.738 2.901 3.024 3.143 3.084 3.011 2.968 2.811 1.260 
5.000 2.000 -0.217 0.437 0.707 1.055 1.476 1.761 2.102 2.304 2.568 2.710 2.873 2.997 3.116 3.056 2.982 2.939 2.782 1.230 
5.000 2.510 -0.257 0.393 0.663 1.012 1.434 1.719 2.062 2.265 2.530 2.672 2.837 2.961 3.080 3.019 2.944 2.900 2.742 1.190 
5.000 3.160 -0.308 0.338 0.608 0.957 1.380 1.667 2.011 2.215 2.482 2.625 2.790 2.915 3.033 2.972 2.896 2.851 2.692 1.138 
5.000 3.980 -0.369 0.272 0.543 0.891 1.316 1.603 1.950 2.156 2.424 2.567 2.733 2.859 2.977 2.915 2.837 2.791 2.632 1.076 
5.000 5.010 -0.439 0.197 0.467 0.816 1.241 1.531 1.879 2.087 2.357 2.501 2.667 2.794 2.912 2.848 2.769 2.722 2.562 1.005 
5.000 6.310 -0.516 0.113 0.383 0.732 1.159 1.450 1.801 2.010 2.281 2.427 2.593 2.722 2.838 2.774 2.692 2.644 2.483 0.926 
5.000 7.940 -0.598 0.024 0.294 0.643 1.071 1.363 1.717 1.927 2.200 2.346 2.513 2.642 2.758 2.692 2.608 2.559 2.398 0.840 
5.000 10.000 -0.684 -0.070 0.200 0.550 0.978 1.272 1.628 1.840 2.113 2.260 2.427 2.557 2.671 2.604 2.519 2.468 2.307 0.749 
5.000 12.590 -0.772 -0.167 0.103 0.453 0.882 1.177 1.535 1.748 2.022 2.169 2.336 2.466 2.579 2.511 2.423 2.372 2.210 0.654 
5.000 15.850 -0.862 -0.266 0.004 0.353 0.783 1.079 1.438 1.652 1.927 2.073 2.240 2.370 2.481 2.412 2.323 2.270 2.109 0.555 
5.000 19.950 -0.953 -0.367 -0.097 0.252 0.682 0.978 1.338 1.553 1.828 1.973 2.139 2.268 2.378 2.307 2.216 2.162 2.002 0.452 
5.000 25.120 -1.044 -0.469 -0.200 0.149 0.578 0.875 1.236 1.450 1.724 1.868 2.033 2.161 2.268 2.196 2.103 2.049 1.889 0.346 
5.000 31.620 -1.137 -0.573 -0.304 0.044 0.472 0.768 1.130 1.343 1.616 1.759 1.920 2.047 2.151 2.077 1.983 1.928 1.770 0.236 
5.000 39.810 -1.231 -0.679 -0.410 -0.063 0.364 0.659 1.020 1.232 1.502 1.642 1.801 1.925 2.025 1.950 1.854 1.799 1.643 0.120 
5.000 50.120 -1.326 -0.786 -0.517 -0.172 0.252 0.546 0.906 1.116 1.382 1.519 1.673 1.794 1.889 1.812 1.715 1.659 1.507 -0.001 
5.000 63.100 -1.423 -0.896 -0.627 -0.283 0.137 0.429 0.787 0.993 1.255 1.387 1.535 1.651 1.741 1.661 1.563 1.507 1.360 -0.129 
5.000 79.430 -1.522 -1.007 -0.740 -0.398 0.018 0.307 0.661 0.864 1.118 1.245 1.384 1.495 1.578 1.495 1.396 1.340 1.198 -0.265 
5.000 100.000 -1.624 -1.123 -0.856 -0.517 -0.107 0.178 0.528 0.725 0.971 1.090 1.219 1.323 1.396 1.310 1.210 1.154 1.019 -0.412 
5.000 125.890 -1.730 -1.242 -0.977 -0.640 -0.239 0.042 0.386 0.575 0.809 0.920 1.036 1.130 1.191 1.101 1.000 0.945 0.819 -0.572 
5.000 158.490 -1.841 -1.366 -1.102 -0.770 -0.378 -0.105 0.232 0.412 0.632 0.730 0.830 0.911 0.958 0.863 0.760 0.706 0.591 -0.748 
5.000 199.530 -1.958 -1.496 -1.235 -0.908 -0.529 -0.264 0.064 0.231 0.433 0.516 0.595 0.661 0.689 0.588 0.483 0.430 0.330 -0.944 
5.000 251.190 -2.082 -1.634 -1.376 -1.055 -0.692 -0.438 -0.123 0.029 0.208 0.272 0.324 0.371 0.376 0.267 0.160 0.108 0.027 -1.165 
5.000 316.230 -2.217 -1.782 -1.527 -1.215 -0.872 -0.631 -0.332 -0.199 -0.050 -0.010 0.010 0.031 0.007 -0.112 -0.221 -0.271 -0.329 -1.418 
5.000 398.110 -2.363 -1.943 -1.692 -1.391 -1.073 -0.849 -0.569 -0.461 -0.349 -0.339 -0.361 -0.371 -0.432 -0.563 -0.676 -0.723 -0.751 -1.710 
5.000 501.190 -2.526 -2.119 -1.873 -1.585 -1.299 -1.098 -0.843 -0.765 -0.699 -0.727 -0.802 -0.851 -0.959 -1.105 -1.222 -1.266 -1.257 -2.052 
5.000 630.960 -2.708 -2.315 -2.076 -1.805 -1.559 -1.384 -1.161 -1.122 -1.115 -1.191 -1.332 -1.430 -1.596 -1.762 -1.884 -1.924 -1.868 -2.457 
5.000 794.330 -2.915 -2.536 -2.305 -2.055 -1.860 -1.720 -1.535 -1.546 -1.612 -1.748 -1.973 -2.133 -2.372 -2.563 -2.691 -2.727 -2.612 -2.941 
5.000 1000.000 -3.153 -2.788 -2.567 -2.344 -2.213 -2.116 -1.981 -2.053 -2.211 -2.424 -2.753 -2.992 -3.324 -3.545 -3.682 -3.711 -3.523 -3.524 
5.250 1.000 -0.019 0.637 0.899 1.235 1.643 1.915 2.239 2.427 2.679 2.812 2.970 3.081 3.190 3.137 3.068 3.029 2.873 1.356 
5.250 1.260 -0.027 0.627 0.889 1.225 1.633 1.906 2.230 2.418 2.671 2.803 2.961 3.073 3.182 3.129 3.060 3.020 2.864 1.347 
5.250 1.580 -0.039 0.612 0.874 1.211 1.619 1.892 2.217 2.405 2.658 2.791 2.949 3.061 3.170 3.117 3.047 3.007 2.851 1.333 
5.250 2.000 -0.058 0.591 0.853 1.190 1.598 1.871 2.197 2.386 2.640 2.773 2.931 3.043 3.152 3.099 3.029 2.988 2.832 1.313 
5.250 2.510 -0.085 0.561 0.823 1.160 1.569 1.843 2.170 2.359 2.614 2.747 2.906 3.018 3.127 3.073 3.002 2.961 2.804 1.285 
5.250 3.160 -0.121 0.521 0.783 1.119 1.529 1.804 2.132 2.323 2.578 2.712 2.871 2.984 3.093 3.038 2.966 2.925 2.768 1.248 
5.250 3.980 -0.169 0.469 0.731 1.068 1.478 1.754 2.084 2.276 2.533 2.667 2.827 2.941 3.049 2.993 2.920 2.878 2.720 1.199 
5.250 5.010 -0.227 0.405 0.668 1.005 1.416 1.694 2.026 2.219 2.477 2.612 2.772 2.887 2.995 2.938 2.863 2.820 2.662 1.139 
5.250 6.310 -0.294 0.332 0.594 0.931 1.344 1.623 1.957 2.152 2.411 2.547 2.708 2.824 2.931 2.873 2.796 2.752 2.593 1.070 
5.250 7.940 -0.369 0.250 0.512 0.850 1.263 1.544 1.880 2.076 2.337 2.474 2.636 2.752 2.858 2.799 2.721 2.675 2.515 0.992 
5.250 10.000 -0.450 0.162 0.424 0.761 1.176 1.458 1.797 1.994 2.257 2.394 2.556 2.673 2.778 2.717 2.637 2.590 2.430 0.907 
5.250 12.590 -0.535 0.069 0.331 0.668 1.084 1.367 1.708 1.907 2.170 2.307 2.469 2.587 2.691 2.629 2.547 2.498 2.338 0.816 
5.250 15.850 -0.622 -0.028 0.234 0.571 0.987 1.272 1.615 1.815 2.079 2.216 2.377 2.495 2.597 2.534 2.450 2.400 2.240 0.720 
5.250 19.950 -0.712 -0.127 0.134 0.472 0.888 1.173 1.518 1.718 1.982 2.119 2.280 2.397 2.497 2.433 2.346 2.296 2.136 0.620 
5.250 25.120 -0.803 -0.229 0.033 0.370 0.786 1.071 1.417 1.618 1.881 2.017 2.176 2.293 2.391 2.324 2.236 2.185 2.026 0.516 
5.250 31.620 -0.895 -0.332 -0.071 0.266 0.681 0.966 1.313 1.513 1.775 1.910 2.066 2.182 2.276 2.208 2.118 2.066 1.909 0.407 
5.250 39.810 -0.988 -0.437 -0.176 0.159 0.573 0.858 1.204 1.403 1.663 1.796 1.949 2.062 2.153 2.083 1.992 1.939 1.784 0.293 
5.250 50.120 -1.083 -0.544 -0.284 0.051 0.462 0.746 1.091 1.289 1.545 1.674 1.823 1.933 2.019 1.947 1.854 1.801 1.649 0.172 
5.250 63.100 -1.180 -0.654 -0.393 -0.061 0.347 0.630 0.973 1.167 1.419 1.544 1.687 1.792 1.873 1.798 1.704 1.650 1.503 0.045 
5.250 79.430 -1.279 -0.765 -0.506 -0.175 0.228 0.508 0.848 1.039 1.284 1.403 1.538 1.638 1.711 1.634 1.538 1.484 1.342 -0.090 
5.250 100.000 -1.381 -0.880 -0.622 -0.294 0.104 0.379 0.716 0.901 1.137 1.249 1.374 1.467 1.530 1.450 1.353 1.299 1.164 -0.237 
5.250 125.890 -1.487 -0.999 -0.742 -0.417 -0.027 0.243 0.574 0.751 0.977 1.079 1.192 1.275 1.327 1.242 1.143 1.090 0.964 -0.396 
5.250 158.490 -1.598 -1.124 -0.868 -0.547 -0.167 0.097 0.420 0.588 0.799 0.890 0.986 1.057 1.094 1.004 0.904 0.852 0.737 -0.571 
5.250 199.530 -1.715 -1.254 -1.000 -0.685 -0.317 -0.062 0.252 0.408 0.601 0.677 0.752 0.807 0.826 0.730 0.628 0.577 0.477 -0.767 
5.250 251.190 -1.840 -1.392 -1.141 -0.832 -0.481 -0.236 0.066 0.206 0.376 0.433 0.481 0.517 0.513 0.409 0.305 0.255 0.174 -0.988 
5.250 316.230 -1.974 -1.540 -1.293 -0.992 -0.661 -0.429 -0.143 -0.022 0.118 0.151 0.167 0.178 0.144 0.030 -0.077 -0.124 -0.182 -1.241 
5.250 398.110 -2.121 -1.701 -1.457 -1.167 -0.861 -0.647 -0.381 -0.284 -0.180 -0.178 -0.204 -0.224 -0.295 -0.421 -0.531 -0.576 -0.604 -1.533 
5.250 501.190 -2.284 -1.877 -1.639 -1.362 -1.088 -0.896 -0.654 -0.588 -0.531 -0.566 -0.645 -0.704 -0.821 -0.963 -1.077 -1.119 -1.110 -1.875 
5.250 630.960 -2.466 -2.073 -1.841 -1.582 -1.348 -1.182 -0.972 -0.945 -0.946 -1.030 -1.175 -1.283 -1.458 -1.619 -1.739 -1.777 -1.722 -2.280 
5.250 794.330 -2.673 -2.294 -2.070 -1.832 -1.649 -1.518 -1.346 -1.368 -1.443 -1.587 -1.815 -1.986 -2.235 -2.420 -2.546 -2.580 -2.465 -2.764 
5.250 1000.000 -2.911 -2.546 -2.333 -2.121 -2.002 -1.914 -1.792 -1.876 -2.043 -2.263 -2.596 -2.845 -3.186 -3.403 -3.537 -3.564 -3.376 -3.347 
5.500 1.000 0.109 0.759 1.013 1.338 1.733 1.995 2.305 2.480 2.723 2.847 3.000 3.100 3.199 3.151 3.086 3.049 2.893 1.409 
5.500 1.260 0.105 0.753 1.007 1.332 1.727 1.989 2.300 2.475 2.718 2.842 2.995 3.095 3.195 3.147 3.081 3.044 2.888 1.403 
5.500 1.580 0.098 0.745 0.999 1.323 1.719 1.981 2.292 2.467 2.710 2.834 2.988 3.088 3.187 3.139 3.073 3.036 2.880 1.395 
5.500 2.000 0.087 0.732 0.986 1.310 1.706 1.969 2.280 2.455 2.699 2.823 2.977 3.077 3.176 3.128 3.062 3.024 2.868 1.383 
5.500 2.510 0.071 0.712 0.966 1.291 1.687 1.950 2.262 2.438 2.682 2.806 2.960 3.061 3.160 3.111 3.045 3.006 2.851 1.365 
5.500 3.160 0.047 0.685 0.939 1.264 1.660 1.924 2.237 2.413 2.658 2.783 2.937 3.038 3.137 3.088 3.020 2.982 2.825 1.339 
5.500 3.980 0.014 0.647 0.901 1.226 1.623 1.888 2.202 2.379 2.625 2.750 2.905 3.006 3.105 3.055 2.987 2.947 2.791 1.304 
5.500 5.010 -0.030 0.598 0.852 1.177 1.575 1.841 2.156 2.335 2.582 2.707 2.863 2.965 3.063 3.012 2.943 2.903 2.746 1.258 
5.500 6.310 -0.085 0.538 0.792 1.117 1.516 1.783 2.100 2.280 2.528 2.654 2.810 2.913 3.010 2.959 2.888 2.847 2.689 1.201 
5.500 7.940 -0.150 0.466 0.720 1.046 1.446 1.714 2.034 2.215 2.464 2.591 2.747 2.851 2.948 2.895 2.822 2.780 2.622 1.133 
5.500 10.000 -0.223 0.386 0.640 0.966 1.367 1.636 1.958 2.141 2.392 2.519 2.676 2.780 2.876 2.822 2.747 2.703 2.545 1.056 
5.500 12.590 -0.302 0.299 0.553 0.879 1.280 1.551 1.876 2.060 2.312 2.440 2.596 2.701 2.796 2.740 2.663 2.618 2.460 0.972 
5.500 15.850 -0.386 0.206 0.460 0.786 1.188 1.461 1.787 1.973 2.225 2.353 2.509 2.614 2.708 2.651 2.571 2.525 2.367 0.881 
5.500 19.950 -0.473 0.110 0.364 0.689 1.092 1.365 1.694 1.880 2.133 2.261 2.416 2.521 2.612 2.554 2.472 2.425 2.267 0.784 
5.500 25.120 -0.562 0.010 0.264 0.589 0.992 1.266 1.596 1.783 2.035 2.162 2.316 2.421 2.509 2.449 2.366 2.317 2.160 0.682 
5.500 31.620 -0.653 -0.092 0.161 0.486 0.888 1.163 1.493 1.680 1.932 2.058 2.210 2.313 2.398 2.336 2.251 2.201 2.045 0.576 
5.500 39.810 -0.746 -0.196 0.057 0.381 0.782 1.056 1.387 1.573 1.823 1.946 2.095 2.196 2.278 2.214 2.127 2.076 1.922 0.463 
5.500 50.120 -0.841 -0.303 -0.050 0.273 0.671 0.945 1.275 1.460 1.706 1.827 1.972 2.070 2.147 2.081 1.991 1.941 1.789 0.345 
5.500 63.100 -0.938 -0.412 -0.160 0.162 0.557 0.829 1.158 1.340 1.582 1.699 1.838 1.932 2.003 1.934 1.843 1.792 1.645 0.219 
5.500 79.430 -1.037 -0.523 -0.272 0.047 0.439 0.708 1.035 1.213 1.448 1.560 1.691 1.779 1.843 1.771 1.679 1.627 1.486 0.084 
5.500 100.000 -1.139 -0.638 -0.388 -0.071 0.315 0.580 0.903 1.076 1.303 1.407 1.528 1.610 1.664 1.589 1.495 1.443 1.309 -0.061 
5.500 125.890 -1.245 -0.757 -0.508 -0.194 0.183 0.444 0.762 0.927 1.144 1.238 1.347 1.419 1.461 1.382 1.286 1.235 1.110 -0.220 
5.500 158.490 -1.356 -0.881 -0.634 -0.324 0.044 0.298 0.608 0.765 0.967 1.050 1.142 1.202 1.230 1.145 1.048 0.998 0.883 -0.395 
5.500 199.530 -1.473 -1.012 -0.766 -0.462 -0.106 0.140 0.441 0.585 0.769 0.837 0.908 0.953 0.962 0.871 0.772 0.723 0.623 -0.591 
5.500 251.190 -1.597 -1.150 -0.907 -0.609 -0.269 -0.034 0.254 0.383 0.544 0.593 0.638 0.663 0.650 0.551 0.449 0.402 0.320 -0.812 
5.500 316.230 -1.732 -1.298 -1.058 -0.769 -0.449 -0.228 0.046 0.155 0.287 0.312 0.324 0.324 0.281 0.173 0.068 0.023 -0.035 -1.064 
5.500 398.110 -1.879 -1.458 -1.223 -0.944 -0.650 -0.445 -0.192 -0.107 -0.012 -0.017 -0.047 -0.078 -0.157 -0.278 -0.386 -0.429 -0.458 -1.356 
5.500 501.190 -2.041 -1.635 -1.404 -1.139 -0.877 -0.694 -0.465 -0.411 -0.362 -0.406 -0.488 -0.558 -0.684 -0.820 -0.932 -0.972 -0.964 -1.698 
5.500 630.960 -2.223 -1.831 -1.607 -1.359 -1.136 -0.981 -0.783 -0.768 -0.777 -0.869 -1.017 -1.136 -1.321 -1.477 -1.594 -1.630 -1.575 -2.103 
5.500 794.330 -2.430 -2.052 -1.836 -1.609 -1.437 -1.316 -1.157 -1.191 -1.274 -1.426 -1.658 -1.839 -2.097 -2.278 -2.401 -2.433 -2.319 -2.587 
5.500 1000.000 -2.669 -2.304 -2.098 -1.898 -1.790 -1.712 -1.603 -1.698 -1.874 -2.102 -2.439 -2.698 -3.049 -3.260 -3.392 -3.417 -3.229 -3.171 
5.750 1.000 0.233 0.878 1.124 1.437 1.820 2.071 2.367 2.530 2.762 2.878 3.027 3.115 3.204 3.162 3.099 3.064 2.909 1.458 
5.750 1.260 0.231 0.875 1.121 1.434 1.816 2.068 2.364 2.527 2.760 2.875 3.024 3.112 3.202 3.159 3.096 3.061 2.906 1.455 
5.750 1.580 0.228 0.870 1.115 1.429 1.811 2.063 2.360 2.522 2.755 2.871 3.019 3.108 3.197 3.154 3.092 3.057 2.902 1.450 
5.750 2.000 0.222 0.862 1.108 1.421 1.804 2.056 2.352 2.515 2.748 2.864 3.013 3.101 3.191 3.148 3.085 3.049 2.895 1.443 
5.750 2.510 0.213 0.850 1.096 1.409 1.792 2.044 2.342 2.504 2.738 2.854 3.003 3.091 3.181 3.137 3.074 3.039 2.884 1.432 
5.750 3.160 0.199 0.832 1.078 1.392 1.775 2.028 2.325 2.489 2.723 2.839 2.988 3.077 3.166 3.122 3.059 3.023 2.868 1.415 
5.750 3.980 0.178 0.807 1.053 1.367 1.750 2.004 2.302 2.466 2.701 2.817 2.966 3.055 3.144 3.100 3.036 3.000 2.844 1.392 
5.750 5.010 0.148 0.772 1.018 1.332 1.716 1.970 2.270 2.435 2.670 2.786 2.936 3.026 3.114 3.070 3.004 2.968 2.812 1.359 
5.750 6.310 0.107 0.726 0.972 1.286 1.671 1.926 2.227 2.393 2.629 2.746 2.896 2.986 3.074 3.029 2.962 2.925 2.769 1.315 
5.750 7.940 0.055 0.669 0.914 1.228 1.614 1.870 2.173 2.340 2.578 2.695 2.846 2.936 3.024 2.977 2.909 2.871 2.714 1.261 
5.750 10.000 -0.007 0.600 0.846 1.160 1.546 1.804 2.109 2.277 2.516 2.634 2.784 2.876 2.962 2.915 2.845 2.805 2.648 1.195 
5.750 12.590 -0.077 0.521 0.767 1.081 1.469 1.728 2.035 2.205 2.445 2.563 2.714 2.806 2.891 2.842 2.770 2.729 2.572 1.119 
5.750 15.850 -0.155 0.435 0.681 0.995 1.383 1.644 1.953 2.124 2.365 2.483 2.634 2.726 2.810 2.760 2.686 2.643 2.486 1.035 
5.750 19.950 -0.237 0.343 0.589 0.903 1.292 1.553 1.865 2.037 2.278 2.396 2.546 2.639 2.721 2.668 2.592 2.548 2.392 0.943 
5.750 25.120 -0.324 0.247 0.492 0.806 1.195 1.457 1.771 1.943 2.185 2.302 2.451 2.543 2.623 2.569 2.490 2.445 2.289 0.846 
5.750 31.620 -0.414 0.147 0.392 0.705 1.094 1.356 1.671 1.844 2.085 2.202 2.349 2.439 2.516 2.460 2.379 2.333 2.178 0.742 
5.750 39.810 -0.505 0.044 0.289 0.601 0.989 1.252 1.567 1.740 1.979 2.094 2.238 2.327 2.399 2.341 2.258 2.211 2.058 0.632 
5.750 50.120 -0.599 -0.062 0.183 0.494 0.880 1.142 1.458 1.629 1.865 1.977 2.117 2.204 2.271 2.211 2.126 2.078 1.927 0.515 
5.750 63.100 -0.696 -0.170 0.074 0.384 0.767 1.028 1.342 1.511 1.743 1.851 1.986 2.068 2.130 2.067 1.980 1.932 1.785 0.391 
5.750 79.430 -0.795 -0.282 -0.038 0.270 0.649 0.907 1.220 1.385 1.611 1.714 1.841 1.919 1.973 1.907 1.818 1.769 1.627 0.257 
5.750 100.000 -0.897 -0.396 -0.154 0.152 0.525 0.780 1.089 1.250 1.468 1.564 1.681 1.751 1.796 1.726 1.635 1.587 1.452 0.113 
5.750 125.890 -1.002 -0.515 -0.274 0.028 0.394 0.645 0.949 1.102 1.310 1.397 1.501 1.562 1.595 1.521 1.428 1.380 1.254 -0.045 
5.750 158.490 -1.113 -0.639 -0.400 -0.101 0.255 0.499 0.796 0.941 1.134 1.209 1.297 1.346 1.365 1.285 1.191 1.143 1.029 -0.219 
5.750 199.530 -1.230 -0.769 -0.532 -0.239 0.105 0.341 0.629 0.761 0.936 0.997 1.064 1.098 1.098 1.012 0.916 0.869 0.769 -0.414 
5.750 251.190 -1.355 -0.908 -0.673 -0.386 -0.058 0.167 0.443 0.560 0.712 0.754 0.795 0.809 0.786 0.693 0.594 0.548 0.467 -0.635 
5.750 316.230 -1.489 -1.056 -0.824 -0.546 -0.238 -0.026 0.234 0.332 0.455 0.473 0.481 0.471 0.418 0.315 0.213 0.169 0.111 -0.887 
5.750 398.110 -1.636 -1.216 -0.989 -0.721 -0.439 -0.244 -0.003 0.070 0.157 0.144 0.110 0.069 -0.020 -0.136 -0.241 -0.282 -0.311 -1.179 
5.750 501.190 -1.799 -1.392 -1.170 -0.916 -0.665 -0.492 -0.276 -0.234 -0.194 -0.245 -0.331 -0.411 -0.547 -0.678 -0.787 -0.825 -0.817 -1.522 
5.750 630.960 -1.981 -1.588 -1.372 -1.135 -0.925 -0.779 -0.594 -0.590 -0.609 -0.708 -0.860 -0.990 -1.184 -1.335 -1.449 -1.483 -1.428 -1.926 
5.750 794.330 -2.188 -1.809 -1.602 -1.386 -1.226 -1.114 -0.968 -1.014 -1.106 -1.265 -1.501 -1.693 -1.960 -2.136 -2.256 -2.286 -2.172 -2.410 
5.750 1000.000 -2.426 -2.061 -1.864 -1.675 -1.579 -1.510 -1.414 -1.521 -1.706 -1.941 -2.282 -2.552 -2.912 -3.118 -3.247 -3.270 -3.082 -2.994 
6.000 1.000 0.355 0.994 1.232 1.534 1.904 2.145 2.427 2.577 2.800 2.907 3.050 3.127 3.206 3.168 3.109 3.076 2.922 1.505 
6.000 1.260 0.354 0.993 1.230 1.532 1.902 2.143 2.425 2.575 2.798 2.905 3.049 3.125 3.205 3.167 3.107 3.074 2.920 1.503 
6.000 1.580 0.353 0.990 1.227 1.529 1.899 2.141 2.423 2.573 2.796 2.902 3.046 3.123 3.202 3.164 3.104 3.072 2.918 1.500 
6.000 2.000 0.351 0.985 1.223 1.525 1.895 2.136 2.419 2.568 2.792 2.899 3.042 3.119 3.198 3.160 3.100 3.067 2.913 1.496 
6.000 2.510 0.346 0.978 1.216 1.518 1.888 2.130 2.412 2.562 2.785 2.892 3.036 3.113 3.192 3.154 3.094 3.061 2.907 1.489 
6.000 3.160 0.339 0.967 1.205 1.507 1.877 2.119 2.402 2.553 2.776 2.883 3.027 3.104 3.183 3.145 3.084 3.051 2.897 1.479 
6.000 3.980 0.327 0.952 1.189 1.491 1.862 2.104 2.388 2.538 2.762 2.869 3.013 3.090 3.169 3.131 3.070 3.036 2.882 1.464 
6.000 5.010 0.308 0.929 1.166 1.468 1.839 2.082 2.366 2.517 2.742 2.849 2.993 3.071 3.149 3.110 3.049 3.015 2.860 1.442 
6.000 6.310 0.281 0.896 1.134 1.436 1.807 2.051 2.336 2.488 2.713 2.821 2.965 3.043 3.121 3.081 3.019 2.985 2.830 1.412 
6.000 7.940 0.243 0.853 1.091 1.393 1.765 2.009 2.296 2.449 2.675 2.783 2.927 3.005 3.083 3.043 2.979 2.944 2.789 1.371 
6.000 10.000 0.195 0.798 1.036 1.338 1.711 1.956 2.245 2.399 2.625 2.734 2.879 2.957 3.034 2.993 2.928 2.891 2.736 1.318 
6.000 12.590 0.136 0.732 0.970 1.272 1.645 1.892 2.183 2.338 2.565 2.674 2.819 2.898 2.974 2.931 2.864 2.827 2.671 1.254 
6.000 15.850 0.068 0.655 0.893 1.195 1.569 1.817 2.110 2.267 2.495 2.604 2.749 2.828 2.902 2.858 2.790 2.751 2.595 1.180 
6.000 19.950 -0.008 0.570 0.808 1.110 1.485 1.734 2.029 2.187 2.416 2.525 2.669 2.748 2.821 2.775 2.704 2.664 2.509 1.096 
6.000 25.120 -0.090 0.479 0.716 1.018 1.393 1.644 1.940 2.099 2.328 2.437 2.580 2.659 2.729 2.681 2.608 2.567 2.412 1.003 
6.000 31.620 -0.176 0.382 0.620 0.921 1.296 1.547 1.845 2.004 2.233 2.341 2.482 2.561 2.628 2.578 2.502 2.459 2.306 0.904 
6.000 39.810 -0.266 0.282 0.519 0.819 1.193 1.445 1.744 1.903 2.131 2.237 2.376 2.452 2.516 2.464 2.385 2.342 2.189 0.797 
6.000 50.120 -0.359 0.177 0.414 0.714 1.086 1.338 1.637 1.795 2.021 2.124 2.259 2.333 2.392 2.337 2.257 2.212 2.062 0.683 
6.000 63.100 -0.454 0.070 0.306 0.605 0.975 1.225 1.524 1.680 1.902 2.001 2.131 2.202 2.254 2.197 2.114 2.068 1.922 0.561 
6.000 79.430 -0.553 -0.041 0.195 0.491 0.858 1.106 1.404 1.556 1.772 1.867 1.989 2.055 2.100 2.040 1.954 1.908 1.767 0.429 
6.000 100.000 -0.654 -0.155 0.079 0.374 0.735 0.980 1.275 1.423 1.631 1.719 1.832 1.891 1.926 1.862 1.775 1.728 1.594 0.286 
6.000 125.890 -0.760 -0.273 -0.040 0.251 0.604 0.845 1.135 1.277 1.475 1.554 1.654 1.704 1.728 1.659 1.569 1.523 1.397 0.129 
6.000 158.490 -0.871 -0.397 -0.166 0.121 0.466 0.700 0.984 1.116 1.300 1.368 1.452 1.490 1.499 1.425 1.334 1.288 1.173 -0.044 
6.000 199.530 -0.988 -0.527 -0.298 -0.016 0.316 0.543 0.817 0.937 1.104 1.156 1.220 1.243 1.234 1.153 1.059 1.014 0.914 -0.239 
6.000 251.190 -1.112 -0.665 -0.438 -0.163 0.153 0.369 0.631 0.737 0.880 0.914 0.951 0.955 0.923 0.834 0.738 0.694 0.613 -0.459 
6.000 316.230 -1.247 -0.813 -0.590 -0.323 -0.027 0.176 0.423 0.509 0.623 0.633 0.638 0.617 0.555 0.456 0.358 0.316 0.258 -0.711 
6.000 398.110 -1.394 -0.974 -0.754 -0.498 -0.227 -0.042 0.186 0.247 0.325 0.305 0.267 0.215 0.117 0.006 -0.096 -0.136 -0.164 -1.003 
6.000 501.190 -1.556 -1.150 -0.936 -0.693 -0.454 -0.290 -0.087 -0.056 -0.025 -0.084 -0.173 -0.265 -0.410 -0.536 -0.642 -0.679 -0.670 -1.345 
6.000 630.960 -1.739 -1.346 -1.138 -0.912 -0.714 -0.577 -0.405 -0.413 -0.440 -0.547 -0.703 -0.843 -1.047 -1.192 -1.304 -1.336 -1.281 -1.750 
6.000 794.330 -1.946 -1.567 -1.367 -1.163 -1.014 -0.912 -0.780 -0.837 -0.937 -1.104 -1.344 -1.546 -1.823 -1.993 -2.111 -2.139 -2.025 -2.233 
6.000 1000.000 -2.184 -1.819 -1.630 -1.452 -1.367 -1.308 -1.225 -1.344 -1.537 -1.780 -2.124 -2.405 -2.774 -2.975 -3.102 -3.123 -2.935 -2.817 
6.250 1.000 0.475 1.109 1.339 1.629 1.986 2.217 2.485 2.622 2.835 2.933 3.071 3.136 3.205 3.171 3.115 3.084 2.931 1.549 
6.250 1.260 0.475 1.108 1.338 1.628 1.985 2.216 2.484 2.621 2.834 2.932 3.070 3.135 3.204 3.170 3.114 3.083 2.930 1.548 
6.250 1.580 0.475 1.107 1.336 1.626 1.983 2.215 2.483 2.620 2.832 2.930 3.069 3.133 3.202 3.169 3.112 3.082 2.929 1.546 
6.250 2.000 0.475 1.104 1.334 1.624 1.981 2.212 2.480 2.617 2.830 2.928 3.066 3.131 3.200 3.167 3.110 3.079 2.926 1.544 
6.250 2.510 0.473 1.100 1.330 1.620 1.977 2.208 2.476 2.614 2.826 2.925 3.063 3.128 3.196 3.163 3.106 3.075 2.922 1.540 
6.250 3.160 0.470 1.094 1.323 1.613 1.971 2.202 2.471 2.608 2.821 2.919 3.057 3.122 3.191 3.157 3.100 3.069 2.916 1.534 
6.250 3.980 0.464 1.084 1.314 1.604 1.961 2.193 2.462 2.599 2.812 2.911 3.049 3.114 3.182 3.149 3.092 3.060 2.907 1.525 
6.250 5.010 0.453 1.070 1.299 1.590 1.947 2.179 2.448 2.586 2.800 2.898 3.036 3.102 3.170 3.136 3.078 3.047 2.894 1.511 
6.250 6.310 0.437 1.049 1.278 1.569 1.927 2.159 2.429 2.567 2.781 2.879 3.018 3.083 3.151 3.117 3.059 3.027 2.873 1.491 
6.250 7.940 0.413 1.019 1.249 1.539 1.897 2.130 2.401 2.540 2.754 2.853 2.992 3.057 3.125 3.090 3.031 2.998 2.845 1.463 
6.250 10.000 0.378 0.979 1.208 1.498 1.857 2.091 2.363 2.503 2.718 2.817 2.956 3.021 3.088 3.053 2.992 2.959 2.806 1.424 
6.250 12.590 0.333 0.926 1.156 1.446 1.806 2.040 2.314 2.455 2.671 2.770 2.909 2.975 3.041 3.004 2.942 2.908 2.754 1.373 
6.250 15.850 0.277 0.863 1.092 1.383 1.743 1.978 2.254 2.396 2.612 2.712 2.850 2.917 2.981 2.943 2.880 2.844 2.691 1.311 
6.250 19.950 0.211 0.788 1.018 1.308 1.668 1.905 2.183 2.326 2.543 2.642 2.780 2.847 2.910 2.870 2.804 2.768 2.614 1.237 
6.250 25.120 0.137 0.704 0.934 1.224 1.585 1.823 2.102 2.246 2.464 2.563 2.700 2.766 2.827 2.785 2.717 2.679 2.526 1.153 
6.250 31.620 0.056 0.613 0.843 1.132 1.493 1.732 2.014 2.158 2.375 2.473 2.609 2.675 2.732 2.689 2.618 2.579 2.427 1.060 
6.250 39.810 -0.030 0.516 0.745 1.034 1.395 1.634 1.917 2.062 2.278 2.375 2.508 2.572 2.626 2.580 2.507 2.466 2.316 0.958 
6.250 50.120 -0.120 0.415 0.643 0.932 1.290 1.530 1.814 1.958 2.172 2.266 2.396 2.458 2.507 2.459 2.383 2.341 2.193 0.848 
6.250 63.100 -0.214 0.309 0.537 0.824 1.181 1.420 1.704 1.846 2.057 2.148 2.272 2.331 2.374 2.323 2.244 2.202 2.056 0.728 
6.250 79.430 -0.312 0.200 0.427 0.712 1.065 1.303 1.585 1.725 1.931 2.017 2.134 2.189 2.224 2.169 2.088 2.045 1.904 0.599 
6.250 100.000 -0.413 0.086 0.312 0.595 0.943 1.178 1.458 1.594 1.792 1.872 1.980 2.027 2.054 1.995 1.911 1.867 1.733 0.458 
6.250 125.890 -0.518 -0.032 0.193 0.473 0.814 1.045 1.321 1.450 1.638 1.709 1.805 1.843 1.858 1.794 1.709 1.665 1.539 0.303 
6.250 158.490 -0.629 -0.155 0.068 0.344 0.676 0.901 1.170 1.290 1.465 1.525 1.605 1.632 1.632 1.563 1.475 1.431 1.317 0.130 
6.250 199.530 -0.745 -0.285 -0.064 0.207 0.527 0.743 1.004 1.113 1.270 1.315 1.375 1.387 1.368 1.293 1.202 1.159 1.059 -0.063 
6.250 251.190 -0.870 -0.423 -0.204 0.060 0.364 0.570 0.819 0.913 1.048 1.074 1.107 1.100 1.058 0.975 0.882 0.840 0.758 -0.283 
6.250 316.230 -1.005 -0.571 -0.355 -0.100 0.184 0.377 0.611 0.686 0.791 0.793 0.794 0.762 0.691 0.598 0.502 0.462 0.404 -0.534 
6.250 398.110 -1.151 -0.732 -0.520 -0.275 -0.016 0.160 0.374 0.424 0.493 0.465 0.424 0.362 0.254 0.148 0.049 0.011 -0.018 -0.826 
6.250 501.190 -1.314 -0.908 -0.701 -0.470 -0.243 -0.088 0.101 0.121 0.143 0.077 -0.016 -0.118 -0.273 -0.394 -0.497 -0.532 -0.524 -1.168 
6.250 630.960 -1.496 -1.104 -0.904 -0.689 -0.502 -0.375 -0.216 -0.236 -0.272 -0.386 -0.546 -0.697 -0.909 -1.050 -1.159 -1.190 -1.135 -1.573 
6.250 794.330 -1.703 -1.325 -1.133 -0.940 -0.803 -0.710 -0.591 -0.659 -0.769 -0.943 -1.186 -1.399 -1.686 -1.851 -1.966 -1.992 -1.878 -2.057 
6.250 1000.000 -1.942 -1.577 -1.395 -1.229 -1.156 -1.106 -1.036 -1.167 -1.368 -1.619 -1.967 -2.258 -2.637 -2.833 -2.957 -2.976 -2.789 -2.640 
6.500 1.000 0.594 1.223 1.444 1.723 2.067 2.287 2.541 2.665 2.867 2.956 3.089 3.141 3.199 3.171 3.117 3.088 2.937 1.590 
6.500 1.260 0.595 1.222 1.444 1.722 2.066 2.287 2.541 2.665 2.867 2.956 3.088 3.141 3.199 3.170 3.116 3.088 2.936 1.590 
6.500 1.580 0.596 1.221 1.443 1.721 2.065 2.286 2.540 2.664 2.866 2.955 3.088 3.140 3.198 3.169 3.115 3.087 2.935 1.589 
6.500 2.000 0.596 1.220 1.441 1.720 2.064 2.284 2.538 2.663 2.865 2.954 3.086 3.139 3.197 3.168 3.114 3.085 2.934 1.587 
6.500 2.510 0.596 1.218 1.439 1.717 2.062 2.282 2.536 2.660 2.863 2.952 3.084 3.137 3.194 3.166 3.112 3.083 2.931 1.585 
6.500 3.160 0.595 1.214 1.436 1.714 2.058 2.279 2.533 2.657 2.859 2.948 3.081 3.134 3.191 3.162 3.108 3.080 2.928 1.582 
6.500 3.980 0.592 1.208 1.430 1.708 2.052 2.273 2.528 2.652 2.854 2.943 3.076 3.129 3.186 3.157 3.103 3.074 2.922 1.576 
6.500 5.010 0.587 1.200 1.421 1.700 2.044 2.265 2.520 2.644 2.847 2.936 3.068 3.121 3.178 3.149 3.095 3.066 2.914 1.568 
6.500 6.310 0.579 1.187 1.408 1.687 2.031 2.252 2.507 2.632 2.835 2.924 3.057 3.109 3.167 3.137 3.082 3.053 2.901 1.556 
6.500 7.940 0.565 1.168 1.389 1.667 2.012 2.234 2.489 2.615 2.818 2.907 3.040 3.092 3.149 3.119 3.064 3.034 2.882 1.537 
6.500 10.000 0.543 1.140 1.362 1.640 1.985 2.207 2.464 2.589 2.793 2.882 3.015 3.068 3.124 3.094 3.037 3.007 2.855 1.510 
6.500 12.590 0.512 1.102 1.324 1.602 1.948 2.171 2.428 2.555 2.759 2.848 2.980 3.034 3.089 3.058 3.001 2.970 2.818 1.474 
6.500 15.850 0.470 1.053 1.275 1.553 1.899 2.122 2.382 2.509 2.713 2.803 2.935 2.988 3.043 3.011 2.952 2.920 2.768 1.425 
6.500 19.950 0.417 0.992 1.213 1.491 1.838 2.062 2.323 2.451 2.656 2.746 2.878 2.931 2.984 2.950 2.889 2.857 2.705 1.365 
6.500 25.120 0.354 0.919 1.140 1.418 1.765 1.991 2.253 2.382 2.588 2.677 2.808 2.861 2.912 2.876 2.813 2.779 2.628 1.292 
6.500 31.620 0.281 0.837 1.058 1.335 1.682 1.909 2.173 2.303 2.508 2.596 2.726 2.779 2.826 2.789 2.724 2.688 2.538 1.207 
6.500 39.810 0.201 0.746 0.967 1.244 1.590 1.817 2.084 2.214 2.418 2.505 2.632 2.684 2.728 2.688 2.620 2.583 2.434 1.112 
6.500 50.120 0.114 0.649 0.869 1.145 1.491 1.718 1.986 2.115 2.318 2.403 2.527 2.576 2.616 2.573 2.502 2.464 2.317 1.007 
6.500 63.100 0.023 0.546 0.766 1.041 1.384 1.611 1.879 2.008 2.207 2.289 2.408 2.455 2.488 2.443 2.369 2.330 2.186 0.892 
6.500 79.430 -0.072 0.438 0.658 0.931 1.271 1.497 1.764 1.890 2.085 2.163 2.275 2.317 2.343 2.294 2.217 2.177 2.038 0.766 
6.500 100.000 -0.172 0.326 0.544 0.816 1.151 1.375 1.640 1.762 1.950 2.021 2.125 2.160 2.177 2.124 2.044 2.003 1.870 0.627 
6.500 125.890 -0.277 0.209 0.426 0.694 1.023 1.243 1.504 1.621 1.799 1.862 1.953 1.980 1.986 1.927 1.845 1.804 1.679 0.474 
6.500 158.490 -0.387 0.086 0.301 0.566 0.885 1.100 1.356 1.464 1.629 1.680 1.756 1.772 1.763 1.699 1.614 1.573 1.459 0.304 
6.500 199.530 -0.504 -0.044 0.170 0.429 0.737 0.944 1.191 1.288 1.436 1.473 1.528 1.529 1.501 1.431 1.344 1.303 1.203 0.112 
6.500 251.190 -0.628 -0.181 0.030 0.282 0.575 0.771 1.007 1.089 1.214 1.233 1.262 1.244 1.193 1.115 1.025 0.985 0.903 -0.107 
6.500 316.230 -0.762 -0.329 -0.121 0.123 0.395 0.579 0.799 0.862 0.959 0.953 0.950 0.908 0.827 0.739 0.646 0.608 0.549 -0.358 
6.500 398.110 -0.909 -0.490 -0.286 -0.052 0.195 0.361 0.563 0.601 0.661 0.626 0.581 0.507 0.390 0.289 0.193 0.157 0.128 -0.650 
6.500 501.190 -1.072 -0.666 -0.467 -0.247 -0.031 0.113 0.290 0.298 0.312 0.238 0.140 0.028 -0.136 -0.252 -0.353 -0.385 -0.378 -0.991 
6.500 630.960 -1.254 -0.862 -0.670 -0.466 -0.291 -0.173 -0.028 -0.059 -0.103 -0.225 -0.389 -0.550 -0.773 -0.908 -1.014 -1.043 -0.988 -1.396 
6.500 794.330 -1.461 -1.082 -0.899 -0.716 -0.592 -0.508 -0.402 -0.482 -0.600 -0.783 -1.029 -1.253 -1.549 -1.709 -1.821 -1.845 -1.732 -1.880 
6.500 1000.000 -1.699 -1.335 -1.161 -1.006 -0.945 -0.905 -0.848 -0.989 -1.200 -1.458 -1.810 -2.112 -2.500 -2.691 -2.812 -2.830 -2.642 -2.463 
6.750 1.000 0.712 1.335 1.549 1.815 2.146 2.356 2.595 2.706 2.897 2.977 3.103 3.143 3.189 3.165 3.114 3.087 2.937 1.629 
6.750 1.260 0.713 1.335 1.548 1.815 2.145 2.355 2.595 2.706 2.897 2.977 3.103 3.143 3.189 3.165 3.113 3.087 2.937 1.629 
6.750 1.580 0.714 1.334 1.548 1.814 2.145 2.355 2.594 2.705 2.897 2.976 3.102 3.142 3.189 3.164 3.113 3.086 2.936 1.628 
6.750 2.000 0.715 1.333 1.547 1.813 2.144 2.354 2.594 2.705 2.896 2.975 3.102 3.142 3.188 3.163 3.112 3.086 2.935 1.627 
6.750 2.510 0.715 1.332 1.546 1.812 2.143 2.353 2.592 2.703 2.895 2.974 3.100 3.140 3.187 3.162 3.111 3.084 2.934 1.626 
6.750 3.160 0.716 1.330 1.543 1.810 2.141 2.351 2.590 2.702 2.893 2.972 3.099 3.139 3.185 3.160 3.109 3.082 2.932 1.624 
6.750 3.980 0.715 1.327 1.540 1.807 2.138 2.348 2.587 2.699 2.890 2.969 3.096 3.136 3.182 3.157 3.106 3.079 2.929 1.621 
6.750 5.010 0.714 1.322 1.535 1.802 2.133 2.343 2.583 2.694 2.885 2.965 3.091 3.131 3.177 3.152 3.101 3.074 2.924 1.616 
6.750 6.310 0.710 1.314 1.527 1.794 2.125 2.335 2.575 2.687 2.878 2.958 3.084 3.124 3.170 3.145 3.093 3.066 2.916 1.608 
6.750 7.940 0.703 1.302 1.516 1.782 2.113 2.324 2.564 2.676 2.867 2.947 3.073 3.113 3.159 3.134 3.081 3.054 2.904 1.597 
6.750 10.000 0.691 1.285 1.498 1.764 2.096 2.307 2.548 2.660 2.851 2.931 3.057 3.097 3.142 3.117 3.064 3.036 2.886 1.580 
6.750 12.590 0.672 1.260 1.473 1.739 2.071 2.282 2.524 2.636 2.828 2.908 3.034 3.074 3.118 3.092 3.039 3.011 2.861 1.555 
6.750 15.850 0.644 1.224 1.438 1.704 2.036 2.248 2.491 2.603 2.796 2.875 3.001 3.041 3.085 3.058 3.003 2.974 2.824 1.520 
6.750 19.950 0.606 1.178 1.391 1.657 1.989 2.202 2.446 2.560 2.752 2.832 2.957 2.997 3.039 3.011 2.955 2.925 2.776 1.474 
6.750 25.120 0.556 1.119 1.332 1.598 1.930 2.144 2.390 2.504 2.697 2.776 2.900 2.940 2.980 2.950 2.892 2.862 2.713 1.414 
6.750 31.620 0.494 1.048 1.261 1.527 1.859 2.073 2.321 2.436 2.628 2.707 2.830 2.869 2.907 2.875 2.815 2.783 2.635 1.342 
6.750 39.810 0.423 0.967 1.179 1.445 1.776 1.992 2.241 2.356 2.548 2.625 2.746 2.784 2.818 2.785 2.722 2.689 2.541 1.256 
6.750 50.120 0.343 0.876 1.089 1.353 1.684 1.900 2.150 2.265 2.456 2.531 2.649 2.685 2.715 2.678 2.613 2.578 2.433 1.159 
6.750 63.100 0.257 0.778 0.990 1.254 1.583 1.798 2.049 2.164 2.352 2.424 2.537 2.571 2.595 2.555 2.486 2.450 2.308 1.050 
6.750 79.430 0.164 0.674 0.885 1.147 1.473 1.688 1.939 2.051 2.235 2.303 2.410 2.440 2.456 2.413 2.341 2.303 2.165 0.928 
6.750 100.000 0.066 0.564 0.774 1.034 1.356 1.569 1.818 1.927 2.104 2.166 2.265 2.288 2.296 2.248 2.173 2.135 2.002 0.794 
6.750 125.890 -0.037 0.448 0.657 0.914 1.230 1.439 1.686 1.789 1.957 2.011 2.098 2.113 2.109 2.057 1.978 1.939 1.815 0.644 
6.750 158.490 -0.146 0.326 0.534 0.787 1.094 1.298 1.539 1.635 1.790 1.834 1.905 1.909 1.890 1.832 1.751 1.712 1.598 0.475 
6.750 199.530 -0.262 0.197 0.403 0.651 0.946 1.143 1.377 1.461 1.600 1.629 1.680 1.670 1.632 1.567 1.483 1.444 1.345 0.285 
6.750 251.190 -0.386 0.060 0.263 0.504 0.785 0.972 1.194 1.264 1.380 1.391 1.416 1.387 1.327 1.253 1.166 1.128 1.047 0.068 
6.750 316.230 -0.520 -0.087 0.112 0.345 0.606 0.780 0.987 1.038 1.126 1.113 1.105 1.052 0.962 0.879 0.789 0.752 0.694 -0.183 
6.750 398.110 -0.667 -0.248 -0.052 0.170 0.406 0.563 0.751 0.778 0.829 0.786 0.737 0.653 0.526 0.430 0.336 0.303 0.273 -0.474 
6.750 501.190 -0.829 -0.424 -0.233 -0.024 0.180 0.315 0.478 0.474 0.480 0.398 0.297 0.174 0.001 -0.111 -0.209 -0.239 -0.232 -0.815 
6.750 630.960 -1.012 -0.620 -0.435 -0.243 -0.080 0.028 0.161 0.118 0.065 -0.065 -0.232 -0.404 -0.636 -0.767 -0.870 -0.897 -0.842 -1.220 
6.750 794.330 -1.219 -0.840 -0.664 -0.493 -0.381 -0.307 -0.213 -0.305 -0.432 -0.622 -0.872 -1.107 -1.412 -1.567 -1.677 -1.699 -1.586 -1.703 
6.750 1000.000 -1.457 -1.092 -0.927 -0.783 -0.733 -0.703 -0.659 -0.812 -1.032 -1.298 -1.653 -1.966 -2.363 -2.549 -2.667 -2.683 -2.496 -2.287 
7.000 1.000 0.829 1.446 1.651 1.905 2.223 2.422 2.647 2.744 2.924 2.994 3.113 3.140 3.174 3.153 3.104 3.080 2.932 1.664 
7.000 1.260 0.830 1.446 1.651 1.905 2.222 2.422 2.647 2.744 2.924 2.993 3.113 3.140 3.173 3.153 3.104 3.079 2.932 1.664 
7.000 1.580 0.831 1.446 1.651 1.905 2.222 2.421 2.646 2.744 2.924 2.993 3.112 3.139 3.173 3.153 3.104 3.079 2.931 1.664 
7.000 2.000 0.832 1.445 1.650 1.904 2.222 2.421 2.646 2.744 2.923 2.993 3.112 3.139 3.173 3.152 3.103 3.079 2.931 1.663 
7.000 2.510 0.833 1.444 1.649 1.904 2.221 2.420 2.645 2.743 2.923 2.992 3.111 3.138 3.172 3.152 3.103 3.078 2.930 1.663 
7.000 3.160 0.834 1.443 1.648 1.903 2.220 2.419 2.644 2.742 2.921 2.991 3.110 3.137 3.171 3.150 3.101 3.077 2.929 1.661 
7.000 3.980 0.835 1.441 1.646 1.901 2.218 2.417 2.642 2.740 2.920 2.989 3.108 3.135 3.169 3.149 3.099 3.075 2.927 1.659 
7.000 5.010 0.835 1.438 1.643 1.898 2.215 2.414 2.640 2.737 2.917 2.987 3.106 3.133 3.166 3.146 3.096 3.072 2.924 1.657 
7.000 6.310 0.834 1.434 1.639 1.893 2.210 2.410 2.635 2.733 2.913 2.982 3.101 3.128 3.162 3.141 3.092 3.067 2.919 1.652 
7.000 7.940 0.832 1.427 1.632 1.886 2.203 2.403 2.629 2.727 2.906 2.976 3.095 3.122 3.155 3.134 3.085 3.060 2.912 1.645 
7.000 10.000 0.826 1.416 1.621 1.875 2.193 2.392 2.619 2.717 2.896 2.966 3.085 3.112 3.145 3.124 3.074 3.048 2.901 1.634 
7.000 12.590 0.816 1.400 1.605 1.859 2.177 2.377 2.603 2.702 2.882 2.951 3.070 3.096 3.129 3.107 3.057 3.031 2.884 1.618 
7.000 15.850 0.800 1.377 1.582 1.836 2.154 2.354 2.581 2.680 2.860 2.929 3.047 3.074 3.106 3.084 3.032 3.006 2.859 1.595 
7.000 19.950 0.775 1.344 1.549 1.803 2.121 2.322 2.550 2.649 2.829 2.898 3.016 3.042 3.073 3.050 2.998 2.971 2.824 1.562 
7.000 25.120 0.739 1.300 1.505 1.759 2.076 2.278 2.507 2.607 2.787 2.855 2.973 2.999 3.028 3.004 2.950 2.922 2.775 1.517 
7.000 31.620 0.692 1.244 1.448 1.702 2.019 2.222 2.452 2.552 2.732 2.800 2.916 2.942 2.968 2.942 2.887 2.858 2.712 1.459 
7.000 39.810 0.633 1.175 1.379 1.632 1.950 2.152 2.384 2.484 2.664 2.731 2.845 2.869 2.893 2.865 2.807 2.777 2.632 1.386 
7.000 50.120 0.563 1.094 1.299 1.551 1.867 2.071 2.304 2.404 2.582 2.647 2.758 2.781 2.801 2.770 2.709 2.678 2.535 1.299 
7.000 63.100 0.484 1.004 1.208 1.459 1.774 1.977 2.212 2.311 2.487 2.549 2.656 2.676 2.690 2.657 2.593 2.560 2.420 1.199 
7.000 79.430 0.396 0.905 1.108 1.358 1.670 1.873 2.108 2.205 2.377 2.436 2.537 2.553 2.560 2.522 2.455 2.421 2.285 1.084 
7.000 100.000 0.302 0.799 1.001 1.249 1.557 1.758 1.992 2.087 2.253 2.306 2.398 2.409 2.407 2.365 2.294 2.259 2.128 0.955 
7.000 125.890 0.201 0.685 0.886 1.132 1.434 1.632 1.864 1.954 2.111 2.156 2.237 2.241 2.227 2.180 2.105 2.069 1.946 0.809 
7.000 158.490 0.093 0.565 0.765 1.006 1.300 1.494 1.721 1.803 1.949 1.983 2.049 2.042 2.014 1.961 1.883 1.846 1.734 0.644 
7.000 199.530 -0.022 0.437 0.635 0.871 1.154 1.341 1.560 1.632 1.761 1.782 1.829 1.807 1.760 1.700 1.619 1.583 1.484 0.456 
7.000 251.190 -0.145 0.301 0.496 0.726 0.994 1.171 1.379 1.437 1.544 1.547 1.568 1.528 1.458 1.390 1.305 1.270 1.188 0.241 
7.000 316.230 -0.279 0.154 0.346 0.567 0.816 0.980 1.174 1.213 1.292 1.271 1.259 1.195 1.096 1.017 0.930 0.896 0.837 -0.008 
7.000 398.110 -0.425 -0.006 0.182 0.393 0.616 0.763 0.938 0.954 0.996 0.945 0.892 0.797 0.661 0.570 0.479 0.447 0.418 -0.298 
7.000 501.190 -0.587 -0.182 0.001 0.198 0.390 0.516 0.666 0.651 0.647 0.558 0.453 0.319 0.136 0.030 -0.065 -0.094 -0.086 -0.639 
7.000 630.960 -0.770 -0.378 -0.201 -0.021 0.131 0.230 0.349 0.295 0.233 0.095 -0.076 -0.259 -0.500 -0.625 -0.726 -0.751 -0.697 -1.044 
7.000 794.330 -0.976 -0.598 -0.430 -0.271 -0.170 -0.105 -0.025 -0.128 -0.264 -0.461 -0.716 -0.961 -1.275 -1.426 -1.533 -1.553 -1.440 -1.527 
7.000 1000.000 -1.215 -0.850 -0.693 -0.560 -0.522 -0.501 -0.470 -0.635 -0.863 -1.137 -1.496 -1.819 -2.226 -2.407 -2.523 -2.537 -2.350 -2.110 
7.250 1.000 0.944 1.555 1.752 1.994 2.297 2.485 2.695 2.779 2.947 3.005 3.117 3.130 3.150 3.133 3.086 3.063 2.918 1.695 
7.250 1.260 0.944 1.555 1.752 1.994 2.297 2.485 2.695 2.779 2.946 3.005 3.116 3.130 3.150 3.133 3.086 3.063 2.918 1.695 
7.250 1.580 0.945 1.555 1.752 1.994 2.296 2.485 2.695 2.779 2.946 3.005 3.116 3.129 3.150 3.133 3.086 3.063 2.918 1.694 
7.250 2.000 0.946 1.555 1.751 1.993 2.296 2.484 2.695 2.779 2.946 3.005 3.116 3.129 3.150 3.133 3.086 3.063 2.918 1.694 
7.250 2.510 0.948 1.554 1.751 1.993 2.296 2.484 2.694 2.778 2.946 3.004 3.116 3.129 3.149 3.132 3.085 3.062 2.917 1.694 
7.250 3.160 0.949 1.553 1.750 1.992 2.295 2.483 2.694 2.778 2.945 3.004 3.115 3.128 3.148 3.132 3.084 3.062 2.917 1.693 
7.250 3.980 0.951 1.552 1.749 1.991 2.294 2.482 2.693 2.777 2.944 3.003 3.114 3.127 3.147 3.130 3.083 3.061 2.916 1.692 
7.250 5.010 0.952 1.551 1.747 1.989 2.292 2.481 2.691 2.775 2.942 3.001 3.112 3.125 3.146 3.129 3.082 3.059 2.914 1.690 
7.250 6.310 0.953 1.548 1.745 1.987 2.290 2.478 2.689 2.773 2.940 2.999 3.110 3.123 3.143 3.126 3.079 3.056 2.911 1.688 
7.250 7.940 0.953 1.544 1.741 1.983 2.286 2.474 2.685 2.769 2.936 2.995 3.106 3.119 3.139 3.122 3.074 3.051 2.906 1.683 
7.250 10.000 0.952 1.538 1.734 1.976 2.279 2.468 2.679 2.763 2.930 2.989 3.100 3.113 3.132 3.115 3.067 3.044 2.899 1.677 
7.250 12.590 0.947 1.528 1.725 1.967 2.269 2.458 2.669 2.753 2.921 2.979 3.090 3.103 3.122 3.105 3.057 3.033 2.889 1.667 
7.250 15.850 0.939 1.513 1.710 1.952 2.255 2.444 2.655 2.739 2.907 2.965 3.076 3.088 3.107 3.089 3.041 3.017 2.872 1.652 
7.250 19.950 0.925 1.492 1.689 1.930 2.233 2.422 2.634 2.719 2.886 2.944 3.054 3.067 3.085 3.066 3.017 2.993 2.848 1.630 
7.250 25.120 0.903 1.461 1.658 1.899 2.202 2.392 2.605 2.689 2.856 2.914 3.023 3.036 3.052 3.033 2.982 2.958 2.814 1.598 
7.250 31.620 0.870 1.420 1.616 1.857 2.160 2.350 2.564 2.649 2.816 2.873 2.981 2.992 3.007 2.986 2.934 2.909 2.766 1.554 
7.250 39.810 0.825 1.366 1.562 1.803 2.105 2.295 2.510 2.595 2.761 2.818 2.924 2.935 2.946 2.924 2.870 2.843 2.701 1.497 
7.250 50.120 0.768 1.298 1.494 1.734 2.036 2.227 2.443 2.528 2.693 2.747 2.851 2.860 2.868 2.843 2.787 2.759 2.619 1.423 
7.250 63.100 0.700 1.219 1.414 1.654 1.954 2.145 2.362 2.446 2.609 2.661 2.761 2.767 2.770 2.742 2.683 2.654 2.516 1.335 
7.250 79.430 0.620 1.128 1.323 1.561 1.859 2.049 2.267 2.350 2.509 2.558 2.652 2.655 2.651 2.619 2.557 2.526 2.392 1.230 
7.250 100.000 0.532 1.028 1.222 1.458 1.752 1.941 2.159 2.239 2.393 2.436 2.522 2.520 2.508 2.471 2.405 2.373 2.244 1.108 
7.250 125.890 0.435 0.919 1.112 1.345 1.634 1.821 2.036 2.112 2.258 2.294 2.369 2.360 2.336 2.294 2.224 2.191 2.070 0.968 
7.250 158.490 0.330 0.802 0.993 1.223 1.504 1.686 1.898 1.967 2.102 2.127 2.188 2.169 2.130 2.083 2.009 1.975 1.863 0.808 
7.250 199.530 0.217 0.676 0.865 1.090 1.360 1.536 1.741 1.800 1.919 1.931 1.973 1.940 1.883 1.828 1.751 1.717 1.618 0.624 
7.250 251.190 0.095 0.540 0.727 0.946 1.202 1.368 1.563 1.609 1.706 1.700 1.717 1.665 1.585 1.522 1.441 1.408 1.327 0.412 
7.250 316.230 -0.038 0.394 0.578 0.788 1.025 1.179 1.359 1.386 1.456 1.427 1.411 1.336 1.227 1.153 1.069 1.037 0.979 0.165 
7.250 398.110 -0.184 0.235 0.415 0.614 0.826 0.963 1.125 1.128 1.162 1.102 1.046 0.940 0.794 0.708 0.620 0.590 0.561 -0.124 
7.250 501.190 -0.346 0.060 0.234 0.421 0.600 0.717 0.854 0.826 0.814 0.717 0.608 0.463 0.271 0.169 0.077 0.050 0.058 -0.464 
7.250 630.960 -0.528 -0.136 0.032 0.202 0.342 0.431 0.537 0.471 0.400 0.255 0.080 -0.114 -0.365 -0.485 -0.583 -0.606 -0.552 -0.868 
7.250 794.330 -0.735 -0.356 -0.196 -0.048 0.041 0.096 0.163 0.048 -0.096 -0.302 -0.560 -0.816 -1.140 -1.285 -1.389 -1.408 -1.294 -1.351 
7.250 1000.000 -0.973 -0.608 -0.459 -0.337 -0.311 -0.300 -0.282 -0.459 -0.696 -0.977 -1.340 -1.674 -2.090 -2.266 -2.379 -2.391 -2.204 -1.934 
7.500 1.000 1.056 1.662 1.850 2.079 2.367 2.544 2.740 2.809 2.963 3.010 3.112 3.111 3.116 3.102 3.057 3.036 2.895 1.719 
7.500 1.260 1.057 1.662 1.850 2.079 2.367 2.544 2.740 2.809 2.963 3.010 3.112 3.111 3.116 3.102 3.057 3.036 2.894 1.719 
7.500 1.580 1.058 1.662 1.850 2.079 2.367 2.544 2.740 2.809 2.963 3.010 3.112 3.110 3.116 3.102 3.057 3.036 2.894 1.719 
7.500 2.000 1.059 1.662 1.850 2.079 2.367 2.544 2.740 2.809 2.963 3.010 3.112 3.110 3.116 3.102 3.056 3.035 2.894 1.719 
7.500 2.510 1.060 1.661 1.849 2.079 2.367 2.544 2.739 2.809 2.963 3.010 3.112 3.110 3.116 3.102 3.056 3.035 2.894 1.718 
7.500 3.160 1.062 1.661 1.849 2.078 2.366 2.543 2.739 2.808 2.962 3.009 3.111 3.110 3.115 3.101 3.056 3.035 2.893 1.718 
7.500 3.980 1.063 1.660 1.848 2.078 2.366 2.543 2.738 2.808 2.962 3.009 3.111 3.109 3.115 3.101 3.055 3.034 2.893 1.717 
7.500 5.010 1.065 1.659 1.848 2.077 2.365 2.542 2.737 2.807 2.961 3.008 3.110 3.108 3.114 3.099 3.054 3.033 2.892 1.716 
7.500 6.310 1.067 1.658 1.846 2.075 2.363 2.540 2.736 2.805 2.959 3.006 3.108 3.106 3.112 3.098 3.052 3.031 2.890 1.715 
7.500 7.940 1.069 1.655 1.844 2.073 2.361 2.538 2.734 2.803 2.957 3.004 3.106 3.104 3.109 3.095 3.049 3.028 2.887 1.712 
7.500 10.000 1.069 1.652 1.840 2.069 2.357 2.534 2.730 2.799 2.953 3.000 3.102 3.100 3.105 3.091 3.045 3.024 2.883 1.708 
7.500 12.590 1.069 1.646 1.834 2.063 2.351 2.528 2.724 2.794 2.948 2.995 3.096 3.094 3.099 3.084 3.038 3.017 2.876 1.702 
7.500 15.850 1.066 1.637 1.825 2.054 2.342 2.519 2.716 2.785 2.939 2.986 3.087 3.085 3.089 3.074 3.028 3.007 2.866 1.693 
7.500 19.950 1.060 1.624 1.812 2.041 2.329 2.506 2.703 2.772 2.926 2.972 3.073 3.071 3.074 3.059 3.012 2.990 2.850 1.679 
7.500 25.120 1.048 1.604 1.792 2.021 2.309 2.486 2.683 2.752 2.906 2.952 3.052 3.050 3.052 3.036 2.989 2.966 2.826 1.657 
7.500 31.620 1.028 1.575 1.763 1.992 2.279 2.457 2.655 2.724 2.877 2.923 3.022 3.019 3.020 3.003 2.954 2.931 2.792 1.627 
7.500 39.810 0.998 1.536 1.724 1.952 2.239 2.417 2.615 2.685 2.837 2.882 2.979 2.975 2.974 2.955 2.905 2.882 2.743 1.584 
7.500 50.120 0.955 1.484 1.671 1.899 2.185 2.363 2.563 2.632 2.783 2.826 2.921 2.916 2.911 2.891 2.838 2.814 2.677 1.526 
7.500 63.100 0.900 1.418 1.605 1.832 2.117 2.295 2.496 2.564 2.713 2.754 2.846 2.838 2.829 2.806 2.751 2.725 2.590 1.452 
7.500 79.430 0.833 1.340 1.526 1.752 2.034 2.212 2.413 2.480 2.626 2.664 2.750 2.739 2.724 2.697 2.639 2.612 2.481 1.360 
7.500 100.000 0.753 1.248 1.434 1.658 1.937 2.114 2.315 2.380 2.521 2.554 2.632 2.617 2.593 2.562 2.500 2.472 2.345 1.249 
7.500 125.890 0.663 1.146 1.331 1.552 1.827 2.001 2.200 2.262 2.395 2.421 2.490 2.467 2.432 2.396 2.330 2.300 2.181 1.118 
7.500 158.490 0.563 1.034 1.217 1.435 1.702 1.873 2.069 2.124 2.247 2.263 2.318 2.286 2.236 2.194 2.124 2.093 1.983 0.965 
7.500 199.530 0.453 0.911 1.092 1.305 1.562 1.728 1.917 1.963 2.071 2.074 2.110 2.065 1.998 1.948 1.874 1.843 1.746 0.787 
7.500 251.190 0.333 0.778 0.957 1.164 1.407 1.563 1.743 1.776 1.863 1.849 1.860 1.797 1.707 1.649 1.571 1.540 1.460 0.579 
7.500 316.230 0.201 0.633 0.809 1.008 1.232 1.376 1.543 1.557 1.617 1.579 1.559 1.472 1.353 1.285 1.203 1.173 1.116 0.335 
7.500 398.110 0.056 0.475 0.647 0.835 1.034 1.162 1.310 1.301 1.325 1.258 1.197 1.080 0.924 0.843 0.758 0.730 0.701 0.048 
7.500 501.190 -0.105 0.300 0.467 0.642 0.810 0.916 1.040 1.001 0.979 0.874 0.761 0.605 0.403 0.306 0.217 0.191 0.200 -0.291 
7.500 630.960 -0.286 0.105 0.265 0.424 0.552 0.631 0.724 0.646 0.566 0.413 0.234 0.029 -0.231 -0.347 -0.442 -0.463 -0.409 -0.694 
7.500 794.330 -0.493 -0.115 0.037 0.174 0.252 0.297 0.351 0.224 0.070 -0.143 -0.405 -0.672 -1.005 -1.146 -1.247 -1.264 -1.150 -1.176 
7.500 1000.000 -0.731 -0.367 -0.225 -0.114 -0.101 -0.099 -0.094 -0.283 -0.528 -0.817 -1.184 -1.529 -1.955 -2.126 -2.236 -2.247 -2.059 -1.758 
7.750 1.000 1.166 1.766 1.945 2.161 2.433 2.598 2.779 2.833 2.972 3.007 3.097 3.080 3.069 3.057 3.012 2.993 2.856 1.735 
7.750 1.260 1.166 1.765 1.945 2.161 2.433 2.598 2.779 2.833 2.972 3.006 3.097 3.080 3.068 3.057 3.012 2.993 2.856 1.735 
7.750 1.580 1.167 1.765 1.945 2.161 2.433 2.598 2.779 2.833 2.972 3.006 3.097 3.079 3.068 3.056 3.012 2.993 2.856 1.735 
7.750 2.000 1.168 1.765 1.945 2.161 2.433 2.598 2.779 2.833 2.972 3.006 3.097 3.079 3.068 3.056 3.012 2.992 2.856 1.735 
7.750 2.510 1.169 1.765 1.945 2.161 2.433 2.598 2.778 2.832 2.972 3.006 3.097 3.079 3.068 3.056 3.012 2.992 2.856 1.734 
7.750 3.160 1.171 1.765 1.944 2.161 2.433 2.598 2.778 2.832 2.972 3.006 3.097 3.079 3.068 3.056 3.011 2.992 2.856 1.734 
7.750 3.980 1.173 1.765 1.944 2.160 2.432 2.597 2.778 2.832 2.971 3.006 3.096 3.079 3.067 3.055 3.011 2.992 2.855 1.734 
7.750 5.010 1.175 1.764 1.944 2.160 2.432 2.597 2.777 2.831 2.971 3.005 3.096 3.078 3.067 3.055 3.010 2.991 2.855 1.733 
7.750 6.310 1.177 1.763 1.943 2.159 2.431 2.596 2.776 2.830 2.970 3.004 3.095 3.077 3.066 3.054 3.009 2.990 2.854 1.732 
7.750 7.940 1.179 1.762 1.941 2.157 2.430 2.595 2.775 2.829 2.968 3.003 3.093 3.075 3.064 3.052 3.007 2.988 2.852 1.731 
7.750 10.000 1.181 1.760 1.939 2.155 2.427 2.592 2.773 2.827 2.966 3.000 3.091 3.073 3.062 3.049 3.005 2.985 2.849 1.728 
7.750 12.590 1.183 1.756 1.936 2.152 2.424 2.589 2.770 2.824 2.963 2.997 3.087 3.069 3.058 3.045 3.000 2.981 2.845 1.725 
7.750 15.850 1.184 1.751 1.931 2.147 2.419 2.584 2.764 2.818 2.957 2.991 3.081 3.063 3.051 3.039 2.994 2.974 2.838 1.719 
7.750 19.950 1.182 1.743 1.922 2.138 2.410 2.575 2.756 2.810 2.949 2.983 3.072 3.054 3.042 3.029 2.984 2.964 2.828 1.710 
7.750 25.120 1.177 1.731 1.910 2.126 2.398 2.563 2.744 2.798 2.936 2.970 3.059 3.040 3.027 3.014 2.968 2.948 2.812 1.696 
7.750 31.620 1.167 1.712 1.891 2.107 2.379 2.544 2.725 2.779 2.917 2.950 3.038 3.019 3.005 2.991 2.944 2.923 2.789 1.676 
7.750 39.810 1.149 1.686 1.865 2.080 2.351 2.516 2.698 2.752 2.889 2.921 3.008 2.988 2.972 2.956 2.909 2.888 2.754 1.646 
7.750 50.120 1.121 1.648 1.827 2.042 2.312 2.477 2.660 2.713 2.849 2.880 2.965 2.944 2.924 2.908 2.858 2.836 2.704 1.603 
7.750 63.100 1.081 1.598 1.776 1.990 2.259 2.425 2.608 2.661 2.795 2.824 2.905 2.882 2.859 2.840 2.788 2.765 2.635 1.545 
7.750 79.430 1.028 1.534 1.712 1.925 2.192 2.357 2.540 2.592 2.723 2.749 2.825 2.799 2.770 2.748 2.694 2.670 2.543 1.469 
7.750 100.000 0.961 1.455 1.633 1.844 2.108 2.272 2.455 2.505 2.632 2.653 2.723 2.692 2.656 2.629 2.572 2.546 2.424 1.373 
7.750 125.890 0.881 1.363 1.539 1.748 2.008 2.170 2.352 2.398 2.519 2.533 2.594 2.557 2.510 2.479 2.417 2.390 2.274 1.254 
7.750 158.490 0.788 1.258 1.433 1.639 1.891 2.050 2.230 2.270 2.381 2.386 2.434 2.388 2.327 2.290 2.224 2.196 2.089 1.111 
7.750 199.530 0.683 1.141 1.314 1.515 1.758 1.912 2.086 2.118 2.214 2.207 2.237 2.178 2.100 2.055 1.985 1.956 1.861 0.941 
7.750 251.190 0.567 1.012 1.183 1.378 1.607 1.753 1.918 1.937 2.014 1.990 1.996 1.920 1.819 1.766 1.691 1.662 1.584 0.739 
7.750 316.230 0.438 0.870 1.037 1.224 1.436 1.569 1.722 1.724 1.773 1.727 1.701 1.602 1.472 1.409 1.330 1.303 1.246 0.500 
7.750 398.110 0.295 0.713 0.877 1.054 1.241 1.358 1.492 1.471 1.485 1.409 1.343 1.215 1.048 0.972 0.890 0.864 0.836 0.217 
7.750 501.190 0.135 0.540 0.698 0.862 1.017 1.114 1.224 1.173 1.141 1.028 0.910 0.743 0.531 0.439 0.352 0.329 0.338 -0.120 
7.750 630.960 -0.046 0.346 0.498 0.645 0.760 0.830 0.909 0.819 0.730 0.569 0.386 0.169 -0.101 -0.212 -0.304 -0.324 -0.269 -0.521 
7.750 794.330 -0.252 0.126 0.270 0.396 0.461 0.496 0.537 0.398 0.236 0.015 -0.252 -0.530 -0.873 -1.009 -1.108 -1.122 -1.009 -1.002 
7.750 1000.000 -0.489 -0.125 0.008 0.107 0.109 0.101 0.093 -0.107 -0.362 -0.659 -1.030 -1.386 -1.822 -1.988 -2.095 -2.104 -1.916 -1.584 
8.000 1.000 1.271 1.865 2.036 2.238 2.493 2.646 2.810 2.848 2.971 2.991 3.068 3.032 3.002 2.991 2.947 2.929 2.799 1.740 
8.000 1.260 1.272 1.865 2.036 2.238 2.493 2.646 2.810 2.848 2.971 2.991 3.068 3.032 3.002 2.991 2.947 2.929 2.799 1.740 
8.000 1.580 1.272 1.865 2.036 2.238 2.493 2.646 2.810 2.848 2.971 2.991 3.068 3.032 3.002 2.991 2.947 2.929 2.799 1.740 
8.000 2.000 1.273 1.865 2.036 2.238 2.493 2.646 2.810 2.848 2.971 2.990 3.067 3.032 3.002 2.991 2.947 2.929 2.799 1.739 
8.000 2.510 1.275 1.865 2.035 2.238 2.493 2.646 2.810 2.848 2.971 2.990 3.067 3.032 3.002 2.991 2.946 2.928 2.799 1.739 
8.000 3.160 1.276 1.865 2.035 2.238 2.493 2.645 2.810 2.848 2.970 2.990 3.067 3.032 3.002 2.991 2.946 2.928 2.799 1.739 
8.000 3.980 1.278 1.865 2.035 2.238 2.493 2.645 2.810 2.847 2.970 2.990 3.067 3.032 3.001 2.990 2.946 2.928 2.798 1.739 
8.000 5.010 1.280 1.864 2.035 2.237 2.492 2.645 2.809 2.847 2.970 2.990 3.067 3.031 3.001 2.990 2.946 2.928 2.798 1.739 
8.000 6.310 1.282 1.864 2.034 2.237 2.492 2.644 2.809 2.847 2.969 2.989 3.066 3.031 3.000 2.989 2.945 2.927 2.797 1.738 
8.000 7.940 1.285 1.863 2.034 2.236 2.491 2.643 2.808 2.846 2.969 2.988 3.065 3.030 2.999 2.988 2.944 2.926 2.796 1.737 
8.000 10.000 1.288 1.862 2.032 2.235 2.490 2.642 2.807 2.844 2.967 2.987 3.064 3.028 2.998 2.987 2.942 2.924 2.795 1.736 
8.000 12.590 1.290 1.860 2.030 2.233 2.488 2.640 2.805 2.842 2.965 2.985 3.061 3.026 2.995 2.984 2.939 2.921 2.792 1.733 
8.000 15.850 1.293 1.857 2.027 2.230 2.484 2.637 2.802 2.839 2.962 2.981 3.058 3.022 2.991 2.980 2.935 2.917 2.788 1.730 
8.000 19.950 1.294 1.852 2.022 2.225 2.479 2.632 2.797 2.834 2.957 2.976 3.052 3.016 2.985 2.973 2.928 2.910 2.781 1.724 
8.000 25.120 1.294 1.844 2.015 2.217 2.472 2.624 2.789 2.826 2.948 2.967 3.043 3.007 2.975 2.963 2.918 2.899 2.771 1.716 
8.000 31.620 1.290 1.833 2.003 2.205 2.460 2.612 2.777 2.814 2.936 2.955 3.029 2.993 2.960 2.947 2.902 2.883 2.755 1.702 
8.000 39.810 1.281 1.816 1.986 2.188 2.442 2.594 2.759 2.796 2.917 2.935 3.009 2.971 2.937 2.924 2.877 2.858 2.731 1.682 
8.000 50.120 1.266 1.791 1.961 2.162 2.415 2.567 2.733 2.770 2.889 2.906 2.978 2.940 2.903 2.888 2.841 2.821 2.695 1.653 
8.000 63.100 1.240 1.755 1.925 2.125 2.377 2.530 2.695 2.731 2.849 2.864 2.933 2.893 2.853 2.837 2.787 2.767 2.643 1.610 
8.000 79.430 1.202 1.707 1.876 2.075 2.326 2.477 2.643 2.678 2.794 2.806 2.871 2.828 2.783 2.764 2.713 2.691 2.570 1.551 
8.000 100.000 1.150 1.643 1.812 2.010 2.258 2.409 2.574 2.607 2.718 2.726 2.786 2.739 2.687 2.665 2.610 2.588 2.470 1.471 
8.000 125.890 1.083 1.565 1.733 1.928 2.172 2.321 2.486 2.516 2.621 2.623 2.673 2.621 2.560 2.533 2.474 2.451 2.339 1.368 
8.000 158.490 1.002 1.471 1.637 1.830 2.068 2.214 2.376 2.401 2.497 2.491 2.529 2.468 2.394 2.361 2.299 2.274 2.170 1.240 
8.000 199.530 0.905 1.362 1.527 1.716 1.944 2.085 2.243 2.260 2.343 2.325 2.346 2.273 2.182 2.142 2.076 2.050 1.958 1.081 
8.000 251.190 0.795 1.239 1.402 1.585 1.800 1.934 2.084 2.089 2.153 2.119 2.117 2.028 1.915 1.866 1.795 1.769 1.693 0.889 
8.000 316.230 0.671 1.102 1.261 1.436 1.634 1.756 1.894 1.883 1.921 1.864 1.832 1.721 1.580 1.521 1.445 1.419 1.365 0.658 
8.000 398.110 0.530 0.948 1.104 1.269 1.443 1.549 1.670 1.635 1.639 1.554 1.482 1.341 1.164 1.092 1.012 0.988 0.962 0.379 
8.000 501.190 0.372 0.777 0.927 1.079 1.222 1.308 1.405 1.341 1.299 1.177 1.054 0.875 0.652 0.565 0.480 0.459 0.469 0.047 
8.000 630.960 0.193 0.584 0.728 0.864 0.967 1.026 1.092 0.990 0.891 0.721 0.533 0.305 0.024 -0.082 -0.172 -0.189 -0.134 -0.352 
8.000 794.330 -0.012 0.366 0.502 0.616 0.669 0.694 0.721 0.570 0.398 0.169 -0.102 -0.392 -0.745 -0.876 -0.972 -0.985 -0.871 -0.831 
8.000 1000.000 -0.249 0.115 0.241 0.328 0.318 0.300 0.278 0.066 -0.198 -0.503 -0.879 -1.246 -1.692 -1.853 -1.958 -1.964 -1.777 -1.412 
