AtkinsonBoore2003SSlabCascadia_CanadaSHM6-trial modified from OpenQuake implementation, distance is rrup. Log10 ground motion values in cgs units, PGV and Sa(T<0.1s) not valid
          14 31 11 : nmag, ndist, nperiod
          10.000 5.000 3.000 2.000 1.000 0.400 0.200 0.100 0.040 PGA PGV 
          0.691 0.691 0.691 0.691 0.668 0.645 0.645 0.645 0.576 0.622 0.000 
4.750 1.000 0.239 0.868 1.444 2.122 2.704 3.172 3.417 3.337 3.352 3.069 0.000 
4.750 1.260 0.194 0.822 1.396 2.074 2.656 3.123 3.369 3.288 3.303 3.021 0.000 
4.750 1.580 0.133 0.758 1.330 2.007 2.589 3.057 3.302 3.222 3.237 2.954 0.000 
4.750 2.000 0.052 0.674 1.244 1.921 2.503 2.971 3.216 3.135 3.150 2.868 0.000 
4.750 2.510 -0.048 0.570 1.137 1.814 2.396 2.864 3.109 3.028 3.043 2.761 0.000 
4.750 3.160 -0.165 0.448 1.012 1.689 2.270 2.742 2.988 2.907 2.922 2.642 0.000 
4.750 3.980 -0.297 0.311 0.871 1.547 2.128 2.609 2.856 2.775 2.790 2.512 0.000 
4.750 5.010 -0.441 0.162 0.718 1.393 1.973 2.461 2.708 2.627 2.642 2.366 0.000 
4.750 6.310 -0.591 0.004 0.555 1.230 1.810 2.302 2.550 2.468 2.483 2.209 0.000 
4.750 7.940 -0.747 -0.159 0.387 1.061 1.639 2.134 2.383 2.301 2.315 2.043 0.000 
4.750 10.000 -0.905 -0.325 0.214 0.886 1.464 1.959 2.207 2.125 2.139 1.867 0.000 
4.750 12.590 -1.065 -0.495 0.039 0.709 1.285 1.780 2.028 1.945 1.958 1.688 0.000 
4.750 15.850 -1.226 -0.665 -0.139 0.529 1.103 1.598 1.846 1.761 1.775 1.505 0.000 
4.750 19.950 -1.387 -0.837 -0.318 0.347 0.919 1.414 1.660 1.575 1.588 1.319 0.000 
4.750 25.120 -1.549 -1.009 -0.498 0.163 0.732 1.226 1.473 1.386 1.398 1.131 0.000 
4.750 31.620 -1.710 -1.183 -0.680 -0.023 0.542 1.036 1.282 1.193 1.204 0.939 0.000 
4.750 39.810 -1.872 -1.357 -0.862 -0.212 0.349 0.843 1.087 0.996 1.006 0.744 0.000 
4.750 50.120 -2.035 -1.531 -1.046 -0.403 0.153 0.646 0.888 0.795 0.803 0.544 0.000 
4.750 63.100 -2.198 -1.707 -1.231 -0.597 -0.049 0.444 0.684 0.588 0.594 0.339 0.000 
4.750 79.430 -2.362 -1.884 -1.417 -0.796 -0.256 0.235 0.474 0.373 0.376 0.127 0.000 
4.750 100.000 -2.528 -2.064 -1.606 -0.999 -0.471 0.020 0.255 0.148 0.149 -0.094 0.000 
4.750 125.890 -2.696 -2.245 -1.797 -1.209 -0.695 -0.206 0.026 -0.088 -0.091 -0.325 0.000 
4.750 158.490 -2.867 -2.429 -1.991 -1.427 -0.931 -0.443 -0.215 -0.338 -0.346 -0.571 0.000 
4.750 199.530 -3.042 -2.617 -2.188 -1.654 -1.181 -0.695 -0.474 -0.607 -0.622 -0.833 0.000 
4.750 251.190 -3.221 -2.810 -2.391 -1.895 -1.450 -0.966 -0.752 -0.900 -0.922 -1.116 0.000 
4.750 316.230 -3.406 -3.009 -2.599 -2.151 -1.741 -1.262 -1.056 -1.221 -1.253 -1.427 0.000 
4.750 398.110 -3.599 -3.215 -2.815 -2.426 -2.062 -1.587 -1.393 -1.580 -1.624 -1.772 0.000 
4.750 501.190 -3.800 -3.431 -3.041 -2.727 -2.420 -1.949 -1.770 -1.985 -2.044 -2.159 0.000 
4.750 630.960 -4.014 -3.659 -3.279 -3.060 -2.824 -2.360 -2.198 -2.448 -2.527 -2.600 0.000 
4.750 794.330 -4.243 -3.901 -3.531 -3.432 -3.285 -2.830 -2.691 -2.985 -3.089 -3.110 0.000 
4.750 1000.000 -4.491 -4.163 -3.803 -3.854 -3.821 -3.375 -3.265 -3.615 -3.749 -3.704 0.000 
5.000 1.000 0.365 0.990 1.541 2.188 2.741 3.182 3.407 3.320 3.327 3.059 0.000 
5.000 1.260 0.338 0.960 1.511 2.158 2.710 3.151 3.376 3.289 3.296 3.028 0.000 
5.000 1.580 0.299 0.918 1.467 2.114 2.666 3.107 3.332 3.245 3.252 2.984 0.000 
5.000 2.000 0.243 0.860 1.406 2.053 2.605 3.046 3.271 3.184 3.191 2.923 0.000 
5.000 2.510 0.169 0.782 1.326 1.973 2.525 2.966 3.191 3.103 3.110 2.842 0.000 
5.000 3.160 0.075 0.685 1.225 1.872 2.423 2.865 3.089 3.002 3.009 2.741 0.000 
5.000 3.980 -0.036 0.568 1.105 1.751 2.303 2.750 2.975 2.888 2.894 2.628 0.000 
5.000 5.010 -0.163 0.436 0.969 1.614 2.165 2.620 2.846 2.759 2.765 2.502 0.000 
5.000 6.310 -0.302 0.291 0.819 1.464 2.014 2.475 2.702 2.614 2.620 2.360 0.000 
5.000 7.940 -0.449 0.136 0.660 1.303 1.853 2.318 2.546 2.457 2.463 2.205 0.000 
5.000 10.000 -0.601 -0.024 0.494 1.136 1.684 2.152 2.380 2.291 2.297 2.040 0.000 
5.000 12.590 -0.757 -0.189 0.323 0.963 1.510 1.978 2.206 2.116 2.121 1.865 0.000 
5.000 15.850 -0.915 -0.356 0.149 0.786 1.331 1.799 2.027 1.936 1.941 1.686 0.000 
5.000 19.950 -1.074 -0.526 -0.028 0.607 1.149 1.617 1.844 1.753 1.757 1.503 0.000 
5.000 25.120 -1.234 -0.696 -0.206 0.425 0.964 1.432 1.658 1.565 1.569 1.316 0.000 
5.000 31.620 -1.395 -0.868 -0.386 0.240 0.776 1.244 1.469 1.374 1.377 1.126 0.000 
5.000 39.810 -1.556 -1.041 -0.567 0.053 0.585 1.052 1.276 1.179 1.180 0.932 0.000 
5.000 50.120 -1.717 -1.214 -0.750 -0.137 0.389 0.856 1.078 0.979 0.978 0.734 0.000 
5.000 63.100 -1.879 -1.389 -0.933 -0.330 0.189 0.655 0.876 0.772 0.770 0.530 0.000 
5.000 79.430 -2.043 -1.565 -1.119 -0.527 -0.017 0.448 0.666 0.559 0.554 0.319 0.000 
5.000 100.000 -2.208 -1.743 -1.306 -0.730 -0.231 0.233 0.449 0.336 0.328 0.099 0.000 
5.000 125.890 -2.375 -1.924 -1.496 -0.938 -0.454 0.009 0.221 0.101 0.089 -0.131 0.000 
5.000 158.490 -2.545 -2.107 -1.689 -1.155 -0.688 -0.227 -0.020 -0.149 -0.166 -0.375 0.000 
5.000 199.530 -2.718 -2.294 -1.885 -1.382 -0.938 -0.478 -0.277 -0.417 -0.440 -0.636 0.000 
5.000 251.190 -2.897 -2.486 -2.087 -1.621 -1.205 -0.749 -0.554 -0.708 -0.739 -0.919 0.000 
5.000 316.230 -3.081 -2.684 -2.294 -1.876 -1.496 -1.043 -0.857 -1.029 -1.069 -1.228 0.000 
5.000 398.110 -3.272 -2.889 -2.509 -2.151 -1.816 -1.367 -1.193 -1.386 -1.439 -1.572 0.000 
5.000 501.190 -3.473 -3.104 -2.734 -2.450 -2.172 -1.728 -1.569 -1.790 -1.859 -1.959 0.000 
5.000 630.960 -3.686 -3.330 -2.971 -2.782 -2.575 -2.138 -1.996 -2.253 -2.340 -2.399 0.000 
5.000 794.330 -3.914 -3.572 -3.222 -3.153 -3.036 -2.607 -2.488 -2.789 -2.901 -2.907 0.000 
5.000 1000.000 -4.161 -3.833 -3.493 -3.574 -3.570 -3.151 -3.061 -3.418 -3.560 -3.501 0.000 
5.250 1.000 0.477 1.096 1.624 2.241 2.763 3.178 3.383 3.289 3.287 3.034 0.000 
5.250 1.260 0.462 1.079 1.606 2.223 2.745 3.160 3.364 3.271 3.269 3.016 0.000 
5.250 1.580 0.438 1.053 1.578 2.195 2.718 3.132 3.337 3.243 3.241 2.988 0.000 
5.250 2.000 0.403 1.015 1.539 2.155 2.678 3.092 3.297 3.203 3.201 2.948 0.000 
5.250 2.510 0.353 0.962 1.483 2.099 2.622 3.036 3.241 3.147 3.145 2.892 0.000 
5.250 3.160 0.285 0.890 1.409 2.025 2.547 2.961 3.166 3.072 3.070 2.817 0.000 
5.250 3.980 0.198 0.799 1.314 1.930 2.451 2.866 3.070 2.976 2.974 2.722 0.000 
5.250 5.010 0.093 0.688 1.200 1.815 2.336 2.757 2.962 2.868 2.866 2.616 0.000 
5.250 6.310 -0.028 0.561 1.068 1.682 2.203 2.631 2.837 2.743 2.741 2.493 0.000 
5.250 7.940 -0.162 0.420 0.922 1.535 2.055 2.489 2.696 2.602 2.599 2.353 0.000 
5.250 10.000 -0.305 0.269 0.766 1.378 1.896 2.335 2.542 2.447 2.444 2.201 0.000 
5.250 12.590 -0.455 0.111 0.602 1.212 1.729 2.171 2.378 2.282 2.279 2.037 0.000 
5.250 15.850 -0.608 -0.051 0.433 1.040 1.556 1.997 2.204 2.108 2.104 1.863 0.000 
5.250 19.950 -0.765 -0.217 0.260 0.864 1.378 1.819 2.026 1.928 1.923 1.684 0.000 
5.250 25.120 -0.922 -0.386 0.084 0.685 1.195 1.637 1.842 1.743 1.738 1.500 0.000 
5.250 31.620 -1.081 -0.555 -0.094 0.503 1.009 1.450 1.655 1.554 1.548 1.312 0.000 
5.250 39.810 -1.240 -0.726 -0.273 0.317 0.820 1.260 1.464 1.361 1.353 1.120 0.000 
5.250 50.120 -1.401 -0.899 -0.454 0.129 0.626 1.066 1.268 1.162 1.153 0.923 0.000 
5.250 63.100 -1.562 -1.072 -0.636 -0.063 0.427 0.866 1.066 0.957 0.946 0.720 0.000 
5.250 79.430 -1.724 -1.247 -0.820 -0.259 0.222 0.660 0.858 0.744 0.731 0.511 0.000 
5.250 100.000 -1.888 -1.424 -1.007 -0.460 0.009 0.447 0.642 0.522 0.506 0.292 0.000 
5.250 125.890 -2.055 -1.604 -1.195 -0.668 -0.213 0.223 0.415 0.289 0.268 0.063 0.000 
5.250 158.490 -2.223 -1.786 -1.387 -0.883 -0.446 -0.012 0.175 0.040 0.015 -0.180 0.000 
5.250 199.530 -2.396 -1.972 -1.583 -1.109 -0.694 -0.262 -0.081 -0.227 -0.258 -0.440 0.000 
5.250 251.190 -2.573 -2.163 -1.783 -1.347 -0.961 -0.531 -0.357 -0.517 -0.556 -0.722 0.000 
5.250 316.230 -2.756 -2.359 -1.990 -1.601 -1.251 -0.824 -0.659 -0.837 -0.886 -1.030 0.000 
5.250 398.110 -2.947 -2.564 -2.204 -1.875 -1.569 -1.147 -0.993 -1.193 -1.254 -1.373 0.000 
5.250 501.190 -3.147 -2.777 -2.427 -2.174 -1.925 -1.508 -1.368 -1.596 -1.673 -1.758 0.000 
5.250 630.960 -3.359 -3.003 -2.663 -2.504 -2.327 -1.916 -1.795 -2.058 -2.154 -2.198 0.000 
5.250 794.330 -3.586 -3.244 -2.913 -2.874 -2.786 -2.384 -2.286 -2.593 -2.713 -2.705 0.000 
5.250 1000.000 -3.832 -3.504 -3.183 -3.294 -3.320 -2.927 -2.858 -3.220 -3.372 -3.297 0.000 
5.500 1.000 0.580 1.193 1.699 2.285 2.778 3.166 3.350 3.250 3.240 3.001 0.000 
5.500 1.260 0.572 1.184 1.689 2.275 2.767 3.155 3.339 3.239 3.229 2.990 0.000 
5.500 1.580 0.559 1.169 1.672 2.258 2.751 3.139 3.323 3.223 3.212 2.974 0.000 
5.500 2.000 0.539 1.146 1.648 2.234 2.726 3.114 3.298 3.198 3.188 2.949 0.000 
5.500 2.510 0.508 1.112 1.612 2.198 2.690 3.078 3.262 3.162 3.151 2.913 0.000 
5.500 3.160 0.464 1.064 1.561 2.147 2.639 3.027 3.211 3.111 3.100 2.862 0.000 
5.500 3.980 0.402 0.998 1.492 2.077 2.569 2.957 3.141 3.041 3.030 2.792 0.000 
5.500 5.010 0.322 0.913 1.404 1.988 2.479 2.867 3.051 2.951 2.940 2.702 0.000 
5.500 6.310 0.223 0.809 1.295 1.879 2.369 2.765 2.950 2.849 2.838 2.603 0.000 
5.500 7.940 0.107 0.686 1.168 1.751 2.241 2.643 2.829 2.728 2.716 2.484 0.000 
5.500 10.000 -0.022 0.550 1.026 1.608 2.097 2.505 2.691 2.589 2.578 2.348 0.000 
5.500 12.590 -0.162 0.402 0.873 1.453 1.940 2.353 2.539 2.437 2.425 2.197 0.000 
5.500 15.850 -0.308 0.247 0.712 1.289 1.775 2.190 2.377 2.274 2.261 2.035 0.000 
5.500 19.950 -0.459 0.086 0.544 1.118 1.602 2.017 2.203 2.099 2.086 1.861 0.000 
5.500 25.120 -0.613 -0.078 0.372 0.943 1.424 1.839 2.024 1.918 1.905 1.682 0.000 
5.500 31.620 -0.769 -0.245 0.198 0.763 1.241 1.655 1.840 1.733 1.718 1.497 0.000 
5.500 39.810 -0.927 -0.414 0.020 0.580 1.053 1.467 1.651 1.541 1.525 1.307 0.000 
5.500 50.120 -1.086 -0.585 -0.159 0.394 0.861 1.275 1.457 1.344 1.327 1.112 0.000 
5.500 63.100 -1.246 -0.757 -0.340 0.204 0.664 1.077 1.257 1.141 1.122 0.911 0.000 
5.500 79.430 -1.407 -0.931 -0.522 0.009 0.460 0.872 1.050 0.930 0.908 0.702 0.000 
5.500 100.000 -1.570 -1.106 -0.707 -0.191 0.249 0.660 0.835 0.709 0.684 0.485 0.000 
5.500 125.890 -1.735 -1.285 -0.895 -0.398 0.028 0.438 0.609 0.476 0.448 0.257 0.000 
5.500 158.490 -1.903 -1.466 -1.086 -0.612 -0.204 0.204 0.371 0.229 0.195 0.015 0.000 
5.500 199.530 -2.075 -1.651 -1.280 -0.837 -0.451 -0.045 0.116 -0.037 -0.077 -0.244 0.000 
5.500 251.190 -2.251 -1.841 -1.480 -1.074 -0.717 -0.313 -0.160 -0.326 -0.374 -0.525 0.000 
5.500 316.230 -2.433 -2.036 -1.685 -1.327 -1.005 -0.605 -0.461 -0.645 -0.702 -0.832 0.000 
5.500 398.110 -2.623 -2.240 -1.898 -1.599 -1.323 -0.927 -0.794 -1.000 -1.070 -1.174 0.000 
5.500 501.190 -2.822 -2.452 -2.120 -1.897 -1.678 -1.287 -1.168 -1.402 -1.487 -1.558 0.000 
5.500 630.960 -3.033 -2.677 -2.355 -2.226 -2.078 -1.694 -1.593 -1.862 -1.967 -1.996 0.000 
5.500 794.330 -3.259 -2.917 -2.605 -2.595 -2.537 -2.161 -2.083 -2.396 -2.525 -2.503 0.000 
5.500 1000.000 -3.504 -3.176 -2.874 -3.014 -3.069 -2.703 -2.654 -3.023 -3.183 -3.094 0.000 
5.750 1.000 0.678 1.286 1.771 2.325 2.788 3.149 3.313 3.206 3.187 2.964 0.000 
5.750 1.260 0.674 1.281 1.765 2.319 2.782 3.143 3.307 3.200 3.181 2.958 0.000 
5.750 1.580 0.668 1.273 1.755 2.310 2.772 3.134 3.297 3.191 3.171 2.948 0.000 
5.750 2.000 0.657 1.260 1.741 2.295 2.757 3.119 3.283 3.176 3.157 2.933 0.000 
5.750 2.510 0.640 1.240 1.719 2.273 2.735 3.097 3.260 3.154 3.134 2.911 0.000 
5.750 3.160 0.614 1.210 1.686 2.241 2.703 3.064 3.228 3.121 3.102 2.878 0.000 
5.750 3.980 0.574 1.166 1.640 2.194 2.656 3.017 3.181 3.074 3.055 2.832 0.000 
5.750 5.010 0.519 1.106 1.577 2.130 2.592 2.953 3.117 3.009 2.990 2.767 0.000 
5.750 6.310 0.445 1.027 1.494 2.047 2.507 2.870 3.034 2.926 2.907 2.685 0.000 
5.750 7.940 0.352 0.929 1.391 1.943 2.403 2.772 2.937 2.829 2.810 2.590 0.000 
5.750 10.000 0.243 0.812 1.269 1.820 2.279 2.655 2.820 2.712 2.692 2.475 0.000 
5.750 12.590 0.118 0.680 1.131 1.680 2.138 2.520 2.686 2.577 2.556 2.342 0.000 
5.750 15.850 -0.017 0.536 0.982 1.528 1.985 2.370 2.536 2.427 2.406 2.193 0.000 
5.750 19.950 -0.160 0.383 0.822 1.366 1.820 2.209 2.375 2.264 2.243 2.033 0.000 
5.750 25.120 -0.309 0.225 0.657 1.197 1.648 2.036 2.202 2.090 2.067 1.859 0.000 
5.750 31.620 -0.461 0.062 0.486 1.022 1.470 1.857 2.022 1.908 1.885 1.678 0.000 
5.750 39.810 -0.616 -0.104 0.312 0.842 1.285 1.673 1.836 1.720 1.696 1.492 0.000 
5.750 50.120 -0.773 -0.273 0.135 0.658 1.096 1.482 1.644 1.526 1.500 1.299 0.000 
5.750 63.100 -0.931 -0.443 -0.044 0.469 0.900 1.286 1.446 1.324 1.296 1.100 0.000 
5.750 79.430 -1.091 -0.615 -0.225 0.276 0.698 1.083 1.241 1.115 1.084 0.893 0.000 
5.750 100.000 -1.253 -0.790 -0.409 0.077 0.488 0.872 1.027 0.895 0.862 0.677 0.000 
5.750 125.890 -1.417 -0.967 -0.595 -0.128 0.269 0.652 0.803 0.664 0.627 0.450 0.000 
5.750 158.490 -1.584 -1.147 -0.784 -0.341 0.037 0.419 0.565 0.418 0.376 0.209 0.000 
5.750 199.530 -1.755 -1.331 -0.978 -0.564 -0.209 0.171 0.312 0.153 0.105 -0.048 0.000 
5.750 251.190 -1.930 -1.520 -1.176 -0.800 -0.473 -0.096 0.038 -0.135 -0.191 -0.328 0.000 
5.750 316.230 -2.111 -1.715 -1.380 -1.052 -0.761 -0.387 -0.262 -0.453 -0.519 -0.634 0.000 
5.750 398.110 -2.300 -1.917 -1.592 -1.324 -1.077 -0.708 -0.595 -0.807 -0.885 -0.975 0.000 
5.750 501.190 -2.498 -2.128 -1.814 -1.621 -1.431 -1.067 -0.968 -1.208 -1.302 -1.358 0.000 
5.750 630.960 -2.708 -2.352 -2.048 -1.949 -1.830 -1.473 -1.392 -1.667 -1.780 -1.795 0.000 
5.750 794.330 -2.933 -2.591 -2.296 -2.317 -2.288 -1.939 -1.881 -2.200 -2.338 -2.301 0.000 
5.750 1000.000 -3.177 -2.849 -2.564 -2.735 -2.819 -2.480 -2.451 -2.826 -2.994 -2.891 0.000 
6.000 1.000 0.773 1.376 1.841 2.364 2.796 3.130 3.274 3.160 3.132 2.924 0.000 
6.000 1.260 0.772 1.373 1.837 2.360 2.792 3.127 3.270 3.157 3.129 2.921 0.000 
6.000 1.580 0.770 1.369 1.832 2.355 2.787 3.122 3.265 3.151 3.123 2.915 0.000 
6.000 2.000 0.765 1.362 1.824 2.346 2.778 3.113 3.256 3.143 3.115 2.907 0.000 
6.000 2.510 0.757 1.351 1.811 2.334 2.765 3.100 3.243 3.130 3.102 2.894 0.000 
6.000 3.160 0.742 1.334 1.791 2.314 2.745 3.080 3.223 3.110 3.082 2.874 0.000 
6.000 3.980 0.720 1.308 1.762 2.284 2.716 3.051 3.194 3.080 3.052 2.844 0.000 
6.000 5.010 0.685 1.269 1.720 2.242 2.673 3.008 3.151 3.037 3.009 2.801 0.000 
6.000 6.310 0.635 1.214 1.662 2.183 2.614 2.949 3.092 2.978 2.949 2.742 0.000 
6.000 7.940 0.568 1.141 1.584 2.105 2.535 2.873 3.016 2.902 2.873 2.667 0.000 
6.000 10.000 0.482 1.048 1.487 2.007 2.436 2.780 2.924 2.809 2.780 2.577 0.000 
6.000 12.590 0.378 0.937 1.371 1.889 2.317 2.667 2.811 2.696 2.667 2.466 0.000 
6.000 15.850 0.259 0.810 1.237 1.753 2.180 2.535 2.680 2.564 2.534 2.336 0.000 
6.000 19.950 0.128 0.669 1.091 1.604 2.029 2.387 2.533 2.415 2.385 2.189 0.000 
6.000 25.120 -0.012 0.520 0.934 1.444 1.866 2.227 2.372 2.254 2.223 2.029 0.000 
6.000 31.620 -0.159 0.363 0.770 1.275 1.694 2.055 2.199 2.079 2.047 1.855 0.000 
6.000 39.810 -0.309 0.202 0.601 1.100 1.514 1.875 2.018 1.896 1.863 1.673 0.000 
6.000 50.120 -0.463 0.036 0.427 0.919 1.328 1.688 1.830 1.705 1.670 1.484 0.000 
6.000 63.100 -0.619 -0.132 0.251 0.734 1.135 1.494 1.634 1.506 1.469 1.287 0.000 
6.000 79.430 -0.777 -0.302 0.072 0.542 0.935 1.294 1.431 1.298 1.259 1.083 0.000 
6.000 100.000 -0.938 -0.475 -0.110 0.345 0.727 1.084 1.219 1.081 1.039 0.869 0.000 
6.000 125.890 -1.101 -0.651 -0.295 0.142 0.509 0.865 0.996 0.851 0.805 0.643 0.000 
6.000 158.490 -1.266 -0.830 -0.483 -0.070 0.279 0.634 0.760 0.606 0.555 0.404 0.000 
6.000 199.530 -1.436 -1.013 -0.676 -0.293 0.034 0.387 0.507 0.342 0.285 0.147 0.000 
6.000 251.190 -1.610 -1.200 -0.873 -0.527 -0.229 0.121 0.234 0.055 -0.009 -0.131 0.000 
6.000 316.230 -1.790 -1.394 -1.076 -0.778 -0.516 -0.169 -0.065 -0.261 -0.336 -0.437 0.000 
6.000 398.110 -1.978 -1.595 -1.287 -1.049 -0.832 -0.489 -0.396 -0.615 -0.701 -0.776 0.000 
6.000 501.190 -2.175 -1.806 -1.508 -1.345 -1.184 -0.846 -0.768 -1.014 -1.116 -1.158 0.000 
6.000 630.960 -2.384 -2.028 -1.740 -1.672 -1.583 -1.251 -1.191 -1.473 -1.594 -1.595 0.000 
6.000 794.330 -2.608 -2.266 -1.988 -2.039 -2.039 -1.716 -1.679 -2.005 -2.151 -2.099 0.000 
6.000 1000.000 -2.851 -2.523 -2.255 -2.456 -2.569 -2.257 -2.248 -2.629 -2.806 -2.688 0.000 
6.250 1.000 0.868 1.465 1.911 2.402 2.803 3.111 3.234 3.113 3.076 2.884 0.000 
6.250 1.260 0.869 1.464 1.909 2.400 2.801 3.109 3.232 3.111 3.074 2.882 0.000 
6.250 1.580 0.868 1.462 1.906 2.397 2.798 3.106 3.229 3.108 3.071 2.878 0.000 
6.250 2.000 0.867 1.459 1.901 2.392 2.793 3.101 3.224 3.103 3.066 2.874 0.000 
6.250 2.510 0.863 1.453 1.894 2.385 2.785 3.094 3.216 3.096 3.059 2.866 0.000 
6.250 3.160 0.857 1.444 1.882 2.373 2.774 3.082 3.205 3.084 3.047 2.854 0.000 
6.250 3.980 0.845 1.429 1.865 2.355 2.756 3.064 3.187 3.066 3.029 2.837 0.000 
6.250 5.010 0.826 1.406 1.839 2.329 2.729 3.038 3.160 3.039 3.002 2.810 0.000 
6.250 6.310 0.796 1.371 1.801 2.291 2.691 2.999 3.121 3.000 2.963 2.771 0.000 
6.250 7.940 0.752 1.322 1.747 2.236 2.636 2.944 3.066 2.945 2.908 2.716 0.000 
6.250 10.000 0.691 1.254 1.676 2.164 2.563 2.875 2.998 2.876 2.839 2.648 0.000 
6.250 12.590 0.612 1.168 1.584 2.071 2.468 2.786 2.910 2.788 2.750 2.562 0.000 
6.250 15.850 0.514 1.062 1.473 1.957 2.354 2.677 2.801 2.679 2.640 2.455 0.000 
6.250 19.950 0.400 0.939 1.344 1.826 2.221 2.549 2.673 2.550 2.511 2.328 0.000 
6.250 25.120 0.273 0.803 1.201 1.680 2.072 2.404 2.528 2.403 2.364 2.184 0.000 
6.250 31.620 0.136 0.656 1.047 1.521 1.910 2.244 2.368 2.242 2.201 2.024 0.000 
6.250 39.810 -0.008 0.502 0.885 1.353 1.738 2.072 2.194 2.066 2.024 1.850 0.000 
6.250 50.120 -0.157 0.341 0.716 1.178 1.556 1.890 2.011 1.880 1.837 1.666 0.000 
6.250 63.100 -0.310 0.177 0.543 0.996 1.367 1.700 1.820 1.685 1.640 1.473 0.000 
6.250 79.430 -0.466 0.009 0.367 0.807 1.170 1.502 1.619 1.480 1.433 1.271 0.000 
6.250 100.000 -0.624 -0.162 0.187 0.612 0.964 1.295 1.410 1.265 1.214 1.059 0.000 
6.250 125.890 -0.786 -0.336 0.004 0.410 0.748 1.078 1.188 1.037 0.982 0.835 0.000 
6.250 158.490 -0.950 -0.514 -0.183 0.200 0.519 0.848 0.954 0.793 0.734 0.597 0.000 
6.250 199.530 -1.118 -0.695 -0.374 -0.021 0.276 0.602 0.703 0.531 0.466 0.342 0.000 
6.250 251.190 -1.292 -0.882 -0.570 -0.255 0.014 0.338 0.431 0.245 0.172 0.065 0.000 
6.250 316.230 -1.471 -1.074 -0.772 -0.504 -0.271 0.049 0.133 -0.070 -0.153 -0.239 0.000 
6.250 398.110 -1.657 -1.275 -0.982 -0.774 -0.586 -0.270 -0.197 -0.422 -0.517 -0.578 0.000 
6.250 501.190 -1.853 -1.484 -1.202 -1.069 -0.937 -0.626 -0.568 -0.821 -0.931 -0.959 0.000 
6.250 630.960 -2.061 -1.706 -1.433 -1.395 -1.335 -1.030 -0.990 -1.278 -1.408 -1.394 0.000 
6.250 794.330 -2.284 -1.943 -1.680 -1.761 -1.791 -1.494 -1.477 -1.809 -1.964 -1.897 0.000 
6.250 1000.000 -2.526 -2.199 -1.945 -2.177 -2.320 -2.033 -2.045 -2.433 -2.618 -2.486 0.000 
6.500 1.000 0.963 1.555 1.982 2.440 2.810 3.091 3.193 3.065 3.019 2.842 0.000 
6.500 1.260 0.964 1.554 1.981 2.439 2.809 3.090 3.192 3.064 3.018 2.841 0.000 
6.500 1.580 0.965 1.554 1.979 2.437 2.807 3.088 3.190 3.063 3.017 2.840 0.000 
6.500 2.000 0.965 1.552 1.976 2.435 2.804 3.086 3.188 3.060 3.014 2.837 0.000 
6.500 2.510 0.965 1.550 1.972 2.430 2.800 3.081 3.183 3.056 3.009 2.832 0.000 
6.500 3.160 0.963 1.545 1.966 2.424 2.793 3.075 3.177 3.049 3.003 2.826 0.000 
6.500 3.980 0.958 1.537 1.956 2.413 2.783 3.064 3.166 3.038 2.992 2.815 0.000 
6.500 5.010 0.949 1.524 1.940 2.398 2.767 3.048 3.150 3.022 2.976 2.799 0.000 
6.500 6.310 0.933 1.504 1.917 2.374 2.743 3.024 3.126 2.998 2.952 2.775 0.000 
6.500 7.940 0.908 1.473 1.882 2.339 2.708 2.989 3.091 2.962 2.916 2.740 0.000 
6.500 10.000 0.869 1.429 1.833 2.289 2.657 2.939 3.041 2.912 2.866 2.690 0.000 
6.500 12.590 0.814 1.367 1.767 2.222 2.589 2.876 2.978 2.849 2.802 2.628 0.000 
6.500 15.850 0.741 1.286 1.681 2.134 2.500 2.792 2.895 2.765 2.718 2.547 0.000 
6.500 19.950 0.649 1.186 1.575 2.026 2.390 2.687 2.790 2.660 2.612 2.443 0.000 
6.500 25.120 0.540 1.069 1.451 1.898 2.260 2.562 2.665 2.533 2.485 2.319 0.000 
6.500 31.620 0.418 0.936 1.311 1.755 2.113 2.419 2.522 2.388 2.339 2.176 0.000 
6.500 39.810 0.284 0.792 1.160 1.598 1.952 2.260 2.362 2.227 2.176 2.017 0.000 
6.500 50.120 0.142 0.640 0.999 1.430 1.779 2.086 2.187 2.049 1.997 1.841 0.000 
6.500 63.100 -0.005 0.480 0.832 1.254 1.596 1.902 2.001 1.860 1.806 1.654 0.000 
6.500 79.430 -0.157 0.316 0.660 1.069 1.402 1.708 1.805 1.659 1.603 1.456 0.000 
6.500 100.000 -0.313 0.148 0.483 0.878 1.200 1.504 1.598 1.447 1.388 1.247 0.000 
6.500 125.890 -0.472 -0.024 0.302 0.678 0.986 1.289 1.380 1.222 1.159 1.026 0.000 
6.500 158.490 -0.635 -0.200 0.117 0.469 0.759 1.061 1.147 0.980 0.912 0.790 0.000 
6.500 199.530 -0.802 -0.380 -0.073 0.250 0.517 0.817 0.897 0.719 0.646 0.536 0.000 
6.500 251.190 -0.974 -0.565 -0.268 0.017 0.257 0.554 0.627 0.435 0.353 0.261 0.000 
6.500 316.230 -1.152 -0.756 -0.469 -0.231 -0.028 0.266 0.330 0.121 0.030 -0.042 0.000 
6.500 398.110 -1.338 -0.955 -0.677 -0.499 -0.341 -0.051 0.001 -0.230 -0.334 -0.379 0.000 
6.500 501.190 -1.533 -1.164 -0.896 -0.793 -0.691 -0.407 -0.369 -0.628 -0.747 -0.760 0.000 
6.500 630.960 -1.740 -1.385 -1.126 -1.118 -1.088 -0.810 -0.790 -1.084 -1.222 -1.194 0.000 
6.500 794.330 -1.962 -1.620 -1.372 -1.483 -1.542 -1.272 -1.275 -1.614 -1.777 -1.696 0.000 
6.500 1000.000 -2.203 -1.875 -1.636 -1.898 -2.070 -1.811 -1.842 -2.236 -2.430 -2.283 0.000 
6.750 1.000 1.059 1.644 2.054 2.479 2.816 3.071 3.152 3.017 2.962 2.801 0.000 
6.750 1.260 1.060 1.644 2.054 2.478 2.816 3.070 3.151 3.016 2.961 2.800 0.000 
6.750 1.580 1.061 1.644 2.053 2.477 2.815 3.069 3.150 3.015 2.960 2.799 0.000 
6.750 2.000 1.062 1.644 2.051 2.476 2.813 3.068 3.149 3.014 2.958 2.797 0.000 
6.750 2.510 1.063 1.643 2.049 2.473 2.811 3.065 3.146 3.011 2.956 2.795 0.000 
6.750 3.160 1.064 1.641 2.045 2.469 2.807 3.062 3.143 3.007 2.952 2.791 0.000 
6.750 3.980 1.063 1.638 2.039 2.464 2.801 3.056 3.137 3.001 2.946 2.785 0.000 
6.750 5.010 1.060 1.631 2.030 2.454 2.792 3.046 3.127 2.992 2.936 2.776 0.000 
6.750 6.310 1.053 1.620 2.016 2.440 2.777 3.032 3.113 2.977 2.922 2.761 0.000 
6.750 7.940 1.041 1.603 1.995 2.419 2.756 3.010 3.091 2.955 2.900 2.739 0.000 
6.750 10.000 1.019 1.575 1.964 2.387 2.723 2.978 3.059 2.923 2.867 2.707 0.000 
6.750 12.590 0.985 1.536 1.920 2.342 2.677 2.935 3.016 2.879 2.824 2.665 0.000 
6.750 15.850 0.936 1.479 1.859 2.279 2.613 2.875 2.957 2.820 2.764 2.607 0.000 
6.750 19.950 0.869 1.404 1.778 2.196 2.529 2.796 2.877 2.740 2.683 2.529 0.000 
6.750 25.120 0.784 1.310 1.677 2.093 2.424 2.695 2.777 2.638 2.581 2.429 0.000 
6.750 31.620 0.681 1.197 1.558 1.969 2.297 2.572 2.654 2.514 2.456 2.308 0.000 
6.750 39.810 0.562 1.069 1.422 1.828 2.152 2.431 2.512 2.370 2.311 2.166 0.000 
6.750 50.120 0.432 0.928 1.273 1.673 1.991 2.272 2.352 2.208 2.147 2.006 0.000 
6.750 63.100 0.292 0.777 1.115 1.505 1.817 2.097 2.176 2.028 1.965 1.828 0.000 
6.750 79.430 0.146 0.619 0.948 1.327 1.630 1.909 1.986 1.834 1.769 1.637 0.000 
6.750 100.000 -0.006 0.455 0.775 1.140 1.432 1.710 1.784 1.626 1.558 1.432 0.000 
6.750 125.890 -0.162 0.286 0.598 0.943 1.221 1.498 1.568 1.404 1.332 1.214 0.000 
6.750 158.490 -0.323 0.113 0.415 0.737 0.997 1.273 1.338 1.165 1.089 0.981 0.000 
6.750 199.530 -0.488 -0.066 0.227 0.520 0.758 1.031 1.091 0.906 0.824 0.730 0.000 
6.750 251.190 -0.659 -0.249 0.034 0.289 0.499 0.769 0.822 0.624 0.534 0.456 0.000 
6.750 316.230 -0.835 -0.440 -0.165 0.042 0.216 0.483 0.527 0.311 0.211 0.154 0.000 
6.750 398.110 -1.020 -0.637 -0.373 -0.225 -0.096 0.167 0.199 -0.038 -0.151 -0.182 0.000 
6.750 501.190 -1.214 -0.845 -0.590 -0.518 -0.445 -0.187 -0.169 -0.435 -0.563 -0.561 0.000 
6.750 630.960 -1.420 -1.064 -0.819 -0.842 -0.841 -0.589 -0.589 -0.890 -1.037 -0.994 0.000 
6.750 794.330 -1.641 -1.299 -1.064 -1.205 -1.294 -1.051 -1.074 -1.419 -1.590 -1.495 0.000 
6.750 1000.000 -1.881 -1.553 -1.328 -1.619 -1.821 -1.588 -1.640 -2.040 -2.243 -2.081 0.000 
7.000 1.000 1.154 1.734 2.128 2.517 2.822 3.050 3.110 2.967 2.902 2.758 0.000 
7.000 1.260 1.156 1.735 2.127 2.517 2.822 3.050 3.110 2.966 2.902 2.757 0.000 
7.000 1.580 1.157 1.735 2.127 2.517 2.821 3.049 3.109 2.966 2.901 2.757 0.000 
7.000 2.000 1.159 1.735 2.126 2.516 2.820 3.048 3.108 2.965 2.900 2.756 0.000 
7.000 2.510 1.161 1.735 2.125 2.514 2.819 3.047 3.107 2.963 2.899 2.754 0.000 
7.000 3.160 1.162 1.735 2.123 2.512 2.817 3.045 3.105 2.961 2.896 2.752 0.000 
7.000 3.980 1.164 1.733 2.119 2.509 2.813 3.041 3.101 2.958 2.893 2.749 0.000 
7.000 5.010 1.164 1.731 2.114 2.504 2.808 3.036 3.096 2.952 2.887 2.743 0.000 
7.000 6.310 1.163 1.725 2.106 2.495 2.800 3.027 3.087 2.944 2.879 2.735 0.000 
7.000 7.940 1.158 1.716 2.094 2.483 2.787 3.014 3.074 2.931 2.866 2.722 0.000 
7.000 10.000 1.148 1.701 2.075 2.463 2.767 2.995 3.055 2.911 2.846 2.702 0.000 
7.000 12.590 1.131 1.677 2.047 2.435 2.738 2.967 3.027 2.883 2.818 2.675 0.000 
7.000 15.850 1.102 1.642 2.007 2.393 2.695 2.928 2.988 2.844 2.778 2.637 0.000 
7.000 19.950 1.058 1.591 1.950 2.335 2.636 2.872 2.933 2.787 2.722 2.582 0.000 
7.000 25.120 0.997 1.521 1.875 2.257 2.556 2.797 2.857 2.711 2.645 2.508 0.000 
7.000 31.620 0.918 1.433 1.780 2.158 2.455 2.699 2.760 2.613 2.546 2.412 0.000 
7.000 39.810 0.820 1.325 1.665 2.039 2.331 2.580 2.640 2.491 2.423 2.293 0.000 
7.000 50.120 0.706 1.201 1.533 1.900 2.188 2.440 2.499 2.348 2.279 2.152 0.000 
7.000 63.100 0.579 1.062 1.387 1.746 2.027 2.280 2.338 2.184 2.112 1.990 0.000 
7.000 79.430 0.441 0.913 1.229 1.577 1.850 2.102 2.158 2.000 1.926 1.809 0.000 
7.000 100.000 0.296 0.756 1.063 1.397 1.659 1.910 1.963 1.799 1.723 1.612 0.000 
7.000 125.890 0.144 0.592 0.890 1.205 1.453 1.703 1.753 1.582 1.502 1.399 0.000 
7.000 158.490 -0.013 0.421 0.711 1.002 1.233 1.482 1.527 1.347 1.262 1.170 0.000 
7.000 199.530 -0.176 0.246 0.526 0.788 0.996 1.243 1.282 1.092 1.000 0.921 0.000 
7.000 251.190 -0.345 0.064 0.335 0.559 0.739 0.983 1.016 0.811 0.712 0.649 0.000 
7.000 316.230 -0.520 -0.124 0.137 0.314 0.458 0.699 0.722 0.500 0.392 0.349 0.000 
7.000 398.110 -0.703 -0.321 -0.069 0.048 0.148 0.384 0.396 0.152 0.032 0.015 0.000 
7.000 501.190 -0.896 -0.527 -0.285 -0.243 -0.200 0.032 0.029 -0.243 -0.379 -0.362 0.000 
7.000 630.960 -1.101 -0.746 -0.513 -0.566 -0.594 -0.369 -0.390 -0.697 -0.852 -0.794 0.000 
7.000 794.330 -1.321 -0.979 -0.757 -0.928 -1.047 -0.830 -0.873 -1.224 -1.404 -1.294 0.000 
7.000 1000.000 -1.560 -1.232 -1.019 -1.341 -1.572 -1.366 -1.438 -1.844 -2.055 -1.879 0.000 
7.250 1.000 1.250 1.825 2.203 2.556 2.826 3.027 3.066 2.914 2.839 2.712 0.000 
7.250 1.260 1.252 1.825 2.202 2.556 2.826 3.027 3.066 2.914 2.839 2.712 0.000 
7.250 1.580 1.253 1.826 2.202 2.555 2.826 3.027 3.065 2.913 2.839 2.712 0.000 
7.250 2.000 1.255 1.826 2.202 2.555 2.825 3.026 3.065 2.913 2.838 2.711 0.000 
7.250 2.510 1.257 1.826 2.201 2.554 2.825 3.025 3.064 2.912 2.837 2.710 0.000 
7.250 3.160 1.259 1.827 2.200 2.553 2.823 3.024 3.063 2.911 2.836 2.709 0.000 
7.250 3.980 1.262 1.827 2.198 2.551 2.821 3.022 3.061 2.909 2.834 2.707 0.000 
7.250 5.010 1.264 1.826 2.195 2.548 2.818 3.019 3.058 2.906 2.831 2.704 0.000 
7.250 6.310 1.266 1.824 2.190 2.543 2.814 3.014 3.053 2.901 2.826 2.699 0.000 
7.250 7.940 1.266 1.820 2.183 2.536 2.806 3.007 3.046 2.894 2.819 2.692 0.000 
7.250 10.000 1.263 1.812 2.172 2.525 2.794 2.997 3.035 2.883 2.808 2.682 0.000 
7.250 12.590 1.256 1.800 2.155 2.507 2.776 2.980 3.019 2.866 2.791 2.666 0.000 
7.250 15.850 1.242 1.779 2.130 2.481 2.750 2.955 2.994 2.841 2.766 2.641 0.000 
7.250 19.950 1.218 1.747 2.093 2.443 2.710 2.918 2.957 2.804 2.728 2.605 0.000 
7.250 25.120 1.179 1.701 2.042 2.389 2.655 2.866 2.905 2.751 2.675 2.554 0.000 
7.250 31.620 1.125 1.637 1.971 2.316 2.579 2.794 2.833 2.678 2.602 2.483 0.000 
7.250 39.810 1.051 1.554 1.881 2.221 2.482 2.700 2.739 2.582 2.505 2.390 0.000 
7.250 50.120 0.958 1.451 1.771 2.105 2.361 2.583 2.622 2.463 2.384 2.272 0.000 
7.250 63.100 0.849 1.331 1.643 1.969 2.219 2.444 2.481 2.319 2.239 2.132 0.000 
7.250 79.430 0.725 1.196 1.500 1.815 2.057 2.282 2.318 2.152 2.069 1.968 0.000 
7.250 100.000 0.589 1.048 1.344 1.645 1.876 2.101 2.134 1.963 1.877 1.782 0.000 
7.250 125.890 0.444 0.891 1.178 1.461 1.679 1.902 1.932 1.754 1.665 1.577 0.000 
7.250 158.490 0.292 0.726 1.004 1.264 1.464 1.686 1.711 1.525 1.431 1.353 0.000 
7.250 199.530 0.132 0.554 0.823 1.053 1.231 1.451 1.470 1.273 1.173 1.109 0.000 
7.250 251.190 -0.034 0.375 0.634 0.828 0.978 1.195 1.207 0.996 0.889 0.840 0.000 
7.250 316.230 -0.207 0.189 0.439 0.585 0.699 0.913 0.916 0.688 0.571 0.543 0.000 
7.250 398.110 -0.388 -0.006 0.234 0.321 0.391 0.601 0.592 0.342 0.212 0.211 0.000 
7.250 501.190 -0.580 -0.211 0.020 0.031 0.044 0.249 0.227 -0.052 -0.196 -0.165 0.000 
7.250 630.960 -0.783 -0.428 -0.207 -0.290 -0.348 -0.150 -0.191 -0.504 -0.668 -0.595 0.000 
7.250 794.330 -1.002 -0.661 -0.449 -0.651 -0.799 -0.609 -0.673 -1.030 -1.219 -1.094 0.000 
7.250 1000.000 -1.240 -0.912 -0.711 -1.063 -1.324 -1.144 -1.236 -1.649 -1.869 -1.678 0.000 
7.500 1.000 1.346 1.915 2.278 2.593 2.828 3.004 3.021 2.860 2.775 2.667 0.000 
7.500 1.260 1.347 1.915 2.278 2.593 2.828 3.004 3.021 2.860 2.775 2.667 0.000 
7.500 1.580 1.349 1.916 2.278 2.593 2.827 3.004 3.021 2.860 2.775 2.667 0.000 
7.500 2.000 1.351 1.916 2.278 2.592 2.827 3.004 3.021 2.859 2.775 2.667 0.000 
7.500 2.510 1.353 1.917 2.277 2.592 2.827 3.003 3.020 2.859 2.774 2.666 0.000 
7.500 3.160 1.356 1.918 2.277 2.591 2.826 3.003 3.020 2.858 2.774 2.666 0.000 
7.500 3.980 1.359 1.918 2.276 2.590 2.825 3.002 3.019 2.857 2.772 2.665 0.000 
7.500 5.010 1.362 1.919 2.274 2.589 2.823 3.000 3.017 2.856 2.771 2.663 0.000 
7.500 6.310 1.365 1.919 2.272 2.586 2.820 2.997 3.014 2.853 2.768 2.661 0.000 
7.500 7.940 1.367 1.917 2.267 2.582 2.816 2.993 3.010 2.849 2.764 2.657 0.000 
7.500 10.000 1.369 1.914 2.261 2.575 2.809 2.987 3.004 2.842 2.757 2.650 0.000 
7.500 12.590 1.368 1.908 2.251 2.565 2.799 2.977 2.994 2.832 2.747 2.641 0.000 
7.500 15.850 1.364 1.898 2.236 2.549 2.782 2.962 2.979 2.817 2.732 2.626 0.000 
7.500 19.950 1.353 1.880 2.214 2.525 2.758 2.939 2.956 2.793 2.708 2.603 0.000 
7.500 25.120 1.333 1.852 2.180 2.490 2.721 2.904 2.922 2.759 2.673 2.569 0.000 
7.500 31.620 1.300 1.810 2.132 2.440 2.669 2.855 2.872 2.708 2.622 2.520 0.000 
7.500 39.810 1.250 1.752 2.067 2.371 2.598 2.787 2.804 2.638 2.551 2.452 0.000 
7.500 50.120 1.182 1.674 1.982 2.281 2.503 2.696 2.712 2.545 2.457 2.361 0.000 
7.500 63.100 1.095 1.576 1.877 2.168 2.385 2.580 2.596 2.426 2.337 2.245 0.000 
7.500 79.430 0.990 1.459 1.752 2.034 2.243 2.441 2.455 2.282 2.190 2.104 0.000 
7.500 100.000 0.869 1.327 1.611 1.879 2.079 2.277 2.289 2.110 2.016 1.936 0.000 
7.500 125.890 0.734 1.181 1.457 1.707 1.893 2.090 2.099 1.914 1.816 1.744 0.000 
7.500 158.490 0.590 1.023 1.291 1.518 1.688 1.883 1.887 1.694 1.591 1.529 0.000 
7.500 199.530 0.436 0.857 1.115 1.314 1.461 1.654 1.653 1.449 1.340 1.291 0.000 
7.500 251.190 0.274 0.682 0.931 1.093 1.212 1.403 1.395 1.177 1.061 1.027 0.000 
7.500 316.230 0.104 0.499 0.738 0.853 0.937 1.125 1.108 0.872 0.746 0.734 0.000 
7.500 398.110 -0.076 0.306 0.536 0.592 0.631 0.815 0.786 0.529 0.391 0.404 0.000 
7.500 501.190 -0.265 0.103 0.323 0.304 0.287 0.466 0.423 0.138 -0.015 0.031 0.000 
7.500 630.960 -0.467 -0.113 0.098 -0.016 -0.103 0.068 0.007 -0.312 -0.485 -0.398 0.000 
7.500 794.330 -0.685 -0.344 -0.143 -0.375 -0.553 -0.389 -0.473 -0.837 -1.034 -0.895 0.000 
7.500 1000.000 -0.921 -0.594 -0.403 -0.786 -1.076 -0.923 -1.035 -1.455 -1.683 -1.477 0.000 
7.750 1.000 1.442 2.005 2.355 2.628 2.825 2.977 2.973 2.801 2.705 2.618 0.000 
7.750 1.260 1.443 2.005 2.355 2.628 2.825 2.977 2.973 2.801 2.705 2.618 0.000 
7.750 1.580 1.444 2.006 2.355 2.628 2.824 2.977 2.973 2.801 2.705 2.618 0.000 
7.750 2.000 1.446 2.006 2.354 2.627 2.824 2.977 2.972 2.801 2.705 2.618 0.000 
7.750 2.510 1.448 2.007 2.354 2.627 2.824 2.977 2.972 2.800 2.705 2.618 0.000 
7.750 3.160 1.451 2.008 2.354 2.627 2.824 2.977 2.972 2.800 2.704 2.617 0.000 
7.750 3.980 1.454 2.009 2.353 2.626 2.823 2.976 2.971 2.799 2.704 2.617 0.000 
7.750 5.010 1.457 2.010 2.352 2.625 2.822 2.975 2.970 2.798 2.703 2.616 0.000 
7.750 6.310 1.461 2.011 2.351 2.624 2.820 2.973 2.969 2.797 2.701 2.614 0.000 
7.750 7.940 1.465 2.011 2.349 2.621 2.818 2.971 2.966 2.794 2.699 2.612 0.000 
7.750 10.000 1.469 2.010 2.345 2.617 2.814 2.967 2.963 2.791 2.695 2.608 0.000 
7.750 12.590 1.472 2.008 2.339 2.612 2.808 2.961 2.957 2.785 2.689 2.602 0.000 
7.750 15.850 1.473 2.004 2.330 2.602 2.798 2.952 2.948 2.775 2.679 2.593 0.000 
7.750 19.950 1.471 1.995 2.317 2.588 2.783 2.938 2.933 2.761 2.665 2.579 0.000 
7.750 25.120 1.463 1.980 2.297 2.566 2.760 2.917 2.912 2.739 2.642 2.558 0.000 
7.750 31.620 1.447 1.955 2.266 2.534 2.726 2.885 2.880 2.706 2.609 2.526 0.000 
7.750 39.810 1.418 1.918 2.222 2.487 2.677 2.838 2.833 2.658 2.560 2.479 0.000 
7.750 50.120 1.374 1.864 2.162 2.422 2.609 2.772 2.767 2.590 2.492 2.414 0.000 
7.750 63.100 1.312 1.791 2.082 2.335 2.518 2.683 2.677 2.498 2.399 2.324 0.000 
7.750 79.430 1.229 1.698 1.981 2.226 2.401 2.570 2.562 2.380 2.278 2.209 0.000 
7.750 100.000 1.128 1.585 1.860 2.092 2.258 2.429 2.420 2.233 2.129 2.066 0.000 
7.750 125.890 1.010 1.455 1.721 1.937 2.091 2.261 2.248 2.055 1.948 1.892 0.000 
7.750 158.490 0.877 1.310 1.567 1.761 1.898 2.067 2.050 1.849 1.737 1.691 0.000 
7.750 199.530 0.732 1.152 1.401 1.566 1.682 1.849 1.827 1.615 1.497 1.464 0.000 
7.750 251.190 0.576 0.983 1.223 1.352 1.440 1.604 1.575 1.350 1.225 1.207 0.000 
7.750 316.230 0.410 0.805 1.034 1.117 1.171 1.332 1.294 1.052 0.917 0.919 0.000 
7.750 398.110 0.234 0.615 0.836 0.860 0.869 1.026 0.976 0.713 0.566 0.594 0.000 
7.750 501.190 0.047 0.415 0.626 0.575 0.528 0.680 0.616 0.325 0.163 0.224 0.000 
7.750 630.960 -0.153 0.201 0.402 0.258 0.140 0.285 0.203 -0.123 -0.305 -0.202 0.000 
7.750 794.330 -0.369 -0.028 0.163 -0.101 -0.308 -0.171 -0.275 -0.646 -0.851 -0.697 0.000 
7.750 1000.000 -0.605 -0.277 -0.096 -0.509 -0.829 -0.703 -0.836 -1.261 -1.498 -1.278 0.000 
8.000 1.000 1.536 2.093 2.431 2.659 2.815 2.944 2.916 2.733 2.625 2.561 0.000 
8.000 1.260 1.537 2.094 2.431 2.659 2.815 2.944 2.916 2.733 2.625 2.561 0.000 
8.000 1.580 1.539 2.094 2.431 2.659 2.815 2.944 2.916 2.733 2.625 2.560 0.000 
8.000 2.000 1.541 2.095 2.431 2.659 2.815 2.943 2.916 2.733 2.625 2.560 0.000 
8.000 2.510 1.543 2.096 2.431 2.658 2.814 2.943 2.916 2.732 2.625 2.560 0.000 
8.000 3.160 1.545 2.097 2.430 2.658 2.814 2.943 2.916 2.732 2.625 2.560 0.000 
8.000 3.980 1.548 2.098 2.430 2.658 2.814 2.943 2.916 2.732 2.625 2.560 0.000 
8.000 5.010 1.552 2.099 2.430 2.657 2.813 2.942 2.915 2.731 2.624 2.559 0.000 
8.000 6.310 1.556 2.100 2.429 2.656 2.812 2.941 2.914 2.730 2.623 2.558 0.000 
8.000 7.940 1.560 2.101 2.427 2.655 2.811 2.940 2.913 2.729 2.622 2.557 0.000 
8.000 10.000 1.565 2.102 2.425 2.653 2.808 2.938 2.910 2.727 2.619 2.555 0.000 
8.000 12.590 1.570 2.102 2.422 2.649 2.805 2.934 2.907 2.723 2.616 2.551 0.000 
8.000 15.850 1.574 2.101 2.417 2.644 2.799 2.929 2.901 2.717 2.610 2.546 0.000 
8.000 19.950 1.577 2.098 2.409 2.635 2.790 2.920 2.893 2.709 2.601 2.537 0.000 
8.000 25.120 1.577 2.091 2.397 2.622 2.776 2.907 2.880 2.695 2.587 2.524 0.000 
8.000 31.620 1.572 2.078 2.379 2.602 2.755 2.887 2.859 2.674 2.566 2.504 0.000 
8.000 39.810 1.559 2.056 2.351 2.572 2.723 2.856 2.829 2.642 2.534 2.473 0.000 
8.000 50.120 1.535 2.023 2.311 2.528 2.677 2.812 2.784 2.596 2.487 2.428 0.000 
8.000 63.100 1.496 1.974 2.255 2.467 2.611 2.748 2.719 2.530 2.419 2.364 0.000 
8.000 79.430 1.438 1.906 2.179 2.383 2.522 2.661 2.631 2.439 2.327 2.276 0.000 
8.000 100.000 1.361 1.817 2.082 2.276 2.406 2.548 2.516 2.320 2.205 2.160 0.000 
8.000 125.890 1.264 1.708 1.965 2.143 2.262 2.405 2.371 2.168 2.051 2.013 0.000 
8.000 158.490 1.148 1.580 1.828 1.986 2.089 2.231 2.193 1.983 1.861 1.832 0.000 
8.000 199.530 1.015 1.435 1.675 1.805 1.888 2.027 1.984 1.764 1.637 1.620 0.000 
8.000 251.190 0.869 1.276 1.507 1.602 1.658 1.795 1.745 1.512 1.377 1.376 0.000 
8.000 316.230 0.710 1.104 1.325 1.375 1.396 1.530 1.472 1.222 1.078 1.097 0.000 
8.000 398.110 0.539 0.920 1.132 1.123 1.101 1.231 1.161 0.889 0.734 0.778 0.000 
8.000 501.190 0.355 0.723 0.925 0.842 0.764 0.889 0.805 0.507 0.336 0.412 0.000 
8.000 630.960 0.158 0.512 0.705 0.528 0.379 0.498 0.396 0.063 -0.128 -0.010 0.000 
8.000 794.330 -0.056 0.285 0.468 0.173 -0.065 0.045 -0.080 -0.457 -0.672 -0.502 0.000 
8.000 1000.000 -0.290 0.037 0.210 -0.234 -0.585 -0.484 -0.638 -1.070 -1.316 -1.081 0.000 
