AbrahamsonEtAl2015SSlab as implemented in OpenQuake, distance is rhypo. Log10 ground motion values in cgs units, PGV and Sa(T<0.1s) not valid
          14 31 24 : nmag, ndist, nperiod
          10.000 7.500 6.000 5.000 4.000 3.000 2.500 2.000 1.500 1.000 0.750 0.600 0.500 0.400 0.300 0.250 0.200 0.150 0.100 0.075 0.050 0.020 PGA PGV 
          0.740 0.740 0.740 0.740 0.740 0.740 0.740 0.740 0.740 0.740 0.740 0.740 0.740 0.740 0.740 0.740 0.740 0.740 0.740 0.740 0.740 0.740 0.740 0.000 
4.750 1.000 -0.479 -0.227 0.017 0.215 0.470 0.844 1.091 1.306 1.527 1.896 2.107 2.264 2.403 2.560 2.679 2.759 2.842 2.889 2.856 2.803 2.738 2.778 2.778 0.000 
4.750 1.260 -0.491 -0.240 0.004 0.201 0.455 0.829 1.075 1.292 1.517 1.891 2.104 2.261 2.401 2.558 2.677 2.755 2.837 2.882 2.846 2.791 2.725 2.762 2.762 0.000 
4.750 1.580 -0.505 -0.255 -0.012 0.184 0.438 0.810 1.055 1.275 1.505 1.885 2.100 2.258 2.399 2.556 2.674 2.751 2.832 2.874 2.835 2.777 2.710 2.743 2.743 0.000 
4.750 2.000 -0.523 -0.274 -0.032 0.164 0.417 0.788 1.032 1.254 1.490 1.876 2.095 2.255 2.395 2.553 2.671 2.747 2.826 2.864 2.821 2.761 2.691 2.720 2.720 0.000 
4.750 2.510 -0.543 -0.296 -0.055 0.139 0.391 0.761 1.004 1.228 1.472 1.866 2.088 2.250 2.390 2.548 2.666 2.741 2.818 2.852 2.806 2.742 2.670 2.693 2.693 0.000 
4.750 3.160 -0.567 -0.322 -0.082 0.111 0.361 0.729 0.972 1.199 1.451 1.853 2.079 2.242 2.384 2.542 2.661 2.734 2.809 2.838 2.787 2.720 2.645 2.661 2.661 0.000 
4.750 3.980 -0.596 -0.353 -0.114 0.077 0.326 0.692 0.933 1.164 1.425 1.836 2.067 2.232 2.374 2.533 2.652 2.724 2.797 2.822 2.766 2.695 2.616 2.623 2.623 0.000 
4.750 5.010 -0.628 -0.388 -0.151 0.039 0.286 0.649 0.889 1.123 1.393 1.814 2.050 2.216 2.358 2.518 2.638 2.710 2.781 2.800 2.740 2.664 2.581 2.579 2.579 0.000 
4.750 6.310 -0.666 -0.428 -0.194 -0.006 0.240 0.600 0.839 1.075 1.356 1.786 2.025 2.193 2.336 2.496 2.617 2.688 2.758 2.773 2.707 2.627 2.540 2.526 2.526 0.000 
4.750 7.940 -0.708 -0.474 -0.242 -0.056 0.188 0.544 0.781 1.021 1.311 1.748 1.992 2.161 2.303 2.464 2.586 2.656 2.724 2.735 2.666 2.581 2.489 2.463 2.463 0.000 
4.750 10.000 -0.756 -0.525 -0.295 -0.112 0.129 0.482 0.718 0.960 1.257 1.701 1.947 2.116 2.258 2.418 2.541 2.610 2.678 2.685 2.613 2.523 2.427 2.387 2.387 0.000 
4.750 12.590 -0.809 -0.582 -0.355 -0.174 0.065 0.414 0.647 0.891 1.195 1.642 1.889 2.058 2.197 2.357 2.480 2.548 2.614 2.618 2.544 2.450 2.350 2.298 2.298 0.000 
4.750 15.850 -0.867 -0.645 -0.420 -0.242 -0.006 0.339 0.570 0.815 1.123 1.571 1.818 1.984 2.121 2.278 2.399 2.465 2.531 2.532 2.457 2.360 2.257 2.192 2.192 0.000 
4.750 19.950 -0.931 -0.713 -0.491 -0.316 -0.084 0.257 0.486 0.730 1.041 1.488 1.732 1.895 2.028 2.181 2.300 2.363 2.427 2.424 2.351 2.251 2.145 2.071 2.071 0.000 
4.750 25.120 -1.001 -0.788 -0.569 -0.397 -0.168 0.168 0.395 0.638 0.950 1.392 1.633 1.791 1.919 2.067 2.182 2.242 2.303 2.296 2.224 2.122 2.015 1.933 1.933 0.000 
4.750 31.620 -1.077 -0.869 -0.653 -0.485 -0.259 0.072 0.297 0.538 0.849 1.284 1.520 1.674 1.795 1.938 2.046 2.102 2.161 2.149 2.078 1.975 1.868 1.782 1.782 0.000 
4.750 39.810 -1.160 -0.957 -0.745 -0.580 -0.357 -0.031 0.191 0.430 0.739 1.165 1.396 1.543 1.658 1.794 1.896 1.947 2.002 1.985 1.915 1.812 1.706 1.617 1.617 0.000 
4.750 50.120 -1.251 -1.053 -0.844 -0.683 -0.463 -0.143 0.076 0.313 0.618 1.035 1.259 1.401 1.509 1.638 1.733 1.778 1.829 1.807 1.739 1.634 1.531 1.441 1.441 0.000 
4.750 63.100 -1.351 -1.158 -0.953 -0.795 -0.579 -0.264 -0.048 0.186 0.487 0.893 1.110 1.247 1.348 1.471 1.558 1.597 1.644 1.616 1.550 1.445 1.345 1.256 1.256 0.000 
4.750 79.430 -1.461 -1.274 -1.073 -0.918 -0.706 -0.397 -0.183 0.047 0.344 0.739 0.949 1.081 1.176 1.293 1.373 1.406 1.449 1.416 1.351 1.246 1.150 1.063 1.063 0.000 
4.750 100.000 -1.584 -1.403 -1.205 -1.054 -0.846 -0.542 -0.332 -0.105 0.187 0.570 0.774 0.902 0.992 1.104 1.178 1.206 1.246 1.207 1.144 1.039 0.946 0.863 0.863 0.000 
4.750 125.890 -1.723 -1.547 -1.353 -1.207 -1.002 -0.704 -0.496 -0.273 0.013 0.385 0.584 0.710 0.795 0.904 0.973 0.997 1.033 0.990 0.930 0.825 0.736 0.657 0.657 0.000 
4.750 158.490 -1.881 -1.711 -1.521 -1.378 -1.178 -0.885 -0.680 -0.460 -0.180 0.181 0.375 0.500 0.583 0.692 0.758 0.777 0.813 0.766 0.709 0.603 0.519 0.444 0.444 0.000 
4.750 199.530 -2.063 -1.899 -1.713 -1.574 -1.377 -1.091 -0.888 -0.673 -0.398 -0.048 0.143 0.271 0.353 0.464 0.530 0.548 0.583 0.534 0.480 0.375 0.296 0.225 0.225 0.000 
4.750 251.190 -2.276 -2.117 -1.935 -1.800 -1.607 -1.326 -1.127 -0.915 -0.646 -0.306 -0.117 0.018 0.101 0.219 0.289 0.305 0.344 0.294 0.244 0.139 0.065 -0.002 -0.002 0.000 
4.750 316.230 -2.525 -2.373 -2.195 -2.063 -1.874 -1.600 -1.403 -1.195 -0.932 -0.601 -0.412 -0.266 -0.177 -0.047 0.030 0.048 0.092 0.044 0.000 -0.105 -0.175 -0.236 -0.236 0.000 
4.750 398.110 -2.822 -2.676 -2.501 -2.374 -2.189 -1.920 -1.727 -1.522 -1.265 -0.942 -0.749 -0.587 -0.488 -0.340 -0.249 -0.226 -0.174 -0.218 -0.254 -0.360 -0.424 -0.481 -0.481 0.000 
4.750 501.190 -3.178 -3.038 -2.867 -2.744 -2.563 -2.300 -2.109 -1.909 -1.658 -1.340 -1.140 -0.954 -0.841 -0.666 -0.554 -0.523 -0.457 -0.493 -0.520 -0.626 -0.685 -0.737 -0.737 0.000 
4.750 630.960 -3.609 -3.474 -3.308 -3.188 -3.011 -2.754 -2.566 -2.370 -2.125 -1.811 -1.599 -1.380 -1.244 -1.033 -0.890 -0.847 -0.761 -0.785 -0.801 -0.907 -0.961 -1.008 -1.008 0.000 
4.750 794.330 -4.133 -4.004 -3.842 -3.726 -3.553 -3.302 -3.117 -2.925 -2.685 -2.372 -2.143 -1.879 -1.713 -1.451 -1.267 -1.205 -1.093 -1.098 -1.100 -1.205 -1.255 -1.297 -1.297 0.000 
4.750 1000.000 -4.774 -4.652 -4.493 -4.382 -4.213 -3.967 -3.786 -3.597 -3.364 -3.048 -2.794 -2.470 -2.262 -1.934 -1.693 -1.606 -1.458 -1.437 -1.421 -1.527 -1.571 -1.608 -1.608 0.000 
5.000 1.000 -0.277 -0.027 0.216 0.412 0.661 1.018 1.253 1.452 1.647 1.985 2.177 2.320 2.448 2.594 2.701 2.775 2.854 2.899 2.869 2.819 2.759 2.808 2.808 0.000 
5.000 1.260 -0.287 -0.039 0.204 0.400 0.648 1.004 1.239 1.439 1.638 1.980 2.174 2.318 2.447 2.592 2.699 2.771 2.849 2.891 2.860 2.808 2.747 2.793 2.793 0.000 
5.000 1.580 -0.300 -0.052 0.189 0.384 0.632 0.987 1.221 1.423 1.628 1.974 2.171 2.315 2.444 2.589 2.696 2.768 2.844 2.883 2.849 2.794 2.732 2.775 2.775 0.000 
5.000 2.000 -0.316 -0.069 0.172 0.366 0.613 0.966 1.200 1.404 1.615 1.967 2.167 2.312 2.442 2.587 2.693 2.763 2.838 2.874 2.836 2.779 2.715 2.754 2.754 0.000 
5.000 2.510 -0.334 -0.089 0.151 0.344 0.590 0.942 1.175 1.382 1.599 1.958 2.161 2.308 2.438 2.584 2.690 2.758 2.831 2.862 2.821 2.761 2.695 2.729 2.729 0.000 
5.000 3.160 -0.356 -0.113 0.126 0.318 0.562 0.913 1.145 1.355 1.580 1.948 2.154 2.303 2.433 2.579 2.685 2.753 2.823 2.850 2.803 2.740 2.672 2.699 2.699 0.000 
5.000 3.980 -0.382 -0.141 0.097 0.287 0.530 0.879 1.110 1.323 1.557 1.934 2.145 2.295 2.426 2.573 2.679 2.745 2.813 2.835 2.784 2.717 2.645 2.665 2.665 0.000 
5.000 5.010 -0.412 -0.173 0.063 0.252 0.493 0.839 1.069 1.285 1.529 1.916 2.132 2.284 2.416 2.563 2.669 2.734 2.800 2.817 2.761 2.689 2.614 2.624 2.624 0.000 
5.000 6.310 -0.447 -0.210 0.023 0.211 0.450 0.793 1.022 1.242 1.496 1.892 2.113 2.267 2.399 2.547 2.655 2.719 2.783 2.795 2.733 2.657 2.577 2.577 2.577 0.000 
5.000 7.940 -0.486 -0.253 -0.021 0.164 0.401 0.742 0.969 1.192 1.456 1.862 2.087 2.243 2.375 2.524 2.633 2.695 2.758 2.765 2.698 2.617 2.533 2.521 2.521 0.000 
5.000 10.000 -0.531 -0.301 -0.071 0.111 0.347 0.683 0.909 1.135 1.408 1.822 2.051 2.208 2.340 2.489 2.599 2.661 2.722 2.725 2.654 2.568 2.479 2.454 2.454 0.000 
5.000 12.590 -0.580 -0.354 -0.127 0.053 0.286 0.619 0.842 1.070 1.352 1.772 2.003 2.160 2.291 2.439 2.550 2.611 2.672 2.671 2.597 2.507 2.413 2.375 2.375 0.000 
5.000 15.850 -0.635 -0.414 -0.189 -0.012 0.218 0.547 0.769 0.998 1.286 1.709 1.941 2.097 2.226 2.373 2.484 2.544 2.604 2.599 2.525 2.430 2.332 2.281 2.281 0.000 
5.000 19.950 -0.696 -0.479 -0.257 -0.083 0.144 0.469 0.688 0.919 1.210 1.634 1.865 2.019 2.145 2.290 2.399 2.457 2.515 2.508 2.433 2.335 2.234 2.171 2.171 0.000 
5.000 25.120 -0.763 -0.550 -0.332 -0.160 0.064 0.384 0.601 0.831 1.125 1.546 1.775 1.925 2.047 2.188 2.294 2.349 2.406 2.395 2.321 2.220 2.117 2.045 2.045 0.000 
5.000 31.620 -0.836 -0.628 -0.413 -0.244 -0.024 0.291 0.506 0.735 1.029 1.445 1.670 1.817 1.933 2.069 2.171 2.222 2.277 2.262 2.189 2.087 1.983 1.903 1.903 0.000 
5.000 39.810 -0.916 -0.713 -0.501 -0.336 -0.119 0.191 0.403 0.631 0.923 1.332 1.553 1.694 1.804 1.935 2.031 2.078 2.129 2.110 2.039 1.935 1.832 1.748 1.748 0.000 
5.000 50.120 -1.004 -0.806 -0.598 -0.436 -0.222 0.083 0.292 0.517 0.807 1.207 1.422 1.558 1.662 1.786 1.876 1.918 1.966 1.942 1.872 1.768 1.666 1.580 1.580 0.000 
5.000 63.100 -1.100 -0.908 -0.703 -0.545 -0.335 -0.036 0.171 0.393 0.680 1.070 1.278 1.409 1.507 1.626 1.708 1.745 1.790 1.760 1.692 1.587 1.488 1.401 1.401 0.000 
5.000 79.430 -1.208 -1.021 -0.820 -0.666 -0.459 -0.165 0.039 0.258 0.540 0.919 1.122 1.248 1.340 1.453 1.529 1.561 1.601 1.566 1.500 1.395 1.299 1.214 1.214 0.000 
5.000 100.000 -1.328 -1.147 -0.950 -0.799 -0.596 -0.308 -0.107 0.109 0.387 0.755 0.951 1.074 1.160 1.269 1.339 1.366 1.403 1.363 1.299 1.194 1.101 1.019 1.019 0.000 
5.000 125.890 -1.464 -1.289 -1.095 -0.949 -0.749 -0.466 -0.268 -0.056 0.216 0.573 0.764 0.885 0.967 1.073 1.139 1.160 1.196 1.151 1.090 0.984 0.896 0.817 0.817 0.000 
5.000 158.490 -1.620 -1.450 -1.260 -1.117 -0.922 -0.645 -0.449 -0.241 0.026 0.372 0.558 0.679 0.758 0.864 0.927 0.945 0.979 0.931 0.873 0.767 0.683 0.608 0.608 0.000 
5.000 199.530 -1.800 -1.635 -1.450 -1.310 -1.119 -0.848 -0.655 -0.451 -0.189 0.146 0.329 0.453 0.531 0.640 0.703 0.719 0.753 0.703 0.648 0.542 0.463 0.392 0.392 0.000 
5.000 251.190 -2.009 -1.851 -1.669 -1.534 -1.346 -1.081 -0.891 -0.690 -0.434 -0.109 0.072 0.202 0.283 0.398 0.465 0.480 0.517 0.466 0.416 0.310 0.235 0.169 0.169 0.000 
5.000 316.230 -2.256 -2.104 -1.926 -1.795 -1.611 -1.351 -1.164 -0.968 -0.718 -0.401 -0.219 -0.078 0.007 0.135 0.209 0.226 0.268 0.219 0.174 0.069 -0.001 -0.063 -0.063 0.000 
5.000 398.110 -2.551 -2.404 -2.230 -2.103 -1.923 -1.669 -1.485 -1.292 -1.048 -0.739 -0.554 -0.396 -0.301 -0.155 -0.067 -0.046 0.006 -0.039 -0.077 -0.183 -0.248 -0.304 -0.304 0.000 
5.000 501.190 -2.904 -2.764 -2.593 -2.470 -2.294 -2.046 -1.865 -1.676 -1.438 -1.135 -0.943 -0.761 -0.650 -0.479 -0.369 -0.340 -0.275 -0.312 -0.340 -0.446 -0.506 -0.558 -0.558 0.000 
5.000 630.960 -3.332 -3.197 -3.031 -2.912 -2.740 -2.498 -2.320 -2.135 -1.903 -1.603 -1.399 -1.184 -1.051 -0.843 -0.703 -0.661 -0.577 -0.601 -0.618 -0.724 -0.779 -0.826 -0.826 0.000 
5.000 794.330 -3.854 -3.725 -3.562 -3.447 -3.279 -3.043 -2.868 -2.687 -2.461 -2.162 -1.940 -1.680 -1.517 -1.258 -1.077 -1.016 -0.905 -0.911 -0.914 -1.020 -1.070 -1.112 -1.112 0.000 
5.000 1000.000 -4.493 -4.370 -4.212 -4.100 -3.936 -3.706 -3.534 -3.357 -3.137 -2.835 -2.588 -2.269 -2.064 -1.739 -1.500 -1.414 -1.268 -1.248 -1.233 -1.339 -1.384 -1.421 -1.421 0.000 
5.250 1.000 -0.078 0.169 0.411 0.605 0.848 1.188 1.413 1.596 1.767 2.072 2.246 2.376 2.494 2.627 2.724 2.792 2.867 2.909 2.884 2.836 2.782 2.838 2.838 0.000 
5.250 1.260 -0.088 0.159 0.400 0.594 0.836 1.175 1.400 1.584 1.759 2.068 2.244 2.374 2.492 2.625 2.721 2.788 2.862 2.902 2.874 2.825 2.770 2.824 2.824 0.000 
5.250 1.580 -0.099 0.147 0.387 0.581 0.822 1.160 1.384 1.570 1.749 2.063 2.241 2.371 2.490 2.623 2.718 2.784 2.856 2.894 2.864 2.813 2.756 2.807 2.807 0.000 
5.250 2.000 -0.113 0.132 0.371 0.564 0.805 1.142 1.365 1.553 1.737 2.057 2.237 2.369 2.487 2.621 2.715 2.780 2.850 2.884 2.851 2.798 2.739 2.787 2.787 0.000 
5.250 2.510 -0.129 0.114 0.352 0.544 0.784 1.119 1.342 1.532 1.723 2.049 2.233 2.366 2.484 2.618 2.712 2.775 2.843 2.873 2.836 2.780 2.720 2.764 2.764 0.000 
5.250 3.160 -0.149 0.092 0.330 0.520 0.759 1.093 1.315 1.508 1.706 2.040 2.227 2.362 2.481 2.614 2.708 2.770 2.836 2.861 2.820 2.761 2.698 2.737 2.737 0.000 
5.250 3.980 -0.173 0.067 0.303 0.492 0.730 1.062 1.283 1.479 1.686 2.028 2.220 2.356 2.476 2.610 2.703 2.763 2.827 2.847 2.801 2.738 2.673 2.705 2.705 0.000 
5.250 5.010 -0.200 0.037 0.272 0.460 0.695 1.025 1.245 1.444 1.661 2.013 2.210 2.348 2.468 2.603 2.697 2.755 2.816 2.831 2.780 2.713 2.644 2.668 2.668 0.000 
5.250 6.310 -0.232 0.003 0.235 0.422 0.656 0.983 1.202 1.404 1.632 1.994 2.196 2.336 2.457 2.592 2.687 2.744 2.803 2.812 2.755 2.683 2.611 2.624 2.624 0.000 
5.250 7.940 -0.269 -0.037 0.194 0.378 0.610 0.935 1.152 1.358 1.596 1.969 2.176 2.318 2.440 2.576 2.671 2.727 2.784 2.788 2.725 2.649 2.572 2.574 2.574 0.000 
5.250 10.000 -0.310 -0.082 0.147 0.329 0.559 0.880 1.096 1.306 1.554 1.937 2.148 2.292 2.413 2.550 2.647 2.702 2.757 2.756 2.689 2.607 2.525 2.515 2.515 0.000 
5.250 12.590 -0.357 -0.132 0.094 0.274 0.501 0.819 1.033 1.246 1.504 1.894 2.109 2.254 2.375 2.513 2.611 2.665 2.719 2.713 2.642 2.555 2.468 2.445 2.445 0.000 
5.250 15.850 -0.409 -0.188 0.036 0.213 0.438 0.751 0.963 1.178 1.444 1.840 2.057 2.202 2.322 2.460 2.558 2.611 2.665 2.656 2.582 2.490 2.399 2.361 2.361 0.000 
5.250 19.950 -0.467 -0.250 -0.029 0.145 0.367 0.677 0.886 1.103 1.375 1.774 1.991 2.135 2.253 2.389 2.488 2.539 2.592 2.579 2.504 2.409 2.313 2.263 2.263 0.000 
5.250 25.120 -0.530 -0.318 -0.100 0.071 0.290 0.595 0.802 1.019 1.295 1.694 1.911 2.052 2.167 2.300 2.397 2.447 2.499 2.483 2.408 2.309 2.210 2.149 2.149 0.000 
5.250 31.620 -0.600 -0.393 -0.178 -0.010 0.206 0.506 0.711 0.928 1.205 1.601 1.815 1.953 2.064 2.193 2.287 2.334 2.384 2.365 2.291 2.190 2.089 2.019 2.019 0.000 
5.250 39.810 -0.677 -0.474 -0.263 -0.098 0.114 0.409 0.612 0.827 1.104 1.494 1.705 1.839 1.945 2.069 2.159 2.202 2.250 2.227 2.154 2.051 1.950 1.873 1.873 0.000 
5.250 50.120 -0.762 -0.564 -0.356 -0.195 0.014 0.304 0.504 0.717 0.993 1.375 1.581 1.711 1.810 1.930 2.014 2.053 2.098 2.070 1.999 1.895 1.795 1.714 1.714 0.000 
5.250 63.100 -0.856 -0.664 -0.459 -0.301 -0.096 0.189 0.386 0.597 0.869 1.243 1.443 1.568 1.662 1.776 1.854 1.889 1.930 1.898 1.829 1.724 1.626 1.543 1.543 0.000 
5.250 79.430 -0.960 -0.774 -0.573 -0.419 -0.217 0.062 0.257 0.465 0.734 1.097 1.291 1.413 1.501 1.610 1.682 1.711 1.750 1.713 1.646 1.540 1.445 1.362 1.362 0.000 
5.250 100.000 -1.078 -0.897 -0.700 -0.549 -0.351 -0.077 0.114 0.319 0.583 0.936 1.125 1.243 1.326 1.431 1.498 1.522 1.558 1.516 1.451 1.346 1.254 1.173 1.173 0.000 
5.250 125.890 -1.211 -1.036 -0.843 -0.696 -0.501 -0.233 -0.044 0.157 0.416 0.758 0.942 1.058 1.137 1.240 1.302 1.322 1.356 1.310 1.247 1.141 1.053 0.975 0.975 0.000 
5.250 158.490 -1.364 -1.195 -1.005 -0.862 -0.671 -0.409 -0.223 -0.025 0.229 0.560 0.739 0.855 0.932 1.035 1.095 1.111 1.144 1.094 1.035 0.929 0.845 0.770 0.770 0.000 
5.250 199.530 -1.541 -1.377 -1.191 -1.052 -0.866 -0.609 -0.426 -0.232 0.017 0.338 0.513 0.633 0.708 0.814 0.874 0.889 0.922 0.870 0.814 0.708 0.629 0.558 0.558 0.000 
5.250 251.190 -1.748 -1.590 -1.408 -1.273 -1.090 -0.839 -0.659 -0.469 -0.226 0.086 0.260 0.385 0.463 0.575 0.639 0.653 0.689 0.637 0.586 0.479 0.405 0.338 0.338 0.000 
5.250 316.230 -1.993 -1.840 -1.662 -1.531 -1.352 -1.107 -0.930 -0.744 -0.506 -0.204 -0.029 0.108 0.191 0.315 0.387 0.402 0.444 0.393 0.348 0.242 0.171 0.110 0.110 0.000 
5.250 398.110 -2.285 -2.138 -1.964 -1.837 -1.661 -1.422 -1.248 -1.066 -0.834 -0.539 -0.361 -0.207 -0.115 0.028 0.114 0.134 0.184 0.138 0.100 -0.007 -0.072 -0.129 -0.129 0.000 
5.250 501.190 -2.636 -2.495 -2.325 -2.201 -2.030 -1.797 -1.625 -1.447 -1.221 -0.932 -0.747 -0.569 -0.462 -0.292 -0.185 -0.157 -0.094 -0.132 -0.161 -0.267 -0.327 -0.380 -0.380 0.000 
5.250 630.960 -3.061 -2.926 -2.760 -2.640 -2.473 -2.246 -2.077 -1.903 -1.683 -1.397 -1.200 -0.990 -0.860 -0.654 -0.517 -0.476 -0.393 -0.418 -0.436 -0.542 -0.598 -0.645 -0.645 0.000 
5.250 794.330 -3.580 -3.451 -3.289 -3.173 -3.010 -2.789 -2.623 -2.453 -2.239 -1.954 -1.739 -1.483 -1.323 -1.067 -0.888 -0.828 -0.719 -0.725 -0.729 -0.835 -0.886 -0.928 -0.928 0.000 
5.250 1000.000 -4.216 -4.094 -3.935 -3.824 -3.664 -3.449 -3.286 -3.120 -2.912 -2.624 -2.385 -2.069 -1.867 -1.545 -1.309 -1.224 -1.078 -1.059 -1.045 -1.151 -1.197 -1.234 -1.234 0.000 
5.500 1.000 0.117 0.362 0.602 0.795 1.031 1.355 1.571 1.738 1.885 2.159 2.315 2.432 2.540 2.662 2.747 2.810 2.881 2.921 2.900 2.855 2.805 2.869 2.869 0.000 
5.500 1.260 0.108 0.353 0.592 0.785 1.021 1.344 1.559 1.727 1.878 2.155 2.313 2.430 2.538 2.660 2.745 2.806 2.876 2.914 2.891 2.844 2.794 2.856 2.856 0.000 
5.500 1.580 0.098 0.342 0.581 0.773 1.008 1.331 1.545 1.715 1.869 2.151 2.310 2.428 2.535 2.657 2.741 2.802 2.870 2.906 2.880 2.832 2.781 2.840 2.840 0.000 
5.500 2.000 0.086 0.328 0.567 0.758 0.992 1.314 1.528 1.699 1.858 2.145 2.307 2.425 2.533 2.655 2.738 2.797 2.864 2.896 2.867 2.818 2.765 2.822 2.822 0.000 
5.500 2.510 0.071 0.312 0.549 0.740 0.974 1.294 1.507 1.680 1.846 2.138 2.303 2.422 2.530 2.652 2.734 2.792 2.857 2.885 2.853 2.801 2.747 2.800 2.800 0.000 
5.500 3.160 0.053 0.293 0.529 0.718 0.951 1.270 1.482 1.658 1.830 2.130 2.298 2.419 2.527 2.649 2.731 2.786 2.849 2.873 2.837 2.782 2.725 2.774 2.774 0.000 
5.500 3.980 0.032 0.269 0.504 0.693 0.924 1.241 1.452 1.631 1.812 2.120 2.292 2.415 2.523 2.645 2.726 2.781 2.840 2.859 2.818 2.760 2.701 2.744 2.744 0.000 
5.500 5.010 0.006 0.242 0.476 0.663 0.893 1.207 1.418 1.600 1.790 2.108 2.285 2.409 2.518 2.640 2.721 2.774 2.831 2.844 2.798 2.736 2.674 2.710 2.710 0.000 
5.500 6.310 -0.023 0.211 0.443 0.628 0.856 1.168 1.378 1.564 1.764 2.092 2.274 2.400 2.510 2.633 2.714 2.765 2.819 2.827 2.775 2.708 2.643 2.670 2.670 0.000 
5.500 7.940 -0.057 0.174 0.404 0.587 0.814 1.123 1.331 1.521 1.733 2.072 2.259 2.388 2.498 2.622 2.704 2.753 2.805 2.807 2.749 2.677 2.607 2.624 2.624 0.000 
5.500 10.000 -0.095 0.132 0.360 0.542 0.766 1.072 1.279 1.472 1.695 2.045 2.238 2.368 2.479 2.604 2.687 2.735 2.785 2.781 2.717 2.640 2.566 2.571 2.571 0.000 
5.500 12.590 -0.139 0.085 0.311 0.490 0.712 1.015 1.219 1.417 1.650 2.010 2.207 2.340 2.451 2.576 2.661 2.708 2.756 2.747 2.679 2.596 2.517 2.509 2.509 0.000 
5.500 15.850 -0.188 0.032 0.256 0.432 0.652 0.951 1.153 1.354 1.597 1.964 2.165 2.299 2.409 2.536 2.622 2.668 2.715 2.701 2.629 2.541 2.457 2.435 2.435 0.000 
5.500 19.950 -0.242 -0.026 0.194 0.368 0.585 0.880 1.080 1.283 1.533 1.907 2.110 2.243 2.353 2.479 2.565 2.610 2.657 2.640 2.565 2.472 2.384 2.348 2.348 0.000 
5.500 25.120 -0.303 -0.091 0.127 0.297 0.511 0.802 1.000 1.204 1.460 1.836 2.039 2.172 2.279 2.403 2.490 2.534 2.580 2.559 2.483 2.387 2.294 2.245 2.245 0.000 
5.500 31.620 -0.370 -0.163 0.052 0.220 0.430 0.716 0.912 1.116 1.376 1.751 1.953 2.084 2.188 2.309 2.394 2.436 2.481 2.457 2.382 2.283 2.187 2.127 2.127 0.000 
5.500 39.810 -0.443 -0.241 -0.030 0.134 0.342 0.623 0.816 1.020 1.281 1.652 1.852 1.979 2.079 2.197 2.279 2.318 2.362 2.334 2.260 2.158 2.061 1.993 1.993 0.000 
5.500 50.120 -0.525 -0.328 -0.120 0.041 0.245 0.521 0.712 0.913 1.174 1.539 1.735 1.859 1.954 2.068 2.146 2.181 2.222 2.192 2.119 2.016 1.918 1.844 1.844 0.000 
5.500 63.100 -0.616 -0.425 -0.220 -0.063 0.138 0.409 0.597 0.797 1.055 1.413 1.604 1.724 1.813 1.923 1.996 2.027 2.066 2.031 1.960 1.856 1.759 1.681 1.681 0.000 
5.500 79.430 -0.718 -0.532 -0.331 -0.177 0.020 0.285 0.471 0.668 0.924 1.272 1.458 1.574 1.658 1.764 1.831 1.858 1.894 1.855 1.786 1.681 1.587 1.508 1.508 0.000 
5.500 100.000 -0.833 -0.652 -0.455 -0.305 -0.111 0.149 0.332 0.525 0.777 1.116 1.296 1.409 1.489 1.591 1.654 1.676 1.710 1.666 1.600 1.494 1.403 1.324 1.324 0.000 
5.500 125.890 -0.964 -0.788 -0.595 -0.449 -0.259 -0.005 0.176 0.366 0.613 0.941 1.117 1.229 1.304 1.404 1.463 1.481 1.513 1.466 1.402 1.296 1.208 1.132 1.132 0.000 
5.500 158.490 -1.114 -0.944 -0.755 -0.612 -0.426 -0.177 0.000 0.187 0.429 0.747 0.918 1.030 1.104 1.203 1.260 1.275 1.306 1.255 1.195 1.089 1.005 0.931 0.931 0.000 
5.500 199.530 -1.288 -1.124 -0.939 -0.800 -0.617 -0.375 -0.200 -0.017 0.220 0.527 0.696 0.811 0.884 0.986 1.044 1.057 1.089 1.036 0.979 0.873 0.793 0.723 0.723 0.000 
5.500 251.190 -1.493 -1.334 -1.153 -1.017 -0.839 -0.602 -0.430 -0.251 -0.020 0.278 0.445 0.567 0.642 0.751 0.813 0.825 0.860 0.806 0.754 0.648 0.573 0.507 0.507 0.000 
5.500 316.230 -1.735 -1.582 -1.404 -1.273 -1.099 -0.867 -0.699 -0.523 -0.297 -0.008 0.160 0.292 0.372 0.494 0.563 0.578 0.618 0.566 0.520 0.413 0.343 0.281 0.281 0.000 
5.500 398.110 -2.024 -1.877 -1.703 -1.576 -1.405 -1.180 -1.014 -0.842 -0.622 -0.341 -0.169 -0.020 0.070 0.210 0.293 0.312 0.361 0.314 0.275 0.168 0.103 0.046 0.046 0.000 
5.500 501.190 -2.372 -2.232 -2.061 -1.938 -1.771 -1.552 -1.389 -1.221 -1.007 -0.731 -0.553 -0.379 -0.274 -0.108 -0.003 0.024 0.087 0.048 0.018 -0.089 -0.150 -0.202 -0.202 0.000 
5.500 630.960 -2.795 -2.660 -2.494 -2.375 -2.212 -1.998 -1.839 -1.674 -1.466 -1.194 -1.004 -0.797 -0.670 -0.466 -0.331 -0.292 -0.210 -0.236 -0.255 -0.361 -0.417 -0.465 -0.465 0.000 
5.500 794.330 -3.311 -3.183 -3.020 -2.905 -2.746 -2.538 -2.382 -2.221 -2.019 -1.747 -1.540 -1.288 -1.130 -0.877 -0.700 -0.642 -0.533 -0.541 -0.545 -0.652 -0.703 -0.745 -0.745 0.000 
5.500 1000.000 -3.945 -3.823 -3.664 -3.553 -3.398 -3.196 -3.042 -2.886 -2.690 -2.415 -2.182 -1.871 -1.672 -1.352 -1.118 -1.034 -0.890 -0.872 -0.858 -0.965 -1.011 -1.049 -1.049 0.000 
5.750 1.000 0.308 0.551 0.789 0.981 1.211 1.520 1.726 1.878 2.002 2.246 2.385 2.488 2.586 2.697 2.772 2.829 2.897 2.935 2.917 2.875 2.830 2.902 2.902 0.000 
5.750 1.260 0.301 0.543 0.781 0.972 1.202 1.510 1.716 1.869 1.996 2.243 2.383 2.486 2.584 2.695 2.769 2.825 2.892 2.928 2.908 2.865 2.820 2.889 2.889 0.000 
5.750 1.580 0.292 0.533 0.770 0.961 1.191 1.498 1.703 1.857 1.988 2.238 2.380 2.484 2.581 2.692 2.766 2.821 2.886 2.919 2.898 2.853 2.807 2.875 2.875 0.000 
5.750 2.000 0.281 0.521 0.758 0.948 1.177 1.483 1.687 1.843 1.978 2.233 2.376 2.481 2.579 2.689 2.762 2.816 2.879 2.909 2.885 2.839 2.792 2.857 2.857 0.000 
5.750 2.510 0.267 0.506 0.742 0.931 1.159 1.465 1.668 1.826 1.966 2.227 2.373 2.479 2.576 2.686 2.758 2.810 2.871 2.898 2.871 2.823 2.774 2.836 2.836 0.000 
5.750 3.160 0.251 0.489 0.724 0.912 1.139 1.443 1.646 1.806 1.952 2.219 2.368 2.475 2.573 2.683 2.753 2.804 2.863 2.886 2.855 2.804 2.753 2.812 2.812 0.000 
5.750 3.980 0.232 0.468 0.702 0.889 1.115 1.417 1.619 1.782 1.936 2.210 2.363 2.472 2.569 2.679 2.749 2.798 2.854 2.872 2.837 2.782 2.730 2.784 2.784 0.000 
5.750 5.010 0.209 0.443 0.675 0.861 1.086 1.386 1.587 1.753 1.916 2.200 2.357 2.467 2.565 2.675 2.744 2.791 2.844 2.857 2.817 2.759 2.704 2.751 2.751 0.000 
5.750 6.310 0.182 0.414 0.645 0.829 1.052 1.350 1.550 1.719 1.893 2.187 2.349 2.461 2.559 2.670 2.739 2.784 2.834 2.841 2.794 2.732 2.674 2.714 2.714 0.000 
5.750 7.940 0.151 0.380 0.609 0.792 1.013 1.308 1.507 1.680 1.865 2.170 2.338 2.452 2.551 2.662 2.732 2.775 2.822 2.822 2.770 2.703 2.641 2.672 2.672 0.000 
5.750 10.000 0.115 0.341 0.569 0.749 0.968 1.260 1.458 1.635 1.831 2.148 2.322 2.439 2.538 2.650 2.720 2.762 2.807 2.801 2.742 2.670 2.603 2.623 2.623 0.000 
5.750 12.590 0.074 0.297 0.522 0.701 0.918 1.207 1.402 1.584 1.792 2.119 2.299 2.418 2.518 2.631 2.703 2.743 2.785 2.774 2.709 2.631 2.560 2.568 2.568 0.000 
5.750 15.850 0.028 0.248 0.470 0.646 0.861 1.146 1.340 1.525 1.744 2.082 2.266 2.387 2.487 2.601 2.674 2.713 2.755 2.738 2.668 2.584 2.508 2.502 2.502 0.000 
5.750 19.950 -0.023 0.192 0.412 0.585 0.797 1.079 1.270 1.458 1.687 2.032 2.220 2.342 2.443 2.557 2.632 2.670 2.710 2.689 2.616 2.527 2.445 2.425 2.425 0.000 
5.750 25.120 -0.080 0.130 0.348 0.518 0.727 1.004 1.194 1.384 1.620 1.970 2.160 2.283 2.382 2.496 2.571 2.609 2.649 2.623 2.548 2.455 2.368 2.334 2.334 0.000 
5.750 31.620 -0.144 0.062 0.276 0.443 0.650 0.922 1.109 1.301 1.542 1.895 2.085 2.206 2.303 2.416 2.491 2.527 2.567 2.538 2.462 2.365 2.275 2.228 2.228 0.000 
5.750 39.810 -0.215 -0.014 0.197 0.361 0.564 0.832 1.017 1.208 1.453 1.804 1.993 2.112 2.206 2.317 2.390 2.424 2.463 2.431 2.356 2.256 2.163 2.105 2.105 0.000 
5.750 50.120 -0.294 -0.098 0.110 0.271 0.471 0.733 0.916 1.106 1.351 1.699 1.885 2.001 2.091 2.199 2.270 2.301 2.338 2.304 2.230 2.127 2.033 1.967 1.967 0.000 
5.750 63.100 -0.382 -0.191 0.013 0.171 0.367 0.624 0.804 0.993 1.238 1.579 1.761 1.874 1.960 2.064 2.131 2.159 2.194 2.156 2.084 1.980 1.886 1.814 1.814 0.000 
5.750 79.430 -0.481 -0.295 -0.095 0.059 0.252 0.504 0.681 0.868 1.110 1.443 1.621 1.731 1.812 1.913 1.976 2.000 2.033 1.991 1.921 1.816 1.724 1.649 1.649 0.000 
5.750 100.000 -0.594 -0.413 -0.216 -0.066 0.123 0.370 0.545 0.728 0.967 1.292 1.465 1.573 1.649 1.747 1.805 1.825 1.857 1.811 1.744 1.638 1.548 1.472 1.472 0.000 
5.750 125.890 -0.721 -0.546 -0.353 -0.207 -0.021 0.220 0.392 0.572 0.807 1.122 1.290 1.397 1.470 1.566 1.621 1.638 1.668 1.618 1.554 1.448 1.360 1.286 1.286 0.000 
5.750 158.490 -0.869 -0.699 -0.510 -0.367 -0.186 0.050 0.219 0.396 0.626 0.931 1.095 1.203 1.273 1.370 1.424 1.437 1.466 1.414 1.353 1.246 1.163 1.090 1.090 0.000 
5.750 199.530 -1.041 -0.877 -0.691 -0.552 -0.374 -0.145 0.022 0.195 0.420 0.715 0.876 0.987 1.057 1.157 1.212 1.223 1.253 1.199 1.142 1.035 0.956 0.886 0.886 0.000 
5.750 251.190 -1.242 -1.084 -0.902 -0.767 -0.593 -0.369 -0.206 -0.036 0.184 0.469 0.629 0.746 0.819 0.925 0.984 0.995 1.028 0.974 0.921 0.814 0.739 0.674 0.674 0.000 
5.750 316.230 -1.482 -1.329 -1.151 -1.020 -0.850 -0.632 -0.472 -0.306 -0.091 0.185 0.346 0.475 0.553 0.671 0.739 0.751 0.790 0.738 0.691 0.584 0.513 0.452 0.452 0.000 
5.750 398.110 -1.768 -1.622 -1.448 -1.321 -1.154 -0.942 -0.785 -0.622 -0.414 -0.145 0.020 0.166 0.253 0.390 0.471 0.489 0.537 0.489 0.449 0.342 0.276 0.219 0.219 0.000 
5.750 501.190 -2.114 -1.974 -1.803 -1.680 -1.518 -1.311 -1.157 -0.998 -0.796 -0.532 -0.360 -0.191 -0.088 0.076 0.178 0.204 0.266 0.226 0.195 0.088 0.027 -0.026 -0.026 0.000 
5.750 630.960 -2.534 -2.400 -2.233 -2.114 -1.956 -1.755 -1.604 -1.449 -1.252 -0.992 -0.808 -0.606 -0.481 -0.280 -0.147 -0.109 -0.028 -0.055 -0.075 -0.181 -0.238 -0.285 -0.285 0.000 
5.750 794.330 -3.048 -2.919 -2.757 -2.642 -2.487 -2.293 -2.144 -1.994 -1.802 -1.543 -1.342 -1.094 -0.939 -0.688 -0.513 -0.456 -0.348 -0.357 -0.362 -0.469 -0.520 -0.563 -0.563 0.000 
5.750 1000.000 -3.680 -3.557 -3.399 -3.287 -3.137 -2.948 -2.802 -2.656 -2.471 -2.208 -1.982 -1.675 -1.478 -1.160 -0.929 -0.846 -0.702 -0.685 -0.673 -0.780 -0.826 -0.864 -0.864 0.000 
6.000 1.000 0.496 0.736 0.973 1.163 1.388 1.682 1.879 2.017 2.119 2.333 2.455 2.546 2.634 2.734 2.799 2.851 2.915 2.951 2.937 2.897 2.857 2.936 2.936 0.000 
6.000 1.260 0.489 0.729 0.966 1.155 1.380 1.673 1.870 2.008 2.113 2.330 2.453 2.544 2.631 2.731 2.796 2.847 2.909 2.943 2.928 2.888 2.847 2.924 2.924 0.000 
6.000 1.580 0.481 0.720 0.956 1.145 1.369 1.662 1.858 1.998 2.105 2.325 2.450 2.541 2.629 2.728 2.792 2.842 2.903 2.935 2.918 2.876 2.835 2.910 2.910 0.000 
6.000 2.000 0.471 0.710 0.945 1.133 1.357 1.649 1.844 1.985 2.097 2.320 2.446 2.538 2.626 2.725 2.787 2.836 2.896 2.925 2.905 2.862 2.820 2.894 2.894 0.000 
6.000 2.510 0.459 0.696 0.931 1.119 1.341 1.632 1.827 1.970 2.086 2.314 2.443 2.535 2.622 2.721 2.783 2.830 2.888 2.913 2.891 2.846 2.803 2.874 2.874 0.000 
6.000 3.160 0.445 0.680 0.914 1.101 1.323 1.612 1.807 1.951 2.073 2.307 2.438 2.532 2.619 2.717 2.778 2.823 2.879 2.900 2.875 2.828 2.783 2.851 2.851 0.000 
6.000 3.980 0.427 0.661 0.894 1.080 1.301 1.589 1.782 1.929 2.058 2.299 2.433 2.528 2.615 2.713 2.772 2.816 2.869 2.886 2.856 2.806 2.760 2.824 2.824 0.000 
6.000 5.010 0.406 0.639 0.870 1.055 1.274 1.560 1.753 1.903 2.040 2.290 2.428 2.524 2.611 2.709 2.767 2.809 2.859 2.871 2.836 2.783 2.734 2.793 2.793 0.000 
6.000 6.310 0.382 0.612 0.842 1.025 1.243 1.527 1.719 1.872 2.019 2.278 2.421 2.519 2.607 2.705 2.762 2.801 2.848 2.854 2.814 2.757 2.706 2.758 2.758 0.000 
6.000 7.940 0.353 0.581 0.809 0.991 1.207 1.489 1.679 1.836 1.994 2.264 2.412 2.513 2.601 2.699 2.756 2.793 2.837 2.837 2.791 2.729 2.674 2.718 2.718 0.000 
6.000 10.000 0.320 0.545 0.772 0.951 1.166 1.444 1.633 1.795 1.964 2.246 2.400 2.503 2.592 2.691 2.749 2.784 2.824 2.817 2.764 2.697 2.639 2.673 2.673 0.000 
6.000 12.590 0.282 0.504 0.728 0.906 1.118 1.394 1.581 1.747 1.928 2.223 2.383 2.488 2.578 2.679 2.737 2.770 2.808 2.794 2.735 2.662 2.599 2.622 2.622 0.000 
6.000 15.850 0.239 0.458 0.680 0.855 1.065 1.337 1.522 1.692 1.886 2.192 2.358 2.466 2.556 2.658 2.717 2.750 2.785 2.766 2.700 2.622 2.553 2.564 2.564 0.000 
6.000 19.950 0.191 0.405 0.625 0.797 1.005 1.273 1.456 1.630 1.835 2.151 2.322 2.432 2.522 2.626 2.687 2.718 2.752 2.727 2.657 2.573 2.499 2.495 2.495 0.000 
6.000 25.120 0.136 0.347 0.563 0.733 0.938 1.202 1.383 1.560 1.774 2.098 2.273 2.384 2.474 2.578 2.641 2.671 2.705 2.676 2.602 2.512 2.433 2.415 2.415 0.000 
6.000 31.620 0.076 0.281 0.495 0.662 0.864 1.123 1.303 1.481 1.703 2.031 2.208 2.320 2.409 2.513 2.576 2.606 2.639 2.606 2.530 2.436 2.353 2.320 2.320 0.000 
6.000 39.810 0.008 0.209 0.419 0.583 0.782 1.036 1.214 1.393 1.620 1.950 2.127 2.237 2.324 2.427 2.491 2.519 2.553 2.516 2.440 2.342 2.255 2.210 2.210 0.000 
6.000 50.120 -0.068 0.128 0.335 0.496 0.691 0.941 1.115 1.294 1.524 1.853 2.028 2.137 2.221 2.322 2.385 2.411 2.444 2.405 2.330 2.229 2.140 2.083 2.083 0.000 
6.000 63.100 -0.154 0.037 0.241 0.398 0.590 0.835 1.007 1.185 1.416 1.740 1.913 2.020 2.100 2.199 2.259 2.283 2.314 2.272 2.199 2.096 2.006 1.941 1.941 0.000 
6.000 79.430 -0.250 -0.064 0.136 0.290 0.478 0.718 0.887 1.063 1.293 1.610 1.780 1.885 1.961 2.057 2.114 2.135 2.165 2.120 2.049 1.945 1.854 1.785 1.785 0.000 
6.000 100.000 -0.359 -0.179 0.018 0.168 0.353 0.587 0.754 0.928 1.154 1.464 1.629 1.732 1.805 1.899 1.953 1.970 1.999 1.951 1.882 1.777 1.688 1.617 1.617 0.000 
6.000 125.890 -0.485 -0.310 -0.116 0.030 0.211 0.440 0.604 0.775 0.998 1.299 1.460 1.562 1.632 1.724 1.776 1.790 1.818 1.767 1.701 1.595 1.509 1.437 1.437 0.000 
6.000 158.490 -0.629 -0.460 -0.270 -0.128 0.050 0.273 0.434 0.601 0.820 1.112 1.269 1.373 1.440 1.534 1.584 1.596 1.623 1.569 1.507 1.401 1.318 1.247 1.247 0.000 
6.000 199.530 -0.798 -0.635 -0.449 -0.310 -0.136 0.081 0.239 0.404 0.618 0.900 1.055 1.161 1.229 1.325 1.377 1.387 1.416 1.360 1.302 1.195 1.116 1.048 1.048 0.000 
6.000 251.190 -0.997 -0.839 -0.658 -0.523 -0.353 -0.141 0.014 0.175 0.384 0.657 0.811 0.924 0.994 1.098 1.154 1.164 1.196 1.140 1.086 0.979 0.904 0.839 0.839 0.000 
6.000 316.230 -1.234 -1.082 -0.904 -0.773 -0.607 -0.401 -0.249 -0.092 0.112 0.376 0.531 0.656 0.731 0.847 0.912 0.924 0.961 0.908 0.860 0.753 0.682 0.621 0.621 0.000 
6.000 398.110 -1.518 -1.372 -1.198 -1.071 -0.908 -0.708 -0.559 -0.406 -0.208 0.049 0.208 0.350 0.435 0.570 0.648 0.665 0.712 0.662 0.622 0.515 0.449 0.392 0.392 0.000 
6.000 501.190 -1.861 -1.721 -1.551 -1.427 -1.269 -1.075 -0.928 -0.779 -0.587 -0.335 -0.169 -0.004 0.097 0.258 0.358 0.383 0.443 0.403 0.371 0.264 0.203 0.150 0.150 0.000 
6.000 630.960 -2.279 -2.144 -1.978 -1.859 -1.705 -1.516 -1.373 -1.227 -1.041 -0.793 -0.615 -0.416 -0.294 -0.095 0.036 0.073 0.153 0.125 0.105 -0.002 -0.059 -0.107 -0.107 0.000 
6.000 794.330 -2.790 -2.662 -2.499 -2.384 -2.234 -2.051 -1.911 -1.769 -1.588 -1.341 -1.146 -0.902 -0.748 -0.500 -0.327 -0.271 -0.165 -0.174 -0.180 -0.287 -0.339 -0.382 -0.382 0.000 
6.000 1000.000 -3.419 -3.297 -3.138 -3.027 -2.880 -2.704 -2.566 -2.429 -2.254 -2.003 -1.783 -1.480 -1.285 -0.969 -0.740 -0.659 -0.516 -0.500 -0.488 -0.595 -0.642 -0.680 -0.680 0.000 
6.250 1.000 0.680 0.918 1.153 1.342 1.561 1.842 2.030 2.154 2.234 2.421 2.526 2.605 2.683 2.773 2.828 2.875 2.935 2.969 2.959 2.922 2.886 2.971 2.971 0.000 
6.250 1.260 0.674 0.912 1.147 1.335 1.554 1.834 2.021 2.146 2.229 2.417 2.523 2.602 2.680 2.770 2.824 2.870 2.929 2.961 2.950 2.912 2.877 2.960 2.960 0.000 
6.250 1.580 0.667 0.904 1.138 1.326 1.545 1.824 2.011 2.137 2.222 2.413 2.520 2.600 2.677 2.766 2.820 2.865 2.923 2.953 2.940 2.901 2.865 2.947 2.947 0.000 
6.250 2.000 0.658 0.894 1.128 1.315 1.533 1.811 1.999 2.125 2.214 2.408 2.517 2.596 2.674 2.762 2.815 2.858 2.915 2.942 2.928 2.888 2.851 2.932 2.932 0.000 
6.250 2.510 0.647 0.882 1.116 1.302 1.519 1.797 1.983 2.111 2.204 2.402 2.513 2.593 2.670 2.758 2.809 2.852 2.906 2.931 2.913 2.872 2.834 2.913 2.913 0.000 
6.250 3.160 0.634 0.868 1.100 1.286 1.503 1.779 1.965 2.094 2.192 2.395 2.508 2.589 2.666 2.753 2.803 2.844 2.897 2.917 2.897 2.853 2.815 2.891 2.891 0.000 
6.250 3.980 0.619 0.851 1.082 1.267 1.483 1.757 1.942 2.074 2.178 2.388 2.503 2.585 2.662 2.749 2.797 2.836 2.886 2.902 2.879 2.832 2.792 2.865 2.865 0.000 
6.250 5.010 0.600 0.830 1.061 1.244 1.459 1.731 1.916 2.050 2.162 2.378 2.498 2.581 2.657 2.744 2.791 2.828 2.875 2.886 2.858 2.809 2.767 2.835 2.835 0.000 
6.250 6.310 0.577 0.806 1.035 1.217 1.430 1.701 1.884 2.022 2.142 2.368 2.492 2.576 2.653 2.739 2.786 2.820 2.863 2.869 2.836 2.783 2.739 2.802 2.802 0.000 
6.250 7.940 0.551 0.777 1.005 1.185 1.397 1.665 1.848 1.989 2.120 2.356 2.484 2.571 2.648 2.735 2.780 2.811 2.852 2.851 2.812 2.755 2.707 2.764 2.764 0.000 
6.250 10.000 0.521 0.744 0.970 1.148 1.358 1.624 1.805 1.950 2.093 2.340 2.475 2.564 2.641 2.729 2.773 2.803 2.840 2.832 2.786 2.724 2.673 2.722 2.722 0.000 
6.250 12.590 0.485 0.706 0.930 1.106 1.314 1.577 1.756 1.906 2.061 2.321 2.462 2.553 2.632 2.720 2.765 2.792 2.826 2.812 2.759 2.691 2.636 2.674 2.674 0.000 
6.250 15.850 0.445 0.662 0.884 1.058 1.264 1.523 1.701 1.855 2.023 2.296 2.443 2.537 2.617 2.706 2.752 2.778 2.809 2.787 2.728 2.654 2.594 2.621 2.621 0.000 
6.250 19.950 0.400 0.613 0.832 1.004 1.207 1.463 1.639 1.797 1.977 2.262 2.415 2.513 2.593 2.684 2.731 2.756 2.785 2.757 2.691 2.612 2.546 2.559 2.559 0.000 
6.250 25.120 0.348 0.558 0.774 0.943 1.144 1.395 1.569 1.731 1.923 2.218 2.376 2.476 2.556 2.649 2.698 2.722 2.750 2.717 2.645 2.560 2.490 2.488 2.488 0.000 
6.250 31.620 0.290 0.495 0.709 0.875 1.073 1.320 1.492 1.657 1.858 2.161 2.322 2.423 2.504 2.597 2.649 2.672 2.699 2.662 2.587 2.497 2.421 2.404 2.404 0.000 
6.250 39.810 0.225 0.426 0.636 0.799 0.994 1.237 1.406 1.573 1.781 2.088 2.252 2.354 2.433 2.527 2.580 2.602 2.629 2.588 2.512 2.417 2.337 2.306 2.306 0.000 
6.250 50.120 0.152 0.348 0.555 0.715 0.906 1.144 1.311 1.479 1.692 2.000 2.164 2.265 2.343 2.436 2.490 2.511 2.538 2.494 2.418 2.320 2.236 2.192 2.192 0.000 
6.250 63.100 0.070 0.260 0.464 0.621 0.809 1.042 1.206 1.373 1.589 1.895 2.058 2.158 2.233 2.325 2.378 2.397 2.424 2.378 2.303 2.202 2.116 2.062 2.062 0.000 
6.250 79.430 -0.024 0.162 0.362 0.515 0.700 0.928 1.089 1.256 1.471 1.773 1.934 2.032 2.104 2.195 2.246 2.263 2.289 2.241 2.168 2.064 1.978 1.916 1.916 0.000 
6.250 100.000 -0.130 0.050 0.247 0.396 0.577 0.800 0.959 1.123 1.337 1.633 1.790 1.888 1.956 2.046 2.095 2.109 2.135 2.084 2.014 1.909 1.823 1.757 1.757 0.000 
6.250 125.890 -0.253 -0.078 0.115 0.261 0.438 0.655 0.812 0.973 1.185 1.472 1.627 1.724 1.790 1.879 1.926 1.938 1.964 1.910 1.843 1.737 1.652 1.584 1.584 0.000 
6.250 158.490 -0.395 -0.226 -0.036 0.106 0.280 0.491 0.645 0.803 1.011 1.290 1.441 1.540 1.604 1.694 1.741 1.751 1.777 1.721 1.657 1.551 1.469 1.401 1.401 0.000 
6.250 199.530 -0.561 -0.398 -0.212 -0.073 0.096 0.302 0.453 0.608 0.812 1.082 1.230 1.333 1.398 1.491 1.540 1.548 1.576 1.518 1.459 1.352 1.274 1.207 1.207 0.000 
6.250 251.190 -0.758 -0.600 -0.418 -0.283 -0.117 0.083 0.231 0.383 0.581 0.842 0.990 1.100 1.167 1.268 1.322 1.330 1.361 1.303 1.249 1.142 1.067 1.003 1.003 0.000 
6.250 316.230 -0.992 -0.840 -0.662 -0.531 -0.369 -0.175 -0.029 0.119 0.312 0.565 0.714 0.835 0.908 1.022 1.084 1.094 1.131 1.076 1.027 0.920 0.849 0.789 0.789 0.000 
6.250 398.110 -1.273 -1.127 -0.953 -0.826 -0.668 -0.479 -0.337 -0.192 -0.004 0.241 0.394 0.532 0.615 0.747 0.824 0.839 0.885 0.835 0.793 0.686 0.620 0.563 0.563 0.000 
6.250 501.190 -1.614 -1.474 -1.303 -1.180 -1.026 -0.843 -0.704 -0.563 -0.381 -0.141 0.020 0.182 0.280 0.439 0.537 0.560 0.620 0.578 0.546 0.439 0.377 0.325 0.325 0.000 
6.250 630.960 -2.029 -1.895 -1.728 -1.609 -1.459 -1.282 -1.146 -1.009 -0.832 -0.595 -0.423 -0.228 -0.107 0.089 0.217 0.254 0.333 0.304 0.283 0.175 0.119 0.071 0.071 0.000 
6.250 794.330 -2.538 -2.409 -2.247 -2.132 -1.985 -1.814 -1.681 -1.548 -1.377 -1.141 -0.951 -0.711 -0.560 -0.313 -0.143 -0.088 0.018 0.008 0.001 -0.106 -0.158 -0.202 -0.202 0.000 
6.250 1000.000 -3.164 -3.042 -2.883 -2.772 -2.629 -2.464 -2.334 -2.205 -2.040 -1.800 -1.586 -1.286 -1.093 -0.780 -0.553 -0.472 -0.331 -0.315 -0.304 -0.411 -0.458 -0.497 -0.497 0.000 
6.500 1.000 0.861 1.097 1.330 1.517 1.731 1.998 2.179 2.289 2.350 2.508 2.598 2.665 2.733 2.813 2.859 2.901 2.958 2.989 2.983 2.949 2.918 3.009 3.009 0.000 
6.500 1.260 0.856 1.091 1.324 1.511 1.725 1.991 2.171 2.282 2.345 2.505 2.595 2.662 2.731 2.810 2.855 2.896 2.952 2.982 2.975 2.940 2.908 2.999 2.999 0.000 
6.500 1.580 0.849 1.084 1.317 1.503 1.716 1.982 2.162 2.274 2.338 2.501 2.592 2.659 2.727 2.806 2.850 2.890 2.945 2.973 2.965 2.929 2.897 2.986 2.986 0.000 
6.500 2.000 0.841 1.075 1.307 1.493 1.706 1.971 2.151 2.264 2.331 2.496 2.588 2.656 2.723 2.802 2.845 2.884 2.937 2.963 2.953 2.915 2.883 2.971 2.971 0.000 
6.500 2.510 0.832 1.065 1.296 1.481 1.694 1.958 2.137 2.251 2.322 2.490 2.584 2.652 2.719 2.797 2.838 2.876 2.928 2.951 2.938 2.900 2.867 2.954 2.954 0.000 
6.500 3.160 0.820 1.052 1.283 1.467 1.679 1.942 2.120 2.236 2.311 2.483 2.579 2.647 2.714 2.791 2.832 2.868 2.917 2.937 2.922 2.882 2.848 2.933 2.933 0.000 
6.500 3.980 0.806 1.036 1.266 1.449 1.660 1.922 2.100 2.217 2.298 2.476 2.574 2.643 2.709 2.786 2.825 2.859 2.906 2.922 2.903 2.861 2.826 2.908 2.908 0.000 
6.500 5.010 0.789 1.017 1.246 1.429 1.638 1.899 2.075 2.195 2.282 2.467 2.568 2.638 2.704 2.780 2.817 2.849 2.893 2.905 2.882 2.837 2.801 2.879 2.879 0.000 
6.500 6.310 0.768 0.995 1.223 1.404 1.612 1.871 2.046 2.169 2.264 2.457 2.562 2.633 2.699 2.774 2.810 2.840 2.881 2.886 2.859 2.811 2.773 2.847 2.847 0.000 
6.500 7.940 0.744 0.969 1.195 1.375 1.582 1.838 2.013 2.139 2.243 2.445 2.555 2.628 2.694 2.769 2.803 2.830 2.868 2.867 2.835 2.783 2.742 2.810 2.810 0.000 
6.500 10.000 0.716 0.938 1.163 1.341 1.546 1.800 1.973 2.103 2.218 2.432 2.547 2.622 2.688 2.764 2.797 2.821 2.855 2.848 2.809 2.752 2.709 2.770 2.770 0.000 
6.500 12.590 0.684 0.903 1.126 1.302 1.505 1.756 1.928 2.062 2.189 2.415 2.536 2.614 2.681 2.757 2.790 2.812 2.842 2.827 2.781 2.720 2.672 2.725 2.725 0.000 
6.500 15.850 0.646 0.862 1.083 1.257 1.458 1.705 1.876 2.014 2.155 2.394 2.522 2.603 2.671 2.748 2.781 2.801 2.828 2.805 2.752 2.685 2.633 2.675 2.675 0.000 
6.500 19.950 0.603 0.816 1.034 1.205 1.404 1.648 1.817 1.960 2.115 2.367 2.501 2.585 2.654 2.733 2.767 2.785 2.809 2.780 2.720 2.646 2.589 2.619 2.619 0.000 
6.500 25.120 0.555 0.763 0.979 1.148 1.344 1.584 1.751 1.898 2.066 2.330 2.471 2.558 2.628 2.708 2.745 2.761 2.784 2.748 2.681 2.601 2.539 2.555 2.555 0.000 
6.500 31.620 0.500 0.704 0.917 1.083 1.276 1.512 1.677 1.828 2.007 2.282 2.428 2.517 2.588 2.670 2.709 2.725 2.746 2.705 2.634 2.548 2.480 2.480 2.480 0.000 
6.500 39.810 0.437 0.637 0.847 1.010 1.201 1.432 1.595 1.749 1.937 2.219 2.369 2.460 2.531 2.615 2.656 2.671 2.692 2.647 2.573 2.481 2.408 2.394 2.394 0.000 
6.500 50.120 0.367 0.563 0.769 0.929 1.117 1.343 1.503 1.659 1.854 2.141 2.292 2.384 2.455 2.539 2.582 2.597 2.618 2.570 2.494 2.398 2.321 2.292 2.292 0.000 
6.500 63.100 0.288 0.478 0.681 0.838 1.022 1.244 1.401 1.558 1.757 2.045 2.197 2.289 2.358 2.442 2.486 2.500 2.522 2.471 2.396 2.296 2.216 2.174 2.174 0.000 
6.500 79.430 0.197 0.382 0.582 0.735 0.916 1.133 1.288 1.444 1.645 1.930 2.081 2.174 2.240 2.325 2.368 2.381 2.403 2.350 2.277 2.174 2.092 2.040 2.040 0.000 
6.500 100.000 0.093 0.273 0.470 0.619 0.797 1.008 1.160 1.315 1.517 1.797 1.946 2.038 2.102 2.186 2.229 2.240 2.263 2.208 2.137 2.033 1.950 1.891 1.891 0.000 
6.500 125.890 -0.027 0.148 0.341 0.487 0.661 0.866 1.016 1.169 1.369 1.642 1.789 1.882 1.944 2.029 2.071 2.080 2.103 2.046 1.978 1.873 1.790 1.727 1.727 0.000 
6.500 158.490 -0.166 0.003 0.192 0.335 0.505 0.705 0.852 1.002 1.199 1.465 1.609 1.704 1.765 1.851 1.895 1.902 1.925 1.867 1.803 1.697 1.616 1.551 1.551 0.000 
6.500 199.530 -0.330 -0.166 0.019 0.158 0.324 0.519 0.663 0.810 1.003 1.261 1.403 1.502 1.564 1.655 1.700 1.706 1.732 1.673 1.612 1.506 1.428 1.364 1.364 0.000 
6.500 251.190 -0.523 -0.366 -0.184 -0.049 0.113 0.302 0.443 0.587 0.776 1.025 1.167 1.273 1.338 1.436 1.487 1.494 1.523 1.464 1.409 1.302 1.227 1.165 1.165 0.000 
6.500 316.230 -0.755 -0.603 -0.425 -0.294 -0.136 0.048 0.186 0.326 0.510 0.752 0.895 1.012 1.083 1.194 1.254 1.263 1.298 1.242 1.192 1.085 1.015 0.955 0.955 0.000 
6.500 398.110 -1.034 -0.888 -0.714 -0.587 -0.432 -0.254 -0.119 0.018 0.196 0.431 0.578 0.713 0.793 0.923 0.998 1.011 1.056 1.005 0.963 0.856 0.789 0.733 0.733 0.000 
6.500 501.190 -1.372 -1.232 -1.061 -0.938 -0.787 -0.616 -0.483 -0.351 -0.178 0.052 0.207 0.365 0.461 0.618 0.714 0.737 0.795 0.752 0.719 0.612 0.550 0.498 0.498 0.000 
6.500 630.960 -1.784 -1.650 -1.484 -1.365 -1.218 -1.052 -0.922 -0.793 -0.626 -0.400 -0.233 -0.041 0.077 0.271 0.398 0.433 0.511 0.481 0.460 0.352 0.295 0.247 0.247 0.000 
6.500 794.330 -2.291 -2.162 -2.000 -1.884 -1.741 -1.582 -1.455 -1.330 -1.169 -0.942 -0.758 -0.521 -0.372 -0.128 0.041 0.095 0.200 0.188 0.181 0.074 0.021 -0.022 -0.022 0.000 
6.500 1000.000 -2.915 -2.792 -2.634 -2.522 -2.383 -2.229 -2.106 -1.985 -1.829 -1.600 -1.391 -1.094 -0.903 -0.592 -0.367 -0.287 -0.146 -0.131 -0.121 -0.228 -0.276 -0.314 -0.314 0.000 
6.750 1.000 1.038 1.271 1.503 1.689 1.898 2.153 2.325 2.423 2.465 2.597 2.671 2.727 2.786 2.856 2.892 2.929 2.983 3.012 3.010 2.978 2.951 3.048 3.048 0.000 
6.750 1.260 1.033 1.266 1.498 1.683 1.892 2.146 2.318 2.417 2.460 2.594 2.669 2.724 2.783 2.853 2.888 2.924 2.977 3.005 3.002 2.969 2.942 3.039 3.039 0.000 
6.750 1.580 1.028 1.260 1.491 1.676 1.885 2.138 2.310 2.410 2.454 2.589 2.665 2.721 2.779 2.848 2.883 2.918 2.970 2.996 2.992 2.958 2.931 3.027 3.027 0.000 
6.750 2.000 1.021 1.252 1.483 1.667 1.876 2.128 2.300 2.400 2.447 2.585 2.661 2.717 2.775 2.844 2.877 2.912 2.962 2.986 2.980 2.946 2.918 3.013 3.013 0.000 
6.750 2.510 1.012 1.243 1.473 1.657 1.864 2.116 2.288 2.389 2.438 2.579 2.657 2.712 2.770 2.838 2.870 2.903 2.952 2.974 2.966 2.931 2.903 2.996 2.996 0.000 
6.750 3.160 1.001 1.231 1.461 1.644 1.851 2.102 2.272 2.375 2.428 2.572 2.651 2.707 2.765 2.832 2.863 2.894 2.941 2.960 2.950 2.913 2.884 2.976 2.976 0.000 
6.750 3.980 0.989 1.217 1.446 1.628 1.834 2.084 2.254 2.358 2.416 2.564 2.646 2.702 2.759 2.825 2.855 2.884 2.929 2.944 2.931 2.892 2.863 2.952 2.952 0.000 
6.750 5.010 0.973 1.200 1.428 1.609 1.814 2.062 2.232 2.338 2.401 2.555 2.639 2.696 2.753 2.818 2.846 2.873 2.915 2.926 2.909 2.868 2.838 2.925 2.925 0.000 
6.750 6.310 0.955 1.180 1.407 1.586 1.790 2.037 2.205 2.314 2.384 2.545 2.632 2.690 2.747 2.811 2.837 2.862 2.901 2.907 2.886 2.842 2.810 2.893 2.893 0.000 
6.750 7.940 0.933 1.156 1.381 1.560 1.762 2.007 2.174 2.285 2.365 2.534 2.625 2.684 2.741 2.805 2.829 2.851 2.886 2.886 2.860 2.813 2.779 2.858 2.858 0.000 
6.750 10.000 0.907 1.128 1.351 1.528 1.729 1.971 2.138 2.252 2.342 2.521 2.617 2.678 2.735 2.798 2.821 2.840 2.872 2.865 2.833 2.782 2.745 2.818 2.818 0.000 
6.750 12.590 0.877 1.095 1.317 1.492 1.691 1.930 2.095 2.214 2.315 2.507 2.608 2.672 2.728 2.792 2.814 2.830 2.858 2.844 2.805 2.749 2.709 2.775 2.775 0.000 
6.750 15.850 0.842 1.057 1.277 1.450 1.647 1.883 2.047 2.170 2.284 2.489 2.597 2.663 2.720 2.785 2.806 2.820 2.844 2.822 2.776 2.714 2.671 2.727 2.727 0.000 
6.750 19.950 0.802 1.013 1.231 1.402 1.597 1.829 1.991 2.119 2.247 2.466 2.581 2.651 2.709 2.775 2.796 2.808 2.828 2.799 2.745 2.678 2.629 2.675 2.675 0.000 
6.750 25.120 0.756 0.964 1.179 1.347 1.540 1.769 1.928 2.062 2.203 2.435 2.558 2.631 2.691 2.759 2.781 2.792 2.809 2.772 2.711 2.637 2.584 2.616 2.616 0.000 
6.750 31.620 0.704 0.908 1.120 1.285 1.475 1.700 1.858 1.995 2.150 2.395 2.524 2.601 2.661 2.732 2.757 2.766 2.782 2.738 2.671 2.591 2.532 2.550 2.550 0.000 
6.750 39.810 0.645 0.844 1.053 1.216 1.403 1.623 1.779 1.920 2.087 2.342 2.476 2.556 2.618 2.690 2.718 2.727 2.742 2.693 2.621 2.535 2.470 2.473 2.473 0.000 
6.750 50.120 0.577 0.772 0.978 1.138 1.322 1.538 1.691 1.835 2.011 2.273 2.411 2.493 2.555 2.630 2.661 2.669 2.684 2.632 2.557 2.465 2.396 2.383 2.383 0.000 
6.750 63.100 0.500 0.690 0.893 1.050 1.230 1.441 1.592 1.738 1.920 2.187 2.327 2.411 2.472 2.549 2.582 2.590 2.606 2.551 2.476 2.379 2.305 2.278 2.278 0.000 
6.750 79.430 0.413 0.597 0.797 0.950 1.127 1.333 1.482 1.628 1.815 2.081 2.222 2.307 2.368 2.445 2.480 2.488 2.505 2.448 2.373 2.273 2.196 2.156 2.156 0.000 
6.750 100.000 0.312 0.491 0.687 0.837 1.011 1.212 1.357 1.503 1.691 1.956 2.096 2.182 2.241 2.319 2.356 2.362 2.380 2.322 2.249 2.147 2.068 2.018 2.018 0.000 
6.750 125.890 0.194 0.369 0.561 0.707 0.878 1.073 1.216 1.360 1.548 1.808 1.947 2.034 2.092 2.172 2.209 2.215 2.234 2.174 2.105 2.000 1.921 1.865 1.865 0.000 
6.750 158.490 0.058 0.227 0.416 0.558 0.724 0.915 1.055 1.197 1.383 1.636 1.774 1.863 1.921 2.004 2.042 2.047 2.068 2.007 1.941 1.836 1.757 1.698 1.698 0.000 
6.750 199.530 -0.103 0.060 0.245 0.384 0.547 0.731 0.869 1.008 1.191 1.437 1.573 1.668 1.726 1.814 1.856 1.860 1.883 1.822 1.761 1.655 1.578 1.517 1.517 0.000 
6.750 251.190 -0.294 -0.137 0.045 0.180 0.339 0.517 0.652 0.788 0.967 1.206 1.342 1.444 1.506 1.602 1.649 1.654 1.682 1.621 1.565 1.458 1.385 1.324 1.324 0.000 
6.750 316.230 -0.523 -0.371 -0.194 -0.063 0.092 0.266 0.397 0.530 0.704 0.936 1.073 1.187 1.255 1.364 1.421 1.429 1.463 1.405 1.355 1.248 1.178 1.119 1.119 0.000 
6.750 398.110 -0.800 -0.653 -0.480 -0.353 -0.201 -0.034 0.095 0.224 0.393 0.618 0.760 0.891 0.970 1.098 1.169 1.182 1.226 1.174 1.131 1.023 0.957 0.902 0.902 0.000 
6.750 501.190 -1.135 -0.995 -0.825 -0.702 -0.554 -0.393 -0.267 -0.141 0.023 0.242 0.392 0.548 0.641 0.796 0.890 0.911 0.969 0.925 0.891 0.784 0.722 0.670 0.670 0.000 
6.750 630.960 -1.545 -1.411 -1.245 -1.125 -0.982 -0.826 -0.703 -0.582 -0.423 -0.206 -0.045 0.144 0.260 0.453 0.577 0.611 0.689 0.658 0.636 0.528 0.471 0.423 0.423 0.000 
6.750 794.330 -2.049 -1.920 -1.758 -1.643 -1.503 -1.353 -1.233 -1.116 -0.963 -0.746 -0.567 -0.333 -0.186 0.056 0.223 0.276 0.380 0.368 0.360 0.252 0.200 0.157 0.157 0.000 
6.750 1000.000 -2.670 -2.548 -2.389 -2.278 -2.142 -1.998 -1.881 -1.767 -1.621 -1.401 -1.197 -0.903 -0.714 -0.405 -0.182 -0.103 0.037 0.051 0.061 -0.047 -0.094 -0.133 -0.133 0.000 
7.000 1.000 1.212 1.443 1.673 1.857 2.061 2.304 2.470 2.556 2.579 2.686 2.746 2.791 2.841 2.901 2.929 2.961 3.011 3.038 3.039 3.009 2.987 3.090 3.090 0.000 
7.000 1.260 1.208 1.438 1.668 1.852 2.056 2.298 2.464 2.551 2.575 2.683 2.743 2.788 2.838 2.898 2.924 2.956 3.006 3.031 3.031 3.001 2.978 3.081 3.081 0.000 
7.000 1.580 1.203 1.433 1.662 1.845 2.049 2.291 2.456 2.544 2.569 2.679 2.740 2.784 2.834 2.893 2.919 2.950 2.999 3.023 3.022 2.991 2.968 3.070 3.070 0.000 
7.000 2.000 1.196 1.426 1.655 1.838 2.041 2.283 2.447 2.535 2.563 2.674 2.736 2.780 2.829 2.888 2.913 2.943 2.990 3.013 3.010 2.979 2.956 3.057 3.057 0.000 
7.000 2.510 1.189 1.417 1.646 1.828 2.031 2.272 2.436 2.525 2.555 2.668 2.731 2.775 2.824 2.882 2.905 2.934 2.980 3.000 2.997 2.964 2.941 3.041 3.041 0.000 
7.000 3.160 1.179 1.407 1.635 1.816 2.019 2.258 2.422 2.512 2.545 2.662 2.725 2.770 2.818 2.875 2.897 2.924 2.968 2.986 2.980 2.946 2.923 3.022 3.022 0.000 
7.000 3.980 1.168 1.394 1.621 1.802 2.004 2.242 2.406 2.497 2.533 2.654 2.719 2.763 2.811 2.868 2.888 2.913 2.955 2.970 2.962 2.926 2.902 2.999 2.999 0.000 
7.000 5.010 1.154 1.379 1.605 1.785 1.986 2.223 2.385 2.478 2.520 2.645 2.712 2.757 2.804 2.859 2.878 2.901 2.941 2.951 2.940 2.903 2.877 2.972 2.972 0.000 
7.000 6.310 1.137 1.360 1.586 1.764 1.964 2.199 2.361 2.456 2.504 2.634 2.704 2.750 2.796 2.851 2.867 2.888 2.925 2.931 2.916 2.876 2.850 2.942 2.942 0.000 
7.000 7.940 1.117 1.338 1.563 1.740 1.938 2.172 2.333 2.430 2.485 2.623 2.696 2.743 2.789 2.842 2.857 2.875 2.908 2.909 2.889 2.846 2.819 2.907 2.907 0.000 
7.000 10.000 1.093 1.313 1.535 1.711 1.908 2.139 2.299 2.399 2.463 2.610 2.688 2.736 2.782 2.835 2.847 2.862 2.892 2.886 2.861 2.815 2.785 2.869 2.869 0.000 
7.000 12.590 1.066 1.282 1.503 1.677 1.872 2.101 2.259 2.364 2.438 2.596 2.679 2.729 2.775 2.827 2.838 2.850 2.876 2.862 2.831 2.781 2.748 2.826 2.826 0.000 
7.000 15.850 1.033 1.247 1.466 1.638 1.831 2.057 2.214 2.322 2.410 2.580 2.668 2.721 2.767 2.820 2.830 2.839 2.860 2.839 2.801 2.745 2.710 2.780 2.780 0.000 
7.000 19.950 0.996 1.206 1.423 1.593 1.784 2.006 2.162 2.275 2.376 2.560 2.655 2.711 2.759 2.812 2.822 2.828 2.845 2.816 2.770 2.709 2.669 2.729 2.729 0.000 
7.000 25.120 0.952 1.159 1.374 1.541 1.730 1.949 2.102 2.221 2.336 2.534 2.637 2.697 2.746 2.801 2.811 2.815 2.829 2.792 2.738 2.670 2.625 2.675 2.675 0.000 
7.000 31.620 0.903 1.106 1.318 1.483 1.669 1.884 2.035 2.159 2.288 2.501 2.611 2.675 2.725 2.783 2.795 2.797 2.808 2.764 2.703 2.628 2.578 2.614 2.614 0.000 
7.000 39.810 0.846 1.045 1.254 1.416 1.600 1.810 1.960 2.087 2.231 2.456 2.573 2.641 2.693 2.753 2.768 2.770 2.779 2.728 2.661 2.580 2.524 2.545 2.545 0.000 
7.000 50.120 0.782 0.976 1.182 1.341 1.521 1.728 1.875 2.006 2.161 2.397 2.520 2.591 2.644 2.708 2.726 2.727 2.737 2.681 2.609 2.521 2.460 2.465 2.465 0.000 
7.000 63.100 0.708 0.897 1.100 1.256 1.433 1.635 1.779 1.914 2.078 2.321 2.448 2.522 2.576 2.642 2.664 2.666 2.676 2.616 2.542 2.449 2.383 2.372 2.372 0.000 
7.000 79.430 0.623 0.807 1.007 1.159 1.333 1.530 1.672 1.808 1.978 2.225 2.355 2.431 2.485 2.554 2.579 2.581 2.593 2.531 2.456 2.359 2.288 2.263 2.263 0.000 
7.000 100.000 0.525 0.704 0.900 1.049 1.220 1.411 1.551 1.686 1.861 2.108 2.239 2.318 2.372 2.443 2.471 2.473 2.486 2.423 2.350 2.249 2.175 2.138 2.138 0.000 
7.000 125.890 0.410 0.584 0.777 0.922 1.089 1.275 1.413 1.548 1.723 1.968 2.099 2.180 2.234 2.308 2.339 2.340 2.356 2.292 2.221 2.118 2.043 1.996 1.996 0.000 
7.000 158.490 0.276 0.445 0.634 0.776 0.939 1.120 1.254 1.388 1.563 1.803 1.933 2.018 2.072 2.150 2.184 2.185 2.203 2.139 2.072 1.967 1.891 1.839 1.839 0.000 
7.000 199.530 0.118 0.281 0.466 0.605 0.764 0.939 1.071 1.202 1.375 1.610 1.739 1.829 1.885 1.969 2.007 2.008 2.029 1.966 1.903 1.797 1.723 1.666 1.666 0.000 
7.000 251.190 -0.071 0.087 0.268 0.403 0.559 0.728 0.857 0.985 1.155 1.383 1.513 1.611 1.671 1.763 1.808 1.811 1.836 1.774 1.717 1.610 1.538 1.480 1.480 0.000 
7.000 316.230 -0.297 -0.145 0.032 0.163 0.315 0.479 0.605 0.730 0.896 1.117 1.249 1.360 1.425 1.532 1.586 1.592 1.624 1.565 1.514 1.407 1.338 1.281 1.281 0.000 
7.000 398.110 -0.571 -0.425 -0.251 -0.124 0.024 0.182 0.305 0.427 0.588 0.803 0.940 1.068 1.144 1.270 1.339 1.351 1.393 1.340 1.296 1.188 1.123 1.068 1.068 0.000 
7.000 501.190 -0.904 -0.763 -0.594 -0.470 -0.326 -0.174 -0.054 0.064 0.220 0.431 0.575 0.728 0.819 0.972 1.064 1.084 1.141 1.096 1.062 0.954 0.892 0.841 0.841 0.000 
7.000 630.960 -1.311 -1.177 -1.011 -0.891 -0.751 -0.605 -0.487 -0.373 -0.223 -0.015 0.141 0.328 0.442 0.632 0.755 0.788 0.864 0.833 0.810 0.702 0.645 0.597 0.597 0.000 
7.000 794.330 -1.812 -1.684 -1.522 -1.406 -1.270 -1.129 -1.015 -0.904 -0.760 -0.552 -0.378 -0.147 -0.001 0.239 0.404 0.456 0.559 0.547 0.538 0.430 0.378 0.334 0.334 0.000 
7.000 1000.000 -2.431 -2.309 -2.150 -2.039 -1.906 -1.772 -1.660 -1.554 -1.415 -1.204 -1.005 -0.714 -0.527 -0.219 0.002 0.080 0.220 0.233 0.242 0.134 0.087 0.048 0.048 0.000 
7.250 1.000 1.382 1.611 1.839 2.021 2.222 2.453 2.612 2.688 2.693 2.777 2.823 2.857 2.898 2.949 2.968 2.996 3.043 3.067 3.071 3.044 3.025 3.134 3.134 0.000 
7.250 1.260 1.379 1.607 1.835 2.017 2.217 2.448 2.607 2.683 2.689 2.773 2.820 2.853 2.895 2.946 2.963 2.990 3.037 3.060 3.064 3.036 3.017 3.125 3.125 0.000 
7.250 1.580 1.374 1.602 1.830 2.011 2.211 2.442 2.600 2.676 2.684 2.769 2.816 2.850 2.891 2.941 2.958 2.984 3.030 3.052 3.055 3.026 3.007 3.115 3.115 0.000 
7.250 2.000 1.368 1.595 1.823 2.004 2.204 2.434 2.592 2.669 2.678 2.765 2.812 2.845 2.886 2.936 2.951 2.977 3.021 3.042 3.044 3.014 2.995 3.103 3.103 0.000 
7.250 2.510 1.362 1.588 1.815 1.996 2.195 2.424 2.582 2.659 2.671 2.759 2.807 2.840 2.880 2.929 2.944 2.968 3.011 3.030 3.030 3.000 2.981 3.088 3.088 0.000 
7.250 3.160 1.353 1.578 1.805 1.985 2.184 2.412 2.570 2.648 2.661 2.752 2.801 2.834 2.874 2.922 2.935 2.958 2.999 3.016 3.014 2.983 2.964 3.069 3.069 0.000 
7.250 3.980 1.343 1.567 1.793 1.972 2.170 2.398 2.554 2.634 2.651 2.744 2.794 2.827 2.866 2.913 2.925 2.946 2.986 2.999 2.996 2.963 2.943 3.048 3.048 0.000 
7.250 5.010 1.330 1.553 1.778 1.957 2.154 2.380 2.536 2.617 2.638 2.735 2.786 2.820 2.858 2.904 2.913 2.933 2.970 2.980 2.974 2.940 2.920 3.022 3.022 0.000 
7.250 6.310 1.315 1.537 1.761 1.938 2.134 2.359 2.514 2.596 2.622 2.724 2.778 2.811 2.849 2.894 2.901 2.918 2.953 2.958 2.949 2.913 2.892 2.993 2.993 0.000 
7.250 7.940 1.297 1.516 1.739 1.916 2.110 2.333 2.488 2.572 2.604 2.712 2.769 2.803 2.840 2.883 2.889 2.903 2.934 2.935 2.922 2.883 2.861 2.959 2.959 0.000 
7.250 10.000 1.275 1.493 1.714 1.889 2.082 2.303 2.457 2.544 2.584 2.699 2.759 2.794 2.831 2.873 2.877 2.888 2.916 2.910 2.892 2.851 2.827 2.921 2.921 0.000 
7.250 12.590 1.249 1.465 1.685 1.858 2.049 2.268 2.420 2.510 2.560 2.685 2.749 2.786 2.822 2.864 2.865 2.873 2.897 2.885 2.861 2.816 2.790 2.879 2.879 0.000 
7.250 15.850 1.219 1.432 1.650 1.821 2.011 2.227 2.377 2.472 2.533 2.669 2.739 2.778 2.814 2.856 2.855 2.860 2.879 2.859 2.829 2.779 2.751 2.833 2.833 0.000 
7.250 19.950 1.184 1.394 1.610 1.779 1.967 2.179 2.328 2.427 2.501 2.651 2.727 2.769 2.805 2.847 2.846 2.847 2.862 2.834 2.797 2.741 2.709 2.784 2.784 0.000 
7.250 25.120 1.144 1.350 1.563 1.730 1.916 2.125 2.272 2.376 2.464 2.628 2.712 2.757 2.795 2.838 2.836 2.835 2.846 2.810 2.764 2.702 2.666 2.731 2.731 0.000 
7.250 31.620 1.097 1.299 1.510 1.675 1.857 2.063 2.209 2.318 2.421 2.600 2.691 2.741 2.780 2.826 2.825 2.821 2.829 2.784 2.730 2.662 2.621 2.674 2.674 0.000 
7.250 39.810 1.043 1.241 1.450 1.611 1.791 1.993 2.136 2.250 2.368 2.562 2.662 2.716 2.757 2.806 2.807 2.802 2.807 2.755 2.694 2.618 2.572 2.611 2.611 0.000 
7.250 50.120 0.981 1.175 1.380 1.539 1.716 1.913 2.055 2.173 2.305 2.512 2.619 2.678 2.721 2.773 2.777 2.772 2.776 2.718 2.650 2.568 2.516 2.540 2.540 0.000 
7.250 63.100 0.910 1.099 1.301 1.457 1.631 1.823 1.963 2.085 2.228 2.446 2.558 2.622 2.667 2.723 2.732 2.726 2.730 2.668 2.596 2.508 2.450 2.457 2.457 0.000 
7.250 79.430 0.828 1.012 1.211 1.363 1.534 1.722 1.858 1.983 2.136 2.361 2.478 2.545 2.591 2.651 2.665 2.660 2.665 2.600 2.526 2.433 2.369 2.361 2.361 0.000 
7.250 100.000 0.732 0.911 1.107 1.256 1.424 1.606 1.740 1.866 2.025 2.254 2.373 2.444 2.492 2.556 2.574 2.570 2.578 2.511 2.437 2.339 2.271 2.249 2.249 0.000 
7.250 125.890 0.621 0.794 0.987 1.132 1.296 1.473 1.605 1.731 1.894 2.122 2.244 2.319 2.367 2.435 2.458 2.455 2.465 2.397 2.326 2.225 2.154 2.119 2.119 0.000 
7.250 158.490 0.489 0.658 0.846 0.988 1.149 1.321 1.449 1.575 1.738 1.965 2.087 2.167 2.217 2.289 2.316 2.314 2.328 2.261 2.192 2.089 2.017 1.973 1.973 0.000 
7.250 199.530 0.334 0.497 0.682 0.820 0.977 1.143 1.269 1.393 1.555 1.778 1.901 1.986 2.039 2.118 2.151 2.150 2.168 2.101 2.037 1.932 1.860 1.811 1.811 0.000 
7.250 251.190 0.148 0.305 0.486 0.621 0.774 0.935 1.058 1.179 1.340 1.557 1.681 1.775 1.832 1.921 1.961 1.962 1.985 1.921 1.862 1.756 1.686 1.633 1.633 0.000 
7.250 316.230 -0.076 0.076 0.253 0.384 0.533 0.688 0.809 0.927 1.084 1.295 1.422 1.529 1.592 1.696 1.747 1.751 1.782 1.721 1.669 1.562 1.494 1.440 1.440 0.000 
7.250 398.110 -0.347 -0.201 -0.028 0.099 0.245 0.394 0.512 0.627 0.780 0.985 1.117 1.242 1.316 1.439 1.506 1.516 1.557 1.502 1.458 1.350 1.286 1.233 1.233 0.000 
7.250 501.190 -0.678 -0.537 -0.368 -0.244 -0.103 0.041 0.155 0.267 0.415 0.616 0.756 0.906 0.996 1.146 1.236 1.255 1.310 1.264 1.229 1.122 1.060 1.010 1.010 0.000 
7.250 630.960 -1.082 -0.948 -0.782 -0.663 -0.525 -0.388 -0.276 -0.168 -0.025 0.174 0.326 0.509 0.622 0.810 0.931 0.963 1.038 1.006 0.982 0.874 0.817 0.770 0.770 0.000 
7.250 794.330 -1.581 -1.453 -1.290 -1.175 -1.041 -0.910 -0.801 -0.697 -0.559 -0.360 -0.190 0.038 0.182 0.420 0.584 0.635 0.737 0.724 0.714 0.606 0.554 0.511 0.511 0.000 
7.250 1000.000 -2.197 -2.075 -1.917 -1.805 -1.675 -1.549 -1.444 -1.343 -1.212 -1.009 -0.814 -0.526 -0.341 -0.035 0.185 0.262 0.401 0.413 0.422 0.314 0.266 0.228 0.228 0.000 
7.500 1.000 1.549 1.775 2.002 2.183 2.379 2.600 2.753 2.818 2.807 2.868 2.901 2.925 2.958 3.000 3.010 3.033 3.077 3.099 3.106 3.080 3.066 3.180 3.180 0.000 
7.500 1.260 1.546 1.772 1.998 2.178 2.374 2.596 2.748 2.813 2.804 2.865 2.898 2.922 2.955 2.996 3.006 3.028 3.072 3.093 3.099 3.073 3.058 3.172 3.172 0.000 
7.500 1.580 1.542 1.767 1.994 2.173 2.369 2.590 2.742 2.808 2.799 2.861 2.894 2.918 2.950 2.992 3.000 3.022 3.065 3.085 3.091 3.064 3.049 3.162 3.162 0.000 
7.500 2.000 1.537 1.762 1.988 2.167 2.363 2.583 2.735 2.801 2.793 2.856 2.890 2.913 2.945 2.986 2.993 3.015 3.056 3.075 3.080 3.053 3.038 3.151 3.151 0.000 
7.500 2.510 1.531 1.755 1.981 2.160 2.354 2.574 2.726 2.792 2.786 2.851 2.885 2.908 2.939 2.979 2.986 3.006 3.046 3.063 3.067 3.039 3.024 3.137 3.137 0.000 
7.500 3.160 1.523 1.746 1.972 2.150 2.344 2.563 2.714 2.782 2.778 2.844 2.878 2.901 2.932 2.971 2.976 2.995 3.034 3.049 3.051 3.023 3.008 3.119 3.119 0.000 
7.500 3.980 1.514 1.736 1.961 2.139 2.332 2.550 2.701 2.769 2.767 2.836 2.871 2.894 2.924 2.962 2.965 2.983 3.020 3.032 3.033 3.003 2.988 3.099 3.099 0.000 
7.500 5.010 1.503 1.724 1.947 2.124 2.317 2.534 2.684 2.753 2.755 2.826 2.863 2.885 2.915 2.952 2.953 2.969 3.004 3.013 3.012 2.980 2.965 3.074 3.074 0.000 
7.500 6.310 1.489 1.708 1.931 2.107 2.299 2.514 2.664 2.734 2.740 2.815 2.853 2.876 2.905 2.940 2.940 2.953 2.985 2.991 2.987 2.954 2.938 3.046 3.046 0.000 
7.500 7.940 1.472 1.690 1.912 2.087 2.278 2.491 2.640 2.712 2.723 2.803 2.843 2.866 2.894 2.928 2.925 2.936 2.965 2.966 2.959 2.924 2.907 3.013 3.013 0.000 
7.500 10.000 1.452 1.668 1.889 2.062 2.252 2.463 2.611 2.685 2.703 2.789 2.832 2.856 2.883 2.916 2.911 2.918 2.944 2.940 2.928 2.891 2.873 2.976 2.976 0.000 
7.500 12.590 1.429 1.642 1.861 2.033 2.221 2.431 2.577 2.654 2.680 2.774 2.821 2.845 2.872 2.904 2.896 2.901 2.923 2.912 2.895 2.855 2.835 2.934 2.934 0.000 
7.500 15.850 1.401 1.612 1.829 2.000 2.186 2.392 2.538 2.618 2.654 2.758 2.809 2.835 2.862 2.893 2.883 2.884 2.901 2.883 2.861 2.816 2.795 2.889 2.889 0.000 
7.500 19.950 1.368 1.576 1.792 1.960 2.144 2.348 2.492 2.576 2.624 2.740 2.797 2.825 2.852 2.883 2.871 2.869 2.882 2.855 2.826 2.777 2.752 2.840 2.840 0.000 
7.500 25.120 1.330 1.535 1.748 1.914 2.096 2.297 2.439 2.528 2.590 2.719 2.783 2.815 2.842 2.874 2.860 2.855 2.863 2.829 2.792 2.737 2.709 2.788 2.788 0.000 
7.500 31.620 1.286 1.487 1.698 1.862 2.041 2.238 2.378 2.473 2.549 2.694 2.766 2.802 2.830 2.863 2.850 2.842 2.846 2.803 2.757 2.696 2.664 2.732 2.732 0.000 
7.500 39.810 1.235 1.432 1.640 1.801 1.978 2.171 2.309 2.409 2.501 2.662 2.742 2.783 2.813 2.849 2.837 2.827 2.828 2.776 2.722 2.654 2.617 2.673 2.673 0.000 
7.500 50.120 1.176 1.369 1.574 1.732 1.906 2.095 2.231 2.336 2.443 2.619 2.708 2.754 2.786 2.826 2.817 2.806 2.805 2.745 2.684 2.609 2.566 2.608 2.608 0.000 
7.500 63.100 1.107 1.296 1.498 1.653 1.824 2.008 2.142 2.252 2.373 2.562 2.658 2.710 2.745 2.789 2.785 2.773 2.772 2.706 2.639 2.557 2.508 2.534 2.534 0.000 
7.500 79.430 1.028 1.211 1.410 1.562 1.730 1.909 2.041 2.154 2.287 2.487 2.590 2.647 2.685 2.734 2.735 2.724 2.723 2.654 2.583 2.494 2.439 2.449 2.449 0.000 
7.500 100.000 0.935 1.113 1.309 1.458 1.622 1.796 1.925 2.041 2.183 2.391 2.498 2.560 2.601 2.655 2.662 2.652 2.654 2.583 2.510 2.416 2.356 2.349 2.349 0.000 
7.500 125.890 0.826 0.999 1.191 1.337 1.498 1.667 1.793 1.910 2.058 2.269 2.381 2.448 2.491 2.551 2.564 2.555 2.560 2.489 2.417 2.318 2.254 2.233 2.233 0.000 
7.500 158.490 0.697 0.865 1.054 1.196 1.353 1.517 1.641 1.758 1.909 2.121 2.235 2.308 2.353 2.419 2.439 2.432 2.441 2.370 2.301 2.199 2.132 2.100 2.100 0.000 
7.500 199.530 0.544 0.707 0.892 1.030 1.184 1.342 1.463 1.579 1.731 1.941 2.057 2.137 2.186 2.260 2.287 2.282 2.296 2.227 2.162 2.058 1.990 1.948 1.948 0.000 
7.500 251.190 0.361 0.518 0.699 0.834 0.984 1.137 1.255 1.369 1.520 1.726 1.844 1.934 1.988 2.073 2.109 2.107 2.127 2.060 2.000 1.895 1.827 1.780 1.780 0.000 
7.500 316.230 0.140 0.291 0.469 0.599 0.746 0.893 1.008 1.120 1.269 1.470 1.592 1.695 1.755 1.856 1.903 1.906 1.934 1.871 1.818 1.711 1.645 1.595 1.595 0.000 
7.500 398.110 -0.129 0.017 0.191 0.317 0.460 0.602 0.714 0.823 0.968 1.165 1.292 1.413 1.485 1.606 1.670 1.678 1.718 1.661 1.616 1.509 1.445 1.395 1.395 0.000 
7.500 501.190 -0.457 -0.317 -0.147 -0.024 0.115 0.251 0.360 0.466 0.606 0.800 0.935 1.082 1.169 1.318 1.405 1.423 1.477 1.430 1.394 1.287 1.226 1.177 1.177 0.000 
7.500 630.960 -0.859 -0.725 -0.559 -0.440 -0.305 -0.175 -0.068 0.034 0.169 0.360 0.508 0.689 0.799 0.986 1.105 1.136 1.210 1.177 1.153 1.045 0.988 0.942 0.942 0.000 
7.500 794.330 -1.355 -1.227 -1.065 -0.949 -0.818 -0.694 -0.590 -0.492 -0.362 -0.171 -0.005 0.221 0.363 0.600 0.761 0.812 0.913 0.899 0.889 0.781 0.729 0.686 0.686 0.000 
7.500 1000.000 -1.969 -1.846 -1.688 -1.577 -1.450 -1.332 -1.231 -1.136 -1.012 -0.817 -0.626 -0.340 -0.156 0.148 0.367 0.443 0.581 0.593 0.601 0.493 0.445 0.406 0.406 0.000 
7.750 1.000 1.615 1.839 2.064 2.243 2.435 2.647 2.794 2.854 2.838 2.891 2.918 2.936 2.964 3.000 3.003 3.022 3.061 3.077 3.082 3.055 3.041 3.155 3.155 0.000 
7.750 1.260 1.612 1.835 2.061 2.239 2.431 2.643 2.789 2.849 2.835 2.888 2.915 2.933 2.961 2.997 2.999 3.017 3.056 3.072 3.076 3.048 3.035 3.148 3.148 0.000 
7.750 1.580 1.609 1.831 2.056 2.235 2.426 2.638 2.784 2.844 2.831 2.885 2.912 2.930 2.958 2.993 2.995 3.012 3.050 3.065 3.068 3.040 3.027 3.140 3.140 0.000 
7.750 2.000 1.604 1.826 2.051 2.229 2.420 2.631 2.777 2.838 2.826 2.880 2.909 2.926 2.954 2.988 2.989 3.006 3.043 3.056 3.059 3.031 3.017 3.130 3.130 0.000 
7.750 2.510 1.599 1.820 2.045 2.222 2.413 2.623 2.769 2.830 2.819 2.875 2.904 2.922 2.948 2.982 2.982 2.998 3.034 3.046 3.048 3.019 3.004 3.117 3.117 0.000 
7.750 3.160 1.592 1.813 2.037 2.214 2.404 2.614 2.759 2.821 2.812 2.869 2.899 2.916 2.942 2.976 2.974 2.989 3.023 3.033 3.034 3.004 2.990 3.102 3.102 0.000 
7.750 3.980 1.584 1.804 2.027 2.203 2.393 2.602 2.747 2.809 2.802 2.862 2.892 2.910 2.935 2.968 2.965 2.978 3.011 3.018 3.018 2.987 2.972 3.083 3.083 0.000 
7.750 5.010 1.573 1.792 2.015 2.190 2.380 2.587 2.732 2.795 2.791 2.854 2.885 2.902 2.927 2.959 2.954 2.966 2.997 3.001 2.998 2.966 2.951 3.061 3.061 0.000 
7.750 6.310 1.561 1.779 2.000 2.175 2.363 2.569 2.713 2.778 2.778 2.844 2.877 2.894 2.918 2.949 2.942 2.952 2.980 2.981 2.976 2.943 2.927 3.035 3.035 0.000 
7.750 7.940 1.546 1.762 1.982 2.156 2.343 2.548 2.691 2.758 2.763 2.833 2.868 2.885 2.909 2.938 2.930 2.937 2.963 2.959 2.951 2.915 2.899 3.005 3.005 0.000 
7.750 10.000 1.528 1.742 1.961 2.134 2.320 2.522 2.665 2.733 2.744 2.821 2.858 2.876 2.899 2.927 2.916 2.921 2.943 2.935 2.923 2.885 2.868 2.971 2.971 0.000 
7.750 12.590 1.506 1.718 1.936 2.107 2.292 2.492 2.633 2.704 2.723 2.807 2.847 2.867 2.889 2.916 2.903 2.904 2.923 2.909 2.893 2.852 2.833 2.933 2.933 0.000 
7.750 15.850 1.480 1.690 1.906 2.075 2.258 2.457 2.596 2.671 2.699 2.792 2.836 2.857 2.879 2.906 2.890 2.889 2.904 2.883 2.861 2.816 2.795 2.891 2.891 0.000 
7.750 19.950 1.450 1.657 1.871 2.038 2.220 2.415 2.553 2.631 2.671 2.774 2.825 2.848 2.870 2.896 2.879 2.874 2.885 2.856 2.828 2.778 2.755 2.845 2.845 0.000 
7.750 25.120 1.414 1.618 1.830 1.995 2.174 2.367 2.504 2.586 2.638 2.755 2.811 2.838 2.860 2.887 2.869 2.861 2.867 2.831 2.794 2.740 2.714 2.795 2.795 0.000 
7.750 31.620 1.372 1.573 1.782 1.946 2.122 2.311 2.446 2.534 2.600 2.731 2.795 2.825 2.849 2.877 2.859 2.848 2.850 2.805 2.761 2.701 2.671 2.743 2.743 0.000 
7.750 39.810 1.324 1.520 1.727 1.888 2.062 2.247 2.380 2.473 2.554 2.700 2.773 2.807 2.833 2.864 2.847 2.834 2.833 2.780 2.728 2.660 2.626 2.686 2.686 0.000 
7.750 50.120 1.267 1.459 1.664 1.822 1.993 2.174 2.305 2.403 2.499 2.660 2.741 2.781 2.809 2.843 2.829 2.815 2.812 2.751 2.691 2.617 2.577 2.624 2.624 0.000 
7.750 63.100 1.201 1.389 1.591 1.746 1.914 2.090 2.219 2.322 2.432 2.607 2.695 2.741 2.772 2.811 2.801 2.786 2.782 2.715 2.649 2.568 2.522 2.554 2.554 0.000 
7.750 79.430 1.124 1.308 1.506 1.658 1.823 1.995 2.121 2.228 2.350 2.536 2.631 2.683 2.716 2.760 2.756 2.741 2.738 2.667 2.597 2.510 2.458 2.474 2.474 0.000 
7.750 100.000 1.034 1.212 1.408 1.556 1.718 1.885 2.009 2.118 2.250 2.445 2.545 2.602 2.638 2.688 2.690 2.677 2.676 2.603 2.530 2.437 2.380 2.380 2.380 0.000 
7.750 125.890 0.928 1.101 1.293 1.438 1.597 1.758 1.880 1.990 2.129 2.328 2.433 2.496 2.535 2.591 2.599 2.588 2.590 2.516 2.444 2.347 2.285 2.270 2.270 0.000 
7.750 158.490 0.802 0.970 1.158 1.300 1.455 1.611 1.730 1.841 1.984 2.185 2.293 2.362 2.404 2.467 2.482 2.473 2.479 2.406 2.336 2.235 2.171 2.143 2.143 0.000 
7.750 199.530 0.651 0.814 0.999 1.137 1.288 1.439 1.556 1.666 1.810 2.010 2.121 2.197 2.243 2.315 2.338 2.331 2.343 2.271 2.206 2.102 2.035 1.998 1.998 0.000 
7.750 251.190 0.471 0.628 0.809 0.943 1.091 1.237 1.350 1.459 1.602 1.799 1.913 2.000 2.050 2.133 2.166 2.162 2.181 2.112 2.052 1.946 1.880 1.836 1.836 0.000 
7.750 316.230 0.252 0.404 0.581 0.712 0.856 0.996 1.106 1.212 1.354 1.547 1.664 1.765 1.823 1.921 1.966 1.967 1.994 1.930 1.876 1.770 1.704 1.657 1.657 0.000 
7.750 398.110 -0.014 0.132 0.306 0.432 0.573 0.707 0.815 0.918 1.056 1.246 1.368 1.487 1.557 1.676 1.738 1.745 1.783 1.726 1.680 1.573 1.509 1.461 1.461 0.000 
7.750 501.190 -0.339 -0.199 -0.029 0.094 0.230 0.359 0.464 0.564 0.698 0.884 1.015 1.159 1.246 1.392 1.478 1.494 1.548 1.500 1.463 1.355 1.295 1.247 1.247 0.000 
7.750 630.960 -0.739 -0.605 -0.439 -0.320 -0.187 -0.064 0.038 0.135 0.264 0.448 0.592 0.770 0.879 1.064 1.181 1.211 1.285 1.251 1.226 1.118 1.061 1.016 1.016 0.000 
7.750 794.330 -1.232 -1.104 -0.942 -0.827 -0.698 -0.581 -0.482 -0.389 -0.265 -0.081 0.082 0.306 0.446 0.681 0.841 0.891 0.992 0.977 0.966 0.858 0.806 0.763 0.763 0.000 
7.750 1000.000 -1.844 -1.721 -1.563 -1.452 -1.327 -1.216 -1.119 -1.030 -0.912 -0.724 -0.536 -0.252 -0.070 0.232 0.449 0.525 0.662 0.674 0.681 0.573 0.525 0.487 0.487 0.000 
8.000 1.000 1.678 1.899 2.122 2.299 2.488 2.691 2.833 2.888 2.868 2.913 2.935 2.948 2.971 3.001 2.998 3.011 3.046 3.056 3.059 3.031 3.018 3.132 3.132 0.000 
8.000 1.260 1.675 1.896 2.119 2.296 2.485 2.687 2.829 2.884 2.865 2.911 2.933 2.946 2.969 2.999 2.994 3.008 3.042 3.051 3.054 3.025 3.012 3.126 3.126 0.000 
8.000 1.580 1.672 1.892 2.116 2.292 2.480 2.683 2.824 2.880 2.861 2.908 2.931 2.943 2.966 2.995 2.990 3.003 3.036 3.045 3.047 3.018 3.005 3.118 3.118 0.000 
8.000 2.000 1.668 1.888 2.111 2.287 2.475 2.677 2.818 2.874 2.857 2.904 2.927 2.940 2.962 2.991 2.986 2.998 3.030 3.038 3.039 3.009 2.996 3.109 3.109 0.000 
8.000 2.510 1.663 1.882 2.105 2.281 2.468 2.670 2.811 2.867 2.851 2.900 2.923 2.936 2.958 2.986 2.980 2.991 3.022 3.029 3.029 2.999 2.985 3.098 3.098 0.000 
8.000 3.160 1.657 1.876 2.098 2.273 2.460 2.661 2.802 2.858 2.845 2.895 2.919 2.931 2.953 2.980 2.973 2.983 3.013 3.018 3.017 2.986 2.972 3.084 3.084 0.000 
8.000 3.980 1.649 1.867 2.089 2.264 2.450 2.650 2.790 2.848 2.836 2.888 2.913 2.926 2.947 2.974 2.965 2.974 3.002 3.005 3.002 2.971 2.957 3.068 3.068 0.000 
8.000 5.010 1.640 1.857 2.078 2.252 2.438 2.637 2.777 2.835 2.826 2.881 2.907 2.919 2.940 2.966 2.955 2.963 2.990 2.990 2.985 2.952 2.938 3.048 3.048 0.000 
8.000 6.310 1.629 1.845 2.065 2.238 2.423 2.621 2.760 2.820 2.815 2.872 2.900 2.912 2.932 2.957 2.945 2.951 2.975 2.972 2.965 2.931 2.916 3.025 3.025 0.000 
8.000 7.940 1.615 1.829 2.049 2.221 2.405 2.601 2.740 2.801 2.800 2.862 2.891 2.904 2.923 2.948 2.934 2.937 2.959 2.952 2.943 2.906 2.891 2.998 2.998 0.000 
8.000 10.000 1.599 1.811 2.029 2.201 2.383 2.578 2.715 2.778 2.784 2.851 2.882 2.896 2.914 2.938 2.922 2.923 2.942 2.930 2.917 2.879 2.862 2.967 2.967 0.000 
8.000 12.590 1.579 1.789 2.006 2.176 2.357 2.550 2.686 2.752 2.764 2.838 2.873 2.887 2.905 2.928 2.910 2.908 2.924 2.906 2.889 2.848 2.830 2.931 2.931 0.000 
8.000 15.850 1.555 1.763 1.978 2.147 2.327 2.517 2.652 2.720 2.741 2.824 2.863 2.879 2.896 2.918 2.898 2.893 2.905 2.882 2.859 2.814 2.795 2.892 2.892 0.000 
8.000 19.950 1.527 1.732 1.945 2.112 2.290 2.478 2.612 2.684 2.715 2.808 2.851 2.869 2.887 2.909 2.887 2.879 2.887 2.857 2.828 2.779 2.758 2.849 2.849 0.000 
8.000 25.120 1.493 1.696 1.907 2.072 2.248 2.432 2.565 2.641 2.684 2.789 2.839 2.860 2.878 2.900 2.877 2.866 2.870 2.832 2.797 2.743 2.718 2.802 2.802 0.000 
8.000 31.620 1.454 1.653 1.862 2.025 2.198 2.380 2.510 2.591 2.648 2.766 2.823 2.848 2.867 2.891 2.868 2.854 2.854 2.808 2.765 2.705 2.677 2.752 2.752 0.000 
8.000 39.810 1.408 1.603 1.810 1.970 2.141 2.319 2.448 2.533 2.604 2.738 2.802 2.831 2.853 2.878 2.856 2.840 2.837 2.783 2.732 2.666 2.634 2.698 2.698 0.000 
8.000 50.120 1.354 1.545 1.749 1.907 2.075 2.249 2.376 2.466 2.552 2.700 2.773 2.807 2.830 2.860 2.840 2.823 2.818 2.756 2.698 2.625 2.587 2.639 2.639 0.000 
8.000 63.100 1.290 1.478 1.679 1.833 1.999 2.168 2.293 2.389 2.488 2.650 2.730 2.770 2.797 2.830 2.815 2.797 2.791 2.723 2.658 2.579 2.536 2.573 2.573 0.000 
8.000 79.430 1.216 1.399 1.597 1.748 1.911 2.076 2.198 2.298 2.409 2.583 2.671 2.717 2.746 2.785 2.775 2.757 2.752 2.679 2.610 2.524 2.475 2.497 2.497 0.000 
8.000 100.000 1.129 1.306 1.501 1.649 1.809 1.969 2.089 2.191 2.313 2.496 2.590 2.642 2.674 2.719 2.715 2.699 2.696 2.620 2.548 2.457 2.403 2.408 2.408 0.000 
8.000 125.890 1.025 1.198 1.389 1.534 1.690 1.845 1.963 2.067 2.197 2.385 2.484 2.542 2.577 2.629 2.632 2.618 2.618 2.541 2.469 2.373 2.314 2.305 2.305 0.000 
8.000 158.490 0.901 1.069 1.257 1.399 1.551 1.701 1.816 1.921 2.055 2.246 2.349 2.414 2.452 2.512 2.522 2.511 2.515 2.439 2.369 2.269 2.207 2.184 2.184 0.000 
8.000 199.530 0.754 0.916 1.101 1.238 1.388 1.532 1.644 1.749 1.885 2.076 2.182 2.255 2.298 2.366 2.385 2.376 2.386 2.313 2.247 2.144 2.079 2.046 2.046 0.000 
8.000 251.190 0.576 0.732 0.913 1.047 1.193 1.332 1.442 1.545 1.681 1.870 1.979 2.063 2.111 2.191 2.221 2.215 2.232 2.162 2.101 1.996 1.930 1.890 1.890 0.000 
8.000 316.230 0.360 0.511 0.688 0.818 0.960 1.094 1.201 1.302 1.436 1.622 1.735 1.833 1.889 1.985 2.027 2.027 2.052 1.987 1.932 1.826 1.761 1.716 1.716 0.000 
8.000 398.110 0.096 0.242 0.415 0.542 0.680 0.808 0.912 1.010 1.142 1.324 1.443 1.560 1.628 1.744 1.804 1.810 1.847 1.788 1.742 1.635 1.572 1.525 1.525 0.000 
8.000 501.190 -0.227 -0.087 0.083 0.206 0.340 0.462 0.563 0.659 0.787 0.966 1.093 1.235 1.320 1.465 1.548 1.564 1.616 1.568 1.531 1.423 1.363 1.316 1.316 0.000 
8.000 630.960 -0.624 -0.490 -0.324 -0.205 -0.074 0.042 0.140 0.232 0.355 0.533 0.673 0.850 0.957 1.140 1.256 1.285 1.358 1.323 1.298 1.190 1.133 1.089 1.089 0.000 
8.000 794.330 -1.115 -0.986 -0.824 -0.709 -0.583 -0.472 -0.377 -0.289 -0.170 0.008 0.166 0.388 0.527 0.761 0.920 0.968 1.069 1.053 1.042 0.934 0.882 0.840 0.840 0.000 
8.000 1000.000 -1.723 -1.601 -1.443 -1.332 -1.209 -1.104 -1.012 -0.927 -0.815 -0.633 -0.449 -0.167 0.014 0.315 0.531 0.606 0.743 0.753 0.761 0.652 0.604 0.566 0.566 0.000 
