CanadaSHM5_AA13_stablecrust_central , distance is rhypo. Log10 ground motion values in cgs units
          15 30 11 : nmag, ndist, nperiod
          10.000 5.000 2.000 1.000 0.500 0.300 0.200 0.100 0.050 PGA PGV 
          0.620 0.620 0.620 0.620 0.580 0.540 0.530 0.530 0.530 0.530 0.620
4.500 10.050 -1.807 -0.478 0.608 1.313 1.945 2.237 2.472 2.701 2.690 2.358 1.894 
4.500 10.080 -1.816 -0.487 0.599 1.302 1.935 2.227 2.462 2.689 2.677 2.350 1.882 
4.500 10.120 -1.822 -0.495 0.589 1.292 1.925 2.217 2.452 2.677 2.663 2.342 1.870 
4.500 10.200 -1.820 -0.504 0.579 1.282 1.914 2.207 2.441 2.665 2.650 2.334 1.857 
4.500 10.310 -1.830 -0.525 0.556 1.259 1.891 2.185 2.419 2.639 2.623 2.313 1.830 
4.500 10.490 -1.830 -0.552 0.525 1.227 1.860 2.156 2.388 2.605 2.586 2.285 1.794 
4.500 10.760 -1.832 -0.579 0.494 1.195 1.828 2.126 2.358 2.570 2.550 2.257 1.757 
4.500 11.180 -1.841 -0.613 0.456 1.156 1.790 2.090 2.322 2.529 2.505 2.222 1.713 
4.500 11.820 -1.864 -0.669 0.395 1.094 1.730 2.033 2.264 2.465 2.437 2.163 1.644 
4.500 12.770 -1.881 -0.724 0.334 1.033 1.669 1.973 2.202 2.398 2.367 2.101 1.574 
4.500 14.140 -1.899 -0.780 0.273 0.971 1.607 1.912 2.140 2.331 2.296 2.038 1.503 
4.500 16.080 -1.949 -0.869 0.177 0.874 1.510 1.815 2.039 2.224 2.180 1.934 1.394 
4.500 18.740 -2.003 -0.964 0.076 0.772 1.407 1.712 1.932 2.110 2.058 1.823 1.278 
4.500 22.320 -2.057 -1.059 -0.025 0.669 1.303 1.610 1.826 1.997 1.936 1.711 1.162 
4.500 27.040 -2.124 -1.168 -0.140 0.552 1.185 1.490 1.702 1.865 1.794 1.581 1.030 
4.500 33.160 -2.205 -1.290 -0.269 0.419 1.050 1.354 1.560 1.715 1.631 1.430 0.881 
4.500 41.050 -2.285 -1.412 -0.399 0.287 0.914 1.217 1.419 1.564 1.468 1.279 0.732 
4.500 51.110 -2.364 -1.532 -0.526 0.156 0.781 1.082 1.278 1.415 1.306 1.130 0.585 
4.500 63.890 -2.424 -1.632 -0.633 0.044 0.663 0.961 1.152 1.280 1.158 0.995 0.456 
4.500 80.060 -2.481 -1.730 -0.740 -0.068 0.546 0.840 1.025 1.145 1.011 0.859 0.327 
4.500 100.500 -2.537 -1.829 -0.847 -0.180 0.428 0.719 0.899 1.010 0.863 0.724 0.198 
4.500 126.290 -2.596 -1.928 -0.951 -0.293 0.305 0.588 0.758 0.851 0.689 0.566 0.062 
4.500 158.810 -2.653 -2.027 -1.055 -0.406 0.182 0.454 0.613 0.682 0.505 0.400 -0.078 
4.500 199.780 -2.710 -2.125 -1.158 -0.519 0.058 0.319 0.467 0.514 0.320 0.234 -0.218 
4.500 251.390 -2.776 -2.233 -1.268 -0.639 -0.077 0.170 0.304 0.324 0.115 0.048 -0.371 
4.500 316.390 -2.858 -2.356 -1.388 -0.775 -0.234 -0.008 0.106 0.094 -0.133 -0.178 -0.548 
4.500 398.240 -2.941 -2.480 -1.509 -0.910 -0.390 -0.186 -0.091 -0.137 -0.380 -0.403 -0.724 
4.500 501.290 -3.023 -2.603 -1.630 -1.045 -0.547 -0.364 -0.289 -0.367 -0.628 -0.628 -0.901 
4.500 631.040 -3.186 -2.807 -1.799 -1.194 -0.677 -0.487 -0.408 -0.490 -0.760 -0.761 -1.080 
4.500 794.390 -3.352 -3.014 -1.970 -1.343 -0.807 -0.607 -0.524 -0.607 -0.888 -0.890 -1.260 
4.750 10.050 -1.416 -0.179 0.856 1.518 2.103 2.370 2.582 2.790 2.774 2.444 2.035 
4.750 10.080 -1.423 -0.187 0.848 1.509 2.094 2.362 2.573 2.780 2.763 2.437 2.025 
4.750 10.120 -1.431 -0.194 0.840 1.501 2.086 2.354 2.565 2.770 2.752 2.431 2.015 
4.750 10.200 -1.429 -0.201 0.832 1.492 2.077 2.345 2.556 2.760 2.741 2.424 2.005 
4.750 10.310 -1.437 -0.221 0.810 1.470 2.055 2.325 2.535 2.736 2.715 2.405 1.980 
4.750 10.490 -1.441 -0.247 0.781 1.440 2.025 2.296 2.506 2.703 2.681 2.379 1.945 
4.750 10.760 -1.442 -0.273 0.751 1.409 1.995 2.268 2.477 2.670 2.646 2.353 1.910 
4.750 11.180 -1.451 -0.306 0.714 1.371 1.958 2.233 2.441 2.630 2.604 2.320 1.867 
4.750 11.820 -1.476 -0.361 0.655 1.311 1.900 2.178 2.385 2.568 2.538 2.263 1.800 
4.750 12.770 -1.494 -0.415 0.595 1.252 1.842 2.122 2.328 2.506 2.472 2.206 1.734 
4.750 14.140 -1.513 -0.470 0.536 1.192 1.783 2.066 2.272 2.444 2.406 2.149 1.666 
4.750 16.080 -1.562 -0.557 0.444 1.098 1.688 1.971 2.174 2.340 2.294 2.049 1.560 
4.750 18.740 -1.616 -0.649 0.345 0.998 1.588 1.871 2.070 2.230 2.176 1.941 1.448 
4.750 22.320 -1.669 -0.742 0.247 0.899 1.487 1.771 1.967 2.120 2.057 1.833 1.335 
4.750 27.040 -1.735 -0.847 0.136 0.786 1.372 1.655 1.847 1.993 1.919 1.708 1.208 
4.750 33.160 -1.817 -0.965 0.011 0.658 1.242 1.523 1.710 1.847 1.762 1.562 1.064 
4.750 41.050 -1.895 -1.084 -0.114 0.530 1.111 1.391 1.573 1.701 1.604 1.417 0.920 
4.750 51.110 -1.973 -1.200 -0.237 0.404 0.982 1.260 1.437 1.557 1.447 1.273 0.779 
4.750 63.890 -2.030 -1.295 -0.339 0.296 0.868 1.143 1.315 1.427 1.305 1.143 0.655 
4.750 80.060 -2.086 -1.391 -0.442 0.188 0.755 1.026 1.192 1.297 1.162 1.012 0.531 
4.750 100.500 -2.144 -1.486 -0.545 0.080 0.641 0.909 1.070 1.167 1.020 0.882 0.408 
4.750 126.290 -2.201 -1.581 -0.645 -0.028 0.524 0.783 0.934 1.013 0.851 0.730 0.276 
4.750 158.810 -2.258 -1.676 -0.744 -0.137 0.404 0.653 0.794 0.850 0.673 0.570 0.143 
4.750 199.780 -2.315 -1.771 -0.844 -0.245 0.285 0.523 0.653 0.687 0.495 0.410 0.009 
4.750 251.390 -2.378 -1.875 -0.949 -0.361 0.155 0.378 0.495 0.503 0.296 0.231 -0.137 
4.750 316.390 -2.460 -1.994 -1.065 -0.491 0.003 0.205 0.302 0.279 0.055 0.012 -0.308 
4.750 398.240 -2.540 -2.113 -1.181 -0.621 -0.148 0.032 0.110 0.055 -0.185 -0.206 -0.478 
4.750 501.290 -2.621 -2.232 -1.297 -0.752 -0.300 -0.141 -0.082 -0.169 -0.425 -0.424 -0.648 
4.750 631.040 -2.772 -2.423 -1.454 -0.890 -0.421 -0.256 -0.194 -0.284 -0.551 -0.549 -0.818 
4.750 794.390 -2.928 -2.616 -1.613 -1.028 -0.541 -0.368 -0.302 -0.394 -0.671 -0.671 -0.988 
5.000 10.050 -1.030 0.119 1.104 1.723 2.261 2.503 2.692 2.879 2.857 2.529 2.177 
5.000 10.080 -1.036 0.113 1.098 1.716 2.254 2.496 2.685 2.871 2.849 2.524 2.169 
5.000 10.120 -1.041 0.107 1.091 1.709 2.247 2.490 2.678 2.863 2.840 2.519 2.161 
5.000 10.200 -1.047 0.102 1.085 1.702 2.240 2.483 2.671 2.855 2.832 2.514 2.153 
5.000 10.310 -1.051 0.084 1.065 1.681 2.219 2.464 2.651 2.833 2.808 2.498 2.129 
5.000 10.490 -1.060 0.058 1.036 1.652 2.190 2.437 2.623 2.802 2.776 2.473 2.096 
5.000 10.760 -1.059 0.033 1.007 1.623 2.161 2.410 2.595 2.770 2.743 2.449 2.062 
5.000 11.180 -1.067 0.000 0.972 1.587 2.126 2.376 2.561 2.732 2.703 2.418 2.022 
5.000 11.820 -1.093 -0.053 0.914 1.529 2.069 2.322 2.506 2.672 2.639 2.363 1.957 
5.000 12.770 -1.112 -0.106 0.857 1.471 2.013 2.267 2.450 2.612 2.575 2.309 1.892 
5.000 14.140 -1.131 -0.159 0.799 1.413 1.956 2.213 2.395 2.552 2.511 2.254 1.827 
5.000 16.080 -1.181 -0.244 0.710 1.322 1.867 2.126 2.308 2.456 2.407 2.163 1.727 
5.000 18.740 -1.234 -0.334 0.614 1.225 1.769 2.029 2.209 2.350 2.293 2.059 1.618 
5.000 22.320 -1.288 -0.424 0.519 1.129 1.672 1.932 2.108 2.243 2.177 1.956 1.509 
5.000 27.040 -1.355 -0.526 0.412 1.019 1.560 1.820 1.992 2.120 2.045 1.834 1.386 
5.000 33.160 -1.432 -0.640 0.291 0.896 1.434 1.692 1.860 1.979 1.892 1.694 1.248 
5.000 41.050 -1.510 -0.755 0.171 0.773 1.308 1.564 1.727 1.839 1.740 1.554 1.109 
5.000 51.110 -1.589 -0.867 0.053 0.651 1.183 1.438 1.596 1.700 1.589 1.416 0.973 
5.000 63.890 -1.643 -0.959 -0.046 0.547 1.074 1.325 1.478 1.574 1.451 1.291 0.854 
5.000 80.060 -1.698 -1.051 -0.144 0.443 0.965 1.212 1.359 1.449 1.314 1.166 0.735 
5.000 100.500 -1.756 -1.143 -0.243 0.340 0.855 1.099 1.241 1.324 1.176 1.041 0.617 
5.000 126.290 -1.811 -1.235 -0.339 0.236 0.742 0.978 1.110 1.175 1.014 0.895 0.492 
5.000 158.810 -1.865 -1.326 -0.434 0.132 0.627 0.852 0.974 1.018 0.841 0.741 0.364 
5.000 199.780 -1.921 -1.417 -0.529 0.029 0.513 0.727 0.839 0.860 0.669 0.587 0.236 
5.000 251.390 -1.988 -1.517 -0.630 -0.082 0.387 0.587 0.685 0.682 0.476 0.414 0.096 
5.000 316.390 -2.066 -1.632 -0.741 -0.208 0.241 0.418 0.498 0.465 0.243 0.203 -0.068 
5.000 398.240 -2.144 -1.746 -0.853 -0.333 0.094 0.250 0.311 0.247 0.010 -0.009 -0.231 
5.000 501.290 -2.224 -1.861 -0.964 -0.458 -0.052 0.082 0.125 0.029 -0.223 -0.220 -0.395 
5.000 631.040 -2.366 -2.039 -1.109 -0.586 -0.165 -0.025 0.021 -0.079 -0.341 -0.338 -0.556 
5.000 794.390 -2.510 -2.219 -1.256 -0.713 -0.276 -0.129 -0.080 -0.182 -0.454 -0.452 -0.716 
5.250 10.050 -0.680 0.385 1.322 1.899 2.396 2.615 2.782 2.950 2.923 2.597 2.299 
5.250 10.080 -0.683 0.381 1.318 1.895 2.392 2.612 2.779 2.945 2.918 2.595 2.295 
5.250 10.120 -0.686 0.379 1.315 1.891 2.388 2.608 2.775 2.941 2.914 2.592 2.291 
5.250 10.200 -0.689 0.375 1.312 1.888 2.385 2.605 2.772 2.937 2.909 2.589 2.287 
5.250 10.310 -0.702 0.359 1.293 1.869 2.366 2.587 2.753 2.917 2.888 2.574 2.265 
5.250 10.490 -0.714 0.334 1.266 1.841 2.338 2.560 2.726 2.886 2.856 2.552 2.233 
5.250 10.760 -0.714 0.309 1.238 1.812 2.310 2.534 2.699 2.856 2.824 2.530 2.201 
5.250 11.180 -0.720 0.277 1.204 1.778 2.276 2.501 2.665 2.819 2.785 2.500 2.161 
5.250 11.820 -0.748 0.226 1.148 1.722 2.221 2.448 2.612 2.761 2.724 2.449 2.098 
5.250 12.770 -0.766 0.174 1.093 1.666 2.166 2.396 2.559 2.703 2.663 2.397 2.036 
5.250 14.140 -0.785 0.123 1.037 1.610 2.111 2.343 2.506 2.645 2.601 2.346 1.973 
5.250 16.080 -0.835 0.040 0.950 1.522 2.024 2.259 2.421 2.553 2.501 2.258 1.876 
5.250 18.740 -0.888 -0.047 0.858 1.428 1.931 2.170 2.331 2.454 2.394 2.164 1.773 
5.250 22.320 -0.941 -0.135 0.766 1.335 1.837 2.075 2.234 2.351 2.283 2.064 1.668 
5.250 27.040 -1.006 -0.233 0.662 1.229 1.729 1.967 2.122 2.232 2.154 1.947 1.549 
5.250 33.160 -1.082 -0.344 0.546 1.110 1.607 1.843 1.994 2.097 2.007 1.813 1.416 
5.250 41.050 -1.159 -0.455 0.430 0.991 1.485 1.719 1.865 1.961 1.860 1.678 1.282 
5.250 51.110 -1.235 -0.564 0.316 0.874 1.365 1.597 1.739 1.827 1.714 1.545 1.151 
5.250 63.890 -1.291 -0.652 0.221 0.774 1.260 1.488 1.625 1.706 1.581 1.425 1.037 
5.250 80.060 -1.346 -0.741 0.126 0.674 1.154 1.379 1.511 1.585 1.448 1.304 0.924 
5.250 100.500 -1.402 -0.830 0.031 0.574 1.049 1.270 1.396 1.464 1.315 1.184 0.810 
5.250 126.290 -1.457 -0.918 -0.060 0.475 0.940 1.152 1.270 1.321 1.158 1.044 0.690 
5.250 158.810 -1.512 -1.005 -0.151 0.376 0.830 1.032 1.139 1.169 0.993 0.896 0.568 
5.250 199.780 -1.566 -1.093 -0.241 0.277 0.720 0.911 1.008 1.017 0.827 0.749 0.446 
5.250 251.390 -1.629 -1.188 -0.337 0.170 0.599 0.775 0.859 0.845 0.640 0.582 0.312 
5.250 316.390 -1.706 -1.299 -0.444 0.050 0.457 0.612 0.678 0.634 0.414 0.377 0.155 
5.250 398.240 -1.784 -1.410 -0.551 -0.070 0.316 0.448 0.496 0.422 0.188 0.173 -0.002 
5.250 501.290 -1.862 -1.520 -0.658 -0.191 0.174 0.285 0.314 0.211 -0.038 -0.031 -0.159 
5.250 631.040 -1.995 -1.685 -0.792 -0.308 0.070 0.186 0.218 0.110 -0.149 -0.142 -0.311 
5.250 794.390 -2.130 -1.853 -0.927 -0.426 -0.032 0.090 0.124 0.014 -0.255 -0.249 -0.462 
5.500 10.050 -0.335 0.650 1.539 2.075 2.530 2.727 2.873 3.020 2.988 2.665 2.422 
5.500 10.080 -0.335 0.650 1.539 2.074 2.530 2.727 2.873 3.020 2.988 2.665 2.421 
5.500 10.120 -0.335 0.650 1.539 2.074 2.530 2.727 2.873 3.020 2.987 2.664 2.421 
5.500 10.200 -0.336 0.649 1.539 2.074 2.529 2.727 2.872 3.019 2.987 2.664 2.421 
5.500 10.310 -0.351 0.634 1.522 2.057 2.513 2.710 2.856 3.001 2.967 2.651 2.402 
5.500 10.490 -0.370 0.609 1.495 2.029 2.486 2.684 2.829 2.971 2.936 2.631 2.370 
5.500 10.760 -0.381 0.585 1.469 2.002 2.459 2.658 2.802 2.942 2.905 2.610 2.339 
5.500 11.180 -0.383 0.554 1.436 1.969 2.425 2.626 2.770 2.906 2.867 2.583 2.300 
5.500 11.820 -0.408 0.505 1.382 1.915 2.372 2.575 2.719 2.850 2.809 2.534 2.240 
5.500 12.770 -0.428 0.455 1.328 1.861 2.318 2.524 2.667 2.794 2.750 2.486 2.180 
5.500 14.140 -0.446 0.405 1.275 1.807 2.265 2.473 2.616 2.739 2.692 2.437 2.120 
5.500 16.080 -0.494 0.325 1.191 1.722 2.180 2.391 2.534 2.649 2.594 2.353 2.025 
5.500 18.740 -0.547 0.240 1.102 1.631 2.091 2.305 2.446 2.554 2.491 2.262 1.926 
5.500 22.320 -0.601 0.155 1.013 1.541 2.001 2.218 2.359 2.459 2.387 2.171 1.826 
5.500 27.040 -0.663 0.059 0.913 1.438 1.897 2.113 2.252 2.345 2.264 2.061 1.712 
5.500 33.160 -0.739 -0.048 0.801 1.324 1.780 1.994 2.128 2.214 2.122 1.931 1.584 
5.500 41.050 -0.813 -0.155 0.688 1.209 1.663 1.874 2.004 2.084 1.979 1.802 1.456 
5.500 51.110 -0.887 -0.260 0.578 1.096 1.547 1.755 1.881 1.955 1.839 1.674 1.329 
5.500 63.890 -0.942 -0.346 0.488 1.000 1.445 1.650 1.771 1.838 1.711 1.559 1.221 
5.500 80.060 -0.998 -0.431 0.397 0.905 1.344 1.545 1.662 1.721 1.583 1.443 1.112 
5.500 100.500 -1.053 -0.517 0.306 0.809 1.243 1.440 1.552 1.604 1.455 1.328 1.003 
5.500 126.290 -1.107 -0.601 0.218 0.714 1.138 1.327 1.430 1.466 1.304 1.194 0.889 
5.500 158.810 -1.161 -0.685 0.132 0.619 1.033 1.211 1.303 1.320 1.144 1.052 0.772 
5.500 199.780 -1.215 -0.769 0.046 0.524 0.927 1.095 1.177 1.174 0.984 0.910 0.656 
5.500 251.390 -1.275 -0.860 -0.045 0.422 0.810 0.964 1.033 1.008 0.804 0.750 0.528 
5.500 316.390 -1.353 -0.966 -0.147 0.307 0.674 0.805 0.857 0.803 0.585 0.552 0.378 
5.500 398.240 -1.430 -1.073 -0.249 0.192 0.538 0.647 0.680 0.598 0.366 0.355 0.228 
5.500 501.290 -1.506 -1.180 -0.351 0.077 0.401 0.488 0.504 0.393 0.147 0.157 0.077 
5.500 631.040 -1.629 -1.332 -0.475 -0.031 0.305 0.397 0.414 0.299 0.043 0.054 -0.066 
5.500 794.390 -1.755 -1.487 -0.598 -0.138 0.211 0.308 0.328 0.209 -0.056 -0.046 -0.209 
5.750 10.050 -0.028 0.885 1.727 2.227 2.647 2.825 2.954 3.082 3.046 2.725 2.531 
5.750 10.080 -0.028 0.885 1.727 2.226 2.647 2.825 2.953 3.081 3.046 2.725 2.531 
5.750 10.120 -0.028 0.885 1.727 2.226 2.647 2.825 2.953 3.081 3.046 2.725 2.531 
5.750 10.200 -0.028 0.885 1.727 2.226 2.647 2.825 2.953 3.081 3.045 2.724 2.531 
5.750 10.310 -0.040 0.873 1.714 2.213 2.634 2.812 2.940 3.067 3.030 2.715 2.516 
5.750 10.490 -0.059 0.854 1.693 2.192 2.613 2.792 2.920 3.044 3.006 2.700 2.492 
5.750 10.760 -0.072 0.835 1.673 2.171 2.592 2.771 2.899 3.021 2.982 2.685 2.468 
5.750 11.180 -0.078 0.809 1.645 2.142 2.564 2.744 2.871 2.991 2.950 2.662 2.435 
5.750 11.820 -0.098 0.760 1.592 2.089 2.511 2.693 2.820 2.936 2.893 2.616 2.376 
5.750 12.770 -0.122 0.710 1.539 2.036 2.459 2.643 2.770 2.882 2.836 2.570 2.317 
5.750 14.140 -0.138 0.661 1.487 1.983 2.406 2.592 2.719 2.827 2.780 2.524 2.257 
5.750 16.080 -0.188 0.581 1.404 1.899 2.322 2.511 2.638 2.739 2.684 2.442 2.165 
5.750 18.740 -0.240 0.497 1.316 1.810 2.234 2.425 2.551 2.645 2.582 2.353 2.067 
5.750 22.320 -0.294 0.412 1.228 1.720 2.145 2.340 2.465 2.552 2.480 2.265 1.969 
5.750 27.040 -0.359 0.318 1.130 1.620 2.045 2.242 2.366 2.445 2.363 2.162 1.859 
5.750 33.160 -0.435 0.213 1.020 1.508 1.930 2.125 2.245 2.318 2.224 2.036 1.734 
5.750 41.050 -0.511 0.108 0.911 1.395 1.815 2.007 2.124 2.190 2.086 1.911 1.609 
5.750 51.110 -0.586 0.005 0.803 1.285 1.702 1.891 2.004 2.064 1.948 1.786 1.486 
5.750 63.890 -0.642 -0.079 0.715 1.192 1.603 1.789 1.896 1.950 1.823 1.674 1.381 
5.750 80.060 -0.697 -0.163 0.626 1.099 1.505 1.686 1.789 1.836 1.698 1.562 1.275 
5.750 100.500 -0.754 -0.247 0.538 1.006 1.406 1.583 1.682 1.722 1.573 1.449 1.169 
5.750 126.290 -0.808 -0.329 0.453 0.914 1.304 1.473 1.563 1.588 1.427 1.320 1.059 
5.750 158.810 -0.863 -0.410 0.370 0.822 1.202 1.360 1.440 1.446 1.272 1.183 0.948 
5.750 199.780 -0.916 -0.492 0.286 0.731 1.099 1.247 1.317 1.305 1.116 1.046 0.836 
5.750 251.390 -0.978 -0.581 0.198 0.632 0.986 1.119 1.177 1.143 0.942 0.891 0.713 
5.750 316.390 -1.056 -0.684 0.099 0.520 0.853 0.964 1.005 0.943 0.728 0.699 0.568 
5.750 398.240 -1.131 -0.788 0.001 0.409 0.720 0.809 0.832 0.743 0.515 0.507 0.423 
5.750 501.290 -1.208 -0.891 -0.098 0.297 0.587 0.655 0.660 0.543 0.302 0.316 0.278 
5.750 631.040 -1.323 -1.034 -0.212 0.197 0.498 0.569 0.575 0.454 0.203 0.218 0.142 
5.750 794.390 -1.440 -1.178 -0.326 0.098 0.411 0.486 0.495 0.370 0.110 0.124 0.007 
6.000 10.050 0.276 1.120 1.914 2.379 2.765 2.923 3.034 3.143 3.104 2.784 2.641 
6.000 10.080 0.276 1.120 1.914 2.379 2.765 2.923 3.034 3.143 3.104 2.784 2.641 
6.000 10.120 0.276 1.120 1.914 2.379 2.765 2.923 3.034 3.143 3.104 2.784 2.641 
6.000 10.200 0.276 1.120 1.914 2.379 2.765 2.923 3.034 3.143 3.104 2.784 2.641 
6.000 10.310 0.268 1.112 1.906 2.369 2.756 2.914 3.025 3.133 3.093 2.779 2.630 
6.000 10.490 0.255 1.099 1.891 2.355 2.741 2.899 3.010 3.117 3.076 2.769 2.613 
6.000 10.760 0.242 1.085 1.877 2.340 2.726 2.885 2.995 3.100 3.059 2.760 2.596 
6.000 11.180 0.224 1.064 1.854 2.316 2.702 2.862 2.972 3.075 3.032 2.742 2.570 
6.000 11.820 0.199 1.015 1.802 2.264 2.651 2.812 2.922 3.022 2.977 2.698 2.512 
6.000 12.770 0.180 0.966 1.750 2.212 2.599 2.761 2.872 2.969 2.922 2.655 2.454 
6.000 14.140 0.161 0.917 1.699 2.160 2.547 2.711 2.822 2.916 2.867 2.611 2.396 
6.000 16.080 0.112 0.838 1.617 2.077 2.465 2.631 2.742 2.829 2.773 2.531 2.305 
6.000 18.740 0.058 0.754 1.530 1.989 2.377 2.546 2.656 2.737 2.673 2.444 2.208 
6.000 22.320 0.003 0.670 1.444 1.900 2.289 2.461 2.570 2.645 2.572 2.358 2.111 
6.000 27.040 -0.061 0.577 1.347 1.802 2.191 2.365 2.474 2.540 2.458 2.258 2.004 
6.000 33.160 -0.138 0.474 1.240 1.692 2.081 2.256 2.363 2.421 2.327 2.142 1.885 
6.000 41.050 -0.214 0.371 1.133 1.582 1.968 2.141 2.244 2.297 2.192 2.020 1.763 
6.000 51.110 -0.289 0.270 1.028 1.475 1.857 2.027 2.127 2.173 2.057 1.899 1.643 
6.000 63.890 -0.345 0.188 0.942 1.384 1.761 1.927 2.022 2.062 1.936 1.789 1.540 
6.000 80.060 -0.402 0.106 0.856 1.293 1.665 1.826 1.917 1.951 1.814 1.680 1.438 
6.000 100.500 -0.457 0.023 0.770 1.203 1.569 1.726 1.811 1.840 1.692 1.571 1.335 
6.000 126.290 -0.514 -0.057 0.688 1.114 1.470 1.619 1.696 1.710 1.549 1.446 1.230 
6.000 158.810 -0.568 -0.136 0.607 1.025 1.371 1.509 1.577 1.573 1.399 1.314 1.123 
6.000 199.780 -0.623 -0.215 0.526 0.937 1.271 1.399 1.458 1.435 1.249 1.183 1.016 
6.000 251.390 -0.686 -0.302 0.441 0.842 1.162 1.274 1.322 1.278 1.079 1.032 0.898 
6.000 316.390 -0.761 -0.402 0.346 0.733 1.032 1.123 1.153 1.083 0.871 0.846 0.758 
6.000 398.240 -0.837 -0.502 0.251 0.625 0.903 0.972 0.984 0.888 0.664 0.660 0.619 
6.000 501.290 -0.913 -0.603 0.155 0.517 0.774 0.821 0.815 0.693 0.456 0.474 0.479 
6.000 631.040 -1.021 -0.735 0.051 0.425 0.692 0.741 0.736 0.610 0.363 0.382 0.350 
6.000 794.390 -1.130 -0.868 -0.055 0.334 0.611 0.665 0.661 0.532 0.276 0.294 0.222 
6.250 10.050 0.546 1.329 2.075 2.508 2.869 3.010 3.109 3.202 3.160 2.843 2.743 
6.250 10.080 0.546 1.329 2.075 2.508 2.869 3.010 3.109 3.202 3.160 2.843 2.743 
6.250 10.120 0.546 1.329 2.075 2.508 2.869 3.010 3.109 3.202 3.160 2.843 2.743 
6.250 10.200 0.546 1.329 2.075 2.508 2.869 3.010 3.109 3.202 3.160 2.843 2.743 
6.250 10.310 0.542 1.325 2.071 2.503 2.864 3.006 3.104 3.197 3.154 2.840 2.738 
6.250 10.490 0.535 1.318 2.064 2.496 2.857 2.998 3.096 3.188 3.145 2.835 2.729 
6.250 10.760 0.528 1.312 2.057 2.489 2.849 2.990 3.088 3.180 3.136 2.830 2.720 
6.250 11.180 0.512 1.296 2.040 2.472 2.831 2.973 3.070 3.161 3.117 2.817 2.701 
6.250 11.820 0.467 1.250 1.992 2.423 2.783 2.925 3.023 3.111 3.065 2.778 2.646 
6.250 12.770 0.449 1.204 1.943 2.374 2.734 2.878 2.976 3.061 3.014 2.740 2.592 
6.250 14.140 0.433 1.158 1.895 2.326 2.686 2.831 2.929 3.011 2.962 2.702 2.538 
6.250 16.080 0.386 1.078 1.812 2.242 2.602 2.749 2.847 2.924 2.868 2.622 2.446 
6.250 18.740 0.330 0.991 1.723 2.152 2.512 2.662 2.759 2.830 2.767 2.536 2.348 
6.250 22.320 0.271 0.905 1.635 2.062 2.422 2.575 2.672 2.737 2.666 2.450 2.250 
6.250 27.040 0.204 0.811 1.537 1.962 2.323 2.478 2.574 2.632 2.551 2.350 2.142 
6.250 33.160 0.128 0.707 1.430 1.853 2.213 2.369 2.465 2.514 2.421 2.236 2.024 
6.250 41.050 0.048 0.603 1.323 1.743 2.102 2.258 2.353 2.394 2.290 2.120 1.905 
6.250 51.110 -0.029 0.502 1.218 1.635 1.991 2.144 2.235 2.271 2.156 2.001 1.785 
6.250 63.890 -0.089 0.419 1.132 1.545 1.895 2.044 2.130 2.161 2.035 1.893 1.684 
6.250 80.060 -0.149 0.336 1.046 1.455 1.799 1.943 2.025 2.050 1.914 1.784 1.582 
6.250 100.500 -0.210 0.253 0.960 1.364 1.703 1.843 1.920 1.940 1.793 1.676 1.480 
6.250 126.290 -0.268 0.174 0.879 1.276 1.606 1.737 1.806 1.812 1.654 1.554 1.377 
6.250 158.810 -0.325 0.096 0.801 1.190 1.509 1.629 1.689 1.678 1.507 1.426 1.274 
6.250 199.780 -0.380 0.018 0.722 1.104 1.411 1.521 1.572 1.544 1.360 1.298 1.170 
6.250 251.390 -0.443 -0.067 0.639 1.011 1.304 1.399 1.438 1.390 1.195 1.151 1.056 
6.250 316.390 -0.520 -0.166 0.546 0.904 1.177 1.250 1.272 1.198 0.991 0.969 0.920 
6.250 398.240 -0.598 -0.265 0.452 0.798 1.049 1.101 1.106 1.007 0.787 0.787 0.784 
6.250 501.290 -0.674 -0.363 0.359 0.692 0.922 0.951 0.939 0.815 0.584 0.605 0.649 
6.250 631.040 -0.775 -0.487 0.262 0.607 0.845 0.877 0.865 0.736 0.496 0.518 0.527 
6.250 794.390 -0.879 -0.611 0.164 0.522 0.770 0.805 0.795 0.663 0.413 0.435 0.405 
6.500 10.050 0.814 1.538 2.236 2.638 2.973 3.099 3.186 3.263 3.217 2.904 2.846 
6.500 10.080 0.814 1.538 2.236 2.638 2.973 3.099 3.186 3.263 3.217 2.904 2.846 
6.500 10.120 0.814 1.538 2.236 2.638 2.973 3.099 3.186 3.263 3.217 2.904 2.846 
6.500 10.200 0.814 1.538 2.236 2.638 2.973 3.099 3.186 3.263 3.217 2.904 2.846 
6.500 10.310 0.814 1.538 2.236 2.638 2.973 3.099 3.186 3.263 3.217 2.904 2.846 
6.500 10.490 0.814 1.538 2.236 2.638 2.973 3.099 3.186 3.263 3.217 2.904 2.846 
6.500 10.760 0.814 1.538 2.236 2.638 2.973 3.099 3.186 3.263 3.217 2.904 2.846 
6.500 11.180 0.804 1.528 2.226 2.627 2.962 3.088 3.174 3.251 3.205 2.895 2.834 
6.500 11.820 0.761 1.485 2.181 2.582 2.916 3.042 3.128 3.202 3.155 2.861 2.783 
6.500 12.770 0.718 1.442 2.136 2.537 2.870 2.995 3.080 3.154 3.106 2.826 2.731 
6.500 14.140 0.698 1.399 2.092 2.492 2.824 2.950 3.035 3.106 3.057 2.793 2.681 
6.500 16.080 0.650 1.317 2.007 2.407 2.739 2.867 2.952 3.018 2.963 2.714 2.588 
6.500 18.740 0.593 1.229 1.917 2.315 2.647 2.778 2.862 2.924 2.861 2.628 2.488 
6.500 22.320 0.534 1.140 1.826 2.223 2.555 2.688 2.773 2.829 2.759 2.542 2.388 
6.500 27.040 0.465 1.044 1.727 2.123 2.455 2.590 2.674 2.723 2.644 2.443 2.280 
6.500 33.160 0.385 0.940 1.620 2.014 2.345 2.481 2.565 2.606 2.515 2.330 2.162 
6.500 41.050 0.305 0.836 1.513 1.904 2.235 2.372 2.456 2.489 2.386 2.217 2.044 
6.500 51.110 0.224 0.734 1.409 1.796 2.125 2.261 2.344 2.369 2.256 2.103 1.927 
6.500 63.890 0.162 0.650 1.323 1.706 2.029 2.161 2.239 2.259 2.135 1.996 1.827 
6.500 80.060 0.096 0.567 1.237 1.615 1.933 2.060 2.133 2.149 2.015 1.889 1.726 
6.500 100.500 0.035 0.483 1.151 1.525 1.838 1.960 2.028 2.039 1.894 1.782 1.625 
6.500 126.290 -0.025 0.404 1.071 1.439 1.742 1.855 1.916 1.914 1.758 1.662 1.524 
6.500 158.810 -0.082 0.327 0.995 1.355 1.647 1.749 1.802 1.783 1.615 1.537 1.425 
6.500 199.780 -0.140 0.251 0.918 1.270 1.552 1.643 1.687 1.652 1.472 1.413 1.325 
6.500 251.390 -0.206 0.167 0.836 1.179 1.446 1.523 1.555 1.501 1.310 1.270 1.214 
6.500 316.390 -0.283 0.070 0.745 1.075 1.321 1.376 1.392 1.313 1.110 1.092 1.082 
6.500 398.240 -0.361 -0.027 0.654 0.972 1.195 1.229 1.227 1.125 0.911 0.914 0.950 
6.500 501.290 -0.440 -0.124 0.563 0.868 1.070 1.082 1.064 0.937 0.712 0.737 0.819 
6.500 631.040 -0.537 -0.239 0.473 0.788 0.998 1.012 0.994 0.863 0.628 0.654 0.703 
6.500 794.390 -0.634 -0.355 0.383 0.710 0.929 0.945 0.928 0.793 0.550 0.576 0.587 
6.750 10.050 1.043 1.715 2.362 2.736 3.053 3.170 3.248 3.315 3.266 2.954 2.938 
6.750 10.080 1.043 1.715 2.362 2.736 3.053 3.170 3.248 3.315 3.266 2.954 2.938 
6.750 10.120 1.043 1.715 2.362 2.736 3.053 3.170 3.248 3.315 3.266 2.954 2.938 
6.750 10.200 1.043 1.715 2.362 2.736 3.053 3.170 3.248 3.315 3.266 2.954 2.938 
6.750 10.310 1.043 1.715 2.362 2.736 3.053 3.170 3.248 3.315 3.266 2.954 2.938 
6.750 10.490 1.043 1.715 2.362 2.736 3.053 3.170 3.248 3.315 3.266 2.954 2.938 
6.750 10.760 1.043 1.715 2.362 2.736 3.053 3.170 3.248 3.315 3.266 2.954 2.938 
6.750 11.180 1.037 1.710 2.356 2.730 3.047 3.164 3.242 3.309 3.259 2.950 2.932 
6.750 11.820 1.013 1.686 2.331 2.705 3.021 3.138 3.216 3.282 3.232 2.931 2.903 
6.750 12.770 0.989 1.662 2.306 2.680 2.996 3.112 3.190 3.255 3.204 2.913 2.875 
6.750 14.140 0.966 1.638 2.282 2.656 2.970 3.086 3.163 3.228 3.177 2.894 2.847 
6.750 16.080 0.894 1.553 2.196 2.569 2.881 2.996 3.072 3.134 3.079 2.814 2.750 
6.750 18.740 0.838 1.459 2.100 2.472 2.783 2.901 2.977 3.035 2.974 2.729 2.645 
6.750 22.320 0.777 1.365 2.004 2.375 2.686 2.805 2.882 2.936 2.869 2.643 2.539 
6.750 27.040 0.702 1.264 1.901 2.270 2.581 2.701 2.778 2.826 2.751 2.544 2.426 
6.750 33.160 0.619 1.155 1.790 2.156 2.467 2.588 2.665 2.705 2.618 2.429 2.305 
6.750 41.050 0.531 1.046 1.679 2.043 2.352 2.475 2.552 2.584 2.485 2.313 2.183 
6.750 51.110 0.445 0.940 1.571 1.931 2.240 2.364 2.440 2.465 2.354 2.199 2.064 
6.750 63.890 0.377 0.853 1.483 1.839 2.143 2.264 2.336 2.355 2.233 2.094 1.962 
6.750 80.060 0.309 0.767 1.395 1.747 2.045 2.161 2.229 2.244 2.111 1.986 1.860 
6.750 100.500 0.240 0.681 1.307 1.654 1.947 2.058 2.122 2.132 1.988 1.877 1.758 
6.750 126.290 0.178 0.602 1.228 1.569 1.852 1.954 2.011 2.008 1.854 1.760 1.660 
6.750 158.810 0.120 0.526 1.153 1.487 1.759 1.849 1.898 1.880 1.714 1.638 1.563 
6.750 199.780 0.060 0.450 1.078 1.404 1.665 1.745 1.785 1.752 1.575 1.517 1.466 
6.750 251.390 -0.006 0.368 0.998 1.315 1.561 1.627 1.656 1.604 1.416 1.378 1.358 
6.750 316.390 -0.087 0.272 0.908 1.213 1.438 1.481 1.494 1.419 1.221 1.204 1.230 
6.750 398.240 -0.165 0.176 0.819 1.111 1.315 1.336 1.333 1.234 1.025 1.030 1.102 
6.750 501.290 -0.246 0.081 0.730 1.009 1.191 1.191 1.171 1.049 0.829 0.856 0.974 
6.750 631.040 -0.338 -0.027 0.645 0.935 1.124 1.125 1.105 0.979 0.751 0.778 0.863 
6.750 794.390 -0.430 -0.135 0.562 0.862 1.059 1.062 1.044 0.914 0.677 0.704 0.753 
7.000 10.050 1.268 1.892 2.488 2.835 3.133 3.240 3.311 3.367 3.315 3.005 3.031 
7.000 10.080 1.268 1.892 2.488 2.835 3.133 3.240 3.311 3.367 3.315 3.005 3.031 
7.000 10.120 1.268 1.892 2.488 2.835 3.133 3.240 3.311 3.367 3.315 3.005 3.031 
7.000 10.200 1.268 1.892 2.488 2.835 3.133 3.240 3.311 3.367 3.315 3.005 3.031 
7.000 10.310 1.268 1.892 2.488 2.835 3.133 3.240 3.311 3.367 3.315 3.005 3.031 
7.000 10.490 1.268 1.892 2.488 2.835 3.133 3.240 3.311 3.367 3.315 3.005 3.031 
7.000 10.760 1.268 1.892 2.488 2.835 3.133 3.240 3.311 3.367 3.315 3.005 3.031 
7.000 11.180 1.266 1.891 2.486 2.833 3.132 3.239 3.310 3.366 3.314 3.004 3.030 
7.000 11.820 1.262 1.886 2.481 2.829 3.127 3.234 3.304 3.361 3.308 3.002 3.024 
7.000 12.770 1.257 1.882 2.477 2.824 3.121 3.229 3.299 3.356 3.303 2.999 3.019 
7.000 14.140 1.252 1.877 2.472 2.819 3.116 3.224 3.294 3.350 3.297 2.997 3.014 
7.000 16.080 1.165 1.790 2.384 2.731 3.025 3.131 3.201 3.256 3.200 2.920 2.915 
7.000 18.740 1.067 1.690 2.283 2.629 2.920 3.025 3.093 3.148 3.088 2.830 2.802 
7.000 22.320 1.006 1.590 2.182 2.527 2.817 2.922 2.991 3.043 2.979 2.745 2.690 
7.000 27.040 0.932 1.483 2.074 2.417 2.706 2.813 2.883 2.929 2.858 2.644 2.572 
7.000 33.160 0.844 1.369 1.960 2.299 2.588 2.696 2.765 2.805 2.721 2.527 2.447 
7.000 41.050 0.752 1.256 1.845 2.182 2.470 2.578 2.648 2.680 2.584 2.409 2.321 
7.000 51.110 0.661 1.145 1.733 2.066 2.353 2.463 2.532 2.557 2.449 2.293 2.198 
7.000 63.890 0.589 1.056 1.643 1.972 2.256 2.364 2.431 2.450 2.330 2.190 2.098 
7.000 80.060 0.516 0.967 1.553 1.878 2.157 2.261 2.325 2.338 2.207 2.083 1.995 
7.000 100.500 0.442 0.878 1.464 1.784 2.057 2.155 2.216 2.224 2.083 1.973 1.891 
7.000 126.290 0.378 0.799 1.385 1.699 1.962 2.052 2.105 2.102 1.950 1.858 1.795 
7.000 158.810 0.317 0.725 1.311 1.619 1.870 1.949 1.994 1.977 1.814 1.740 1.701 
7.000 199.780 0.255 0.650 1.237 1.538 1.778 1.847 1.883 1.851 1.677 1.621 1.607 
7.000 251.390 0.187 0.568 1.159 1.450 1.677 1.730 1.756 1.707 1.522 1.486 1.503 
7.000 316.390 0.106 0.474 1.071 1.351 1.555 1.587 1.597 1.525 1.331 1.316 1.378 
7.000 398.240 0.026 0.379 0.984 1.251 1.434 1.443 1.438 1.343 1.139 1.146 1.253 
7.000 501.290 -0.056 0.285 0.896 1.151 1.313 1.300 1.278 1.162 0.947 0.976 1.128 
7.000 631.040 -0.144 0.185 0.818 1.081 1.250 1.237 1.216 1.096 0.873 0.903 1.024 
7.000 794.390 -0.232 0.084 0.740 1.014 1.189 1.179 1.159 1.035 0.803 0.833 0.920 
7.250 10.050 1.449 2.032 2.578 2.902 3.188 3.292 3.357 3.412 3.358 3.043 3.110 
7.250 10.080 1.449 2.032 2.578 2.902 3.188 3.292 3.357 3.412 3.358 3.043 3.110 
7.250 10.120 1.449 2.032 2.578 2.902 3.188 3.292 3.357 3.412 3.358 3.043 3.110 
7.250 10.200 1.449 2.032 2.578 2.902 3.188 3.292 3.357 3.412 3.358 3.043 3.110 
7.250 10.310 1.449 2.032 2.578 2.902 3.188 3.292 3.357 3.412 3.358 3.043 3.110 
7.250 10.490 1.449 2.032 2.578 2.902 3.188 3.292 3.357 3.412 3.358 3.043 3.110 
7.250 10.760 1.449 2.032 2.578 2.902 3.188 3.292 3.357 3.412 3.358 3.043 3.110 
7.250 11.180 1.449 2.032 2.578 2.902 3.188 3.291 3.357 3.412 3.357 3.043 3.110 
7.250 11.820 1.446 2.029 2.575 2.899 3.185 3.289 3.354 3.409 3.355 3.042 3.107 
7.250 12.770 1.444 2.027 2.573 2.897 3.182 3.286 3.351 3.407 3.352 3.041 3.104 
7.250 14.140 1.442 2.025 2.571 2.894 3.180 3.284 3.349 3.404 3.349 3.039 3.102 
7.250 16.080 1.382 1.964 2.510 2.833 3.116 3.219 3.284 3.339 3.282 2.989 3.033 
7.250 18.740 1.312 1.894 2.441 2.763 3.043 3.144 3.209 3.263 3.205 2.930 2.954 
7.250 22.320 1.242 1.825 2.371 2.692 2.969 3.070 3.133 3.188 3.128 2.872 2.875 
7.250 27.040 1.172 1.726 2.272 2.591 2.866 2.965 3.028 3.080 3.014 2.778 2.765 
7.250 33.160 1.075 1.595 2.141 2.457 2.730 2.830 2.894 2.940 2.862 2.650 2.622 
7.250 41.050 0.967 1.465 2.010 2.323 2.595 2.696 2.761 2.801 2.710 2.522 2.479 
7.250 51.110 0.858 1.337 1.882 2.192 2.462 2.564 2.630 2.664 2.561 2.396 2.340 
7.250 63.890 0.776 1.241 1.785 2.091 2.357 2.458 2.522 2.549 2.434 2.287 2.233 
7.250 80.060 0.693 1.144 1.688 1.990 2.253 2.352 2.415 2.435 2.308 2.178 2.125 
7.250 100.500 0.609 1.048 1.592 1.889 2.146 2.240 2.300 2.315 2.177 2.064 2.016 
7.250 126.290 0.541 0.967 1.512 1.803 2.051 2.136 2.189 2.193 2.044 1.949 1.919 
7.250 158.810 0.478 0.892 1.439 1.724 1.961 2.035 2.079 2.070 1.911 1.834 1.828 
7.250 199.780 0.414 0.818 1.366 1.644 1.870 1.933 1.970 1.947 1.778 1.719 1.737 
7.250 251.390 0.344 0.736 1.289 1.558 1.770 1.818 1.844 1.806 1.626 1.586 1.636 
7.250 316.390 0.260 0.643 1.203 1.460 1.650 1.676 1.686 1.627 1.437 1.420 1.514 
7.250 398.240 0.178 0.549 1.116 1.361 1.530 1.534 1.529 1.448 1.249 1.254 1.393 
7.250 501.290 0.093 0.456 1.030 1.263 1.410 1.392 1.371 1.269 1.060 1.087 1.271 
7.250 631.040 0.010 0.362 0.957 1.198 1.351 1.333 1.313 1.207 0.990 1.018 1.172 
7.250 794.390 -0.074 0.268 0.884 1.134 1.294 1.278 1.259 1.150 0.924 0.952 1.073 
7.500 10.050 1.626 2.172 2.669 2.970 3.243 3.343 3.404 3.458 3.401 3.082 3.190 
7.500 10.080 1.626 2.172 2.669 2.970 3.243 3.343 3.404 3.458 3.401 3.082 3.190 
7.500 10.120 1.626 2.172 2.669 2.970 3.243 3.343 3.404 3.458 3.401 3.082 3.190 
7.500 10.200 1.626 2.172 2.669 2.970 3.243 3.343 3.404 3.458 3.401 3.082 3.190 
7.500 10.310 1.626 2.172 2.669 2.970 3.243 3.343 3.404 3.458 3.401 3.082 3.190 
7.500 10.490 1.626 2.172 2.669 2.970 3.243 3.343 3.404 3.458 3.401 3.082 3.190 
7.500 10.760 1.626 2.172 2.669 2.970 3.243 3.343 3.404 3.458 3.401 3.082 3.190 
7.500 11.180 1.626 2.172 2.669 2.970 3.243 3.343 3.404 3.458 3.401 3.082 3.190 
7.500 11.820 1.626 2.172 2.669 2.970 3.243 3.343 3.404 3.458 3.401 3.082 3.190 
7.500 12.770 1.626 2.172 2.669 2.970 3.243 3.343 3.404 3.458 3.401 3.082 3.190 
7.500 14.140 1.626 2.172 2.669 2.970 3.243 3.343 3.404 3.458 3.401 3.082 3.190 
7.500 16.080 1.592 2.138 2.636 2.936 3.207 3.307 3.367 3.421 3.364 3.058 3.152 
7.500 18.740 1.553 2.099 2.598 2.896 3.166 3.264 3.324 3.379 3.322 3.031 3.107 
7.500 22.320 1.514 2.060 2.559 2.857 3.124 3.221 3.281 3.336 3.280 3.003 3.062 
7.500 27.040 1.422 1.968 2.469 2.765 3.027 3.122 3.181 3.236 3.174 2.918 2.960 
7.500 33.160 1.287 1.821 2.322 2.615 2.872 2.965 3.023 3.076 3.003 2.773 2.797 
7.500 41.050 1.173 1.673 2.175 2.465 2.720 2.813 2.874 2.921 2.836 2.635 2.637 
7.500 51.110 1.050 1.530 2.032 2.319 2.571 2.666 2.728 2.770 2.673 2.498 2.482 
7.500 63.890 0.959 1.426 1.928 2.210 2.460 2.553 2.614 2.649 2.539 2.384 2.368 
7.500 80.060 0.867 1.322 1.824 2.102 2.348 2.439 2.499 2.528 2.405 2.270 2.254 
7.500 100.500 0.773 1.217 1.720 1.994 2.236 2.326 2.385 2.406 2.271 2.156 2.140 
7.500 126.290 0.699 1.135 1.639 1.907 2.140 2.220 2.272 2.284 2.138 2.041 2.044 
7.500 158.810 0.633 1.060 1.567 1.829 2.051 2.120 2.164 2.164 2.008 1.929 1.955 
7.500 199.780 0.568 0.985 1.496 1.750 1.962 2.020 2.056 2.044 1.878 1.817 1.867 
7.500 251.390 0.495 0.905 1.419 1.666 1.862 1.906 1.932 1.905 1.729 1.687 1.768 
7.500 316.390 0.409 0.812 1.334 1.569 1.744 1.765 1.776 1.728 1.544 1.524 1.650 
7.500 398.240 0.324 0.720 1.249 1.472 1.626 1.624 1.620 1.552 1.358 1.361 1.532 
7.500 501.290 0.239 0.627 1.164 1.376 1.507 1.484 1.464 1.376 1.173 1.198 1.414 
7.500 631.040 0.158 0.539 1.095 1.315 1.452 1.428 1.409 1.317 1.107 1.133 1.320 
7.500 794.390 0.077 0.451 1.028 1.255 1.398 1.376 1.358 1.264 1.046 1.071 1.226 
7.750 10.050 1.754 2.268 2.724 3.007 3.273 3.374 3.433 3.487 3.430 3.104 3.247 
7.750 10.080 1.754 2.268 2.724 3.007 3.273 3.374 3.433 3.487 3.430 3.104 3.247 
7.750 10.120 1.754 2.268 2.724 3.007 3.273 3.374 3.433 3.487 3.430 3.104 3.247 
7.750 10.200 1.754 2.268 2.724 3.007 3.273 3.374 3.433 3.487 3.430 3.104 3.247 
7.750 10.310 1.754 2.268 2.724 3.007 3.273 3.374 3.433 3.487 3.430 3.104 3.247 
7.750 10.490 1.754 2.268 2.724 3.007 3.273 3.374 3.433 3.487 3.430 3.104 3.247 
7.750 10.760 1.754 2.268 2.724 3.007 3.273 3.374 3.433 3.487 3.430 3.104 3.247 
7.750 11.180 1.754 2.268 2.724 3.007 3.273 3.374 3.433 3.487 3.430 3.104 3.247 
7.750 11.820 1.754 2.268 2.724 3.007 3.273 3.374 3.433 3.487 3.430 3.104 3.247 
7.750 12.770 1.754 2.268 2.724 3.007 3.273 3.374 3.433 3.487 3.430 3.104 3.247 
7.750 14.140 1.754 2.268 2.724 3.007 3.273 3.374 3.433 3.487 3.430 3.104 3.247 
7.750 16.080 1.737 2.251 2.708 2.990 3.255 3.356 3.414 3.469 3.411 3.092 3.228 
7.750 18.740 1.717 2.231 2.689 2.970 3.234 3.335 3.393 3.448 3.390 3.078 3.206 
7.750 22.320 1.697 2.211 2.669 2.950 3.213 3.313 3.372 3.427 3.369 3.064 3.184 
7.750 27.040 1.626 2.140 2.599 2.878 3.137 3.236 3.293 3.350 3.288 3.001 3.104 
7.750 33.160 1.498 2.013 2.474 2.750 3.002 3.096 3.154 3.211 3.142 2.884 2.962 
7.750 41.050 1.371 1.885 2.348 2.622 2.868 2.960 3.018 3.075 2.999 2.770 2.820 
7.750 51.110 1.271 1.757 2.223 2.493 2.736 2.827 2.887 2.941 2.856 2.657 2.681 
7.750 63.890 1.157 1.627 2.094 2.359 2.599 2.688 2.748 2.796 2.696 2.522 2.542 
7.750 80.060 1.037 1.498 1.965 2.226 2.461 2.549 2.609 2.650 2.536 2.386 2.403 
7.750 100.500 0.914 1.368 1.836 2.092 2.324 2.410 2.470 2.504 2.375 2.251 2.264 
7.750 126.290 0.830 1.277 1.749 1.999 2.223 2.303 2.358 2.381 2.241 2.137 2.163 
7.750 158.810 0.759 1.201 1.676 1.920 2.133 2.203 2.250 2.262 2.112 2.027 2.076 
7.750 199.780 0.689 1.126 1.604 1.842 2.044 2.103 2.143 2.144 1.983 1.916 1.989 
7.750 251.390 0.612 1.044 1.528 1.757 1.945 1.989 2.019 2.006 1.835 1.789 1.892 
7.750 316.390 0.524 0.951 1.443 1.661 1.827 1.848 1.863 1.831 1.652 1.628 1.776 
7.750 398.240 0.435 0.858 1.358 1.565 1.709 1.708 1.708 1.655 1.468 1.467 1.661 
7.750 501.290 0.347 0.765 1.273 1.468 1.591 1.567 1.552 1.480 1.284 1.307 1.545 
7.750 631.040 0.269 0.682 1.209 1.411 1.538 1.515 1.500 1.426 1.222 1.245 1.455 
7.750 794.390 0.191 0.599 1.145 1.355 1.488 1.466 1.453 1.376 1.165 1.188 1.367 
8.000 10.050 1.876 2.363 2.779 3.044 3.302 3.405 3.462 3.517 3.459 3.126 3.305 
8.000 10.080 1.876 2.363 2.779 3.044 3.302 3.405 3.462 3.517 3.459 3.126 3.305 
8.000 10.120 1.876 2.363 2.779 3.044 3.302 3.405 3.462 3.517 3.459 3.126 3.305 
8.000 10.200 1.876 2.363 2.779 3.044 3.302 3.405 3.462 3.517 3.459 3.126 3.305 
8.000 10.310 1.876 2.363 2.779 3.044 3.302 3.405 3.462 3.517 3.459 3.126 3.305 
8.000 10.490 1.876 2.363 2.779 3.044 3.302 3.405 3.462 3.517 3.459 3.126 3.305 
8.000 10.760 1.876 2.363 2.779 3.044 3.302 3.405 3.462 3.517 3.459 3.126 3.305 
8.000 11.180 1.876 2.363 2.779 3.044 3.302 3.405 3.462 3.517 3.459 3.126 3.305 
8.000 11.820 1.876 2.363 2.779 3.044 3.302 3.405 3.462 3.517 3.459 3.126 3.305 
8.000 12.770 1.876 2.363 2.779 3.044 3.302 3.405 3.462 3.517 3.459 3.126 3.305 
8.000 14.140 1.876 2.363 2.779 3.044 3.302 3.405 3.462 3.517 3.459 3.126 3.305 
8.000 16.080 1.876 2.363 2.779 3.044 3.302 3.405 3.462 3.517 3.459 3.126 3.305 
8.000 18.740 1.876 2.363 2.779 3.044 3.302 3.405 3.462 3.517 3.459 3.126 3.305 
8.000 22.320 1.876 2.363 2.779 3.044 3.302 3.405 3.462 3.517 3.459 3.126 3.305 
8.000 27.040 1.824 2.312 2.730 2.992 3.248 3.349 3.405 3.463 3.402 3.084 3.247 
8.000 33.160 1.717 2.204 2.626 2.885 3.134 3.231 3.288 3.348 3.284 2.997 3.127 
8.000 41.050 1.609 2.097 2.522 2.779 3.020 3.112 3.170 3.233 3.166 2.911 3.006 
8.000 51.110 1.497 1.985 2.413 2.667 2.900 2.989 3.047 3.112 3.040 2.816 2.881 
8.000 63.890 1.353 1.829 2.260 2.508 2.737 2.824 2.883 2.942 2.853 2.659 2.716 
8.000 80.060 1.205 1.674 2.107 2.349 2.575 2.660 2.719 2.772 2.667 2.503 2.551 
8.000 100.500 1.054 1.519 1.953 2.191 2.411 2.495 2.555 2.602 2.480 2.346 2.387 
8.000 126.290 0.959 1.420 1.858 2.090 2.303 2.381 2.438 2.474 2.339 2.229 2.281 
8.000 158.810 0.884 1.343 1.785 2.012 2.216 2.285 2.336 2.361 2.215 2.125 2.197 
8.000 199.780 0.807 1.266 1.713 1.933 2.127 2.185 2.229 2.244 2.088 2.016 2.111 
8.000 251.390 0.727 1.184 1.636 1.849 2.028 2.071 2.105 2.107 1.942 1.891 2.016 
8.000 316.390 0.634 1.090 1.551 1.753 1.910 1.931 1.950 1.933 1.760 1.732 1.903 
8.000 398.240 0.543 0.997 1.467 1.657 1.792 1.791 1.795 1.759 1.578 1.573 1.789 
8.000 501.290 0.451 0.904 1.383 1.561 1.674 1.651 1.640 1.584 1.396 1.415 1.676 
8.000 631.040 0.375 0.826 1.322 1.507 1.624 1.601 1.591 1.534 1.338 1.357 1.591 
8.000 794.390 0.298 0.748 1.262 1.454 1.577 1.555 1.547 1.488 1.285 1.304 1.507 
