CanadaSHM5_AA13_stablecrust_low , distance is rhypo. Log10 ground motion values in cgs units
          15 30 11 : nmag, ndist, nperiod
          10.000 5.000 2.000 1.000 0.500 0.300 0.200 0.100 0.050 PGA PGV 
          0.620 0.620 0.620 0.620 0.580 0.540 0.530 0.530 0.530 0.530 0.620
4.500 10.050 -2.293 -1.022 -0.050 0.657 1.345 1.738 2.038 2.312 2.374 1.880 1.180 
4.500 10.080 -2.300 -1.029 -0.053 0.652 1.338 1.729 2.030 2.307 2.370 1.880 1.175 
4.500 10.120 -2.305 -1.036 -0.057 0.647 1.331 1.720 2.022 2.303 2.367 1.880 1.171 
4.500 10.200 -2.301 -1.043 -0.060 0.643 1.324 1.711 2.015 2.298 2.364 1.880 1.166 
4.500 10.310 -2.308 -1.060 -0.072 0.628 1.305 1.689 1.994 2.283 2.351 1.872 1.152 
4.500 10.490 -2.304 -1.083 -0.090 0.607 1.279 1.660 1.966 2.261 2.333 1.860 1.132 
4.500 10.760 -2.301 -1.106 -0.107 0.587 1.253 1.630 1.939 2.240 2.316 1.847 1.113 
4.500 11.180 -2.305 -1.135 -0.132 0.559 1.220 1.593 1.903 2.210 2.287 1.826 1.085 
4.500 11.820 -2.321 -1.183 -0.183 0.504 1.162 1.534 1.843 2.152 2.224 1.778 1.031 
4.500 12.770 -2.331 -1.231 -0.234 0.451 1.104 1.475 1.784 2.094 2.162 1.730 0.977 
4.500 14.140 -2.341 -1.279 -0.285 0.397 1.047 1.417 1.725 2.036 2.099 1.683 0.924 
4.500 16.080 -2.386 -1.364 -0.380 0.304 0.953 1.325 1.629 1.933 1.977 1.586 0.824 
4.500 18.740 -2.436 -1.455 -0.483 0.205 0.853 1.229 1.527 1.822 1.845 1.482 0.717 
4.500 22.320 -2.485 -1.545 -0.584 0.106 0.754 1.133 1.426 1.712 1.715 1.379 0.611 
4.500 27.040 -2.548 -1.648 -0.698 -0.006 0.642 1.022 1.310 1.585 1.565 1.257 0.489 
4.500 33.160 -2.625 -1.767 -0.825 -0.132 0.516 0.896 1.177 1.439 1.397 1.114 0.349 
4.500 41.050 -2.699 -1.883 -0.951 -0.256 0.392 0.772 1.047 1.294 1.229 0.974 0.210 
4.500 51.110 -2.770 -1.995 -1.072 -0.377 0.271 0.650 0.918 1.153 1.067 0.837 0.075 
4.500 63.890 -2.816 -2.081 -1.162 -0.480 0.161 0.531 0.797 1.023 0.930 0.715 -0.046 
4.500 80.060 -2.857 -2.164 -1.249 -0.579 0.054 0.416 0.678 0.898 0.797 0.597 -0.163 
4.500 100.500 -2.892 -2.242 -1.332 -0.675 -0.048 0.306 0.564 0.776 0.668 0.483 -0.275 
4.500 126.290 -2.962 -2.352 -1.441 -0.803 -0.188 0.151 0.402 0.597 0.477 0.307 -0.430 
4.500 158.810 -3.034 -2.466 -1.551 -0.935 -0.334 -0.012 0.230 0.404 0.270 0.116 -0.593 
4.500 199.780 -3.106 -2.579 -1.661 -1.067 -0.481 -0.175 0.057 0.211 0.063 -0.076 -0.755 
4.500 251.390 -3.188 -2.702 -1.777 -1.205 -0.636 -0.349 -0.129 -0.000 -0.165 -0.287 -0.929 
4.500 316.390 -3.284 -2.840 -1.907 -1.354 -0.807 -0.544 -0.345 -0.247 -0.435 -0.535 -1.122 
4.500 398.240 -3.382 -2.978 -2.036 -1.504 -0.979 -0.738 -0.560 -0.495 -0.705 -0.784 -1.316 
4.500 501.290 -3.479 -3.116 -2.165 -1.653 -1.150 -0.933 -0.775 -0.742 -0.975 -1.032 -1.509 
4.500 631.040 -3.649 -3.327 -2.342 -1.812 -1.291 -1.068 -0.905 -0.874 -1.119 -1.176 -1.700 
4.500 794.390 -3.822 -3.541 -2.520 -1.971 -1.431 -1.199 -1.031 -1.001 -1.257 -1.316 -1.891 
4.750 10.050 -1.914 -0.735 0.213 0.897 1.539 1.905 2.187 2.437 2.477 1.994 1.350 
4.750 10.080 -1.919 -0.740 0.211 0.893 1.533 1.897 2.181 2.434 2.474 1.995 1.347 
4.750 10.120 -1.924 -0.745 0.208 0.889 1.526 1.890 2.174 2.431 2.472 1.996 1.343 
4.750 10.200 -1.921 -0.750 0.206 0.884 1.519 1.882 2.168 2.429 2.469 1.997 1.340 
4.750 10.310 -1.924 -0.765 0.193 0.869 1.500 1.860 2.148 2.415 2.456 1.990 1.326 
4.750 10.490 -1.924 -0.786 0.174 0.846 1.472 1.830 2.120 2.395 2.437 1.979 1.306 
4.750 10.760 -1.919 -0.808 0.156 0.823 1.445 1.800 2.092 2.376 2.418 1.968 1.287 
4.750 11.180 -1.923 -0.835 0.129 0.793 1.410 1.763 2.057 2.347 2.388 1.948 1.259 
4.750 11.820 -1.942 -0.884 0.077 0.738 1.351 1.705 1.998 2.290 2.326 1.902 1.204 
4.750 12.770 -1.955 -0.933 0.025 0.683 1.293 1.647 1.939 2.233 2.264 1.856 1.151 
4.750 14.140 -1.967 -0.981 -0.027 0.629 1.236 1.589 1.881 2.177 2.203 1.810 1.097 
4.750 16.080 -2.017 -1.069 -0.121 0.537 1.144 1.500 1.786 2.073 2.084 1.715 0.998 
4.750 18.740 -2.071 -1.162 -0.221 0.439 1.047 1.406 1.687 1.963 1.956 1.613 0.892 
4.750 22.320 -2.125 -1.255 -0.321 0.343 0.951 1.314 1.588 1.853 1.829 1.511 0.787 
4.750 27.040 -2.191 -1.359 -0.431 0.234 0.843 1.207 1.474 1.727 1.684 1.391 0.666 
4.750 33.160 -2.272 -1.477 -0.554 0.113 0.722 1.085 1.346 1.583 1.519 1.251 0.528 
4.750 41.050 -2.348 -1.594 -0.675 -0.006 0.603 0.965 1.219 1.441 1.357 1.112 0.391 
4.750 51.110 -2.420 -1.705 -0.791 -0.122 0.487 0.847 1.094 1.303 1.199 0.978 0.258 
4.750 63.890 -2.463 -1.785 -0.874 -0.221 0.382 0.733 0.978 1.180 1.070 0.862 0.142 
4.750 80.060 -2.500 -1.862 -0.955 -0.315 0.280 0.622 0.864 1.061 0.944 0.749 0.029 
4.750 100.500 -2.534 -1.934 -1.032 -0.406 0.183 0.516 0.755 0.946 0.823 0.641 -0.080 
4.750 126.290 -2.594 -2.031 -1.132 -0.529 0.049 0.367 0.601 0.778 0.645 0.477 -0.226 
4.750 158.810 -2.655 -2.131 -1.234 -0.655 -0.093 0.211 0.437 0.598 0.454 0.301 -0.378 
4.750 199.780 -2.716 -2.230 -1.336 -0.782 -0.234 0.054 0.273 0.418 0.263 0.124 -0.531 
4.750 251.390 -2.784 -2.338 -1.445 -0.915 -0.384 -0.113 0.094 0.218 0.049 -0.073 -0.694 
4.750 316.390 -2.873 -2.465 -1.567 -1.059 -0.550 -0.302 -0.113 -0.018 -0.207 -0.308 -0.878 
4.750 398.240 -2.961 -2.591 -1.690 -1.203 -0.716 -0.491 -0.321 -0.255 -0.463 -0.543 -1.061 
4.750 501.290 -3.049 -2.718 -1.813 -1.346 -0.882 -0.679 -0.528 -0.491 -0.719 -0.778 -1.245 
4.750 631.040 -3.207 -2.914 -1.976 -1.494 -1.013 -0.804 -0.649 -0.614 -0.853 -0.912 -1.426 
4.750 794.390 -3.368 -3.113 -2.142 -1.642 -1.143 -0.926 -0.766 -0.732 -0.982 -1.043 -1.607 
5.000 10.050 -1.539 -0.448 0.476 1.138 1.734 2.073 2.337 2.561 2.580 2.109 1.520 
5.000 10.080 -1.543 -0.451 0.475 1.134 1.728 2.066 2.331 2.560 2.578 2.111 1.518 
5.000 10.120 -1.546 -0.454 0.473 1.130 1.721 2.059 2.326 2.560 2.576 2.112 1.516 
5.000 10.200 -1.548 -0.457 0.471 1.126 1.715 2.053 2.321 2.559 2.574 2.115 1.514 
5.000 10.310 -1.548 -0.471 0.458 1.109 1.695 2.031 2.302 2.548 2.561 2.109 1.501 
5.000 10.490 -1.551 -0.490 0.438 1.085 1.665 2.001 2.274 2.530 2.540 2.099 1.481 
5.000 10.760 -1.544 -0.509 0.418 1.060 1.636 1.970 2.246 2.511 2.520 2.088 1.461 
5.000 11.180 -1.546 -0.536 0.390 1.028 1.600 1.933 2.211 2.484 2.489 2.070 1.433 
5.000 11.820 -1.569 -0.586 0.337 0.971 1.541 1.876 2.152 2.428 2.428 2.025 1.378 
5.000 12.770 -1.584 -0.635 0.285 0.915 1.482 1.818 2.094 2.372 2.367 1.981 1.324 
5.000 14.140 -1.599 -0.684 0.232 0.860 1.424 1.761 2.036 2.317 2.306 1.937 1.270 
5.000 16.080 -1.653 -0.774 0.139 0.769 1.335 1.675 1.944 2.214 2.190 1.844 1.172 
5.000 18.740 -1.712 -0.870 0.041 0.674 1.241 1.584 1.846 2.103 2.066 1.744 1.067 
5.000 22.320 -1.771 -0.964 -0.057 0.579 1.147 1.494 1.749 1.993 1.943 1.644 0.962 
5.000 27.040 -1.841 -1.070 -0.165 0.474 1.043 1.391 1.639 1.868 1.802 1.526 0.843 
5.000 33.160 -1.923 -1.188 -0.283 0.358 0.927 1.274 1.514 1.727 1.642 1.388 0.707 
5.000 41.050 -2.002 -1.304 -0.399 0.243 0.814 1.158 1.391 1.588 1.484 1.251 0.572 
5.000 51.110 -2.079 -1.414 -0.509 0.132 0.703 1.045 1.270 1.452 1.331 1.119 0.442 
5.000 63.890 -2.115 -1.489 -0.587 0.039 0.603 0.935 1.159 1.337 1.210 1.008 0.330 
5.000 80.060 -2.149 -1.560 -0.661 -0.052 0.506 0.828 1.051 1.224 1.091 0.901 0.221 
5.000 100.500 -2.182 -1.626 -0.731 -0.137 0.414 0.726 0.947 1.116 0.977 0.799 0.116 
5.000 126.290 -2.230 -1.711 -0.824 -0.255 0.285 0.584 0.800 0.959 0.813 0.647 -0.022 
5.000 158.810 -2.278 -1.796 -0.917 -0.376 0.149 0.433 0.644 0.792 0.638 0.486 -0.164 
5.000 199.780 -2.327 -1.880 -1.011 -0.497 0.013 0.283 0.488 0.624 0.462 0.324 -0.307 
5.000 251.390 -2.389 -1.975 -1.112 -0.624 -0.132 0.122 0.318 0.436 0.264 0.142 -0.460 
5.000 316.390 -2.466 -2.089 -1.228 -0.763 -0.292 -0.060 0.118 0.210 0.022 -0.080 -0.634 
5.000 398.240 -2.544 -2.204 -1.345 -0.901 -0.453 -0.243 -0.082 -0.015 -0.221 -0.302 -0.807 
5.000 501.290 -2.625 -2.319 -1.461 -1.040 -0.613 -0.425 -0.281 -0.241 -0.463 -0.524 -0.981 
5.000 631.040 -2.771 -2.501 -1.612 -1.176 -0.734 -0.541 -0.393 -0.354 -0.587 -0.649 -1.152 
5.000 794.390 -2.919 -2.685 -1.764 -1.312 -0.854 -0.653 -0.501 -0.463 -0.707 -0.770 -1.323 
5.250 10.050 -1.212 -0.205 0.691 1.315 1.869 2.189 2.437 2.649 2.654 2.194 1.659 
5.250 10.080 -1.212 -0.205 0.691 1.313 1.865 2.185 2.435 2.651 2.655 2.197 1.659 
5.250 10.120 -1.213 -0.206 0.691 1.311 1.862 2.182 2.433 2.653 2.656 2.201 1.660 
5.250 10.200 -1.214 -0.206 0.691 1.309 1.859 2.178 2.431 2.655 2.657 2.204 1.661 
5.250 10.310 -1.222 -0.218 0.678 1.293 1.839 2.158 2.413 2.644 2.644 2.199 1.648 
5.250 10.490 -1.228 -0.238 0.657 1.267 1.810 2.128 2.386 2.625 2.622 2.190 1.627 
5.250 10.760 -1.223 -0.257 0.637 1.241 1.781 2.099 2.359 2.606 2.600 2.180 1.607 
5.250 11.180 -1.223 -0.283 0.609 1.208 1.745 2.064 2.325 2.579 2.569 2.163 1.578 
5.250 11.820 -1.248 -0.331 0.557 1.153 1.688 2.009 2.269 2.524 2.510 2.120 1.524 
5.250 12.770 -1.263 -0.380 0.505 1.099 1.632 1.954 2.214 2.469 2.451 2.078 1.471 
5.250 14.140 -1.279 -0.428 0.453 1.045 1.576 1.900 2.158 2.414 2.392 2.036 1.417 
5.250 16.080 -1.334 -0.516 0.364 0.958 1.490 1.816 2.068 2.313 2.279 1.944 1.320 
5.250 18.740 -1.394 -0.610 0.269 0.867 1.401 1.729 1.973 2.203 2.157 1.844 1.216 
5.250 22.320 -1.453 -0.704 0.175 0.777 1.312 1.642 1.878 2.095 2.037 1.745 1.112 
5.250 27.040 -1.523 -0.808 0.072 0.677 1.213 1.542 1.770 1.972 1.899 1.628 0.994 
5.250 33.160 -1.604 -0.923 -0.041 0.566 1.103 1.428 1.646 1.833 1.742 1.491 0.860 
5.250 41.050 -1.684 -1.037 -0.153 0.457 0.994 1.315 1.524 1.696 1.587 1.355 0.728 
5.250 51.110 -1.758 -1.145 -0.259 0.351 0.889 1.204 1.406 1.563 1.438 1.224 0.600 
5.250 63.890 -1.799 -1.217 -0.334 0.262 0.794 1.098 1.297 1.451 1.320 1.117 0.491 
5.250 80.060 -1.834 -1.286 -0.405 0.176 0.702 0.995 1.193 1.342 1.206 1.013 0.385 
5.250 100.500 -1.866 -1.351 -0.472 0.094 0.614 0.896 1.092 1.238 1.096 0.913 0.284 
5.250 126.290 -1.914 -1.432 -0.562 -0.019 0.489 0.760 0.953 1.091 0.943 0.773 0.153 
5.250 158.810 -1.961 -1.512 -0.653 -0.137 0.358 0.617 0.807 0.937 0.781 0.626 0.018 
5.250 199.780 -2.008 -1.591 -0.744 -0.254 0.226 0.474 0.661 0.782 0.620 0.478 -0.116 
5.250 251.390 -2.063 -1.681 -0.842 -0.377 0.087 0.320 0.500 0.608 0.435 0.311 -0.261 
5.250 316.390 -2.140 -1.789 -0.954 -0.511 -0.068 0.144 0.310 0.395 0.208 0.104 -0.427 
5.250 398.240 -2.215 -1.898 -1.066 -0.645 -0.224 -0.031 0.120 0.182 -0.020 -0.103 -0.592 
5.250 501.290 -2.291 -2.007 -1.178 -0.779 -0.379 -0.207 -0.070 -0.030 -0.247 -0.310 -0.757 
5.250 631.040 -2.430 -2.177 -1.319 -0.906 -0.492 -0.314 -0.174 -0.136 -0.364 -0.427 -0.920 
5.250 794.390 -2.570 -2.350 -1.460 -1.032 -0.603 -0.419 -0.274 -0.236 -0.475 -0.540 -1.083 
5.500 10.050 -0.889 0.038 0.905 1.492 2.004 2.306 2.538 2.736 2.728 2.279 1.797 
5.500 10.080 -0.887 0.040 0.907 1.492 2.003 2.305 2.539 2.741 2.732 2.284 1.801 
5.500 10.120 -0.885 0.042 0.909 1.492 2.002 2.304 2.540 2.746 2.736 2.288 1.804 
5.500 10.200 -0.883 0.045 0.911 1.493 2.002 2.303 2.541 2.751 2.739 2.293 1.808 
5.500 10.310 -0.894 0.034 0.898 1.476 1.984 2.285 2.525 2.741 2.726 2.290 1.796 
5.500 10.490 -0.908 0.015 0.877 1.449 1.955 2.256 2.499 2.721 2.703 2.281 1.774 
5.500 10.760 -0.912 -0.004 0.855 1.422 1.925 2.228 2.472 2.701 2.680 2.272 1.752 
5.500 11.180 -0.909 -0.030 0.827 1.389 1.890 2.194 2.439 2.673 2.649 2.256 1.723 
5.500 11.820 -0.933 -0.077 0.776 1.335 1.836 2.142 2.386 2.619 2.592 2.215 1.670 
5.500 12.770 -0.950 -0.125 0.725 1.282 1.781 2.090 2.333 2.565 2.535 2.175 1.617 
5.500 14.140 -0.965 -0.172 0.675 1.229 1.728 2.038 2.280 2.512 2.478 2.135 1.565 
5.500 16.080 -1.021 -0.259 0.589 1.147 1.646 1.958 2.193 2.411 2.367 2.044 1.468 
5.500 18.740 -1.081 -0.351 0.498 1.060 1.561 1.874 2.100 2.304 2.249 1.945 1.364 
5.500 22.320 -1.141 -0.443 0.408 0.975 1.477 1.790 2.007 2.197 2.131 1.847 1.262 
5.500 27.040 -1.209 -0.545 0.309 0.879 1.383 1.693 1.901 2.076 1.996 1.731 1.145 
5.500 33.160 -1.291 -0.658 0.200 0.774 1.278 1.581 1.779 1.939 1.843 1.594 1.013 
5.500 41.050 -1.370 -0.769 0.094 0.670 1.175 1.471 1.658 1.804 1.691 1.460 0.883 
5.500 51.110 -1.445 -0.875 -0.008 0.570 1.075 1.363 1.541 1.673 1.545 1.330 0.757 
5.500 63.890 -1.485 -0.946 -0.080 0.485 0.985 1.261 1.436 1.565 1.431 1.226 0.652 
5.500 80.060 -1.523 -1.013 -0.149 0.403 0.897 1.161 1.335 1.460 1.320 1.125 0.550 
5.500 100.500 -1.555 -1.076 -0.214 0.325 0.814 1.066 1.238 1.359 1.214 1.028 0.452 
5.500 126.290 -1.602 -1.153 -0.301 0.216 0.694 0.936 1.107 1.223 1.072 0.899 0.328 
5.500 158.810 -1.647 -1.228 -0.389 0.102 0.567 0.800 0.970 1.082 0.924 0.766 0.201 
5.500 199.780 -1.692 -1.302 -0.476 -0.011 0.440 0.664 0.834 0.941 0.777 0.633 0.074 
5.500 251.390 -1.744 -1.387 -0.571 -0.130 0.306 0.517 0.683 0.780 0.607 0.480 -0.063 
5.500 316.390 -1.818 -1.489 -0.679 -0.259 0.155 0.349 0.502 0.580 0.394 0.288 -0.220 
5.500 398.240 -1.891 -1.592 -0.787 -0.389 0.005 0.180 0.322 0.380 0.181 0.096 -0.376 
5.500 501.290 -1.964 -1.695 -0.895 -0.518 -0.145 0.012 0.141 0.180 -0.032 -0.096 -0.533 
5.500 631.040 -2.093 -1.854 -1.025 -0.635 -0.250 -0.088 0.045 0.083 -0.140 -0.205 -0.687 
5.500 794.390 -2.226 -2.015 -1.157 -0.752 -0.352 -0.185 -0.048 -0.010 -0.244 -0.310 -0.842 
5.750 10.050 -0.602 0.254 1.080 1.632 2.114 2.402 2.621 2.808 2.794 2.355 1.917 
5.750 10.080 -0.600 0.256 1.082 1.632 2.114 2.402 2.622 2.812 2.797 2.359 1.920 
5.750 10.120 -0.598 0.258 1.084 1.632 2.113 2.401 2.623 2.815 2.800 2.363 1.923 
5.750 10.200 -0.596 0.260 1.085 1.633 2.113 2.401 2.624 2.819 2.802 2.368 1.926 
5.750 10.310 -0.604 0.252 1.076 1.620 2.099 2.387 2.612 2.810 2.792 2.366 1.917 
5.750 10.490 -0.618 0.238 1.059 1.598 2.076 2.365 2.592 2.794 2.774 2.362 1.901 
5.750 10.760 -0.625 0.224 1.043 1.577 2.053 2.343 2.572 2.778 2.756 2.357 1.885 
5.750 11.180 -0.627 0.203 1.019 1.549 2.024 2.314 2.544 2.753 2.729 2.344 1.860 
5.750 11.820 -0.645 0.156 0.968 1.496 1.970 2.262 2.491 2.700 2.673 2.305 1.807 
5.750 12.770 -0.665 0.110 0.918 1.444 1.917 2.211 2.439 2.647 2.616 2.266 1.754 
5.750 14.140 -0.678 0.064 0.869 1.392 1.864 2.161 2.388 2.594 2.561 2.228 1.702 
5.750 16.080 -0.733 -0.022 0.785 1.312 1.785 2.081 2.301 2.496 2.452 2.137 1.606 
5.750 18.740 -0.793 -0.113 0.697 1.227 1.701 1.998 2.209 2.391 2.336 2.040 1.504 
5.750 22.320 -0.852 -0.203 0.609 1.144 1.619 1.915 2.117 2.287 2.220 1.943 1.402 
5.750 27.040 -0.922 -0.303 0.513 1.052 1.527 1.819 2.012 2.169 2.088 1.828 1.287 
5.750 33.160 -1.004 -0.413 0.408 0.950 1.426 1.710 1.892 2.035 1.937 1.693 1.157 
5.750 41.050 -1.084 -0.522 0.305 0.851 1.327 1.602 1.773 1.902 1.789 1.560 1.029 
5.750 51.110 -1.158 -0.625 0.206 0.754 1.231 1.497 1.658 1.774 1.645 1.432 0.906 
5.750 63.890 -1.200 -0.694 0.136 0.672 1.143 1.398 1.556 1.669 1.532 1.328 0.803 
5.750 80.060 -1.237 -0.760 0.069 0.593 1.059 1.302 1.457 1.566 1.423 1.229 0.704 
5.750 100.500 -1.271 -0.822 0.007 0.519 0.979 1.210 1.363 1.468 1.318 1.133 0.609 
5.750 126.290 -1.319 -0.897 -0.078 0.413 0.863 1.085 1.237 1.336 1.181 1.010 0.489 
5.750 158.810 -1.364 -0.969 -0.164 0.303 0.741 0.954 1.107 1.200 1.040 0.885 0.368 
5.750 199.780 -1.408 -1.041 -0.249 0.192 0.618 0.823 0.977 1.063 0.899 0.760 0.247 
5.750 251.390 -1.463 -1.123 -0.342 0.077 0.488 0.682 0.832 0.907 0.736 0.615 0.116 
5.750 316.390 -1.536 -1.222 -0.447 -0.049 0.342 0.518 0.657 0.713 0.531 0.431 -0.034 
5.750 398.240 -1.607 -1.322 -0.551 -0.174 0.196 0.354 0.481 0.518 0.326 0.248 -0.185 
5.750 501.290 -1.680 -1.421 -0.656 -0.300 0.049 0.190 0.306 0.324 0.121 0.065 -0.335 
5.750 631.040 -1.802 -1.570 -0.778 -0.409 -0.048 0.097 0.216 0.232 0.018 -0.038 -0.482 
5.750 794.390 -1.927 -1.722 -0.901 -0.518 -0.144 0.007 0.130 0.144 -0.080 -0.137 -0.630 
6.000 10.050 -0.317 0.469 1.256 1.772 2.225 2.499 2.705 2.880 2.859 2.432 2.037 
6.000 10.080 -0.315 0.471 1.257 1.772 2.224 2.499 2.705 2.882 2.861 2.435 2.039 
6.000 10.120 -0.314 0.473 1.259 1.772 2.224 2.499 2.706 2.884 2.864 2.439 2.041 
6.000 10.200 -0.312 0.475 1.260 1.773 2.224 2.499 2.707 2.886 2.866 2.442 2.043 
6.000 10.310 -0.316 0.470 1.254 1.763 2.214 2.489 2.699 2.880 2.858 2.443 2.038 
6.000 10.490 -0.325 0.461 1.242 1.748 2.198 2.473 2.685 2.868 2.845 2.442 2.028 
6.000 10.760 -0.334 0.452 1.231 1.733 2.182 2.457 2.671 2.856 2.832 2.442 2.017 
6.000 11.180 -0.348 0.435 1.210 1.709 2.157 2.433 2.648 2.834 2.809 2.433 1.997 
6.000 11.820 -0.369 0.389 1.161 1.657 2.105 2.383 2.597 2.781 2.753 2.395 1.944 
6.000 12.770 -0.384 0.344 1.111 1.606 2.053 2.333 2.546 2.729 2.698 2.358 1.892 
6.000 14.140 -0.399 0.299 1.063 1.555 2.001 2.283 2.495 2.677 2.643 2.320 1.840 
6.000 16.080 -0.453 0.215 0.981 1.477 1.923 2.204 2.409 2.581 2.537 2.232 1.745 
6.000 18.740 -0.513 0.125 0.895 1.395 1.842 2.121 2.317 2.478 2.423 2.135 1.643 
6.000 22.320 -0.573 0.037 0.810 1.313 1.761 2.040 2.227 2.377 2.309 2.039 1.543 
6.000 27.040 -0.642 -0.061 0.717 1.224 1.672 1.945 2.123 2.261 2.180 1.925 1.429 
6.000 33.160 -0.723 -0.169 0.615 1.127 1.575 1.839 2.005 2.130 2.032 1.791 1.301 
6.000 41.050 -0.802 -0.274 0.516 1.031 1.479 1.734 1.888 2.001 1.886 1.660 1.176 
6.000 51.110 -0.876 -0.375 0.421 0.939 1.386 1.631 1.775 1.876 1.745 1.533 1.054 
6.000 63.890 -0.918 -0.442 0.352 0.860 1.302 1.535 1.675 1.772 1.633 1.431 0.954 
6.000 80.060 -0.957 -0.507 0.288 0.784 1.221 1.443 1.580 1.672 1.525 1.332 0.858 
6.000 100.500 -0.991 -0.567 0.227 0.713 1.145 1.354 1.488 1.577 1.421 1.238 0.766 
6.000 126.290 -1.040 -0.640 0.144 0.610 1.033 1.233 1.368 1.449 1.290 1.121 0.651 
6.000 158.810 -1.085 -0.710 0.061 0.503 0.915 1.108 1.244 1.318 1.155 1.004 0.536 
6.000 199.780 -1.131 -0.780 -0.022 0.396 0.797 0.983 1.120 1.186 1.020 0.886 0.420 
6.000 251.390 -1.186 -0.859 -0.112 0.284 0.670 0.846 0.981 1.035 0.864 0.750 0.295 
6.000 316.390 -1.257 -0.955 -0.214 0.162 0.528 0.687 0.811 0.846 0.667 0.575 0.151 
6.000 398.240 -1.329 -1.052 -0.316 0.041 0.386 0.528 0.641 0.657 0.470 0.400 0.007 
6.000 501.290 -1.401 -1.148 -0.417 -0.081 0.243 0.369 0.471 0.468 0.273 0.226 -0.137 
6.000 631.040 -1.516 -1.287 -0.530 -0.183 0.153 0.283 0.388 0.381 0.177 0.130 -0.277 
6.000 794.390 -1.633 -1.429 -0.644 -0.284 0.065 0.199 0.308 0.299 0.084 0.037 -0.417 
6.250 10.050 -0.063 0.663 1.405 1.894 2.328 2.588 2.781 2.937 2.915 2.497 2.141 
6.250 10.080 -0.062 0.664 1.406 1.894 2.328 2.588 2.781 2.938 2.916 2.499 2.142 
6.250 10.120 -0.061 0.665 1.407 1.894 2.328 2.588 2.782 2.939 2.917 2.501 2.144 
6.250 10.200 -0.060 0.667 1.408 1.895 2.328 2.588 2.783 2.941 2.919 2.502 2.145 
6.250 10.310 -0.061 0.665 1.405 1.890 2.323 2.583 2.779 2.938 2.915 2.505 2.143 
6.250 10.490 -0.064 0.662 1.400 1.882 2.315 2.575 2.772 2.932 2.910 2.507 2.140 
6.250 10.760 -0.067 0.660 1.395 1.874 2.306 2.567 2.766 2.927 2.904 2.510 2.137 
6.250 11.180 -0.079 0.647 1.381 1.857 2.288 2.550 2.749 2.911 2.887 2.504 2.123 
6.250 11.820 -0.121 0.605 1.335 1.809 2.239 2.502 2.701 2.862 2.836 2.473 2.075 
6.250 12.770 -0.134 0.564 1.290 1.761 2.190 2.454 2.653 2.813 2.785 2.443 2.026 
6.250 14.140 -0.145 0.522 1.245 1.714 2.142 2.407 2.606 2.764 2.734 2.413 1.979 
6.250 16.080 -0.195 0.439 1.163 1.635 2.062 2.325 2.518 2.669 2.629 2.326 1.884 
6.250 18.740 -0.255 0.350 1.076 1.551 1.977 2.239 2.424 2.568 2.516 2.231 1.782 
6.250 22.320 -0.315 0.261 0.990 1.468 1.893 2.154 2.331 2.467 2.403 2.136 1.681 
6.250 27.040 -0.385 0.164 0.897 1.378 1.803 2.059 2.226 2.353 2.274 2.023 1.568 
6.250 33.160 -0.464 0.058 0.797 1.282 1.706 1.952 2.108 2.224 2.128 1.891 1.442 
6.250 41.050 -0.544 -0.046 0.698 1.188 1.611 1.848 1.992 2.097 1.984 1.760 1.317 
6.250 51.110 -0.619 -0.145 0.605 1.096 1.518 1.746 1.879 1.974 1.844 1.634 1.197 
6.250 63.890 -0.663 -0.212 0.538 1.020 1.437 1.653 1.783 1.873 1.733 1.533 1.099 
6.250 80.060 -0.704 -0.276 0.475 0.947 1.360 1.565 1.690 1.775 1.626 1.435 1.005 
6.250 100.500 -0.741 -0.335 0.415 0.878 1.286 1.480 1.601 1.682 1.523 1.342 0.915 
6.250 126.290 -0.791 -0.407 0.336 0.779 1.178 1.364 1.485 1.558 1.393 1.229 0.805 
6.250 158.810 -0.837 -0.474 0.256 0.677 1.065 1.244 1.367 1.430 1.261 1.116 0.696 
6.250 199.780 -0.883 -0.542 0.176 0.574 0.952 1.124 1.249 1.302 1.129 1.003 0.586 
6.250 251.390 -0.937 -0.619 0.090 0.466 0.830 0.992 1.114 1.155 0.977 0.871 0.466 
6.250 316.390 -1.010 -0.713 -0.009 0.348 0.691 0.837 0.948 0.968 0.783 0.701 0.328 
6.250 398.240 -1.083 -0.807 -0.107 0.229 0.552 0.681 0.782 0.782 0.589 0.532 0.189 
6.250 501.290 -1.155 -0.901 -0.206 0.111 0.413 0.525 0.616 0.596 0.395 0.362 0.050 
6.250 631.040 -1.263 -1.032 -0.312 0.016 0.329 0.445 0.538 0.514 0.302 0.271 -0.083 
6.250 794.390 -1.374 -1.164 -0.417 -0.078 0.247 0.367 0.463 0.436 0.215 0.183 -0.216 
6.500 10.050 0.190 0.857 1.555 2.016 2.432 2.677 2.857 2.994 2.970 2.562 2.245 
6.500 10.080 0.191 0.858 1.555 2.016 2.432 2.677 2.857 2.994 2.971 2.562 2.245 
6.500 10.120 0.191 0.858 1.555 2.016 2.432 2.677 2.857 2.994 2.971 2.563 2.246 
6.500 10.200 0.191 0.858 1.556 2.017 2.433 2.678 2.858 2.995 2.971 2.563 2.246 
6.500 10.310 0.193 0.860 1.557 2.016 2.432 2.678 2.858 2.996 2.973 2.566 2.249 
6.500 10.490 0.196 0.863 1.558 2.016 2.432 2.677 2.859 2.997 2.974 2.572 2.253 
6.500 10.760 0.199 0.867 1.560 2.016 2.431 2.677 2.860 2.999 2.976 2.577 2.257 
6.500 11.180 0.193 0.860 1.551 2.005 2.419 2.666 2.850 2.989 2.966 2.576 2.249 
6.500 11.820 0.154 0.822 1.509 1.960 2.373 2.621 2.805 2.943 2.919 2.552 2.205 
6.500 12.770 0.116 0.783 1.468 1.917 2.328 2.575 2.761 2.897 2.872 2.528 2.161 
6.500 14.140 0.101 0.746 1.427 1.873 2.282 2.530 2.716 2.852 2.825 2.504 2.117 
6.500 16.080 0.053 0.663 1.344 1.793 2.200 2.447 2.627 2.758 2.721 2.420 2.023 
6.500 18.740 -0.004 0.574 1.256 1.708 2.113 2.357 2.531 2.657 2.609 2.326 1.921 
6.500 22.320 -0.064 0.485 1.169 1.623 2.026 2.269 2.436 2.557 2.497 2.233 1.820 
6.500 27.040 -0.133 0.389 1.076 1.533 1.934 2.172 2.330 2.444 2.369 2.122 1.707 
6.500 33.160 -0.213 0.285 0.978 1.438 1.838 2.066 2.212 2.318 2.224 1.990 1.582 
6.500 41.050 -0.292 0.182 0.881 1.344 1.743 1.962 2.096 2.193 2.081 1.860 1.459 
6.500 51.110 -0.368 0.085 0.789 1.254 1.651 1.861 1.984 2.073 1.943 1.735 1.339 
6.500 63.890 -0.413 0.018 0.723 1.180 1.573 1.772 1.890 1.974 1.833 1.635 1.244 
6.500 80.060 -0.458 -0.045 0.661 1.109 1.498 1.686 1.800 1.879 1.726 1.538 1.152 
6.500 100.500 -0.494 -0.103 0.604 1.043 1.427 1.605 1.714 1.787 1.624 1.446 1.065 
6.500 126.290 -0.545 -0.173 0.527 0.948 1.324 1.494 1.602 1.667 1.497 1.336 0.959 
6.500 158.810 -0.591 -0.239 0.451 0.850 1.216 1.380 1.490 1.543 1.368 1.228 0.856 
6.500 199.780 -0.638 -0.304 0.375 0.752 1.108 1.266 1.377 1.419 1.239 1.120 0.752 
6.500 251.390 -0.695 -0.379 0.292 0.648 0.990 1.139 1.248 1.275 1.088 0.992 0.638 
6.500 316.390 -0.767 -0.471 0.196 0.533 0.855 0.986 1.086 1.091 0.898 0.827 0.504 
6.500 398.240 -0.840 -0.563 0.101 0.418 0.719 0.834 0.923 0.908 0.707 0.663 0.371 
6.500 501.290 -0.914 -0.655 0.005 0.302 0.583 0.682 0.761 0.724 0.516 0.499 0.237 
6.500 631.040 -1.017 -0.777 -0.093 0.215 0.505 0.607 0.688 0.647 0.428 0.412 0.111 
6.500 794.390 -1.122 -0.900 -0.190 0.128 0.430 0.535 0.618 0.574 0.345 0.329 -0.015 
6.750 10.050 0.411 1.026 1.669 2.100 2.499 2.737 2.912 3.038 3.018 2.621 2.340 
6.750 10.080 0.411 1.026 1.669 2.101 2.499 2.737 2.912 3.038 3.018 2.621 2.340 
6.750 10.120 0.411 1.027 1.670 2.101 2.500 2.738 2.912 3.039 3.019 2.622 2.340 
6.750 10.200 0.412 1.027 1.670 2.101 2.500 2.738 2.913 3.039 3.019 2.622 2.341 
6.750 10.310 0.413 1.028 1.671 2.101 2.500 2.738 2.913 3.040 3.020 2.624 2.342 
6.750 10.490 0.415 1.030 1.672 2.101 2.500 2.739 2.914 3.041 3.021 2.628 2.345 
6.750 10.760 0.417 1.032 1.674 2.102 2.500 2.739 2.915 3.042 3.022 2.632 2.348 
6.750 11.180 0.414 1.029 1.669 2.096 2.494 2.733 2.910 3.037 3.017 2.632 2.344 
6.750 11.820 0.394 1.009 1.647 2.072 2.469 2.708 2.885 3.012 2.992 2.623 2.321 
6.750 12.770 0.374 0.990 1.625 2.049 2.444 2.683 2.861 2.987 2.966 2.613 2.299 
6.750 14.140 0.355 0.970 1.603 2.025 2.419 2.659 2.837 2.963 2.941 2.604 2.277 
6.750 16.080 0.284 0.887 1.519 1.943 2.334 2.572 2.745 2.869 2.838 2.525 2.181 
6.750 18.740 0.230 0.794 1.426 1.852 2.239 2.475 2.644 2.764 2.724 2.434 2.075 
6.750 22.320 0.171 0.701 1.334 1.761 2.146 2.379 2.543 2.660 2.610 2.344 1.969 
6.750 27.040 0.098 0.602 1.237 1.667 2.048 2.276 2.432 2.544 2.479 2.233 1.852 
6.750 33.160 0.016 0.495 1.137 1.569 1.947 2.166 2.312 2.416 2.331 2.099 1.725 
6.750 41.050 -0.068 0.390 1.037 1.472 1.847 2.058 2.193 2.289 2.185 1.967 1.599 
6.750 51.110 -0.147 0.290 0.943 1.379 1.751 1.954 2.078 2.166 2.044 1.840 1.477 
6.750 63.890 -0.196 0.222 0.878 1.307 1.674 1.867 1.985 2.067 1.931 1.737 1.382 
6.750 80.060 -0.244 0.157 0.816 1.239 1.601 1.784 1.895 1.971 1.822 1.638 1.289 
6.750 100.500 -0.286 0.097 0.758 1.174 1.532 1.704 1.810 1.880 1.718 1.543 1.201 
6.750 126.290 -0.338 0.028 0.685 1.085 1.435 1.599 1.702 1.761 1.591 1.434 1.100 
6.750 158.810 -0.385 -0.037 0.613 0.993 1.336 1.491 1.594 1.639 1.464 1.329 1.002 
6.750 199.780 -0.434 -0.101 0.542 0.902 1.236 1.383 1.485 1.518 1.337 1.224 0.904 
6.750 251.390 -0.491 -0.175 0.463 0.804 1.125 1.261 1.359 1.376 1.189 1.099 0.796 
6.750 316.390 -0.567 -0.265 0.371 0.693 0.995 1.113 1.200 1.195 1.001 0.938 0.667 
6.750 398.240 -0.640 -0.356 0.280 0.581 0.864 0.964 1.041 1.013 0.813 0.777 0.539 
6.750 501.290 -0.716 -0.447 0.188 0.470 0.733 0.816 0.881 0.832 0.624 0.615 0.411 
6.750 631.040 -0.815 -0.561 0.096 0.389 0.661 0.745 0.812 0.758 0.541 0.533 0.291 
6.750 794.390 -0.914 -0.677 0.005 0.308 0.591 0.678 0.747 0.690 0.461 0.455 0.172 
7.000 10.050 0.627 1.194 1.784 2.185 2.567 2.798 2.966 3.082 3.065 2.680 2.434 
7.000 10.080 0.627 1.195 1.784 2.185 2.567 2.798 2.967 3.082 3.066 2.680 2.434 
7.000 10.120 0.628 1.195 1.784 2.185 2.567 2.798 2.967 3.083 3.066 2.681 2.435 
7.000 10.200 0.628 1.195 1.785 2.186 2.568 2.799 2.968 3.083 3.066 2.681 2.435 
7.000 10.310 0.629 1.196 1.785 2.186 2.568 2.799 2.968 3.083 3.067 2.682 2.436 
7.000 10.490 0.630 1.197 1.786 2.187 2.569 2.800 2.969 3.084 3.068 2.684 2.437 
7.000 10.760 0.631 1.198 1.787 2.188 2.570 2.801 2.970 3.085 3.069 2.686 2.439 
7.000 11.180 0.631 1.199 1.787 2.188 2.569 2.800 2.969 3.085 3.069 2.689 2.439 
7.000 11.820 0.630 1.197 1.784 2.184 2.564 2.796 2.965 3.081 3.065 2.694 2.438 
7.000 12.770 0.628 1.196 1.782 2.181 2.560 2.791 2.961 3.077 3.060 2.699 2.436 
7.000 14.140 0.627 1.195 1.779 2.178 2.556 2.788 2.958 3.074 3.056 2.704 2.436 
7.000 16.080 0.543 1.111 1.694 2.093 2.467 2.697 2.864 2.979 2.955 2.629 2.339 
7.000 18.740 0.448 1.014 1.596 1.996 2.366 2.592 2.756 2.871 2.838 2.542 2.228 
7.000 22.320 0.391 0.917 1.499 1.900 2.265 2.489 2.649 2.763 2.723 2.455 2.118 
7.000 27.040 0.321 0.815 1.399 1.801 2.162 2.380 2.534 2.644 2.590 2.345 1.998 
7.000 33.160 0.237 0.706 1.295 1.700 2.056 2.267 2.411 2.514 2.438 2.209 1.867 
7.000 41.050 0.151 0.598 1.193 1.600 1.951 2.155 2.289 2.384 2.288 2.074 1.739 
7.000 51.110 0.069 0.496 1.097 1.505 1.851 2.047 2.172 2.260 2.144 1.944 1.615 
7.000 63.890 0.016 0.426 1.032 1.434 1.776 1.962 2.080 2.160 2.029 1.839 1.519 
7.000 80.060 -0.034 0.360 0.971 1.368 1.705 1.881 1.991 2.064 1.918 1.738 1.426 
7.000 100.500 -0.082 0.298 0.913 1.305 1.637 1.803 1.906 1.973 1.811 1.640 1.338 
7.000 126.290 -0.135 0.229 0.843 1.221 1.547 1.703 1.802 1.855 1.685 1.533 1.241 
7.000 158.810 -0.185 0.165 0.776 1.136 1.455 1.601 1.698 1.736 1.560 1.430 1.148 
7.000 199.780 -0.235 0.102 0.709 1.052 1.363 1.500 1.593 1.617 1.435 1.328 1.056 
7.000 251.390 -0.294 0.030 0.635 0.959 1.260 1.384 1.471 1.477 1.289 1.206 0.954 
7.000 316.390 -0.370 -0.060 0.546 0.852 1.135 1.239 1.315 1.298 1.104 1.048 0.831 
7.000 398.240 -0.445 -0.149 0.458 0.745 1.009 1.094 1.158 1.118 0.918 0.890 0.708 
7.000 501.290 -0.523 -0.239 0.370 0.638 0.884 0.949 1.001 0.939 0.733 0.732 0.585 
7.000 631.040 -0.617 -0.346 0.285 0.563 0.817 0.884 0.936 0.870 0.653 0.655 0.471 
7.000 794.390 -0.712 -0.454 0.201 0.488 0.753 0.822 0.876 0.805 0.578 0.580 0.358 
7.250 10.050 0.803 1.329 1.862 2.234 2.600 2.832 2.995 3.107 3.087 2.715 2.515 
7.250 10.080 0.804 1.329 1.862 2.234 2.600 2.832 2.995 3.107 3.087 2.716 2.515 
7.250 10.120 0.804 1.329 1.863 2.234 2.600 2.832 2.995 3.108 3.088 2.716 2.515 
7.250 10.200 0.804 1.330 1.863 2.235 2.601 2.833 2.996 3.108 3.088 2.716 2.516 
7.250 10.310 0.805 1.330 1.864 2.235 2.601 2.833 2.996 3.109 3.088 2.717 2.516 
7.250 10.490 0.806 1.331 1.864 2.236 2.602 2.834 2.997 3.109 3.089 2.719 2.517 
7.250 10.760 0.807 1.332 1.865 2.237 2.603 2.835 2.998 3.110 3.090 2.720 2.518 
7.250 11.180 0.808 1.333 1.866 2.237 2.603 2.835 2.998 3.110 3.091 2.723 2.520 
7.250 11.820 0.808 1.334 1.865 2.235 2.600 2.832 2.996 3.109 3.090 2.729 2.520 
7.250 12.770 0.809 1.334 1.865 2.234 2.598 2.830 2.994 3.109 3.089 2.735 2.521 
7.250 14.140 0.810 1.335 1.864 2.233 2.596 2.829 2.993 3.108 3.089 2.742 2.523 
7.250 16.080 0.753 1.278 1.807 2.176 2.535 2.765 2.928 3.044 3.021 2.696 2.456 
7.250 18.740 0.687 1.212 1.740 2.110 2.464 2.692 2.852 2.969 2.942 2.641 2.379 
7.250 22.320 0.621 1.147 1.674 2.044 2.394 2.619 2.778 2.896 2.863 2.588 2.303 
7.250 27.040 0.557 1.053 1.583 1.953 2.298 2.518 2.672 2.788 2.743 2.490 2.193 
7.250 33.160 0.465 0.928 1.463 1.836 2.173 2.385 2.532 2.643 2.578 2.343 2.045 
7.250 41.050 0.364 0.805 1.346 1.719 2.050 2.255 2.394 2.499 2.415 2.198 1.899 
7.250 51.110 0.265 0.688 1.234 1.609 1.933 2.129 2.261 2.361 2.257 2.059 1.759 
7.250 63.890 0.204 0.611 1.164 1.535 1.852 2.038 2.163 2.255 2.134 1.946 1.656 
7.250 80.060 0.144 0.537 1.097 1.464 1.775 1.950 2.068 2.152 2.014 1.837 1.557 
7.250 100.500 0.087 0.468 1.035 1.398 1.702 1.866 1.977 2.053 1.899 1.732 1.462 
7.250 126.290 0.028 0.397 0.967 1.319 1.616 1.767 1.872 1.935 1.772 1.623 1.368 
7.250 158.810 -0.024 0.333 0.905 1.243 1.532 1.670 1.769 1.818 1.648 1.522 1.281 
7.250 199.780 -0.077 0.269 0.844 1.167 1.449 1.573 1.666 1.700 1.525 1.420 1.194 
7.250 251.390 -0.139 0.197 0.774 1.082 1.354 1.460 1.546 1.563 1.381 1.300 1.097 
7.250 316.390 -0.219 0.107 0.690 0.981 1.234 1.318 1.390 1.385 1.198 1.145 0.979 
7.250 398.240 -0.296 0.018 0.606 0.879 1.115 1.176 1.234 1.208 1.015 0.989 0.861 
7.250 501.290 -0.377 -0.072 0.522 0.778 0.995 1.034 1.078 1.030 0.832 0.833 0.743 
7.250 631.040 -0.467 -0.173 0.443 0.708 0.933 0.972 1.016 0.965 0.756 0.759 0.636 
7.250 794.390 -0.558 -0.274 0.364 0.639 0.872 0.913 0.958 0.903 0.684 0.689 0.528 
7.500 10.050 0.974 1.463 1.941 2.283 2.633 2.866 3.023 3.132 3.108 2.751 2.595 
7.500 10.080 0.975 1.464 1.941 2.283 2.633 2.866 3.023 3.132 3.109 2.751 2.595 
7.500 10.120 0.975 1.464 1.941 2.283 2.633 2.866 3.023 3.132 3.109 2.752 2.596 
7.500 10.200 0.975 1.464 1.942 2.284 2.634 2.867 3.024 3.133 3.109 2.752 2.596 
7.500 10.310 0.976 1.465 1.942 2.284 2.634 2.867 3.024 3.133 3.110 2.753 2.597 
7.500 10.490 0.977 1.466 1.943 2.285 2.635 2.868 3.025 3.134 3.111 2.753 2.597 
7.500 10.760 0.977 1.466 1.944 2.286 2.636 2.869 3.026 3.135 3.111 2.754 2.598 
7.500 11.180 0.979 1.468 1.945 2.287 2.636 2.869 3.027 3.136 3.113 2.756 2.600 
7.500 11.820 0.981 1.470 1.946 2.287 2.636 2.869 3.027 3.138 3.116 2.764 2.603 
7.500 12.770 0.984 1.473 1.947 2.288 2.636 2.869 3.028 3.140 3.119 2.771 2.606 
7.500 14.140 0.987 1.476 1.950 2.289 2.637 2.870 3.029 3.142 3.122 2.779 2.610 
7.500 16.080 0.957 1.446 1.919 2.258 2.602 2.833 2.992 3.108 3.086 2.762 2.573 
7.500 18.740 0.922 1.411 1.884 2.223 2.562 2.791 2.949 3.068 3.045 2.741 2.531 
7.500 22.320 0.887 1.376 1.849 2.189 2.523 2.749 2.907 3.029 3.004 2.721 2.489 
7.500 27.040 0.802 1.291 1.767 2.106 2.434 2.655 2.810 2.931 2.897 2.635 2.388 
7.500 33.160 0.674 1.150 1.631 1.971 2.290 2.504 2.653 2.772 2.718 2.478 2.222 
7.500 41.050 0.568 1.012 1.498 1.839 2.148 2.355 2.498 2.614 2.541 2.323 2.059 
7.500 51.110 0.457 0.880 1.372 1.713 2.014 2.212 2.350 2.462 2.370 2.173 1.902 
7.500 63.890 0.387 0.796 1.296 1.635 1.928 2.114 2.245 2.349 2.238 2.053 1.793 
7.500 80.060 0.318 0.715 1.224 1.561 1.845 2.020 2.145 2.239 2.110 1.936 1.688 
7.500 100.500 0.252 0.638 1.156 1.491 1.766 1.930 2.048 2.133 1.986 1.823 1.587 
7.500 126.290 0.187 0.565 1.091 1.417 1.685 1.832 1.942 2.015 1.858 1.714 1.495 
7.500 158.810 0.131 0.500 1.035 1.350 1.610 1.739 1.841 1.900 1.736 1.613 1.413 
7.500 199.780 0.076 0.436 0.979 1.282 1.535 1.646 1.739 1.784 1.614 1.512 1.332 
7.500 251.390 0.011 0.363 0.914 1.205 1.447 1.537 1.620 1.648 1.472 1.394 1.240 
7.500 316.390 -0.071 0.274 0.834 1.109 1.334 1.398 1.465 1.473 1.292 1.241 1.127 
7.500 398.240 -0.153 0.185 0.754 1.014 1.220 1.258 1.310 1.298 1.112 1.087 1.014 
7.500 501.290 -0.235 0.096 0.674 0.918 1.106 1.118 1.155 1.122 0.932 0.934 0.902 
7.500 631.040 -0.323 0.001 0.600 0.853 1.048 1.059 1.096 1.059 0.859 0.864 0.800 
7.500 794.390 -0.410 -0.094 0.527 0.789 0.992 1.003 1.041 1.001 0.791 0.797 0.698 
7.750 10.050 1.094 1.551 1.987 2.307 2.646 2.884 3.034 3.145 3.117 2.759 2.648 
7.750 10.080 1.095 1.552 1.987 2.307 2.646 2.884 3.035 3.145 3.118 2.759 2.648 
7.750 10.120 1.095 1.552 1.988 2.308 2.647 2.884 3.035 3.145 3.118 2.760 2.648 
7.750 10.200 1.095 1.552 1.988 2.308 2.647 2.885 3.035 3.146 3.119 2.760 2.649 
7.750 10.310 1.096 1.553 1.989 2.309 2.648 2.885 3.036 3.146 3.119 2.760 2.649 
7.750 10.490 1.097 1.554 1.989 2.309 2.648 2.886 3.036 3.147 3.120 2.761 2.650 
7.750 10.760 1.097 1.554 1.990 2.310 2.649 2.887 3.037 3.148 3.121 2.762 2.651 
7.750 11.180 1.099 1.556 1.991 2.311 2.650 2.888 3.038 3.148 3.122 2.764 2.652 
7.750 11.820 1.101 1.557 1.992 2.312 2.651 2.888 3.039 3.150 3.124 2.768 2.654 
7.750 12.770 1.103 1.560 1.994 2.313 2.652 2.889 3.040 3.152 3.126 2.773 2.657 
7.750 14.140 1.105 1.562 1.996 2.315 2.653 2.890 3.042 3.154 3.129 2.778 2.660 
7.750 16.080 1.092 1.549 1.982 2.301 2.636 2.872 3.023 3.139 3.113 2.772 2.642 
7.750 18.740 1.077 1.533 1.966 2.284 2.617 2.851 3.003 3.121 3.094 2.766 2.623 
7.750 22.320 1.062 1.519 1.950 2.269 2.598 2.831 2.982 3.104 3.077 2.761 2.604 
7.750 27.040 0.998 1.454 1.887 2.205 2.527 2.756 2.907 3.030 2.997 2.700 2.525 
7.750 33.160 0.878 1.335 1.772 2.089 2.401 2.622 2.770 2.895 2.849 2.580 2.382 
7.750 41.050 0.761 1.217 1.659 1.974 2.275 2.489 2.635 2.761 2.702 2.462 2.241 
7.750 51.110 0.673 1.102 1.549 1.862 2.153 2.359 2.502 2.629 2.556 2.342 2.102 
7.750 63.890 0.579 0.993 1.449 1.758 2.038 2.230 2.368 2.488 2.395 2.198 1.967 
7.750 80.060 0.483 0.887 1.352 1.658 1.926 2.105 2.237 2.350 2.237 2.057 1.835 
7.750 100.500 0.387 0.785 1.260 1.562 1.818 1.985 2.110 2.216 2.083 1.920 1.708 
7.750 126.290 0.312 0.702 1.191 1.485 1.730 1.879 1.996 2.091 1.946 1.802 1.610 
7.750 158.810 0.250 0.635 1.139 1.424 1.657 1.787 1.895 1.976 1.823 1.699 1.532 
7.750 199.780 0.188 0.568 1.087 1.362 1.585 1.694 1.794 1.861 1.700 1.596 1.454 
7.750 251.390 0.118 0.493 1.026 1.291 1.499 1.586 1.674 1.726 1.559 1.477 1.365 
7.750 316.390 0.033 0.403 0.950 1.199 1.388 1.448 1.520 1.553 1.381 1.326 1.257 
7.750 398.240 -0.053 0.312 0.874 1.108 1.277 1.310 1.366 1.379 1.203 1.175 1.150 
7.750 501.290 -0.138 0.223 0.797 1.017 1.166 1.171 1.211 1.206 1.026 1.024 1.042 
7.750 631.040 -0.224 0.132 0.728 0.956 1.110 1.114 1.154 1.146 0.956 0.958 0.945 
7.750 794.390 -0.310 0.041 0.659 0.895 1.056 1.060 1.102 1.091 0.892 0.894 0.848 
8.000 10.050 1.209 1.639 2.034 2.332 2.660 2.902 3.046 3.157 3.127 2.767 2.700 
8.000 10.080 1.209 1.640 2.034 2.332 2.660 2.902 3.046 3.157 3.127 2.767 2.700 
8.000 10.120 1.210 1.640 2.034 2.332 2.660 2.902 3.046 3.158 3.127 2.768 2.701 
8.000 10.200 1.210 1.640 2.035 2.333 2.661 2.903 3.047 3.158 3.127 2.768 2.701 
8.000 10.310 1.211 1.641 2.035 2.333 2.661 2.903 3.047 3.158 3.128 2.768 2.702 
8.000 10.490 1.211 1.642 2.036 2.334 2.662 2.904 3.048 3.159 3.129 2.769 2.702 
8.000 10.760 1.212 1.642 2.036 2.335 2.663 2.905 3.049 3.160 3.129 2.770 2.703 
8.000 11.180 1.213 1.643 2.038 2.336 2.664 2.906 3.050 3.161 3.131 2.771 2.704 
8.000 11.820 1.214 1.645 2.039 2.337 2.665 2.907 3.051 3.162 3.132 2.772 2.705 
8.000 12.770 1.216 1.646 2.040 2.339 2.667 2.909 3.053 3.164 3.134 2.774 2.707 
8.000 14.140 1.218 1.648 2.042 2.341 2.669 2.911 3.055 3.166 3.135 2.776 2.709 
8.000 16.080 1.222 1.652 2.045 2.343 2.670 2.911 3.055 3.170 3.140 2.783 2.711 
8.000 18.740 1.226 1.656 2.048 2.346 2.671 2.912 3.057 3.174 3.145 2.792 2.714 
8.000 22.320 1.231 1.662 2.052 2.349 2.673 2.913 3.059 3.179 3.150 2.801 2.718 
8.000 27.040 1.187 1.617 2.008 2.304 2.621 2.857 3.003 3.129 3.097 2.766 2.662 
8.000 33.160 1.089 1.519 1.913 2.205 2.511 2.740 2.887 3.018 2.980 2.682 2.542 
8.000 41.050 0.993 1.423 1.820 2.109 2.402 2.624 2.772 2.909 2.864 2.601 2.423 
8.000 51.110 0.894 1.325 1.726 2.011 2.292 2.506 2.653 2.795 2.742 2.512 2.302 
8.000 63.890 0.771 1.190 1.602 1.881 2.148 2.347 2.490 2.626 2.551 2.343 2.141 
8.000 80.060 0.646 1.058 1.481 1.755 2.007 2.191 2.329 2.460 2.363 2.178 1.983 
8.000 100.500 0.523 0.931 1.364 1.634 1.870 2.040 2.173 2.299 2.180 2.017 1.829 
8.000 126.290 0.435 0.839 1.291 1.554 1.775 1.926 2.051 2.166 2.034 1.890 1.726 
8.000 158.810 0.368 0.769 1.243 1.498 1.705 1.834 1.949 2.052 1.910 1.785 1.651 
8.000 199.780 0.297 0.699 1.195 1.442 1.634 1.742 1.848 1.938 1.787 1.680 1.576 
8.000 251.390 0.223 0.622 1.139 1.376 1.551 1.635 1.728 1.805 1.646 1.560 1.491 
8.000 316.390 0.133 0.531 1.066 1.290 1.443 1.498 1.575 1.633 1.470 1.412 1.388 
8.000 398.240 0.043 0.440 0.993 1.203 1.334 1.361 1.421 1.461 1.295 1.263 1.285 
8.000 501.290 -0.046 0.349 0.920 1.116 1.226 1.224 1.268 1.289 1.119 1.115 1.181 
8.000 631.040 -0.131 0.263 0.856 1.059 1.172 1.169 1.213 1.232 1.054 1.051 1.090 
8.000 794.390 -0.215 0.177 0.792 1.002 1.120 1.117 1.162 1.180 0.993 0.991 0.998 
