CanadaSHM5_AA13_stablecrust_high , distance is rhypo. Log10 ground motion values in cgs units
          15 30 11 : nmag, ndist, nperiod
          10.000 5.000 2.000 1.000 0.500 0.300 0.200 0.100 0.050 PGA PGV 
          0.620 0.620 0.620 0.620 0.580 0.540 0.530 0.530 0.530 0.530 0.620
4.500 10.050 -1.861 -0.578 0.616 1.325 1.964 2.290 2.586 2.883 2.869 2.608 2.066 
4.500 10.080 -1.871 -0.588 0.600 1.309 1.949 2.278 2.572 2.862 2.845 2.591 2.046 
4.500 10.120 -1.878 -0.598 0.584 1.294 1.935 2.266 2.557 2.842 2.820 2.573 2.027 
4.500 10.200 -1.878 -0.609 0.567 1.278 1.921 2.254 2.543 2.821 2.796 2.556 2.007 
4.500 10.310 -1.891 -0.632 0.533 1.245 1.892 2.229 2.515 2.782 2.751 2.520 1.966 
4.500 10.490 -1.896 -0.664 0.488 1.203 1.855 2.197 2.478 2.732 2.694 2.473 1.911 
4.500 10.760 -1.902 -0.695 0.443 1.160 1.817 2.164 2.441 2.681 2.636 2.425 1.856 
4.500 11.180 -1.917 -0.734 0.392 1.111 1.772 2.124 2.396 2.624 2.573 2.370 1.793 
4.500 11.820 -1.946 -0.797 0.321 1.042 1.707 2.063 2.331 2.547 2.494 2.294 1.706 
4.500 12.770 -1.972 -0.860 0.251 0.972 1.642 2.000 2.265 2.470 2.414 2.217 1.619 
4.500 14.140 -1.998 -0.924 0.180 0.902 1.577 1.938 2.199 2.393 2.334 2.139 1.531 
4.500 16.080 -2.051 -1.017 0.084 0.801 1.476 1.835 2.094 2.283 2.226 2.027 1.411 
4.500 18.740 -2.109 -1.116 -0.016 0.696 1.369 1.726 1.983 2.167 2.114 1.909 1.286 
4.500 22.320 -2.168 -1.216 -0.117 0.589 1.261 1.615 1.871 2.050 2.001 1.790 1.159 
4.500 27.040 -2.239 -1.329 -0.232 0.467 1.136 1.487 1.740 1.914 1.866 1.651 1.018 
4.500 33.160 -2.325 -1.456 -0.364 0.328 0.991 1.340 1.590 1.759 1.709 1.491 0.860 
4.500 41.050 -2.411 -1.584 -0.498 0.188 0.846 1.192 1.437 1.603 1.550 1.330 0.701 
4.500 51.110 -2.498 -1.713 -0.632 0.047 0.700 1.044 1.285 1.446 1.389 1.168 0.542 
4.500 63.890 -2.571 -1.825 -0.755 -0.074 0.574 0.921 1.153 1.305 1.230 1.019 0.405 
4.500 80.060 -2.644 -1.940 -0.881 -0.199 0.445 0.793 1.018 1.162 1.068 0.866 0.265 
4.500 100.500 -2.721 -2.059 -1.012 -0.329 0.311 0.662 0.878 1.013 0.902 0.710 0.120 
4.500 126.290 -2.768 -2.147 -1.113 -0.426 0.206 0.554 0.759 0.874 0.744 0.570 0.002 
4.500 158.810 -2.810 -2.230 -1.210 -0.520 0.105 0.448 0.640 0.729 0.582 0.429 -0.115 
4.500 199.780 -2.852 -2.314 -1.307 -0.614 0.003 0.343 0.521 0.585 0.420 0.288 -0.232 
4.500 251.390 -2.903 -2.406 -1.409 -0.717 -0.112 0.218 0.382 0.417 0.236 0.127 -0.364 
4.500 316.390 -2.970 -2.514 -1.522 -0.838 -0.253 0.057 0.201 0.204 0.012 -0.075 -0.525 
4.500 398.240 -3.039 -2.623 -1.634 -0.959 -0.394 -0.104 0.021 -0.010 -0.213 -0.277 -0.686 
4.500 501.290 -3.106 -2.732 -1.746 -1.080 -0.535 -0.265 -0.159 -0.224 -0.438 -0.479 -0.847 
4.500 631.040 -3.262 -2.930 -1.908 -1.219 -0.654 -0.376 -0.267 -0.336 -0.560 -0.601 -1.014 
4.500 794.390 -3.422 -3.130 -2.072 -1.358 -0.773 -0.485 -0.372 -0.445 -0.677 -0.719 -1.182 
4.750 10.050 -1.458 -0.267 0.848 1.494 2.090 2.399 2.670 2.946 2.942 2.674 2.183 
4.750 10.080 -1.467 -0.277 0.835 1.481 2.079 2.390 2.658 2.928 2.922 2.659 2.166 
4.750 10.120 -1.477 -0.286 0.821 1.469 2.067 2.381 2.646 2.909 2.901 2.645 2.149 
4.750 10.200 -1.477 -0.296 0.807 1.456 2.056 2.371 2.634 2.891 2.881 2.630 2.133 
4.750 10.310 -1.489 -0.319 0.776 1.427 2.031 2.349 2.608 2.854 2.841 2.597 2.094 
4.750 10.490 -1.499 -0.350 0.735 1.389 1.997 2.319 2.574 2.805 2.789 2.552 2.044 
4.750 10.760 -1.505 -0.382 0.694 1.351 1.963 2.289 2.540 2.756 2.737 2.508 1.992 
4.750 11.180 -1.519 -0.421 0.647 1.306 1.923 2.252 2.498 2.701 2.679 2.457 1.933 
4.750 11.820 -1.549 -0.480 0.581 1.242 1.862 2.193 2.435 2.628 2.603 2.383 1.851 
4.750 12.770 -1.573 -0.540 0.514 1.177 1.800 2.133 2.372 2.554 2.527 2.309 1.768 
4.750 14.140 -1.597 -0.601 0.448 1.112 1.739 2.072 2.308 2.480 2.451 2.234 1.684 
4.750 16.080 -1.646 -0.687 0.356 1.016 1.641 1.972 2.207 2.376 2.347 2.127 1.571 
4.750 18.740 -1.699 -0.778 0.261 0.915 1.537 1.865 2.100 2.266 2.238 2.015 1.452 
4.750 22.320 -1.752 -0.871 0.164 0.813 1.432 1.757 1.992 2.155 2.128 1.901 1.332 
4.750 27.040 -1.818 -0.976 0.052 0.695 1.310 1.633 1.866 2.027 1.998 1.770 1.198 
4.750 33.160 -1.901 -1.095 -0.075 0.560 1.170 1.490 1.721 1.880 1.847 1.619 1.049 
4.750 41.050 -1.981 -1.216 -0.205 0.423 1.028 1.346 1.574 1.731 1.694 1.467 0.898 
4.750 51.110 -2.064 -1.337 -0.335 0.287 0.886 1.202 1.427 1.581 1.539 1.314 0.747 
4.750 63.890 -2.137 -1.448 -0.456 0.169 0.763 1.083 1.298 1.443 1.383 1.169 0.616 
4.750 80.060 -2.212 -1.562 -0.580 0.047 0.638 0.959 1.166 1.302 1.224 1.021 0.481 
4.750 100.500 -2.292 -1.681 -0.709 -0.078 0.508 0.832 1.030 1.157 1.060 0.869 0.343 
4.750 126.290 -2.348 -1.774 -0.809 -0.172 0.407 0.728 0.913 1.017 0.901 0.729 0.227 
4.750 158.810 -2.400 -1.864 -0.906 -0.262 0.310 0.625 0.796 0.871 0.735 0.586 0.112 
4.750 199.780 -2.453 -1.955 -1.003 -0.352 0.212 0.521 0.678 0.725 0.570 0.442 -0.003 
4.750 251.390 -2.510 -2.053 -1.104 -0.451 0.101 0.400 0.540 0.557 0.384 0.279 -0.132 
4.750 316.390 -2.585 -2.165 -1.213 -0.567 -0.036 0.242 0.363 0.346 0.160 0.078 -0.290 
4.750 398.240 -2.658 -2.277 -1.323 -0.683 -0.172 0.085 0.186 0.134 -0.064 -0.123 -0.447 
4.750 501.290 -2.731 -2.389 -1.432 -0.800 -0.309 -0.073 0.008 -0.078 -0.289 -0.325 -0.604 
4.750 631.040 -2.878 -2.574 -1.583 -0.928 -0.421 -0.177 -0.094 -0.185 -0.405 -0.441 -0.762 
4.750 794.390 -3.027 -2.762 -1.736 -1.057 -0.531 -0.279 -0.193 -0.288 -0.517 -0.554 -0.921 
5.000 10.050 -1.060 0.043 1.080 1.663 2.216 2.509 2.754 3.009 3.015 2.741 2.301 
5.000 10.080 -1.068 0.035 1.069 1.653 2.207 2.502 2.744 2.993 2.999 2.728 2.287 
5.000 10.120 -1.077 0.026 1.058 1.644 2.199 2.495 2.735 2.977 2.982 2.716 2.272 
5.000 10.200 -1.085 0.018 1.047 1.634 2.191 2.488 2.725 2.961 2.966 2.703 2.258 
5.000 10.310 -1.094 -0.005 1.020 1.609 2.169 2.469 2.702 2.926 2.931 2.673 2.223 
5.000 10.490 -1.110 -0.037 0.982 1.576 2.139 2.442 2.670 2.879 2.884 2.632 2.176 
5.000 10.760 -1.115 -0.069 0.945 1.542 2.110 2.415 2.638 2.832 2.838 2.591 2.128 
5.000 11.180 -1.128 -0.107 0.902 1.502 2.073 2.380 2.600 2.779 2.785 2.543 2.073 
5.000 11.820 -1.158 -0.163 0.840 1.442 2.016 2.323 2.539 2.709 2.713 2.472 1.995 
5.000 12.770 -1.180 -0.220 0.778 1.383 1.958 2.265 2.478 2.638 2.640 2.401 1.916 
5.000 14.140 -1.203 -0.277 0.716 1.322 1.900 2.206 2.417 2.566 2.568 2.329 1.837 
5.000 16.080 -1.247 -0.357 0.628 1.231 1.806 2.109 2.320 2.468 2.467 2.228 1.730 
5.000 18.740 -1.295 -0.441 0.537 1.134 1.705 2.004 2.217 2.365 2.362 2.121 1.618 
5.000 22.320 -1.343 -0.526 0.444 1.036 1.604 1.899 2.113 2.261 2.255 2.013 1.505 
5.000 27.040 -1.406 -0.623 0.337 0.922 1.485 1.778 1.992 2.140 2.130 1.889 1.378 
5.000 33.160 -1.481 -0.734 0.214 0.791 1.348 1.640 1.852 2.000 1.985 1.747 1.237 
5.000 41.050 -1.557 -0.847 0.088 0.659 1.209 1.500 1.710 1.859 1.838 1.604 1.094 
5.000 51.110 -1.638 -0.961 -0.038 0.527 1.071 1.360 1.568 1.716 1.689 1.460 0.951 
5.000 63.890 -1.709 -1.071 -0.157 0.412 0.953 1.245 1.443 1.581 1.536 1.320 0.826 
5.000 80.060 -1.786 -1.185 -0.279 0.294 0.831 1.126 1.315 1.443 1.379 1.176 0.698 
5.000 100.500 -1.870 -1.302 -0.406 0.172 0.705 1.002 1.182 1.300 1.218 1.028 0.565 
5.000 126.290 -1.930 -1.400 -0.505 0.082 0.608 0.901 1.067 1.160 1.057 0.888 0.452 
5.000 158.810 -1.992 -1.499 -0.602 -0.003 0.514 0.801 0.951 1.013 0.888 0.742 0.339 
5.000 199.780 -2.055 -1.597 -0.698 -0.089 0.421 0.700 0.835 0.866 0.719 0.596 0.226 
5.000 251.390 -2.126 -1.701 -0.798 -0.184 0.314 0.581 0.699 0.697 0.532 0.431 0.100 
5.000 316.390 -2.204 -1.815 -0.905 -0.296 0.182 0.427 0.524 0.488 0.308 0.231 -0.054 
5.000 398.240 -2.281 -1.930 -1.012 -0.408 0.049 0.273 0.350 0.278 0.085 0.030 -0.208 
5.000 501.290 -2.362 -2.045 -1.119 -0.519 -0.083 0.119 0.176 0.068 -0.139 -0.170 -0.361 
5.000 631.040 -2.499 -2.218 -1.258 -0.638 -0.186 0.022 0.080 -0.034 -0.250 -0.281 -0.511 
5.000 794.390 -2.639 -2.393 -1.399 -0.756 -0.289 -0.073 -0.013 -0.131 -0.356 -0.388 -0.660 
5.250 10.050 -0.687 0.331 1.302 1.839 2.354 2.626 2.847 3.070 3.078 2.800 2.412 
5.250 10.080 -0.693 0.326 1.295 1.833 2.350 2.622 2.841 3.059 3.067 2.791 2.402 
5.250 10.120 -0.699 0.320 1.288 1.828 2.345 2.619 2.836 3.049 3.057 2.782 2.393 
5.250 10.200 -0.705 0.314 1.281 1.822 2.341 2.615 2.830 3.038 3.046 2.773 2.383 
5.250 10.310 -0.722 0.293 1.257 1.802 2.322 2.598 2.809 3.006 3.015 2.746 2.352 
5.250 10.490 -0.740 0.262 1.223 1.771 2.295 2.571 2.778 2.962 2.971 2.709 2.307 
5.250 10.760 -0.746 0.231 1.188 1.741 2.267 2.544 2.747 2.917 2.927 2.670 2.262 
5.250 11.180 -0.757 0.194 1.148 1.704 2.232 2.510 2.709 2.868 2.877 2.625 2.210 
5.250 11.820 -0.787 0.140 1.089 1.647 2.176 2.454 2.650 2.801 2.809 2.559 2.137 
5.250 12.770 -0.808 0.086 1.030 1.590 2.120 2.397 2.590 2.733 2.741 2.492 2.062 
5.250 14.140 -0.831 0.031 0.970 1.532 2.063 2.339 2.531 2.666 2.672 2.425 1.988 
5.250 16.080 -0.875 -0.046 0.885 1.442 1.970 2.244 2.437 2.573 2.575 2.330 1.886 
5.250 18.740 -0.921 -0.126 0.795 1.346 1.870 2.141 2.337 2.474 2.474 2.229 1.780 
5.250 22.320 -0.969 -0.208 0.705 1.250 1.769 2.038 2.236 2.376 2.372 2.128 1.672 
5.250 27.040 -1.028 -0.302 0.601 1.138 1.653 1.921 2.120 2.261 2.253 2.012 1.553 
5.250 33.160 -1.100 -0.408 0.481 1.011 1.519 1.788 1.987 2.129 2.114 1.881 1.420 
5.250 41.050 -1.174 -0.516 0.360 0.882 1.383 1.653 1.853 1.996 1.974 1.747 1.285 
5.250 51.110 -1.251 -0.625 0.238 0.753 1.248 1.519 1.718 1.861 1.832 1.612 1.151 
5.250 63.890 -1.324 -0.731 0.124 0.643 1.133 1.407 1.598 1.731 1.684 1.479 1.032 
5.250 80.060 -1.398 -0.839 0.006 0.529 1.015 1.292 1.474 1.597 1.534 1.342 0.910 
5.250 100.500 -1.479 -0.952 -0.116 0.411 0.893 1.173 1.346 1.459 1.379 1.201 0.783 
5.250 126.290 -1.540 -1.046 -0.209 0.326 0.800 1.074 1.232 1.319 1.218 1.061 0.675 
5.250 158.810 -1.602 -1.142 -0.300 0.245 0.710 0.976 1.116 1.170 1.047 0.912 0.566 
5.250 199.780 -1.665 -1.238 -0.390 0.164 0.621 0.877 0.999 1.021 0.876 0.764 0.457 
5.250 251.390 -1.733 -1.339 -0.484 0.074 0.518 0.761 0.863 0.851 0.688 0.598 0.334 
5.250 316.390 -1.813 -1.452 -0.586 -0.032 0.391 0.609 0.690 0.641 0.463 0.397 0.185 
5.250 398.240 -1.892 -1.564 -0.687 -0.139 0.263 0.458 0.517 0.431 0.239 0.195 0.036 
5.250 501.290 -1.973 -1.677 -0.789 -0.246 0.136 0.307 0.344 0.222 0.015 -0.006 -0.113 
5.250 631.040 -2.100 -1.836 -0.916 -0.354 0.040 0.216 0.254 0.125 -0.090 -0.111 -0.254 
5.250 794.390 -2.230 -1.998 -1.045 -0.462 -0.054 0.129 0.167 0.033 -0.191 -0.212 -0.394 
5.500 10.050 -0.320 0.619 1.523 2.014 2.492 2.743 2.940 3.132 3.141 2.860 2.523 
5.500 10.080 -0.323 0.616 1.520 2.013 2.492 2.743 2.938 3.126 3.136 2.854 2.518 
5.500 10.120 -0.326 0.613 1.518 2.012 2.492 2.743 2.937 3.121 3.131 2.849 2.513 
5.500 10.200 -0.329 0.610 1.515 2.011 2.492 2.743 2.935 3.115 3.127 2.844 2.508 
5.500 10.310 -0.348 0.591 1.495 1.994 2.476 2.726 2.916 3.087 3.099 2.820 2.481 
5.500 10.490 -0.373 0.561 1.463 1.967 2.450 2.700 2.885 3.045 3.058 2.785 2.438 
5.500 10.760 -0.389 0.531 1.432 1.939 2.424 2.674 2.855 3.003 3.017 2.750 2.396 
5.500 11.180 -0.396 0.495 1.394 1.905 2.391 2.641 2.817 2.956 2.970 2.708 2.347 
5.500 11.820 -0.423 0.444 1.338 1.851 2.336 2.585 2.760 2.893 2.905 2.646 2.278 
5.500 12.770 -0.445 0.392 1.281 1.796 2.281 2.529 2.703 2.829 2.841 2.583 2.208 
5.500 14.140 -0.465 0.339 1.224 1.741 2.226 2.472 2.645 2.765 2.776 2.520 2.138 
5.500 16.080 -0.508 0.266 1.141 1.653 2.134 2.379 2.554 2.677 2.684 2.431 2.042 
5.500 18.740 -0.553 0.188 1.054 1.559 2.035 2.278 2.457 2.584 2.587 2.338 1.941 
5.500 22.320 -0.600 0.109 0.966 1.463 1.935 2.177 2.359 2.490 2.489 2.244 1.840 
5.500 27.040 -0.656 0.020 0.865 1.354 1.821 2.063 2.248 2.382 2.375 2.136 1.727 
5.500 33.160 -0.727 -0.082 0.749 1.230 1.690 1.936 2.122 2.258 2.244 2.014 1.602 
5.500 41.050 -0.797 -0.185 0.632 1.104 1.557 1.806 1.995 2.133 2.110 1.890 1.476 
5.500 51.110 -0.871 -0.290 0.513 0.979 1.425 1.677 1.868 2.005 1.975 1.764 1.350 
5.500 63.890 -0.940 -0.390 0.404 0.873 1.314 1.570 1.752 1.880 1.833 1.638 1.237 
5.500 80.060 -1.014 -0.493 0.292 0.764 1.200 1.459 1.633 1.751 1.688 1.508 1.122 
5.500 100.500 -1.091 -0.601 0.175 0.650 1.081 1.344 1.511 1.618 1.539 1.374 1.002 
5.500 126.290 -1.152 -0.693 0.087 0.569 0.992 1.248 1.397 1.478 1.379 1.233 0.898 
5.500 158.810 -1.216 -0.786 0.003 0.493 0.907 1.151 1.280 1.327 1.206 1.083 0.793 
5.500 199.780 -1.279 -0.878 -0.082 0.417 0.821 1.055 1.163 1.176 1.034 0.933 0.687 
5.500 251.390 -1.347 -0.977 -0.171 0.333 0.723 0.940 1.028 1.004 0.843 0.765 0.569 
5.500 316.390 -1.428 -1.088 -0.267 0.231 0.600 0.792 0.855 0.795 0.619 0.562 0.424 
5.500 398.240 -1.509 -1.198 -0.363 0.130 0.477 0.643 0.684 0.585 0.394 0.360 0.280 
5.500 501.290 -1.589 -1.308 -0.459 0.028 0.355 0.495 0.512 0.375 0.170 0.158 0.136 
5.500 631.040 -1.706 -1.455 -0.575 -0.070 0.267 0.411 0.428 0.284 0.070 0.059 0.004 
5.500 794.390 -1.825 -1.603 -0.691 -0.169 0.181 0.330 0.347 0.198 -0.025 -0.036 -0.127 
5.750 10.050 0.007 0.874 1.723 2.178 2.619 2.849 3.027 3.190 3.197 2.910 2.624 
5.750 10.080 0.004 0.872 1.721 2.177 2.619 2.849 3.026 3.186 3.193 2.906 2.620 
5.750 10.120 0.002 0.869 1.719 2.176 2.619 2.848 3.025 3.183 3.190 2.902 2.617 
5.750 10.200 -0.000 0.867 1.717 2.176 2.619 2.848 3.024 3.179 3.186 2.897 2.613 
5.750 10.310 -0.016 0.851 1.701 2.163 2.607 2.836 3.008 3.158 3.165 2.879 2.592 
5.750 10.490 -0.040 0.827 1.677 2.142 2.587 2.815 2.985 3.126 3.134 2.851 2.559 
5.750 10.760 -0.058 0.803 1.653 2.121 2.567 2.795 2.961 3.094 3.102 2.824 2.526 
5.750 11.180 -0.069 0.772 1.621 2.093 2.539 2.766 2.929 3.055 3.063 2.789 2.484 
5.750 11.820 -0.092 0.720 1.565 2.039 2.485 2.711 2.872 2.994 3.001 2.730 2.417 
5.750 12.770 -0.118 0.668 1.510 1.986 2.431 2.655 2.815 2.933 2.939 2.671 2.349 
5.750 14.140 -0.137 0.616 1.454 1.931 2.376 2.599 2.758 2.871 2.877 2.612 2.281 
5.750 16.080 -0.181 0.542 1.371 1.843 2.284 2.506 2.668 2.783 2.786 2.526 2.187 
5.750 18.740 -0.228 0.464 1.284 1.749 2.185 2.407 2.572 2.691 2.690 2.436 2.088 
5.750 22.320 -0.276 0.385 1.195 1.654 2.086 2.307 2.475 2.597 2.594 2.345 1.989 
5.750 27.040 -0.335 0.296 1.095 1.545 1.972 2.195 2.367 2.491 2.482 2.242 1.880 
5.750 33.160 -0.406 0.196 0.981 1.422 1.843 2.069 2.244 2.370 2.355 2.126 1.759 
5.750 41.050 -0.479 0.094 0.865 1.297 1.711 1.942 2.120 2.247 2.226 2.007 1.637 
5.750 51.110 -0.553 -0.009 0.748 1.173 1.580 1.815 1.996 2.123 2.094 1.887 1.515 
5.750 63.890 -0.624 -0.107 0.642 1.069 1.471 1.709 1.883 2.001 1.957 1.766 1.406 
5.750 80.060 -0.698 -0.209 0.532 0.961 1.358 1.599 1.766 1.875 1.816 1.641 1.294 
5.750 100.500 -0.777 -0.316 0.417 0.850 1.240 1.485 1.645 1.745 1.672 1.512 1.178 
5.750 126.290 -0.838 -0.405 0.333 0.771 1.153 1.390 1.534 1.609 1.515 1.374 1.078 
5.750 158.810 -0.901 -0.495 0.252 0.698 1.070 1.295 1.418 1.462 1.346 1.227 0.976 
5.750 199.780 -0.964 -0.586 0.171 0.625 0.987 1.199 1.302 1.314 1.177 1.078 0.874 
5.750 251.390 -1.034 -0.682 0.087 0.544 0.892 1.087 1.168 1.148 0.990 0.913 0.759 
5.750 316.390 -1.115 -0.790 -0.006 0.446 0.772 0.940 0.998 0.942 0.769 0.713 0.619 
5.750 398.240 -1.194 -0.897 -0.098 0.348 0.653 0.795 0.828 0.737 0.547 0.513 0.479 
5.750 501.290 -1.275 -1.004 -0.191 0.251 0.533 0.649 0.658 0.531 0.326 0.313 0.339 
5.750 631.040 -1.384 -1.140 -0.297 0.160 0.453 0.571 0.579 0.446 0.232 0.219 0.215 
5.750 794.390 -1.493 -1.277 -0.403 0.070 0.373 0.495 0.504 0.366 0.143 0.130 0.091 
6.000 10.050 0.331 1.128 1.922 2.341 2.747 2.955 3.115 3.249 3.253 2.961 2.725 
6.000 10.080 0.329 1.127 1.921 2.341 2.747 2.954 3.114 3.247 3.251 2.957 2.723 
6.000 10.120 0.327 1.125 1.920 2.340 2.747 2.954 3.113 3.245 3.249 2.954 2.721 
6.000 10.200 0.326 1.124 1.918 2.340 2.747 2.954 3.112 3.242 3.246 2.951 2.718 
6.000 10.310 0.314 1.112 1.908 2.331 2.739 2.945 3.101 3.228 3.232 2.937 2.703 
6.000 10.490 0.296 1.094 1.891 2.317 2.725 2.930 3.084 3.206 3.210 2.918 2.679 
6.000 10.760 0.278 1.075 1.874 2.303 2.711 2.916 3.067 3.185 3.187 2.898 2.655 
6.000 11.180 0.255 1.049 1.847 2.280 2.687 2.892 3.040 3.154 3.156 2.870 2.621 
6.000 11.820 0.227 0.997 1.793 2.227 2.634 2.837 2.984 3.095 3.097 2.815 2.556 
6.000 12.770 0.206 0.945 1.739 2.174 2.580 2.782 2.928 3.036 3.038 2.759 2.490 
6.000 14.140 0.183 0.892 1.684 2.121 2.526 2.726 2.871 2.977 2.978 2.703 2.424 
6.000 16.080 0.138 0.818 1.601 2.033 2.434 2.634 2.783 2.890 2.889 2.621 2.332 
6.000 18.740 0.090 0.740 1.514 1.939 2.336 2.536 2.688 2.797 2.794 2.535 2.236 
6.000 22.320 0.040 0.660 1.425 1.844 2.237 2.437 2.592 2.704 2.698 2.447 2.138 
6.000 27.040 -0.020 0.572 1.325 1.736 2.124 2.326 2.486 2.599 2.590 2.348 2.032 
6.000 33.160 -0.092 0.473 1.212 1.614 1.996 2.203 2.366 2.481 2.466 2.238 1.916 
6.000 41.050 -0.166 0.373 1.098 1.490 1.866 2.078 2.246 2.361 2.341 2.125 1.798 
6.000 51.110 -0.241 0.272 0.983 1.367 1.736 1.953 2.124 2.240 2.213 2.010 1.680 
6.000 63.890 -0.312 0.175 0.879 1.265 1.627 1.848 2.013 2.121 2.080 1.894 1.575 
6.000 80.060 -0.387 0.074 0.771 1.159 1.516 1.739 1.899 1.999 1.944 1.774 1.466 
6.000 100.500 -0.465 -0.030 0.660 1.049 1.399 1.626 1.780 1.872 1.804 1.650 1.354 
6.000 126.290 -0.529 -0.117 0.579 0.974 1.315 1.533 1.670 1.740 1.652 1.516 1.257 
6.000 158.810 -0.592 -0.205 0.502 0.903 1.234 1.438 1.555 1.596 1.486 1.370 1.159 
6.000 199.780 -0.656 -0.293 0.425 0.833 1.154 1.344 1.441 1.453 1.320 1.224 1.061 
6.000 251.390 -0.725 -0.387 0.344 0.755 1.061 1.233 1.308 1.290 1.137 1.061 0.950 
6.000 316.390 -0.805 -0.492 0.255 0.661 0.945 1.089 1.140 1.090 0.919 0.863 0.814 
6.000 398.240 -0.885 -0.596 0.166 0.567 0.829 0.946 0.972 0.889 0.701 0.665 0.679 
6.000 501.290 -0.965 -0.700 0.078 0.473 0.712 0.802 0.805 0.688 0.482 0.468 0.543 
6.000 631.040 -1.065 -0.825 -0.018 0.391 0.638 0.730 0.731 0.608 0.394 0.380 0.426 
6.000 794.390 -1.167 -0.951 -0.115 0.309 0.565 0.660 0.661 0.533 0.311 0.296 0.310 
6.250 10.050 0.615 1.352 2.094 2.479 2.852 3.044 3.193 3.313 3.311 3.017 2.828 
6.250 10.080 0.614 1.352 2.093 2.478 2.852 3.044 3.193 3.312 3.310 3.015 2.827 
6.250 10.120 0.613 1.351 2.093 2.478 2.852 3.044 3.192 3.310 3.309 3.013 2.825 
6.250 10.200 0.612 1.350 2.092 2.478 2.852 3.043 3.192 3.309 3.308 3.011 2.824 
6.250 10.310 0.605 1.343 2.086 2.473 2.848 3.039 3.186 3.301 3.300 3.003 2.815 
6.250 10.490 0.595 1.332 2.077 2.466 2.841 3.032 3.177 3.290 3.288 2.990 2.801 
6.250 10.760 0.584 1.321 2.067 2.459 2.835 3.024 3.167 3.278 3.276 2.978 2.787 
6.250 11.180 0.564 1.301 2.048 2.442 2.817 3.006 3.147 3.256 3.253 2.956 2.762 
6.250 11.820 0.514 1.251 1.997 2.393 2.768 2.956 3.095 3.201 3.198 2.906 2.700 
6.250 12.770 0.492 1.201 1.946 2.344 2.718 2.904 3.042 3.146 3.142 2.855 2.638 
6.250 14.140 0.471 1.151 1.895 2.294 2.667 2.852 2.989 3.090 3.086 2.805 2.575 
6.250 16.080 0.427 1.073 1.810 2.205 2.575 2.760 2.899 3.001 2.995 2.722 2.482 
6.250 18.740 0.374 0.990 1.719 2.109 2.475 2.661 2.804 2.905 2.898 2.634 2.382 
6.250 22.320 0.318 0.906 1.628 2.012 2.375 2.561 2.707 2.809 2.800 2.546 2.282 
6.250 27.040 0.253 0.814 1.526 1.903 2.261 2.449 2.599 2.702 2.690 2.447 2.174 
6.250 33.160 0.180 0.713 1.412 1.780 2.133 2.324 2.479 2.582 2.566 2.338 2.058 
6.250 41.050 0.101 0.610 1.296 1.655 2.002 2.198 2.358 2.461 2.440 2.227 1.940 
6.250 51.110 0.021 0.506 1.180 1.531 1.872 2.072 2.236 2.338 2.312 2.114 1.822 
6.250 63.890 -0.055 0.407 1.075 1.426 1.761 1.963 2.123 2.218 2.181 1.998 1.716 
6.250 80.060 -0.134 0.305 0.966 1.319 1.646 1.851 2.006 2.094 2.045 1.879 1.607 
6.250 100.500 -0.219 0.198 0.853 1.207 1.528 1.735 1.885 1.967 1.906 1.756 1.494 
6.250 126.290 -0.285 0.111 0.772 1.130 1.442 1.639 1.773 1.835 1.757 1.624 1.398 
6.250 158.810 -0.352 0.023 0.695 1.060 1.360 1.543 1.658 1.695 1.595 1.481 1.301 
6.250 199.780 -0.417 -0.065 0.618 0.989 1.278 1.447 1.542 1.554 1.434 1.337 1.203 
6.250 251.390 -0.488 -0.158 0.537 0.911 1.185 1.335 1.409 1.394 1.255 1.176 1.094 
6.250 316.390 -0.569 -0.262 0.449 0.818 1.070 1.192 1.242 1.197 1.042 0.982 0.961 
6.250 398.240 -0.652 -0.365 0.361 0.725 0.954 1.049 1.075 1.001 0.829 0.788 0.828 
6.250 501.290 -0.733 -0.468 0.274 0.632 0.839 0.907 0.908 0.804 0.616 0.594 0.695 
6.250 631.040 -0.828 -0.585 0.184 0.555 0.769 0.838 0.838 0.728 0.532 0.511 0.584 
6.250 794.390 -0.923 -0.702 0.095 0.479 0.701 0.773 0.773 0.658 0.454 0.432 0.473 
6.500 10.050 0.898 1.576 2.266 2.616 2.958 3.134 3.272 3.377 3.370 3.072 2.931 
6.500 10.080 0.898 1.576 2.266 2.616 2.957 3.134 3.272 3.376 3.370 3.072 2.931 
6.500 10.120 0.897 1.576 2.266 2.615 2.957 3.133 3.271 3.376 3.369 3.072 2.930 
6.500 10.200 0.897 1.575 2.265 2.615 2.957 3.133 3.271 3.376 3.369 3.072 2.930 
6.500 10.310 0.895 1.573 2.264 2.615 2.957 3.133 3.270 3.375 3.368 3.068 2.927 
6.500 10.490 0.892 1.570 2.263 2.615 2.958 3.133 3.269 3.374 3.366 3.063 2.923 
6.500 10.760 0.889 1.567 2.261 2.615 2.959 3.133 3.268 3.372 3.364 3.057 2.919 
6.500 11.180 0.875 1.553 2.248 2.604 2.948 3.122 3.255 3.359 3.351 3.042 2.902 
6.500 11.820 0.827 1.505 2.201 2.559 2.902 3.074 3.206 3.307 3.299 2.997 2.844 
6.500 12.770 0.779 1.457 2.153 2.513 2.855 3.026 3.156 3.256 3.247 2.952 2.786 
6.500 14.140 0.753 1.409 2.106 2.467 2.808 2.978 3.106 3.204 3.195 2.906 2.727 
6.500 16.080 0.706 1.327 2.019 2.377 2.715 2.886 3.016 3.112 3.102 2.823 2.631 
6.500 18.740 0.650 1.240 1.925 2.279 2.615 2.785 2.919 3.014 3.003 2.734 2.529 
6.500 22.320 0.590 1.151 1.831 2.180 2.513 2.684 2.821 2.914 2.902 2.644 2.426 
6.500 27.040 0.522 1.056 1.727 2.069 2.399 2.571 2.712 2.805 2.790 2.546 2.317 
6.500 33.160 0.443 0.952 1.612 1.946 2.269 2.446 2.592 2.683 2.666 2.438 2.200 
6.500 41.050 0.361 0.847 1.495 1.820 2.138 2.318 2.470 2.560 2.540 2.329 2.082 
6.500 51.110 0.276 0.740 1.378 1.695 2.007 2.190 2.347 2.436 2.412 2.217 1.963 
6.500 63.890 0.197 0.640 1.271 1.588 1.894 2.079 2.232 2.315 2.281 2.103 1.857 
6.500 80.060 0.111 0.535 1.161 1.478 1.777 1.963 2.113 2.190 2.147 1.985 1.748 
6.500 100.500 0.025 0.427 1.046 1.364 1.656 1.843 1.990 2.061 2.008 1.863 1.634 
6.500 126.290 -0.044 0.339 0.965 1.287 1.568 1.745 1.877 1.931 1.862 1.733 1.538 
6.500 158.810 -0.112 0.251 0.887 1.216 1.486 1.648 1.760 1.793 1.705 1.592 1.442 
6.500 199.780 -0.182 0.163 0.810 1.145 1.403 1.550 1.643 1.655 1.548 1.451 1.346 
6.500 251.390 -0.257 0.070 0.730 1.067 1.310 1.437 1.509 1.498 1.373 1.293 1.238 
6.500 316.390 -0.340 -0.032 0.643 0.975 1.195 1.295 1.344 1.305 1.165 1.102 1.108 
6.500 398.240 -0.423 -0.134 0.556 0.883 1.080 1.153 1.177 1.112 0.957 0.911 0.978 
6.500 501.290 -0.507 -0.237 0.470 0.791 0.965 1.011 1.011 0.919 0.749 0.720 0.847 
6.500 631.040 -0.597 -0.345 0.387 0.720 0.900 0.946 0.945 0.848 0.670 0.642 0.741 
6.500 794.390 -0.687 -0.453 0.305 0.650 0.836 0.885 0.883 0.782 0.597 0.568 0.636 
6.750 10.050 1.135 1.762 2.403 2.728 3.049 3.214 3.341 3.438 3.421 3.115 3.021 
6.750 10.080 1.135 1.762 2.403 2.728 3.049 3.213 3.341 3.437 3.421 3.114 3.021 
6.750 10.120 1.135 1.761 2.403 2.727 3.049 3.213 3.340 3.437 3.421 3.114 3.021 
6.750 10.200 1.134 1.761 2.402 2.727 3.049 3.213 3.340 3.437 3.420 3.114 3.020 
6.750 10.310 1.133 1.760 2.401 2.727 3.049 3.212 3.339 3.436 3.419 3.111 3.018 
6.750 10.490 1.131 1.758 2.400 2.727 3.049 3.212 3.338 3.435 3.418 3.108 3.016 
6.750 10.760 1.129 1.755 2.399 2.727 3.049 3.212 3.338 3.434 3.417 3.104 3.013 
6.750 11.180 1.121 1.747 2.391 2.720 3.043 3.205 3.330 3.426 3.409 3.095 3.003 
6.750 11.820 1.093 1.719 2.365 2.694 3.017 3.179 3.302 3.397 3.380 3.068 2.969 
6.750 12.770 1.065 1.691 2.337 2.668 2.990 3.152 3.274 3.367 3.350 3.040 2.935 
6.750 14.140 1.036 1.663 2.310 2.642 2.964 3.125 3.246 3.337 3.320 3.012 2.901 
6.750 16.080 0.963 1.577 2.221 2.551 2.870 3.031 3.154 3.244 3.227 2.930 2.803 
6.750 18.740 0.906 1.481 2.122 2.448 2.766 2.927 3.052 3.141 3.123 2.840 2.694 
6.750 22.320 0.843 1.385 2.023 2.345 2.660 2.821 2.949 3.037 3.019 2.748 2.584 
6.750 27.040 0.766 1.282 1.913 2.230 2.541 2.703 2.835 2.922 2.903 2.648 2.468 
6.750 33.160 0.681 1.171 1.792 2.101 2.408 2.573 2.709 2.796 2.774 2.538 2.347 
6.750 41.050 0.590 1.059 1.670 1.970 2.273 2.440 2.582 2.667 2.644 2.425 2.223 
6.750 51.110 0.497 0.946 1.548 1.839 2.138 2.308 2.454 2.538 2.512 2.311 2.100 
6.750 63.890 0.412 0.842 1.437 1.727 2.019 2.189 2.333 2.413 2.379 2.197 1.991 
6.750 80.060 0.321 0.734 1.323 1.612 1.897 2.066 2.208 2.285 2.243 2.079 1.879 
6.750 100.500 0.228 0.622 1.205 1.492 1.770 1.940 2.080 2.153 2.103 1.957 1.763 
6.750 126.290 0.156 0.534 1.120 1.411 1.677 1.838 1.965 2.025 1.959 1.830 1.667 
6.750 158.810 0.086 0.446 1.041 1.337 1.590 1.737 1.848 1.890 1.807 1.693 1.572 
6.750 199.780 0.015 0.359 0.962 1.262 1.503 1.636 1.731 1.755 1.655 1.555 1.476 
6.750 251.390 -0.061 0.267 0.880 1.182 1.406 1.521 1.598 1.602 1.486 1.401 1.369 
6.750 316.390 -0.146 0.167 0.793 1.090 1.290 1.380 1.434 1.413 1.283 1.215 1.241 
6.750 398.240 -0.229 0.066 0.706 0.998 1.173 1.238 1.270 1.225 1.080 1.029 1.112 
6.750 501.290 -0.316 -0.035 0.620 0.906 1.057 1.096 1.106 1.036 0.876 0.843 0.984 
6.750 631.040 -0.401 -0.136 0.543 0.839 0.995 1.034 1.043 0.970 0.802 0.768 0.883 
6.750 794.390 -0.486 -0.237 0.466 0.773 0.935 0.975 0.985 0.908 0.734 0.699 0.783 
7.000 10.050 1.369 1.947 2.540 2.840 3.142 3.294 3.410 3.499 3.473 3.157 3.112 
7.000 10.080 1.368 1.947 2.540 2.840 3.141 3.293 3.410 3.498 3.473 3.156 3.111 
7.000 10.120 1.368 1.947 2.540 2.839 3.141 3.293 3.409 3.498 3.472 3.156 3.111 
7.000 10.200 1.368 1.946 2.539 2.839 3.141 3.293 3.409 3.498 3.472 3.156 3.111 
7.000 10.310 1.367 1.946 2.539 2.839 3.140 3.292 3.408 3.497 3.471 3.155 3.110 
7.000 10.490 1.366 1.945 2.538 2.838 3.140 3.291 3.408 3.497 3.471 3.153 3.109 
7.000 10.760 1.365 1.944 2.537 2.838 3.139 3.291 3.407 3.496 3.470 3.151 3.107 
7.000 11.180 1.362 1.941 2.535 2.836 3.138 3.289 3.405 3.493 3.467 3.148 3.104 
7.000 11.820 1.354 1.933 2.528 2.830 3.132 3.283 3.399 3.486 3.460 3.138 3.095 
7.000 12.770 1.346 1.925 2.521 2.824 3.126 3.278 3.392 3.479 3.453 3.128 3.085 
7.000 14.140 1.338 1.916 2.514 2.817 3.119 3.271 3.385 3.471 3.445 3.117 3.075 
7.000 16.080 1.248 1.827 2.423 2.724 3.025 3.177 3.293 3.377 3.351 3.037 2.974 
7.000 18.740 1.146 1.723 2.319 2.618 2.916 3.068 3.185 3.269 3.244 2.945 2.858 
7.000 22.320 1.081 1.619 2.214 2.510 2.807 2.958 3.077 3.159 3.135 2.853 2.741 
7.000 27.040 1.003 1.508 2.099 2.390 2.684 2.835 2.958 3.039 3.015 2.750 2.620 
7.000 33.160 0.911 1.390 1.973 2.256 2.547 2.700 2.827 2.908 2.882 2.637 2.493 
7.000 41.050 0.813 1.271 1.846 2.120 2.408 2.562 2.694 2.775 2.748 2.522 2.365 
7.000 51.110 0.713 1.152 1.718 1.984 2.269 2.424 2.560 2.640 2.612 2.405 2.237 
7.000 63.890 0.623 1.044 1.603 1.866 2.144 2.299 2.434 2.512 2.477 2.291 2.126 
7.000 80.060 0.527 0.932 1.485 1.745 2.016 2.170 2.304 2.381 2.339 2.173 2.011 
7.000 100.500 0.426 0.817 1.363 1.619 1.884 2.036 2.170 2.245 2.197 2.051 1.892 
7.000 126.290 0.353 0.728 1.276 1.534 1.786 1.930 2.053 2.118 2.057 1.927 1.796 
7.000 158.810 0.280 0.642 1.195 1.457 1.694 1.826 1.936 1.986 1.910 1.793 1.701 
7.000 199.780 0.207 0.555 1.114 1.380 1.602 1.722 1.818 1.855 1.763 1.660 1.606 
7.000 251.390 0.130 0.465 1.031 1.298 1.502 1.605 1.686 1.705 1.598 1.510 1.500 
7.000 316.390 0.044 0.365 0.944 1.205 1.384 1.464 1.524 1.521 1.400 1.328 1.373 
7.000 398.240 -0.042 0.266 0.857 1.113 1.267 1.322 1.362 1.337 1.202 1.146 1.247 
7.000 501.290 -0.129 0.166 0.770 1.021 1.149 1.180 1.200 1.153 1.004 0.965 1.121 
7.000 631.040 -0.210 0.073 0.698 0.958 1.090 1.121 1.141 1.091 0.934 0.895 1.025 
7.000 794.390 -0.291 -0.021 0.627 0.896 1.034 1.066 1.086 1.033 0.871 0.830 0.930 
7.250 10.050 1.556 2.093 2.644 2.927 3.219 3.363 3.475 3.563 3.536 3.199 3.189 
7.250 10.080 1.556 2.093 2.644 2.926 3.218 3.363 3.475 3.563 3.536 3.198 3.189 
7.250 10.120 1.556 2.093 2.644 2.926 3.218 3.363 3.475 3.563 3.535 3.198 3.189 
7.250 10.200 1.556 2.093 2.643 2.926 3.218 3.362 3.474 3.562 3.535 3.198 3.188 
7.250 10.310 1.555 2.092 2.643 2.925 3.217 3.362 3.474 3.562 3.534 3.197 3.188 
7.250 10.490 1.554 2.091 2.642 2.925 3.217 3.361 3.473 3.561 3.534 3.196 3.187 
7.250 10.760 1.553 2.090 2.641 2.924 3.216 3.360 3.472 3.560 3.533 3.194 3.185 
7.250 11.180 1.551 2.088 2.640 2.923 3.215 3.359 3.471 3.559 3.531 3.191 3.183 
7.250 11.820 1.546 2.083 2.636 2.919 3.212 3.356 3.468 3.554 3.526 3.183 3.177 
7.250 12.770 1.540 2.077 2.631 2.916 3.209 3.353 3.464 3.549 3.521 3.174 3.171 
7.250 14.140 1.534 2.071 2.626 2.912 3.205 3.350 3.461 3.544 3.515 3.165 3.164 
7.250 16.080 1.471 2.008 2.563 2.847 3.140 3.284 3.396 3.478 3.450 3.110 3.093 
7.250 18.740 1.397 1.934 2.490 2.772 3.064 3.208 3.321 3.402 3.375 3.047 3.012 
7.250 22.320 1.323 1.860 2.416 2.696 2.986 3.131 3.245 3.325 3.298 2.983 2.929 
7.250 27.040 1.248 1.755 2.309 2.585 2.873 3.018 3.134 3.213 3.187 2.890 2.818 
7.250 33.160 1.145 1.619 2.167 2.435 2.721 2.866 2.985 3.065 3.036 2.764 2.673 
7.250 41.050 1.029 1.481 2.023 2.284 2.566 2.712 2.835 2.914 2.884 2.637 2.527 
7.250 51.110 0.910 1.344 1.879 2.133 2.412 2.558 2.684 2.763 2.731 2.509 2.383 
7.250 63.890 0.809 1.228 1.756 2.004 2.278 2.424 2.549 2.628 2.591 2.390 2.264 
7.250 80.060 0.703 1.108 1.629 1.872 2.141 2.286 2.411 2.489 2.447 2.268 2.142 
7.250 100.500 0.592 0.985 1.498 1.736 1.999 2.144 2.268 2.347 2.298 2.142 2.016 
7.250 126.290 0.514 0.894 1.406 1.644 1.895 2.034 2.150 2.220 2.159 2.020 1.918 
7.250 158.810 0.440 0.809 1.322 1.561 1.797 1.928 2.035 2.092 2.017 1.892 1.823 
7.250 199.780 0.366 0.724 1.237 1.478 1.699 1.822 1.919 1.963 1.874 1.763 1.728 
7.250 251.390 0.287 0.634 1.151 1.390 1.594 1.704 1.788 1.817 1.714 1.618 1.622 
7.250 316.390 0.199 0.536 1.063 1.295 1.473 1.563 1.629 1.637 1.519 1.441 1.497 
7.250 398.240 0.113 0.439 0.974 1.200 1.353 1.421 1.469 1.456 1.325 1.264 1.372 
7.250 501.290 0.024 0.341 0.886 1.105 1.232 1.279 1.310 1.275 1.130 1.086 1.247 
7.250 631.040 -0.053 0.253 0.818 1.046 1.176 1.224 1.255 1.217 1.065 1.021 1.156 
7.250 794.390 -0.129 0.166 0.751 0.987 1.123 1.172 1.204 1.164 1.006 0.961 1.066 
7.500 10.050 1.739 2.239 2.748 3.013 3.296 3.433 3.541 3.628 3.599 3.241 3.267 
7.500 10.080 1.739 2.239 2.748 3.013 3.295 3.432 3.541 3.628 3.599 3.240 3.267 
7.500 10.120 1.738 2.239 2.748 3.012 3.295 3.432 3.540 3.627 3.598 3.240 3.266 
7.500 10.200 1.738 2.238 2.747 3.012 3.295 3.432 3.540 3.627 3.598 3.240 3.266 
7.500 10.310 1.737 2.238 2.747 3.012 3.294 3.431 3.539 3.626 3.597 3.239 3.265 
7.500 10.490 1.737 2.237 2.746 3.011 3.293 3.430 3.539 3.626 3.597 3.239 3.265 
7.500 10.760 1.736 2.236 2.745 3.010 3.293 3.430 3.538 3.625 3.596 3.238 3.264 
7.500 11.180 1.735 2.235 2.744 3.009 3.292 3.429 3.537 3.624 3.595 3.235 3.262 
7.500 11.820 1.732 2.233 2.743 3.009 3.292 3.429 3.537 3.622 3.592 3.228 3.260 
7.500 12.770 1.729 2.230 2.741 3.008 3.292 3.429 3.537 3.620 3.589 3.220 3.257 
7.500 14.140 1.726 2.226 2.739 3.007 3.291 3.428 3.536 3.618 3.585 3.213 3.253 
7.500 16.080 1.689 2.189 2.703 2.970 3.254 3.391 3.499 3.580 3.548 3.183 3.213 
7.500 18.740 1.645 2.145 2.661 2.927 3.211 3.348 3.456 3.535 3.505 3.149 3.166 
7.500 22.320 1.600 2.101 2.618 2.883 3.167 3.304 3.412 3.490 3.461 3.114 3.118 
7.500 27.040 1.503 2.003 2.520 2.781 3.063 3.200 3.310 3.387 3.358 3.029 3.015 
7.500 33.160 1.360 1.848 2.361 2.615 2.895 3.031 3.143 3.221 3.190 2.892 2.853 
7.500 41.050 1.237 1.691 2.200 2.447 2.724 2.862 2.975 3.053 3.020 2.752 2.690 
7.500 51.110 1.102 1.536 2.041 2.281 2.555 2.692 2.808 2.887 2.851 2.613 2.528 
7.500 63.890 0.992 1.412 1.909 2.142 2.412 2.549 2.664 2.744 2.704 2.490 2.403 
7.500 80.060 0.876 1.284 1.773 2.000 2.265 2.402 2.517 2.598 2.554 2.364 2.274 
7.500 100.500 0.754 1.153 1.633 1.853 2.114 2.251 2.366 2.448 2.399 2.233 2.140 
7.500 126.290 0.671 1.061 1.536 1.754 2.003 2.137 2.248 2.322 2.262 2.114 2.040 
7.500 158.810 0.596 0.976 1.448 1.664 1.900 2.030 2.134 2.197 2.124 1.990 1.945 
7.500 199.780 0.520 0.892 1.361 1.575 1.796 1.923 2.019 2.072 1.985 1.866 1.850 
7.500 251.390 0.440 0.804 1.273 1.483 1.686 1.803 1.890 1.929 1.829 1.726 1.745 
7.500 316.390 0.351 0.708 1.182 1.385 1.562 1.662 1.733 1.752 1.638 1.553 1.621 
7.500 398.240 0.262 0.611 1.092 1.288 1.439 1.520 1.576 1.574 1.447 1.380 1.497 
7.500 501.290 0.173 0.515 1.002 1.190 1.316 1.378 1.419 1.397 1.256 1.208 1.374 
7.500 631.040 0.099 0.434 0.938 1.133 1.262 1.326 1.368 1.343 1.196 1.147 1.287 
7.500 794.390 0.026 0.353 0.876 1.078 1.212 1.278 1.321 1.295 1.142 1.091 1.201 
7.750 10.050 1.874 2.342 2.811 3.063 3.342 3.476 3.587 3.675 3.648 3.276 3.329 
7.750 10.080 1.873 2.342 2.810 3.062 3.342 3.476 3.587 3.675 3.648 3.276 3.329 
7.750 10.120 1.873 2.341 2.810 3.062 3.342 3.476 3.587 3.675 3.647 3.275 3.329 
7.750 10.200 1.873 2.341 2.810 3.062 3.341 3.475 3.586 3.674 3.647 3.275 3.328 
7.750 10.310 1.872 2.340 2.809 3.061 3.341 3.475 3.586 3.674 3.646 3.275 3.328 
7.750 10.490 1.872 2.340 2.809 3.061 3.340 3.474 3.585 3.673 3.646 3.274 3.327 
7.750 10.760 1.871 2.339 2.808 3.059 3.339 3.473 3.584 3.672 3.645 3.273 3.326 
7.750 11.180 1.870 2.338 2.807 3.059 3.338 3.472 3.583 3.671 3.644 3.271 3.325 
7.750 11.820 1.868 2.336 2.805 3.058 3.338 3.472 3.583 3.670 3.642 3.267 3.323 
7.750 12.770 1.865 2.334 2.804 3.057 3.337 3.471 3.582 3.668 3.639 3.263 3.321 
7.750 14.140 1.863 2.331 2.802 3.055 3.336 3.470 3.580 3.666 3.636 3.258 3.318 
7.750 16.080 1.842 2.310 2.783 3.036 3.317 3.451 3.562 3.645 3.616 3.239 3.296 
7.750 18.740 1.818 2.286 2.760 3.013 3.294 3.429 3.540 3.621 3.592 3.217 3.271 
7.750 22.320 1.793 2.261 2.737 2.989 3.271 3.406 3.517 3.595 3.567 3.195 3.246 
7.750 27.040 1.715 2.183 2.660 2.910 3.190 3.326 3.436 3.514 3.486 3.129 3.164 
7.750 33.160 1.579 2.047 2.524 2.769 3.047 3.182 3.294 3.372 3.342 3.015 3.024 
7.750 41.050 1.441 1.910 2.386 2.626 2.902 3.037 3.150 3.229 3.198 2.900 2.881 
7.750 51.110 1.329 1.769 2.245 2.480 2.753 2.888 3.002 3.081 3.048 2.780 2.735 
7.750 63.890 1.195 1.619 2.088 2.317 2.587 2.721 2.835 2.915 2.876 2.637 2.584 
7.750 80.060 1.051 1.466 1.928 2.151 2.417 2.551 2.664 2.745 2.701 2.490 2.430 
7.750 100.500 0.900 1.309 1.763 1.980 2.243 2.377 2.490 2.572 2.521 2.339 2.272 
7.750 126.290 0.808 1.210 1.655 1.869 2.124 2.256 2.365 2.440 2.379 2.217 2.164 
7.750 158.810 0.729 1.125 1.563 1.773 2.018 2.148 2.251 2.318 2.244 2.099 2.068 
7.750 199.780 0.650 1.041 1.470 1.678 1.912 2.040 2.137 2.195 2.108 1.982 1.972 
7.750 251.390 0.567 0.953 1.378 1.581 1.799 1.920 2.009 2.054 1.954 1.846 1.867 
7.750 316.390 0.476 0.857 1.285 1.479 1.674 1.777 1.852 1.877 1.765 1.676 1.743 
7.750 398.240 0.384 0.761 1.191 1.378 1.548 1.635 1.696 1.700 1.575 1.505 1.619 
7.750 501.290 0.293 0.666 1.098 1.276 1.423 1.492 1.539 1.523 1.385 1.335 1.496 
7.750 631.040 0.223 0.590 1.038 1.222 1.374 1.444 1.492 1.474 1.330 1.278 1.413 
7.750 794.390 0.152 0.515 0.979 1.170 1.327 1.401 1.450 1.431 1.280 1.227 1.332 
8.000 10.050 2.003 2.444 2.873 3.112 3.389 3.520 3.634 3.723 3.697 3.312 3.392 
8.000 10.080 2.002 2.444 2.873 3.112 3.388 3.519 3.634 3.723 3.697 3.311 3.392 
8.000 10.120 2.002 2.444 2.873 3.112 3.388 3.519 3.633 3.722 3.696 3.311 3.391 
8.000 10.200 2.002 2.443 2.872 3.111 3.388 3.519 3.633 3.722 3.696 3.311 3.391 
8.000 10.310 2.001 2.443 2.872 3.111 3.387 3.518 3.632 3.721 3.695 3.310 3.390 
8.000 10.490 2.001 2.442 2.871 3.110 3.386 3.517 3.632 3.721 3.695 3.310 3.390 
8.000 10.760 2.000 2.441 2.870 3.109 3.386 3.517 3.631 3.720 3.694 3.309 3.389 
8.000 11.180 1.999 2.440 2.869 3.108 3.385 3.516 3.630 3.719 3.693 3.308 3.388 
8.000 11.820 1.997 2.439 2.868 3.107 3.383 3.514 3.629 3.717 3.692 3.306 3.386 
8.000 12.770 1.996 2.437 2.866 3.105 3.382 3.513 3.627 3.716 3.690 3.305 3.385 
8.000 14.140 1.994 2.435 2.864 3.103 3.380 3.511 3.625 3.714 3.688 3.303 3.383 
8.000 16.080 1.990 2.432 2.862 3.101 3.379 3.511 3.624 3.710 3.684 3.295 3.380 
8.000 18.740 1.986 2.427 2.859 3.099 3.378 3.510 3.623 3.706 3.679 3.286 3.377 
8.000 22.320 1.980 2.422 2.855 3.096 3.376 3.509 3.621 3.700 3.673 3.277 3.374 
8.000 27.040 1.922 2.363 2.799 3.039 3.318 3.452 3.563 3.641 3.613 3.229 3.314 
8.000 33.160 1.805 2.246 2.687 2.923 3.200 3.333 3.445 3.523 3.495 3.139 3.194 
8.000 41.050 1.686 2.128 2.573 2.806 3.080 3.213 3.325 3.404 3.375 3.048 3.071 
8.000 51.110 1.560 2.002 2.450 2.679 2.951 3.084 3.197 3.276 3.245 2.947 2.942 
8.000 63.890 1.396 1.827 2.268 2.492 2.762 2.894 3.006 3.086 3.048 2.783 2.766 
8.000 80.060 1.224 1.648 2.082 2.301 2.569 2.701 2.811 2.893 2.847 2.616 2.587 
8.000 100.500 1.046 1.465 1.893 2.106 2.372 2.503 2.613 2.695 2.642 2.444 2.403 
8.000 126.290 0.943 1.359 1.775 1.984 2.245 2.375 2.481 2.559 2.496 2.321 2.288 
8.000 158.810 0.861 1.274 1.677 1.883 2.136 2.266 2.368 2.438 2.363 2.209 2.191 
8.000 199.780 0.777 1.190 1.580 1.781 2.027 2.157 2.255 2.317 2.231 2.097 2.095 
8.000 251.390 0.692 1.102 1.483 1.678 1.912 2.036 2.128 2.178 2.080 1.966 1.989 
8.000 316.390 0.597 1.007 1.387 1.573 1.785 1.893 1.972 2.002 1.891 1.798 1.865 
8.000 398.240 0.503 0.911 1.291 1.468 1.658 1.750 1.815 1.826 1.703 1.630 1.741 
8.000 501.290 0.409 0.816 1.195 1.362 1.531 1.606 1.659 1.650 1.514 1.461 1.618 
8.000 631.040 0.341 0.746 1.138 1.311 1.485 1.562 1.616 1.605 1.464 1.410 1.539 
8.000 794.390 0.272 0.676 1.083 1.262 1.442 1.523 1.578 1.566 1.419 1.363 1.463 
