CanadaSHM5_AA13_stablecrust_low , distance is rhypo. Log10 ground motion values in cgs units
          15 30 11 : nmag, ndist, nperiod
          10.000 5.000 2.000 1.000 0.500 0.300 0.200 0.100 0.050 PGA PGV 
          0.620 0.620 0.620 0.620 0.580 0.540 0.530 0.530 0.530 0.530 0.620
4.500 10.050 -1.852 -0.494 0.490 1.194 1.840 2.131 2.335 2.528 2.541 2.119 1.646 
4.500 10.080 -1.859 -0.501 0.487 1.190 1.833 2.122 2.328 2.523 2.538 2.119 1.641 
4.500 10.120 -1.863 -0.508 0.483 1.185 1.826 2.113 2.320 2.518 2.534 2.119 1.636 
4.500 10.200 -1.860 -0.515 0.480 1.180 1.819 2.104 2.312 2.514 2.531 2.120 1.631 
4.500 10.310 -1.866 -0.532 0.468 1.166 1.800 2.082 2.292 2.499 2.519 2.112 1.617 
4.500 10.490 -1.862 -0.555 0.450 1.145 1.774 2.053 2.264 2.477 2.501 2.099 1.598 
4.500 10.760 -1.860 -0.578 0.433 1.125 1.748 2.023 2.236 2.456 2.483 2.087 1.578 
4.500 11.180 -1.864 -0.607 0.408 1.096 1.715 1.986 2.201 2.425 2.454 2.066 1.550 
4.500 11.820 -1.879 -0.655 0.356 1.042 1.657 1.927 2.141 2.368 2.392 2.017 1.496 
4.500 12.770 -1.889 -0.703 0.305 0.988 1.599 1.869 2.082 2.309 2.329 1.970 1.443 
4.500 14.140 -1.899 -0.751 0.255 0.935 1.542 1.810 2.023 2.252 2.267 1.922 1.389 
4.500 16.080 -1.945 -0.836 0.159 0.842 1.448 1.718 1.927 2.148 2.144 1.826 1.289 
4.500 18.740 -1.995 -0.927 0.057 0.742 1.348 1.622 1.825 2.038 2.013 1.722 1.183 
4.500 22.320 -2.044 -1.017 -0.044 0.644 1.249 1.526 1.724 1.928 1.882 1.618 1.077 
4.500 27.040 -2.106 -1.121 -0.158 0.532 1.137 1.415 1.608 1.801 1.733 1.496 0.954 
4.500 33.160 -2.184 -1.239 -0.285 0.406 1.011 1.289 1.475 1.655 1.564 1.354 0.814 
4.500 41.050 -2.258 -1.356 -0.411 0.282 0.887 1.165 1.344 1.510 1.397 1.213 0.675 
4.500 51.110 -2.328 -1.468 -0.532 0.161 0.766 1.043 1.216 1.369 1.234 1.076 0.540 
4.500 63.890 -2.375 -1.554 -0.622 0.058 0.656 0.924 1.094 1.239 1.098 0.954 0.420 
4.500 80.060 -2.415 -1.636 -0.710 -0.042 0.550 0.809 0.976 1.113 0.965 0.836 0.303 
4.500 100.500 -2.451 -1.714 -0.793 -0.137 0.447 0.699 0.862 0.992 0.836 0.722 0.190 
4.500 126.290 -2.521 -1.824 -0.901 -0.265 0.307 0.544 0.700 0.813 0.645 0.547 0.035 
4.500 158.810 -2.593 -1.938 -1.011 -0.397 0.161 0.381 0.527 0.620 0.438 0.355 -0.127 
4.500 199.780 -2.665 -2.052 -1.121 -0.529 0.015 0.218 0.355 0.427 0.231 0.164 -0.290 
4.500 251.390 -2.747 -2.174 -1.238 -0.667 -0.141 0.045 0.168 0.216 0.002 -0.047 -0.463 
4.500 316.390 -2.843 -2.312 -1.367 -0.817 -0.312 -0.150 -0.047 -0.032 -0.268 -0.296 -0.657 
4.500 398.240 -2.941 -2.450 -1.496 -0.966 -0.484 -0.345 -0.262 -0.279 -0.538 -0.544 -0.850 
4.500 501.290 -3.037 -2.589 -1.625 -1.116 -0.655 -0.540 -0.477 -0.526 -0.807 -0.793 -1.044 
4.500 631.040 -3.207 -2.800 -1.802 -1.274 -0.796 -0.675 -0.607 -0.658 -0.951 -0.937 -1.235 
4.500 794.390 -3.380 -3.014 -1.980 -1.433 -0.936 -0.806 -0.734 -0.786 -1.090 -1.076 -1.425 
4.750 10.050 -1.473 -0.207 0.753 1.435 2.034 2.298 2.485 2.652 2.644 2.234 1.816 
4.750 10.080 -1.478 -0.212 0.751 1.431 2.028 2.290 2.478 2.650 2.642 2.235 1.812 
4.750 10.120 -1.483 -0.217 0.748 1.426 2.021 2.283 2.472 2.647 2.639 2.236 1.809 
4.750 10.200 -1.479 -0.222 0.746 1.422 2.014 2.275 2.465 2.645 2.636 2.237 1.805 
4.750 10.310 -1.483 -0.238 0.733 1.406 1.995 2.253 2.446 2.631 2.623 2.230 1.792 
4.750 10.490 -1.482 -0.259 0.714 1.384 1.967 2.223 2.418 2.611 2.604 2.218 1.772 
4.750 10.760 -1.478 -0.280 0.696 1.361 1.940 2.193 2.390 2.591 2.585 2.207 1.752 
4.750 11.180 -1.481 -0.308 0.669 1.331 1.905 2.156 2.355 2.563 2.556 2.188 1.724 
4.750 11.820 -1.501 -0.357 0.617 1.276 1.847 2.098 2.296 2.506 2.494 2.141 1.670 
4.750 12.770 -1.513 -0.406 0.565 1.221 1.788 2.040 2.237 2.449 2.432 2.095 1.616 
4.750 14.140 -1.526 -0.454 0.513 1.166 1.731 1.982 2.178 2.393 2.370 2.050 1.562 
4.750 16.080 -1.575 -0.541 0.419 1.074 1.639 1.893 2.084 2.289 2.251 1.955 1.463 
4.750 18.740 -1.630 -0.635 0.319 0.977 1.542 1.800 1.984 2.178 2.123 1.852 1.357 
4.750 22.320 -1.683 -0.727 0.219 0.880 1.446 1.707 1.885 2.069 1.996 1.751 1.252 
4.750 27.040 -1.749 -0.832 0.109 0.772 1.338 1.600 1.772 1.942 1.851 1.631 1.131 
4.750 33.160 -1.830 -0.950 -0.014 0.651 1.217 1.478 1.643 1.799 1.687 1.490 0.993 
4.750 41.050 -1.907 -1.066 -0.135 0.531 1.098 1.358 1.516 1.657 1.524 1.352 0.857 
4.750 51.110 -1.979 -1.177 -0.251 0.415 0.982 1.240 1.392 1.518 1.366 1.217 0.724 
4.750 63.890 -2.021 -1.257 -0.335 0.317 0.877 1.126 1.275 1.396 1.237 1.101 0.607 
4.750 80.060 -2.059 -1.334 -0.415 0.222 0.775 1.015 1.162 1.277 1.112 0.989 0.495 
4.750 100.500 -2.093 -1.407 -0.492 0.132 0.678 0.909 1.053 1.162 0.990 0.880 0.386 
4.750 126.290 -2.153 -1.504 -0.592 0.009 0.544 0.761 0.899 0.994 0.813 0.717 0.240 
4.750 158.810 -2.213 -1.603 -0.694 -0.118 0.402 0.604 0.735 0.814 0.621 0.540 0.087 
4.750 199.780 -2.275 -1.702 -0.796 -0.244 0.261 0.447 0.570 0.633 0.430 0.364 -0.066 
4.750 251.390 -2.342 -1.811 -0.905 -0.377 0.111 0.280 0.392 0.434 0.217 0.167 -0.229 
4.750 316.390 -2.432 -1.937 -1.028 -0.521 -0.055 0.091 0.184 0.197 -0.039 -0.068 -0.412 
4.750 398.240 -2.519 -2.064 -1.150 -0.665 -0.221 -0.098 -0.023 -0.039 -0.295 -0.303 -0.596 
4.750 501.290 -2.608 -2.190 -1.273 -0.809 -0.386 -0.286 -0.230 -0.276 -0.551 -0.539 -0.780 
4.750 631.040 -2.765 -2.386 -1.437 -0.956 -0.518 -0.411 -0.351 -0.398 -0.686 -0.673 -0.961 
4.750 794.390 -2.926 -2.586 -1.602 -1.104 -0.647 -0.533 -0.468 -0.516 -0.815 -0.803 -1.142 
5.000 10.050 -1.133 0.032 0.954 1.603 2.152 2.393 2.566 2.690 2.652 2.255 1.908 
5.000 10.080 -1.137 0.028 0.951 1.598 2.145 2.385 2.560 2.688 2.649 2.256 1.905 
5.000 10.120 -1.141 0.024 0.949 1.593 2.138 2.378 2.554 2.687 2.646 2.257 1.903 
5.000 10.200 -1.123 0.048 0.983 1.631 2.175 2.413 2.587 2.736 2.698 2.312 1.944 
5.000 10.310 -1.122 0.037 0.972 1.617 2.157 2.394 2.570 2.727 2.688 2.309 1.934 
5.000 10.490 -1.123 0.020 0.956 1.596 2.133 2.368 2.547 2.714 2.673 2.305 1.918 
5.000 10.760 -1.113 0.004 0.939 1.576 2.109 2.342 2.524 2.701 2.659 2.300 1.903 
5.000 11.180 -1.111 -0.017 0.919 1.552 2.081 2.313 2.496 2.684 2.639 2.292 1.884 
5.000 11.820 -1.128 -0.058 0.877 1.509 2.036 2.269 2.450 2.644 2.595 2.265 1.844 
5.000 12.770 -1.142 -0.108 0.825 1.453 1.978 2.211 2.392 2.588 2.534 2.221 1.789 
5.000 14.140 -1.157 -0.157 0.772 1.398 1.919 2.154 2.334 2.533 2.474 2.177 1.735 
5.000 16.080 -1.212 -0.247 0.679 1.307 1.830 2.068 2.241 2.430 2.358 2.084 1.637 
5.000 18.740 -1.271 -0.342 0.581 1.211 1.736 1.977 2.143 2.319 2.233 1.983 1.532 
5.000 22.320 -1.329 -0.437 0.482 1.117 1.642 1.888 2.047 2.209 2.110 1.883 1.428 
5.000 27.040 -1.400 -0.543 0.375 1.012 1.538 1.785 1.936 2.084 1.969 1.765 1.308 
5.000 33.160 -1.482 -0.660 0.257 0.895 1.423 1.667 1.811 1.943 1.809 1.627 1.172 
5.000 41.050 -1.561 -0.776 0.141 0.781 1.309 1.551 1.688 1.803 1.651 1.490 1.038 
5.000 51.110 -1.638 -0.887 0.031 0.670 1.198 1.438 1.568 1.668 1.498 1.358 0.907 
5.000 63.890 -1.674 -0.961 -0.047 0.576 1.098 1.328 1.456 1.552 1.377 1.248 0.795 
5.000 80.060 -1.708 -1.032 -0.121 0.486 1.002 1.221 1.348 1.440 1.259 1.141 0.686 
5.000 100.500 -1.741 -1.099 -0.191 0.400 0.909 1.119 1.244 1.332 1.145 1.038 0.582 
5.000 126.290 -1.789 -1.184 -0.284 0.283 0.780 0.977 1.097 1.175 0.981 0.887 0.444 
5.000 158.810 -1.836 -1.268 -0.377 0.162 0.644 0.826 0.942 1.007 0.805 0.725 0.301 
5.000 199.780 -1.885 -1.352 -0.471 0.041 0.508 0.676 0.786 0.840 0.630 0.563 0.159 
5.000 251.390 -1.947 -1.447 -0.572 -0.087 0.363 0.515 0.615 0.652 0.432 0.381 0.006 
5.000 316.390 -2.025 -1.562 -0.688 -0.225 0.203 0.333 0.416 0.426 0.189 0.159 -0.168 
5.000 398.240 -2.103 -1.677 -0.805 -0.363 0.043 0.150 0.216 0.200 -0.053 -0.063 -0.342 
5.000 501.290 -2.183 -1.791 -0.921 -0.502 -0.118 -0.032 0.016 -0.025 -0.295 -0.285 -0.515 
5.000 631.040 -2.329 -1.973 -1.072 -0.638 -0.239 -0.148 -0.096 -0.138 -0.420 -0.410 -0.687 
5.000 794.390 -2.478 -2.158 -1.224 -0.775 -0.359 -0.260 -0.204 -0.247 -0.540 -0.530 -0.858 
5.250 10.050 -0.824 0.250 1.135 1.742 2.247 2.472 2.631 2.733 2.677 2.293 2.007 
5.250 10.080 -0.825 0.249 1.134 1.739 2.242 2.467 2.628 2.733 2.676 2.295 2.007 
5.250 10.120 -0.827 0.247 1.133 1.736 2.237 2.462 2.625 2.734 2.675 2.296 2.006 
5.250 10.200 -0.828 0.246 1.132 1.733 2.233 2.456 2.621 2.734 2.674 2.298 2.005 
5.250 10.310 -0.835 0.235 1.121 1.718 2.215 2.439 2.606 2.726 2.664 2.295 1.995 
5.250 10.490 -0.819 0.246 1.141 1.739 2.235 2.456 2.622 2.762 2.703 2.345 2.023 
5.250 10.760 -0.811 0.230 1.124 1.717 2.211 2.431 2.599 2.748 2.687 2.341 2.007 
5.250 11.180 -0.808 0.209 1.102 1.692 2.183 2.403 2.572 2.730 2.666 2.333 1.986 
5.250 11.820 -0.824 0.173 1.066 1.655 2.146 2.366 2.533 2.697 2.631 2.314 1.952 
5.250 12.770 -0.830 0.136 1.030 1.619 2.109 2.330 2.495 2.664 2.596 2.296 1.918 
5.250 14.140 -0.837 0.100 0.993 1.582 2.071 2.293 2.456 2.630 2.559 2.275 1.883 
5.250 16.080 -0.893 0.011 0.904 1.496 1.986 2.209 2.365 2.528 2.446 2.183 1.785 
5.250 18.740 -0.952 -0.083 0.809 1.405 1.896 2.122 2.270 2.419 2.325 2.084 1.681 
5.250 22.320 -1.011 -0.176 0.715 1.314 1.807 2.035 2.176 2.311 2.204 1.985 1.577 
5.250 27.040 -1.081 -0.280 0.612 1.214 1.708 1.935 2.067 2.188 2.066 1.868 1.459 
5.250 33.160 -1.162 -0.395 0.499 1.103 1.598 1.821 1.944 2.049 1.910 1.730 1.325 
5.250 41.050 -1.242 -0.509 0.387 0.994 1.490 1.708 1.822 1.912 1.755 1.595 1.193 
5.250 51.110 -1.317 -0.617 0.281 0.889 1.384 1.597 1.703 1.778 1.605 1.464 1.065 
5.250 63.890 -1.357 -0.689 0.206 0.799 1.289 1.491 1.595 1.666 1.488 1.357 0.956 
5.250 80.060 -1.393 -0.759 0.135 0.713 1.197 1.388 1.490 1.558 1.373 1.253 0.851 
5.250 100.500 -1.425 -0.824 0.068 0.632 1.109 1.289 1.390 1.453 1.263 1.153 0.750 
5.250 126.290 -1.473 -0.905 -0.022 0.519 0.984 1.153 1.251 1.307 1.110 1.013 0.618 
5.250 158.810 -1.519 -0.984 -0.113 0.401 0.853 1.010 1.105 1.153 0.948 0.865 0.484 
5.250 199.780 -1.566 -1.064 -0.204 0.283 0.721 0.867 0.959 0.998 0.787 0.718 0.349 
5.250 251.390 -1.622 -1.153 -0.302 0.160 0.582 0.713 0.798 0.824 0.603 0.550 0.204 
5.250 316.390 -1.698 -1.262 -0.414 0.027 0.427 0.537 0.608 0.611 0.375 0.343 0.039 
5.250 398.240 -1.773 -1.370 -0.526 -0.107 0.271 0.362 0.418 0.398 0.148 0.136 -0.126 
5.250 501.290 -1.850 -1.479 -0.638 -0.241 0.116 0.186 0.228 0.185 -0.080 -0.071 -0.291 
5.250 631.040 -1.988 -1.650 -0.779 -0.368 0.003 0.079 0.123 0.080 -0.196 -0.187 -0.454 
5.250 794.390 -2.129 -1.823 -0.920 -0.495 -0.108 -0.026 0.023 -0.021 -0.308 -0.300 -0.617 
5.500 10.050 -0.520 0.469 1.317 1.882 2.343 2.551 2.697 2.775 2.702 2.331 2.106 
5.500 10.080 -0.519 0.469 1.317 1.880 2.340 2.548 2.696 2.778 2.703 2.333 2.108 
5.500 10.120 -0.518 0.470 1.318 1.879 2.337 2.545 2.695 2.780 2.704 2.335 2.109 
5.500 10.200 -0.517 0.471 1.318 1.877 2.334 2.542 2.695 2.783 2.705 2.337 2.110 
5.500 10.310 -0.527 0.461 1.307 1.862 2.318 2.526 2.680 2.774 2.694 2.335 2.100 
5.500 10.490 -0.539 0.444 1.289 1.838 2.293 2.501 2.657 2.759 2.676 2.331 2.082 
5.500 10.760 -0.520 0.456 1.307 1.858 2.313 2.519 2.674 2.795 2.714 2.382 2.110 
5.500 11.180 -0.514 0.435 1.285 1.832 2.285 2.492 2.648 2.775 2.692 2.375 2.088 
5.500 11.820 -0.529 0.399 1.249 1.796 2.249 2.458 2.611 2.742 2.658 2.357 2.054 
5.500 12.770 -0.538 0.364 1.214 1.760 2.214 2.423 2.575 2.710 2.624 2.339 2.020 
5.500 14.140 -0.544 0.328 1.179 1.725 2.178 2.390 2.539 2.677 2.590 2.321 1.986 
5.500 16.080 -0.581 0.267 1.127 1.682 2.138 2.348 2.487 2.624 2.531 2.280 1.930 
5.500 18.740 -0.639 0.177 1.038 1.598 2.056 2.267 2.397 2.520 2.416 2.184 1.830 
5.500 22.320 -0.700 0.085 0.947 1.512 1.972 2.183 2.305 2.413 2.298 2.086 1.727 
5.500 27.040 -0.768 -0.017 0.849 1.417 1.878 2.086 2.199 2.292 2.163 1.970 1.610 
5.500 33.160 -0.850 -0.130 0.740 1.312 1.773 1.974 2.076 2.155 2.010 1.834 1.479 
5.500 41.050 -0.928 -0.242 0.634 1.208 1.670 1.864 1.956 2.020 1.858 1.700 1.349 
5.500 51.110 -1.003 -0.347 0.532 1.108 1.571 1.756 1.839 1.889 1.712 1.570 1.223 
5.500 63.890 -1.044 -0.418 0.460 1.023 1.480 1.654 1.734 1.780 1.598 1.465 1.117 
5.500 80.060 -1.081 -0.486 0.391 0.941 1.392 1.554 1.632 1.676 1.488 1.364 1.015 
5.500 100.500 -1.113 -0.549 0.326 0.863 1.309 1.459 1.535 1.575 1.381 1.267 0.918 
5.500 126.290 -1.160 -0.626 0.239 0.754 1.189 1.329 1.404 1.439 1.240 1.139 0.793 
5.500 158.810 -1.206 -0.700 0.151 0.640 1.062 1.193 1.268 1.298 1.092 1.005 0.666 
5.500 199.780 -1.250 -0.775 0.063 0.526 0.935 1.057 1.132 1.157 0.944 0.872 0.539 
5.500 251.390 -1.303 -0.859 -0.031 0.408 0.801 0.910 0.981 0.996 0.774 0.719 0.402 
5.500 316.390 -1.377 -0.962 -0.139 0.278 0.650 0.742 0.800 0.796 0.562 0.527 0.246 
5.500 398.240 -1.450 -1.064 -0.247 0.149 0.500 0.573 0.619 0.596 0.348 0.335 0.089 
5.500 501.290 -1.522 -1.167 -0.355 0.020 0.350 0.405 0.438 0.396 0.135 0.143 -0.067 
5.500 631.040 -1.652 -1.326 -0.485 -0.098 0.245 0.305 0.343 0.299 0.027 0.035 -0.222 
5.500 794.390 -1.784 -1.488 -0.617 -0.215 0.143 0.208 0.250 0.206 -0.076 -0.070 -0.377 
5.750 10.050 -0.249 0.662 1.464 1.988 2.417 2.614 2.749 2.807 2.723 2.364 2.191 
5.750 10.080 -0.248 0.662 1.464 1.987 2.415 2.612 2.748 2.808 2.724 2.366 2.192 
5.750 10.120 -0.247 0.663 1.464 1.985 2.413 2.609 2.748 2.810 2.724 2.367 2.192 
5.750 10.200 -0.246 0.664 1.464 1.984 2.410 2.607 2.747 2.811 2.725 2.369 2.193 
5.750 10.310 -0.253 0.657 1.455 1.971 2.397 2.594 2.735 2.803 2.715 2.369 2.185 
5.750 10.490 -0.266 0.644 1.441 1.952 2.376 2.574 2.717 2.790 2.700 2.367 2.171 
5.750 10.760 -0.273 0.632 1.426 1.933 2.356 2.554 2.699 2.776 2.685 2.365 2.158 
5.750 11.180 -0.250 0.642 1.443 1.953 2.377 2.573 2.716 2.810 2.721 2.414 2.184 
5.750 11.820 -0.260 0.607 1.408 1.918 2.342 2.539 2.680 2.777 2.687 2.396 2.149 
5.750 12.770 -0.272 0.572 1.373 1.883 2.307 2.505 2.644 2.744 2.654 2.379 2.115 
5.750 14.140 -0.277 0.537 1.338 1.848 2.272 2.471 2.608 2.711 2.620 2.362 2.080 
5.750 16.080 -0.313 0.478 1.288 1.807 2.234 2.431 2.558 2.660 2.563 2.322 2.026 
5.750 18.740 -0.352 0.414 1.235 1.764 2.195 2.390 2.505 2.605 2.501 2.278 1.968 
5.750 22.320 -0.411 0.324 1.149 1.681 2.114 2.308 2.415 2.503 2.388 2.182 1.867 
5.750 27.040 -0.481 0.225 1.053 1.589 2.022 2.212 2.309 2.385 2.255 2.067 1.752 
5.750 33.160 -0.562 0.114 0.948 1.488 1.922 2.103 2.189 2.251 2.105 1.932 1.623 
5.750 41.050 -0.642 0.006 0.845 1.388 1.822 1.995 2.071 2.118 1.956 1.799 1.495 
5.750 51.110 -0.716 -0.097 0.746 1.292 1.726 1.890 1.955 1.990 1.812 1.671 1.371 
5.750 63.890 -0.758 -0.166 0.676 1.210 1.638 1.791 1.853 1.884 1.700 1.568 1.269 
5.750 80.060 -0.795 -0.232 0.609 1.131 1.554 1.695 1.755 1.782 1.590 1.468 1.169 
5.750 100.500 -0.830 -0.294 0.547 1.057 1.474 1.603 1.660 1.684 1.485 1.373 1.074 
5.750 126.290 -0.877 -0.369 0.462 0.951 1.358 1.478 1.535 1.552 1.348 1.250 0.955 
5.750 158.810 -0.922 -0.441 0.376 0.840 1.236 1.347 1.405 1.416 1.207 1.124 0.834 
5.750 199.780 -0.967 -0.514 0.290 0.730 1.114 1.217 1.275 1.279 1.066 0.999 0.713 
5.750 251.390 -1.022 -0.595 0.198 0.615 0.983 1.075 1.130 1.123 0.903 0.854 0.581 
5.750 316.390 -1.095 -0.695 0.093 0.489 0.837 0.911 0.954 0.929 0.698 0.671 0.431 
5.750 398.240 -1.166 -0.794 -0.012 0.364 0.691 0.747 0.779 0.734 0.493 0.487 0.281 
5.750 501.290 -1.239 -0.894 -0.116 0.238 0.544 0.583 0.604 0.540 0.288 0.304 0.131 
5.750 631.040 -1.361 -1.043 -0.238 0.128 0.447 0.490 0.514 0.448 0.186 0.202 -0.017 
5.750 794.390 -1.485 -1.194 -0.361 0.020 0.352 0.400 0.428 0.360 0.088 0.103 -0.164 
6.000 10.050 0.019 0.855 1.610 2.095 2.492 2.676 2.801 2.839 2.745 2.397 2.275 
6.000 10.080 0.020 0.856 1.610 2.093 2.490 2.675 2.800 2.839 2.745 2.399 2.275 
6.000 10.120 0.021 0.856 1.610 2.092 2.488 2.673 2.800 2.839 2.745 2.400 2.276 
6.000 10.200 0.023 0.857 1.610 2.091 2.487 2.672 2.799 2.840 2.745 2.402 2.276 
6.000 10.310 0.018 0.852 1.604 2.081 2.476 2.662 2.790 2.832 2.737 2.402 2.270 
6.000 10.490 0.009 0.844 1.592 2.066 2.460 2.646 2.776 2.821 2.724 2.402 2.261 
6.000 10.760 0.000 0.835 1.581 2.051 2.444 2.631 2.763 2.809 2.711 2.402 2.250 
6.000 11.180 -0.011 0.820 1.564 2.032 2.424 2.611 2.744 2.792 2.693 2.398 2.235 
6.000 11.820 -0.004 0.814 1.566 2.039 2.435 2.620 2.748 2.811 2.716 2.436 2.245 
6.000 12.770 -0.011 0.779 1.531 2.005 2.400 2.586 2.713 2.778 2.683 2.420 2.210 
6.000 14.140 -0.018 0.745 1.497 1.970 2.366 2.553 2.677 2.745 2.649 2.403 2.175 
6.000 16.080 -0.053 0.687 1.448 1.930 2.329 2.513 2.627 2.696 2.594 2.364 2.121 
6.000 18.740 -0.092 0.625 1.399 1.890 2.292 2.473 2.576 2.644 2.535 2.321 2.064 
6.000 22.320 -0.132 0.563 1.349 1.850 2.255 2.432 2.523 2.591 2.475 2.277 2.007 
6.000 27.040 -0.201 0.466 1.257 1.762 2.167 2.338 2.420 2.477 2.347 2.164 1.894 
6.000 33.160 -0.282 0.359 1.155 1.664 2.070 2.232 2.302 2.346 2.199 2.031 1.767 
6.000 41.050 -0.361 0.253 1.055 1.569 1.974 2.127 2.185 2.217 2.053 1.899 1.641 
6.000 51.110 -0.435 0.153 0.961 1.476 1.881 2.024 2.072 2.091 1.913 1.772 1.519 
6.000 63.890 -0.477 0.085 0.892 1.397 1.797 1.928 1.973 1.988 1.801 1.670 1.420 
6.000 80.060 -0.516 0.021 0.828 1.322 1.717 1.836 1.877 1.888 1.693 1.572 1.323 
6.000 100.500 -0.549 -0.039 0.767 1.250 1.640 1.747 1.786 1.792 1.589 1.478 1.231 
6.000 126.290 -0.599 -0.113 0.684 1.148 1.528 1.626 1.665 1.665 1.457 1.361 1.116 
6.000 158.810 -0.644 -0.183 0.601 1.041 1.410 1.501 1.542 1.533 1.322 1.243 1.001 
6.000 199.780 -0.690 -0.253 0.517 0.934 1.292 1.376 1.418 1.402 1.188 1.126 0.886 
6.000 251.390 -0.744 -0.332 0.428 0.822 1.165 1.239 1.279 1.251 1.032 0.989 0.761 
6.000 316.390 -0.815 -0.428 0.326 0.700 1.023 1.080 1.109 1.062 0.835 0.815 0.617 
6.000 398.240 -0.888 -0.524 0.224 0.578 0.881 0.921 0.939 0.872 0.638 0.640 0.472 
6.000 501.290 -0.959 -0.620 0.123 0.456 0.739 0.762 0.769 0.683 0.441 0.465 0.328 
6.000 631.040 -1.074 -0.760 0.009 0.355 0.648 0.676 0.685 0.597 0.344 0.369 0.188 
6.000 794.390 -1.191 -0.901 -0.104 0.254 0.560 0.592 0.605 0.514 0.252 0.276 0.048 
6.250 10.050 0.259 1.030 1.735 2.188 2.565 2.737 2.850 2.861 2.762 2.426 2.348 
6.250 10.080 0.260 1.030 1.735 2.187 2.564 2.736 2.849 2.861 2.762 2.427 2.349 
6.250 10.120 0.261 1.031 1.735 2.187 2.563 2.735 2.849 2.862 2.763 2.427 2.349 
6.250 10.200 0.262 1.031 1.735 2.186 2.563 2.735 2.849 2.862 2.763 2.428 2.349 
6.250 10.310 0.260 1.029 1.732 2.181 2.556 2.729 2.844 2.858 2.758 2.429 2.347 
6.250 10.490 0.256 1.026 1.726 2.172 2.547 2.720 2.837 2.851 2.751 2.430 2.343 
6.250 10.760 0.253 1.022 1.720 2.163 2.537 2.711 2.829 2.845 2.744 2.431 2.338 
6.250 11.180 0.242 1.012 1.707 2.148 2.522 2.696 2.815 2.832 2.730 2.429 2.327 
6.250 11.820 0.207 0.979 1.674 2.113 2.487 2.661 2.780 2.799 2.697 2.415 2.293 
6.250 12.770 0.221 0.974 1.677 2.122 2.498 2.670 2.785 2.817 2.720 2.457 2.304 
6.250 14.140 0.216 0.942 1.643 2.088 2.464 2.636 2.750 2.784 2.687 2.443 2.271 
6.250 16.080 0.185 0.884 1.595 2.047 2.424 2.593 2.698 2.735 2.632 2.406 2.217 
6.250 18.740 0.146 0.822 1.544 2.005 2.384 2.549 2.643 2.683 2.573 2.363 2.159 
6.250 22.320 0.105 0.761 1.493 1.963 2.343 2.505 2.589 2.632 2.515 2.322 2.102 
6.250 27.040 0.056 0.692 1.436 1.916 2.298 2.452 2.524 2.569 2.442 2.263 2.033 
6.250 33.160 -0.022 0.586 1.336 1.820 2.201 2.345 2.406 2.440 2.295 2.130 1.907 
6.250 41.050 -0.103 0.481 1.238 1.725 2.106 2.241 2.290 2.313 2.151 1.999 1.782 
6.250 51.110 -0.178 0.383 1.145 1.634 2.014 2.139 2.177 2.190 2.012 1.873 1.662 
6.250 63.890 -0.222 0.315 1.078 1.558 1.932 2.047 2.080 2.089 1.901 1.772 1.565 
6.250 80.060 -0.262 0.252 1.014 1.484 1.855 1.958 1.987 1.991 1.793 1.675 1.470 
6.250 100.500 -0.300 0.192 0.955 1.415 1.781 1.873 1.898 1.898 1.690 1.581 1.380 
6.250 126.290 -0.349 0.121 0.876 1.317 1.674 1.757 1.783 1.774 1.560 1.468 1.271 
6.250 158.810 -0.396 0.053 0.796 1.214 1.560 1.637 1.664 1.646 1.429 1.355 1.161 
6.250 199.780 -0.441 -0.015 0.716 1.112 1.447 1.517 1.546 1.518 1.297 1.242 1.051 
6.250 251.390 -0.496 -0.092 0.630 1.004 1.326 1.385 1.412 1.370 1.144 1.110 0.932 
6.250 316.390 -0.568 -0.186 0.531 0.885 1.187 1.230 1.246 1.184 0.950 0.941 0.793 
6.250 398.240 -0.642 -0.280 0.433 0.767 1.047 1.074 1.080 0.998 0.756 0.771 0.654 
6.250 501.290 -0.714 -0.374 0.334 0.648 0.908 0.919 0.914 0.812 0.562 0.602 0.515 
6.250 631.040 -0.822 -0.505 0.228 0.553 0.824 0.838 0.835 0.730 0.470 0.510 0.382 
6.250 794.390 -0.933 -0.637 0.123 0.460 0.742 0.760 0.761 0.652 0.382 0.423 0.249 
6.500 10.050 0.499 1.205 1.859 2.281 2.638 2.797 2.899 2.884 2.780 2.454 2.422 
6.500 10.080 0.499 1.205 1.859 2.281 2.638 2.797 2.899 2.884 2.780 2.454 2.422 
6.500 10.120 0.499 1.205 1.860 2.282 2.639 2.797 2.899 2.884 2.780 2.454 2.422 
6.500 10.200 0.499 1.206 1.860 2.282 2.639 2.797 2.899 2.884 2.780 2.455 2.422 
6.500 10.310 0.501 1.207 1.860 2.280 2.637 2.796 2.899 2.883 2.780 2.456 2.423 
6.500 10.490 0.502 1.208 1.859 2.277 2.633 2.793 2.897 2.881 2.778 2.458 2.425 
6.500 10.760 0.504 1.210 1.859 2.274 2.630 2.791 2.896 2.880 2.776 2.461 2.426 
6.500 11.180 0.498 1.203 1.851 2.264 2.619 2.780 2.887 2.871 2.767 2.460 2.420 
6.500 11.820 0.465 1.172 1.818 2.230 2.585 2.745 2.852 2.838 2.734 2.450 2.386 
6.500 12.770 0.432 1.141 1.785 2.197 2.550 2.710 2.817 2.805 2.701 2.439 2.354 
6.500 14.140 0.422 1.110 1.753 2.164 2.516 2.676 2.782 2.772 2.668 2.429 2.321 
6.500 16.080 0.413 1.081 1.740 2.164 2.518 2.672 2.768 2.774 2.669 2.447 2.312 
6.500 18.740 0.376 1.019 1.688 2.120 2.475 2.625 2.711 2.723 2.611 2.406 2.253 
6.500 22.320 0.336 0.957 1.636 2.076 2.431 2.577 2.654 2.671 2.553 2.365 2.195 
6.500 27.040 0.291 0.893 1.585 2.035 2.391 2.529 2.594 2.617 2.489 2.315 2.134 
6.500 33.160 0.218 0.798 1.499 1.954 2.310 2.438 2.490 2.509 2.364 2.203 2.025 
6.500 41.050 0.149 0.710 1.421 1.882 2.238 2.355 2.394 2.409 2.249 2.100 1.924 
6.500 51.110 0.073 0.612 1.329 1.792 2.146 2.254 2.282 2.289 2.111 1.974 1.805 
6.500 63.890 0.028 0.546 1.263 1.718 2.068 2.165 2.188 2.190 2.001 1.874 1.710 
6.500 80.060 -0.016 0.483 1.201 1.647 1.993 2.080 2.097 2.094 1.894 1.778 1.618 
6.500 100.500 -0.053 0.424 1.143 1.581 1.922 1.998 2.011 2.003 1.791 1.685 1.530 
6.500 126.290 -0.104 0.355 1.067 1.486 1.819 1.888 1.900 1.883 1.664 1.575 1.425 
6.500 158.810 -0.149 0.289 0.991 1.388 1.711 1.773 1.787 1.759 1.535 1.467 1.321 
6.500 199.780 -0.197 0.223 0.915 1.290 1.603 1.659 1.675 1.635 1.406 1.359 1.217 
6.500 251.390 -0.253 0.149 0.832 1.186 1.486 1.532 1.545 1.491 1.256 1.232 1.103 
6.500 316.390 -0.326 0.057 0.736 1.071 1.350 1.380 1.383 1.307 1.065 1.067 0.970 
6.500 398.240 -0.399 -0.035 0.641 0.955 1.214 1.227 1.221 1.124 0.874 0.903 0.836 
6.500 501.290 -0.472 -0.127 0.545 0.840 1.078 1.075 1.059 0.940 0.684 0.738 0.703 
6.500 631.040 -0.576 -0.249 0.447 0.752 1.000 1.000 0.986 0.863 0.596 0.652 0.576 
6.500 794.390 -0.681 -0.372 0.349 0.666 0.925 0.928 0.916 0.790 0.512 0.569 0.450 
6.750 10.050 0.706 1.356 1.951 2.340 2.678 2.831 2.929 2.897 2.793 2.480 2.489 
6.750 10.080 0.706 1.356 1.951 2.340 2.678 2.831 2.929 2.897 2.793 2.480 2.489 
6.750 10.120 0.707 1.357 1.952 2.340 2.678 2.832 2.930 2.897 2.794 2.480 2.489 
6.750 10.200 0.707 1.357 1.952 2.340 2.679 2.832 2.930 2.897 2.794 2.480 2.489 
6.750 10.310 0.708 1.357 1.952 2.339 2.678 2.831 2.929 2.896 2.793 2.481 2.490 
6.750 10.490 0.709 1.359 1.952 2.338 2.676 2.830 2.929 2.896 2.792 2.483 2.491 
6.750 10.760 0.710 1.359 1.952 2.336 2.674 2.828 2.928 2.895 2.792 2.485 2.492 
6.750 11.180 0.707 1.356 1.947 2.330 2.668 2.822 2.923 2.889 2.786 2.485 2.488 
6.750 11.820 0.689 1.339 1.928 2.311 2.647 2.801 2.902 2.869 2.766 2.481 2.470 
6.750 12.770 0.672 1.322 1.910 2.291 2.626 2.781 2.881 2.849 2.746 2.477 2.452 
6.750 14.140 0.654 1.305 1.891 2.272 2.606 2.760 2.861 2.830 2.726 2.473 2.434 
6.750 16.080 0.601 1.245 1.838 2.225 2.558 2.708 2.803 2.778 2.669 2.438 2.375 
6.750 18.740 0.587 1.207 1.817 2.216 2.551 2.694 2.779 2.773 2.664 2.453 2.357 
6.750 22.320 0.547 1.141 1.759 2.166 2.499 2.638 2.715 2.716 2.602 2.414 2.293 
6.750 27.040 0.498 1.074 1.704 2.120 2.453 2.584 2.650 2.659 2.535 2.365 2.228 
6.750 33.160 0.424 0.978 1.617 2.038 2.369 2.490 2.545 2.549 2.408 2.251 2.117 
6.750 41.050 0.368 0.910 1.567 1.999 2.330 2.440 2.480 2.491 2.338 2.192 2.052 
6.750 51.110 0.294 0.818 1.483 1.917 2.246 2.347 2.376 2.382 2.211 2.079 1.943 
6.750 63.890 0.245 0.750 1.418 1.845 2.169 2.260 2.283 2.283 2.099 1.976 1.847 
6.750 80.060 0.198 0.685 1.356 1.776 2.096 2.177 2.193 2.187 1.990 1.877 1.755 
6.750 100.500 0.155 0.625 1.298 1.712 2.027 2.097 2.107 2.096 1.885 1.782 1.666 
6.750 126.290 0.103 0.556 1.225 1.622 1.930 1.992 2.000 1.977 1.758 1.674 1.566 
6.750 158.810 0.056 0.491 1.153 1.531 1.831 1.884 1.891 1.855 1.631 1.569 1.467 
6.750 199.780 0.007 0.426 1.082 1.440 1.731 1.776 1.783 1.734 1.504 1.463 1.369 
6.750 251.390 -0.050 0.353 1.003 1.342 1.621 1.654 1.657 1.592 1.356 1.339 1.261 
6.750 316.390 -0.125 0.262 0.911 1.230 1.490 1.506 1.498 1.410 1.168 1.177 1.133 
6.750 398.240 -0.199 0.171 0.819 1.119 1.359 1.357 1.338 1.229 0.980 1.016 1.005 
6.750 501.290 -0.275 0.081 0.728 1.008 1.229 1.209 1.179 1.048 0.792 0.855 0.877 
6.750 631.040 -0.373 -0.034 0.636 0.926 1.156 1.139 1.110 0.974 0.708 0.773 0.757 
6.750 794.390 -0.473 -0.149 0.545 0.846 1.086 1.072 1.045 0.905 0.629 0.694 0.637 
7.000 10.050 0.919 1.519 2.059 2.416 2.738 2.884 2.977 2.931 2.831 2.529 2.575 
7.000 10.080 0.919 1.520 2.059 2.417 2.738 2.884 2.977 2.932 2.831 2.529 2.575 
7.000 10.120 0.920 1.520 2.060 2.417 2.738 2.885 2.978 2.932 2.831 2.530 2.576 
7.000 10.200 0.920 1.521 2.060 2.417 2.739 2.885 2.978 2.933 2.832 2.530 2.576 
7.000 10.310 0.921 1.521 2.061 2.418 2.739 2.886 2.978 2.933 2.832 2.531 2.577 
7.000 10.490 0.922 1.522 2.062 2.418 2.740 2.886 2.979 2.934 2.833 2.533 2.578 
7.000 10.760 0.923 1.523 2.063 2.419 2.741 2.887 2.980 2.935 2.835 2.535 2.580 
7.000 11.180 0.923 1.524 2.063 2.419 2.740 2.887 2.980 2.934 2.834 2.538 2.581 
7.000 11.820 0.922 1.522 2.060 2.415 2.735 2.882 2.975 2.930 2.830 2.543 2.579 
7.000 12.770 0.920 1.521 2.057 2.412 2.731 2.878 2.971 2.927 2.826 2.548 2.578 
7.000 14.140 0.919 1.520 2.055 2.409 2.726 2.874 2.968 2.923 2.822 2.554 2.577 
7.000 16.080 0.837 1.439 1.973 2.329 2.642 2.787 2.878 2.834 2.725 2.484 2.485 
7.000 18.740 0.761 1.367 1.909 2.270 2.582 2.721 2.806 2.771 2.660 2.445 2.414 
7.000 22.320 0.743 1.324 1.881 2.255 2.567 2.699 2.776 2.761 2.650 2.462 2.390 
7.000 27.040 0.697 1.254 1.823 2.205 2.515 2.639 2.707 2.700 2.582 2.414 2.322 
7.000 33.160 0.642 1.184 1.771 2.163 2.472 2.586 2.639 2.641 2.508 2.354 2.254 
7.000 41.050 0.564 1.088 1.683 2.080 2.385 2.490 2.533 2.531 2.380 2.240 2.143 
7.000 51.110 0.509 1.023 1.635 2.040 2.344 2.438 2.468 2.473 2.309 2.181 2.079 
7.000 63.890 0.458 0.954 1.572 1.972 2.271 2.355 2.378 2.376 2.197 2.079 1.985 
7.000 80.060 0.407 0.887 1.511 1.905 2.200 2.274 2.288 2.280 2.086 1.977 1.892 
7.000 100.500 0.360 0.825 1.453 1.843 2.132 2.196 2.204 2.188 1.979 1.879 1.803 
7.000 126.290 0.306 0.756 1.383 1.758 2.042 2.096 2.099 2.071 1.853 1.773 1.706 
7.000 158.810 0.256 0.693 1.316 1.674 1.950 1.994 1.995 1.952 1.728 1.670 1.614 
7.000 199.780 0.206 0.630 1.249 1.589 1.858 1.893 1.891 1.833 1.603 1.567 1.521 
7.000 251.390 0.148 0.558 1.175 1.497 1.755 1.777 1.769 1.693 1.457 1.446 1.419 
7.000 316.390 0.071 0.468 1.086 1.390 1.630 1.632 1.612 1.514 1.271 1.288 1.296 
7.000 398.240 -0.004 0.378 0.998 1.283 1.504 1.487 1.455 1.334 1.086 1.130 1.173 
7.000 501.290 -0.081 0.289 0.910 1.176 1.379 1.342 1.298 1.155 0.900 0.972 1.050 
7.000 631.040 -0.176 0.182 0.825 1.100 1.312 1.277 1.234 1.086 0.820 0.894 0.937 
7.000 794.390 -0.271 0.074 0.741 1.026 1.248 1.215 1.174 1.021 0.745 0.820 0.824 
7.250 10.050 1.095 1.654 2.138 2.465 2.771 2.918 3.005 2.957 2.852 2.565 2.656 
7.250 10.080 1.095 1.654 2.138 2.466 2.771 2.918 3.005 2.957 2.853 2.565 2.656 
7.250 10.120 1.096 1.655 2.138 2.466 2.771 2.919 3.006 2.957 2.853 2.565 2.656 
7.250 10.200 1.096 1.655 2.139 2.466 2.772 2.919 3.006 2.958 2.853 2.566 2.657 
7.250 10.310 1.097 1.656 2.139 2.467 2.772 2.920 3.006 2.958 2.854 2.567 2.657 
7.250 10.490 1.098 1.657 2.140 2.468 2.773 2.920 3.007 2.959 2.855 2.568 2.658 
7.250 10.760 1.099 1.657 2.141 2.468 2.774 2.921 3.008 2.960 2.856 2.569 2.659 
7.250 11.180 1.100 1.658 2.142 2.469 2.774 2.921 3.008 2.960 2.856 2.572 2.661 
7.250 11.820 1.100 1.659 2.141 2.467 2.771 2.919 3.006 2.959 2.855 2.578 2.661 
7.250 12.770 1.101 1.660 2.140 2.466 2.769 2.917 3.005 2.958 2.855 2.584 2.662 
7.250 14.140 1.102 1.661 2.140 2.465 2.767 2.915 3.004 2.957 2.855 2.591 2.664 
7.250 16.080 1.045 1.603 2.082 2.407 2.705 2.851 2.938 2.893 2.786 2.545 2.597 
7.250 18.740 0.999 1.565 2.051 2.383 2.679 2.819 2.902 2.868 2.761 2.543 2.564 
7.250 22.320 0.945 1.515 2.006 2.341 2.634 2.771 2.849 2.823 2.714 2.520 2.513 
7.250 27.040 0.902 1.450 1.952 2.293 2.584 2.713 2.784 2.767 2.651 2.477 2.449 
7.250 33.160 0.841 1.368 1.889 2.240 2.527 2.645 2.705 2.699 2.571 2.413 2.370 
7.250 41.050 0.772 1.286 1.826 2.187 2.471 2.578 2.626 2.632 2.491 2.349 2.290 
7.250 51.110 0.703 1.210 1.767 2.138 2.418 2.514 2.550 2.566 2.413 2.287 2.215 
7.250 63.890 0.644 1.137 1.702 2.070 2.344 2.429 2.458 2.468 2.298 2.182 2.119 
7.250 80.060 0.585 1.065 1.637 2.002 2.270 2.343 2.365 2.368 2.181 2.076 2.023 
7.250 100.500 0.528 0.996 1.575 1.936 2.197 2.260 2.274 2.269 2.066 1.971 1.928 
7.250 126.290 0.469 0.924 1.507 1.857 2.111 2.160 2.169 2.151 1.939 1.863 1.833 
7.250 158.810 0.417 0.861 1.445 1.781 2.028 2.063 2.067 2.034 1.815 1.761 1.746 
7.250 199.780 0.364 0.797 1.384 1.705 1.944 1.966 1.964 1.916 1.692 1.660 1.659 
7.250 251.390 0.303 0.724 1.314 1.620 1.849 1.854 1.843 1.779 1.548 1.539 1.562 
7.250 316.390 0.223 0.635 1.230 1.519 1.729 1.711 1.687 1.601 1.365 1.384 1.444 
7.250 398.240 0.145 0.545 1.146 1.417 1.610 1.569 1.531 1.424 1.182 1.228 1.327 
7.250 501.290 0.065 0.456 1.062 1.315 1.490 1.427 1.375 1.246 1.000 1.073 1.209 
7.250 631.040 -0.026 0.355 0.983 1.245 1.428 1.365 1.314 1.180 0.924 0.999 1.101 
7.250 794.390 -0.117 0.254 0.904 1.176 1.367 1.306 1.256 1.119 0.852 0.928 0.994 
7.500 10.050 1.266 1.789 2.216 2.514 2.804 2.952 3.033 2.982 2.874 2.600 2.736 
7.500 10.080 1.267 1.789 2.216 2.515 2.804 2.952 3.033 2.982 2.874 2.600 2.736 
7.500 10.120 1.267 1.789 2.217 2.515 2.804 2.953 3.034 2.982 2.874 2.601 2.737 
7.500 10.200 1.267 1.790 2.217 2.515 2.805 2.953 3.034 2.983 2.875 2.601 2.737 
7.500 10.310 1.268 1.790 2.218 2.516 2.805 2.954 3.035 2.983 2.875 2.602 2.738 
7.500 10.490 1.269 1.791 2.218 2.517 2.806 2.954 3.035 2.984 2.876 2.602 2.738 
7.500 10.760 1.269 1.792 2.219 2.517 2.807 2.955 3.036 2.984 2.877 2.603 2.739 
7.500 11.180 1.271 1.793 2.220 2.518 2.807 2.956 3.037 2.986 2.878 2.606 2.741 
7.500 11.820 1.273 1.795 2.221 2.519 2.807 2.956 3.037 2.987 2.881 2.613 2.744 
7.500 12.770 1.276 1.798 2.223 2.519 2.807 2.956 3.038 2.989 2.884 2.620 2.747 
7.500 14.140 1.279 1.801 2.225 2.520 2.808 2.956 3.039 2.991 2.888 2.628 2.751 
7.500 16.080 1.249 1.771 2.195 2.490 2.773 2.919 3.002 2.957 2.852 2.611 2.714 
7.500 18.740 1.214 1.736 2.159 2.455 2.733 2.877 2.959 2.917 2.810 2.590 2.672 
7.500 22.320 1.182 1.706 2.131 2.427 2.701 2.842 2.923 2.886 2.778 2.578 2.637 
7.500 27.040 1.116 1.645 2.081 2.382 2.652 2.786 2.862 2.834 2.720 2.541 2.576 
7.500 33.160 1.021 1.551 2.005 2.317 2.582 2.704 2.770 2.757 2.633 2.472 2.484 
7.500 41.050 0.949 1.457 1.931 2.252 2.512 2.623 2.679 2.682 2.546 2.404 2.393 
7.500 51.110 0.870 1.369 1.861 2.192 2.447 2.546 2.593 2.608 2.461 2.338 2.306 
7.500 63.890 0.825 1.319 1.831 2.167 2.416 2.501 2.537 2.557 2.397 2.284 2.252 
7.500 80.060 0.759 1.243 1.764 2.099 2.340 2.413 2.442 2.455 2.278 2.175 2.154 
7.500 100.500 0.693 1.166 1.696 2.029 2.262 2.323 2.345 2.349 2.153 2.063 2.053 
7.500 126.290 0.628 1.092 1.631 1.955 2.180 2.225 2.240 2.231 2.025 1.953 1.960 
7.500 158.810 0.572 1.028 1.575 1.887 2.105 2.132 2.138 2.115 1.903 1.852 1.879 
7.500 199.780 0.517 0.964 1.519 1.820 2.030 2.039 2.037 2.000 1.781 1.752 1.797 
7.500 251.390 0.452 0.891 1.454 1.743 1.942 1.930 1.918 1.864 1.640 1.633 1.705 
7.500 316.390 0.370 0.802 1.374 1.647 1.829 1.791 1.763 1.689 1.459 1.480 1.592 
7.500 398.240 0.288 0.713 1.294 1.551 1.715 1.651 1.608 1.513 1.279 1.327 1.480 
7.500 501.290 0.207 0.624 1.214 1.455 1.601 1.512 1.452 1.338 1.099 1.174 1.367 
7.500 631.040 0.119 0.529 1.140 1.390 1.543 1.452 1.394 1.275 1.027 1.103 1.265 
7.500 794.390 0.031 0.433 1.067 1.326 1.487 1.397 1.339 1.217 0.959 1.037 1.164 
7.750 10.050 1.386 1.877 2.263 2.539 2.817 2.970 3.045 2.994 2.883 2.608 2.789 
7.750 10.080 1.387 1.877 2.263 2.539 2.817 2.970 3.045 2.994 2.883 2.608 2.789 
7.750 10.120 1.387 1.877 2.263 2.539 2.818 2.971 3.045 2.995 2.883 2.609 2.789 
7.750 10.200 1.387 1.878 2.264 2.540 2.818 2.971 3.046 2.995 2.884 2.609 2.790 
7.750 10.310 1.388 1.878 2.264 2.540 2.819 2.972 3.046 2.996 2.884 2.610 2.790 
7.750 10.490 1.389 1.879 2.265 2.541 2.819 2.972 3.047 2.996 2.885 2.610 2.791 
7.750 10.760 1.389 1.879 2.266 2.542 2.820 2.973 3.048 2.997 2.886 2.611 2.792 
7.750 11.180 1.391 1.881 2.267 2.543 2.821 2.974 3.048 2.998 2.887 2.613 2.793 
7.750 11.820 1.393 1.883 2.268 2.544 2.821 2.974 3.049 2.999 2.889 2.617 2.795 
7.750 12.770 1.395 1.885 2.269 2.545 2.822 2.975 3.051 3.001 2.891 2.622 2.798 
7.750 14.140 1.397 1.887 2.272 2.546 2.824 2.977 3.052 3.003 2.894 2.627 2.801 
7.750 16.080 1.384 1.874 2.258 2.532 2.807 2.958 3.034 2.988 2.878 2.622 2.783 
7.750 18.740 1.369 1.859 2.241 2.516 2.787 2.938 3.013 2.970 2.860 2.615 2.764 
7.750 22.320 1.354 1.844 2.226 2.500 2.769 2.918 2.993 2.953 2.843 2.610 2.745 
7.750 27.040 1.297 1.790 2.176 2.452 2.715 2.858 2.931 2.898 2.782 2.569 2.682 
7.750 33.160 1.203 1.705 2.107 2.389 2.644 2.777 2.844 2.826 2.704 2.517 2.596 
7.750 41.050 1.111 1.622 2.039 2.326 2.574 2.697 2.759 2.755 2.626 2.465 2.510 
7.750 51.110 1.050 1.542 1.974 2.267 2.508 2.619 2.675 2.686 2.549 2.413 2.427 
7.750 63.890 0.987 1.474 1.929 2.227 2.459 2.554 2.600 2.620 2.471 2.349 2.359 
7.750 80.060 0.920 1.409 1.885 2.188 2.412 2.490 2.527 2.556 2.393 2.286 2.292 
7.750 100.500 0.829 1.312 1.800 2.100 2.313 2.378 2.408 2.432 2.250 2.160 2.173 
7.750 126.290 0.754 1.230 1.731 2.023 2.225 2.272 2.294 2.306 2.113 2.041 2.076 
7.750 158.810 0.691 1.162 1.679 1.962 2.152 2.180 2.192 2.192 1.990 1.939 1.998 
7.750 199.780 0.630 1.095 1.627 1.900 2.080 2.087 2.091 2.077 1.868 1.836 1.919 
7.750 251.390 0.559 1.020 1.566 1.828 1.994 1.979 1.972 1.942 1.726 1.717 1.831 
7.750 316.390 0.474 0.930 1.490 1.737 1.883 1.841 1.818 1.769 1.549 1.566 1.723 
7.750 398.240 0.388 0.840 1.414 1.646 1.772 1.703 1.663 1.595 1.371 1.415 1.615 
7.750 501.290 0.303 0.750 1.337 1.555 1.661 1.564 1.509 1.421 1.193 1.264 1.507 
7.750 631.040 0.218 0.660 1.268 1.493 1.605 1.507 1.452 1.362 1.124 1.197 1.410 
7.750 794.390 0.131 0.569 1.199 1.433 1.551 1.453 1.399 1.306 1.059 1.134 1.314 
8.000 10.050 1.501 1.965 2.309 2.563 2.831 2.988 3.056 3.006 2.892 2.616 2.841 
8.000 10.080 1.501 1.965 2.310 2.564 2.831 2.988 3.056 3.007 2.892 2.616 2.841 
8.000 10.120 1.502 1.965 2.310 2.564 2.831 2.989 3.057 3.007 2.892 2.617 2.842 
8.000 10.200 1.502 1.966 2.310 2.564 2.832 2.989 3.057 3.008 2.893 2.617 2.842 
8.000 10.310 1.502 1.966 2.311 2.565 2.832 2.990 3.058 3.008 2.893 2.618 2.843 
8.000 10.490 1.503 1.967 2.311 2.566 2.833 2.990 3.058 3.009 2.894 2.618 2.843 
8.000 10.760 1.504 1.968 2.312 2.566 2.834 2.991 3.059 3.010 2.895 2.619 2.844 
8.000 11.180 1.505 1.969 2.313 2.567 2.835 2.992 3.060 3.010 2.896 2.620 2.845 
8.000 11.820 1.506 1.970 2.315 2.569 2.836 2.993 3.061 3.012 2.897 2.621 2.847 
8.000 12.770 1.508 1.972 2.316 2.570 2.838 2.995 3.063 3.013 2.899 2.623 2.848 
8.000 14.140 1.510 1.974 2.318 2.572 2.840 2.997 3.065 3.016 2.901 2.625 2.850 
8.000 16.080 1.514 1.977 2.320 2.574 2.840 2.997 3.066 3.019 2.905 2.632 2.853 
8.000 18.740 1.518 1.982 2.324 2.577 2.842 2.998 3.067 3.023 2.910 2.641 2.856 
8.000 22.320 1.523 1.987 2.327 2.581 2.844 2.999 3.069 3.029 2.916 2.650 2.859 
8.000 27.040 1.479 1.943 2.284 2.535 2.792 2.944 3.014 2.978 2.862 2.615 2.803 
8.000 33.160 1.393 1.860 2.209 2.460 2.706 2.849 2.919 2.895 2.776 2.561 2.708 
8.000 41.050 1.314 1.788 2.147 2.400 2.636 2.770 2.838 2.829 2.707 2.526 2.627 
8.000 51.110 1.234 1.715 2.087 2.341 2.567 2.691 2.756 2.762 2.637 2.487 2.547 
8.000 63.890 1.147 1.629 2.027 2.286 2.502 2.607 2.662 2.683 2.544 2.413 2.465 
8.000 80.060 1.058 1.546 1.968 2.232 2.437 2.523 2.570 2.603 2.451 2.340 2.384 
8.000 100.500 0.965 1.458 1.904 2.171 2.365 2.433 2.471 2.515 2.347 2.256 2.294 
8.000 126.290 0.877 1.367 1.831 2.091 2.270 2.319 2.348 2.382 2.201 2.130 2.191 
8.000 158.810 0.809 1.297 1.783 2.036 2.200 2.227 2.247 2.268 2.078 2.025 2.116 
8.000 199.780 0.739 1.227 1.735 1.980 2.129 2.135 2.145 2.154 1.954 1.920 2.041 
8.000 251.390 0.665 1.150 1.679 1.914 2.046 2.028 2.026 2.020 1.813 1.800 1.956 
8.000 316.390 0.574 1.059 1.606 1.827 1.938 1.891 1.872 1.849 1.638 1.651 1.853 
8.000 398.240 0.484 0.968 1.533 1.741 1.829 1.754 1.719 1.677 1.462 1.503 1.750 
8.000 501.290 0.395 0.877 1.460 1.654 1.721 1.617 1.565 1.505 1.287 1.354 1.647 
8.000 631.040 0.311 0.791 1.396 1.596 1.667 1.562 1.511 1.448 1.221 1.291 1.555 
8.000 794.390 0.226 0.705 1.332 1.540 1.615 1.510 1.460 1.396 1.160 1.231 1.464 
