CanadaSHM5_AA13_stablecrust_low , distance is rhypo. Log10 ground motion values in cgs units
          15 30 11 : nmag, ndist, nperiod
          10.000 5.000 2.000 1.000 0.500 0.300 0.200 0.100 0.050 PGA PGV 
          0.620 0.620 0.620 0.620 0.580 0.540 0.530 0.530 0.530 0.530 0.620
4.500 10.050 -2.298 -1.032 -0.065 0.637 1.320 1.713 2.016 2.307 2.391 1.889 1.164 
4.500 10.080 -2.306 -1.039 -0.069 0.633 1.313 1.704 2.009 2.302 2.388 1.889 1.160 
4.500 10.120 -2.310 -1.046 -0.072 0.628 1.306 1.695 2.001 2.297 2.385 1.889 1.155 
4.500 10.200 -2.306 -1.053 -0.076 0.623 1.299 1.687 1.994 2.293 2.381 1.889 1.150 
4.500 10.310 -2.313 -1.070 -0.088 0.609 1.280 1.665 1.973 2.278 2.369 1.881 1.136 
4.500 10.490 -2.309 -1.093 -0.105 0.588 1.254 1.635 1.945 2.256 2.351 1.868 1.116 
4.500 10.760 -2.307 -1.116 -0.123 0.568 1.229 1.605 1.917 2.235 2.333 1.856 1.097 
4.500 11.180 -2.311 -1.145 -0.148 0.539 1.195 1.569 1.882 2.204 2.305 1.835 1.069 
4.500 11.820 -2.326 -1.194 -0.199 0.485 1.137 1.510 1.822 2.146 2.242 1.787 1.015 
4.500 12.770 -2.336 -1.242 -0.250 0.431 1.080 1.451 1.763 2.088 2.179 1.739 0.961 
4.500 14.140 -2.346 -1.289 -0.301 0.378 1.023 1.393 1.704 2.031 2.117 1.692 0.908 
4.500 16.080 -2.391 -1.375 -0.396 0.285 0.928 1.301 1.608 1.927 1.995 1.595 0.808 
4.500 18.740 -2.442 -1.465 -0.498 0.185 0.829 1.204 1.506 1.817 1.863 1.491 0.702 
4.500 22.320 -2.491 -1.555 -0.600 0.087 0.730 1.108 1.405 1.707 1.732 1.388 0.596 
4.500 27.040 -2.553 -1.659 -0.713 -0.025 0.618 0.998 1.289 1.580 1.583 1.265 0.473 
4.500 33.160 -2.630 -1.777 -0.841 -0.151 0.492 0.872 1.156 1.433 1.414 1.123 0.333 
4.500 41.050 -2.704 -1.894 -0.967 -0.275 0.367 0.747 1.025 1.289 1.247 0.982 0.194 
4.500 51.110 -2.775 -2.006 -1.087 -0.396 0.246 0.625 0.897 1.148 1.084 0.845 0.059 
4.500 63.890 -2.821 -2.092 -1.178 -0.499 0.136 0.507 0.776 1.018 0.948 0.724 -0.061 
4.500 80.060 -2.862 -2.174 -1.265 -0.599 0.030 0.392 0.657 0.892 0.815 0.606 -0.178 
4.500 100.500 -2.898 -2.253 -1.348 -0.694 -0.072 0.281 0.543 0.771 0.686 0.491 -0.291 
4.500 126.290 -2.967 -2.362 -1.456 -0.822 -0.212 0.127 0.381 0.592 0.495 0.316 -0.446 
4.500 158.810 -3.040 -2.476 -1.567 -0.954 -0.359 -0.036 0.209 0.399 0.288 0.124 -0.609 
4.500 199.780 -3.111 -2.590 -1.677 -1.086 -0.505 -0.199 0.036 0.206 0.081 -0.067 -0.771 
4.500 251.390 -3.193 -2.712 -1.793 -1.224 -0.660 -0.373 -0.151 -0.005 -0.148 -0.278 -0.944 
4.500 316.390 -3.290 -2.850 -1.923 -1.374 -0.832 -0.568 -0.366 -0.253 -0.418 -0.526 -1.138 
4.500 398.240 -3.388 -2.989 -2.052 -1.523 -1.003 -0.763 -0.581 -0.500 -0.687 -0.775 -1.331 
4.500 501.290 -3.484 -3.127 -2.181 -1.673 -1.175 -0.958 -0.796 -0.747 -0.957 -1.023 -1.525 
4.500 631.040 -3.654 -3.338 -2.357 -1.831 -1.316 -1.092 -0.926 -0.879 -1.101 -1.167 -1.716 
4.500 794.390 -3.827 -3.552 -2.536 -1.990 -1.456 -1.224 -1.052 -1.007 -1.240 -1.307 -1.907 
4.750 10.050 -1.919 -0.745 0.198 0.878 1.515 1.881 2.166 2.431 2.495 2.003 1.334 
4.750 10.080 -1.925 -0.750 0.195 0.874 1.508 1.873 2.159 2.429 2.492 2.004 1.331 
4.750 10.120 -1.930 -0.756 0.192 0.869 1.501 1.865 2.153 2.426 2.489 2.005 1.328 
4.750 10.200 -1.926 -0.761 0.190 0.865 1.495 1.857 2.147 2.423 2.487 2.006 1.324 
4.750 10.310 -1.930 -0.776 0.177 0.849 1.475 1.836 2.127 2.410 2.474 1.999 1.311 
4.750 10.490 -1.929 -0.797 0.159 0.827 1.448 1.805 2.099 2.390 2.454 1.988 1.291 
4.750 10.760 -1.925 -0.818 0.140 0.804 1.420 1.776 2.071 2.370 2.435 1.976 1.271 
4.750 11.180 -1.928 -0.846 0.113 0.774 1.385 1.739 2.036 2.342 2.406 1.957 1.243 
4.750 11.820 -1.947 -0.895 0.061 0.719 1.327 1.680 1.977 2.285 2.344 1.910 1.189 
4.750 12.770 -1.960 -0.944 0.009 0.664 1.269 1.622 1.918 2.228 2.282 1.865 1.135 
4.750 14.140 -1.972 -0.992 -0.042 0.609 1.211 1.565 1.860 2.172 2.220 1.819 1.081 
4.750 16.080 -2.022 -1.080 -0.136 0.517 1.119 1.475 1.765 2.068 2.101 1.724 0.982 
4.750 18.740 -2.077 -1.173 -0.237 0.420 1.022 1.382 1.665 1.957 1.973 1.622 0.876 
4.750 22.320 -2.130 -1.265 -0.336 0.323 0.926 1.289 1.567 1.847 1.846 1.520 0.771 
4.750 27.040 -2.196 -1.370 -0.447 0.215 0.818 1.182 1.453 1.721 1.701 1.400 0.650 
4.750 33.160 -2.277 -1.488 -0.570 0.094 0.697 1.060 1.325 1.578 1.537 1.260 0.512 
4.750 41.050 -2.354 -1.604 -0.691 -0.026 0.578 0.940 1.198 1.436 1.374 1.121 0.375 
4.750 51.110 -2.426 -1.715 -0.806 -0.142 0.462 0.823 1.073 1.297 1.217 0.986 0.242 
4.750 63.890 -2.468 -1.796 -0.890 -0.240 0.357 0.708 0.957 1.175 1.087 0.870 0.126 
4.750 80.060 -2.505 -1.872 -0.971 -0.335 0.256 0.598 0.843 1.056 0.962 0.758 0.013 
4.750 100.500 -2.540 -1.945 -1.048 -0.425 0.159 0.491 0.734 0.941 0.840 0.649 -0.095 
4.750 126.290 -2.599 -2.042 -1.148 -0.548 0.024 0.343 0.580 0.773 0.663 0.486 -0.242 
4.750 158.810 -2.660 -2.141 -1.250 -0.675 -0.117 0.186 0.416 0.593 0.472 0.309 -0.394 
4.750 199.780 -2.721 -2.240 -1.352 -0.801 -0.259 0.030 0.252 0.412 0.280 0.133 -0.547 
4.750 251.390 -2.789 -2.349 -1.461 -0.934 -0.408 -0.138 0.073 0.213 0.067 -0.064 -0.710 
4.750 316.390 -2.879 -2.475 -1.583 -1.078 -0.574 -0.327 -0.134 -0.024 -0.189 -0.299 -0.894 
4.750 398.240 -2.966 -2.602 -1.706 -1.222 -0.740 -0.515 -0.342 -0.260 -0.445 -0.534 -1.077 
4.750 501.290 -3.054 -2.728 -1.829 -1.366 -0.906 -0.704 -0.549 -0.497 -0.701 -0.769 -1.261 
4.750 631.040 -3.212 -2.925 -1.992 -1.513 -1.037 -0.829 -0.670 -0.619 -0.836 -0.904 -1.442 
4.750 794.390 -3.373 -3.124 -2.158 -1.661 -1.167 -0.951 -0.787 -0.737 -0.965 -1.034 -1.623 
5.000 10.050 -1.544 -0.458 0.461 1.118 1.709 2.048 2.316 2.556 2.598 2.118 1.504 
5.000 10.080 -1.548 -0.462 0.459 1.115 1.703 2.041 2.310 2.555 2.596 2.119 1.502 
5.000 10.120 -1.551 -0.465 0.457 1.111 1.697 2.035 2.305 2.555 2.594 2.121 1.500 
5.000 10.200 -1.553 -0.468 0.456 1.107 1.691 2.028 2.300 2.554 2.592 2.123 1.498 
5.000 10.310 -1.553 -0.481 0.442 1.090 1.670 2.006 2.280 2.542 2.578 2.118 1.485 
5.000 10.490 -1.557 -0.501 0.422 1.065 1.641 1.976 2.253 2.524 2.558 2.107 1.465 
5.000 10.760 -1.549 -0.520 0.402 1.041 1.612 1.946 2.225 2.506 2.537 2.097 1.445 
5.000 11.180 -1.551 -0.547 0.375 1.009 1.576 1.909 2.190 2.479 2.507 2.079 1.417 
5.000 11.820 -1.574 -0.596 0.322 0.952 1.517 1.851 2.131 2.423 2.446 2.034 1.362 
5.000 12.770 -1.589 -0.646 0.269 0.896 1.458 1.794 2.073 2.367 2.385 1.990 1.308 
5.000 14.140 -1.604 -0.695 0.216 0.841 1.400 1.736 2.015 2.312 2.324 1.946 1.254 
5.000 16.080 -1.659 -0.785 0.124 0.750 1.310 1.650 1.922 2.208 2.208 1.853 1.156 
5.000 18.740 -1.718 -0.880 0.025 0.654 1.216 1.560 1.825 2.098 2.084 1.752 1.051 
5.000 22.320 -1.776 -0.975 -0.073 0.560 1.123 1.470 1.728 1.988 1.960 1.653 0.946 
5.000 27.040 -1.847 -1.081 -0.181 0.455 1.019 1.367 1.618 1.863 1.819 1.534 0.827 
5.000 33.160 -1.928 -1.199 -0.299 0.338 0.903 1.249 1.493 1.722 1.660 1.396 0.691 
5.000 41.050 -2.008 -1.315 -0.415 0.224 0.789 1.133 1.370 1.582 1.501 1.260 0.557 
5.000 51.110 -2.085 -1.425 -0.525 0.113 0.678 1.020 1.249 1.447 1.349 1.128 0.426 
5.000 63.890 -2.120 -1.499 -0.603 0.019 0.578 0.910 1.138 1.331 1.227 1.017 0.314 
5.000 80.060 -2.155 -1.570 -0.677 -0.071 0.482 0.804 1.029 1.219 1.109 0.910 0.205 
5.000 100.500 -2.187 -1.637 -0.747 -0.157 0.390 0.702 0.925 1.111 0.995 0.807 0.100 
5.000 126.290 -2.235 -1.722 -0.840 -0.274 0.260 0.559 0.778 0.954 0.831 0.656 -0.037 
5.000 158.810 -2.283 -1.806 -0.933 -0.395 0.124 0.409 0.623 0.786 0.655 0.494 -0.180 
5.000 199.780 -2.332 -1.891 -1.027 -0.516 -0.012 0.258 0.467 0.618 0.480 0.333 -0.323 
5.000 251.390 -2.394 -1.985 -1.128 -0.644 -0.156 0.097 0.297 0.431 0.282 0.150 -0.476 
5.000 316.390 -2.472 -2.100 -1.244 -0.782 -0.317 -0.085 0.097 0.205 0.039 -0.072 -0.649 
5.000 398.240 -2.549 -2.215 -1.360 -0.920 -0.477 -0.267 -0.103 -0.021 -0.203 -0.294 -0.823 
5.000 501.290 -2.630 -2.330 -1.477 -1.059 -0.637 -0.450 -0.302 -0.246 -0.445 -0.515 -0.997 
5.000 631.040 -2.776 -2.511 -1.627 -1.195 -0.759 -0.565 -0.414 -0.359 -0.570 -0.640 -1.168 
5.000 794.390 -2.925 -2.696 -1.780 -1.332 -0.879 -0.678 -0.522 -0.468 -0.689 -0.761 -1.339 
5.250 10.050 -1.217 -0.215 0.675 1.295 1.844 2.165 2.416 2.643 2.672 2.203 1.643 
5.250 10.080 -1.218 -0.216 0.675 1.294 1.841 2.161 2.414 2.645 2.673 2.206 1.644 
5.250 10.120 -1.218 -0.216 0.675 1.292 1.837 2.157 2.412 2.648 2.674 2.209 1.644 
5.250 10.200 -1.219 -0.217 0.675 1.290 1.834 2.153 2.410 2.650 2.674 2.213 1.645 
5.250 10.310 -1.227 -0.229 0.662 1.273 1.815 2.133 2.392 2.639 2.661 2.208 1.632 
5.250 10.490 -1.233 -0.248 0.642 1.247 1.786 2.104 2.365 2.620 2.639 2.198 1.611 
5.250 10.760 -1.228 -0.267 0.621 1.222 1.756 2.075 2.338 2.601 2.618 2.189 1.591 
5.250 11.180 -1.228 -0.293 0.593 1.189 1.721 2.039 2.304 2.573 2.587 2.172 1.562 
5.250 11.820 -1.253 -0.342 0.541 1.134 1.664 1.984 2.248 2.518 2.527 2.129 1.508 
5.250 12.770 -1.268 -0.391 0.489 1.080 1.608 1.929 2.192 2.463 2.468 2.087 1.455 
5.250 14.140 -1.284 -0.439 0.438 1.025 1.551 1.875 2.137 2.409 2.409 2.045 1.402 
5.250 16.080 -1.339 -0.527 0.348 0.939 1.466 1.792 2.047 2.307 2.296 1.953 1.304 
5.250 18.740 -1.399 -0.621 0.253 0.848 1.376 1.704 1.952 2.198 2.175 1.853 1.200 
5.250 22.320 -1.458 -0.714 0.159 0.757 1.288 1.618 1.857 2.090 2.054 1.754 1.096 
5.250 27.040 -1.528 -0.818 0.056 0.657 1.188 1.518 1.749 1.967 1.916 1.637 0.978 
5.250 33.160 -1.609 -0.934 -0.057 0.546 1.078 1.403 1.625 1.828 1.760 1.500 0.844 
5.250 41.050 -1.689 -1.047 -0.168 0.437 0.970 1.290 1.503 1.691 1.605 1.364 0.712 
5.250 51.110 -1.764 -1.155 -0.274 0.332 0.865 1.179 1.385 1.557 1.456 1.233 0.584 
5.250 63.890 -1.804 -1.228 -0.349 0.242 0.769 1.073 1.276 1.445 1.338 1.126 0.475 
5.250 80.060 -1.840 -1.297 -0.421 0.156 0.677 0.970 1.172 1.337 1.223 1.022 0.370 
5.250 100.500 -1.872 -1.362 -0.488 0.075 0.590 0.872 1.071 1.232 1.113 0.922 0.269 
5.250 126.290 -1.919 -1.443 -0.578 -0.038 0.465 0.735 0.932 1.086 0.960 0.782 0.137 
5.250 158.810 -1.966 -1.522 -0.669 -0.156 0.333 0.592 0.786 0.932 0.799 0.635 0.003 
5.250 199.780 -2.013 -1.602 -0.759 -0.274 0.202 0.449 0.640 0.777 0.637 0.487 -0.132 
5.250 251.390 -2.069 -1.691 -0.857 -0.397 0.063 0.295 0.479 0.603 0.453 0.319 -0.277 
5.250 316.390 -2.145 -1.800 -0.970 -0.530 -0.093 0.120 0.289 0.390 0.225 0.112 -0.442 
5.250 398.240 -2.220 -1.909 -1.082 -0.664 -0.248 -0.056 0.099 0.177 -0.002 -0.094 -0.607 
5.250 501.290 -2.297 -2.017 -1.194 -0.798 -0.404 -0.231 -0.091 -0.036 -0.230 -0.301 -0.773 
5.250 631.040 -2.435 -2.188 -1.334 -0.925 -0.516 -0.339 -0.195 -0.141 -0.346 -0.418 -0.936 
5.250 794.390 -2.576 -2.361 -1.476 -1.052 -0.628 -0.444 -0.295 -0.242 -0.458 -0.531 -1.098 
5.500 10.050 -0.894 0.028 0.889 1.472 1.979 2.281 2.517 2.731 2.746 2.288 1.781 
5.500 10.080 -0.892 0.030 0.891 1.473 1.979 2.280 2.518 2.736 2.750 2.292 1.785 
5.500 10.120 -0.891 0.032 0.893 1.473 1.978 2.279 2.519 2.741 2.753 2.297 1.788 
5.500 10.200 -0.888 0.034 0.895 1.473 1.978 2.279 2.520 2.746 2.757 2.302 1.792 
5.500 10.310 -0.899 0.023 0.883 1.457 1.959 2.260 2.504 2.735 2.744 2.298 1.780 
5.500 10.490 -0.913 0.004 0.861 1.430 1.930 2.232 2.478 2.715 2.721 2.290 1.758 
5.500 10.760 -0.917 -0.014 0.840 1.403 1.901 2.203 2.451 2.696 2.698 2.281 1.736 
5.500 11.180 -0.915 -0.040 0.811 1.369 1.866 2.169 2.418 2.667 2.667 2.265 1.707 
5.500 11.820 -0.938 -0.088 0.760 1.316 1.811 2.117 2.365 2.613 2.609 2.224 1.654 
5.500 12.770 -0.956 -0.135 0.709 1.263 1.757 2.065 2.312 2.560 2.552 2.184 1.601 
5.500 14.140 -0.970 -0.182 0.659 1.210 1.703 2.014 2.259 2.506 2.495 2.144 1.549 
5.500 16.080 -1.026 -0.269 0.573 1.128 1.622 1.934 2.171 2.406 2.385 2.052 1.452 
5.500 18.740 -1.086 -0.362 0.482 1.041 1.537 1.849 2.079 2.299 2.266 1.954 1.349 
5.500 22.320 -1.146 -0.453 0.392 0.955 1.452 1.766 1.986 2.192 2.149 1.856 1.246 
5.500 27.040 -1.215 -0.555 0.293 0.860 1.358 1.668 1.880 2.071 2.013 1.739 1.129 
5.500 33.160 -1.297 -0.669 0.185 0.755 1.254 1.557 1.758 1.934 1.860 1.603 0.998 
5.500 41.050 -1.375 -0.780 0.078 0.651 1.151 1.447 1.637 1.799 1.709 1.469 0.868 
5.500 51.110 -1.450 -0.885 -0.024 0.551 1.051 1.339 1.520 1.668 1.562 1.339 0.742 
5.500 63.890 -1.490 -0.956 -0.096 0.466 0.960 1.236 1.415 1.559 1.448 1.235 0.636 
5.500 80.060 -1.528 -1.024 -0.165 0.384 0.873 1.137 1.314 1.454 1.338 1.134 0.534 
5.500 100.500 -1.560 -1.087 -0.229 0.306 0.789 1.042 1.217 1.354 1.231 1.037 0.436 
5.500 126.290 -1.607 -1.164 -0.317 0.197 0.669 0.911 1.086 1.218 1.090 0.908 0.312 
5.500 158.810 -1.652 -1.239 -0.404 0.083 0.542 0.776 0.949 1.077 0.942 0.775 0.185 
5.500 199.780 -1.697 -1.313 -0.492 -0.031 0.416 0.640 0.813 0.936 0.794 0.642 0.058 
5.500 251.390 -1.750 -1.397 -0.587 -0.149 0.281 0.493 0.662 0.775 0.625 0.489 -0.079 
5.500 316.390 -1.823 -1.500 -0.695 -0.279 0.131 0.324 0.481 0.575 0.412 0.296 -0.235 
5.500 398.240 -1.897 -1.603 -0.803 -0.408 -0.020 0.156 0.301 0.375 0.199 0.104 -0.392 
5.500 501.290 -1.969 -1.705 -0.911 -0.537 -0.170 -0.013 0.120 0.175 -0.014 -0.088 -0.548 
5.500 631.040 -2.099 -1.864 -1.041 -0.655 -0.274 -0.113 0.024 0.077 -0.123 -0.196 -0.703 
5.500 794.390 -2.231 -2.026 -1.173 -0.772 -0.377 -0.209 -0.069 -0.016 -0.226 -0.301 -0.858 
5.750 10.050 -0.607 0.243 1.064 1.612 2.090 2.378 2.600 2.803 2.812 2.364 1.901 
5.750 10.080 -0.605 0.245 1.066 1.613 2.089 2.377 2.601 2.806 2.814 2.368 1.904 
5.750 10.120 -0.603 0.247 1.068 1.613 2.089 2.377 2.602 2.810 2.817 2.372 1.907 
5.750 10.200 -0.601 0.249 1.070 1.613 2.088 2.376 2.603 2.814 2.820 2.376 1.910 
5.750 10.310 -0.609 0.241 1.060 1.600 2.074 2.362 2.591 2.805 2.810 2.375 1.901 
5.750 10.490 -0.623 0.227 1.044 1.579 2.052 2.340 2.571 2.789 2.792 2.370 1.885 
5.750 10.760 -0.630 0.214 1.027 1.558 2.029 2.318 2.551 2.773 2.774 2.366 1.869 
5.750 11.180 -0.632 0.192 1.003 1.530 1.999 2.289 2.523 2.748 2.747 2.353 1.844 
5.750 11.820 -0.650 0.145 0.952 1.477 1.946 2.238 2.470 2.695 2.690 2.314 1.791 
5.750 12.770 -0.671 0.099 0.903 1.425 1.893 2.187 2.418 2.642 2.634 2.275 1.739 
5.750 14.140 -0.683 0.053 0.853 1.373 1.840 2.136 2.367 2.589 2.578 2.236 1.686 
5.750 16.080 -0.738 -0.032 0.769 1.293 1.760 2.057 2.280 2.491 2.470 2.146 1.590 
5.750 18.740 -0.798 -0.123 0.681 1.208 1.677 1.973 2.187 2.386 2.353 2.049 1.488 
5.750 22.320 -0.858 -0.214 0.593 1.124 1.594 1.890 2.096 2.282 2.238 1.952 1.386 
5.750 27.040 -0.928 -0.314 0.497 1.032 1.503 1.795 1.991 2.163 2.105 1.837 1.271 
5.750 33.160 -1.009 -0.424 0.392 0.931 1.402 1.685 1.871 2.029 1.955 1.702 1.142 
5.750 41.050 -1.089 -0.532 0.289 0.831 1.303 1.578 1.752 1.897 1.806 1.569 1.014 
5.750 51.110 -1.163 -0.635 0.191 0.735 1.206 1.473 1.637 1.769 1.663 1.440 0.890 
5.750 63.890 -1.205 -0.705 0.121 0.653 1.119 1.373 1.535 1.663 1.550 1.337 0.787 
5.750 80.060 -1.242 -0.770 0.054 0.574 1.035 1.277 1.436 1.561 1.440 1.237 0.688 
5.750 100.500 -1.276 -0.832 -0.009 0.500 0.955 1.186 1.342 1.462 1.335 1.142 0.593 
5.750 126.290 -1.324 -0.907 -0.094 0.394 0.839 1.060 1.216 1.331 1.198 1.019 0.474 
5.750 158.810 -1.369 -0.980 -0.180 0.283 0.716 0.930 1.086 1.195 1.057 0.894 0.352 
5.750 199.780 -1.413 -1.052 -0.265 0.173 0.594 0.799 0.956 1.058 0.916 0.768 0.231 
5.750 251.390 -1.468 -1.134 -0.357 0.058 0.463 0.657 0.811 0.902 0.753 0.623 0.100 
5.750 316.390 -1.541 -1.233 -0.462 -0.068 0.317 0.493 0.636 0.708 0.548 0.440 -0.050 
5.750 398.240 -1.613 -1.332 -0.567 -0.193 0.171 0.329 0.460 0.513 0.343 0.257 -0.200 
5.750 501.290 -1.686 -1.432 -0.672 -0.319 0.025 0.166 0.285 0.319 0.138 0.074 -0.351 
5.750 631.040 -1.808 -1.581 -0.794 -0.429 -0.073 0.073 0.195 0.227 0.036 -0.029 -0.498 
5.750 794.390 -1.932 -1.732 -0.916 -0.537 -0.168 -0.018 0.109 0.139 -0.062 -0.128 -0.645 
6.000 10.050 -0.322 0.459 1.240 1.752 2.200 2.474 2.684 2.875 2.877 2.441 2.021 
6.000 10.080 -0.321 0.461 1.241 1.753 2.200 2.474 2.684 2.877 2.879 2.444 2.023 
6.000 10.120 -0.319 0.462 1.243 1.753 2.200 2.474 2.685 2.879 2.881 2.447 2.025 
6.000 10.200 -0.317 0.464 1.244 1.753 2.200 2.474 2.686 2.881 2.883 2.451 2.028 
6.000 10.310 -0.322 0.459 1.238 1.744 2.189 2.464 2.678 2.874 2.876 2.452 2.022 
6.000 10.490 -0.331 0.451 1.226 1.729 2.173 2.448 2.664 2.862 2.863 2.451 2.012 
6.000 10.760 -0.339 0.442 1.215 1.714 2.157 2.433 2.650 2.850 2.850 2.451 2.002 
6.000 11.180 -0.353 0.424 1.195 1.690 2.132 2.409 2.627 2.829 2.826 2.441 1.982 
6.000 11.820 -0.375 0.379 1.145 1.638 2.080 2.358 2.576 2.776 2.771 2.404 1.928 
6.000 12.770 -0.390 0.333 1.096 1.587 2.028 2.308 2.525 2.723 2.716 2.366 1.876 
6.000 14.140 -0.405 0.288 1.047 1.536 1.977 2.258 2.474 2.671 2.661 2.329 1.824 
6.000 16.080 -0.459 0.204 0.965 1.458 1.899 2.180 2.388 2.576 2.555 2.240 1.729 
6.000 18.740 -0.519 0.115 0.879 1.375 1.817 2.097 2.296 2.473 2.440 2.144 1.627 
6.000 22.320 -0.578 0.026 0.794 1.294 1.736 2.015 2.206 2.372 2.327 2.048 1.527 
6.000 27.040 -0.647 -0.072 0.701 1.205 1.648 1.921 2.102 2.256 2.197 1.934 1.413 
6.000 33.160 -0.728 -0.179 0.600 1.107 1.550 1.814 1.983 2.125 2.050 1.800 1.286 
6.000 41.050 -0.808 -0.285 0.500 1.012 1.455 1.709 1.867 1.995 1.904 1.668 1.160 
6.000 51.110 -0.882 -0.385 0.405 0.919 1.362 1.606 1.753 1.870 1.763 1.541 1.038 
6.000 63.890 -0.923 -0.453 0.337 0.840 1.278 1.511 1.654 1.767 1.651 1.440 0.939 
6.000 80.060 -0.962 -0.517 0.272 0.765 1.197 1.418 1.559 1.667 1.543 1.341 0.842 
6.000 100.500 -0.996 -0.578 0.212 0.693 1.120 1.330 1.467 1.571 1.439 1.247 0.750 
6.000 126.290 -1.046 -0.651 0.129 0.591 1.008 1.209 1.347 1.444 1.307 1.130 0.635 
6.000 158.810 -1.091 -0.721 0.045 0.484 0.890 1.083 1.223 1.312 1.173 1.013 0.520 
6.000 199.780 -1.136 -0.791 -0.038 0.377 0.772 0.958 1.099 1.181 1.038 0.895 0.405 
6.000 251.390 -1.191 -0.870 -0.128 0.265 0.646 0.821 0.960 1.029 0.882 0.758 0.279 
6.000 316.390 -1.262 -0.966 -0.230 0.143 0.504 0.662 0.790 0.840 0.685 0.584 0.135 
6.000 398.240 -1.334 -1.062 -0.331 0.021 0.361 0.503 0.620 0.651 0.488 0.409 -0.009 
6.000 501.290 -1.406 -1.158 -0.433 -0.101 0.219 0.345 0.450 0.462 0.291 0.235 -0.153 
6.000 631.040 -1.521 -1.298 -0.546 -0.202 0.129 0.258 0.367 0.376 0.194 0.138 -0.293 
6.000 794.390 -1.638 -1.439 -0.660 -0.303 0.041 0.175 0.286 0.293 0.102 0.046 -0.433 
6.250 10.050 -0.068 0.653 1.389 1.874 2.304 2.563 2.760 2.932 2.933 2.506 2.125 
6.250 10.080 -0.067 0.654 1.390 1.875 2.304 2.563 2.760 2.933 2.934 2.508 2.126 
6.250 10.120 -0.066 0.655 1.391 1.875 2.304 2.563 2.761 2.934 2.935 2.509 2.128 
6.250 10.200 -0.065 0.656 1.392 1.875 2.304 2.564 2.761 2.935 2.936 2.511 2.129 
6.250 10.310 -0.066 0.655 1.389 1.871 2.299 2.559 2.758 2.932 2.933 2.513 2.128 
6.250 10.490 -0.069 0.652 1.384 1.863 2.290 2.551 2.751 2.927 2.927 2.516 2.124 
6.250 10.760 -0.072 0.649 1.379 1.855 2.282 2.543 2.745 2.922 2.921 2.518 2.121 
6.250 11.180 -0.084 0.637 1.365 1.838 2.264 2.525 2.728 2.906 2.905 2.513 2.107 
6.250 11.820 -0.126 0.595 1.319 1.790 2.214 2.477 2.680 2.857 2.854 2.482 2.059 
6.250 12.770 -0.139 0.553 1.274 1.742 2.166 2.429 2.632 2.808 2.803 2.451 2.010 
6.250 14.140 -0.151 0.512 1.229 1.695 2.117 2.382 2.585 2.759 2.752 2.421 1.963 
6.250 16.080 -0.200 0.429 1.147 1.616 2.037 2.301 2.497 2.664 2.647 2.335 1.868 
6.250 18.740 -0.260 0.339 1.060 1.532 1.953 2.215 2.403 2.563 2.533 2.239 1.766 
6.250 22.320 -0.321 0.250 0.974 1.449 1.869 2.129 2.310 2.462 2.421 2.145 1.665 
6.250 27.040 -0.390 0.154 0.881 1.359 1.779 2.034 2.205 2.347 2.292 2.032 1.552 
6.250 33.160 -0.469 0.048 0.781 1.263 1.682 1.928 2.087 2.219 2.146 1.900 1.426 
6.250 41.050 -0.550 -0.057 0.682 1.168 1.586 1.823 1.971 2.092 2.001 1.769 1.301 
6.250 51.110 -0.624 -0.156 0.589 1.077 1.494 1.721 1.858 1.969 1.862 1.642 1.181 
6.250 63.890 -0.668 -0.223 0.522 1.001 1.413 1.629 1.762 1.868 1.751 1.542 1.083 
6.250 80.060 -0.709 -0.286 0.459 0.927 1.335 1.540 1.669 1.770 1.643 1.444 0.989 
6.250 100.500 -0.746 -0.346 0.400 0.858 1.262 1.455 1.580 1.677 1.540 1.351 0.899 
6.250 126.290 -0.796 -0.417 0.320 0.760 1.154 1.339 1.464 1.553 1.411 1.237 0.789 
6.250 158.810 -0.843 -0.485 0.240 0.657 1.041 1.220 1.346 1.425 1.279 1.125 0.680 
6.250 199.780 -0.888 -0.553 0.160 0.555 0.928 1.100 1.227 1.297 1.147 1.012 0.570 
6.250 251.390 -0.943 -0.630 0.074 0.447 0.806 0.968 1.093 1.149 0.994 0.880 0.451 
6.250 316.390 -1.015 -0.724 -0.024 0.328 0.667 0.812 0.927 0.963 0.800 0.710 0.312 
6.250 398.240 -1.088 -0.818 -0.123 0.210 0.528 0.656 0.761 0.777 0.606 0.540 0.173 
6.250 501.290 -1.160 -0.912 -0.222 0.091 0.389 0.501 0.595 0.591 0.412 0.371 0.034 
6.250 631.040 -1.269 -1.043 -0.327 -0.004 0.305 0.420 0.517 0.509 0.320 0.280 -0.099 
6.250 794.390 -1.379 -1.175 -0.433 -0.097 0.223 0.342 0.442 0.431 0.232 0.192 -0.232 
6.500 10.050 0.185 0.847 1.539 1.996 2.407 2.652 2.836 2.989 2.988 2.571 2.229 
6.500 10.080 0.185 0.847 1.539 1.997 2.407 2.652 2.836 2.989 2.988 2.571 2.230 
6.500 10.120 0.186 0.847 1.539 1.997 2.408 2.653 2.836 2.989 2.989 2.571 2.230 
6.500 10.200 0.186 0.848 1.540 1.998 2.408 2.653 2.837 2.990 2.989 2.572 2.230 
6.500 10.310 0.188 0.850 1.541 1.997 2.408 2.653 2.837 2.990 2.990 2.575 2.233 
6.500 10.490 0.191 0.853 1.542 1.997 2.407 2.653 2.838 2.992 2.992 2.581 2.237 
6.500 10.760 0.194 0.856 1.544 1.996 2.406 2.653 2.839 2.993 2.993 2.586 2.241 
6.500 11.180 0.187 0.849 1.535 1.985 2.395 2.642 2.829 2.983 2.983 2.585 2.233 
6.500 11.820 0.149 0.811 1.494 1.941 2.349 2.596 2.784 2.937 2.936 2.561 2.189 
6.500 12.770 0.111 0.773 1.452 1.897 2.303 2.551 2.739 2.892 2.889 2.537 2.145 
6.500 14.140 0.096 0.735 1.411 1.854 2.258 2.506 2.695 2.846 2.843 2.513 2.102 
6.500 16.080 0.048 0.653 1.329 1.774 2.176 2.422 2.606 2.753 2.739 2.429 2.007 
6.500 18.740 -0.009 0.563 1.241 1.688 2.088 2.333 2.510 2.652 2.626 2.335 1.905 
6.500 22.320 -0.069 0.475 1.153 1.604 2.001 2.244 2.415 2.552 2.514 2.242 1.804 
6.500 27.040 -0.139 0.379 1.060 1.514 1.910 2.147 2.309 2.439 2.387 2.130 1.691 
6.500 33.160 -0.219 0.274 0.962 1.418 1.813 2.041 2.191 2.313 2.242 1.999 1.566 
6.500 41.050 -0.297 0.171 0.865 1.325 1.718 1.937 2.075 2.188 2.099 1.869 1.443 
6.500 51.110 -0.374 0.074 0.773 1.235 1.626 1.836 1.963 2.068 1.961 1.744 1.324 
6.500 63.890 -0.418 0.008 0.708 1.161 1.548 1.747 1.869 1.969 1.851 1.644 1.228 
6.500 80.060 -0.463 -0.055 0.645 1.090 1.473 1.662 1.779 1.873 1.744 1.547 1.136 
6.500 100.500 -0.499 -0.114 0.588 1.024 1.403 1.581 1.692 1.782 1.641 1.454 1.049 
6.500 126.290 -0.550 -0.184 0.511 0.929 1.299 1.470 1.581 1.662 1.514 1.345 0.944 
6.500 158.810 -0.596 -0.249 0.435 0.831 1.192 1.356 1.469 1.537 1.385 1.237 0.840 
6.500 199.780 -0.643 -0.315 0.359 0.733 1.083 1.241 1.356 1.414 1.256 1.128 0.736 
6.500 251.390 -0.700 -0.390 0.276 0.629 0.966 1.114 1.226 1.269 1.106 1.001 0.622 
6.500 316.390 -0.773 -0.482 0.181 0.514 0.830 0.962 1.064 1.086 0.915 0.836 0.489 
6.500 398.240 -0.845 -0.573 0.085 0.398 0.694 0.810 0.902 0.903 0.725 0.672 0.355 
6.500 501.290 -0.919 -0.665 -0.010 0.283 0.559 0.657 0.740 0.719 0.534 0.507 0.222 
6.500 631.040 -1.023 -0.787 -0.108 0.195 0.481 0.582 0.667 0.642 0.446 0.421 0.095 
6.500 794.390 -1.127 -0.910 -0.206 0.109 0.405 0.510 0.597 0.569 0.363 0.338 -0.031 
6.750 10.050 0.405 1.015 1.653 2.081 2.475 2.713 2.891 3.033 3.036 2.630 2.324 
6.750 10.080 0.406 1.016 1.654 2.081 2.475 2.713 2.891 3.033 3.036 2.630 2.324 
6.750 10.120 0.406 1.016 1.654 2.082 2.475 2.713 2.891 3.033 3.036 2.630 2.324 
6.750 10.200 0.406 1.016 1.654 2.082 2.476 2.714 2.892 3.034 3.037 2.631 2.325 
6.750 10.310 0.408 1.017 1.655 2.082 2.476 2.714 2.892 3.034 3.037 2.633 2.326 
6.750 10.490 0.410 1.020 1.656 2.082 2.476 2.714 2.893 3.036 3.039 2.637 2.329 
6.750 10.760 0.412 1.022 1.658 2.082 2.476 2.714 2.894 3.037 3.040 2.640 2.332 
6.750 11.180 0.409 1.019 1.654 2.077 2.470 2.709 2.889 3.031 3.035 2.641 2.329 
6.750 11.820 0.389 0.999 1.631 2.053 2.444 2.684 2.864 3.007 3.009 2.631 2.306 
6.750 12.770 0.369 0.979 1.609 2.029 2.419 2.659 2.840 2.982 2.984 2.622 2.283 
6.750 14.140 0.350 0.960 1.587 2.006 2.395 2.634 2.816 2.957 2.958 2.613 2.261 
6.750 16.080 0.279 0.876 1.504 1.924 2.309 2.547 2.724 2.863 2.856 2.534 2.165 
6.750 18.740 0.225 0.783 1.410 1.832 2.215 2.450 2.623 2.759 2.741 2.443 2.059 
6.750 22.320 0.166 0.691 1.318 1.742 2.121 2.354 2.522 2.655 2.627 2.353 1.953 
6.750 27.040 0.092 0.591 1.222 1.648 2.024 2.251 2.411 2.539 2.497 2.242 1.837 
6.750 33.160 0.011 0.485 1.121 1.549 1.922 2.142 2.291 2.411 2.349 2.108 1.709 
6.750 41.050 -0.073 0.380 1.021 1.453 1.822 2.034 2.172 2.284 2.203 1.976 1.583 
6.750 51.110 -0.153 0.280 0.927 1.360 1.726 1.929 2.057 2.161 2.061 1.848 1.462 
6.750 63.890 -0.201 0.212 0.862 1.288 1.650 1.842 1.964 2.062 1.949 1.746 1.366 
6.750 80.060 -0.249 0.147 0.800 1.219 1.577 1.759 1.874 1.966 1.840 1.647 1.273 
6.750 100.500 -0.291 0.086 0.743 1.155 1.508 1.680 1.789 1.875 1.735 1.552 1.185 
6.750 126.290 -0.343 0.017 0.669 1.065 1.411 1.574 1.681 1.756 1.609 1.443 1.084 
6.750 158.810 -0.390 -0.047 0.598 0.974 1.311 1.466 1.573 1.634 1.482 1.338 0.986 
6.750 199.780 -0.440 -0.112 0.526 0.883 1.211 1.358 1.464 1.513 1.354 1.232 0.888 
6.750 251.390 -0.496 -0.185 0.448 0.785 1.101 1.237 1.338 1.371 1.206 1.108 0.780 
6.750 316.390 -0.572 -0.276 0.356 0.673 0.970 1.088 1.179 1.189 1.018 0.947 0.652 
6.750 398.240 -0.645 -0.367 0.264 0.562 0.840 0.939 1.019 1.008 0.830 0.785 0.524 
6.750 501.290 -0.721 -0.458 0.172 0.451 0.709 0.791 0.860 0.826 0.642 0.624 0.396 
6.750 631.040 -0.820 -0.572 0.081 0.369 0.637 0.721 0.791 0.753 0.558 0.542 0.275 
6.750 794.390 -0.919 -0.687 -0.010 0.289 0.567 0.654 0.726 0.684 0.479 0.464 0.156 
7.000 10.050 0.622 1.184 1.768 2.165 2.542 2.773 2.945 3.077 3.083 2.689 2.418 
7.000 10.080 0.622 1.184 1.768 2.166 2.543 2.773 2.946 3.077 3.084 2.689 2.419 
7.000 10.120 0.622 1.184 1.768 2.166 2.543 2.774 2.946 3.077 3.084 2.689 2.419 
7.000 10.200 0.623 1.185 1.769 2.166 2.543 2.774 2.947 3.078 3.084 2.690 2.419 
7.000 10.310 0.623 1.185 1.769 2.167 2.544 2.775 2.947 3.078 3.085 2.691 2.420 
7.000 10.490 0.625 1.186 1.770 2.168 2.544 2.775 2.948 3.079 3.086 2.693 2.421 
7.000 10.760 0.626 1.188 1.771 2.169 2.545 2.776 2.949 3.080 3.087 2.695 2.423 
7.000 11.180 0.626 1.188 1.772 2.168 2.545 2.776 2.948 3.080 3.087 2.698 2.424 
7.000 11.820 0.625 1.186 1.769 2.164 2.540 2.771 2.944 3.075 3.082 2.702 2.422 
7.000 12.770 0.623 1.185 1.766 2.161 2.535 2.767 2.940 3.072 3.078 2.708 2.421 
7.000 14.140 0.622 1.184 1.763 2.158 2.531 2.763 2.937 3.068 3.074 2.713 2.420 
7.000 16.080 0.538 1.100 1.678 2.074 2.443 2.672 2.843 2.974 2.973 2.638 2.323 
7.000 18.740 0.443 1.003 1.580 1.977 2.341 2.568 2.735 2.866 2.856 2.551 2.212 
7.000 22.320 0.386 0.907 1.483 1.881 2.241 2.464 2.628 2.758 2.740 2.464 2.102 
7.000 27.040 0.316 0.804 1.383 1.782 2.137 2.356 2.513 2.639 2.607 2.353 1.982 
7.000 33.160 0.232 0.695 1.279 1.680 2.031 2.242 2.390 2.508 2.456 2.217 1.852 
7.000 41.050 0.146 0.588 1.177 1.580 1.926 2.130 2.268 2.379 2.306 2.083 1.723 
7.000 51.110 0.064 0.486 1.081 1.485 1.827 2.022 2.151 2.255 2.161 1.953 1.600 
7.000 63.890 0.011 0.416 1.016 1.415 1.752 1.937 2.059 2.155 2.047 1.848 1.503 
7.000 80.060 -0.039 0.349 0.955 1.348 1.680 1.856 1.970 2.059 1.936 1.746 1.410 
7.000 100.500 -0.087 0.287 0.898 1.286 1.613 1.779 1.885 1.967 1.829 1.649 1.322 
7.000 126.290 -0.141 0.218 0.827 1.201 1.522 1.678 1.781 1.850 1.703 1.542 1.225 
7.000 158.810 -0.190 0.155 0.760 1.117 1.430 1.577 1.676 1.731 1.578 1.439 1.133 
7.000 199.780 -0.240 0.091 0.693 1.032 1.339 1.475 1.572 1.611 1.453 1.337 1.040 
7.000 251.390 -0.299 0.019 0.619 0.940 1.236 1.359 1.450 1.472 1.307 1.215 0.938 
7.000 316.390 -0.375 -0.070 0.531 0.833 1.110 1.214 1.294 1.293 1.122 1.057 0.815 
7.000 398.240 -0.451 -0.160 0.442 0.726 0.985 1.070 1.137 1.113 0.936 0.899 0.692 
7.000 501.290 -0.528 -0.250 0.354 0.619 0.859 0.925 0.980 0.934 0.750 0.741 0.569 
7.000 631.040 -0.622 -0.357 0.270 0.543 0.792 0.860 0.915 0.864 0.671 0.663 0.456 
7.000 794.390 -0.717 -0.464 0.185 0.469 0.728 0.798 0.855 0.800 0.595 0.589 0.342 
7.250 10.050 0.798 1.318 1.846 2.215 2.575 2.807 2.974 3.102 3.104 2.724 2.499 
7.250 10.080 0.798 1.318 1.847 2.215 2.575 2.807 2.974 3.102 3.105 2.724 2.499 
7.250 10.120 0.799 1.319 1.847 2.215 2.576 2.808 2.974 3.102 3.105 2.725 2.499 
7.250 10.200 0.799 1.319 1.847 2.215 2.576 2.808 2.975 3.103 3.106 2.725 2.500 
7.250 10.310 0.800 1.320 1.848 2.216 2.577 2.809 2.975 3.103 3.106 2.726 2.501 
7.250 10.490 0.801 1.321 1.849 2.217 2.577 2.809 2.976 3.104 3.107 2.727 2.501 
7.250 10.760 0.801 1.322 1.850 2.217 2.578 2.810 2.976 3.105 3.108 2.729 2.503 
7.250 11.180 0.802 1.323 1.850 2.218 2.578 2.810 2.977 3.105 3.108 2.731 2.504 
7.250 11.820 0.803 1.323 1.849 2.216 2.576 2.808 2.975 3.104 3.108 2.737 2.504 
7.250 12.770 0.804 1.324 1.849 2.215 2.574 2.806 2.973 3.103 3.107 2.744 2.505 
7.250 14.140 0.805 1.325 1.849 2.214 2.572 2.804 2.972 3.103 3.107 2.751 2.507 
7.250 16.080 0.747 1.268 1.791 2.156 2.510 2.740 2.907 3.038 3.038 2.704 2.440 
7.250 18.740 0.681 1.201 1.724 2.090 2.440 2.667 2.831 2.964 2.959 2.650 2.364 
7.250 22.320 0.616 1.136 1.659 2.025 2.370 2.594 2.757 2.891 2.881 2.597 2.287 
7.250 27.040 0.552 1.042 1.567 1.934 2.273 2.493 2.651 2.783 2.761 2.498 2.177 
7.250 33.160 0.459 0.917 1.448 1.816 2.148 2.361 2.511 2.637 2.596 2.352 2.029 
7.250 41.050 0.359 0.794 1.330 1.700 2.025 2.230 2.373 2.494 2.432 2.207 1.883 
7.250 51.110 0.260 0.677 1.219 1.589 1.908 2.105 2.240 2.356 2.275 2.067 1.743 
7.250 63.890 0.198 0.600 1.148 1.516 1.828 2.013 2.142 2.250 2.152 1.955 1.641 
7.250 80.060 0.139 0.527 1.082 1.445 1.750 1.926 2.046 2.146 2.032 1.845 1.541 
7.250 100.500 0.081 0.457 1.019 1.379 1.677 1.842 1.956 2.048 1.916 1.740 1.447 
7.250 126.290 0.023 0.386 0.952 1.300 1.591 1.743 1.851 1.930 1.789 1.632 1.352 
7.250 158.810 -0.030 0.322 0.890 1.224 1.508 1.646 1.748 1.813 1.666 1.530 1.265 
7.250 199.780 -0.083 0.258 0.828 1.148 1.425 1.548 1.645 1.695 1.542 1.429 1.178 
7.250 251.390 -0.144 0.186 0.759 1.063 1.329 1.436 1.525 1.557 1.398 1.309 1.081 
7.250 316.390 -0.224 0.096 0.674 0.962 1.210 1.294 1.369 1.380 1.216 1.153 0.963 
7.250 398.240 -0.302 0.007 0.590 0.860 1.090 1.152 1.213 1.203 1.033 0.998 0.845 
7.250 501.290 -0.382 -0.082 0.506 0.758 0.971 1.009 1.057 1.025 0.850 0.842 0.728 
7.250 631.040 -0.473 -0.183 0.427 0.688 0.908 0.947 0.995 0.959 0.774 0.768 0.620 
7.250 794.390 -0.563 -0.285 0.348 0.619 0.848 0.888 0.937 0.898 0.702 0.698 0.512 
7.500 10.050 0.969 1.453 1.925 2.263 2.608 2.841 3.002 3.127 3.126 2.760 2.579 
7.500 10.080 0.969 1.453 1.925 2.264 2.609 2.841 3.002 3.127 3.126 2.760 2.580 
7.500 10.120 0.970 1.453 1.925 2.264 2.609 2.842 3.002 3.127 3.127 2.760 2.580 
7.500 10.200 0.970 1.454 1.926 2.265 2.609 2.842 3.003 3.128 3.127 2.761 2.580 
7.500 10.310 0.971 1.454 1.926 2.265 2.610 2.843 3.003 3.128 3.127 2.761 2.581 
7.500 10.490 0.971 1.455 1.927 2.266 2.610 2.843 3.004 3.129 3.128 2.762 2.582 
7.500 10.760 0.972 1.456 1.928 2.266 2.611 2.844 3.004 3.130 3.129 2.763 2.582 
7.500 11.180 0.973 1.457 1.929 2.267 2.612 2.845 3.006 3.131 3.131 2.765 2.584 
7.500 11.820 0.976 1.460 1.930 2.268 2.612 2.845 3.006 3.132 3.133 2.772 2.587 
7.500 12.770 0.979 1.462 1.932 2.268 2.612 2.845 3.007 3.134 3.136 2.780 2.590 
7.500 14.140 0.982 1.466 1.934 2.270 2.612 2.845 3.008 3.137 3.140 2.788 2.594 
7.500 16.080 0.952 1.435 1.903 2.239 2.578 2.809 2.971 3.102 3.104 2.770 2.558 
7.500 18.740 0.917 1.400 1.868 2.204 2.538 2.766 2.927 3.062 3.062 2.749 2.515 
7.500 22.320 0.882 1.366 1.834 2.170 2.499 2.725 2.886 3.023 3.021 2.729 2.473 
7.500 27.040 0.797 1.280 1.751 2.087 2.409 2.631 2.788 2.926 2.914 2.644 2.372 
7.500 33.160 0.668 1.140 1.616 1.952 2.266 2.479 2.632 2.767 2.736 2.487 2.207 
7.500 41.050 0.563 1.001 1.482 1.819 2.124 2.330 2.477 2.609 2.558 2.331 2.043 
7.500 51.110 0.452 0.869 1.356 1.694 1.990 2.187 2.329 2.457 2.388 2.181 1.886 
7.500 63.890 0.382 0.785 1.281 1.616 1.903 2.089 2.224 2.344 2.256 2.062 1.778 
7.500 80.060 0.313 0.704 1.208 1.542 1.821 1.995 2.123 2.234 2.128 1.945 1.672 
7.500 100.500 0.246 0.628 1.141 1.472 1.742 1.905 2.026 2.128 2.004 1.832 1.571 
7.500 126.290 0.182 0.554 1.075 1.398 1.660 1.807 1.921 2.010 1.875 1.722 1.479 
7.500 158.810 0.126 0.490 1.019 1.330 1.586 1.714 1.820 1.894 1.753 1.622 1.397 
7.500 199.780 0.070 0.425 0.963 1.263 1.511 1.621 1.718 1.779 1.632 1.521 1.316 
7.500 251.390 0.005 0.353 0.898 1.186 1.423 1.513 1.599 1.643 1.490 1.403 1.224 
7.500 316.390 -0.077 0.263 0.818 1.090 1.309 1.373 1.444 1.468 1.310 1.249 1.111 
7.500 398.240 -0.159 0.174 0.738 0.994 1.195 1.233 1.289 1.292 1.129 1.096 0.999 
7.500 501.290 -0.240 0.085 0.658 0.898 1.082 1.094 1.134 1.117 0.949 0.943 0.886 
7.500 631.040 -0.328 -0.010 0.584 0.833 1.023 1.035 1.075 1.054 0.877 0.873 0.784 
7.500 794.390 -0.416 -0.105 0.511 0.769 0.967 0.979 1.020 0.996 0.809 0.806 0.682 
7.750 10.050 1.089 1.541 1.971 2.288 2.622 2.859 3.013 3.139 3.135 2.768 2.632 
7.750 10.080 1.089 1.541 1.971 2.288 2.622 2.859 3.013 3.140 3.135 2.768 2.632 
7.750 10.120 1.090 1.541 1.972 2.289 2.622 2.860 3.014 3.140 3.135 2.768 2.632 
7.750 10.200 1.090 1.542 1.972 2.289 2.623 2.860 3.014 3.140 3.136 2.769 2.633 
7.750 10.310 1.091 1.542 1.973 2.289 2.623 2.861 3.014 3.141 3.137 2.769 2.633 
7.750 10.490 1.091 1.543 1.973 2.290 2.624 2.861 3.015 3.141 3.137 2.770 2.634 
7.750 10.760 1.092 1.544 1.974 2.291 2.625 2.862 3.016 3.142 3.138 2.771 2.635 
7.750 11.180 1.093 1.545 1.975 2.292 2.626 2.863 3.017 3.143 3.139 2.773 2.636 
7.750 11.820 1.095 1.547 1.976 2.293 2.626 2.864 3.018 3.145 3.141 2.777 2.638 
7.750 12.770 1.097 1.549 1.978 2.294 2.627 2.864 3.019 3.146 3.144 2.781 2.641 
7.750 14.140 1.100 1.552 1.980 2.295 2.628 2.866 3.020 3.149 3.146 2.786 2.644 
7.750 16.080 1.087 1.538 1.966 2.281 2.611 2.848 3.002 3.133 3.131 2.781 2.627 
7.750 18.740 1.071 1.523 1.950 2.265 2.592 2.827 2.982 3.116 3.112 2.775 2.607 
7.750 22.320 1.057 1.508 1.935 2.250 2.573 2.807 2.961 3.099 3.095 2.770 2.588 
7.750 27.040 0.992 1.444 1.872 2.186 2.503 2.732 2.885 3.025 3.014 2.709 2.509 
7.750 33.160 0.873 1.324 1.757 2.069 2.376 2.597 2.749 2.890 2.866 2.589 2.366 
7.750 41.050 0.755 1.207 1.643 1.954 2.251 2.465 2.614 2.756 2.720 2.471 2.225 
7.750 51.110 0.668 1.092 1.533 1.842 2.129 2.334 2.480 2.623 2.574 2.351 2.086 
7.750 63.890 0.574 0.982 1.433 1.739 2.013 2.206 2.346 2.482 2.412 2.207 1.951 
7.750 80.060 0.478 0.876 1.337 1.639 1.901 2.081 2.216 2.344 2.254 2.066 1.820 
7.750 100.500 0.382 0.774 1.244 1.543 1.794 1.960 2.089 2.211 2.100 1.929 1.692 
7.750 126.290 0.307 0.691 1.175 1.466 1.705 1.854 1.975 2.085 1.963 1.811 1.595 
7.750 158.810 0.245 0.624 1.123 1.405 1.633 1.762 1.874 1.971 1.841 1.708 1.516 
7.750 199.780 0.183 0.557 1.071 1.343 1.560 1.670 1.772 1.856 1.718 1.605 1.438 
7.750 251.390 0.113 0.482 1.011 1.271 1.475 1.562 1.653 1.721 1.577 1.486 1.350 
7.750 316.390 0.028 0.392 0.934 1.180 1.364 1.423 1.499 1.548 1.399 1.335 1.242 
7.750 398.240 -0.059 0.302 0.858 1.089 1.253 1.285 1.345 1.374 1.221 1.184 1.134 
7.750 501.290 -0.143 0.212 0.781 0.998 1.142 1.147 1.190 1.200 1.043 1.033 1.026 
7.750 631.040 -0.229 0.121 0.712 0.936 1.085 1.089 1.133 1.141 0.974 0.966 0.929 
7.750 794.390 -0.315 0.031 0.644 0.876 1.031 1.036 1.080 1.085 0.910 0.903 0.833 
8.000 10.050 1.204 1.629 2.018 2.313 2.635 2.877 3.024 3.152 3.144 2.776 2.684 
8.000 10.080 1.204 1.629 2.018 2.313 2.636 2.877 3.025 3.152 3.144 2.776 2.685 
8.000 10.120 1.204 1.629 2.018 2.313 2.636 2.878 3.025 3.152 3.144 2.776 2.685 
8.000 10.200 1.205 1.630 2.019 2.313 2.636 2.878 3.025 3.153 3.145 2.777 2.685 
8.000 10.310 1.205 1.630 2.019 2.314 2.637 2.879 3.026 3.153 3.146 2.777 2.686 
8.000 10.490 1.206 1.631 2.020 2.315 2.637 2.879 3.027 3.154 3.146 2.778 2.687 
8.000 10.760 1.207 1.632 2.021 2.315 2.638 2.880 3.027 3.155 3.147 2.779 2.687 
8.000 11.180 1.208 1.633 2.022 2.317 2.639 2.881 3.028 3.156 3.148 2.780 2.688 
8.000 11.820 1.209 1.634 2.023 2.318 2.641 2.882 3.030 3.157 3.149 2.781 2.690 
8.000 12.770 1.211 1.636 2.025 2.319 2.642 2.884 3.031 3.159 3.151 2.783 2.691 
8.000 14.140 1.213 1.638 2.027 2.321 2.644 2.886 3.034 3.161 3.153 2.785 2.693 
8.000 16.080 1.216 1.641 2.029 2.324 2.645 2.886 3.034 3.164 3.157 2.792 2.696 
8.000 18.740 1.221 1.646 2.032 2.326 2.646 2.887 3.036 3.169 3.162 2.801 2.699 
8.000 22.320 1.226 1.651 2.036 2.330 2.648 2.888 3.038 3.174 3.168 2.810 2.702 
8.000 27.040 1.182 1.607 1.992 2.284 2.596 2.833 2.982 3.123 3.114 2.775 2.647 
8.000 33.160 1.084 1.509 1.898 2.186 2.486 2.715 2.866 3.013 2.997 2.691 2.526 
8.000 41.050 0.988 1.413 1.805 2.090 2.378 2.600 2.750 2.903 2.881 2.610 2.407 
8.000 51.110 0.889 1.314 1.710 1.991 2.268 2.481 2.632 2.790 2.760 2.521 2.286 
8.000 63.890 0.766 1.179 1.586 1.862 2.123 2.322 2.468 2.621 2.569 2.352 2.125 
8.000 80.060 0.641 1.048 1.465 1.736 1.982 2.167 2.308 2.455 2.381 2.187 1.967 
8.000 100.500 0.518 0.920 1.348 1.614 1.845 2.015 2.152 2.294 2.197 2.026 1.813 
8.000 126.290 0.430 0.828 1.275 1.534 1.751 1.901 2.029 2.161 2.051 1.899 1.710 
8.000 158.810 0.362 0.759 1.227 1.479 1.680 1.809 1.928 2.047 1.928 1.794 1.635 
8.000 199.780 0.292 0.689 1.179 1.423 1.610 1.718 1.827 1.933 1.805 1.689 1.560 
8.000 251.390 0.218 0.612 1.123 1.357 1.526 1.611 1.707 1.799 1.663 1.569 1.475 
8.000 316.390 0.127 0.521 1.050 1.270 1.418 1.474 1.554 1.627 1.488 1.421 1.372 
8.000 398.240 0.038 0.430 0.978 1.184 1.310 1.337 1.400 1.455 1.313 1.272 1.269 
8.000 501.290 -0.052 0.338 0.905 1.097 1.202 1.200 1.247 1.284 1.137 1.124 1.165 
8.000 631.040 -0.136 0.252 0.840 1.039 1.148 1.144 1.192 1.227 1.071 1.060 1.074 
8.000 794.390 -0.221 0.166 0.776 0.983 1.096 1.092 1.141 1.175 1.010 1.000 0.983 
