CanadaSHM5_AA13_stablecrust_high , distance is rhypo. Log10 ground motion values in cgs units
          15 30 11 : nmag, ndist, nperiod
          10.000 5.000 2.000 1.000 0.500 0.300 0.200 0.100 0.050 PGA PGV 
          0.620 0.620 0.620 0.620 0.580 0.540 0.530 0.530 0.530 0.530 0.620
4.500 10.050 -1.876 -0.607 0.572 1.271 1.895 2.220 2.527 2.868 2.918 2.632 2.021 
4.500 10.080 -1.886 -0.618 0.556 1.255 1.880 2.209 2.512 2.847 2.894 2.615 2.002 
4.500 10.120 -1.893 -0.628 0.539 1.239 1.866 2.197 2.498 2.827 2.870 2.598 1.982 
4.500 10.200 -1.893 -0.638 0.523 1.224 1.852 2.185 2.484 2.806 2.845 2.581 1.963 
4.500 10.310 -1.906 -0.662 0.489 1.191 1.823 2.160 2.456 2.767 2.801 2.545 1.921 
4.500 10.490 -1.911 -0.693 0.444 1.149 1.785 2.128 2.418 2.717 2.743 2.497 1.866 
4.500 10.760 -1.917 -0.725 0.399 1.106 1.748 2.095 2.381 2.666 2.686 2.450 1.812 
4.500 11.180 -1.932 -0.764 0.347 1.056 1.703 2.055 2.337 2.609 2.623 2.395 1.749 
4.500 11.820 -1.961 -0.827 0.277 0.987 1.638 1.994 2.272 2.532 2.543 2.318 1.662 
4.500 12.770 -1.987 -0.890 0.206 0.917 1.573 1.931 2.206 2.455 2.463 2.241 1.574 
4.500 14.140 -2.013 -0.954 0.135 0.847 1.508 1.869 2.140 2.378 2.383 2.164 1.486 
4.500 16.080 -2.066 -1.047 0.040 0.747 1.407 1.766 2.035 2.268 2.276 2.052 1.367 
4.500 18.740 -2.124 -1.146 -0.060 0.642 1.299 1.657 1.924 2.152 2.163 1.933 1.241 
4.500 22.320 -2.183 -1.246 -0.161 0.535 1.192 1.546 1.812 2.035 2.050 1.814 1.115 
4.500 27.040 -2.254 -1.358 -0.277 0.413 1.066 1.418 1.681 1.899 1.916 1.676 0.974 
4.500 33.160 -2.340 -1.485 -0.408 0.274 0.922 1.271 1.530 1.744 1.758 1.516 0.816 
4.500 41.050 -2.426 -1.614 -0.542 0.133 0.777 1.123 1.378 1.588 1.599 1.354 0.657 
4.500 51.110 -2.513 -1.742 -0.676 -0.007 0.631 0.975 1.226 1.431 1.439 1.193 0.498 
4.500 63.890 -2.585 -1.854 -0.799 -0.129 0.505 0.851 1.094 1.290 1.280 1.044 0.361 
4.500 80.060 -2.659 -1.969 -0.926 -0.254 0.376 0.724 0.959 1.147 1.118 0.891 0.221 
4.500 100.500 -2.736 -2.089 -1.056 -0.383 0.242 0.593 0.819 0.998 0.951 0.734 0.076 
4.500 126.290 -2.783 -2.176 -1.157 -0.481 0.137 0.485 0.700 0.859 0.794 0.595 -0.043 
4.500 158.810 -2.825 -2.260 -1.254 -0.575 0.035 0.379 0.581 0.714 0.631 0.454 -0.160 
4.500 199.780 -2.866 -2.343 -1.351 -0.668 -0.066 0.274 0.462 0.570 0.469 0.313 -0.277 
4.500 251.390 -2.918 -2.435 -1.453 -0.771 -0.181 0.149 0.322 0.402 0.286 0.152 -0.408 
4.500 316.390 -2.985 -2.544 -1.566 -0.892 -0.322 -0.012 0.142 0.189 0.061 -0.050 -0.569 
4.500 398.240 -3.054 -2.653 -1.678 -1.014 -0.463 -0.173 -0.038 -0.025 -0.164 -0.253 -0.730 
4.500 501.290 -3.121 -2.762 -1.791 -1.134 -0.604 -0.334 -0.218 -0.239 -0.389 -0.455 -0.891 
4.500 631.040 -3.277 -2.959 -1.953 -1.273 -0.724 -0.445 -0.326 -0.351 -0.510 -0.576 -1.058 
4.500 794.390 -3.437 -3.160 -2.117 -1.412 -0.842 -0.554 -0.432 -0.460 -0.628 -0.695 -1.226 
4.750 10.050 -1.473 -0.297 0.804 1.440 2.020 2.330 2.611 2.931 2.991 2.699 2.139 
4.750 10.080 -1.482 -0.306 0.790 1.427 2.009 2.321 2.599 2.913 2.971 2.684 2.122 
4.750 10.120 -1.492 -0.316 0.777 1.414 1.998 2.311 2.587 2.894 2.951 2.669 2.105 
4.750 10.200 -1.492 -0.325 0.763 1.401 1.987 2.302 2.575 2.876 2.930 2.654 2.088 
4.750 10.310 -1.504 -0.348 0.732 1.373 1.961 2.280 2.549 2.839 2.890 2.621 2.050 
4.750 10.490 -1.514 -0.380 0.691 1.335 1.928 2.250 2.515 2.790 2.839 2.577 1.999 
4.750 10.760 -1.520 -0.412 0.650 1.297 1.894 2.220 2.480 2.741 2.786 2.533 1.948 
4.750 11.180 -1.534 -0.450 0.602 1.252 1.854 2.183 2.439 2.686 2.728 2.481 1.889 
4.750 11.820 -1.564 -0.510 0.536 1.188 1.793 2.123 2.376 2.613 2.653 2.408 1.806 
4.750 12.770 -1.588 -0.570 0.470 1.123 1.731 2.064 2.312 2.539 2.577 2.334 1.723 
4.750 14.140 -1.612 -0.630 0.403 1.058 1.669 2.003 2.249 2.465 2.500 2.259 1.640 
4.750 16.080 -1.661 -0.717 0.312 0.962 1.572 1.903 2.148 2.361 2.396 2.152 1.526 
4.750 18.740 -1.714 -0.808 0.216 0.860 1.468 1.796 2.041 2.251 2.287 2.039 1.407 
4.750 22.320 -1.767 -0.900 0.119 0.758 1.363 1.688 1.933 2.140 2.178 1.926 1.288 
4.750 27.040 -1.833 -1.005 0.008 0.641 1.241 1.564 1.807 2.012 2.048 1.795 1.154 
4.750 33.160 -1.916 -1.124 -0.120 0.506 1.100 1.421 1.661 1.865 1.896 1.644 1.004 
4.750 41.050 -1.996 -1.245 -0.249 0.369 0.958 1.277 1.514 1.716 1.743 1.492 0.853 
4.750 51.110 -2.079 -1.367 -0.379 0.233 0.817 1.133 1.367 1.566 1.588 1.339 0.702 
4.750 63.890 -2.152 -1.478 -0.500 0.115 0.694 1.013 1.239 1.428 1.432 1.194 0.571 
4.750 80.060 -2.227 -1.592 -0.625 -0.007 0.569 0.890 1.107 1.287 1.273 1.046 0.437 
4.750 100.500 -2.307 -1.710 -0.753 -0.132 0.439 0.763 0.971 1.142 1.109 0.894 0.298 
4.750 126.290 -2.363 -1.803 -0.853 -0.226 0.338 0.659 0.854 1.002 0.950 0.754 0.183 
4.750 158.810 -2.415 -1.894 -0.950 -0.316 0.240 0.555 0.736 0.856 0.785 0.610 0.068 
4.750 199.780 -2.468 -1.985 -1.047 -0.406 0.143 0.452 0.619 0.710 0.619 0.467 -0.047 
4.750 251.390 -2.525 -2.083 -1.148 -0.505 0.032 0.330 0.481 0.542 0.434 0.304 -0.177 
4.750 316.390 -2.600 -2.195 -1.258 -0.621 -0.105 0.173 0.304 0.331 0.209 0.102 -0.334 
4.750 398.240 -2.673 -2.306 -1.367 -0.738 -0.241 0.015 0.126 0.119 -0.015 -0.099 -0.491 
4.750 501.290 -2.746 -2.418 -1.477 -0.854 -0.378 -0.142 -0.051 -0.093 -0.239 -0.300 -0.648 
4.750 631.040 -2.892 -2.603 -1.628 -0.982 -0.490 -0.246 -0.153 -0.200 -0.356 -0.416 -0.807 
4.750 794.390 -3.042 -2.791 -1.780 -1.111 -0.600 -0.348 -0.252 -0.303 -0.467 -0.529 -0.965 
5.000 10.050 -1.074 0.014 1.036 1.609 2.147 2.439 2.695 2.994 3.064 2.765 2.256 
5.000 10.080 -1.083 0.005 1.025 1.599 2.138 2.433 2.685 2.978 3.048 2.753 2.242 
5.000 10.120 -1.092 -0.003 1.014 1.589 2.130 2.426 2.676 2.962 3.032 2.741 2.228 
5.000 10.200 -1.100 -0.012 1.003 1.579 2.122 2.419 2.666 2.946 3.015 2.728 2.214 
5.000 10.310 -1.109 -0.035 0.975 1.555 2.100 2.400 2.643 2.911 2.980 2.698 2.179 
5.000 10.490 -1.125 -0.067 0.938 1.521 2.070 2.373 2.611 2.864 2.934 2.657 2.131 
5.000 10.760 -1.130 -0.099 0.901 1.488 2.040 2.346 2.579 2.817 2.887 2.616 2.084 
5.000 11.180 -1.143 -0.136 0.857 1.448 2.004 2.311 2.540 2.764 2.834 2.568 2.029 
5.000 11.820 -1.173 -0.193 0.796 1.388 1.947 2.254 2.480 2.694 2.762 2.497 1.951 
5.000 12.770 -1.194 -0.249 0.734 1.328 1.889 2.196 2.419 2.623 2.690 2.426 1.872 
5.000 14.140 -1.218 -0.307 0.671 1.268 1.831 2.137 2.358 2.551 2.617 2.354 1.793 
5.000 16.080 -1.262 -0.386 0.584 1.177 1.737 2.040 2.261 2.453 2.517 2.253 1.686 
5.000 18.740 -1.310 -0.470 0.492 1.080 1.636 1.935 2.158 2.350 2.411 2.145 1.573 
5.000 22.320 -1.358 -0.555 0.400 0.982 1.534 1.830 2.054 2.246 2.305 2.038 1.460 
5.000 27.040 -1.421 -0.653 0.293 0.868 1.416 1.709 1.933 2.125 2.180 1.913 1.334 
5.000 33.160 -1.496 -0.764 0.169 0.737 1.279 1.571 1.792 1.985 2.034 1.772 1.192 
5.000 41.050 -1.572 -0.877 0.044 0.605 1.140 1.430 1.651 1.844 1.887 1.629 1.050 
5.000 51.110 -1.653 -0.991 -0.082 0.472 1.002 1.291 1.509 1.701 1.738 1.485 0.907 
5.000 63.890 -1.724 -1.101 -0.201 0.358 0.884 1.175 1.384 1.566 1.585 1.344 0.782 
5.000 80.060 -1.801 -1.214 -0.324 0.240 0.762 1.057 1.256 1.428 1.428 1.201 0.653 
5.000 100.500 -1.884 -1.332 -0.450 0.118 0.636 0.933 1.123 1.285 1.268 1.053 0.521 
5.000 126.290 -1.945 -1.430 -0.550 0.028 0.539 0.832 1.008 1.145 1.107 0.912 0.408 
5.000 158.810 -2.007 -1.528 -0.646 -0.058 0.445 0.732 0.892 0.998 0.938 0.766 0.295 
5.000 199.780 -2.070 -1.626 -0.743 -0.144 0.351 0.631 0.775 0.851 0.769 0.621 0.182 
5.000 251.390 -2.141 -1.730 -0.843 -0.238 0.245 0.512 0.639 0.682 0.581 0.456 0.055 
5.000 316.390 -2.219 -1.845 -0.949 -0.350 0.112 0.358 0.465 0.473 0.358 0.255 -0.098 
5.000 398.240 -2.296 -1.960 -1.056 -0.462 -0.020 0.204 0.291 0.263 0.134 0.055 -0.252 
5.000 501.290 -2.377 -2.075 -1.163 -0.574 -0.152 0.050 0.116 0.053 -0.090 -0.146 -0.406 
5.000 631.040 -2.514 -2.248 -1.302 -0.692 -0.256 -0.047 0.020 -0.049 -0.201 -0.256 -0.555 
5.000 794.390 -2.654 -2.423 -1.443 -0.811 -0.358 -0.142 -0.072 -0.146 -0.307 -0.363 -0.705 
5.250 10.050 -0.702 0.302 1.257 1.784 2.284 2.557 2.788 3.055 3.127 2.825 2.367 
5.250 10.080 -0.708 0.296 1.250 1.779 2.280 2.553 2.782 3.044 3.117 2.816 2.358 
5.250 10.120 -0.714 0.290 1.244 1.774 2.276 2.550 2.777 3.034 3.106 2.807 2.348 
5.250 10.200 -0.720 0.284 1.237 1.768 2.272 2.546 2.771 3.023 3.096 2.798 2.339 
5.250 10.310 -0.737 0.263 1.213 1.747 2.253 2.529 2.750 2.991 3.065 2.771 2.307 
5.250 10.490 -0.755 0.232 1.179 1.717 2.226 2.502 2.719 2.947 3.021 2.733 2.263 
5.250 10.760 -0.761 0.201 1.144 1.686 2.198 2.475 2.687 2.902 2.977 2.695 2.218 
5.250 11.180 -0.772 0.165 1.103 1.649 2.163 2.441 2.649 2.853 2.927 2.650 2.166 
5.250 11.820 -0.802 0.111 1.044 1.592 2.107 2.385 2.590 2.786 2.859 2.584 2.092 
5.250 12.770 -0.823 0.056 0.985 1.535 2.051 2.328 2.531 2.718 2.790 2.517 2.018 
5.250 14.140 -0.846 0.002 0.925 1.477 1.994 2.270 2.472 2.651 2.721 2.449 1.943 
5.250 16.080 -0.890 -0.075 0.840 1.388 1.901 2.175 2.378 2.558 2.625 2.354 1.842 
5.250 18.740 -0.936 -0.156 0.751 1.292 1.801 2.072 2.277 2.459 2.524 2.254 1.735 
5.250 22.320 -0.984 -0.238 0.661 1.195 1.700 1.969 2.177 2.361 2.421 2.153 1.628 
5.250 27.040 -1.043 -0.331 0.556 1.084 1.584 1.852 2.060 2.246 2.302 2.037 1.508 
5.250 33.160 -1.115 -0.438 0.437 0.957 1.450 1.719 1.928 2.114 2.164 1.905 1.375 
5.250 41.050 -1.189 -0.546 0.316 0.827 1.314 1.584 1.793 1.981 2.024 1.772 1.241 
5.250 51.110 -1.266 -0.655 0.193 0.698 1.179 1.450 1.659 1.846 1.881 1.637 1.106 
5.250 63.890 -1.338 -0.760 0.079 0.588 1.064 1.338 1.538 1.716 1.734 1.503 0.988 
5.250 80.060 -1.413 -0.869 -0.038 0.475 0.946 1.223 1.415 1.582 1.583 1.367 0.865 
5.250 100.500 -1.494 -0.982 -0.160 0.357 0.824 1.104 1.287 1.444 1.428 1.226 0.739 
5.250 126.290 -1.554 -1.076 -0.253 0.271 0.731 1.005 1.173 1.304 1.267 1.085 0.631 
5.250 158.810 -1.617 -1.172 -0.344 0.191 0.641 0.907 1.056 1.155 1.097 0.937 0.522 
5.250 199.780 -1.680 -1.267 -0.434 0.110 0.552 0.808 0.940 1.006 0.926 0.789 0.412 
5.250 251.390 -1.748 -1.368 -0.529 0.020 0.449 0.692 0.804 0.836 0.737 0.623 0.290 
5.250 316.390 -1.828 -1.481 -0.630 -0.087 0.322 0.540 0.631 0.626 0.513 0.421 0.141 
5.250 398.240 -1.907 -1.594 -0.732 -0.193 0.194 0.389 0.458 0.416 0.289 0.220 -0.008 
5.250 501.290 -1.988 -1.706 -0.833 -0.300 0.067 0.238 0.284 0.207 0.065 0.018 -0.157 
5.250 631.040 -2.115 -1.866 -0.961 -0.408 -0.029 0.147 0.194 0.110 -0.041 -0.087 -0.298 
5.250 794.390 -2.245 -2.028 -1.089 -0.517 -0.123 0.060 0.108 0.018 -0.141 -0.187 -0.438 
5.500 10.050 -0.335 0.590 1.479 1.960 2.423 2.674 2.881 3.117 3.190 2.884 2.478 
5.500 10.080 -0.337 0.587 1.476 1.959 2.423 2.674 2.879 3.111 3.186 2.879 2.474 
5.500 10.120 -0.340 0.584 1.473 1.958 2.423 2.674 2.878 3.106 3.181 2.874 2.469 
5.500 10.200 -0.344 0.581 1.471 1.957 2.422 2.673 2.876 3.100 3.176 2.868 2.464 
5.500 10.310 -0.363 0.561 1.450 1.940 2.406 2.657 2.857 3.072 3.149 2.845 2.436 
5.500 10.490 -0.388 0.531 1.419 1.912 2.381 2.631 2.826 3.030 3.107 2.810 2.394 
5.500 10.760 -0.404 0.501 1.387 1.885 2.355 2.605 2.795 2.988 3.066 2.774 2.352 
5.500 11.180 -0.411 0.466 1.350 1.851 2.322 2.572 2.758 2.941 3.019 2.733 2.303 
5.500 11.820 -0.438 0.414 1.293 1.797 2.267 2.516 2.701 2.878 2.955 2.670 2.234 
5.500 12.770 -0.460 0.362 1.236 1.742 2.212 2.460 2.643 2.814 2.890 2.608 2.164 
5.500 14.140 -0.480 0.310 1.180 1.687 2.157 2.403 2.585 2.750 2.825 2.545 2.094 
5.500 16.080 -0.523 0.236 1.097 1.599 2.065 2.309 2.494 2.662 2.733 2.456 1.998 
5.500 18.740 -0.568 0.158 1.010 1.504 1.966 2.209 2.397 2.569 2.636 2.363 1.897 
5.500 22.320 -0.615 0.080 0.922 1.409 1.866 2.108 2.299 2.475 2.538 2.268 1.795 
5.500 27.040 -0.671 -0.010 0.820 1.300 1.752 1.994 2.188 2.367 2.424 2.161 1.683 
5.500 33.160 -0.741 -0.111 0.705 1.176 1.621 1.866 2.063 2.243 2.293 2.038 1.558 
5.500 41.050 -0.812 -0.215 0.587 1.050 1.488 1.737 1.936 2.118 2.160 1.915 1.432 
5.500 51.110 -0.886 -0.319 0.469 0.924 1.356 1.608 1.808 1.990 2.024 1.789 1.305 
5.500 63.890 -0.955 -0.419 0.360 0.818 1.245 1.501 1.693 1.865 1.883 1.662 1.193 
5.500 80.060 -1.029 -0.523 0.247 0.709 1.130 1.390 1.574 1.736 1.738 1.532 1.077 
5.500 100.500 -1.106 -0.631 0.131 0.596 1.012 1.275 1.451 1.603 1.588 1.398 0.957 
5.500 126.290 -1.167 -0.722 0.043 0.515 0.923 1.179 1.338 1.463 1.428 1.258 0.854 
5.500 158.810 -1.231 -0.815 -0.042 0.439 0.837 1.082 1.221 1.312 1.256 1.108 0.748 
5.500 199.780 -1.294 -0.908 -0.126 0.363 0.752 0.985 1.104 1.161 1.083 0.958 0.643 
5.500 251.390 -1.361 -1.007 -0.215 0.278 0.654 0.871 0.968 0.989 0.893 0.790 0.524 
5.500 316.390 -1.443 -1.117 -0.311 0.177 0.531 0.723 0.796 0.780 0.668 0.587 0.380 
5.500 398.240 -1.524 -1.227 -0.407 0.075 0.408 0.574 0.624 0.570 0.444 0.385 0.235 
5.500 501.290 -1.604 -1.338 -0.503 -0.026 0.286 0.425 0.452 0.360 0.219 0.182 0.091 
5.500 631.040 -1.721 -1.484 -0.619 -0.125 0.198 0.342 0.368 0.269 0.119 0.083 -0.041 
5.500 794.390 -1.840 -1.632 -0.735 -0.223 0.112 0.261 0.288 0.183 0.024 -0.012 -0.172 
5.750 10.050 -0.008 0.844 1.678 2.123 2.550 2.780 2.968 3.175 3.246 2.935 2.579 
5.750 10.080 -0.010 0.842 1.676 2.123 2.550 2.779 2.967 3.171 3.243 2.931 2.576 
5.750 10.120 -0.013 0.840 1.674 2.122 2.550 2.779 2.966 3.168 3.239 2.926 2.573 
5.750 10.200 -0.015 0.837 1.672 2.121 2.550 2.779 2.964 3.164 3.236 2.922 2.569 
5.750 10.310 -0.031 0.822 1.657 2.108 2.538 2.766 2.949 3.143 3.215 2.903 2.547 
5.750 10.490 -0.055 0.798 1.632 2.088 2.518 2.746 2.925 3.111 3.183 2.876 2.514 
5.750 10.760 -0.073 0.774 1.608 2.067 2.498 2.726 2.901 3.079 3.151 2.849 2.481 
5.750 11.180 -0.084 0.743 1.576 2.038 2.470 2.697 2.869 3.040 3.113 2.814 2.440 
5.750 11.820 -0.107 0.691 1.521 1.985 2.416 2.642 2.813 2.979 3.051 2.755 2.373 
5.750 12.770 -0.133 0.639 1.465 1.931 2.362 2.586 2.756 2.918 2.989 2.696 2.305 
5.750 14.140 -0.152 0.586 1.409 1.877 2.307 2.530 2.699 2.856 2.926 2.636 2.237 
5.750 16.080 -0.196 0.512 1.327 1.789 2.215 2.437 2.609 2.768 2.836 2.551 2.143 
5.750 18.740 -0.242 0.434 1.239 1.695 2.116 2.338 2.513 2.676 2.740 2.461 2.044 
5.750 22.320 -0.291 0.355 1.151 1.600 2.017 2.238 2.416 2.582 2.643 2.370 1.945 
5.750 27.040 -0.350 0.266 1.050 1.491 1.903 2.126 2.307 2.476 2.532 2.267 1.835 
5.750 33.160 -0.421 0.166 0.936 1.368 1.774 2.000 2.185 2.355 2.404 2.150 1.715 
5.750 41.050 -0.494 0.065 0.820 1.243 1.642 1.873 2.061 2.232 2.275 2.032 1.593 
5.750 51.110 -0.568 -0.038 0.704 1.119 1.511 1.746 1.936 2.108 2.143 1.912 1.471 
5.750 63.890 -0.639 -0.137 0.597 1.014 1.402 1.640 1.823 1.986 2.006 1.790 1.362 
5.750 80.060 -0.713 -0.239 0.487 0.907 1.288 1.530 1.707 1.860 1.866 1.665 1.250 
5.750 100.500 -0.791 -0.345 0.373 0.795 1.171 1.416 1.586 1.730 1.721 1.536 1.133 
5.750 126.290 -0.853 -0.434 0.289 0.717 1.084 1.321 1.474 1.594 1.565 1.399 1.033 
5.750 158.810 -0.916 -0.525 0.208 0.644 1.001 1.226 1.358 1.447 1.395 1.251 0.931 
5.750 199.780 -0.979 -0.616 0.127 0.571 0.918 1.130 1.242 1.299 1.227 1.103 0.830 
5.750 251.390 -1.049 -0.712 0.042 0.490 0.823 1.017 1.108 1.133 1.040 0.937 0.715 
5.750 316.390 -1.130 -0.819 -0.050 0.392 0.703 0.871 0.938 0.927 0.818 0.737 0.575 
5.750 398.240 -1.209 -0.927 -0.143 0.294 0.584 0.725 0.769 0.722 0.597 0.537 0.435 
5.750 501.290 -1.290 -1.034 -0.235 0.196 0.464 0.579 0.599 0.516 0.376 0.337 0.295 
5.750 631.040 -1.398 -1.170 -0.341 0.106 0.383 0.501 0.520 0.431 0.281 0.244 0.171 
5.750 794.390 -1.508 -1.306 -0.448 0.016 0.304 0.426 0.445 0.351 0.192 0.155 0.047 
6.000 10.050 0.316 1.099 1.878 2.287 2.678 2.886 3.055 3.234 3.302 2.985 2.680 
6.000 10.080 0.314 1.097 1.877 2.287 2.678 2.885 3.055 3.232 3.300 2.982 2.678 
6.000 10.120 0.312 1.096 1.875 2.286 2.678 2.885 3.054 3.230 3.298 2.979 2.676 
6.000 10.200 0.311 1.094 1.874 2.286 2.678 2.885 3.053 3.227 3.296 2.975 2.674 
6.000 10.310 0.299 1.082 1.863 2.277 2.670 2.876 3.042 3.213 3.281 2.962 2.659 
6.000 10.490 0.281 1.064 1.846 2.263 2.656 2.861 3.024 3.191 3.259 2.942 2.635 
6.000 10.760 0.263 1.046 1.829 2.249 2.642 2.847 3.007 3.170 3.237 2.923 2.611 
6.000 11.180 0.240 1.020 1.803 2.226 2.618 2.823 2.980 3.139 3.205 2.894 2.577 
6.000 11.820 0.212 0.968 1.749 2.173 2.565 2.768 2.925 3.080 3.147 2.839 2.511 
6.000 12.770 0.191 0.916 1.694 2.120 2.511 2.713 2.869 3.021 3.087 2.784 2.446 
6.000 14.140 0.168 0.863 1.639 2.067 2.457 2.657 2.812 2.962 3.027 2.728 2.379 
6.000 16.080 0.123 0.789 1.557 1.979 2.365 2.565 2.723 2.875 2.938 2.646 2.288 
6.000 18.740 0.075 0.710 1.469 1.885 2.267 2.467 2.629 2.782 2.843 2.559 2.191 
6.000 22.320 0.025 0.631 1.381 1.790 2.168 2.368 2.533 2.689 2.748 2.472 2.094 
6.000 27.040 -0.035 0.542 1.281 1.682 2.055 2.257 2.426 2.584 2.639 2.373 1.988 
6.000 33.160 -0.107 0.444 1.168 1.560 1.926 2.134 2.307 2.466 2.515 2.262 1.872 
6.000 41.050 -0.181 0.344 1.054 1.436 1.796 2.009 2.186 2.346 2.390 2.150 1.754 
6.000 51.110 -0.256 0.242 0.938 1.313 1.667 1.884 2.065 2.225 2.262 2.035 1.636 
6.000 63.890 -0.327 0.145 0.834 1.210 1.558 1.779 1.954 2.106 2.130 1.918 1.531 
6.000 80.060 -0.402 0.045 0.727 1.105 1.446 1.670 1.839 1.984 1.994 1.798 1.422 
6.000 100.500 -0.480 -0.060 0.615 0.995 1.330 1.557 1.721 1.857 1.854 1.674 1.309 
6.000 126.290 -0.543 -0.147 0.534 0.919 1.246 1.464 1.611 1.725 1.701 1.540 1.213 
6.000 158.810 -0.607 -0.235 0.457 0.849 1.165 1.369 1.496 1.581 1.535 1.394 1.114 
6.000 199.780 -0.671 -0.323 0.380 0.779 1.085 1.275 1.381 1.438 1.370 1.249 1.016 
6.000 251.390 -0.740 -0.417 0.300 0.701 0.992 1.164 1.249 1.275 1.186 1.085 0.905 
6.000 316.390 -0.819 -0.521 0.211 0.607 0.876 1.020 1.081 1.075 0.968 0.888 0.770 
6.000 398.240 -0.900 -0.626 0.122 0.513 0.759 0.877 0.913 0.874 0.750 0.690 0.634 
6.000 501.290 -0.980 -0.730 0.033 0.419 0.643 0.733 0.745 0.673 0.532 0.492 0.499 
6.000 631.040 -1.080 -0.855 -0.063 0.336 0.569 0.661 0.672 0.593 0.443 0.404 0.382 
6.000 794.390 -1.181 -0.980 -0.160 0.254 0.496 0.591 0.602 0.518 0.360 0.321 0.266 
6.250 10.050 0.600 1.323 2.050 2.424 2.783 2.975 3.134 3.298 3.361 3.041 2.783 
6.250 10.080 0.599 1.322 2.049 2.424 2.783 2.975 3.134 3.297 3.360 3.040 2.782 
6.250 10.120 0.598 1.321 2.048 2.424 2.783 2.975 3.133 3.295 3.359 3.038 2.781 
6.250 10.200 0.597 1.320 2.047 2.423 2.783 2.974 3.132 3.294 3.357 3.036 2.780 
6.250 10.310 0.590 1.313 2.042 2.419 2.779 2.970 3.126 3.286 3.349 3.028 2.771 
6.250 10.490 0.580 1.303 2.032 2.412 2.772 2.963 3.117 3.275 3.338 3.015 2.757 
6.250 10.760 0.569 1.292 2.023 2.405 2.766 2.955 3.108 3.263 3.325 3.002 2.743 
6.250 11.180 0.549 1.272 2.003 2.388 2.748 2.937 3.088 3.241 3.303 2.981 2.717 
6.250 11.820 0.499 1.222 1.953 2.339 2.699 2.886 3.036 3.186 3.248 2.930 2.655 
6.250 12.770 0.477 1.172 1.902 2.290 2.648 2.835 2.983 3.131 3.192 2.880 2.593 
6.250 14.140 0.457 1.121 1.850 2.240 2.598 2.783 2.930 3.075 3.136 2.829 2.531 
6.250 16.080 0.412 1.043 1.766 2.151 2.506 2.691 2.840 2.986 3.045 2.747 2.437 
6.250 18.740 0.359 0.960 1.675 2.055 2.406 2.592 2.744 2.890 2.948 2.659 2.338 
6.250 22.320 0.303 0.876 1.584 1.958 2.306 2.491 2.647 2.794 2.850 2.570 2.238 
6.250 27.040 0.238 0.784 1.482 1.849 2.192 2.380 2.540 2.687 2.739 2.472 2.130 
6.250 33.160 0.165 0.683 1.368 1.726 2.064 2.255 2.420 2.567 2.615 2.363 2.014 
6.250 41.050 0.086 0.580 1.252 1.601 1.933 2.129 2.299 2.446 2.490 2.252 1.896 
6.250 51.110 0.006 0.477 1.136 1.477 1.803 2.003 2.176 2.323 2.362 2.138 1.777 
6.250 63.890 -0.070 0.378 1.031 1.372 1.692 1.894 2.063 2.203 2.230 2.023 1.672 
6.250 80.060 -0.149 0.275 0.922 1.264 1.577 1.782 1.947 2.079 2.095 1.904 1.563 
6.250 100.500 -0.234 0.169 0.809 1.152 1.458 1.666 1.826 1.952 1.956 1.781 1.449 
6.250 126.290 -0.300 0.081 0.727 1.076 1.372 1.570 1.714 1.820 1.806 1.649 1.353 
6.250 158.810 -0.366 -0.007 0.650 1.006 1.291 1.474 1.598 1.680 1.645 1.506 1.256 
6.250 199.780 -0.432 -0.095 0.573 0.935 1.209 1.378 1.482 1.539 1.483 1.362 1.159 
6.250 251.390 -0.503 -0.188 0.492 0.857 1.116 1.266 1.349 1.379 1.304 1.201 1.050 
6.250 316.390 -0.584 -0.291 0.405 0.764 1.001 1.123 1.182 1.182 1.092 1.007 0.917 
6.250 398.240 -0.667 -0.395 0.317 0.671 0.885 0.980 1.016 0.986 0.878 0.813 0.784 
6.250 501.290 -0.748 -0.498 0.229 0.578 0.770 0.838 0.849 0.789 0.665 0.619 0.651 
6.250 631.040 -0.842 -0.615 0.140 0.501 0.700 0.769 0.779 0.713 0.582 0.535 0.539 
6.250 794.390 -0.938 -0.732 0.051 0.425 0.632 0.704 0.713 0.643 0.503 0.457 0.429 
6.500 10.050 0.883 1.547 2.222 2.562 2.889 3.064 3.213 3.362 3.419 3.097 2.886 
6.500 10.080 0.883 1.546 2.221 2.562 2.888 3.064 3.212 3.361 3.419 3.097 2.886 
6.500 10.120 0.882 1.546 2.221 2.561 2.888 3.064 3.212 3.361 3.419 3.097 2.886 
6.500 10.200 0.882 1.546 2.221 2.561 2.888 3.064 3.212 3.361 3.418 3.096 2.885 
6.500 10.310 0.880 1.544 2.220 2.561 2.888 3.064 3.211 3.360 3.417 3.093 2.883 
6.500 10.490 0.877 1.541 2.218 2.561 2.889 3.064 3.210 3.359 3.416 3.088 2.879 
6.500 10.760 0.874 1.538 2.216 2.561 2.889 3.064 3.209 3.357 3.414 3.082 2.875 
6.500 11.180 0.860 1.524 2.204 2.550 2.879 3.053 3.196 3.344 3.400 3.067 2.858 
6.500 11.820 0.812 1.476 2.157 2.505 2.832 3.005 3.147 3.292 3.349 3.022 2.800 
6.500 12.770 0.764 1.428 2.109 2.459 2.786 2.957 3.097 3.241 3.297 2.976 2.741 
6.500 14.140 0.738 1.379 2.061 2.413 2.739 2.909 3.047 3.189 3.244 2.930 2.682 
6.500 16.080 0.691 1.298 1.975 2.323 2.646 2.817 2.957 3.097 3.152 2.848 2.587 
6.500 18.740 0.635 1.210 1.881 2.225 2.546 2.716 2.860 2.999 3.052 2.759 2.485 
6.500 22.320 0.575 1.122 1.787 2.126 2.444 2.615 2.762 2.899 2.952 2.669 2.382 
6.500 27.040 0.507 1.026 1.683 2.015 2.330 2.502 2.653 2.790 2.840 2.571 2.272 
6.500 33.160 0.428 0.923 1.567 1.891 2.200 2.376 2.533 2.668 2.715 2.463 2.156 
6.500 41.050 0.347 0.817 1.451 1.766 2.069 2.249 2.411 2.545 2.590 2.354 2.038 
6.500 51.110 0.261 0.711 1.333 1.640 1.938 2.121 2.288 2.421 2.461 2.242 1.919 
6.500 63.890 0.182 0.610 1.227 1.534 1.825 2.009 2.173 2.300 2.330 2.128 1.813 
6.500 80.060 0.096 0.506 1.116 1.424 1.708 1.894 2.054 2.175 2.196 2.010 1.703 
6.500 100.500 0.010 0.397 1.002 1.310 1.587 1.774 1.930 2.046 2.057 1.888 1.589 
6.500 126.290 -0.059 0.310 0.920 1.233 1.499 1.676 1.817 1.916 1.911 1.758 1.494 
6.500 158.810 -0.127 0.222 0.843 1.162 1.417 1.579 1.701 1.778 1.754 1.617 1.398 
6.500 199.780 -0.196 0.134 0.766 1.091 1.334 1.481 1.584 1.640 1.597 1.475 1.302 
6.500 251.390 -0.272 0.041 0.685 1.012 1.241 1.368 1.450 1.483 1.423 1.318 1.194 
6.500 316.390 -0.355 -0.061 0.599 0.920 1.126 1.226 1.284 1.290 1.215 1.127 1.063 
6.500 398.240 -0.438 -0.164 0.512 0.828 1.011 1.084 1.118 1.097 1.007 0.936 0.933 
6.500 501.290 -0.522 -0.266 0.425 0.736 0.896 0.942 0.952 0.904 0.799 0.745 0.803 
6.500 631.040 -0.612 -0.374 0.343 0.665 0.831 0.877 0.886 0.833 0.720 0.666 0.697 
6.500 794.390 -0.702 -0.483 0.261 0.595 0.767 0.816 0.824 0.767 0.647 0.592 0.592 
6.750 10.050 1.120 1.732 2.359 2.674 2.980 3.145 3.282 3.423 3.471 3.139 2.977 
6.750 10.080 1.120 1.732 2.359 2.673 2.980 3.144 3.281 3.422 3.471 3.139 2.976 
6.750 10.120 1.120 1.732 2.358 2.673 2.980 3.144 3.281 3.422 3.470 3.139 2.976 
6.750 10.200 1.119 1.731 2.358 2.673 2.980 3.144 3.280 3.422 3.470 3.138 2.976 
6.750 10.310 1.118 1.730 2.357 2.673 2.980 3.143 3.280 3.421 3.469 3.136 2.974 
6.750 10.490 1.116 1.728 2.356 2.673 2.980 3.143 3.279 3.420 3.468 3.133 2.972 
6.750 10.760 1.114 1.726 2.355 2.672 2.980 3.143 3.278 3.419 3.467 3.129 2.969 
6.750 11.180 1.106 1.717 2.347 2.666 2.973 3.136 3.271 3.411 3.459 3.120 2.959 
6.750 11.820 1.078 1.690 2.320 2.640 2.948 3.109 3.243 3.382 3.429 3.092 2.925 
6.750 12.770 1.050 1.661 2.293 2.614 2.921 3.083 3.215 3.352 3.400 3.064 2.891 
6.750 14.140 1.021 1.633 2.265 2.588 2.895 3.056 3.187 3.322 3.369 3.036 2.856 
6.750 16.080 0.948 1.547 2.177 2.496 2.801 2.962 3.095 3.229 3.276 2.955 2.758 
6.750 18.740 0.891 1.452 2.078 2.394 2.696 2.857 2.993 3.126 3.173 2.864 2.649 
6.750 22.320 0.828 1.355 1.978 2.291 2.591 2.752 2.890 3.022 3.068 2.773 2.539 
6.750 27.040 0.751 1.252 1.868 2.175 2.472 2.634 2.776 2.907 2.952 2.673 2.424 
6.750 33.160 0.666 1.142 1.748 2.046 2.339 2.504 2.650 2.781 2.824 2.562 2.302 
6.750 41.050 0.575 1.030 1.626 1.916 2.204 2.371 2.523 2.652 2.693 2.450 2.179 
6.750 51.110 0.482 0.917 1.503 1.785 2.069 2.238 2.395 2.523 2.561 2.336 2.056 
6.750 63.890 0.397 0.812 1.393 1.673 1.950 2.120 2.273 2.398 2.428 2.222 1.947 
6.750 80.060 0.306 0.704 1.278 1.557 1.828 1.997 2.149 2.270 2.292 2.104 1.835 
6.750 100.500 0.213 0.592 1.160 1.438 1.701 1.871 2.020 2.138 2.152 1.982 1.719 
6.750 126.290 0.141 0.504 1.076 1.356 1.608 1.769 1.906 2.010 2.009 1.854 1.623 
6.750 158.810 0.072 0.417 0.997 1.282 1.521 1.668 1.789 1.875 1.857 1.717 1.527 
6.750 199.780 -0.000 0.330 0.917 1.208 1.434 1.567 1.671 1.740 1.705 1.580 1.431 
6.750 251.390 -0.075 0.238 0.836 1.128 1.337 1.452 1.538 1.587 1.535 1.426 1.325 
6.750 316.390 -0.161 0.137 0.749 1.036 1.220 1.310 1.374 1.398 1.332 1.240 1.196 
6.750 398.240 -0.244 0.036 0.662 0.944 1.104 1.168 1.210 1.210 1.129 1.054 1.068 
6.750 501.290 -0.330 -0.065 0.575 0.851 0.988 1.027 1.047 1.021 0.926 0.867 0.939 
6.750 631.040 -0.416 -0.166 0.498 0.785 0.926 0.965 0.984 0.955 0.852 0.793 0.839 
6.750 794.390 -0.501 -0.267 0.422 0.719 0.866 0.906 0.925 0.893 0.783 0.724 0.739 
7.000 10.050 1.354 1.918 2.496 2.786 3.073 3.225 3.351 3.484 3.522 3.181 3.067 
7.000 10.080 1.354 1.918 2.495 2.785 3.072 3.224 3.350 3.483 3.522 3.181 3.067 
7.000 10.120 1.353 1.917 2.495 2.785 3.072 3.224 3.350 3.483 3.522 3.181 3.067 
7.000 10.200 1.353 1.917 2.495 2.785 3.072 3.224 3.349 3.483 3.521 3.180 3.066 
7.000 10.310 1.352 1.916 2.494 2.784 3.071 3.223 3.349 3.482 3.521 3.179 3.065 
7.000 10.490 1.351 1.915 2.494 2.784 3.071 3.222 3.348 3.482 3.520 3.178 3.064 
7.000 10.760 1.350 1.914 2.493 2.784 3.070 3.221 3.348 3.481 3.519 3.176 3.063 
7.000 11.180 1.347 1.911 2.491 2.782 3.069 3.220 3.345 3.478 3.517 3.172 3.059 
7.000 11.820 1.339 1.903 2.484 2.776 3.063 3.214 3.339 3.471 3.510 3.162 3.050 
7.000 12.770 1.331 1.895 2.477 2.769 3.057 3.208 3.333 3.464 3.502 3.152 3.041 
7.000 14.140 1.323 1.887 2.470 2.762 3.050 3.202 3.326 3.456 3.494 3.142 3.030 
7.000 16.080 1.233 1.797 2.379 2.670 2.956 3.108 3.233 3.362 3.401 3.062 2.930 
7.000 18.740 1.131 1.693 2.275 2.563 2.847 2.999 3.126 3.254 3.293 2.970 2.814 
7.000 22.320 1.066 1.589 2.169 2.456 2.737 2.889 3.018 3.144 3.185 2.877 2.697 
7.000 27.040 0.988 1.478 2.054 2.335 2.615 2.766 2.899 3.024 3.065 2.775 2.576 
7.000 33.160 0.896 1.361 1.929 2.202 2.478 2.631 2.768 2.893 2.932 2.662 2.449 
7.000 41.050 0.798 1.242 1.801 2.066 2.339 2.493 2.635 2.760 2.797 2.547 2.321 
7.000 51.110 0.698 1.122 1.673 1.930 2.200 2.355 2.501 2.625 2.661 2.430 2.192 
7.000 63.890 0.608 1.014 1.559 1.812 2.075 2.230 2.374 2.497 2.527 2.316 2.081 
7.000 80.060 0.512 0.903 1.441 1.691 1.947 2.100 2.245 2.366 2.389 2.198 1.967 
7.000 100.500 0.411 0.787 1.318 1.565 1.815 1.967 2.110 2.230 2.246 2.076 1.848 
7.000 126.290 0.338 0.699 1.231 1.480 1.717 1.861 1.994 2.103 2.107 1.951 1.752 
7.000 158.810 0.265 0.612 1.150 1.403 1.625 1.757 1.877 1.971 1.959 1.818 1.656 
7.000 199.780 0.192 0.526 1.069 1.326 1.533 1.653 1.759 1.840 1.812 1.684 1.561 
7.000 251.390 0.115 0.435 0.986 1.243 1.433 1.536 1.627 1.690 1.648 1.535 1.455 
7.000 316.390 0.029 0.336 0.899 1.151 1.315 1.395 1.465 1.506 1.450 1.353 1.329 
7.000 398.240 -0.057 0.236 0.812 1.059 1.198 1.253 1.303 1.322 1.252 1.171 1.203 
7.000 501.290 -0.144 0.137 0.725 0.967 1.080 1.111 1.141 1.138 1.053 0.990 1.076 
7.000 631.040 -0.225 0.043 0.654 0.904 1.021 1.052 1.082 1.076 0.984 0.920 0.980 
7.000 794.390 -0.306 -0.051 0.583 0.842 0.965 0.997 1.027 1.018 0.920 0.855 0.886 
7.250 10.050 1.541 2.064 2.600 2.872 3.150 3.294 3.416 3.548 3.585 3.223 3.145 
7.250 10.080 1.541 2.064 2.600 2.872 3.149 3.294 3.416 3.548 3.585 3.223 3.145 
7.250 10.120 1.541 2.063 2.599 2.872 3.149 3.294 3.416 3.548 3.585 3.223 3.144 
7.250 10.200 1.541 2.063 2.599 2.871 3.149 3.293 3.415 3.547 3.584 3.222 3.144 
7.250 10.310 1.540 2.062 2.598 2.871 3.148 3.292 3.415 3.547 3.584 3.221 3.143 
7.250 10.490 1.539 2.061 2.598 2.870 3.148 3.292 3.414 3.546 3.583 3.221 3.142 
7.250 10.760 1.538 2.061 2.597 2.870 3.147 3.291 3.413 3.545 3.582 3.219 3.141 
7.250 11.180 1.536 2.058 2.595 2.868 3.146 3.290 3.412 3.544 3.580 3.216 3.139 
7.250 11.820 1.531 2.053 2.591 2.865 3.143 3.287 3.409 3.539 3.575 3.208 3.133 
7.250 12.770 1.526 2.048 2.587 2.862 3.140 3.284 3.405 3.534 3.570 3.199 3.126 
7.250 14.140 1.519 2.042 2.582 2.858 3.136 3.281 3.401 3.529 3.564 3.189 3.120 
7.250 16.080 1.456 1.978 2.519 2.793 3.071 3.215 3.337 3.463 3.499 3.134 3.049 
7.250 18.740 1.382 1.904 2.446 2.718 2.995 3.139 3.262 3.387 3.424 3.072 2.967 
7.250 22.320 1.308 1.830 2.372 2.642 2.917 3.062 3.186 3.310 3.348 3.008 2.885 
7.250 27.040 1.233 1.726 2.265 2.531 2.804 2.948 3.075 3.198 3.236 2.915 2.773 
7.250 33.160 1.130 1.590 2.123 2.381 2.652 2.796 2.926 3.050 3.086 2.789 2.629 
7.250 41.050 1.014 1.452 1.979 2.229 2.497 2.643 2.775 2.899 2.934 2.662 2.483 
7.250 51.110 0.895 1.314 1.835 2.079 2.343 2.489 2.625 2.748 2.781 2.534 2.338 
7.250 63.890 0.794 1.198 1.711 1.950 2.209 2.355 2.490 2.613 2.640 2.415 2.220 
7.250 80.060 0.688 1.079 1.584 1.818 2.072 2.217 2.351 2.474 2.496 2.293 2.098 
7.250 100.500 0.577 0.955 1.453 1.682 1.930 2.075 2.209 2.332 2.348 2.167 1.972 
7.250 126.290 0.499 0.865 1.361 1.590 1.826 1.965 2.091 2.205 2.209 2.045 1.874 
7.250 158.810 0.425 0.779 1.277 1.507 1.728 1.859 1.975 2.077 2.066 1.916 1.779 
7.250 199.780 0.351 0.694 1.193 1.423 1.630 1.753 1.859 1.948 1.924 1.788 1.683 
7.250 251.390 0.272 0.605 1.107 1.336 1.525 1.635 1.729 1.802 1.763 1.643 1.578 
7.250 316.390 0.185 0.507 1.018 1.241 1.404 1.494 1.569 1.622 1.569 1.465 1.453 
7.250 398.240 0.098 0.409 0.930 1.146 1.284 1.352 1.410 1.441 1.374 1.288 1.328 
7.250 501.290 0.009 0.311 0.841 1.051 1.163 1.210 1.250 1.260 1.180 1.111 1.203 
7.250 631.040 -0.068 0.224 0.774 0.991 1.107 1.155 1.195 1.202 1.115 1.046 1.111 
7.250 794.390 -0.144 0.137 0.707 0.933 1.054 1.103 1.144 1.149 1.056 0.985 1.021 
7.500 10.050 1.724 2.210 2.704 2.959 3.226 3.363 3.482 3.613 3.648 3.265 3.222 
7.500 10.080 1.724 2.209 2.703 2.959 3.226 3.363 3.481 3.613 3.648 3.265 3.222 
7.500 10.120 1.724 2.209 2.703 2.958 3.226 3.363 3.481 3.612 3.648 3.265 3.222 
7.500 10.200 1.723 2.209 2.703 2.958 3.226 3.363 3.481 3.612 3.647 3.264 3.221 
7.500 10.310 1.723 2.208 2.702 2.957 3.225 3.362 3.480 3.611 3.647 3.264 3.221 
7.500 10.490 1.722 2.208 2.702 2.957 3.224 3.361 3.479 3.611 3.646 3.263 3.220 
7.500 10.760 1.721 2.207 2.701 2.956 3.224 3.361 3.479 3.610 3.645 3.262 3.219 
7.500 11.180 1.720 2.205 2.700 2.955 3.223 3.360 3.478 3.609 3.644 3.260 3.218 
7.500 11.820 1.717 2.203 2.698 2.955 3.223 3.360 3.478 3.607 3.641 3.253 3.215 
7.500 12.770 1.714 2.200 2.697 2.954 3.223 3.360 3.477 3.605 3.638 3.245 3.212 
7.500 14.140 1.711 2.197 2.695 2.953 3.222 3.359 3.476 3.603 3.635 3.237 3.208 
7.500 16.080 1.674 2.159 2.659 2.916 3.185 3.322 3.440 3.565 3.598 3.207 3.168 
7.500 18.740 1.630 2.116 2.617 2.873 3.142 3.279 3.397 3.520 3.555 3.173 3.121 
7.500 22.320 1.585 2.071 2.574 2.829 3.097 3.235 3.353 3.475 3.511 3.138 3.073 
7.500 27.040 1.488 1.974 2.475 2.726 2.994 3.131 3.251 3.372 3.408 3.054 2.971 
7.500 33.160 1.345 1.818 2.317 2.561 2.825 2.962 3.084 3.206 3.240 2.916 2.809 
7.500 41.050 1.222 1.662 2.156 2.393 2.655 2.792 2.916 3.038 3.070 2.777 2.645 
7.500 51.110 1.087 1.507 1.997 2.227 2.486 2.623 2.748 2.872 2.901 2.637 2.484 
7.500 63.890 0.977 1.382 1.864 2.088 2.343 2.480 2.605 2.729 2.754 2.514 2.358 
7.500 80.060 0.861 1.255 1.728 1.946 2.196 2.333 2.458 2.583 2.603 2.388 2.229 
7.500 100.500 0.739 1.123 1.588 1.799 2.045 2.182 2.307 2.433 2.449 2.258 2.096 
7.500 126.290 0.657 1.031 1.492 1.699 1.934 2.068 2.188 2.307 2.312 2.138 1.996 
7.500 158.810 0.581 0.947 1.404 1.610 1.830 1.961 2.074 2.182 2.173 2.015 1.901 
7.500 199.780 0.505 0.862 1.317 1.521 1.727 1.853 1.960 2.057 2.035 1.891 1.805 
7.500 251.390 0.425 0.774 1.228 1.429 1.617 1.734 1.831 1.914 1.878 1.751 1.700 
7.500 316.390 0.336 0.678 1.138 1.331 1.493 1.593 1.674 1.737 1.688 1.578 1.577 
7.500 398.240 0.247 0.582 1.048 1.233 1.370 1.451 1.517 1.559 1.497 1.405 1.453 
7.500 501.290 0.158 0.486 0.958 1.136 1.247 1.309 1.360 1.382 1.306 1.232 1.329 
7.500 631.040 0.084 0.404 0.894 1.079 1.193 1.257 1.309 1.328 1.246 1.172 1.242 
7.500 794.390 0.011 0.324 0.831 1.023 1.143 1.209 1.262 1.280 1.191 1.116 1.157 
7.750 10.050 1.859 2.312 2.766 3.008 3.273 3.407 3.528 3.660 3.697 3.301 3.285 
7.750 10.080 1.859 2.312 2.766 3.008 3.273 3.407 3.528 3.660 3.697 3.301 3.285 
7.750 10.120 1.858 2.312 2.766 3.008 3.272 3.406 3.527 3.660 3.697 3.300 3.284 
7.750 10.200 1.858 2.311 2.765 3.007 3.272 3.406 3.527 3.659 3.696 3.300 3.284 
7.750 10.310 1.857 2.311 2.765 3.007 3.272 3.405 3.527 3.659 3.696 3.299 3.283 
7.750 10.490 1.857 2.310 2.764 3.006 3.271 3.405 3.526 3.658 3.695 3.299 3.283 
7.750 10.760 1.856 2.309 2.763 3.005 3.270 3.404 3.525 3.657 3.694 3.298 3.282 
7.750 11.180 1.855 2.308 2.762 3.004 3.269 3.403 3.524 3.656 3.693 3.296 3.281 
7.750 11.820 1.853 2.306 2.761 3.003 3.269 3.403 3.523 3.655 3.691 3.292 3.279 
7.750 12.770 1.850 2.304 2.759 3.002 3.268 3.402 3.522 3.653 3.689 3.287 3.276 
7.750 14.140 1.848 2.301 2.757 3.001 3.266 3.400 3.521 3.651 3.686 3.282 3.274 
7.750 16.080 1.827 2.281 2.738 2.982 3.248 3.382 3.502 3.630 3.665 3.263 3.252 
7.750 18.740 1.803 2.257 2.716 2.959 3.225 3.360 3.480 3.606 3.641 3.242 3.227 
7.750 22.320 1.778 2.232 2.692 2.935 3.202 3.337 3.457 3.580 3.617 3.220 3.201 
7.750 27.040 1.700 2.153 2.615 2.855 3.121 3.257 3.377 3.499 3.535 3.154 3.120 
7.750 33.160 1.564 2.018 2.479 2.715 2.978 3.113 3.235 3.357 3.392 3.040 2.979 
7.750 41.050 1.426 1.880 2.342 2.572 2.833 2.968 3.091 3.214 3.247 2.925 2.836 
7.750 51.110 1.314 1.739 2.201 2.426 2.684 2.819 2.943 3.066 3.098 2.805 2.691 
7.750 63.890 1.180 1.590 2.044 2.263 2.518 2.652 2.776 2.900 2.926 2.661 2.540 
7.750 80.060 1.036 1.436 1.883 2.096 2.348 2.482 2.605 2.730 2.750 2.514 2.386 
7.750 100.500 0.885 1.279 1.718 1.925 2.174 2.308 2.430 2.557 2.570 2.363 2.227 
7.750 126.290 0.793 1.180 1.611 1.815 2.055 2.187 2.305 2.425 2.428 2.242 2.120 
7.750 158.810 0.714 1.096 1.518 1.719 1.948 2.079 2.192 2.303 2.293 2.124 2.024 
7.750 199.780 0.635 1.011 1.426 1.624 1.843 1.970 2.078 2.180 2.158 2.007 1.928 
7.750 251.390 0.552 0.923 1.333 1.526 1.730 1.851 1.950 2.039 2.004 1.871 1.822 
7.750 316.390 0.461 0.828 1.240 1.425 1.605 1.708 1.793 1.862 1.814 1.700 1.699 
7.750 398.240 0.369 0.732 1.147 1.323 1.479 1.566 1.636 1.685 1.625 1.530 1.575 
7.750 501.290 0.279 0.636 1.054 1.222 1.354 1.423 1.480 1.508 1.435 1.359 1.451 
7.750 631.040 0.208 0.560 0.994 1.168 1.304 1.375 1.433 1.459 1.380 1.303 1.369 
7.750 794.390 0.137 0.485 0.935 1.116 1.258 1.331 1.390 1.416 1.330 1.252 1.288 
8.000 10.050 1.988 2.415 2.829 3.058 3.320 3.451 3.575 3.708 3.746 3.336 3.347 
8.000 10.080 1.987 2.414 2.829 3.058 3.319 3.450 3.574 3.708 3.746 3.336 3.347 
8.000 10.120 1.987 2.414 2.828 3.057 3.319 3.450 3.574 3.707 3.746 3.336 3.347 
8.000 10.200 1.987 2.414 2.828 3.057 3.319 3.450 3.574 3.707 3.745 3.335 3.346 
8.000 10.310 1.986 2.413 2.827 3.056 3.318 3.449 3.573 3.706 3.745 3.335 3.346 
8.000 10.490 1.986 2.413 2.827 3.056 3.317 3.448 3.572 3.706 3.744 3.334 3.345 
8.000 10.760 1.985 2.412 2.826 3.055 3.317 3.448 3.572 3.705 3.743 3.333 3.344 
8.000 11.180 1.984 2.411 2.825 3.054 3.316 3.446 3.570 3.704 3.742 3.332 3.343 
8.000 11.820 1.982 2.409 2.823 3.052 3.314 3.445 3.569 3.702 3.741 3.331 3.342 
8.000 12.770 1.981 2.408 2.822 3.051 3.313 3.444 3.568 3.701 3.739 3.329 3.340 
8.000 14.140 1.979 2.406 2.820 3.049 3.310 3.442 3.566 3.699 3.737 3.327 3.338 
8.000 16.080 1.975 2.402 2.817 3.047 3.310 3.442 3.565 3.695 3.733 3.320 3.336 
8.000 18.740 1.971 2.398 2.814 3.045 3.309 3.441 3.564 3.691 3.728 3.311 3.333 
8.000 22.320 1.966 2.392 2.811 3.041 3.307 3.440 3.562 3.685 3.722 3.301 3.329 
8.000 27.040 1.907 2.334 2.755 2.984 3.249 3.383 3.504 3.626 3.663 3.253 3.270 
8.000 33.160 1.790 2.217 2.642 2.869 3.130 3.264 3.386 3.508 3.544 3.164 3.149 
8.000 41.050 1.671 2.098 2.528 2.751 3.010 3.144 3.266 3.389 3.424 3.072 3.027 
8.000 51.110 1.545 1.972 2.406 2.625 2.882 3.015 3.138 3.261 3.295 2.972 2.898 
8.000 63.890 1.381 1.797 2.223 2.438 2.692 2.825 2.947 3.071 3.098 2.808 2.722 
8.000 80.060 1.210 1.618 2.038 2.247 2.500 2.632 2.752 2.878 2.897 2.640 2.543 
8.000 100.500 1.031 1.435 1.848 2.051 2.303 2.434 2.553 2.680 2.692 2.469 2.359 
8.000 126.290 0.928 1.329 1.730 1.930 2.175 2.306 2.422 2.544 2.545 2.346 2.244 
8.000 158.810 0.846 1.245 1.633 1.828 2.067 2.197 2.309 2.423 2.413 2.234 2.147 
8.000 199.780 0.762 1.161 1.535 1.727 1.958 2.088 2.196 2.302 2.281 2.122 2.050 
8.000 251.390 0.677 1.072 1.438 1.624 1.843 1.967 2.068 2.163 2.129 1.991 1.944 
8.000 316.390 0.582 0.977 1.342 1.519 1.716 1.824 1.912 1.987 1.941 1.823 1.821 
8.000 398.240 0.488 0.882 1.246 1.413 1.589 1.680 1.756 1.811 1.752 1.654 1.697 
8.000 501.290 0.394 0.787 1.151 1.308 1.462 1.537 1.600 1.635 1.564 1.486 1.573 
8.000 631.040 0.326 0.716 1.094 1.257 1.416 1.493 1.557 1.590 1.513 1.435 1.495 
8.000 794.390 0.257 0.647 1.038 1.208 1.373 1.454 1.519 1.551 1.468 1.388 1.419 
