CanadaSHM5_AA13_stablecrust_central , distance is rhypo. Log10 ground motion values in cgs units
          15 30 11 : nmag, ndist, nperiod
          10.000 5.000 2.000 1.000 0.500 0.300 0.200 0.100 0.050 PGA PGV 
          0.620 0.620 0.620 0.620 0.580 0.540 0.530 0.530 0.530 0.530 0.620
4.500 10.050 -1.686 -0.345 0.725 1.414 2.024 2.286 2.499 2.695 2.685 2.373 1.973 
4.500 10.080 -1.694 -0.351 0.718 1.408 2.017 2.280 2.491 2.687 2.677 2.369 1.964 
4.500 10.120 -1.698 -0.357 0.712 1.401 2.011 2.273 2.484 2.679 2.668 2.366 1.956 
4.500 10.200 -1.694 -0.364 0.705 1.395 2.004 2.266 2.476 2.671 2.659 2.362 1.947 
4.500 10.310 -1.699 -0.378 0.690 1.381 1.990 2.253 2.461 2.655 2.643 2.352 1.929 
4.500 10.490 -1.693 -0.397 0.671 1.362 1.972 2.235 2.441 2.635 2.622 2.339 1.906 
4.500 10.760 -1.689 -0.415 0.651 1.343 1.954 2.217 2.420 2.615 2.601 2.326 1.882 
4.500 11.180 -1.690 -0.438 0.627 1.320 1.932 2.195 2.396 2.591 2.577 2.309 1.855 
4.500 11.820 -1.700 -0.476 0.589 1.286 1.899 2.161 2.358 2.555 2.541 2.281 1.812 
4.500 12.770 -1.716 -0.530 0.531 1.228 1.841 2.104 2.299 2.492 2.475 2.223 1.746 
4.500 14.140 -1.734 -0.585 0.470 1.166 1.779 2.043 2.237 2.425 2.404 2.160 1.675 
4.500 16.080 -1.783 -0.675 0.374 1.069 1.682 1.946 2.136 2.318 2.289 2.056 1.566 
4.500 18.740 -1.837 -0.770 0.273 0.966 1.579 1.843 2.030 2.205 2.167 1.944 1.450 
4.500 22.320 -1.892 -0.865 0.172 0.864 1.476 1.740 1.923 2.091 2.044 1.833 1.334 
4.500 27.040 -1.958 -0.973 0.057 0.747 1.357 1.621 1.799 1.960 1.902 1.703 1.202 
4.500 33.160 -2.040 -1.095 -0.072 0.614 1.222 1.484 1.657 1.809 1.739 1.552 1.053 
4.500 41.050 -2.120 -1.218 -0.202 0.482 1.087 1.348 1.516 1.658 1.576 1.401 0.904 
4.500 51.110 -2.198 -1.338 -0.329 0.351 0.953 1.213 1.375 1.509 1.414 1.252 0.757 
4.500 63.890 -2.258 -1.437 -0.436 0.239 0.835 1.092 1.249 1.375 1.266 1.116 0.628 
4.500 80.060 -2.315 -1.536 -0.543 0.127 0.718 0.971 1.122 1.240 1.119 0.981 0.499 
4.500 100.500 -2.371 -1.634 -0.650 0.015 0.600 0.850 0.996 1.105 0.971 0.845 0.371 
4.500 126.290 -2.430 -1.733 -0.754 -0.098 0.477 0.719 0.855 0.945 0.797 0.688 0.234 
4.500 158.810 -2.487 -1.832 -0.858 -0.211 0.354 0.585 0.710 0.777 0.613 0.522 0.094 
4.500 199.780 -2.544 -1.931 -0.961 -0.324 0.230 0.450 0.564 0.608 0.429 0.356 -0.046 
4.500 251.390 -2.610 -2.038 -1.071 -0.444 0.095 0.301 0.401 0.418 0.223 0.170 -0.199 
4.500 316.390 -2.692 -2.161 -1.191 -0.580 -0.062 0.123 0.203 0.188 -0.025 -0.056 -0.376 
4.500 398.240 -2.775 -2.285 -1.312 -0.715 -0.218 -0.055 0.006 -0.042 -0.272 -0.281 -0.552 
4.500 501.290 -2.857 -2.408 -1.433 -0.850 -0.375 -0.233 -0.192 -0.273 -0.519 -0.507 -0.729 
4.500 631.040 -3.020 -2.612 -1.602 -0.999 -0.505 -0.356 -0.311 -0.395 -0.652 -0.640 -0.908 
4.500 794.390 -3.186 -2.820 -1.773 -1.148 -0.635 -0.476 -0.427 -0.513 -0.780 -0.768 -1.088 
4.750 10.050 -1.315 -0.073 0.938 1.579 2.142 2.385 2.578 2.741 2.721 2.414 2.074 
4.750 10.080 -1.321 -0.078 0.933 1.574 2.136 2.379 2.572 2.735 2.714 2.411 2.067 
4.750 10.120 -1.327 -0.083 0.927 1.568 2.130 2.374 2.566 2.728 2.706 2.408 2.060 
4.750 10.200 -1.324 -0.089 0.922 1.563 2.125 2.368 2.559 2.721 2.699 2.404 2.053 
4.750 10.310 -1.328 -0.102 0.908 1.550 2.112 2.355 2.545 2.706 2.684 2.396 2.036 
4.750 10.490 -1.326 -0.120 0.888 1.531 2.094 2.337 2.525 2.687 2.664 2.383 2.013 
4.750 10.760 -1.321 -0.139 0.869 1.513 2.076 2.320 2.505 2.667 2.644 2.371 1.991 
4.750 11.180 -1.322 -0.162 0.845 1.491 2.054 2.299 2.481 2.644 2.621 2.355 1.964 
4.750 11.820 -1.334 -0.199 0.809 1.457 2.022 2.266 2.445 2.610 2.587 2.329 1.923 
4.750 12.770 -1.339 -0.236 0.773 1.423 1.990 2.233 2.408 2.576 2.552 2.302 1.882 
4.750 14.140 -1.347 -0.275 0.733 1.387 1.955 2.197 2.369 2.538 2.514 2.271 1.839 
4.750 16.080 -1.396 -0.362 0.641 1.293 1.860 2.102 2.271 2.435 2.402 2.170 1.732 
4.750 18.740 -1.450 -0.455 0.542 1.193 1.760 2.002 2.168 2.324 2.284 2.063 1.620 
4.750 22.320 -1.503 -0.547 0.444 1.094 1.660 1.901 2.064 2.214 2.165 1.955 1.507 
4.750 27.040 -1.570 -0.652 0.333 0.981 1.544 1.786 1.944 2.087 2.028 1.830 1.380 
4.750 33.160 -1.651 -0.770 0.208 0.853 1.414 1.654 1.807 1.941 1.870 1.684 1.236 
4.750 41.050 -1.730 -0.889 0.083 0.725 1.283 1.522 1.670 1.796 1.712 1.539 1.092 
4.750 51.110 -1.807 -1.005 -0.040 0.599 1.154 1.391 1.535 1.652 1.556 1.395 0.951 
4.750 63.890 -1.864 -1.100 -0.142 0.491 1.041 1.274 1.412 1.522 1.413 1.265 0.827 
4.750 80.060 -1.921 -1.196 -0.245 0.383 0.927 1.157 1.290 1.392 1.270 1.134 0.703 
4.750 100.500 -1.978 -1.291 -0.348 0.275 0.814 1.040 1.167 1.261 1.128 1.004 0.580 
4.750 126.290 -2.035 -1.386 -0.448 0.167 0.696 0.914 1.031 1.107 0.959 0.852 0.448 
4.750 158.810 -2.092 -1.482 -0.547 0.058 0.577 0.784 0.891 0.944 0.781 0.692 0.315 
4.750 199.780 -2.149 -1.577 -0.647 -0.050 0.457 0.654 0.750 0.781 0.603 0.532 0.181 
4.750 251.390 -2.212 -1.680 -0.752 -0.166 0.327 0.509 0.592 0.598 0.404 0.353 0.035 
4.750 316.390 -2.294 -1.799 -0.868 -0.296 0.175 0.336 0.399 0.374 0.163 0.134 -0.136 
4.750 398.240 -2.374 -1.918 -0.984 -0.426 0.024 0.163 0.207 0.149 -0.077 -0.084 -0.306 
4.750 501.290 -2.455 -2.037 -1.100 -0.557 -0.128 -0.010 0.015 -0.075 -0.317 -0.302 -0.476 
4.750 631.040 -2.607 -2.228 -1.257 -0.695 -0.249 -0.125 -0.097 -0.190 -0.442 -0.428 -0.646 
4.750 794.390 -2.762 -2.422 -1.416 -0.833 -0.369 -0.237 -0.205 -0.300 -0.563 -0.549 -0.816 
5.000 10.050 -0.949 0.199 1.152 1.744 2.259 2.483 2.657 2.787 2.756 2.453 2.175 
5.000 10.080 -0.953 0.195 1.147 1.740 2.255 2.478 2.652 2.782 2.750 2.451 2.169 
5.000 10.120 -0.958 0.191 1.143 1.735 2.250 2.474 2.647 2.776 2.744 2.449 2.164 
5.000 10.200 -0.962 0.186 1.138 1.731 2.245 2.470 2.642 2.771 2.739 2.446 2.158 
5.000 10.310 -0.963 0.173 1.125 1.718 2.232 2.457 2.628 2.757 2.725 2.438 2.142 
5.000 10.490 -0.967 0.155 1.106 1.700 2.215 2.440 2.609 2.738 2.706 2.427 2.121 
5.000 10.760 -0.960 0.138 1.087 1.682 2.198 2.423 2.590 2.719 2.687 2.416 2.099 
5.000 11.180 -0.960 0.115 1.064 1.660 2.177 2.402 2.566 2.697 2.665 2.401 2.072 
5.000 11.820 -0.974 0.078 1.029 1.628 2.145 2.369 2.530 2.664 2.632 2.376 2.033 
5.000 12.770 -0.980 0.042 0.993 1.595 2.114 2.337 2.494 2.630 2.598 2.350 1.993 
5.000 14.140 -0.987 0.005 0.957 1.562 2.083 2.305 2.458 2.597 2.564 2.325 1.954 
5.000 16.080 -1.017 -0.052 0.903 1.513 2.035 2.254 2.403 2.547 2.511 2.281 1.895 
5.000 18.740 -1.069 -0.139 0.811 1.420 1.941 2.160 2.306 2.444 2.401 2.181 1.790 
5.000 22.320 -1.122 -0.229 0.716 1.324 1.844 2.063 2.205 2.337 2.286 2.077 1.681 
5.000 27.040 -1.189 -0.331 0.609 1.214 1.732 1.951 2.090 2.214 2.153 1.956 1.558 
5.000 33.160 -1.267 -0.445 0.488 1.091 1.606 1.823 1.957 2.074 2.000 1.816 1.420 
5.000 41.050 -1.344 -0.560 0.368 0.967 1.480 1.695 1.824 1.933 1.848 1.676 1.281 
5.000 51.110 -1.424 -0.672 0.250 0.846 1.355 1.568 1.693 1.794 1.697 1.538 1.145 
5.000 63.890 -1.477 -0.764 0.151 0.742 1.246 1.456 1.575 1.669 1.559 1.413 1.026 
5.000 80.060 -1.532 -0.856 0.053 0.638 1.137 1.343 1.457 1.543 1.422 1.288 0.907 
5.000 100.500 -1.590 -0.948 -0.046 0.535 1.027 1.230 1.339 1.418 1.285 1.162 0.789 
5.000 126.290 -1.645 -1.040 -0.142 0.431 0.914 1.109 1.207 1.269 1.122 1.017 0.664 
5.000 158.810 -1.700 -1.131 -0.237 0.327 0.799 0.983 1.072 1.112 0.950 0.863 0.536 
5.000 199.780 -1.755 -1.223 -0.332 0.224 0.685 0.858 0.936 0.955 0.777 0.709 0.408 
5.000 251.390 -1.822 -1.322 -0.433 0.113 0.559 0.718 0.783 0.777 0.585 0.536 0.268 
5.000 316.390 -1.900 -1.437 -0.544 -0.013 0.413 0.549 0.596 0.559 0.351 0.324 0.104 
5.000 398.240 -1.978 -1.552 -0.656 -0.138 0.266 0.381 0.409 0.341 0.118 0.113 -0.059 
5.000 501.290 -2.058 -1.666 -0.767 -0.263 0.120 0.213 0.222 0.124 -0.115 -0.098 -0.223 
5.000 631.040 -2.200 -1.844 -0.912 -0.391 0.007 0.106 0.118 0.016 -0.233 -0.216 -0.383 
5.000 794.390 -2.344 -2.024 -1.059 -0.518 -0.104 0.002 0.017 -0.087 -0.346 -0.330 -0.544 
5.250 10.050 -0.614 0.444 1.342 1.888 2.362 2.567 2.724 2.824 2.783 2.485 2.266 
5.250 10.080 -0.617 0.441 1.339 1.886 2.359 2.565 2.721 2.821 2.780 2.483 2.263 
5.250 10.120 -0.619 0.439 1.337 1.884 2.357 2.563 2.719 2.818 2.777 2.482 2.260 
5.250 10.200 -0.622 0.437 1.335 1.881 2.355 2.561 2.716 2.815 2.774 2.481 2.257 
5.250 10.310 -0.631 0.425 1.322 1.869 2.343 2.549 2.703 2.802 2.761 2.474 2.242 
5.250 10.490 -0.638 0.407 1.304 1.852 2.326 2.531 2.684 2.783 2.742 2.464 2.221 
5.250 10.760 -0.633 0.389 1.285 1.834 2.308 2.514 2.665 2.764 2.722 2.453 2.199 
5.250 11.180 -0.632 0.366 1.263 1.813 2.288 2.493 2.641 2.742 2.700 2.440 2.173 
5.250 11.820 -0.648 0.331 1.228 1.781 2.257 2.461 2.607 2.710 2.668 2.416 2.135 
5.250 12.770 -0.655 0.295 1.193 1.749 2.226 2.429 2.572 2.678 2.636 2.392 2.096 
5.250 14.140 -0.662 0.260 1.158 1.717 2.195 2.398 2.536 2.645 2.603 2.368 2.057 
5.250 16.080 -0.692 0.204 1.107 1.669 2.149 2.349 2.483 2.597 2.552 2.326 2.001 
5.250 18.740 -0.724 0.145 1.052 1.619 2.099 2.297 2.426 2.544 2.497 2.281 1.941 
5.250 22.320 -0.775 0.060 0.963 1.530 2.009 2.206 2.331 2.446 2.391 2.186 1.840 
5.250 27.040 -0.840 -0.039 0.859 1.424 1.901 2.097 2.219 2.327 2.262 2.069 1.721 
5.250 33.160 -0.917 -0.150 0.743 1.305 1.779 1.974 2.091 2.191 2.115 1.935 1.588 
5.250 41.050 -0.993 -0.260 0.627 1.186 1.657 1.850 1.963 2.056 1.968 1.800 1.454 
5.250 51.110 -1.069 -0.369 0.513 1.068 1.537 1.727 1.836 1.922 1.822 1.667 1.323 
5.250 63.890 -1.125 -0.458 0.418 0.969 1.432 1.619 1.722 1.801 1.689 1.547 1.209 
5.250 80.060 -1.180 -0.546 0.323 0.869 1.326 1.510 1.608 1.679 1.556 1.426 1.096 
5.250 100.500 -1.237 -0.635 0.228 0.769 1.221 1.401 1.494 1.558 1.424 1.306 0.982 
5.250 126.290 -1.291 -0.723 0.137 0.670 1.112 1.283 1.367 1.415 1.267 1.166 0.862 
5.250 158.810 -1.346 -0.811 0.046 0.571 1.002 1.162 1.236 1.263 1.101 1.018 0.740 
5.250 199.780 -1.401 -0.898 -0.044 0.471 0.892 1.042 1.105 1.112 0.935 0.871 0.618 
5.250 251.390 -1.463 -0.994 -0.140 0.365 0.771 0.906 0.956 0.939 0.749 0.704 0.484 
5.250 316.390 -1.541 -1.104 -0.247 0.245 0.629 0.743 0.775 0.728 0.522 0.499 0.327 
5.250 398.240 -1.618 -1.215 -0.354 0.125 0.488 0.579 0.593 0.517 0.297 0.295 0.170 
5.250 501.290 -1.697 -1.326 -0.461 0.004 0.346 0.416 0.412 0.305 0.070 0.091 0.013 
5.250 631.040 -1.829 -1.491 -0.595 -0.113 0.242 0.317 0.315 0.204 -0.041 -0.020 -0.139 
5.250 794.390 -1.964 -1.658 -0.730 -0.231 0.140 0.221 0.221 0.108 -0.147 -0.127 -0.290 
5.500 10.050 -0.285 0.688 1.532 2.032 2.465 2.652 2.791 2.860 2.809 2.516 2.356 
5.500 10.080 -0.285 0.688 1.531 2.032 2.464 2.652 2.791 2.860 2.809 2.516 2.356 
5.500 10.120 -0.285 0.688 1.531 2.032 2.464 2.652 2.790 2.860 2.809 2.516 2.356 
5.500 10.200 -0.285 0.688 1.531 2.032 2.464 2.652 2.790 2.860 2.809 2.516 2.356 
5.500 10.310 -0.298 0.676 1.520 2.021 2.453 2.641 2.778 2.848 2.797 2.510 2.342 
5.500 10.490 -0.312 0.658 1.501 2.003 2.436 2.623 2.759 2.828 2.777 2.500 2.321 
5.500 10.760 -0.318 0.640 1.483 1.986 2.419 2.605 2.739 2.809 2.758 2.491 2.299 
5.500 11.180 -0.314 0.618 1.461 1.965 2.398 2.584 2.717 2.787 2.735 2.478 2.274 
5.500 11.820 -0.328 0.583 1.427 1.934 2.368 2.553 2.683 2.756 2.704 2.455 2.236 
5.500 12.770 -0.337 0.549 1.393 1.903 2.337 2.522 2.649 2.724 2.673 2.433 2.199 
5.500 14.140 -0.343 0.514 1.359 1.872 2.306 2.491 2.615 2.693 2.642 2.411 2.161 
5.500 16.080 -0.373 0.460 1.309 1.826 2.261 2.443 2.562 2.646 2.593 2.371 2.106 
5.500 18.740 -0.405 0.402 1.257 1.777 2.214 2.393 2.507 2.596 2.540 2.328 2.049 
5.500 22.320 -0.439 0.344 1.203 1.728 2.166 2.342 2.451 2.545 2.486 2.285 1.991 
5.500 27.040 -0.497 0.254 1.110 1.633 2.069 2.244 2.349 2.439 2.372 2.182 1.884 
5.500 33.160 -0.573 0.146 0.998 1.519 1.952 2.124 2.225 2.309 2.230 2.053 1.756 
5.500 41.050 -0.647 0.039 0.885 1.404 1.835 2.005 2.101 2.178 2.088 1.924 1.628 
5.500 51.110 -0.722 -0.066 0.775 1.291 1.719 1.886 1.978 2.049 1.947 1.796 1.502 
5.500 63.890 -0.776 -0.151 0.685 1.195 1.618 1.781 1.869 1.932 1.819 1.681 1.393 
5.500 80.060 -0.832 -0.237 0.594 1.100 1.516 1.676 1.759 1.815 1.691 1.565 1.284 
5.500 100.500 -0.887 -0.322 0.503 1.004 1.415 1.571 1.649 1.699 1.563 1.450 1.175 
5.500 126.290 -0.941 -0.406 0.415 0.909 1.311 1.458 1.527 1.561 1.412 1.316 1.061 
5.500 158.810 -0.995 -0.490 0.329 0.814 1.205 1.342 1.400 1.415 1.252 1.174 0.945 
5.500 199.780 -1.049 -0.574 0.243 0.719 1.099 1.226 1.274 1.268 1.092 1.032 0.828 
5.500 251.390 -1.109 -0.665 0.152 0.617 0.983 1.095 1.130 1.102 0.912 0.871 0.700 
5.500 316.390 -1.187 -0.772 0.050 0.502 0.846 0.936 0.954 0.897 0.693 0.674 0.550 
5.500 398.240 -1.264 -0.878 -0.052 0.387 0.710 0.778 0.778 0.692 0.475 0.477 0.400 
5.500 501.290 -1.340 -0.985 -0.154 0.272 0.573 0.619 0.601 0.487 0.255 0.279 0.250 
5.500 631.040 -1.464 -1.138 -0.278 0.164 0.477 0.528 0.511 0.393 0.152 0.176 0.106 
5.500 794.390 -1.589 -1.292 -0.401 0.057 0.383 0.439 0.425 0.303 0.052 0.076 -0.037 
5.750 10.050 0.009 0.905 1.695 2.156 2.554 2.726 2.850 2.892 2.834 2.544 2.438 
5.750 10.080 0.008 0.904 1.695 2.156 2.554 2.725 2.850 2.891 2.834 2.544 2.438 
5.750 10.120 0.008 0.904 1.695 2.156 2.554 2.725 2.850 2.891 2.833 2.544 2.437 
5.750 10.200 0.008 0.904 1.695 2.156 2.554 2.725 2.850 2.891 2.833 2.544 2.437 
5.750 10.310 -0.001 0.895 1.686 2.147 2.545 2.716 2.840 2.882 2.824 2.539 2.427 
5.750 10.490 -0.017 0.881 1.672 2.133 2.531 2.702 2.825 2.866 2.808 2.532 2.410 
5.750 10.760 -0.026 0.867 1.657 2.119 2.517 2.688 2.809 2.851 2.792 2.525 2.393 
5.750 11.180 -0.027 0.848 1.638 2.101 2.500 2.670 2.789 2.832 2.773 2.515 2.371 
5.750 11.820 -0.037 0.813 1.604 2.070 2.469 2.638 2.755 2.801 2.742 2.494 2.333 
5.750 12.770 -0.050 0.778 1.570 2.039 2.438 2.606 2.721 2.769 2.712 2.472 2.296 
5.750 14.140 -0.056 0.743 1.536 2.007 2.407 2.574 2.687 2.738 2.681 2.451 2.258 
5.750 16.080 -0.086 0.689 1.487 1.962 2.362 2.527 2.635 2.692 2.632 2.413 2.204 
5.750 18.740 -0.119 0.631 1.434 1.914 2.315 2.477 2.580 2.642 2.580 2.371 2.148 
5.750 22.320 -0.153 0.574 1.382 1.865 2.267 2.427 2.524 2.592 2.527 2.329 2.091 
5.750 27.040 -0.194 0.511 1.324 1.812 2.214 2.370 2.461 2.536 2.467 2.280 2.028 
5.750 33.160 -0.269 0.408 1.217 1.703 2.102 2.256 2.343 2.412 2.332 2.158 1.907 
5.750 41.050 -0.345 0.302 1.108 1.590 1.987 2.138 2.221 2.285 2.194 2.033 1.782 
5.750 51.110 -0.420 0.200 1.000 1.480 1.874 2.022 2.101 2.158 2.056 1.908 1.659 
5.750 63.890 -0.476 0.116 0.912 1.387 1.775 1.919 1.994 2.045 1.931 1.796 1.553 
5.750 80.060 -0.532 0.032 0.823 1.294 1.677 1.817 1.886 1.931 1.806 1.684 1.447 
5.750 100.500 -0.588 -0.052 0.735 1.201 1.578 1.714 1.779 1.817 1.681 1.571 1.341 
5.750 126.290 -0.642 -0.134 0.650 1.109 1.476 1.604 1.660 1.683 1.535 1.441 1.231 
5.750 158.810 -0.697 -0.216 0.567 1.017 1.374 1.491 1.537 1.541 1.380 1.305 1.120 
5.750 199.780 -0.750 -0.297 0.483 0.925 1.271 1.378 1.414 1.399 1.225 1.168 1.008 
5.750 251.390 -0.812 -0.386 0.395 0.827 1.158 1.250 1.275 1.237 1.050 1.013 0.885 
5.750 316.390 -0.890 -0.490 0.296 0.715 1.025 1.095 1.102 1.037 0.837 0.821 0.740 
5.750 398.240 -0.965 -0.593 0.198 0.604 0.893 0.940 0.929 0.837 0.623 0.629 0.595 
5.750 501.290 -1.042 -0.696 0.099 0.492 0.760 0.786 0.757 0.637 0.410 0.438 0.450 
5.750 631.040 -1.157 -0.839 -0.015 0.392 0.670 0.700 0.672 0.549 0.311 0.339 0.314 
5.750 794.390 -1.274 -0.983 -0.129 0.293 0.583 0.617 0.592 0.465 0.218 0.246 0.179 
6.000 10.050 0.299 1.121 1.858 2.280 2.643 2.799 2.909 2.923 2.858 2.572 2.519 
6.000 10.080 0.299 1.121 1.858 2.280 2.643 2.799 2.909 2.923 2.858 2.572 2.519 
6.000 10.120 0.299 1.121 1.858 2.280 2.643 2.799 2.909 2.923 2.858 2.572 2.519 
6.000 10.200 0.299 1.121 1.858 2.280 2.643 2.799 2.909 2.923 2.858 2.572 2.519 
6.000 10.310 0.292 1.115 1.852 2.274 2.637 2.792 2.902 2.916 2.851 2.569 2.511 
6.000 10.490 0.281 1.104 1.842 2.263 2.626 2.782 2.890 2.904 2.839 2.565 2.499 
6.000 10.760 0.270 1.094 1.831 2.253 2.616 2.771 2.879 2.893 2.827 2.560 2.486 
6.000 11.180 0.256 1.078 1.815 2.238 2.601 2.755 2.862 2.876 2.810 2.552 2.468 
6.000 11.820 0.241 1.042 1.781 2.206 2.569 2.723 2.828 2.845 2.780 2.532 2.430 
6.000 12.770 0.233 1.007 1.747 2.175 2.538 2.690 2.793 2.814 2.750 2.511 2.393 
6.000 14.140 0.224 0.972 1.713 2.143 2.507 2.658 2.759 2.783 2.720 2.491 2.356 
6.000 16.080 0.193 0.918 1.664 2.098 2.462 2.611 2.707 2.737 2.671 2.454 2.302 
6.000 18.740 0.159 0.860 1.612 2.050 2.415 2.561 2.652 2.688 2.620 2.414 2.246 
6.000 22.320 0.124 0.803 1.560 2.002 2.368 2.511 2.597 2.639 2.568 2.373 2.190 
6.000 27.040 0.082 0.741 1.504 1.950 2.316 2.455 2.535 2.584 2.509 2.326 2.129 
6.000 33.160 0.028 0.669 1.437 1.887 2.253 2.387 2.460 2.515 2.435 2.264 2.057 
6.000 41.050 -0.048 0.566 1.330 1.777 2.140 2.272 2.341 2.391 2.300 2.141 1.935 
6.000 51.110 -0.123 0.465 1.225 1.669 2.029 2.158 2.224 2.268 2.166 2.020 1.815 
6.000 63.890 -0.179 0.382 1.139 1.579 1.933 2.057 2.119 2.157 2.044 1.911 1.713 
6.000 80.060 -0.236 0.300 1.053 1.488 1.837 1.957 2.014 2.046 1.922 1.802 1.610 
6.000 100.500 -0.292 0.218 0.967 1.398 1.741 1.857 1.909 1.935 1.800 1.693 1.507 
6.000 126.290 -0.349 0.138 0.885 1.309 1.642 1.750 1.793 1.805 1.658 1.568 1.402 
6.000 158.810 -0.402 0.059 0.804 1.220 1.543 1.639 1.674 1.667 1.507 1.436 1.295 
6.000 199.780 -0.458 -0.021 0.723 1.132 1.443 1.529 1.555 1.530 1.357 1.304 1.188 
6.000 251.390 -0.520 -0.107 0.638 1.037 1.334 1.405 1.419 1.372 1.187 1.154 1.070 
6.000 316.390 -0.595 -0.207 0.543 0.928 1.205 1.254 1.250 1.178 0.980 0.968 0.930 
6.000 398.240 -0.671 -0.308 0.448 0.820 1.075 1.103 1.081 0.983 0.772 0.782 0.791 
6.000 501.290 -0.747 -0.408 0.352 0.712 0.946 0.952 0.912 0.788 0.564 0.596 0.651 
6.000 631.040 -0.855 -0.540 0.248 0.620 0.864 0.872 0.833 0.704 0.472 0.504 0.522 
6.000 794.390 -0.964 -0.674 0.142 0.529 0.783 0.796 0.758 0.626 0.384 0.416 0.395 
6.250 10.050 0.562 1.321 2.008 2.397 2.734 2.875 2.974 2.968 2.898 2.616 2.608 
6.250 10.080 0.562 1.321 2.008 2.397 2.734 2.875 2.974 2.968 2.898 2.616 2.608 
6.250 10.120 0.562 1.321 2.008 2.397 2.734 2.875 2.974 2.968 2.898 2.616 2.608 
6.250 10.200 0.562 1.321 2.008 2.397 2.734 2.875 2.974 2.968 2.898 2.616 2.608 
6.250 10.310 0.558 1.317 2.004 2.392 2.729 2.870 2.969 2.963 2.892 2.613 2.603 
6.250 10.490 0.551 1.311 1.997 2.385 2.722 2.863 2.961 2.954 2.884 2.608 2.594 
6.250 10.760 0.545 1.304 1.990 2.377 2.714 2.855 2.954 2.946 2.874 2.602 2.586 
6.250 11.180 0.529 1.288 1.973 2.360 2.697 2.838 2.935 2.927 2.855 2.589 2.566 
6.250 11.820 0.491 1.253 1.938 2.328 2.664 2.804 2.900 2.894 2.823 2.569 2.528 
6.250 12.770 0.482 1.219 1.905 2.297 2.633 2.772 2.867 2.863 2.793 2.551 2.491 
6.250 14.140 0.475 1.185 1.872 2.266 2.603 2.740 2.833 2.833 2.763 2.533 2.455 
6.250 16.080 0.446 1.129 1.822 2.220 2.556 2.691 2.779 2.785 2.714 2.496 2.401 
6.250 18.740 0.409 1.069 1.768 2.170 2.507 2.639 2.723 2.735 2.662 2.456 2.343 
6.250 22.320 0.371 1.010 1.714 2.121 2.458 2.587 2.666 2.685 2.609 2.416 2.285 
6.250 27.040 0.326 0.946 1.657 2.067 2.405 2.530 2.603 2.630 2.551 2.370 2.224 
6.250 33.160 0.276 0.877 1.595 2.011 2.348 2.468 2.534 2.569 2.485 2.316 2.159 
6.250 41.050 0.214 0.798 1.520 1.938 2.274 2.389 2.450 2.489 2.398 2.242 2.077 
6.250 51.110 0.136 0.697 1.415 1.830 2.163 2.275 2.332 2.366 2.265 2.123 1.957 
6.250 63.890 0.076 0.614 1.329 1.740 2.067 2.175 2.227 2.255 2.144 2.015 1.856 
6.250 80.060 0.017 0.531 1.243 1.649 1.971 2.074 2.122 2.145 2.022 1.906 1.754 
6.250 100.500 -0.044 0.448 1.157 1.559 1.875 1.974 2.017 2.034 1.901 1.798 1.652 
6.250 126.290 -0.102 0.368 1.076 1.471 1.778 1.868 1.903 1.907 1.762 1.676 1.549 
6.250 158.810 -0.159 0.290 0.998 1.385 1.681 1.760 1.787 1.772 1.615 1.548 1.446 
6.250 199.780 -0.214 0.212 0.919 1.298 1.584 1.652 1.670 1.638 1.469 1.420 1.342 
6.250 251.390 -0.277 0.127 0.836 1.205 1.476 1.530 1.536 1.484 1.303 1.273 1.228 
6.250 316.390 -0.354 0.029 0.743 1.099 1.349 1.381 1.369 1.293 1.099 1.091 1.092 
6.250 398.240 -0.432 -0.070 0.649 0.993 1.221 1.231 1.203 1.101 0.896 0.909 0.957 
6.250 501.290 -0.508 -0.169 0.556 0.887 1.094 1.082 1.036 0.909 0.692 0.727 0.821 
6.250 631.040 -0.610 -0.292 0.459 0.801 1.017 1.008 0.962 0.831 0.604 0.640 0.699 
6.250 794.390 -0.713 -0.417 0.361 0.717 0.942 0.936 0.892 0.757 0.521 0.557 0.577 
6.500 10.050 0.830 1.531 2.169 2.526 2.839 2.964 3.051 3.028 2.955 2.676 2.711 
6.500 10.080 0.830 1.531 2.169 2.526 2.839 2.964 3.051 3.028 2.955 2.676 2.711 
6.500 10.120 0.830 1.531 2.169 2.526 2.839 2.964 3.051 3.028 2.955 2.676 2.711 
6.500 10.200 0.830 1.531 2.169 2.526 2.839 2.964 3.051 3.028 2.955 2.676 2.711 
6.500 10.310 0.830 1.531 2.169 2.526 2.839 2.964 3.051 3.028 2.955 2.676 2.711 
6.500 10.490 0.830 1.531 2.169 2.526 2.839 2.964 3.051 3.028 2.955 2.676 2.711 
6.500 10.760 0.830 1.531 2.169 2.526 2.839 2.964 3.051 3.028 2.955 2.676 2.711 
6.500 11.180 0.820 1.520 2.158 2.516 2.827 2.953 3.040 3.017 2.943 2.668 2.699 
6.500 11.820 0.777 1.477 2.114 2.471 2.781 2.906 2.993 2.968 2.893 2.633 2.648 
6.500 12.770 0.734 1.434 2.069 2.426 2.735 2.860 2.946 2.920 2.844 2.599 2.597 
6.500 14.140 0.718 1.398 2.032 2.390 2.699 2.823 2.907 2.882 2.807 2.576 2.555 
6.500 16.080 0.688 1.340 1.980 2.341 2.650 2.772 2.852 2.833 2.757 2.539 2.499 
6.500 18.740 0.652 1.278 1.924 2.290 2.599 2.717 2.793 2.782 2.703 2.499 2.440 
6.500 22.320 0.612 1.216 1.868 2.239 2.548 2.663 2.734 2.731 2.650 2.459 2.380 
6.500 27.040 0.565 1.151 1.809 2.185 2.494 2.605 2.670 2.675 2.591 2.413 2.319 
6.500 33.160 0.511 1.082 1.748 2.128 2.436 2.541 2.601 2.614 2.526 2.360 2.253 
6.500 41.050 0.457 1.012 1.686 2.071 2.379 2.478 2.531 2.553 2.460 2.307 2.188 
6.500 51.110 0.390 0.929 1.606 1.991 2.297 2.392 2.441 2.464 2.364 2.225 2.099 
6.500 63.890 0.328 0.845 1.520 1.901 2.201 2.292 2.336 2.354 2.243 2.118 1.999 
6.500 80.060 0.262 0.761 1.434 1.810 2.106 2.191 2.231 2.244 2.123 2.011 1.898 
6.500 100.500 0.201 0.677 1.348 1.720 2.010 2.091 2.126 2.134 2.003 1.903 1.797 
6.500 126.290 0.140 0.599 1.268 1.634 1.914 1.986 2.014 2.008 1.866 1.784 1.696 
6.500 158.810 0.084 0.522 1.192 1.549 1.819 1.880 1.899 1.877 1.723 1.659 1.597 
6.500 199.780 0.026 0.446 1.115 1.465 1.724 1.774 1.784 1.746 1.580 1.535 1.497 
6.500 251.390 -0.040 0.362 1.033 1.374 1.618 1.654 1.653 1.596 1.418 1.392 1.386 
6.500 316.390 -0.118 0.265 0.942 1.270 1.493 1.507 1.489 1.408 1.219 1.214 1.254 
6.500 398.240 -0.195 0.168 0.851 1.166 1.367 1.360 1.325 1.219 1.019 1.036 1.122 
6.500 501.290 -0.274 0.071 0.760 1.063 1.242 1.213 1.161 1.031 0.820 0.859 0.991 
6.500 631.040 -0.371 -0.044 0.670 0.983 1.170 1.143 1.091 0.957 0.737 0.776 0.875 
6.500 794.390 -0.468 -0.160 0.580 0.905 1.101 1.076 1.026 0.888 0.658 0.698 0.759 
6.750 10.050 1.059 1.708 2.295 2.625 2.919 3.034 3.114 3.081 3.004 2.727 2.804 
6.750 10.080 1.059 1.708 2.295 2.625 2.919 3.034 3.114 3.081 3.004 2.727 2.804 
6.750 10.120 1.059 1.708 2.295 2.625 2.919 3.034 3.114 3.081 3.004 2.727 2.804 
6.750 10.200 1.059 1.708 2.295 2.625 2.919 3.034 3.114 3.081 3.004 2.727 2.804 
6.750 10.310 1.059 1.708 2.295 2.625 2.919 3.034 3.114 3.081 3.004 2.727 2.804 
6.750 10.490 1.059 1.708 2.295 2.625 2.919 3.034 3.114 3.081 3.004 2.727 2.804 
6.750 10.760 1.059 1.708 2.295 2.625 2.919 3.034 3.114 3.081 3.004 2.727 2.804 
6.750 11.180 1.053 1.702 2.289 2.619 2.912 3.028 3.107 3.074 2.998 2.722 2.797 
6.750 11.820 1.030 1.678 2.264 2.594 2.887 3.003 3.081 3.048 2.970 2.704 2.769 
6.750 12.770 1.006 1.654 2.239 2.569 2.861 2.977 3.055 3.021 2.943 2.685 2.740 
6.750 14.140 0.982 1.630 2.215 2.544 2.835 2.951 3.029 2.994 2.915 2.667 2.712 
6.750 16.080 0.910 1.546 2.129 2.457 2.746 2.861 2.937 2.900 2.817 2.586 2.616 
6.750 18.740 0.873 1.477 2.066 2.400 2.688 2.799 2.872 2.843 2.760 2.546 2.549 
6.750 22.320 0.832 1.409 2.005 2.343 2.631 2.739 2.807 2.787 2.703 2.506 2.484 
6.750 27.040 0.779 1.339 1.942 2.285 2.572 2.675 2.739 2.727 2.641 2.460 2.417 
6.750 33.160 0.723 1.266 1.878 2.225 2.512 2.609 2.667 2.664 2.574 2.407 2.350 
6.750 41.050 0.661 1.193 1.813 2.165 2.451 2.543 2.594 2.601 2.506 2.352 2.282 
6.750 51.110 0.601 1.121 1.751 2.106 2.392 2.477 2.522 2.538 2.438 2.299 2.216 
6.750 63.890 0.543 1.048 1.680 2.034 2.315 2.394 2.433 2.450 2.341 2.216 2.135 
6.750 80.060 0.474 0.961 1.592 1.942 2.217 2.291 2.326 2.338 2.219 2.108 2.032 
6.750 100.500 0.406 0.875 1.504 1.849 2.119 2.189 2.219 2.226 2.097 1.999 1.930 
6.750 126.290 0.344 0.796 1.425 1.764 2.024 2.085 2.108 2.103 1.962 1.882 1.832 
6.750 158.810 0.286 0.721 1.350 1.681 1.931 1.980 1.995 1.974 1.822 1.760 1.735 
6.750 199.780 0.225 0.645 1.275 1.599 1.837 1.876 1.882 1.846 1.683 1.639 1.638 
6.750 251.390 0.160 0.562 1.195 1.510 1.733 1.757 1.753 1.698 1.524 1.500 1.530 
6.750 316.390 0.079 0.467 1.105 1.408 1.610 1.612 1.591 1.514 1.329 1.326 1.402 
6.750 398.240 0.001 0.371 1.016 1.306 1.487 1.467 1.430 1.329 1.133 1.152 1.274 
6.750 501.290 -0.080 0.275 0.927 1.204 1.363 1.322 1.268 1.144 0.938 0.978 1.146 
6.750 631.040 -0.172 0.168 0.842 1.130 1.296 1.256 1.203 1.074 0.859 0.900 1.035 
6.750 794.390 -0.264 0.059 0.759 1.057 1.231 1.193 1.141 1.008 0.785 0.826 0.925 
7.000 10.050 1.284 1.885 2.420 2.723 2.999 3.105 3.176 3.133 3.054 2.777 2.896 
7.000 10.080 1.284 1.885 2.420 2.723 2.999 3.105 3.176 3.133 3.054 2.777 2.896 
7.000 10.120 1.284 1.885 2.420 2.723 2.999 3.105 3.176 3.133 3.054 2.777 2.896 
7.000 10.200 1.284 1.885 2.420 2.723 2.999 3.105 3.176 3.133 3.054 2.777 2.896 
7.000 10.310 1.284 1.885 2.420 2.723 2.999 3.105 3.176 3.133 3.054 2.777 2.896 
7.000 10.490 1.284 1.885 2.420 2.723 2.999 3.105 3.176 3.133 3.054 2.777 2.896 
7.000 10.760 1.284 1.885 2.420 2.723 2.999 3.105 3.176 3.133 3.054 2.777 2.896 
7.000 11.180 1.283 1.883 2.419 2.722 2.997 3.104 3.175 3.132 3.052 2.777 2.895 
7.000 11.820 1.278 1.879 2.414 2.717 2.992 3.099 3.169 3.127 3.047 2.774 2.890 
7.000 12.770 1.273 1.874 2.410 2.713 2.987 3.094 3.164 3.121 3.041 2.772 2.884 
7.000 14.140 1.269 1.869 2.405 2.708 2.981 3.089 3.159 3.116 3.036 2.769 2.879 
7.000 16.080 1.182 1.782 2.317 2.620 2.890 2.996 3.066 3.022 2.938 2.692 2.781 
7.000 18.740 1.083 1.682 2.216 2.518 2.785 2.889 2.958 2.914 2.826 2.602 2.667 
7.000 22.320 1.038 1.603 2.142 2.447 2.714 2.814 2.880 2.843 2.756 2.553 2.587 
7.000 27.040 0.986 1.527 2.075 2.385 2.650 2.746 2.808 2.779 2.691 2.507 2.516 
7.000 33.160 0.925 1.450 2.008 2.322 2.587 2.677 2.732 2.714 2.621 2.452 2.446 
7.000 41.050 0.860 1.373 1.941 2.259 2.524 2.607 2.656 2.649 2.551 2.397 2.376 
7.000 51.110 0.796 1.298 1.875 2.198 2.462 2.539 2.581 2.584 2.481 2.343 2.307 
7.000 63.890 0.748 1.241 1.826 2.151 2.412 2.481 2.516 2.527 2.419 2.294 2.254 
7.000 80.060 0.682 1.162 1.750 2.073 2.329 2.392 2.422 2.432 2.315 2.205 2.167 
7.000 100.500 0.607 1.073 1.661 1.979 2.229 2.286 2.313 2.319 2.191 2.095 2.064 
7.000 126.290 0.544 0.994 1.582 1.894 2.135 2.183 2.202 2.197 2.058 1.979 1.967 
7.000 158.810 0.482 0.919 1.508 1.813 2.043 2.080 2.091 2.071 1.922 1.861 1.873 
7.000 199.780 0.421 0.844 1.434 1.733 1.951 1.978 1.980 1.946 1.786 1.743 1.779 
7.000 251.390 0.353 0.763 1.356 1.645 1.849 1.861 1.853 1.801 1.631 1.608 1.675 
7.000 316.390 0.272 0.669 1.268 1.545 1.727 1.718 1.694 1.619 1.439 1.438 1.550 
7.000 398.240 0.192 0.574 1.181 1.445 1.606 1.574 1.535 1.438 1.247 1.268 1.426 
7.000 501.290 0.110 0.480 1.093 1.345 1.485 1.431 1.375 1.256 1.056 1.098 1.301 
7.000 631.040 0.022 0.379 1.015 1.276 1.422 1.368 1.314 1.190 0.981 1.025 1.196 
7.000 794.390 -0.066 0.279 0.937 1.208 1.361 1.310 1.256 1.129 0.911 0.955 1.092 
7.250 10.050 1.466 2.025 2.511 2.791 3.054 3.157 3.223 3.178 3.096 2.816 2.976 
7.250 10.080 1.466 2.025 2.511 2.791 3.054 3.157 3.223 3.178 3.096 2.816 2.976 
7.250 10.120 1.466 2.025 2.511 2.791 3.054 3.157 3.223 3.178 3.096 2.816 2.976 
7.250 10.200 1.466 2.025 2.511 2.791 3.054 3.157 3.223 3.178 3.096 2.816 2.976 
7.250 10.310 1.466 2.025 2.511 2.791 3.054 3.157 3.223 3.178 3.096 2.816 2.976 
7.250 10.490 1.466 2.025 2.511 2.791 3.054 3.157 3.223 3.178 3.096 2.816 2.976 
7.250 10.760 1.466 2.025 2.511 2.791 3.054 3.157 3.223 3.178 3.096 2.816 2.976 
7.250 11.180 1.465 2.024 2.511 2.790 3.053 3.156 3.222 3.178 3.096 2.815 2.975 
7.250 11.820 1.463 2.022 2.508 2.788 3.050 3.153 3.219 3.175 3.093 2.814 2.972 
7.250 12.770 1.460 2.019 2.506 2.786 3.048 3.151 3.217 3.172 3.090 2.813 2.970 
7.250 14.140 1.458 2.017 2.503 2.783 3.045 3.149 3.214 3.170 3.087 2.812 2.967 
7.250 16.080 1.398 1.957 2.443 2.722 2.981 3.084 3.149 3.105 3.020 2.761 2.899 
7.250 18.740 1.328 1.887 2.373 2.651 2.908 3.009 3.074 3.029 2.943 2.703 2.820 
7.250 22.320 1.258 1.817 2.303 2.581 2.835 2.934 2.999 2.954 2.866 2.644 2.740 
7.250 27.040 1.197 1.728 2.218 2.496 2.747 2.843 2.905 2.863 2.771 2.569 2.646 
7.250 33.160 1.128 1.638 2.139 2.422 2.671 2.761 2.817 2.788 2.692 2.509 2.563 
7.250 41.050 1.049 1.547 2.060 2.348 2.596 2.679 2.729 2.713 2.613 2.450 2.481 
7.250 51.110 0.969 1.459 1.984 2.277 2.523 2.599 2.643 2.639 2.535 2.391 2.401 
7.250 63.890 0.912 1.396 1.930 2.226 2.469 2.537 2.574 2.579 2.470 2.340 2.344 
7.250 80.060 0.854 1.332 1.877 2.175 2.415 2.474 2.504 2.518 2.403 2.289 2.287 
7.250 100.500 0.775 1.243 1.789 2.084 2.318 2.371 2.397 2.410 2.285 2.186 2.188 
7.250 126.290 0.706 1.162 1.709 1.998 2.223 2.267 2.286 2.287 2.152 2.071 2.091 
7.250 158.810 0.643 1.087 1.636 1.919 2.133 2.166 2.176 2.165 2.019 1.956 2.000 
7.250 199.780 0.580 1.012 1.563 1.839 2.042 2.064 2.067 2.042 1.886 1.841 1.909 
7.250 251.390 0.510 0.931 1.486 1.753 1.942 1.949 1.941 1.900 1.734 1.708 1.808 
7.250 316.390 0.426 0.838 1.400 1.655 1.822 1.807 1.784 1.721 1.545 1.542 1.686 
7.250 398.240 0.344 0.744 1.313 1.556 1.702 1.665 1.626 1.542 1.357 1.376 1.565 
7.250 501.290 0.259 0.651 1.227 1.458 1.582 1.523 1.469 1.363 1.168 1.209 1.443 
7.250 631.040 0.175 0.556 1.154 1.393 1.523 1.464 1.410 1.301 1.098 1.140 1.344 
7.250 794.390 0.092 0.462 1.081 1.329 1.466 1.408 1.356 1.244 1.033 1.074 1.245 
7.500 10.050 1.642 2.165 2.602 2.858 3.109 3.208 3.269 3.223 3.139 2.854 3.055 
7.500 10.080 1.642 2.165 2.602 2.858 3.109 3.208 3.269 3.223 3.139 2.854 3.055 
7.500 10.120 1.642 2.165 2.602 2.858 3.109 3.208 3.269 3.223 3.139 2.854 3.055 
7.500 10.200 1.642 2.165 2.602 2.858 3.109 3.208 3.269 3.223 3.139 2.854 3.055 
7.500 10.310 1.642 2.165 2.602 2.858 3.109 3.208 3.269 3.223 3.139 2.854 3.055 
7.500 10.490 1.642 2.165 2.602 2.858 3.109 3.208 3.269 3.223 3.139 2.854 3.055 
7.500 10.760 1.642 2.165 2.602 2.858 3.109 3.208 3.269 3.223 3.139 2.854 3.055 
7.500 11.180 1.642 2.165 2.602 2.858 3.109 3.208 3.269 3.223 3.139 2.854 3.055 
7.500 11.820 1.642 2.165 2.602 2.858 3.109 3.208 3.269 3.223 3.139 2.854 3.055 
7.500 12.770 1.642 2.165 2.602 2.858 3.109 3.208 3.269 3.223 3.139 2.854 3.055 
7.500 14.140 1.642 2.165 2.602 2.858 3.109 3.208 3.269 3.223 3.139 2.854 3.055 
7.500 16.080 1.609 2.131 2.569 2.825 3.073 3.172 3.232 3.187 3.102 2.830 3.017 
7.500 18.740 1.569 2.091 2.531 2.785 3.031 3.129 3.189 3.145 3.060 2.803 2.972 
7.500 22.320 1.530 2.052 2.492 2.746 2.989 3.086 3.146 3.102 3.018 2.775 2.928 
7.500 27.040 1.438 1.961 2.402 2.653 2.893 2.987 3.047 3.002 2.913 2.690 2.826 
7.500 33.160 1.312 1.825 2.270 2.522 2.756 2.845 2.903 2.861 2.763 2.566 2.681 
7.500 41.050 1.229 1.720 2.179 2.437 2.668 2.751 2.802 2.777 2.675 2.502 2.586 
7.500 51.110 1.138 1.619 2.092 2.355 2.584 2.659 2.705 2.694 2.589 2.439 2.495 
7.500 63.890 1.074 1.551 2.034 2.300 2.526 2.592 2.631 2.630 2.520 2.386 2.434 
7.500 80.060 1.008 1.482 1.975 2.244 2.467 2.524 2.557 2.565 2.450 2.332 2.374 
7.500 100.500 0.939 1.412 1.916 2.188 2.407 2.456 2.481 2.500 2.378 2.277 2.311 
7.500 126.290 0.865 1.329 1.836 2.102 2.312 2.351 2.370 2.378 2.246 2.163 2.216 
7.500 158.810 0.799 1.255 1.764 2.024 2.223 2.251 2.262 2.258 2.116 2.051 2.127 
7.500 199.780 0.734 1.180 1.693 1.945 2.134 2.151 2.154 2.138 1.986 1.938 2.039 
7.500 251.390 0.661 1.100 1.616 1.861 2.035 2.037 2.029 1.999 1.837 1.809 1.940 
7.500 316.390 0.575 1.007 1.531 1.764 1.916 1.896 1.873 1.823 1.652 1.646 1.822 
7.500 398.240 0.490 0.914 1.446 1.667 1.798 1.755 1.717 1.646 1.466 1.483 1.704 
7.500 501.290 0.405 0.822 1.361 1.570 1.679 1.615 1.562 1.470 1.281 1.320 1.586 
7.500 631.040 0.324 0.733 1.292 1.509 1.624 1.559 1.506 1.412 1.215 1.255 1.492 
7.500 794.390 0.243 0.645 1.225 1.450 1.571 1.507 1.456 1.359 1.154 1.193 1.398 
7.750 10.050 1.770 2.260 2.657 2.895 3.138 3.239 3.298 3.253 3.168 2.876 3.113 
7.750 10.080 1.770 2.260 2.657 2.895 3.138 3.239 3.298 3.253 3.168 2.876 3.113 
7.750 10.120 1.770 2.260 2.657 2.895 3.138 3.239 3.298 3.253 3.168 2.876 3.113 
7.750 10.200 1.770 2.260 2.657 2.895 3.138 3.239 3.298 3.253 3.168 2.876 3.113 
7.750 10.310 1.770 2.260 2.657 2.895 3.138 3.239 3.298 3.253 3.168 2.876 3.113 
7.750 10.490 1.770 2.260 2.657 2.895 3.138 3.239 3.298 3.253 3.168 2.876 3.113 
7.750 10.760 1.770 2.260 2.657 2.895 3.138 3.239 3.298 3.253 3.168 2.876 3.113 
7.750 11.180 1.770 2.260 2.657 2.895 3.138 3.239 3.298 3.253 3.168 2.876 3.113 
7.750 11.820 1.770 2.260 2.657 2.895 3.138 3.239 3.298 3.253 3.168 2.876 3.113 
7.750 12.770 1.770 2.260 2.657 2.895 3.138 3.239 3.298 3.253 3.168 2.876 3.113 
7.750 14.140 1.770 2.260 2.657 2.895 3.138 3.239 3.298 3.253 3.168 2.876 3.113 
7.750 16.080 1.753 2.243 2.641 2.878 3.120 3.221 3.280 3.235 3.150 2.864 3.093 
7.750 18.740 1.733 2.223 2.621 2.859 3.099 3.200 3.258 3.214 3.128 2.851 3.071 
7.750 22.320 1.714 2.204 2.602 2.839 3.078 3.178 3.237 3.193 3.107 2.837 3.049 
7.750 27.040 1.642 2.132 2.532 2.767 3.003 3.100 3.159 3.115 3.026 2.773 2.969 
7.750 33.160 1.515 2.005 2.407 2.639 2.868 2.961 3.019 2.977 2.881 2.657 2.827 
7.750 41.050 1.397 1.890 2.298 2.530 2.754 2.842 2.899 2.862 2.761 2.565 2.706 
7.750 51.110 1.323 1.798 2.218 2.454 2.674 2.755 2.808 2.785 2.683 2.512 2.619 
7.750 63.890 1.240 1.710 2.144 2.384 2.600 2.672 2.717 2.708 2.599 2.450 2.544 
7.750 80.060 1.151 1.622 2.070 2.314 2.526 2.588 2.626 2.630 2.515 2.387 2.468 
7.750 100.500 1.058 1.534 1.996 2.243 2.452 2.503 2.534 2.551 2.431 2.323 2.392 
7.750 126.290 0.996 1.472 1.946 2.194 2.395 2.434 2.455 2.475 2.349 2.259 2.335 
7.750 158.810 0.925 1.396 1.873 2.115 2.305 2.334 2.347 2.357 2.220 2.149 2.248 
7.750 199.780 0.855 1.320 1.801 2.037 2.216 2.233 2.240 2.238 2.091 2.038 2.161 
7.750 251.390 0.778 1.239 1.725 1.952 2.117 2.120 2.116 2.100 1.943 1.911 2.064 
7.750 316.390 0.690 1.146 1.640 1.856 1.999 1.979 1.960 1.925 1.760 1.750 1.948 
7.750 398.240 0.601 1.053 1.555 1.760 1.881 1.839 1.805 1.750 1.576 1.589 1.833 
7.750 501.290 0.513 0.960 1.470 1.663 1.763 1.698 1.649 1.574 1.393 1.428 1.717 
7.750 631.040 0.435 0.877 1.406 1.606 1.710 1.646 1.598 1.520 1.330 1.367 1.628 
7.750 794.390 0.357 0.794 1.342 1.549 1.660 1.597 1.550 1.471 1.273 1.310 1.539 
8.000 10.050 1.892 2.356 2.712 2.932 3.167 3.270 3.327 3.283 3.197 2.898 3.170 
8.000 10.080 1.892 2.356 2.712 2.932 3.167 3.270 3.327 3.283 3.197 2.898 3.170 
8.000 10.120 1.892 2.356 2.712 2.932 3.167 3.270 3.327 3.283 3.197 2.898 3.170 
8.000 10.200 1.892 2.356 2.712 2.932 3.167 3.270 3.327 3.283 3.197 2.898 3.170 
8.000 10.310 1.892 2.356 2.712 2.932 3.167 3.270 3.327 3.283 3.197 2.898 3.170 
8.000 10.490 1.892 2.356 2.712 2.932 3.167 3.270 3.327 3.283 3.197 2.898 3.170 
8.000 10.760 1.892 2.356 2.712 2.932 3.167 3.270 3.327 3.283 3.197 2.898 3.170 
8.000 11.180 1.892 2.356 2.712 2.932 3.167 3.270 3.327 3.283 3.197 2.898 3.170 
8.000 11.820 1.892 2.356 2.712 2.932 3.167 3.270 3.327 3.283 3.197 2.898 3.170 
8.000 12.770 1.892 2.356 2.712 2.932 3.167 3.270 3.327 3.283 3.197 2.898 3.170 
8.000 14.140 1.892 2.356 2.712 2.932 3.167 3.270 3.327 3.283 3.197 2.898 3.170 
8.000 16.080 1.892 2.356 2.712 2.932 3.167 3.270 3.327 3.283 3.197 2.898 3.170 
8.000 18.740 1.892 2.356 2.712 2.932 3.167 3.270 3.327 3.283 3.197 2.898 3.170 
8.000 22.320 1.892 2.356 2.712 2.932 3.167 3.270 3.327 3.283 3.197 2.898 3.170 
8.000 27.040 1.840 2.304 2.662 2.881 3.113 3.213 3.271 3.229 3.140 2.857 3.112 
8.000 33.160 1.733 2.197 2.558 2.774 2.999 3.095 3.153 3.114 3.022 2.770 2.992 
8.000 41.050 1.626 2.089 2.455 2.667 2.885 2.977 3.036 2.999 2.904 2.683 2.872 
8.000 51.110 1.513 1.977 2.346 2.556 2.766 2.854 2.912 2.878 2.778 2.589 2.746 
8.000 63.890 1.404 1.869 2.254 2.468 2.674 2.751 2.802 2.785 2.678 2.514 2.653 
8.000 80.060 1.292 1.762 2.165 2.383 2.585 2.650 2.694 2.694 2.580 2.441 2.562 
8.000 100.500 1.176 1.655 2.074 2.298 2.495 2.549 2.585 2.602 2.482 2.368 2.470 
8.000 126.290 1.108 1.592 2.026 2.252 2.442 2.483 2.510 2.532 2.407 2.312 2.419 
8.000 158.810 1.050 1.538 1.982 2.207 2.388 2.416 2.434 2.455 2.323 2.247 2.369 
8.000 199.780 0.972 1.461 1.910 2.128 2.299 2.316 2.326 2.338 2.196 2.138 2.283 
8.000 251.390 0.893 1.378 1.833 2.044 2.200 2.202 2.203 2.202 2.050 2.013 2.188 
8.000 316.390 0.800 1.285 1.748 1.948 2.082 2.062 2.048 2.027 1.868 1.854 2.075 
8.000 398.240 0.708 1.192 1.664 1.852 1.964 1.922 1.892 1.853 1.686 1.695 1.961 
8.000 501.290 0.617 1.099 1.580 1.756 1.847 1.781 1.737 1.679 1.504 1.537 1.848 
8.000 631.040 0.540 1.020 1.519 1.702 1.797 1.732 1.689 1.628 1.446 1.479 1.763 
8.000 794.390 0.464 0.943 1.459 1.649 1.750 1.686 1.644 1.583 1.393 1.426 1.680 
