CanadaSHM5_AA13_stablecrust_high , distance is rhypo. Log10 ground motion values in cgs units
          15 30 11 : nmag, ndist, nperiod
          10.000 5.000 2.000 1.000 0.500 0.300 0.200 0.100 0.050 PGA PGV 
          0.620 0.620 0.620 0.620 0.580 0.540 0.530 0.530 0.530 0.530 0.620
4.500 10.050 -1.524 -0.206 0.936 1.598 2.162 2.392 2.611 2.790 2.750 2.556 2.254 
4.500 10.080 -1.531 -0.211 0.926 1.590 2.156 2.388 2.604 2.779 2.736 2.548 2.242 
4.500 10.120 -1.534 -0.216 0.916 1.582 2.150 2.384 2.597 2.768 2.722 2.540 2.230 
4.500 10.200 -1.530 -0.222 0.906 1.574 2.143 2.380 2.589 2.756 2.707 2.533 2.219 
4.500 10.310 -1.536 -0.235 0.886 1.557 2.131 2.371 2.576 2.736 2.683 2.517 2.194 
4.500 10.490 -1.530 -0.252 0.859 1.535 2.116 2.359 2.558 2.711 2.653 2.497 2.162 
4.500 10.760 -1.526 -0.270 0.832 1.514 2.100 2.348 2.541 2.685 2.623 2.476 2.129 
4.500 11.180 -1.529 -0.293 0.802 1.488 2.082 2.332 2.520 2.657 2.592 2.452 2.092 
4.500 11.820 -1.542 -0.333 0.761 1.453 2.053 2.304 2.486 2.621 2.557 2.418 2.041 
4.500 12.770 -1.551 -0.374 0.719 1.417 2.023 2.276 2.452 2.584 2.522 2.384 1.989 
4.500 14.140 -1.560 -0.416 0.677 1.380 1.993 2.247 2.417 2.548 2.486 2.350 1.937 
4.500 16.080 -1.590 -0.477 0.623 1.329 1.943 2.193 2.358 2.495 2.442 2.299 1.868 
4.500 18.740 -1.646 -0.573 0.527 1.227 1.840 2.087 2.250 2.384 2.335 2.186 1.747 
4.500 22.320 -1.705 -0.673 0.426 1.121 1.733 1.977 2.138 2.266 2.221 2.067 1.621 
4.500 27.040 -1.776 -0.786 0.311 0.998 1.607 1.849 2.008 2.131 2.087 1.928 1.480 
4.500 33.160 -1.862 -0.913 0.179 0.859 1.463 1.702 1.857 1.976 1.930 1.769 1.322 
4.500 41.050 -1.948 -1.041 0.045 0.719 1.318 1.554 1.704 1.819 1.771 1.607 1.163 
4.500 51.110 -2.035 -1.170 -0.089 0.578 1.172 1.406 1.552 1.663 1.610 1.445 1.004 
4.500 63.890 -2.107 -1.282 -0.212 0.457 1.046 1.282 1.420 1.522 1.451 1.296 0.867 
4.500 80.060 -2.181 -1.397 -0.339 0.332 0.917 1.155 1.285 1.379 1.289 1.144 0.727 
4.500 100.500 -2.258 -1.516 -0.469 0.203 0.783 1.023 1.145 1.230 1.122 0.987 0.582 
4.500 126.290 -2.305 -1.604 -0.570 0.105 0.678 0.916 1.026 1.091 0.965 0.847 0.463 
4.500 158.810 -2.347 -1.687 -0.667 0.011 0.576 0.810 0.907 0.946 0.803 0.707 0.346 
4.500 199.780 -2.388 -1.771 -0.764 -0.083 0.475 0.704 0.789 0.802 0.641 0.566 0.229 
4.500 251.390 -2.440 -1.863 -0.866 -0.186 0.360 0.580 0.649 0.634 0.457 0.404 0.098 
4.500 316.390 -2.507 -1.971 -0.979 -0.307 0.219 0.419 0.469 0.420 0.232 0.202 -0.063 
4.500 398.240 -2.576 -2.080 -1.091 -0.428 0.078 0.258 0.289 0.207 0.007 0.000 -0.224 
4.500 501.290 -2.643 -2.189 -1.204 -0.549 -0.063 0.097 0.108 -0.007 -0.217 -0.202 -0.385 
4.500 631.040 -2.799 -2.387 -1.366 -0.687 -0.183 -0.014 0.000 -0.119 -0.339 -0.324 -0.552 
4.500 794.390 -2.959 -2.587 -1.530 -0.827 -0.301 -0.123 -0.105 -0.228 -0.456 -0.442 -0.720 
4.750 10.050 -1.136 0.086 1.142 1.738 2.257 2.473 2.667 2.818 2.785 2.585 2.340 
4.750 10.080 -1.142 0.080 1.135 1.731 2.253 2.470 2.661 2.808 2.773 2.578 2.330 
4.750 10.120 -1.148 0.075 1.126 1.725 2.248 2.467 2.656 2.798 2.761 2.572 2.320 
4.750 10.200 -1.145 0.070 1.118 1.719 2.244 2.464 2.650 2.787 2.750 2.565 2.310 
4.750 10.310 -1.150 0.056 1.100 1.705 2.234 2.457 2.638 2.767 2.729 2.551 2.287 
4.750 10.490 -1.150 0.038 1.076 1.686 2.221 2.447 2.622 2.742 2.703 2.531 2.257 
4.750 10.760 -1.147 0.019 1.051 1.668 2.208 2.436 2.606 2.716 2.676 2.512 2.227 
4.750 11.180 -1.150 -0.004 1.024 1.646 2.192 2.422 2.585 2.689 2.648 2.490 2.192 
4.750 11.820 -1.164 -0.043 0.986 1.614 2.165 2.395 2.553 2.654 2.615 2.457 2.143 
4.750 12.770 -1.171 -0.081 0.948 1.582 2.138 2.368 2.520 2.620 2.582 2.425 2.095 
4.750 14.140 -1.180 -0.120 0.909 1.549 2.111 2.340 2.487 2.584 2.548 2.392 2.046 
4.750 16.080 -1.206 -0.175 0.859 1.500 2.063 2.287 2.430 2.536 2.506 2.345 1.982 
4.750 18.740 -1.236 -0.235 0.803 1.446 2.009 2.227 2.367 2.483 2.459 2.292 1.913 
4.750 22.320 -1.289 -0.328 0.707 1.344 1.904 2.119 2.259 2.372 2.349 2.178 1.794 
4.750 27.040 -1.355 -0.433 0.595 1.226 1.782 1.994 2.133 2.244 2.219 2.047 1.660 
4.750 33.160 -1.438 -0.552 0.467 1.091 1.641 1.852 1.988 2.097 2.068 1.897 1.510 
4.750 41.050 -1.518 -0.673 0.338 0.954 1.499 1.707 1.841 1.948 1.915 1.744 1.359 
4.750 51.110 -1.601 -0.794 0.208 0.818 1.358 1.564 1.694 1.798 1.760 1.591 1.208 
4.750 63.890 -1.674 -0.905 0.087 0.700 1.235 1.444 1.565 1.660 1.604 1.447 1.077 
4.750 80.060 -1.749 -1.019 -0.038 0.579 1.110 1.321 1.434 1.519 1.444 1.299 0.943 
4.750 100.500 -1.829 -1.138 -0.166 0.453 0.980 1.194 1.297 1.374 1.281 1.146 0.804 
4.750 126.290 -1.885 -1.231 -0.266 0.359 0.879 1.090 1.180 1.234 1.121 1.006 0.689 
4.750 158.810 -1.937 -1.321 -0.363 0.269 0.781 0.986 1.063 1.088 0.956 0.863 0.573 
4.750 199.780 -1.990 -1.412 -0.460 0.180 0.684 0.883 0.945 0.942 0.790 0.720 0.459 
4.750 251.390 -2.047 -1.510 -0.561 0.081 0.573 0.761 0.807 0.774 0.605 0.557 0.329 
4.750 316.390 -2.122 -1.622 -0.671 -0.036 0.436 0.604 0.630 0.562 0.381 0.355 0.172 
4.750 398.240 -2.195 -1.734 -0.780 -0.152 0.300 0.446 0.453 0.351 0.156 0.154 0.015 
4.750 501.290 -2.268 -1.846 -0.890 -0.269 0.163 0.289 0.275 0.139 -0.068 -0.048 -0.143 
4.750 631.040 -2.414 -2.031 -1.040 -0.397 0.051 0.185 0.174 0.032 -0.184 -0.164 -0.301 
4.750 794.390 -2.564 -2.219 -1.193 -0.526 -0.059 0.083 0.074 -0.071 -0.296 -0.277 -0.460 
5.000 10.050 -0.746 0.384 1.358 1.888 2.363 2.563 2.734 2.859 2.834 2.628 2.438 
5.000 10.080 -0.755 0.375 1.348 1.878 2.355 2.557 2.724 2.843 2.817 2.615 2.424 
5.000 10.120 -0.763 0.367 1.337 1.869 2.347 2.550 2.715 2.827 2.801 2.603 2.409 
5.000 10.200 -0.768 0.362 1.330 1.864 2.344 2.549 2.711 2.818 2.792 2.597 2.401 
5.000 10.310 -0.771 0.348 1.314 1.853 2.337 2.543 2.700 2.799 2.774 2.584 2.380 
5.000 10.490 -0.778 0.328 1.293 1.838 2.326 2.534 2.685 2.773 2.752 2.566 2.352 
5.000 10.760 -0.775 0.308 1.271 1.822 2.315 2.525 2.670 2.748 2.729 2.548 2.324 
5.000 11.180 -0.777 0.284 1.246 1.804 2.302 2.512 2.651 2.721 2.704 2.527 2.291 
5.000 11.820 -0.792 0.249 1.211 1.775 2.278 2.485 2.620 2.688 2.673 2.496 2.246 
5.000 12.770 -0.798 0.213 1.176 1.747 2.253 2.459 2.589 2.655 2.642 2.465 2.201 
5.000 14.140 -0.806 0.177 1.141 1.718 2.229 2.433 2.557 2.621 2.611 2.434 2.156 
5.000 16.080 -0.829 0.126 1.093 1.671 2.182 2.380 2.502 2.576 2.569 2.389 2.095 
5.000 18.740 -0.854 0.073 1.041 1.621 2.130 2.322 2.443 2.529 2.525 2.342 2.033 
5.000 22.320 -0.880 0.017 0.987 1.567 2.075 2.261 2.380 2.478 2.476 2.290 1.966 
5.000 27.040 -0.943 -0.080 0.880 1.453 1.957 2.140 2.259 2.357 2.351 2.166 1.840 
5.000 33.160 -1.018 -0.191 0.756 1.323 1.820 2.001 2.119 2.217 2.206 2.025 1.698 
5.000 41.050 -1.094 -0.304 0.631 1.190 1.681 1.861 1.977 2.076 2.059 1.882 1.555 
5.000 51.110 -1.175 -0.418 0.505 1.058 1.543 1.722 1.836 1.933 1.909 1.737 1.413 
5.000 63.890 -1.246 -0.528 0.386 0.943 1.425 1.606 1.711 1.798 1.756 1.597 1.288 
5.000 80.060 -1.323 -0.642 0.263 0.826 1.303 1.487 1.582 1.660 1.600 1.453 1.159 
5.000 100.500 -1.406 -0.759 0.137 0.704 1.177 1.364 1.449 1.517 1.439 1.305 1.027 
5.000 126.290 -1.467 -0.857 0.037 0.613 1.080 1.263 1.334 1.377 1.278 1.165 0.914 
5.000 158.810 -1.529 -0.956 -0.059 0.528 0.986 1.162 1.218 1.230 1.109 1.019 0.801 
5.000 199.780 -1.592 -1.054 -0.156 0.442 0.892 1.062 1.102 1.083 0.940 0.873 0.688 
5.000 251.390 -1.663 -1.158 -0.256 0.347 0.786 0.943 0.966 0.914 0.753 0.709 0.561 
5.000 316.390 -1.741 -1.272 -0.362 0.235 0.653 0.789 0.792 0.705 0.529 0.508 0.407 
5.000 398.240 -1.818 -1.387 -0.469 0.124 0.521 0.635 0.617 0.495 0.305 0.307 0.254 
5.000 501.290 -1.899 -1.502 -0.576 0.012 0.389 0.481 0.443 0.285 0.082 0.107 0.100 
5.000 631.040 -2.036 -1.675 -0.715 -0.107 0.285 0.384 0.347 0.183 -0.029 -0.004 -0.049 
5.000 794.390 -2.176 -1.850 -0.856 -0.225 0.183 0.289 0.254 0.085 -0.136 -0.111 -0.199 
5.250 10.050 -0.374 0.672 1.580 2.064 2.501 2.681 2.827 2.921 2.897 2.687 2.549 
5.250 10.080 -0.380 0.666 1.573 2.058 2.497 2.677 2.821 2.910 2.886 2.678 2.540 
5.250 10.120 -0.385 0.660 1.566 2.053 2.493 2.674 2.816 2.899 2.875 2.669 2.530 
5.250 10.200 -0.391 0.654 1.559 2.048 2.489 2.670 2.810 2.888 2.865 2.660 2.520 
5.250 10.310 -0.408 0.633 1.535 2.027 2.470 2.653 2.789 2.857 2.834 2.633 2.489 
5.250 10.490 -0.425 0.604 1.504 2.000 2.446 2.629 2.761 2.816 2.794 2.600 2.448 
5.250 10.760 -0.423 0.585 1.484 1.986 2.435 2.619 2.745 2.792 2.772 2.583 2.421 
5.250 11.180 -0.424 0.561 1.461 1.969 2.422 2.605 2.726 2.766 2.748 2.563 2.390 
5.250 11.820 -0.440 0.527 1.427 1.941 2.397 2.578 2.695 2.734 2.719 2.534 2.347 
5.250 12.770 -0.447 0.492 1.393 1.914 2.372 2.551 2.663 2.702 2.689 2.505 2.304 
5.250 14.140 -0.454 0.457 1.359 1.885 2.347 2.523 2.632 2.670 2.659 2.476 2.261 
5.250 16.080 -0.478 0.408 1.311 1.838 2.298 2.470 2.577 2.627 2.618 2.434 2.204 
5.250 18.740 -0.503 0.356 1.259 1.786 2.245 2.411 2.518 2.582 2.575 2.390 2.144 
5.250 22.320 -0.529 0.303 1.207 1.733 2.191 2.352 2.459 2.536 2.530 2.345 2.083 
5.250 27.040 -0.565 0.241 1.143 1.670 2.125 2.282 2.387 2.478 2.473 2.290 2.014 
5.250 33.160 -0.637 0.135 1.024 1.542 1.991 2.149 2.254 2.346 2.335 2.158 1.881 
5.250 41.050 -0.711 0.027 0.903 1.413 1.855 2.014 2.120 2.213 2.195 2.024 1.747 
5.250 51.110 -0.788 -0.082 0.781 1.284 1.720 1.880 1.985 2.078 2.053 1.889 1.612 
5.250 63.890 -0.860 -0.188 0.667 1.174 1.605 1.769 1.865 1.948 1.905 1.756 1.493 
5.250 80.060 -0.935 -0.296 0.549 1.060 1.487 1.654 1.741 1.814 1.754 1.619 1.371 
5.250 100.500 -1.016 -0.409 0.427 0.942 1.365 1.535 1.614 1.676 1.599 1.478 1.245 
5.250 126.290 -1.076 -0.503 0.334 0.857 1.272 1.436 1.499 1.536 1.439 1.338 1.137 
5.250 158.810 -1.139 -0.599 0.243 0.776 1.182 1.338 1.383 1.387 1.268 1.190 1.027 
5.250 199.780 -1.202 -0.695 0.153 0.695 1.093 1.239 1.266 1.238 1.097 1.042 0.918 
5.250 251.390 -1.270 -0.796 0.058 0.606 0.990 1.122 1.130 1.068 0.908 0.875 0.796 
5.250 316.390 -1.350 -0.909 -0.043 0.499 0.863 0.971 0.957 0.858 0.684 0.674 0.647 
5.250 398.240 -1.429 -1.021 -0.145 0.392 0.735 0.820 0.784 0.648 0.460 0.472 0.498 
5.250 501.290 -1.510 -1.134 -0.246 0.286 0.608 0.668 0.611 0.439 0.236 0.271 0.349 
5.250 631.040 -1.637 -1.293 -0.374 0.177 0.512 0.578 0.521 0.342 0.131 0.166 0.208 
5.250 794.390 -1.767 -1.455 -0.502 0.069 0.418 0.490 0.434 0.250 0.030 0.065 0.068 
5.500 10.050 -0.006 0.960 1.801 2.239 2.639 2.798 2.920 2.982 2.960 2.747 2.660 
5.500 10.080 -0.009 0.957 1.799 2.238 2.639 2.798 2.918 2.976 2.955 2.741 2.655 
5.500 10.120 -0.012 0.954 1.796 2.238 2.639 2.798 2.917 2.971 2.950 2.736 2.651 
5.500 10.200 -0.015 0.951 1.793 2.236 2.639 2.797 2.915 2.965 2.946 2.730 2.646 
5.500 10.310 -0.035 0.931 1.773 2.219 2.623 2.781 2.896 2.937 2.918 2.707 2.618 
5.500 10.490 -0.059 0.901 1.741 2.192 2.597 2.755 2.865 2.895 2.877 2.672 2.576 
5.500 10.760 -0.075 0.871 1.710 2.164 2.571 2.729 2.835 2.854 2.835 2.637 2.534 
5.500 11.180 -0.081 0.838 1.675 2.134 2.542 2.699 2.801 2.810 2.793 2.599 2.488 
5.500 11.820 -0.094 0.805 1.643 2.107 2.517 2.671 2.769 2.780 2.765 2.572 2.448 
5.500 12.770 -0.103 0.771 1.610 2.080 2.491 2.642 2.738 2.750 2.736 2.545 2.408 
5.500 14.140 -0.110 0.737 1.577 2.053 2.465 2.614 2.706 2.719 2.708 2.517 2.367 
5.500 16.080 -0.133 0.689 1.528 2.004 2.415 2.559 2.652 2.678 2.667 2.479 2.312 
5.500 18.740 -0.158 0.639 1.477 1.951 2.360 2.501 2.593 2.634 2.625 2.438 2.255 
5.500 22.320 -0.185 0.588 1.424 1.897 2.304 2.441 2.534 2.590 2.581 2.396 2.197 
5.500 27.040 -0.218 0.529 1.363 1.835 2.239 2.374 2.467 2.538 2.529 2.349 2.135 
5.500 33.160 -0.263 0.461 1.292 1.761 2.162 2.297 2.389 2.475 2.464 2.291 2.064 
5.500 41.050 -0.334 0.358 1.174 1.635 2.029 2.168 2.262 2.350 2.331 2.167 1.938 
5.500 51.110 -0.408 0.253 1.056 1.510 1.897 2.039 2.135 2.222 2.196 2.041 1.811 
5.500 63.890 -0.477 0.153 0.947 1.404 1.786 1.931 2.019 2.097 2.054 1.915 1.699 
5.500 80.060 -0.551 0.050 0.835 1.295 1.671 1.821 1.901 1.968 1.909 1.785 1.583 
5.500 100.500 -0.628 -0.058 0.718 1.181 1.553 1.706 1.778 1.835 1.760 1.651 1.463 
5.500 126.290 -0.689 -0.150 0.630 1.101 1.464 1.610 1.665 1.695 1.599 1.511 1.359 
5.500 158.810 -0.753 -0.243 0.545 1.025 1.378 1.513 1.548 1.544 1.427 1.361 1.254 
5.500 199.780 -0.816 -0.335 0.461 0.948 1.293 1.416 1.430 1.392 1.254 1.210 1.149 
5.500 251.390 -0.883 -0.434 0.372 0.864 1.195 1.302 1.295 1.221 1.064 1.042 1.030 
5.500 316.390 -0.965 -0.545 0.276 0.762 1.072 1.153 1.123 1.012 0.840 0.840 0.886 
5.500 398.240 -1.046 -0.655 0.180 0.661 0.949 1.005 0.951 0.802 0.615 0.637 0.741 
5.500 501.290 -1.126 -0.765 0.084 0.559 0.827 0.856 0.779 0.592 0.391 0.435 0.597 
5.500 631.040 -1.243 -0.912 -0.032 0.461 0.739 0.773 0.695 0.501 0.290 0.336 0.465 
5.500 794.390 -1.362 -1.060 -0.148 0.363 0.653 0.692 0.614 0.415 0.196 0.241 0.334 
5.750 10.050 0.320 1.214 2.001 2.403 2.767 2.904 3.007 3.041 3.016 2.797 2.761 
5.750 10.080 0.318 1.212 1.999 2.402 2.767 2.903 3.006 3.037 3.012 2.793 2.758 
5.750 10.120 0.316 1.210 1.997 2.401 2.767 2.903 3.005 3.033 3.009 2.788 2.754 
5.750 10.200 0.313 1.208 1.995 2.401 2.767 2.903 3.004 3.029 3.005 2.784 2.751 
5.750 10.310 0.298 1.192 1.979 2.388 2.755 2.890 2.988 3.008 2.984 2.766 2.729 
5.750 10.490 0.274 1.168 1.955 2.367 2.735 2.870 2.965 2.976 2.953 2.738 2.696 
5.750 10.760 0.256 1.144 1.931 2.346 2.715 2.850 2.941 2.944 2.921 2.711 2.663 
5.750 11.180 0.245 1.113 1.899 2.318 2.687 2.821 2.909 2.905 2.882 2.676 2.622 
5.750 11.820 0.222 1.061 1.844 2.264 2.633 2.766 2.852 2.845 2.820 2.617 2.554 
5.750 12.770 0.205 1.022 1.805 2.231 2.599 2.730 2.814 2.807 2.784 2.583 2.507 
5.750 14.140 0.199 0.987 1.772 2.202 2.572 2.700 2.781 2.777 2.756 2.557 2.467 
5.750 16.080 0.173 0.938 1.722 2.152 2.520 2.645 2.727 2.734 2.715 2.520 2.413 
5.750 18.740 0.146 0.886 1.669 2.098 2.464 2.586 2.668 2.689 2.671 2.481 2.356 
5.750 22.320 0.118 0.834 1.615 2.043 2.407 2.526 2.609 2.644 2.627 2.441 2.300 
5.750 27.040 0.081 0.775 1.554 1.979 2.341 2.459 2.543 2.591 2.575 2.396 2.238 
5.750 33.160 0.034 0.708 1.483 1.907 2.266 2.385 2.468 2.531 2.515 2.344 2.172 
5.750 41.050 -0.016 0.637 1.407 1.828 2.183 2.304 2.388 2.464 2.446 2.285 2.099 
5.750 51.110 -0.090 0.534 1.291 1.704 2.052 2.177 2.263 2.340 2.315 2.164 1.977 
5.750 63.890 -0.161 0.436 1.184 1.600 1.943 2.071 2.150 2.218 2.178 2.043 1.868 
5.750 80.060 -0.235 0.334 1.074 1.492 1.829 1.961 2.033 2.092 2.037 1.918 1.755 
5.750 100.500 -0.313 0.227 0.960 1.381 1.712 1.847 1.913 1.962 1.892 1.789 1.639 
5.750 126.290 -0.375 0.138 0.876 1.303 1.625 1.752 1.801 1.826 1.736 1.652 1.539 
5.750 158.810 -0.438 0.048 0.795 1.230 1.542 1.656 1.685 1.679 1.567 1.504 1.437 
5.750 199.780 -0.501 -0.043 0.714 1.157 1.459 1.561 1.569 1.531 1.398 1.356 1.335 
5.750 251.390 -0.571 -0.139 0.629 1.075 1.364 1.448 1.435 1.364 1.211 1.190 1.221 
5.750 316.390 -0.652 -0.247 0.537 0.977 1.244 1.302 1.265 1.159 0.990 0.990 1.081 
5.750 398.240 -0.731 -0.354 0.444 0.880 1.125 1.156 1.095 0.954 0.768 0.790 0.941 
5.750 501.290 -0.812 -0.461 0.352 0.782 1.005 1.010 0.925 0.748 0.547 0.590 0.801 
5.750 631.040 -0.920 -0.597 0.246 0.691 0.924 0.932 0.847 0.663 0.453 0.496 0.677 
5.750 794.390 -1.030 -0.734 0.140 0.601 0.845 0.857 0.772 0.582 0.364 0.407 0.553 
6.000 10.050 0.644 1.469 2.200 2.566 2.894 3.010 3.095 3.099 3.072 2.848 2.862 
6.000 10.080 0.643 1.467 2.199 2.566 2.895 3.009 3.094 3.097 3.070 2.844 2.860 
6.000 10.120 0.641 1.466 2.198 2.566 2.895 3.009 3.093 3.095 3.068 2.841 2.858 
6.000 10.200 0.639 1.464 2.197 2.565 2.895 3.009 3.092 3.093 3.065 2.838 2.856 
6.000 10.310 0.627 1.452 2.186 2.556 2.887 3.000 3.081 3.079 3.051 2.824 2.840 
6.000 10.490 0.610 1.434 2.169 2.542 2.873 2.985 3.064 3.057 3.029 2.805 2.816 
6.000 10.760 0.591 1.416 2.152 2.528 2.858 2.971 3.047 3.035 3.006 2.785 2.793 
6.000 11.180 0.569 1.390 2.126 2.505 2.835 2.947 3.020 3.004 2.975 2.757 2.759 
6.000 11.820 0.541 1.338 2.071 2.452 2.781 2.892 2.964 2.946 2.916 2.701 2.693 
6.000 12.770 0.519 1.286 2.017 2.399 2.728 2.837 2.908 2.887 2.857 2.646 2.627 
6.000 14.140 0.499 1.237 1.967 2.352 2.679 2.787 2.857 2.834 2.804 2.597 2.567 
6.000 16.080 0.472 1.186 1.915 2.300 2.626 2.731 2.802 2.790 2.762 2.562 2.513 
6.000 18.740 0.442 1.133 1.861 2.244 2.568 2.671 2.743 2.743 2.718 2.524 2.458 
6.000 22.320 0.411 1.079 1.806 2.188 2.510 2.611 2.684 2.697 2.673 2.485 2.401 
6.000 27.040 0.373 1.020 1.743 2.124 2.444 2.544 2.618 2.644 2.622 2.442 2.341 
6.000 33.160 0.324 0.953 1.673 2.050 2.367 2.470 2.544 2.584 2.562 2.393 2.277 
6.000 41.050 0.275 0.886 1.601 1.976 2.289 2.393 2.470 2.523 2.501 2.344 2.211 
6.000 51.110 0.222 0.815 1.526 1.898 2.208 2.315 2.391 2.457 2.434 2.287 2.142 
6.000 63.890 0.151 0.718 1.422 1.796 2.099 2.210 2.280 2.338 2.301 2.171 2.037 
6.000 80.060 0.076 0.617 1.314 1.690 1.987 2.101 2.166 2.216 2.165 2.051 1.928 
6.000 100.500 -0.002 0.513 1.202 1.580 1.871 1.988 2.047 2.089 2.025 1.927 1.815 
6.000 126.290 -0.065 0.426 1.121 1.505 1.787 1.894 1.937 1.957 1.872 1.793 1.718 
6.000 158.810 -0.129 0.338 1.045 1.435 1.706 1.800 1.823 1.813 1.707 1.647 1.620 
6.000 199.780 -0.193 0.250 0.968 1.365 1.626 1.706 1.708 1.670 1.541 1.501 1.522 
6.000 251.390 -0.262 0.156 0.887 1.286 1.533 1.595 1.575 1.507 1.358 1.338 1.411 
6.000 316.390 -0.341 0.051 0.798 1.192 1.417 1.451 1.407 1.307 1.139 1.140 1.276 
6.000 398.240 -0.422 -0.053 0.709 1.098 1.300 1.308 1.240 1.106 0.921 0.943 1.140 
6.000 501.290 -0.502 -0.157 0.620 1.004 1.184 1.164 1.072 0.905 0.703 0.745 1.005 
6.000 631.040 -0.602 -0.282 0.524 0.922 1.110 1.092 0.998 0.825 0.615 0.657 0.888 
6.000 794.390 -0.703 -0.408 0.428 0.840 1.037 1.022 0.929 0.750 0.531 0.574 0.772 
6.250 10.050 0.928 1.693 2.372 2.704 3.000 3.099 3.173 3.163 3.130 2.904 2.965 
6.250 10.080 0.927 1.692 2.372 2.703 3.000 3.099 3.173 3.162 3.129 2.902 2.964 
6.250 10.120 0.927 1.691 2.371 2.703 3.000 3.099 3.172 3.161 3.128 2.900 2.963 
6.250 10.200 0.926 1.690 2.370 2.703 3.000 3.098 3.172 3.159 3.127 2.898 2.961 
6.250 10.310 0.919 1.683 2.364 2.698 2.996 3.094 3.166 3.152 3.119 2.890 2.952 
6.250 10.490 0.908 1.673 2.355 2.691 2.989 3.087 3.157 3.141 3.107 2.877 2.938 
6.250 10.760 0.897 1.662 2.345 2.684 2.982 3.079 3.147 3.129 3.095 2.865 2.924 
6.250 11.180 0.877 1.642 2.326 2.667 2.965 3.061 3.127 3.107 3.072 2.843 2.899 
6.250 11.820 0.828 1.592 2.275 2.618 2.915 3.010 3.075 3.052 3.017 2.793 2.837 
6.250 12.770 0.806 1.542 2.224 2.569 2.865 2.959 3.022 2.996 2.961 2.742 2.775 
6.250 14.140 0.785 1.491 2.173 2.519 2.815 2.907 2.969 2.941 2.905 2.691 2.712 
6.250 16.080 0.740 1.413 2.088 2.430 2.722 2.815 2.879 2.851 2.814 2.609 2.619 
6.250 18.740 0.705 1.354 2.029 2.370 2.661 2.752 2.817 2.799 2.764 2.567 2.558 
6.250 22.320 0.668 1.296 1.971 2.313 2.602 2.691 2.757 2.750 2.718 2.528 2.499 
6.250 27.040 0.625 1.233 1.907 2.247 2.535 2.623 2.690 2.694 2.665 2.485 2.437 
6.250 33.160 0.575 1.164 1.835 2.172 2.457 2.547 2.616 2.633 2.604 2.438 2.372 
6.250 41.050 0.520 1.093 1.761 2.096 2.378 2.469 2.540 2.569 2.542 2.389 2.306 
6.250 51.110 0.464 1.022 1.688 2.021 2.300 2.393 2.464 2.506 2.479 2.339 2.240 
6.250 63.890 0.408 0.950 1.618 1.958 2.233 2.325 2.390 2.435 2.402 2.276 2.178 
6.250 80.060 0.329 0.848 1.509 1.850 2.118 2.213 2.273 2.311 2.266 2.157 2.069 
6.250 100.500 0.244 0.741 1.396 1.738 1.999 2.097 2.152 2.184 2.127 2.034 1.955 
6.250 126.290 0.178 0.654 1.314 1.661 1.913 2.001 2.041 2.052 1.977 1.902 1.859 
6.250 158.810 0.112 0.566 1.237 1.591 1.832 1.905 1.925 1.912 1.816 1.758 1.762 
6.250 199.780 0.046 0.478 1.160 1.520 1.750 1.809 1.809 1.771 1.655 1.615 1.665 
6.250 251.390 -0.025 0.385 1.080 1.442 1.657 1.697 1.676 1.611 1.476 1.454 1.555 
6.250 316.390 -0.106 0.281 0.992 1.349 1.542 1.554 1.509 1.414 1.263 1.260 1.423 
6.250 398.240 -0.189 0.178 0.904 1.256 1.426 1.411 1.342 1.218 1.050 1.065 1.290 
6.250 501.290 -0.270 0.075 0.816 1.163 1.311 1.269 1.175 1.021 0.837 0.871 1.157 
6.250 631.040 -0.364 -0.042 0.727 1.086 1.241 1.200 1.105 0.945 0.753 0.788 1.045 
6.250 794.390 -0.460 -0.159 0.638 1.010 1.173 1.134 1.040 0.875 0.675 0.709 0.935 
6.500 10.050 1.211 1.917 2.545 2.841 3.105 3.188 3.252 3.227 3.189 2.959 3.068 
6.500 10.080 1.211 1.917 2.544 2.841 3.105 3.188 3.252 3.227 3.188 2.959 3.068 
6.500 10.120 1.211 1.916 2.544 2.841 3.105 3.188 3.251 3.227 3.188 2.959 3.067 
6.500 10.200 1.210 1.916 2.543 2.840 3.104 3.188 3.251 3.226 3.188 2.959 3.067 
6.500 10.310 1.208 1.914 2.542 2.840 3.105 3.188 3.250 3.225 3.187 2.955 3.064 
6.500 10.490 1.205 1.911 2.541 2.840 3.105 3.188 3.249 3.224 3.185 2.950 3.061 
6.500 10.760 1.202 1.908 2.539 2.841 3.106 3.188 3.248 3.223 3.183 2.944 3.056 
6.500 11.180 1.188 1.894 2.526 2.830 3.095 3.177 3.235 3.209 3.170 2.929 3.039 
6.500 11.820 1.141 1.846 2.479 2.784 3.049 3.129 3.186 3.158 3.118 2.884 2.981 
6.500 12.770 1.092 1.798 2.432 2.738 3.003 3.081 3.136 3.106 3.066 2.839 2.923 
6.500 14.140 1.067 1.749 2.384 2.692 2.956 3.033 3.086 3.054 3.014 2.793 2.864 
6.500 16.080 1.019 1.668 2.297 2.602 2.863 2.941 2.996 2.963 2.921 2.710 2.768 
6.500 18.740 0.964 1.580 2.204 2.504 2.762 2.840 2.899 2.864 2.821 2.621 2.666 
6.500 22.320 0.919 1.513 2.137 2.437 2.694 2.771 2.831 2.803 2.762 2.572 2.597 
6.500 27.040 0.872 1.446 2.070 2.370 2.626 2.701 2.763 2.745 2.708 2.529 2.533 
6.500 33.160 0.816 1.374 1.996 2.293 2.547 2.623 2.687 2.680 2.646 2.482 2.467 
6.500 41.050 0.758 1.300 1.921 2.216 2.467 2.544 2.611 2.615 2.583 2.434 2.400 
6.500 51.110 0.697 1.226 1.846 2.139 2.388 2.466 2.534 2.549 2.519 2.385 2.333 
6.500 63.890 0.642 1.158 1.782 2.083 2.327 2.404 2.465 2.488 2.454 2.334 2.280 
6.500 80.060 0.574 1.078 1.703 2.009 2.249 2.325 2.380 2.407 2.367 2.262 2.209 
6.500 100.500 0.488 0.970 1.589 1.895 2.128 2.205 2.257 2.278 2.229 2.140 2.095 
6.500 126.290 0.419 0.882 1.507 1.818 2.040 2.107 2.144 2.148 2.083 2.010 2.000 
6.500 158.810 0.351 0.794 1.430 1.747 1.958 2.009 2.027 2.010 1.925 1.869 1.904 
6.500 199.780 0.282 0.706 1.353 1.676 1.875 1.912 1.910 1.872 1.768 1.728 1.808 
6.500 251.390 0.206 0.613 1.272 1.598 1.782 1.799 1.777 1.715 1.594 1.570 1.700 
6.500 316.390 0.123 0.511 1.186 1.506 1.667 1.657 1.611 1.522 1.386 1.379 1.569 
6.500 398.240 0.040 0.409 1.099 1.414 1.552 1.515 1.445 1.329 1.178 1.188 1.439 
6.500 501.290 -0.044 0.306 1.012 1.322 1.437 1.373 1.279 1.136 0.970 0.998 1.308 
6.500 631.040 -0.134 0.198 0.930 1.251 1.372 1.308 1.213 1.065 0.891 0.919 1.203 
6.500 794.390 -0.224 0.090 0.848 1.181 1.308 1.246 1.151 0.999 0.818 0.845 1.098 
6.750 10.050 1.449 2.102 2.681 2.953 3.197 3.269 3.321 3.288 3.240 3.002 3.158 
6.750 10.080 1.448 2.102 2.681 2.953 3.197 3.268 3.321 3.288 3.240 3.001 3.158 
6.750 10.120 1.448 2.102 2.681 2.953 3.197 3.268 3.320 3.288 3.239 3.001 3.158 
6.750 10.200 1.448 2.101 2.680 2.952 3.196 3.268 3.320 3.287 3.239 3.001 3.158 
6.750 10.310 1.446 2.100 2.680 2.952 3.196 3.267 3.319 3.286 3.238 2.998 3.156 
6.750 10.490 1.444 2.098 2.679 2.952 3.197 3.267 3.318 3.286 3.237 2.995 3.153 
6.750 10.760 1.442 2.096 2.677 2.952 3.197 3.267 3.318 3.284 3.236 2.991 3.151 
6.750 11.180 1.434 2.088 2.670 2.945 3.190 3.260 3.310 3.276 3.228 2.982 3.140 
6.750 11.820 1.406 2.060 2.643 2.920 3.164 3.233 3.282 3.247 3.199 2.954 3.106 
6.750 12.770 1.378 2.032 2.616 2.893 3.138 3.207 3.254 3.218 3.169 2.927 3.072 
6.750 14.140 1.349 2.003 2.588 2.867 3.111 3.180 3.226 3.188 3.139 2.898 3.038 
6.750 16.080 1.276 1.917 2.499 2.776 3.018 3.086 3.134 3.095 3.046 2.817 2.940 
6.750 18.740 1.220 1.822 2.401 2.673 2.913 2.981 3.032 2.992 2.942 2.727 2.831 
6.750 22.320 1.157 1.725 2.301 2.570 2.808 2.876 2.929 2.887 2.837 2.635 2.721 
6.750 27.040 1.094 1.642 2.217 2.485 2.720 2.788 2.843 2.808 2.761 2.573 2.637 
6.750 33.160 1.033 1.564 2.139 2.404 2.639 2.706 2.763 2.740 2.696 2.525 2.567 
6.750 41.050 0.966 1.485 2.059 2.323 2.557 2.624 2.683 2.671 2.631 2.476 2.497 
6.750 51.110 0.898 1.405 1.980 2.243 2.475 2.542 2.602 2.602 2.565 2.426 2.427 
6.750 63.890 0.837 1.333 1.913 2.181 2.409 2.473 2.527 2.537 2.498 2.376 2.371 
6.750 80.060 0.772 1.260 1.843 2.117 2.341 2.402 2.451 2.471 2.429 2.323 2.313 
6.750 100.500 0.691 1.165 1.747 2.023 2.242 2.301 2.347 2.370 2.323 2.234 2.225 
6.750 126.290 0.619 1.077 1.663 1.942 2.149 2.199 2.232 2.242 2.180 2.107 2.129 
6.750 158.810 0.550 0.989 1.584 1.868 2.062 2.099 2.115 2.107 2.028 1.970 2.033 
6.750 199.780 0.478 0.902 1.505 1.794 1.975 1.998 1.998 1.972 1.876 1.833 1.937 
6.750 251.390 0.403 0.810 1.423 1.713 1.878 1.883 1.865 1.819 1.707 1.679 1.831 
6.750 316.390 0.317 0.710 1.336 1.621 1.761 1.741 1.701 1.630 1.503 1.492 1.702 
6.750 398.240 0.234 0.609 1.249 1.529 1.645 1.599 1.537 1.442 1.300 1.306 1.574 
6.750 501.290 0.148 0.508 1.162 1.437 1.529 1.458 1.373 1.253 1.097 1.120 1.445 
6.750 631.040 0.062 0.407 1.085 1.370 1.467 1.396 1.311 1.186 1.023 1.046 1.344 
6.750 794.390 -0.023 0.306 1.009 1.304 1.407 1.337 1.252 1.125 0.955 0.976 1.245 
7.000 10.050 1.682 2.288 2.818 3.065 3.289 3.349 3.390 3.349 3.292 3.044 3.249 
7.000 10.080 1.682 2.288 2.818 3.065 3.289 3.348 3.390 3.349 3.291 3.043 3.249 
7.000 10.120 1.682 2.287 2.818 3.065 3.289 3.348 3.389 3.349 3.291 3.043 3.248 
7.000 10.200 1.681 2.287 2.817 3.064 3.288 3.348 3.389 3.348 3.291 3.042 3.248 
7.000 10.310 1.681 2.286 2.817 3.064 3.288 3.347 3.388 3.348 3.290 3.042 3.247 
7.000 10.490 1.680 2.285 2.816 3.063 3.288 3.346 3.388 3.347 3.289 3.040 3.246 
7.000 10.760 1.679 2.284 2.816 3.063 3.287 3.345 3.387 3.346 3.289 3.038 3.244 
7.000 11.180 1.676 2.281 2.813 3.061 3.285 3.344 3.385 3.344 3.286 3.035 3.241 
7.000 11.820 1.668 2.273 2.806 3.055 3.279 3.338 3.379 3.336 3.279 3.025 3.232 
7.000 12.770 1.660 2.265 2.800 3.049 3.273 3.332 3.372 3.329 3.271 3.014 3.222 
7.000 14.140 1.651 2.257 2.792 3.042 3.267 3.326 3.365 3.321 3.264 3.004 3.212 
7.000 16.080 1.561 2.167 2.702 2.949 3.173 3.232 3.273 3.227 3.170 2.924 3.111 
7.000 18.740 1.460 2.063 2.597 2.843 3.064 3.123 3.165 3.119 3.063 2.832 2.995 
7.000 22.320 1.394 1.959 2.492 2.735 2.954 3.013 3.057 3.010 2.954 2.740 2.879 
7.000 27.040 1.316 1.848 2.377 2.615 2.831 2.890 2.938 2.890 2.834 2.637 2.757 
7.000 33.160 1.241 1.754 2.281 2.516 2.731 2.789 2.840 2.800 2.747 2.568 2.667 
7.000 41.050 1.168 1.668 2.198 2.431 2.647 2.703 2.754 2.727 2.679 2.518 2.593 
7.000 51.110 1.094 1.583 2.115 2.347 2.562 2.617 2.669 2.655 2.610 2.467 2.519 
7.000 63.890 1.028 1.508 2.043 2.279 2.491 2.542 2.590 2.587 2.542 2.417 2.462 
7.000 80.060 0.957 1.431 1.970 2.209 2.417 2.464 2.508 2.517 2.472 2.365 2.401 
7.000 100.500 0.882 1.351 1.893 2.137 2.341 2.384 2.424 2.445 2.400 2.311 2.339 
7.000 126.290 0.816 1.271 1.819 2.066 2.258 2.292 2.321 2.335 2.278 2.204 2.258 
7.000 158.810 0.743 1.185 1.737 1.988 2.166 2.188 2.203 2.203 2.131 2.070 2.162 
7.000 199.780 0.670 1.098 1.656 1.911 2.074 2.084 2.086 2.072 1.984 1.937 2.067 
7.000 251.390 0.593 1.008 1.573 1.829 1.974 1.967 1.953 1.922 1.819 1.787 1.961 
7.000 316.390 0.507 0.908 1.486 1.737 1.856 1.825 1.791 1.738 1.621 1.606 1.835 
7.000 398.240 0.421 0.809 1.399 1.644 1.739 1.684 1.629 1.554 1.423 1.424 1.709 
7.000 501.290 0.334 0.709 1.312 1.552 1.621 1.542 1.468 1.370 1.225 1.242 1.582 
7.000 631.040 0.253 0.616 1.241 1.489 1.562 1.483 1.408 1.308 1.155 1.173 1.486 
7.000 794.390 0.172 0.522 1.170 1.428 1.506 1.428 1.353 1.250 1.091 1.108 1.392 
7.250 10.050 1.870 2.434 2.922 3.152 3.366 3.418 3.455 3.414 3.355 3.086 3.326 
7.250 10.080 1.870 2.434 2.922 3.151 3.366 3.418 3.455 3.413 3.354 3.085 3.326 
7.250 10.120 1.869 2.433 2.922 3.151 3.366 3.418 3.455 3.413 3.354 3.085 3.326 
7.250 10.200 1.869 2.433 2.921 3.151 3.365 3.417 3.454 3.413 3.354 3.085 3.325 
7.250 10.310 1.868 2.432 2.921 3.150 3.365 3.416 3.454 3.412 3.353 3.084 3.325 
7.250 10.490 1.867 2.431 2.920 3.150 3.364 3.416 3.453 3.412 3.352 3.083 3.324 
7.250 10.760 1.867 2.431 2.919 3.149 3.364 3.415 3.452 3.411 3.352 3.081 3.323 
7.250 11.180 1.865 2.429 2.918 3.148 3.362 3.414 3.451 3.409 3.350 3.078 3.320 
7.250 11.820 1.859 2.423 2.914 3.144 3.360 3.411 3.448 3.405 3.345 3.070 3.314 
7.250 12.770 1.854 2.418 2.910 3.141 3.357 3.408 3.444 3.400 3.339 3.061 3.308 
7.250 14.140 1.848 2.412 2.905 3.137 3.353 3.405 3.441 3.395 3.334 3.052 3.301 
7.250 16.080 1.784 2.348 2.842 3.072 3.287 3.339 3.376 3.329 3.269 2.997 3.231 
7.250 18.740 1.711 2.275 2.769 2.997 3.211 3.263 3.301 3.252 3.193 2.934 3.149 
7.250 22.320 1.636 2.200 2.694 2.921 3.134 3.186 3.225 3.175 3.117 2.870 3.067 
7.250 27.040 1.562 2.096 2.588 2.810 3.021 3.072 3.114 3.064 3.005 2.777 2.955 
7.250 33.160 1.458 1.960 2.445 2.660 2.868 2.920 2.965 2.915 2.855 2.651 2.810 
7.250 41.050 1.360 1.845 2.331 2.544 2.751 2.802 2.847 2.806 2.749 2.568 2.701 
7.250 51.110 1.268 1.745 2.237 2.449 2.657 2.705 2.750 2.723 2.670 2.512 2.617 
7.250 63.890 1.193 1.663 2.158 2.373 2.578 2.623 2.664 2.651 2.598 2.461 2.554 
7.250 80.060 1.113 1.579 2.078 2.295 2.498 2.539 2.576 2.576 2.525 2.407 2.489 
7.250 100.500 1.029 1.492 1.994 2.214 2.414 2.452 2.485 2.499 2.449 2.351 2.421 
7.250 126.290 0.976 1.437 1.947 2.174 2.365 2.394 2.416 2.435 2.379 2.296 2.378 
7.250 158.810 0.903 1.352 1.864 2.092 2.269 2.290 2.302 2.309 2.238 2.169 2.284 
7.250 199.780 0.829 1.267 1.780 2.009 2.171 2.184 2.186 2.180 2.095 2.040 2.189 
7.250 251.390 0.750 1.177 1.694 1.921 2.066 2.066 2.055 2.034 1.934 1.895 2.084 
7.250 316.390 0.663 1.079 1.606 1.827 1.945 1.924 1.896 1.853 1.740 1.718 1.959 
7.250 398.240 0.576 0.982 1.517 1.731 1.825 1.783 1.736 1.673 1.545 1.541 1.834 
7.250 501.290 0.487 0.884 1.428 1.637 1.704 1.641 1.577 1.492 1.351 1.363 1.709 
7.250 631.040 0.410 0.796 1.361 1.577 1.648 1.586 1.522 1.434 1.286 1.298 1.617 
7.250 794.390 0.334 0.709 1.294 1.518 1.595 1.534 1.471 1.381 1.227 1.238 1.527 
7.500 10.050 2.052 2.580 3.026 3.238 3.443 3.487 3.521 3.478 3.418 3.127 3.404 
7.500 10.080 2.052 2.579 3.026 3.238 3.443 3.487 3.521 3.478 3.417 3.127 3.404 
7.500 10.120 2.052 2.579 3.026 3.238 3.443 3.487 3.520 3.478 3.417 3.127 3.403 
7.500 10.200 2.051 2.579 3.025 3.237 3.442 3.487 3.520 3.477 3.417 3.126 3.403 
7.500 10.310 2.051 2.578 3.025 3.237 3.442 3.486 3.519 3.477 3.416 3.126 3.402 
7.500 10.490 2.051 2.578 3.024 3.236 3.441 3.485 3.519 3.476 3.416 3.125 3.402 
7.500 10.760 2.050 2.577 3.023 3.235 3.440 3.485 3.518 3.475 3.415 3.125 3.401 
7.500 11.180 2.048 2.576 3.022 3.234 3.440 3.484 3.517 3.474 3.413 3.122 3.400 
7.500 11.820 2.046 2.573 3.021 3.234 3.440 3.484 3.517 3.472 3.411 3.115 3.397 
7.500 12.770 2.043 2.570 3.019 3.233 3.440 3.484 3.517 3.471 3.407 3.107 3.394 
7.500 14.140 2.040 2.567 3.017 3.232 3.439 3.483 3.516 3.468 3.404 3.099 3.390 
7.500 16.080 2.002 2.530 2.982 3.195 3.402 3.446 3.479 3.430 3.367 3.070 3.350 
7.500 18.740 1.958 2.486 2.940 3.152 3.359 3.403 3.436 3.386 3.324 3.036 3.303 
7.500 22.320 1.914 2.441 2.897 3.108 3.314 3.359 3.392 3.341 3.280 3.001 3.255 
7.500 27.040 1.816 2.344 2.798 3.006 3.211 3.255 3.290 3.238 3.177 2.916 3.152 
7.500 33.160 1.673 2.188 2.639 2.840 3.042 3.086 3.123 3.072 3.009 2.779 2.990 
7.500 41.050 1.550 2.032 2.479 2.673 2.872 2.916 2.955 2.904 2.839 2.639 2.827 
7.500 51.110 1.438 1.907 2.359 2.552 2.751 2.793 2.830 2.792 2.730 2.558 2.714 
7.500 63.890 1.354 1.819 2.273 2.467 2.665 2.704 2.738 2.714 2.654 2.504 2.646 
7.500 80.060 1.265 1.728 2.185 2.381 2.578 2.613 2.643 2.635 2.577 2.449 2.576 
7.500 100.500 1.172 1.634 2.095 2.291 2.487 2.519 2.546 2.553 2.498 2.392 2.503 
7.500 126.290 1.114 1.577 2.043 2.244 2.432 2.458 2.476 2.490 2.429 2.339 2.458 
7.500 158.810 1.059 1.519 1.991 2.196 2.371 2.392 2.401 2.414 2.344 2.267 2.406 
7.500 199.780 0.983 1.435 1.904 2.106 2.268 2.284 2.287 2.289 2.206 2.144 2.311 
7.500 251.390 0.903 1.347 1.815 2.014 2.158 2.165 2.158 2.146 2.050 2.003 2.206 
7.500 316.390 0.814 1.251 1.725 1.916 2.034 2.023 2.001 1.969 1.859 1.830 2.083 
7.500 398.240 0.725 1.154 1.635 1.819 1.911 1.882 1.843 1.791 1.668 1.658 1.959 
7.500 501.290 0.636 1.058 1.545 1.721 1.788 1.740 1.686 1.614 1.477 1.485 1.835 
7.500 631.040 0.562 0.977 1.481 1.664 1.734 1.688 1.635 1.560 1.417 1.424 1.748 
7.500 794.390 0.489 0.896 1.419 1.609 1.684 1.640 1.588 1.512 1.363 1.368 1.663 
7.750 10.050 2.187 2.682 3.089 3.288 3.490 3.531 3.567 3.526 3.467 3.163 3.466 
7.750 10.080 2.187 2.682 3.089 3.287 3.490 3.531 3.567 3.525 3.466 3.163 3.466 
7.750 10.120 2.187 2.682 3.088 3.287 3.489 3.530 3.567 3.525 3.466 3.162 3.466 
7.750 10.200 2.186 2.681 3.088 3.287 3.489 3.530 3.566 3.525 3.466 3.162 3.465 
7.750 10.310 2.186 2.681 3.087 3.286 3.488 3.529 3.566 3.524 3.465 3.161 3.465 
7.750 10.490 2.185 2.680 3.087 3.286 3.488 3.529 3.565 3.523 3.464 3.161 3.464 
7.750 10.760 2.184 2.679 3.086 3.285 3.487 3.528 3.564 3.523 3.464 3.160 3.463 
7.750 11.180 2.183 2.678 3.085 3.284 3.486 3.527 3.563 3.522 3.462 3.158 3.462 
7.750 11.820 2.181 2.676 3.084 3.283 3.485 3.527 3.563 3.520 3.460 3.154 3.460 
7.750 12.770 2.179 2.674 3.082 3.282 3.484 3.526 3.562 3.518 3.458 3.149 3.458 
7.750 14.140 2.176 2.671 3.080 3.280 3.483 3.524 3.560 3.516 3.455 3.145 3.455 
7.750 16.080 2.156 2.651 3.061 3.261 3.464 3.506 3.542 3.495 3.435 3.126 3.434 
7.750 18.740 2.132 2.627 3.038 3.238 3.442 3.484 3.520 3.471 3.411 3.104 3.409 
7.750 22.320 2.107 2.602 3.015 3.214 3.419 3.461 3.497 3.446 3.386 3.082 3.383 
7.750 27.040 2.028 2.523 2.938 3.135 3.338 3.381 3.416 3.365 3.304 3.016 3.302 
7.750 33.160 1.893 2.388 2.802 2.994 3.195 3.237 3.274 3.223 3.161 2.902 3.161 
7.750 41.050 1.755 2.250 2.665 2.852 3.050 3.092 3.130 3.079 3.016 2.787 3.018 
7.750 51.110 1.642 2.110 2.524 2.706 2.901 2.943 2.982 2.932 2.867 2.667 2.873 
7.750 63.890 1.525 1.983 2.397 2.577 2.772 2.811 2.848 2.807 2.741 2.568 2.759 
7.750 80.060 1.413 1.873 2.292 2.476 2.670 2.706 2.738 2.715 2.651 2.504 2.673 
7.750 100.500 1.295 1.759 2.185 2.371 2.567 2.599 2.626 2.622 2.559 2.438 2.586 
7.750 126.290 1.229 1.695 2.124 2.314 2.504 2.531 2.551 2.554 2.486 2.385 2.534 
7.750 158.810 1.175 1.645 2.075 2.270 2.452 2.475 2.485 2.493 2.419 2.332 2.493 
7.750 199.780 1.113 1.584 2.013 2.209 2.384 2.401 2.405 2.412 2.329 2.259 2.434 
7.750 251.390 1.030 1.496 1.920 2.112 2.271 2.281 2.276 2.271 2.175 2.123 2.328 
7.750 316.390 0.939 1.400 1.827 2.010 2.146 2.139 2.120 2.094 1.986 1.953 2.205 
7.750 398.240 0.847 1.304 1.734 1.909 2.020 1.997 1.963 1.917 1.796 1.782 2.081 
7.750 501.290 0.757 1.209 1.641 1.807 1.895 1.854 1.806 1.740 1.606 1.612 1.957 
7.750 631.040 0.686 1.133 1.581 1.753 1.845 1.806 1.759 1.691 1.551 1.556 1.875 
7.750 794.390 0.615 1.058 1.522 1.701 1.799 1.762 1.717 1.647 1.501 1.504 1.794 
8.000 10.050 2.316 2.785 3.151 3.337 3.536 3.575 3.614 3.573 3.516 3.199 3.529 
8.000 10.080 2.316 2.785 3.151 3.337 3.536 3.574 3.614 3.573 3.515 3.198 3.529 
8.000 10.120 2.315 2.784 3.151 3.337 3.536 3.574 3.613 3.573 3.515 3.198 3.528 
8.000 10.200 2.315 2.784 3.150 3.336 3.535 3.574 3.613 3.572 3.515 3.197 3.528 
8.000 10.310 2.315 2.783 3.150 3.336 3.535 3.573 3.612 3.572 3.514 3.197 3.527 
8.000 10.490 2.314 2.783 3.149 3.335 3.534 3.572 3.612 3.571 3.513 3.196 3.527 
8.000 10.760 2.313 2.782 3.148 3.334 3.533 3.572 3.611 3.570 3.513 3.196 3.526 
8.000 11.180 2.312 2.781 3.147 3.333 3.532 3.570 3.610 3.569 3.512 3.194 3.525 
8.000 11.820 2.311 2.779 3.146 3.332 3.531 3.569 3.609 3.568 3.510 3.193 3.524 
8.000 12.770 2.309 2.778 3.145 3.330 3.529 3.568 3.607 3.566 3.509 3.192 3.522 
8.000 14.140 2.307 2.776 3.142 3.328 3.527 3.566 3.605 3.564 3.507 3.190 3.520 
8.000 16.080 2.304 2.772 3.140 3.326 3.526 3.566 3.604 3.561 3.503 3.182 3.518 
8.000 18.740 2.299 2.768 3.137 3.324 3.525 3.565 3.603 3.556 3.497 3.173 3.515 
8.000 22.320 2.294 2.763 3.133 3.321 3.523 3.564 3.601 3.551 3.492 3.164 3.511 
8.000 27.040 2.235 2.704 3.077 3.264 3.465 3.507 3.543 3.492 3.432 3.116 3.451 
8.000 33.160 2.118 2.587 2.965 3.148 3.347 3.388 3.425 3.374 3.314 3.026 3.331 
8.000 41.050 2.000 2.468 2.851 3.031 3.227 3.268 3.305 3.254 3.194 2.935 3.209 
8.000 51.110 1.874 2.342 2.728 2.905 3.098 3.139 3.177 3.126 3.064 2.834 3.080 
8.000 63.890 1.710 2.167 2.546 2.717 2.909 2.949 2.986 2.937 2.867 2.670 2.904 
8.000 80.060 1.560 2.018 2.399 2.570 2.763 2.800 2.833 2.796 2.724 2.559 2.771 
8.000 100.500 1.418 1.885 2.275 2.451 2.647 2.678 2.705 2.690 2.619 2.484 2.668 
8.000 126.290 1.342 1.815 2.204 2.383 2.577 2.605 2.625 2.618 2.544 2.430 2.610 
8.000 158.810 1.284 1.762 2.148 2.331 2.520 2.544 2.558 2.556 2.476 2.381 2.565 
8.000 199.780 1.223 1.711 2.093 2.278 2.463 2.484 2.491 2.494 2.407 2.331 2.520 
8.000 251.390 1.155 1.645 2.025 2.209 2.384 2.398 2.395 2.395 2.300 2.244 2.450 
8.000 316.390 1.060 1.550 1.929 2.104 2.257 2.254 2.239 2.219 2.112 2.075 2.327 
8.000 398.240 0.966 1.454 1.833 1.999 2.130 2.111 2.083 2.043 1.924 1.907 2.203 
8.000 501.290 0.872 1.359 1.738 1.893 2.003 1.968 1.926 1.867 1.735 1.739 2.079 
8.000 631.040 0.804 1.289 1.681 1.842 1.957 1.924 1.884 1.822 1.684 1.687 2.001 
8.000 794.390 0.735 1.219 1.626 1.793 1.914 1.885 1.846 1.783 1.639 1.641 1.925 
