CanadaSHM5_AA13_stablecrust_high , distance is rhypo. Log10 ground motion values in cgs units
          15 30 11 : nmag, ndist, nperiod
          10.000 5.000 2.000 1.000 0.500 0.300 0.200 0.100 0.050 PGA PGV 
          0.620 0.620 0.620 0.620 0.580 0.540 0.530 0.530 0.530 0.530 0.620
4.500 10.050 -1.541 -0.225 0.917 1.579 2.146 2.381 2.603 2.784 2.743 2.546 2.238 
4.500 10.080 -1.548 -0.231 0.907 1.571 2.140 2.377 2.595 2.772 2.728 2.539 2.226 
4.500 10.120 -1.551 -0.236 0.897 1.563 2.134 2.372 2.588 2.761 2.714 2.531 2.215 
4.500 10.200 -1.548 -0.241 0.887 1.555 2.127 2.368 2.581 2.750 2.700 2.523 2.203 
4.500 10.310 -1.553 -0.254 0.867 1.538 2.116 2.359 2.568 2.730 2.676 2.508 2.179 
4.500 10.490 -1.547 -0.272 0.840 1.517 2.100 2.348 2.550 2.704 2.646 2.487 2.146 
4.500 10.760 -1.543 -0.290 0.813 1.495 2.085 2.336 2.533 2.678 2.616 2.466 2.113 
4.500 11.180 -1.546 -0.313 0.782 1.470 2.066 2.320 2.511 2.650 2.585 2.442 2.076 
4.500 11.820 -1.559 -0.353 0.741 1.435 2.037 2.293 2.478 2.614 2.550 2.409 2.025 
4.500 12.770 -1.568 -0.394 0.700 1.398 2.007 2.264 2.444 2.578 2.514 2.375 1.973 
4.500 14.140 -1.577 -0.436 0.658 1.362 1.977 2.236 2.409 2.541 2.478 2.340 1.921 
4.500 16.080 -1.607 -0.497 0.604 1.310 1.928 2.182 2.350 2.488 2.434 2.290 1.853 
4.500 18.740 -1.663 -0.593 0.508 1.209 1.825 2.076 2.242 2.377 2.327 2.177 1.731 
4.500 22.320 -1.722 -0.693 0.407 1.102 1.717 1.965 2.130 2.260 2.214 2.057 1.605 
4.500 27.040 -1.793 -0.805 0.291 0.980 1.592 1.837 2.000 2.125 2.080 1.919 1.464 
4.500 33.160 -1.879 -0.932 0.159 0.841 1.448 1.691 1.849 1.970 1.922 1.759 1.306 
4.500 41.050 -1.965 -1.061 0.026 0.700 1.302 1.542 1.696 1.813 1.763 1.598 1.147 
4.500 51.110 -2.052 -1.190 -0.108 0.560 1.156 1.395 1.544 1.656 1.602 1.436 0.988 
4.500 63.890 -2.125 -1.301 -0.231 0.438 1.030 1.271 1.412 1.516 1.444 1.287 0.851 
4.500 80.060 -2.198 -1.416 -0.358 0.313 0.901 1.143 1.277 1.372 1.281 1.134 0.711 
4.500 100.500 -2.275 -1.536 -0.488 0.184 0.767 1.012 1.137 1.224 1.115 0.978 0.566 
4.500 126.290 -2.322 -1.624 -0.589 0.086 0.663 0.905 1.018 1.084 0.957 0.838 0.447 
4.500 158.810 -2.364 -1.707 -0.686 -0.007 0.561 0.799 0.899 0.940 0.795 0.697 0.330 
4.500 199.780 -2.406 -1.790 -0.783 -0.101 0.459 0.693 0.780 0.795 0.633 0.556 0.214 
4.500 251.390 -2.457 -1.882 -0.886 -0.204 0.344 0.568 0.641 0.627 0.450 0.395 0.082 
4.500 316.390 -2.524 -1.991 -0.998 -0.325 0.203 0.407 0.461 0.414 0.225 0.193 -0.079 
4.500 398.240 -2.593 -2.100 -1.110 -0.446 0.062 0.246 0.280 0.200 -0.000 -0.009 -0.240 
4.500 501.290 -2.660 -2.209 -1.223 -0.567 -0.079 0.085 0.100 -0.013 -0.225 -0.211 -0.401 
4.500 631.040 -2.816 -2.406 -1.385 -0.706 -0.198 -0.026 -0.008 -0.126 -0.346 -0.333 -0.568 
4.500 794.390 -2.976 -2.607 -1.549 -0.845 -0.317 -0.135 -0.113 -0.234 -0.464 -0.452 -0.736 
4.750 10.050 -1.153 0.066 1.123 1.719 2.241 2.461 2.659 2.812 2.777 2.575 2.324 
4.750 10.080 -1.159 0.061 1.115 1.713 2.237 2.458 2.653 2.801 2.765 2.569 2.314 
4.750 10.120 -1.165 0.056 1.107 1.707 2.232 2.455 2.648 2.791 2.754 2.562 2.304 
4.750 10.200 -1.162 0.050 1.099 1.701 2.228 2.453 2.642 2.780 2.742 2.556 2.294 
4.750 10.310 -1.167 0.037 1.081 1.687 2.218 2.445 2.630 2.761 2.721 2.541 2.271 
4.750 10.490 -1.167 0.018 1.057 1.668 2.205 2.435 2.614 2.735 2.695 2.522 2.241 
4.750 10.760 -1.164 -0.001 1.032 1.649 2.192 2.425 2.597 2.710 2.668 2.503 2.211 
4.750 11.180 -1.167 -0.024 1.005 1.628 2.176 2.410 2.577 2.682 2.640 2.480 2.176 
4.750 11.820 -1.181 -0.062 0.967 1.596 2.149 2.383 2.545 2.648 2.607 2.448 2.128 
4.750 12.770 -1.189 -0.100 0.929 1.564 2.123 2.356 2.512 2.613 2.575 2.416 2.079 
4.750 14.140 -1.197 -0.139 0.890 1.531 2.095 2.328 2.479 2.578 2.541 2.383 2.030 
4.750 16.080 -1.223 -0.195 0.839 1.482 2.047 2.275 2.422 2.530 2.498 2.335 1.967 
4.750 18.740 -1.253 -0.255 0.784 1.428 1.993 2.215 2.359 2.476 2.451 2.282 1.897 
4.750 22.320 -1.306 -0.348 0.687 1.325 1.888 2.107 2.251 2.365 2.341 2.169 1.778 
4.750 27.040 -1.372 -0.452 0.576 1.208 1.766 1.983 2.125 2.237 2.211 2.038 1.644 
4.750 33.160 -1.455 -0.572 0.448 1.073 1.626 1.840 1.980 2.090 2.060 1.887 1.494 
4.750 41.050 -1.535 -0.692 0.319 0.936 1.484 1.696 1.833 1.941 1.907 1.735 1.343 
4.750 51.110 -1.618 -0.814 0.189 0.800 1.342 1.553 1.686 1.791 1.752 1.582 1.193 
4.750 63.890 -1.691 -0.925 0.068 0.682 1.220 1.433 1.557 1.654 1.596 1.437 1.062 
4.750 80.060 -1.766 -1.039 -0.057 0.560 1.094 1.310 1.425 1.512 1.437 1.289 0.927 
4.750 100.500 -1.846 -1.158 -0.186 0.435 0.964 1.182 1.289 1.367 1.273 1.137 0.789 
4.750 126.290 -1.902 -1.250 -0.286 0.341 0.863 1.078 1.172 1.227 1.114 0.997 0.673 
4.750 158.810 -1.954 -1.341 -0.382 0.251 0.766 0.975 1.055 1.081 0.948 0.853 0.558 
4.750 199.780 -2.007 -1.432 -0.479 0.161 0.668 0.871 0.937 0.936 0.783 0.710 0.443 
4.750 251.390 -2.064 -1.530 -0.580 0.062 0.557 0.750 0.799 0.768 0.597 0.547 0.313 
4.750 316.390 -2.139 -1.642 -0.690 -0.054 0.420 0.592 0.622 0.556 0.373 0.346 0.156 
4.750 398.240 -2.212 -1.754 -0.799 -0.170 0.284 0.435 0.445 0.344 0.149 0.144 -0.001 
4.750 501.290 -2.285 -1.865 -0.909 -0.287 0.147 0.277 0.267 0.132 -0.075 -0.057 -0.158 
4.750 631.040 -2.432 -2.050 -1.060 -0.415 0.036 0.173 0.165 0.025 -0.192 -0.173 -0.317 
4.750 794.390 -2.581 -2.239 -1.212 -0.544 -0.075 0.071 0.066 -0.078 -0.304 -0.286 -0.475 
5.000 10.050 -0.763 0.364 1.339 1.870 2.347 2.552 2.726 2.853 2.826 2.618 2.422 
5.000 10.080 -0.772 0.355 1.328 1.860 2.339 2.545 2.716 2.837 2.810 2.606 2.408 
5.000 10.120 -0.780 0.347 1.317 1.850 2.331 2.538 2.707 2.821 2.794 2.593 2.394 
5.000 10.200 -0.786 0.342 1.311 1.846 2.328 2.537 2.702 2.811 2.784 2.588 2.385 
5.000 10.310 -0.789 0.328 1.295 1.835 2.321 2.531 2.692 2.792 2.767 2.575 2.364 
5.000 10.490 -0.795 0.308 1.273 1.819 2.310 2.522 2.677 2.767 2.744 2.557 2.336 
5.000 10.760 -0.792 0.288 1.252 1.804 2.300 2.513 2.662 2.742 2.721 2.539 2.308 
5.000 11.180 -0.794 0.264 1.227 1.785 2.286 2.500 2.643 2.714 2.696 2.518 2.275 
5.000 11.820 -0.809 0.229 1.192 1.757 2.262 2.474 2.612 2.681 2.665 2.487 2.231 
5.000 12.770 -0.815 0.193 1.157 1.728 2.238 2.448 2.581 2.648 2.634 2.456 2.185 
5.000 14.140 -0.823 0.157 1.122 1.700 2.213 2.421 2.549 2.615 2.603 2.425 2.140 
5.000 16.080 -0.846 0.106 1.073 1.653 2.166 2.368 2.494 2.570 2.561 2.380 2.080 
5.000 18.740 -0.871 0.053 1.022 1.603 2.115 2.310 2.435 2.522 2.517 2.332 2.017 
5.000 22.320 -0.897 -0.002 0.968 1.549 2.060 2.250 2.372 2.471 2.468 2.281 1.950 
5.000 27.040 -0.960 -0.100 0.860 1.435 1.941 2.128 2.251 2.350 2.343 2.157 1.824 
5.000 33.160 -1.035 -0.211 0.737 1.304 1.804 1.990 2.111 2.211 2.198 2.015 1.683 
5.000 41.050 -1.111 -0.324 0.612 1.172 1.665 1.850 1.969 2.069 2.051 1.872 1.540 
5.000 51.110 -1.192 -0.438 0.486 1.040 1.527 1.711 1.828 1.927 1.902 1.728 1.397 
5.000 63.890 -1.263 -0.548 0.367 0.925 1.409 1.595 1.702 1.792 1.749 1.587 1.272 
5.000 80.060 -1.340 -0.662 0.244 0.807 1.287 1.476 1.574 1.653 1.592 1.444 1.144 
5.000 100.500 -1.424 -0.779 0.117 0.685 1.161 1.353 1.441 1.510 1.431 1.296 1.011 
5.000 126.290 -1.484 -0.877 0.018 0.595 1.064 1.251 1.326 1.370 1.270 1.155 0.898 
5.000 158.810 -1.546 -0.975 -0.078 0.509 0.970 1.151 1.210 1.223 1.101 1.010 0.785 
5.000 199.780 -1.609 -1.074 -0.175 0.423 0.877 1.050 1.094 1.076 0.933 0.864 0.672 
5.000 251.390 -1.680 -1.177 -0.275 0.329 0.770 0.931 0.958 0.908 0.745 0.699 0.545 
5.000 316.390 -1.758 -1.292 -0.381 0.217 0.638 0.777 0.783 0.698 0.521 0.499 0.392 
5.000 398.240 -1.835 -1.407 -0.488 0.105 0.505 0.623 0.609 0.488 0.298 0.298 0.238 
5.000 501.290 -1.916 -1.522 -0.595 -0.007 0.373 0.469 0.435 0.279 0.074 0.097 0.085 
5.000 631.040 -2.053 -1.695 -0.735 -0.125 0.270 0.372 0.339 0.176 -0.037 -0.013 -0.065 
5.000 794.390 -2.193 -1.870 -0.875 -0.243 0.168 0.277 0.246 0.079 -0.143 -0.120 -0.215 
5.250 10.050 -0.391 0.652 1.561 2.045 2.485 2.669 2.819 2.914 2.889 2.678 2.533 
5.250 10.080 -0.397 0.646 1.554 2.040 2.481 2.666 2.813 2.903 2.878 2.669 2.524 
5.250 10.120 -0.402 0.641 1.547 2.035 2.477 2.662 2.808 2.893 2.868 2.660 2.514 
5.250 10.200 -0.408 0.635 1.540 2.029 2.473 2.659 2.802 2.882 2.857 2.651 2.505 
5.250 10.310 -0.425 0.614 1.516 2.008 2.454 2.641 2.781 2.850 2.826 2.624 2.473 
5.250 10.490 -0.442 0.585 1.485 1.981 2.430 2.618 2.753 2.810 2.787 2.590 2.432 
5.250 10.760 -0.440 0.565 1.465 1.968 2.420 2.608 2.737 2.785 2.765 2.574 2.405 
5.250 11.180 -0.441 0.541 1.441 1.950 2.406 2.594 2.718 2.759 2.741 2.554 2.374 
5.250 11.820 -0.457 0.507 1.408 1.923 2.381 2.566 2.687 2.727 2.711 2.525 2.331 
5.250 12.770 -0.464 0.472 1.374 1.895 2.356 2.539 2.655 2.696 2.682 2.496 2.288 
5.250 14.140 -0.472 0.437 1.340 1.867 2.331 2.512 2.623 2.664 2.652 2.466 2.245 
5.250 16.080 -0.495 0.388 1.291 1.819 2.283 2.458 2.569 2.621 2.611 2.425 2.188 
5.250 18.740 -0.520 0.336 1.240 1.768 2.229 2.400 2.510 2.575 2.567 2.380 2.128 
5.250 22.320 -0.546 0.284 1.188 1.715 2.175 2.341 2.450 2.529 2.523 2.336 2.067 
5.250 27.040 -0.582 0.222 1.124 1.651 2.109 2.271 2.379 2.471 2.466 2.280 1.998 
5.250 33.160 -0.654 0.115 1.005 1.524 1.975 2.138 2.246 2.340 2.327 2.148 1.865 
5.250 41.050 -0.728 0.007 0.884 1.394 1.839 2.003 2.112 2.206 2.187 2.015 1.731 
5.250 51.110 -0.805 -0.102 0.761 1.266 1.704 1.869 1.977 2.071 2.045 1.880 1.596 
5.250 63.890 -0.878 -0.208 0.647 1.155 1.589 1.757 1.857 1.941 1.898 1.746 1.478 
5.250 80.060 -0.952 -0.316 0.530 1.042 1.471 1.642 1.733 1.807 1.747 1.610 1.355 
5.250 100.500 -1.033 -0.429 0.408 0.924 1.349 1.523 1.606 1.669 1.592 1.469 1.229 
5.250 126.290 -1.094 -0.523 0.314 0.839 1.256 1.425 1.491 1.529 1.431 1.328 1.121 
5.250 158.810 -1.156 -0.619 0.224 0.758 1.167 1.326 1.375 1.380 1.261 1.180 1.012 
5.250 199.780 -1.219 -0.714 0.133 0.677 1.077 1.227 1.258 1.231 1.090 1.032 0.902 
5.250 251.390 -1.287 -0.816 0.039 0.587 0.974 1.111 1.122 1.061 0.901 0.866 0.780 
5.250 316.390 -1.367 -0.928 -0.062 0.480 0.847 0.960 0.949 0.851 0.677 0.664 0.631 
5.250 398.240 -1.446 -1.041 -0.164 0.374 0.719 0.808 0.776 0.642 0.453 0.463 0.482 
5.250 501.290 -1.527 -1.153 -0.265 0.267 0.592 0.657 0.603 0.432 0.228 0.261 0.333 
5.250 631.040 -1.654 -1.313 -0.393 0.159 0.496 0.567 0.513 0.335 0.123 0.157 0.192 
5.250 794.390 -1.784 -1.475 -0.521 0.050 0.402 0.479 0.426 0.243 0.023 0.056 0.052 
5.500 10.050 -0.023 0.940 1.782 2.221 2.623 2.786 2.912 2.976 2.952 2.737 2.644 
5.500 10.080 -0.026 0.937 1.780 2.220 2.623 2.786 2.910 2.970 2.947 2.732 2.639 
5.500 10.120 -0.029 0.934 1.777 2.219 2.623 2.786 2.909 2.964 2.943 2.726 2.635 
5.500 10.200 -0.032 0.931 1.774 2.218 2.623 2.786 2.907 2.959 2.938 2.721 2.630 
5.500 10.310 -0.052 0.912 1.754 2.201 2.607 2.770 2.888 2.931 2.910 2.697 2.602 
5.500 10.490 -0.076 0.881 1.722 2.173 2.582 2.744 2.857 2.889 2.869 2.662 2.560 
5.500 10.760 -0.092 0.851 1.691 2.146 2.556 2.717 2.826 2.847 2.828 2.627 2.518 
5.500 11.180 -0.098 0.818 1.656 2.116 2.526 2.687 2.792 2.804 2.785 2.590 2.473 
5.500 11.820 -0.111 0.785 1.623 2.089 2.501 2.659 2.761 2.774 2.757 2.563 2.432 
5.500 12.770 -0.120 0.751 1.591 2.062 2.475 2.631 2.729 2.743 2.729 2.535 2.392 
5.500 14.140 -0.127 0.717 1.558 2.035 2.449 2.602 2.698 2.713 2.700 2.508 2.351 
5.500 16.080 -0.150 0.669 1.509 1.985 2.399 2.548 2.643 2.671 2.660 2.469 2.297 
5.500 18.740 -0.175 0.619 1.457 1.932 2.344 2.489 2.585 2.628 2.617 2.428 2.240 
5.500 22.320 -0.202 0.568 1.405 1.878 2.288 2.429 2.526 2.584 2.573 2.387 2.182 
5.500 27.040 -0.235 0.509 1.344 1.816 2.223 2.362 2.459 2.532 2.521 2.339 2.119 
5.500 33.160 -0.281 0.441 1.272 1.743 2.146 2.286 2.381 2.469 2.457 2.281 2.048 
5.500 41.050 -0.351 0.338 1.155 1.617 2.013 2.156 2.254 2.343 2.324 2.158 1.922 
5.500 51.110 -0.425 0.234 1.037 1.492 1.881 2.027 2.127 2.216 2.188 2.032 1.795 
5.500 63.890 -0.494 0.133 0.928 1.386 1.770 1.920 2.011 2.090 2.046 1.905 1.683 
5.500 80.060 -0.568 0.030 0.815 1.276 1.656 1.809 1.893 1.962 1.901 1.775 1.567 
5.500 100.500 -0.645 -0.078 0.699 1.163 1.537 1.694 1.770 1.829 1.752 1.641 1.447 
5.500 126.290 -0.706 -0.169 0.611 1.082 1.448 1.598 1.657 1.688 1.592 1.501 1.344 
5.500 158.810 -0.770 -0.262 0.526 1.006 1.363 1.502 1.540 1.537 1.419 1.351 1.238 
5.500 199.780 -0.833 -0.355 0.442 0.930 1.277 1.405 1.422 1.386 1.247 1.201 1.133 
5.500 251.390 -0.901 -0.454 0.353 0.845 1.179 1.290 1.287 1.215 1.057 1.033 1.014 
5.500 316.390 -0.982 -0.564 0.257 0.744 1.056 1.142 1.115 1.005 0.832 0.830 0.870 
5.500 398.240 -1.063 -0.675 0.161 0.642 0.933 0.993 0.943 0.795 0.608 0.628 0.726 
5.500 501.290 -1.143 -0.785 0.064 0.541 0.811 0.845 0.771 0.586 0.383 0.426 0.581 
5.500 631.040 -1.260 -0.932 -0.051 0.442 0.723 0.761 0.687 0.494 0.283 0.327 0.449 
5.500 794.390 -1.379 -1.080 -0.168 0.344 0.637 0.680 0.606 0.408 0.188 0.232 0.318 
5.750 10.050 0.303 1.195 1.982 2.384 2.751 2.892 2.999 3.034 3.008 2.788 2.745 
5.750 10.080 0.301 1.192 1.980 2.384 2.751 2.892 2.998 3.030 3.005 2.783 2.742 
5.750 10.120 0.299 1.190 1.978 2.383 2.751 2.892 2.997 3.027 3.001 2.779 2.738 
5.750 10.200 0.296 1.188 1.976 2.382 2.751 2.891 2.996 3.023 2.997 2.775 2.735 
5.750 10.310 0.281 1.172 1.960 2.369 2.739 2.879 2.980 3.001 2.977 2.756 2.713 
5.750 10.490 0.257 1.148 1.936 2.349 2.719 2.859 2.957 2.970 2.945 2.729 2.680 
5.750 10.760 0.238 1.124 1.912 2.328 2.699 2.838 2.932 2.938 2.913 2.701 2.647 
5.750 11.180 0.228 1.093 1.880 2.299 2.671 2.809 2.901 2.899 2.874 2.666 2.606 
5.750 11.820 0.205 1.041 1.824 2.246 2.617 2.754 2.844 2.838 2.812 2.608 2.538 
5.750 12.770 0.188 1.002 1.786 2.212 2.583 2.718 2.806 2.800 2.776 2.574 2.491 
5.750 14.140 0.182 0.967 1.753 2.184 2.556 2.689 2.773 2.770 2.748 2.548 2.451 
5.750 16.080 0.156 0.918 1.703 2.134 2.504 2.634 2.719 2.727 2.707 2.511 2.397 
5.750 18.740 0.129 0.866 1.649 2.079 2.448 2.574 2.660 2.682 2.664 2.471 2.341 
5.750 22.320 0.101 0.814 1.596 2.024 2.391 2.515 2.601 2.637 2.620 2.432 2.284 
5.750 27.040 0.064 0.755 1.534 1.961 2.326 2.448 2.535 2.585 2.568 2.386 2.222 
5.750 33.160 0.017 0.688 1.464 1.889 2.250 2.373 2.460 2.524 2.507 2.334 2.156 
5.750 41.050 -0.033 0.617 1.388 1.810 2.167 2.292 2.379 2.457 2.439 2.275 2.083 
5.750 51.110 -0.107 0.514 1.272 1.686 2.036 2.165 2.255 2.333 2.307 2.155 1.961 
5.750 63.890 -0.178 0.416 1.165 1.582 1.927 2.059 2.142 2.211 2.170 2.033 1.852 
5.750 80.060 -0.252 0.314 1.055 1.474 1.814 1.949 2.025 2.085 2.030 1.908 1.740 
5.750 100.500 -0.331 0.208 0.941 1.362 1.696 1.836 1.904 1.956 1.885 1.779 1.623 
5.750 126.290 -0.392 0.118 0.856 1.284 1.609 1.740 1.793 1.819 1.728 1.642 1.523 
5.750 158.810 -0.455 0.028 0.776 1.211 1.526 1.645 1.677 1.672 1.559 1.494 1.421 
5.750 199.780 -0.518 -0.063 0.695 1.138 1.443 1.550 1.561 1.525 1.390 1.346 1.320 
5.750 251.390 -0.588 -0.159 0.610 1.057 1.348 1.437 1.427 1.358 1.203 1.180 1.205 
5.750 316.390 -0.669 -0.266 0.518 0.959 1.229 1.291 1.257 1.152 0.982 0.980 1.065 
5.750 398.240 -0.748 -0.374 0.425 0.861 1.109 1.145 1.087 0.947 0.761 0.780 0.925 
5.750 501.290 -0.829 -0.481 0.333 0.763 0.990 0.999 0.917 0.742 0.539 0.580 0.785 
5.750 631.040 -0.938 -0.617 0.227 0.673 0.909 0.921 0.839 0.656 0.445 0.487 0.661 
5.750 794.390 -1.047 -0.754 0.120 0.583 0.829 0.846 0.764 0.576 0.356 0.398 0.537 
6.000 10.050 0.627 1.449 2.181 2.548 2.878 2.998 3.087 3.093 3.064 2.838 2.846 
6.000 10.080 0.625 1.448 2.180 2.548 2.879 2.998 3.086 3.091 3.062 2.835 2.844 
6.000 10.120 0.624 1.446 2.179 2.547 2.879 2.997 3.085 3.089 3.060 2.832 2.842 
6.000 10.200 0.622 1.445 2.178 2.547 2.879 2.997 3.084 3.086 3.058 2.828 2.840 
6.000 10.310 0.610 1.433 2.167 2.538 2.871 2.988 3.073 3.072 3.043 2.815 2.824 
6.000 10.490 0.592 1.415 2.150 2.524 2.857 2.974 3.056 3.050 3.021 2.795 2.801 
6.000 10.760 0.574 1.396 2.133 2.510 2.843 2.959 3.038 3.029 2.998 2.776 2.777 
6.000 11.180 0.552 1.370 2.107 2.487 2.819 2.935 3.012 2.998 2.967 2.747 2.743 
6.000 11.820 0.524 1.318 2.052 2.434 2.766 2.880 2.956 2.939 2.908 2.692 2.677 
6.000 12.770 0.502 1.266 1.998 2.381 2.712 2.825 2.900 2.880 2.849 2.637 2.611 
6.000 14.140 0.482 1.217 1.947 2.334 2.664 2.775 2.849 2.827 2.796 2.588 2.551 
6.000 16.080 0.455 1.167 1.896 2.282 2.610 2.719 2.794 2.783 2.755 2.552 2.498 
6.000 18.740 0.425 1.113 1.842 2.226 2.553 2.660 2.735 2.737 2.710 2.514 2.442 
6.000 22.320 0.394 1.060 1.787 2.170 2.495 2.599 2.676 2.690 2.665 2.476 2.385 
6.000 27.040 0.356 1.000 1.724 2.106 2.428 2.533 2.610 2.637 2.614 2.433 2.325 
6.000 33.160 0.307 0.934 1.654 2.032 2.351 2.458 2.536 2.577 2.554 2.384 2.261 
6.000 41.050 0.257 0.866 1.582 1.957 2.273 2.382 2.461 2.516 2.493 2.334 2.195 
6.000 51.110 0.205 0.795 1.506 1.880 2.192 2.303 2.383 2.450 2.426 2.278 2.126 
6.000 63.890 0.134 0.698 1.402 1.777 2.084 2.198 2.272 2.331 2.294 2.161 2.021 
6.000 80.060 0.059 0.598 1.295 1.672 1.972 2.090 2.158 2.209 2.158 2.042 1.912 
6.000 100.500 -0.019 0.493 1.183 1.562 1.856 1.977 2.039 2.083 2.018 1.917 1.799 
6.000 126.290 -0.083 0.406 1.102 1.486 1.771 1.883 1.929 1.950 1.865 1.783 1.703 
6.000 158.810 -0.146 0.318 1.025 1.416 1.690 1.788 1.815 1.807 1.699 1.638 1.605 
6.000 199.780 -0.210 0.230 0.948 1.346 1.610 1.694 1.700 1.664 1.533 1.492 1.506 
6.000 251.390 -0.279 0.136 0.868 1.268 1.517 1.583 1.567 1.501 1.350 1.328 1.395 
6.000 316.390 -0.359 0.032 0.779 1.174 1.401 1.439 1.399 1.300 1.132 1.131 1.260 
6.000 398.240 -0.439 -0.073 0.690 1.080 1.285 1.296 1.231 1.099 0.914 0.933 1.124 
6.000 501.290 -0.519 -0.177 0.601 0.986 1.168 1.153 1.064 0.898 0.696 0.735 0.989 
6.000 631.040 -0.619 -0.302 0.505 0.903 1.094 1.080 0.990 0.818 0.607 0.647 0.872 
6.000 794.390 -0.721 -0.428 0.408 0.821 1.021 1.011 0.921 0.744 0.524 0.564 0.756 
6.250 10.050 0.911 1.673 2.353 2.685 2.984 3.087 3.165 3.157 3.122 2.894 2.949 
6.250 10.080 0.910 1.672 2.353 2.685 2.984 3.087 3.165 3.156 3.121 2.892 2.948 
6.250 10.120 0.909 1.671 2.352 2.685 2.984 3.087 3.164 3.154 3.120 2.891 2.947 
6.250 10.200 0.909 1.670 2.351 2.684 2.984 3.087 3.163 3.153 3.119 2.889 2.945 
6.250 10.310 0.901 1.663 2.345 2.680 2.980 3.082 3.158 3.145 3.111 2.880 2.936 
6.250 10.490 0.891 1.653 2.336 2.673 2.973 3.075 3.148 3.134 3.099 2.868 2.923 
6.250 10.760 0.880 1.642 2.326 2.666 2.966 3.068 3.139 3.122 3.087 2.855 2.909 
6.250 11.180 0.860 1.622 2.307 2.649 2.949 3.050 3.119 3.100 3.064 2.833 2.883 
6.250 11.820 0.811 1.572 2.256 2.600 2.899 2.999 3.067 3.045 3.009 2.783 2.821 
6.250 12.770 0.789 1.522 2.205 2.551 2.849 2.947 3.014 2.990 2.954 2.733 2.759 
6.250 14.140 0.768 1.471 2.154 2.501 2.799 2.895 2.961 2.934 2.898 2.682 2.697 
6.250 16.080 0.723 1.393 2.069 2.412 2.707 2.803 2.871 2.845 2.807 2.600 2.603 
6.250 18.740 0.688 1.334 2.010 2.352 2.645 2.740 2.809 2.792 2.757 2.558 2.542 
6.250 22.320 0.651 1.276 1.952 2.294 2.587 2.679 2.749 2.743 2.710 2.519 2.483 
6.250 27.040 0.608 1.213 1.888 2.228 2.519 2.611 2.682 2.688 2.657 2.476 2.422 
6.250 33.160 0.558 1.144 1.815 2.154 2.441 2.535 2.608 2.626 2.596 2.428 2.356 
6.250 41.050 0.502 1.073 1.742 2.077 2.362 2.458 2.532 2.563 2.535 2.379 2.290 
6.250 51.110 0.447 1.002 1.668 2.003 2.284 2.381 2.456 2.499 2.472 2.329 2.224 
6.250 63.890 0.391 0.930 1.598 1.939 2.217 2.313 2.382 2.428 2.394 2.266 2.162 
6.250 80.060 0.312 0.828 1.490 1.831 2.102 2.201 2.265 2.305 2.259 2.147 2.053 
6.250 100.500 0.227 0.722 1.377 1.720 1.984 2.085 2.144 2.177 2.119 2.024 1.939 
6.250 126.290 0.161 0.634 1.295 1.643 1.898 1.989 2.033 2.046 1.970 1.892 1.843 
6.250 158.810 0.094 0.546 1.218 1.573 1.816 1.893 1.917 1.905 1.808 1.749 1.746 
6.250 199.780 0.029 0.458 1.141 1.502 1.734 1.797 1.801 1.764 1.647 1.605 1.649 
6.250 251.390 -0.042 0.365 1.060 1.424 1.642 1.685 1.668 1.605 1.468 1.444 1.540 
6.250 316.390 -0.123 0.262 0.973 1.331 1.526 1.543 1.501 1.408 1.255 1.250 1.407 
6.250 398.240 -0.206 0.158 0.885 1.238 1.410 1.400 1.334 1.211 1.042 1.056 1.274 
6.250 501.290 -0.287 0.055 0.797 1.145 1.295 1.257 1.167 1.014 0.829 0.862 1.141 
6.250 631.040 -0.382 -0.062 0.708 1.068 1.225 1.188 1.097 0.939 0.745 0.778 1.029 
6.250 794.390 -0.477 -0.179 0.619 0.992 1.157 1.123 1.032 0.868 0.667 0.700 0.919 
6.500 10.050 1.194 1.897 2.525 2.823 3.089 3.177 3.244 3.221 3.181 2.950 3.052 
6.500 10.080 1.194 1.897 2.525 2.823 3.089 3.177 3.243 3.220 3.181 2.950 3.052 
6.500 10.120 1.194 1.897 2.525 2.822 3.089 3.177 3.243 3.220 3.180 2.950 3.052 
6.500 10.200 1.193 1.896 2.524 2.822 3.088 3.176 3.243 3.220 3.180 2.949 3.051 
6.500 10.310 1.191 1.894 2.523 2.822 3.089 3.176 3.242 3.219 3.179 2.946 3.049 
6.500 10.490 1.188 1.891 2.522 2.822 3.090 3.176 3.241 3.217 3.177 2.940 3.045 
6.500 10.760 1.185 1.888 2.520 2.822 3.090 3.176 3.240 3.216 3.176 2.935 3.041 
6.500 11.180 1.171 1.874 2.507 2.811 3.080 3.165 3.227 3.203 3.162 2.920 3.024 
6.500 11.820 1.123 1.826 2.460 2.766 3.033 3.117 3.178 3.151 3.110 2.875 2.965 
6.500 12.770 1.075 1.778 2.413 2.720 2.987 3.070 3.128 3.100 3.058 2.829 2.907 
6.500 14.140 1.049 1.730 2.365 2.674 2.940 3.021 3.078 3.048 3.006 2.783 2.848 
6.500 16.080 1.002 1.648 2.278 2.584 2.847 2.929 2.988 2.956 2.913 2.701 2.753 
6.500 18.740 0.947 1.561 2.185 2.486 2.747 2.829 2.891 2.858 2.814 2.612 2.650 
6.500 22.320 0.902 1.493 2.118 2.419 2.679 2.759 2.822 2.796 2.755 2.562 2.581 
6.500 27.040 0.855 1.426 2.051 2.351 2.610 2.690 2.755 2.738 2.700 2.519 2.518 
6.500 33.160 0.799 1.354 1.977 2.275 2.531 2.612 2.679 2.674 2.638 2.472 2.451 
6.500 41.050 0.741 1.281 1.902 2.198 2.451 2.533 2.603 2.609 2.576 2.424 2.384 
6.500 51.110 0.680 1.207 1.827 2.121 2.372 2.454 2.525 2.543 2.512 2.375 2.318 
6.500 63.890 0.625 1.139 1.763 2.064 2.311 2.392 2.457 2.481 2.446 2.324 2.264 
6.500 80.060 0.557 1.059 1.684 1.991 2.233 2.313 2.372 2.400 2.360 2.253 2.193 
6.500 100.500 0.471 0.950 1.570 1.877 2.112 2.194 2.249 2.271 2.221 2.131 2.080 
6.500 126.290 0.402 0.862 1.488 1.800 2.024 2.096 2.136 2.142 2.075 2.001 1.984 
6.500 158.810 0.334 0.774 1.411 1.729 1.942 1.998 2.019 2.003 1.918 1.860 1.888 
6.500 199.780 0.264 0.687 1.334 1.658 1.859 1.900 1.902 1.865 1.761 1.719 1.792 
6.500 251.390 0.189 0.594 1.253 1.579 1.766 1.788 1.768 1.709 1.586 1.561 1.684 
6.500 316.390 0.106 0.491 1.166 1.488 1.651 1.646 1.603 1.516 1.378 1.370 1.554 
6.500 398.240 0.023 0.389 1.080 1.396 1.536 1.504 1.436 1.323 1.170 1.179 1.423 
6.500 501.290 -0.061 0.287 0.993 1.303 1.421 1.361 1.271 1.130 0.962 0.988 1.293 
6.500 631.040 -0.151 0.178 0.911 1.233 1.356 1.297 1.205 1.059 0.884 0.909 1.187 
6.500 794.390 -0.241 0.070 0.829 1.163 1.293 1.235 1.143 0.993 0.810 0.835 1.082 
6.750 10.050 1.432 2.083 2.662 2.935 3.181 3.257 3.313 3.282 3.232 2.992 3.143 
6.750 10.080 1.431 2.082 2.662 2.934 3.181 3.257 3.312 3.281 3.232 2.992 3.142 
6.750 10.120 1.431 2.082 2.662 2.934 3.181 3.256 3.312 3.281 3.232 2.992 3.142 
6.750 10.200 1.431 2.082 2.661 2.934 3.181 3.256 3.312 3.281 3.231 2.991 3.142 
6.750 10.310 1.429 2.080 2.661 2.934 3.181 3.256 3.311 3.280 3.231 2.989 3.140 
6.750 10.490 1.427 2.078 2.659 2.934 3.181 3.255 3.310 3.279 3.230 2.985 3.138 
6.750 10.760 1.425 2.076 2.658 2.933 3.181 3.255 3.309 3.278 3.228 2.982 3.135 
6.750 11.180 1.417 2.068 2.651 2.927 3.174 3.248 3.302 3.270 3.220 2.972 3.124 
6.750 11.820 1.389 2.040 2.624 2.901 3.149 3.222 3.274 3.241 3.191 2.945 3.091 
6.750 12.770 1.361 2.012 2.596 2.875 3.122 3.195 3.246 3.211 3.161 2.917 3.057 
6.750 14.140 1.332 1.983 2.569 2.849 3.095 3.168 3.218 3.181 3.131 2.889 3.022 
6.750 16.080 1.259 1.898 2.480 2.757 3.002 3.075 3.126 3.088 3.038 2.808 2.924 
6.750 18.740 1.202 1.802 2.381 2.655 2.897 2.970 3.024 2.985 2.934 2.717 2.815 
6.750 22.320 1.140 1.706 2.282 2.552 2.792 2.864 2.921 2.881 2.830 2.626 2.705 
6.750 27.040 1.077 1.622 2.198 2.466 2.705 2.777 2.835 2.802 2.753 2.564 2.622 
6.750 33.160 1.016 1.544 2.120 2.386 2.623 2.695 2.755 2.734 2.689 2.515 2.551 
6.750 41.050 0.949 1.465 2.040 2.305 2.541 2.612 2.674 2.665 2.623 2.466 2.481 
6.750 51.110 0.881 1.385 1.961 2.225 2.459 2.530 2.593 2.596 2.558 2.417 2.411 
6.750 63.890 0.820 1.314 1.894 2.163 2.393 2.461 2.519 2.531 2.490 2.366 2.355 
6.750 80.060 0.755 1.240 1.824 2.098 2.325 2.390 2.443 2.464 2.422 2.314 2.297 
6.750 100.500 0.674 1.145 1.728 2.005 2.226 2.290 2.339 2.363 2.316 2.225 2.209 
6.750 126.290 0.602 1.057 1.644 1.923 2.133 2.188 2.224 2.235 2.173 2.098 2.113 
6.750 158.810 0.532 0.970 1.565 1.849 2.046 2.087 2.107 2.100 2.021 1.960 2.017 
6.750 199.780 0.461 0.883 1.485 1.775 1.959 1.986 1.990 1.965 1.868 1.823 1.922 
6.750 251.390 0.385 0.791 1.404 1.695 1.862 1.872 1.857 1.812 1.699 1.669 1.815 
6.750 316.390 0.300 0.690 1.317 1.603 1.746 1.730 1.693 1.624 1.496 1.483 1.686 
6.750 398.240 0.217 0.589 1.230 1.511 1.630 1.588 1.529 1.435 1.293 1.297 1.558 
6.750 501.290 0.130 0.488 1.143 1.419 1.513 1.446 1.365 1.247 1.090 1.110 1.430 
6.750 631.040 0.045 0.387 1.066 1.352 1.451 1.384 1.303 1.180 1.016 1.036 1.329 
6.750 794.390 -0.040 0.286 0.990 1.286 1.391 1.326 1.244 1.118 0.947 0.967 1.229 
7.000 10.050 1.665 2.268 2.799 3.047 3.274 3.337 3.382 3.343 3.284 3.034 3.233 
7.000 10.080 1.665 2.268 2.799 3.046 3.273 3.337 3.381 3.342 3.284 3.034 3.233 
7.000 10.120 1.665 2.268 2.799 3.046 3.273 3.336 3.381 3.342 3.283 3.034 3.232 
7.000 10.200 1.664 2.267 2.798 3.046 3.272 3.336 3.381 3.342 3.283 3.033 3.232 
7.000 10.310 1.663 2.266 2.798 3.045 3.272 3.335 3.380 3.341 3.283 3.032 3.231 
7.000 10.490 1.663 2.266 2.797 3.045 3.272 3.335 3.380 3.340 3.282 3.031 3.230 
7.000 10.760 1.661 2.264 2.796 3.045 3.271 3.334 3.379 3.340 3.281 3.029 3.229 
7.000 11.180 1.658 2.262 2.794 3.043 3.269 3.332 3.377 3.337 3.278 3.025 3.225 
7.000 11.820 1.651 2.254 2.787 3.037 3.264 3.327 3.371 3.330 3.271 3.015 3.216 
7.000 12.770 1.643 2.246 2.780 3.030 3.257 3.321 3.364 3.323 3.264 3.005 3.206 
7.000 14.140 1.634 2.237 2.773 3.023 3.251 3.315 3.357 3.314 3.256 2.994 3.196 
7.000 16.080 1.544 2.147 2.683 2.931 3.157 3.220 3.265 3.221 3.163 2.915 3.095 
7.000 18.740 1.442 2.044 2.578 2.824 3.048 3.111 3.157 3.113 3.055 2.823 2.980 
7.000 22.320 1.377 1.939 2.473 2.717 2.938 3.001 3.049 3.003 2.946 2.730 2.863 
7.000 27.040 1.299 1.829 2.358 2.596 2.816 2.879 2.930 2.883 2.826 2.628 2.741 
7.000 33.160 1.224 1.734 2.262 2.497 2.716 2.778 2.832 2.794 2.739 2.559 2.652 
7.000 41.050 1.151 1.649 2.179 2.412 2.631 2.691 2.746 2.721 2.671 2.509 2.577 
7.000 51.110 1.076 1.563 2.095 2.328 2.546 2.605 2.661 2.648 2.603 2.458 2.503 
7.000 63.890 1.011 1.489 2.024 2.261 2.475 2.530 2.582 2.580 2.535 2.408 2.446 
7.000 80.060 0.940 1.411 1.950 2.191 2.401 2.452 2.500 2.511 2.464 2.356 2.386 
7.000 100.500 0.865 1.331 1.874 2.118 2.325 2.372 2.416 2.439 2.392 2.301 2.323 
7.000 126.290 0.799 1.251 1.799 2.047 2.243 2.280 2.312 2.328 2.270 2.194 2.242 
7.000 158.810 0.726 1.165 1.718 1.970 2.150 2.176 2.195 2.197 2.123 2.061 2.147 
7.000 199.780 0.653 1.079 1.637 1.893 2.058 2.072 2.077 2.065 1.976 1.927 2.051 
7.000 251.390 0.576 0.988 1.554 1.810 1.958 1.956 1.945 1.916 1.812 1.778 1.945 
7.000 316.390 0.490 0.888 1.467 1.718 1.840 1.814 1.783 1.731 1.613 1.596 1.819 
7.000 398.240 0.404 0.789 1.380 1.626 1.723 1.672 1.621 1.547 1.415 1.414 1.693 
7.000 501.290 0.317 0.690 1.293 1.534 1.605 1.531 1.460 1.363 1.217 1.233 1.566 
7.000 631.040 0.236 0.596 1.221 1.471 1.546 1.472 1.400 1.301 1.148 1.163 1.470 
7.000 794.390 0.155 0.502 1.151 1.409 1.490 1.416 1.345 1.243 1.084 1.098 1.376 
7.250 10.050 1.853 2.414 2.903 3.133 3.350 3.406 3.447 3.407 3.347 3.076 3.311 
7.250 10.080 1.853 2.414 2.903 3.133 3.350 3.406 3.447 3.407 3.347 3.076 3.310 
7.250 10.120 1.852 2.414 2.903 3.133 3.350 3.406 3.447 3.407 3.346 3.076 3.310 
7.250 10.200 1.852 2.413 2.902 3.132 3.349 3.405 3.446 3.406 3.346 3.075 3.310 
7.250 10.310 1.851 2.413 2.902 3.132 3.349 3.405 3.446 3.406 3.345 3.074 3.309 
7.250 10.490 1.850 2.412 2.901 3.131 3.348 3.404 3.445 3.405 3.345 3.073 3.308 
7.250 10.760 1.850 2.411 2.900 3.131 3.348 3.403 3.444 3.404 3.344 3.072 3.307 
7.250 11.180 1.848 2.409 2.899 3.129 3.346 3.402 3.443 3.402 3.342 3.069 3.304 
7.250 11.820 1.842 2.404 2.895 3.126 3.344 3.400 3.440 3.398 3.337 3.060 3.299 
7.250 12.770 1.837 2.398 2.890 3.123 3.341 3.397 3.436 3.393 3.332 3.052 3.292 
7.250 14.140 1.831 2.392 2.886 3.119 3.337 3.393 3.432 3.388 3.326 3.042 3.285 
7.250 16.080 1.767 2.329 2.823 3.054 3.272 3.328 3.368 3.322 3.261 2.987 3.215 
7.250 18.740 1.694 2.255 2.749 2.979 3.196 3.251 3.293 3.246 3.186 2.924 3.133 
7.250 22.320 1.619 2.180 2.675 2.903 3.118 3.174 3.217 3.169 3.110 2.861 3.051 
7.250 27.040 1.545 2.076 2.568 2.792 3.005 3.061 3.106 3.057 2.998 2.767 2.939 
7.250 33.160 1.441 1.940 2.426 2.642 2.852 2.909 2.957 2.908 2.847 2.642 2.795 
7.250 41.050 1.343 1.825 2.312 2.525 2.735 2.790 2.839 2.800 2.741 2.559 2.686 
7.250 51.110 1.251 1.725 2.217 2.431 2.641 2.693 2.742 2.717 2.663 2.503 2.601 
7.250 63.890 1.176 1.644 2.139 2.355 2.562 2.611 2.656 2.644 2.591 2.451 2.538 
7.250 80.060 1.096 1.560 2.059 2.277 2.482 2.527 2.568 2.570 2.517 2.398 2.473 
7.250 100.500 1.012 1.473 1.975 2.196 2.399 2.440 2.477 2.493 2.441 2.342 2.405 
7.250 126.290 0.959 1.417 1.928 2.156 2.350 2.383 2.408 2.429 2.371 2.286 2.363 
7.250 158.810 0.886 1.332 1.845 2.074 2.253 2.278 2.294 2.302 2.230 2.159 2.269 
7.250 199.780 0.812 1.247 1.761 1.990 2.155 2.173 2.178 2.174 2.087 2.031 2.173 
7.250 251.390 0.733 1.157 1.675 1.903 2.050 2.055 2.047 2.028 1.927 1.886 2.068 
7.250 316.390 0.645 1.060 1.586 1.808 1.929 1.913 1.888 1.847 1.732 1.709 1.943 
7.250 398.240 0.559 0.962 1.498 1.713 1.809 1.771 1.728 1.666 1.538 1.531 1.818 
7.250 501.290 0.470 0.864 1.409 1.618 1.688 1.629 1.569 1.485 1.343 1.354 1.693 
7.250 631.040 0.393 0.777 1.342 1.558 1.632 1.574 1.514 1.427 1.279 1.289 1.601 
7.250 794.390 0.317 0.690 1.275 1.500 1.579 1.522 1.463 1.374 1.219 1.228 1.512 
7.500 10.050 2.035 2.560 3.007 3.220 3.427 3.476 3.513 3.472 3.410 3.118 3.388 
7.500 10.080 2.035 2.560 3.007 3.220 3.427 3.476 3.512 3.471 3.410 3.118 3.388 
7.500 10.120 2.035 2.560 3.007 3.219 3.427 3.475 3.512 3.471 3.409 3.118 3.388 
7.500 10.200 2.034 2.559 3.006 3.219 3.427 3.475 3.512 3.471 3.409 3.117 3.387 
7.500 10.310 2.034 2.559 3.006 3.218 3.426 3.474 3.511 3.470 3.408 3.117 3.387 
7.500 10.490 2.033 2.558 3.005 3.218 3.425 3.474 3.511 3.469 3.408 3.116 3.386 
7.500 10.760 2.032 2.557 3.004 3.217 3.424 3.473 3.510 3.469 3.407 3.115 3.385 
7.500 11.180 2.031 2.556 3.003 3.216 3.424 3.472 3.509 3.468 3.406 3.113 3.384 
7.500 11.820 2.029 2.553 3.002 3.216 3.424 3.472 3.509 3.466 3.403 3.106 3.381 
7.500 12.770 2.026 2.550 3.000 3.215 3.424 3.472 3.508 3.464 3.400 3.098 3.378 
7.500 14.140 2.023 2.547 2.998 3.214 3.423 3.472 3.508 3.462 3.396 3.090 3.374 
7.500 16.080 1.985 2.510 2.962 3.177 3.386 3.435 3.471 3.424 3.359 3.060 3.334 
7.500 18.740 1.941 2.466 2.920 3.134 3.343 3.391 3.428 3.379 3.316 3.026 3.287 
7.500 22.320 1.897 2.421 2.877 3.090 3.298 3.347 3.384 3.334 3.273 2.991 3.239 
7.500 27.040 1.799 2.324 2.779 2.987 3.195 3.243 3.282 3.231 3.169 2.907 3.136 
7.500 33.160 1.656 2.169 2.620 2.822 3.026 3.075 3.115 3.065 3.001 2.769 2.975 
7.500 41.050 1.533 2.012 2.460 2.654 2.856 2.905 2.947 2.897 2.832 2.630 2.811 
7.500 51.110 1.421 1.887 2.340 2.534 2.736 2.781 2.822 2.785 2.722 2.548 2.698 
7.500 63.890 1.337 1.799 2.254 2.449 2.650 2.692 2.730 2.708 2.647 2.495 2.630 
7.500 80.060 1.248 1.708 2.166 2.362 2.562 2.601 2.635 2.628 2.569 2.440 2.560 
7.500 100.500 1.155 1.614 2.076 2.273 2.471 2.508 2.538 2.547 2.490 2.382 2.487 
7.500 126.290 1.097 1.557 2.024 2.225 2.416 2.446 2.468 2.483 2.421 2.329 2.442 
7.500 158.810 1.042 1.500 1.972 2.177 2.356 2.380 2.393 2.407 2.337 2.258 2.391 
7.500 199.780 0.966 1.415 1.884 2.088 2.252 2.273 2.278 2.283 2.198 2.134 2.295 
7.500 251.390 0.886 1.327 1.796 1.996 2.142 2.154 2.150 2.140 2.042 1.994 2.190 
7.500 316.390 0.797 1.231 1.706 1.898 2.018 2.012 1.992 1.962 1.851 1.821 2.067 
7.500 398.240 0.708 1.135 1.616 1.800 1.895 1.870 1.835 1.785 1.661 1.648 1.943 
7.500 501.290 0.619 1.038 1.525 1.703 1.772 1.729 1.678 1.607 1.470 1.475 1.819 
7.500 631.040 0.545 0.957 1.462 1.646 1.718 1.677 1.627 1.554 1.410 1.415 1.733 
7.500 794.390 0.472 0.877 1.399 1.591 1.668 1.629 1.580 1.505 1.355 1.359 1.647 
7.750 10.050 2.170 2.663 3.070 3.269 3.474 3.520 3.559 3.519 3.459 3.154 3.451 
7.750 10.080 2.170 2.662 3.069 3.269 3.474 3.519 3.559 3.519 3.459 3.153 3.450 
7.750 10.120 2.169 2.662 3.069 3.269 3.473 3.519 3.559 3.519 3.458 3.153 3.450 
7.750 10.200 2.169 2.662 3.069 3.268 3.473 3.518 3.558 3.518 3.458 3.153 3.450 
7.750 10.310 2.168 2.661 3.068 3.268 3.472 3.518 3.558 3.518 3.457 3.152 3.449 
7.750 10.490 2.168 2.661 3.068 3.267 3.472 3.517 3.557 3.517 3.457 3.152 3.448 
7.750 10.760 2.167 2.660 3.067 3.266 3.471 3.517 3.556 3.516 3.456 3.151 3.448 
7.750 11.180 2.166 2.659 3.066 3.265 3.470 3.516 3.555 3.515 3.455 3.149 3.447 
7.750 11.820 2.164 2.657 3.064 3.264 3.470 3.515 3.555 3.514 3.453 3.145 3.444 
7.750 12.770 2.162 2.654 3.063 3.263 3.469 3.514 3.554 3.512 3.450 3.140 3.442 
7.750 14.140 2.159 2.652 3.061 3.262 3.467 3.513 3.552 3.510 3.448 3.135 3.439 
7.750 16.080 2.139 2.631 3.042 3.243 3.448 3.494 3.533 3.489 3.427 3.116 3.418 
7.750 18.740 2.114 2.607 3.019 3.220 3.426 3.472 3.511 3.465 3.403 3.095 3.393 
7.750 22.320 2.089 2.582 2.996 3.196 3.403 3.450 3.489 3.439 3.378 3.073 3.367 
7.750 27.040 2.011 2.504 2.919 3.116 3.322 3.369 3.408 3.358 3.297 3.006 3.286 
7.750 33.160 1.875 2.368 2.783 2.976 3.179 3.226 3.266 3.216 3.154 2.893 3.145 
7.750 41.050 1.738 2.230 2.646 2.833 3.034 3.080 3.122 3.073 3.009 2.777 3.002 
7.750 51.110 1.625 2.090 2.505 2.687 2.885 2.931 2.974 2.925 2.859 2.657 2.857 
7.750 63.890 1.508 1.963 2.378 2.559 2.756 2.800 2.840 2.801 2.733 2.559 2.743 
7.750 80.060 1.396 1.853 2.273 2.457 2.655 2.695 2.730 2.709 2.643 2.495 2.658 
7.750 100.500 1.278 1.740 2.166 2.353 2.551 2.588 2.618 2.615 2.551 2.429 2.570 
7.750 126.290 1.212 1.676 2.104 2.295 2.488 2.520 2.543 2.547 2.479 2.375 2.518 
7.750 158.810 1.158 1.625 2.056 2.251 2.437 2.463 2.477 2.486 2.411 2.323 2.477 
7.750 199.780 1.096 1.564 1.994 2.191 2.368 2.390 2.397 2.405 2.321 2.250 2.418 
7.750 251.390 1.013 1.476 1.901 2.093 2.255 2.270 2.268 2.264 2.168 2.114 2.312 
7.750 316.390 0.922 1.380 1.808 1.992 2.130 2.127 2.112 2.087 1.978 1.943 2.189 
7.750 398.240 0.830 1.285 1.715 1.890 2.005 1.985 1.955 1.910 1.788 1.773 2.065 
7.750 501.290 0.739 1.189 1.622 1.789 1.879 1.843 1.798 1.734 1.599 1.602 1.941 
7.750 631.040 0.669 1.113 1.562 1.735 1.830 1.795 1.751 1.685 1.543 1.546 1.859 
7.750 794.390 0.598 1.038 1.503 1.683 1.783 1.751 1.709 1.641 1.493 1.495 1.778 
8.000 10.050 2.299 2.765 3.132 3.319 3.520 3.563 3.606 3.567 3.508 3.189 3.513 
8.000 10.080 2.299 2.765 3.132 3.319 3.520 3.563 3.606 3.566 3.508 3.189 3.513 
8.000 10.120 2.298 2.765 3.132 3.318 3.520 3.562 3.605 3.566 3.507 3.189 3.513 
8.000 10.200 2.298 2.764 3.131 3.318 3.519 3.562 3.605 3.566 3.507 3.188 3.512 
8.000 10.310 2.297 2.764 3.131 3.317 3.519 3.561 3.604 3.565 3.506 3.188 3.512 
8.000 10.490 2.297 2.763 3.130 3.317 3.518 3.561 3.604 3.564 3.506 3.187 3.511 
8.000 10.760 2.296 2.762 3.129 3.316 3.517 3.560 3.603 3.564 3.505 3.186 3.510 
8.000 11.180 2.295 2.761 3.128 3.315 3.516 3.559 3.602 3.563 3.504 3.185 3.509 
8.000 11.820 2.294 2.760 3.127 3.313 3.515 3.558 3.600 3.561 3.503 3.184 3.508 
8.000 12.770 2.292 2.758 3.125 3.312 3.514 3.556 3.599 3.560 3.501 3.182 3.506 
8.000 14.140 2.290 2.756 3.123 3.310 3.511 3.554 3.597 3.558 3.499 3.180 3.504 
8.000 16.080 2.286 2.753 3.121 3.308 3.511 3.554 3.596 3.554 3.495 3.173 3.502 
8.000 18.740 2.282 2.748 3.118 3.306 3.510 3.554 3.595 3.550 3.490 3.164 3.499 
8.000 22.320 2.277 2.743 3.114 3.302 3.507 3.552 3.593 3.544 3.484 3.154 3.495 
8.000 27.040 2.218 2.684 3.058 3.245 3.450 3.495 3.535 3.485 3.424 3.106 3.435 
8.000 33.160 2.101 2.567 2.946 3.130 3.331 3.376 3.417 3.367 3.306 3.017 3.315 
8.000 41.050 1.983 2.449 2.832 3.012 3.211 3.256 3.297 3.248 3.186 2.925 3.193 
8.000 51.110 1.857 2.323 2.709 2.886 3.083 3.127 3.169 3.120 3.056 2.825 3.064 
8.000 63.890 1.693 2.147 2.527 2.699 2.893 2.937 2.978 2.930 2.859 2.661 2.888 
8.000 80.060 1.542 1.998 2.380 2.552 2.747 2.788 2.825 2.790 2.717 2.550 2.755 
8.000 100.500 1.401 1.865 2.255 2.433 2.631 2.667 2.697 2.683 2.611 2.475 2.652 
8.000 126.290 1.325 1.795 2.185 2.365 2.561 2.593 2.617 2.611 2.536 2.421 2.594 
8.000 158.810 1.267 1.743 2.129 2.313 2.504 2.533 2.550 2.549 2.468 2.372 2.549 
8.000 199.780 1.206 1.691 2.074 2.260 2.447 2.473 2.483 2.487 2.400 2.322 2.504 
8.000 251.390 1.138 1.625 2.006 2.191 2.369 2.386 2.387 2.388 2.293 2.234 2.434 
8.000 316.390 1.043 1.530 1.910 2.086 2.241 2.243 2.231 2.212 2.105 2.066 2.311 
8.000 398.240 0.949 1.435 1.814 1.980 2.114 2.100 2.074 2.036 1.916 1.898 2.187 
8.000 501.290 0.855 1.339 1.718 1.875 1.987 1.957 1.918 1.860 1.728 1.729 2.063 
8.000 631.040 0.787 1.269 1.662 1.824 1.941 1.913 1.876 1.816 1.677 1.678 1.985 
8.000 794.390 0.718 1.199 1.606 1.775 1.898 1.873 1.838 1.777 1.632 1.631 1.909 
