CanadaSHM5_AA13_stablecrust_central , distance is rhypo. Log10 ground motion values in cgs units
          15 30 11 : nmag, ndist, nperiod
          10.000 5.000 2.000 1.000 0.500 0.300 0.200 0.100 0.050 PGA PGV 
          0.620 0.620 0.620 0.620 0.580 0.540 0.530 0.530 0.530 0.530 0.620
4.500 10.050 -1.653 -0.306 0.762 1.450 2.055 2.309 2.514 2.708 2.700 2.392 2.003 
4.500 10.080 -1.660 -0.313 0.756 1.444 2.048 2.302 2.507 2.700 2.691 2.388 1.995 
4.500 10.120 -1.664 -0.319 0.749 1.437 2.041 2.296 2.500 2.692 2.683 2.384 1.986 
4.500 10.200 -1.661 -0.326 0.743 1.431 2.035 2.289 2.492 2.684 2.674 2.380 1.978 
4.500 10.310 -1.666 -0.340 0.728 1.417 2.021 2.275 2.477 2.668 2.658 2.371 1.960 
4.500 10.490 -1.660 -0.358 0.708 1.398 2.003 2.257 2.456 2.648 2.637 2.357 1.937 
4.500 10.760 -1.656 -0.377 0.688 1.379 1.984 2.239 2.436 2.627 2.616 2.344 1.913 
4.500 11.180 -1.657 -0.400 0.664 1.356 1.963 2.218 2.412 2.603 2.592 2.327 1.885 
4.500 11.820 -1.666 -0.438 0.626 1.321 1.929 2.184 2.374 2.568 2.556 2.299 1.843 
4.500 12.770 -1.682 -0.491 0.568 1.263 1.872 2.126 2.315 2.505 2.490 2.241 1.776 
4.500 14.140 -1.700 -0.547 0.507 1.202 1.810 2.066 2.253 2.438 2.419 2.179 1.706 
4.500 16.080 -1.750 -0.636 0.412 1.105 1.713 1.969 2.152 2.331 2.303 2.074 1.597 
4.500 18.740 -1.804 -0.731 0.311 1.002 1.610 1.866 2.045 2.218 2.181 1.963 1.480 
4.500 22.320 -1.858 -0.826 0.210 0.900 1.506 1.763 1.939 2.104 2.059 1.852 1.365 
4.500 27.040 -1.925 -0.934 0.095 0.783 1.388 1.644 1.815 1.972 1.917 1.722 1.233 
4.500 33.160 -2.006 -1.057 -0.035 0.650 1.252 1.507 1.673 1.822 1.754 1.571 1.084 
4.500 41.050 -2.086 -1.179 -0.165 0.518 1.117 1.370 1.532 1.671 1.591 1.420 0.934 
4.500 51.110 -2.165 -1.299 -0.292 0.387 0.984 1.235 1.391 1.522 1.429 1.270 0.787 
4.500 63.890 -2.224 -1.399 -0.399 0.275 0.866 1.114 1.265 1.387 1.281 1.135 0.659 
4.500 80.060 -2.281 -1.497 -0.505 0.163 0.748 0.993 1.138 1.252 1.134 0.999 0.530 
4.500 100.500 -2.338 -1.596 -0.612 0.051 0.631 0.872 1.012 1.117 0.986 0.864 0.401 
4.500 126.290 -2.396 -1.695 -0.717 -0.062 0.508 0.742 0.871 0.958 0.812 0.706 0.265 
4.500 158.810 -2.454 -1.794 -0.820 -0.175 0.384 0.607 0.726 0.790 0.628 0.541 0.125 
4.500 199.780 -2.511 -1.892 -0.924 -0.288 0.260 0.473 0.580 0.621 0.443 0.375 -0.015 
4.500 251.390 -2.577 -2.000 -1.033 -0.409 0.125 0.324 0.417 0.431 0.238 0.188 -0.168 
4.500 316.390 -2.659 -2.123 -1.154 -0.544 -0.031 0.146 0.219 0.201 -0.010 -0.037 -0.345 
4.500 398.240 -2.742 -2.246 -1.274 -0.679 -0.188 -0.032 0.022 -0.030 -0.257 -0.263 -0.522 
4.500 501.290 -2.823 -2.370 -1.395 -0.814 -0.344 -0.211 -0.176 -0.260 -0.505 -0.488 -0.699 
4.500 631.040 -2.986 -2.574 -1.564 -0.963 -0.475 -0.333 -0.295 -0.382 -0.637 -0.621 -0.878 
4.500 794.390 -3.153 -2.781 -1.736 -1.112 -0.604 -0.454 -0.411 -0.500 -0.765 -0.750 -1.057 
4.750 10.050 -1.282 -0.034 0.976 1.615 2.172 2.407 2.594 2.754 2.736 2.432 2.105 
4.750 10.080 -1.288 -0.040 0.970 1.610 2.167 2.402 2.588 2.747 2.728 2.429 2.098 
4.750 10.120 -1.294 -0.045 0.965 1.604 2.161 2.396 2.581 2.741 2.721 2.426 2.091 
4.750 10.200 -1.291 -0.050 0.959 1.599 2.155 2.391 2.575 2.734 2.714 2.423 2.084 
4.750 10.310 -1.294 -0.064 0.945 1.586 2.142 2.378 2.561 2.719 2.699 2.414 2.067 
4.750 10.490 -1.293 -0.082 0.926 1.567 2.124 2.360 2.541 2.699 2.679 2.402 2.044 
4.750 10.760 -1.288 -0.100 0.906 1.548 2.106 2.342 2.521 2.680 2.659 2.389 2.021 
4.750 11.180 -1.289 -0.123 0.883 1.526 2.085 2.321 2.497 2.656 2.636 2.374 1.994 
4.750 11.820 -1.301 -0.160 0.846 1.493 2.053 2.288 2.461 2.623 2.602 2.347 1.954 
4.750 12.770 -1.306 -0.197 0.810 1.459 2.021 2.255 2.424 2.589 2.567 2.320 1.913 
4.750 14.140 -1.313 -0.237 0.771 1.423 1.986 2.219 2.385 2.551 2.529 2.290 1.869 
4.750 16.080 -1.362 -0.324 0.678 1.329 1.891 2.125 2.287 2.447 2.417 2.189 1.763 
4.750 18.740 -1.417 -0.416 0.580 1.229 1.791 2.024 2.183 2.337 2.299 2.081 1.651 
4.750 22.320 -1.470 -0.509 0.481 1.130 1.690 1.924 2.080 2.227 2.180 1.974 1.538 
4.750 27.040 -1.536 -0.614 0.370 1.016 1.575 1.808 1.960 2.100 2.042 1.848 1.411 
4.750 33.160 -1.618 -0.732 0.245 0.888 1.445 1.676 1.823 1.954 1.885 1.703 1.267 
4.750 41.050 -1.696 -0.851 0.120 0.760 1.314 1.544 1.686 1.809 1.727 1.557 1.123 
4.750 51.110 -1.774 -0.967 -0.002 0.634 1.185 1.413 1.550 1.665 1.570 1.413 0.981 
4.750 63.890 -1.831 -1.062 -0.105 0.527 1.071 1.296 1.428 1.535 1.428 1.283 0.858 
4.750 80.060 -1.887 -1.157 -0.208 0.419 0.958 1.179 1.305 1.404 1.285 1.153 0.734 
4.750 100.500 -1.944 -1.253 -0.310 0.310 0.844 1.063 1.183 1.274 1.143 1.022 0.610 
4.750 126.290 -2.002 -1.348 -0.411 0.202 0.727 0.936 1.047 1.120 0.974 0.871 0.479 
4.750 158.810 -2.059 -1.443 -0.510 0.094 0.607 0.806 0.907 0.957 0.796 0.711 0.345 
4.750 199.780 -2.116 -1.538 -0.609 -0.014 0.488 0.677 0.766 0.794 0.618 0.551 0.212 
4.750 251.390 -2.178 -1.642 -0.714 -0.130 0.358 0.532 0.608 0.610 0.419 0.371 0.065 
4.750 316.390 -2.261 -1.761 -0.830 -0.260 0.206 0.359 0.415 0.386 0.178 0.153 -0.105 
4.750 398.240 -2.341 -1.880 -0.946 -0.391 0.055 0.186 0.223 0.162 -0.062 -0.065 -0.275 
4.750 501.290 -2.422 -1.999 -1.063 -0.521 -0.097 0.012 0.031 -0.062 -0.302 -0.284 -0.446 
4.750 631.040 -2.573 -2.190 -1.220 -0.659 -0.218 -0.102 -0.081 -0.177 -0.428 -0.409 -0.615 
4.750 794.390 -2.729 -2.383 -1.379 -0.797 -0.338 -0.214 -0.189 -0.287 -0.548 -0.530 -0.785 
5.000 10.050 -0.915 0.238 1.189 1.780 2.290 2.505 2.673 2.800 2.771 2.472 2.205 
5.000 10.080 -0.920 0.233 1.185 1.775 2.285 2.501 2.668 2.794 2.765 2.469 2.200 
5.000 10.120 -0.925 0.229 1.180 1.771 2.280 2.497 2.663 2.789 2.759 2.467 2.194 
5.000 10.200 -0.929 0.225 1.176 1.766 2.276 2.492 2.658 2.784 2.753 2.465 2.189 
5.000 10.310 -0.930 0.212 1.162 1.754 2.263 2.480 2.644 2.770 2.740 2.457 2.173 
5.000 10.490 -0.933 0.194 1.143 1.736 2.246 2.462 2.625 2.751 2.721 2.446 2.151 
5.000 10.760 -0.926 0.176 1.124 1.718 2.228 2.445 2.605 2.732 2.702 2.434 2.129 
5.000 11.180 -0.927 0.153 1.101 1.696 2.207 2.424 2.582 2.709 2.680 2.420 2.103 
5.000 11.820 -0.941 0.117 1.066 1.664 2.176 2.392 2.546 2.676 2.646 2.394 2.064 
5.000 12.770 -0.947 0.080 1.030 1.631 2.145 2.359 2.510 2.643 2.613 2.369 2.024 
5.000 14.140 -0.954 0.044 0.995 1.598 2.114 2.327 2.474 2.610 2.579 2.343 1.984 
5.000 16.080 -0.983 -0.014 0.941 1.549 2.066 2.277 2.418 2.559 2.526 2.299 1.926 
5.000 18.740 -1.035 -0.101 0.849 1.456 1.972 2.183 2.322 2.457 2.416 2.200 1.821 
5.000 22.320 -1.089 -0.191 0.753 1.359 1.874 2.085 2.221 2.350 2.300 2.096 1.712 
5.000 27.040 -1.155 -0.293 0.646 1.250 1.763 1.973 2.105 2.227 2.168 1.975 1.589 
5.000 33.160 -1.233 -0.407 0.526 1.127 1.637 1.845 1.973 2.087 2.015 1.835 1.450 
5.000 41.050 -1.311 -0.522 0.405 1.003 1.510 1.717 1.840 1.946 1.863 1.695 1.312 
5.000 51.110 -1.390 -0.634 0.287 0.882 1.386 1.591 1.709 1.807 1.712 1.557 1.175 
5.000 63.890 -1.443 -0.726 0.188 0.778 1.276 1.478 1.591 1.682 1.574 1.431 1.057 
5.000 80.060 -1.499 -0.818 0.090 0.674 1.167 1.366 1.472 1.556 1.437 1.306 0.938 
5.000 100.500 -1.557 -0.910 -0.009 0.570 1.058 1.253 1.354 1.431 1.299 1.181 0.819 
5.000 126.290 -1.611 -1.001 -0.105 0.467 0.945 1.131 1.223 1.282 1.137 1.035 0.694 
5.000 158.810 -1.666 -1.093 -0.199 0.363 0.830 1.006 1.087 1.125 0.964 0.881 0.567 
5.000 199.780 -1.722 -1.184 -0.295 0.260 0.715 0.880 0.952 0.968 0.792 0.727 0.439 
5.000 251.390 -1.789 -1.284 -0.395 0.149 0.590 0.740 0.798 0.790 0.599 0.554 0.299 
5.000 316.390 -1.867 -1.399 -0.507 0.023 0.443 0.572 0.611 0.572 0.366 0.343 0.135 
5.000 398.240 -1.944 -1.513 -0.618 -0.102 0.297 0.403 0.424 0.354 0.133 0.132 -0.029 
5.000 501.290 -2.025 -1.628 -0.730 -0.228 0.150 0.235 0.238 0.136 -0.100 -0.080 -0.192 
5.000 631.040 -2.167 -1.805 -0.875 -0.355 0.038 0.129 0.134 0.029 -0.218 -0.197 -0.353 
5.000 794.390 -2.311 -1.985 -1.021 -0.482 -0.073 0.025 0.033 -0.074 -0.331 -0.311 -0.513 
5.250 10.050 -0.581 0.482 1.379 1.924 2.393 2.590 2.740 2.836 2.797 2.503 2.296 
5.250 10.080 -0.584 0.480 1.377 1.922 2.390 2.588 2.737 2.834 2.795 2.502 2.293 
5.250 10.120 -0.586 0.477 1.374 1.919 2.388 2.585 2.735 2.831 2.792 2.501 2.290 
5.250 10.200 -0.589 0.475 1.372 1.917 2.385 2.583 2.732 2.828 2.789 2.499 2.288 
5.250 10.310 -0.598 0.463 1.360 1.905 2.374 2.571 2.719 2.815 2.776 2.492 2.273 
5.250 10.490 -0.605 0.445 1.341 1.887 2.356 2.554 2.700 2.796 2.757 2.482 2.251 
5.250 10.760 -0.600 0.427 1.322 1.870 2.339 2.536 2.680 2.777 2.737 2.472 2.229 
5.250 11.180 -0.599 0.405 1.300 1.849 2.318 2.515 2.657 2.755 2.715 2.458 2.204 
5.250 11.820 -0.615 0.369 1.265 1.817 2.287 2.484 2.622 2.723 2.683 2.434 2.165 
5.250 12.770 -0.621 0.334 1.231 1.785 2.256 2.452 2.587 2.690 2.651 2.410 2.127 
5.250 14.140 -0.629 0.298 1.196 1.753 2.225 2.420 2.552 2.658 2.618 2.386 2.088 
5.250 16.080 -0.658 0.242 1.144 1.705 2.179 2.372 2.499 2.609 2.567 2.345 2.032 
5.250 18.740 -0.691 0.183 1.089 1.655 2.130 2.320 2.441 2.557 2.512 2.299 1.972 
5.250 22.320 -0.742 0.098 1.000 1.566 2.039 2.229 2.347 2.458 2.406 2.204 1.871 
5.250 27.040 -0.807 -0.000 0.897 1.460 1.932 2.120 2.235 2.340 2.277 2.088 1.752 
5.250 33.160 -0.883 -0.111 0.780 1.341 1.810 1.996 2.107 2.204 2.130 1.953 1.618 
5.250 41.050 -0.960 -0.222 0.664 1.221 1.688 1.872 1.978 2.069 1.983 1.819 1.485 
5.250 51.110 -1.036 -0.330 0.550 1.104 1.567 1.750 1.852 1.935 1.837 1.685 1.354 
5.250 63.890 -1.092 -0.419 0.455 1.005 1.462 1.641 1.738 1.813 1.704 1.565 1.240 
5.250 80.060 -1.147 -0.508 0.361 0.905 1.357 1.532 1.624 1.692 1.571 1.445 1.126 
5.250 100.500 -1.203 -0.597 0.266 0.805 1.252 1.423 1.509 1.571 1.438 1.325 1.013 
5.250 126.290 -1.258 -0.685 0.174 0.706 1.143 1.306 1.383 1.428 1.281 1.185 0.893 
5.250 158.810 -1.312 -0.772 0.084 0.607 1.033 1.185 1.252 1.276 1.116 1.037 0.771 
5.250 199.780 -1.367 -0.860 -0.007 0.507 0.922 1.064 1.121 1.124 0.950 0.889 0.649 
5.250 251.390 -1.430 -0.955 -0.103 0.401 0.801 0.929 0.972 0.952 0.763 0.722 0.515 
5.250 316.390 -1.507 -1.066 -0.210 0.281 0.660 0.765 0.791 0.741 0.537 0.518 0.358 
5.250 398.240 -1.584 -1.177 -0.317 0.160 0.518 0.602 0.609 0.530 0.311 0.313 0.201 
5.250 501.290 -1.663 -1.287 -0.423 0.040 0.377 0.439 0.427 0.318 0.085 0.109 0.044 
5.250 631.040 -1.796 -1.452 -0.557 -0.078 0.273 0.339 0.331 0.217 -0.026 -0.002 -0.108 
5.250 794.390 -1.931 -1.620 -0.693 -0.195 0.170 0.243 0.237 0.121 -0.132 -0.109 -0.260 
5.500 10.050 -0.251 0.726 1.569 2.068 2.495 2.675 2.807 2.873 2.824 2.535 2.387 
5.500 10.080 -0.252 0.726 1.569 2.068 2.495 2.674 2.806 2.873 2.824 2.534 2.387 
5.500 10.120 -0.252 0.726 1.569 2.068 2.495 2.674 2.806 2.872 2.824 2.534 2.387 
5.500 10.200 -0.252 0.726 1.569 2.068 2.495 2.674 2.806 2.872 2.824 2.534 2.386 
5.500 10.310 -0.264 0.715 1.557 2.057 2.484 2.663 2.794 2.860 2.812 2.528 2.373 
5.500 10.490 -0.279 0.696 1.539 2.039 2.467 2.645 2.775 2.841 2.792 2.519 2.351 
5.500 10.760 -0.285 0.678 1.521 2.022 2.450 2.627 2.755 2.822 2.773 2.509 2.330 
5.500 11.180 -0.281 0.656 1.498 2.001 2.429 2.606 2.733 2.800 2.750 2.496 2.304 
5.500 11.820 -0.295 0.621 1.465 1.970 2.398 2.576 2.699 2.769 2.719 2.474 2.267 
5.500 12.770 -0.303 0.587 1.431 1.939 2.368 2.544 2.665 2.737 2.688 2.451 2.229 
5.500 14.140 -0.310 0.552 1.397 1.908 2.337 2.513 2.631 2.706 2.657 2.429 2.192 
5.500 16.080 -0.340 0.498 1.347 1.862 2.292 2.466 2.578 2.659 2.607 2.389 2.137 
5.500 18.740 -0.372 0.440 1.294 1.813 2.244 2.416 2.522 2.608 2.554 2.347 2.079 
5.500 22.320 -0.405 0.383 1.241 1.764 2.197 2.365 2.467 2.558 2.501 2.303 2.022 
5.500 27.040 -0.464 0.292 1.147 1.669 2.100 2.267 2.365 2.452 2.387 2.201 1.915 
5.500 33.160 -0.540 0.185 1.035 1.554 1.983 2.147 2.241 2.322 2.245 2.072 1.787 
5.500 41.050 -0.614 0.078 0.923 1.440 1.865 2.027 2.117 2.191 2.102 1.942 1.659 
5.500 51.110 -0.688 -0.027 0.813 1.327 1.749 1.909 1.994 2.062 1.962 1.814 1.532 
5.500 63.890 -0.743 -0.113 0.722 1.231 1.648 1.804 1.884 1.945 1.834 1.699 1.423 
5.500 80.060 -0.799 -0.198 0.631 1.136 1.547 1.699 1.775 1.828 1.706 1.584 1.315 
5.500 100.500 -0.853 -0.284 0.540 1.040 1.446 1.594 1.665 1.711 1.578 1.468 1.206 
5.500 126.290 -0.908 -0.368 0.453 0.945 1.341 1.481 1.543 1.574 1.427 1.334 1.091 
5.500 158.810 -0.962 -0.452 0.367 0.850 1.235 1.364 1.416 1.427 1.267 1.192 0.975 
5.500 199.780 -1.016 -0.535 0.281 0.755 1.129 1.248 1.290 1.281 1.107 1.050 0.859 
5.500 251.390 -1.076 -0.627 0.189 0.653 1.013 1.117 1.146 1.115 0.927 0.890 0.731 
5.500 316.390 -1.153 -0.733 0.087 0.538 0.877 0.959 0.970 0.910 0.708 0.692 0.581 
5.500 398.240 -1.231 -0.840 -0.015 0.423 0.740 0.800 0.793 0.705 0.489 0.495 0.431 
5.500 501.290 -1.307 -0.946 -0.117 0.308 0.604 0.642 0.617 0.500 0.270 0.298 0.280 
5.500 631.040 -1.430 -1.099 -0.240 0.200 0.508 0.550 0.527 0.406 0.166 0.194 0.137 
5.500 794.390 -1.556 -1.254 -0.364 0.092 0.414 0.461 0.441 0.316 0.067 0.094 -0.006 
5.750 10.050 0.042 0.943 1.732 2.192 2.585 2.748 2.866 2.904 2.848 2.562 2.468 
5.750 10.080 0.042 0.943 1.732 2.192 2.585 2.748 2.866 2.904 2.848 2.562 2.468 
5.750 10.120 0.042 0.943 1.732 2.192 2.584 2.748 2.866 2.904 2.848 2.562 2.468 
5.750 10.200 0.041 0.943 1.732 2.192 2.584 2.748 2.865 2.904 2.848 2.562 2.468 
5.750 10.310 0.032 0.934 1.723 2.183 2.576 2.739 2.856 2.894 2.838 2.558 2.457 
5.750 10.490 0.016 0.919 1.709 2.169 2.562 2.725 2.841 2.879 2.823 2.551 2.440 
5.750 10.760 0.007 0.905 1.694 2.155 2.548 2.710 2.825 2.864 2.807 2.544 2.423 
5.750 11.180 0.006 0.886 1.676 2.137 2.530 2.692 2.805 2.844 2.788 2.533 2.401 
5.750 11.820 -0.004 0.851 1.642 2.106 2.499 2.660 2.771 2.813 2.757 2.512 2.364 
5.750 12.770 -0.017 0.816 1.607 2.074 2.468 2.629 2.737 2.782 2.726 2.491 2.326 
5.750 14.140 -0.022 0.781 1.573 2.043 2.437 2.597 2.703 2.751 2.696 2.469 2.289 
5.750 16.080 -0.053 0.727 1.524 1.998 2.393 2.550 2.651 2.704 2.647 2.431 2.235 
5.750 18.740 -0.086 0.670 1.472 1.950 2.345 2.500 2.595 2.655 2.595 2.389 2.178 
5.750 22.320 -0.120 0.612 1.419 1.901 2.298 2.449 2.540 2.605 2.542 2.348 2.121 
5.750 27.040 -0.161 0.549 1.362 1.848 2.245 2.393 2.477 2.549 2.482 2.298 2.059 
5.750 33.160 -0.236 0.446 1.255 1.739 2.133 2.278 2.358 2.425 2.347 2.177 1.937 
5.750 41.050 -0.312 0.341 1.145 1.626 2.018 2.161 2.237 2.297 2.209 2.051 1.812 
5.750 51.110 -0.387 0.238 1.037 1.516 1.905 2.045 2.117 2.171 2.071 1.927 1.689 
5.750 63.890 -0.443 0.154 0.949 1.423 1.806 1.942 2.009 2.057 1.946 1.814 1.583 
5.750 80.060 -0.498 0.070 0.861 1.330 1.707 1.839 1.902 1.943 1.821 1.702 1.478 
5.750 100.500 -0.554 -0.014 0.772 1.237 1.609 1.737 1.795 1.830 1.696 1.590 1.372 
5.750 126.290 -0.609 -0.096 0.687 1.145 1.507 1.626 1.676 1.696 1.550 1.460 1.262 
5.750 158.810 -0.664 -0.177 0.604 1.053 1.404 1.513 1.553 1.554 1.395 1.323 1.150 
5.750 199.780 -0.717 -0.259 0.521 0.961 1.302 1.400 1.430 1.412 1.239 1.187 1.039 
5.750 251.390 -0.779 -0.348 0.432 0.863 1.189 1.273 1.290 1.250 1.065 1.031 0.916 
5.750 316.390 -0.856 -0.451 0.334 0.751 1.056 1.118 1.118 1.050 0.851 0.840 0.771 
5.750 398.240 -0.932 -0.555 0.235 0.640 0.923 0.963 0.945 0.850 0.638 0.648 0.626 
5.750 501.290 -1.008 -0.658 0.136 0.528 0.790 0.808 0.773 0.650 0.425 0.456 0.481 
5.750 631.040 -1.124 -0.801 0.022 0.428 0.701 0.723 0.688 0.561 0.326 0.358 0.345 
5.750 794.390 -1.241 -0.945 -0.092 0.328 0.614 0.640 0.608 0.477 0.233 0.264 0.210 
6.000 10.050 0.332 1.159 1.896 2.316 2.674 2.821 2.925 2.936 2.873 2.590 2.550 
6.000 10.080 0.332 1.159 1.896 2.316 2.674 2.821 2.925 2.936 2.873 2.590 2.550 
6.000 10.120 0.332 1.159 1.896 2.316 2.674 2.821 2.925 2.936 2.873 2.590 2.550 
6.000 10.200 0.332 1.159 1.896 2.316 2.674 2.821 2.925 2.936 2.873 2.590 2.550 
6.000 10.310 0.325 1.153 1.889 2.310 2.667 2.815 2.918 2.929 2.865 2.587 2.542 
6.000 10.490 0.314 1.143 1.879 2.299 2.657 2.804 2.906 2.917 2.853 2.583 2.530 
6.000 10.760 0.303 1.132 1.868 2.289 2.647 2.794 2.895 2.905 2.841 2.579 2.517 
6.000 11.180 0.289 1.116 1.852 2.274 2.631 2.778 2.878 2.889 2.825 2.570 2.498 
6.000 11.820 0.274 1.081 1.818 2.242 2.600 2.745 2.844 2.858 2.795 2.550 2.461 
6.000 12.770 0.266 1.045 1.784 2.210 2.569 2.713 2.809 2.827 2.765 2.530 2.424 
6.000 14.140 0.257 1.010 1.750 2.179 2.538 2.681 2.775 2.796 2.735 2.509 2.386 
6.000 16.080 0.226 0.956 1.701 2.133 2.493 2.633 2.723 2.750 2.686 2.472 2.333 
6.000 18.740 0.192 0.899 1.649 2.086 2.446 2.584 2.668 2.701 2.635 2.432 2.277 
6.000 22.320 0.157 0.841 1.597 2.038 2.398 2.534 2.613 2.652 2.583 2.392 2.221 
6.000 27.040 0.115 0.779 1.541 1.986 2.347 2.478 2.551 2.597 2.524 2.344 2.160 
6.000 33.160 0.061 0.707 1.474 1.923 2.284 2.410 2.476 2.528 2.450 2.282 2.088 
6.000 41.050 -0.015 0.604 1.367 1.813 2.171 2.294 2.357 2.404 2.315 2.160 1.966 
6.000 51.110 -0.090 0.503 1.262 1.705 2.060 2.180 2.240 2.281 2.180 2.039 1.846 
6.000 63.890 -0.146 0.421 1.176 1.615 1.964 2.080 2.135 2.170 2.059 1.930 1.743 
6.000 80.060 -0.203 0.339 1.090 1.524 1.868 1.980 2.030 2.059 1.937 1.821 1.641 
6.000 100.500 -0.258 0.256 1.004 1.434 1.772 1.879 1.924 1.948 1.815 1.712 1.538 
6.000 126.290 -0.315 0.176 0.922 1.345 1.673 1.772 1.809 1.818 1.672 1.586 1.432 
6.000 158.810 -0.369 0.097 0.841 1.256 1.574 1.662 1.690 1.680 1.522 1.454 1.326 
6.000 199.780 -0.424 0.018 0.761 1.168 1.474 1.552 1.571 1.542 1.372 1.323 1.219 
6.000 251.390 -0.487 -0.069 0.676 1.072 1.365 1.428 1.435 1.385 1.202 1.173 1.101 
6.000 316.390 -0.562 -0.169 0.580 0.964 1.235 1.277 1.266 1.190 0.994 0.987 0.961 
6.000 398.240 -0.638 -0.269 0.485 0.856 1.106 1.126 1.097 0.995 0.787 0.801 0.821 
6.000 501.290 -0.714 -0.370 0.390 0.748 0.977 0.974 0.928 0.800 0.579 0.614 0.682 
6.000 631.040 -0.821 -0.502 0.285 0.656 0.894 0.895 0.849 0.717 0.486 0.522 0.553 
6.000 794.390 -0.931 -0.635 0.180 0.564 0.814 0.818 0.774 0.639 0.399 0.434 0.425 
6.250 10.050 0.595 1.360 2.045 2.433 2.765 2.898 2.990 2.981 2.913 2.634 2.639 
6.250 10.080 0.595 1.360 2.045 2.433 2.765 2.898 2.990 2.981 2.913 2.634 2.639 
6.250 10.120 0.595 1.360 2.045 2.433 2.765 2.898 2.990 2.981 2.913 2.634 2.639 
6.250 10.200 0.595 1.360 2.045 2.433 2.765 2.898 2.990 2.981 2.913 2.634 2.639 
6.250 10.310 0.591 1.356 2.041 2.428 2.760 2.893 2.985 2.975 2.907 2.631 2.634 
6.250 10.490 0.584 1.349 2.034 2.421 2.753 2.885 2.977 2.967 2.898 2.626 2.625 
6.250 10.760 0.578 1.342 2.027 2.413 2.745 2.878 2.969 2.958 2.889 2.621 2.616 
6.250 11.180 0.562 1.326 2.010 2.396 2.727 2.860 2.951 2.940 2.870 2.607 2.597 
6.250 11.820 0.524 1.291 1.975 2.363 2.695 2.826 2.916 2.907 2.837 2.587 2.558 
6.250 12.770 0.515 1.257 1.943 2.333 2.664 2.795 2.882 2.876 2.808 2.569 2.522 
6.250 14.140 0.508 1.223 1.910 2.302 2.633 2.763 2.849 2.845 2.778 2.552 2.486 
6.250 16.080 0.479 1.167 1.859 2.255 2.587 2.714 2.795 2.798 2.729 2.515 2.431 
6.250 18.740 0.442 1.108 1.805 2.206 2.538 2.662 2.738 2.748 2.676 2.475 2.374 
6.250 22.320 0.404 1.048 1.751 2.156 2.489 2.610 2.682 2.698 2.624 2.435 2.316 
6.250 27.040 0.359 0.984 1.694 2.103 2.436 2.553 2.619 2.642 2.565 2.388 2.255 
6.250 33.160 0.309 0.916 1.633 2.047 2.379 2.490 2.550 2.581 2.500 2.334 2.189 
6.250 41.050 0.247 0.837 1.558 1.974 2.305 2.412 2.466 2.502 2.413 2.261 2.107 
6.250 51.110 0.170 0.735 1.453 1.866 2.194 2.297 2.348 2.379 2.279 2.141 1.988 
6.250 63.890 0.110 0.652 1.367 1.776 2.098 2.197 2.243 2.268 2.158 2.033 1.886 
6.250 80.060 0.050 0.569 1.281 1.685 2.002 2.097 2.138 2.158 2.037 1.925 1.784 
6.250 100.500 -0.011 0.486 1.194 1.595 1.906 1.996 2.033 2.047 1.916 1.817 1.683 
6.250 126.290 -0.069 0.407 1.114 1.507 1.809 1.890 1.919 1.919 1.777 1.694 1.580 
6.250 158.810 -0.126 0.329 1.035 1.421 1.712 1.782 1.802 1.785 1.630 1.566 1.476 
6.250 199.780 -0.181 0.251 0.957 1.334 1.614 1.674 1.685 1.651 1.483 1.438 1.373 
6.250 251.390 -0.243 0.166 0.873 1.241 1.507 1.552 1.551 1.497 1.318 1.291 1.259 
6.250 316.390 -0.320 0.067 0.780 1.135 1.379 1.403 1.385 1.305 1.114 1.110 1.123 
6.250 398.240 -0.399 -0.032 0.687 1.029 1.252 1.254 1.219 1.114 0.910 0.928 0.987 
6.250 501.290 -0.475 -0.130 0.594 0.923 1.125 1.105 1.052 0.922 0.707 0.746 0.852 
6.250 631.040 -0.576 -0.254 0.496 0.837 1.048 1.030 0.978 0.844 0.619 0.658 0.729 
6.250 794.390 -0.680 -0.378 0.399 0.753 0.973 0.958 0.908 0.770 0.536 0.575 0.608 
6.500 10.050 0.863 1.569 2.206 2.562 2.869 2.987 3.067 3.041 2.970 2.695 2.742 
6.500 10.080 0.863 1.569 2.206 2.562 2.869 2.987 3.067 3.041 2.970 2.695 2.742 
6.500 10.120 0.863 1.569 2.206 2.562 2.869 2.987 3.067 3.041 2.970 2.695 2.742 
6.500 10.200 0.863 1.569 2.206 2.562 2.869 2.987 3.067 3.041 2.970 2.695 2.742 
6.500 10.310 0.863 1.569 2.206 2.562 2.869 2.987 3.067 3.041 2.970 2.695 2.742 
6.500 10.490 0.863 1.569 2.206 2.562 2.869 2.987 3.067 3.041 2.970 2.695 2.742 
6.500 10.760 0.863 1.569 2.206 2.562 2.869 2.987 3.067 3.041 2.970 2.695 2.742 
6.500 11.180 0.853 1.559 2.196 2.551 2.858 2.975 3.056 3.029 2.958 2.686 2.730 
6.500 11.820 0.810 1.516 2.151 2.506 2.812 2.929 3.009 2.981 2.908 2.652 2.679 
6.500 12.770 0.767 1.473 2.106 2.462 2.766 2.883 2.961 2.933 2.859 2.617 2.627 
6.500 14.140 0.752 1.436 2.069 2.426 2.729 2.845 2.923 2.895 2.821 2.594 2.586 
6.500 16.080 0.722 1.378 2.017 2.377 2.681 2.794 2.868 2.846 2.771 2.557 2.530 
6.500 18.740 0.685 1.316 1.961 2.326 2.630 2.740 2.809 2.795 2.718 2.518 2.470 
6.500 22.320 0.645 1.255 1.905 2.275 2.578 2.686 2.750 2.744 2.665 2.478 2.411 
6.500 27.040 0.599 1.189 1.847 2.221 2.524 2.627 2.686 2.688 2.606 2.432 2.349 
6.500 33.160 0.545 1.120 1.785 2.164 2.467 2.564 2.617 2.627 2.541 2.379 2.284 
6.500 41.050 0.490 1.050 1.723 2.106 2.409 2.501 2.547 2.565 2.475 2.325 2.219 
6.500 51.110 0.423 0.967 1.643 2.027 2.328 2.414 2.457 2.477 2.379 2.243 2.130 
6.500 63.890 0.361 0.883 1.557 1.937 2.232 2.314 2.352 2.367 2.258 2.136 2.029 
6.500 80.060 0.296 0.800 1.471 1.846 2.136 2.214 2.246 2.256 2.138 2.029 1.928 
6.500 100.500 0.234 0.716 1.385 1.755 2.040 2.113 2.141 2.146 2.017 1.922 1.827 
6.500 126.290 0.174 0.637 1.306 1.670 1.945 2.009 2.029 2.021 1.881 1.802 1.727 
6.500 158.810 0.117 0.561 1.229 1.585 1.850 1.903 1.915 1.890 1.738 1.678 1.627 
6.500 199.780 0.059 0.484 1.152 1.501 1.755 1.796 1.800 1.759 1.595 1.553 1.527 
6.500 251.390 -0.007 0.400 1.071 1.410 1.649 1.676 1.668 1.609 1.433 1.410 1.416 
6.500 316.390 -0.084 0.303 0.980 1.306 1.524 1.529 1.505 1.420 1.233 1.233 1.285 
6.500 398.240 -0.162 0.206 0.889 1.202 1.398 1.382 1.340 1.232 1.034 1.055 1.153 
6.500 501.290 -0.241 0.109 0.798 1.098 1.273 1.235 1.177 1.044 0.835 0.877 1.022 
6.500 631.040 -0.338 -0.006 0.707 1.019 1.201 1.165 1.107 0.970 0.751 0.795 0.905 
6.500 794.390 -0.435 -0.122 0.617 0.941 1.131 1.098 1.041 0.900 0.673 0.716 0.790 
6.750 10.050 1.092 1.746 2.332 2.661 2.949 3.057 3.129 3.094 3.019 2.745 2.834 
6.750 10.080 1.092 1.746 2.332 2.661 2.949 3.057 3.129 3.094 3.019 2.745 2.834 
6.750 10.120 1.092 1.746 2.332 2.661 2.949 3.057 3.129 3.094 3.019 2.745 2.834 
6.750 10.200 1.092 1.746 2.332 2.661 2.949 3.057 3.129 3.094 3.019 2.745 2.834 
6.750 10.310 1.092 1.746 2.332 2.661 2.949 3.057 3.129 3.094 3.019 2.745 2.834 
6.750 10.490 1.092 1.746 2.332 2.661 2.949 3.057 3.129 3.094 3.019 2.745 2.834 
6.750 10.760 1.092 1.746 2.332 2.661 2.949 3.057 3.129 3.094 3.019 2.745 2.834 
6.750 11.180 1.087 1.740 2.326 2.655 2.943 3.051 3.123 3.087 3.013 2.741 2.828 
6.750 11.820 1.063 1.716 2.301 2.630 2.917 3.025 3.097 3.060 2.985 2.722 2.799 
6.750 12.770 1.039 1.693 2.276 2.605 2.892 2.999 3.071 3.033 2.958 2.704 2.771 
6.750 14.140 1.015 1.669 2.252 2.580 2.866 2.974 3.044 3.006 2.930 2.685 2.743 
6.750 16.080 0.943 1.584 2.166 2.493 2.777 2.883 2.953 2.913 2.832 2.605 2.646 
6.750 18.740 0.907 1.516 2.104 2.436 2.718 2.822 2.888 2.856 2.774 2.564 2.580 
6.750 22.320 0.865 1.448 2.042 2.379 2.661 2.761 2.823 2.799 2.718 2.525 2.514 
6.750 27.040 0.813 1.377 1.979 2.321 2.603 2.698 2.755 2.740 2.656 2.478 2.448 
6.750 33.160 0.756 1.304 1.915 2.261 2.543 2.632 2.682 2.677 2.589 2.425 2.381 
6.750 41.050 0.695 1.231 1.851 2.201 2.482 2.565 2.610 2.614 2.520 2.371 2.313 
6.750 51.110 0.634 1.159 1.788 2.142 2.423 2.500 2.538 2.550 2.453 2.317 2.246 
6.750 63.890 0.576 1.086 1.717 2.070 2.346 2.417 2.449 2.463 2.356 2.234 2.165 
6.750 80.060 0.508 1.000 1.629 1.977 2.248 2.314 2.342 2.351 2.234 2.126 2.063 
6.750 100.500 0.439 0.914 1.541 1.885 2.150 2.211 2.235 2.239 2.111 2.018 1.961 
6.750 126.290 0.377 0.835 1.463 1.800 2.055 2.107 2.124 2.115 1.977 1.900 1.863 
6.750 158.810 0.319 0.759 1.387 1.717 1.961 2.003 2.011 1.987 1.837 1.779 1.766 
6.750 199.780 0.259 0.683 1.312 1.635 1.868 1.898 1.898 1.859 1.698 1.658 1.669 
6.750 251.390 0.193 0.601 1.232 1.546 1.764 1.780 1.769 1.711 1.539 1.518 1.561 
6.750 316.390 0.112 0.505 1.143 1.444 1.641 1.635 1.607 1.526 1.344 1.344 1.433 
6.750 398.240 0.034 0.409 1.053 1.342 1.517 1.490 1.446 1.341 1.148 1.171 1.305 
6.750 501.290 -0.047 0.314 0.964 1.240 1.394 1.344 1.284 1.157 0.952 0.997 1.176 
6.750 631.040 -0.138 0.206 0.880 1.166 1.327 1.278 1.218 1.086 0.874 0.919 1.066 
6.750 794.390 -0.231 0.098 0.796 1.092 1.262 1.215 1.157 1.021 0.800 0.845 0.956 
7.000 10.050 1.317 1.923 2.458 2.759 3.029 3.128 3.192 3.146 3.069 2.796 2.927 
7.000 10.080 1.317 1.923 2.458 2.759 3.029 3.128 3.192 3.146 3.069 2.796 2.927 
7.000 10.120 1.317 1.923 2.458 2.759 3.029 3.128 3.192 3.146 3.069 2.796 2.927 
7.000 10.200 1.317 1.923 2.458 2.759 3.029 3.128 3.192 3.146 3.069 2.796 2.927 
7.000 10.310 1.317 1.923 2.458 2.759 3.029 3.128 3.192 3.146 3.069 2.796 2.927 
7.000 10.490 1.317 1.923 2.458 2.759 3.029 3.128 3.192 3.146 3.069 2.796 2.927 
7.000 10.760 1.317 1.923 2.458 2.759 3.029 3.128 3.192 3.146 3.069 2.796 2.927 
7.000 11.180 1.316 1.922 2.456 2.758 3.028 3.126 3.191 3.145 3.067 2.795 2.926 
7.000 11.820 1.311 1.917 2.451 2.753 3.023 3.121 3.185 3.139 3.062 2.793 2.920 
7.000 12.770 1.307 1.912 2.447 2.749 3.017 3.116 3.180 3.134 3.056 2.790 2.915 
7.000 14.140 1.302 1.908 2.442 2.744 3.012 3.111 3.175 3.129 3.051 2.788 2.910 
7.000 16.080 1.215 1.821 2.354 2.655 2.921 3.019 3.082 3.035 2.953 2.710 2.811 
7.000 18.740 1.117 1.720 2.253 2.553 2.816 2.912 2.974 2.926 2.841 2.621 2.698 
7.000 22.320 1.071 1.641 2.179 2.483 2.744 2.837 2.896 2.856 2.770 2.572 2.618 
7.000 27.040 1.020 1.565 2.112 2.420 2.681 2.769 2.823 2.792 2.706 2.525 2.547 
7.000 33.160 0.959 1.489 2.045 2.358 2.618 2.699 2.748 2.727 2.636 2.470 2.477 
7.000 41.050 0.893 1.412 1.978 2.295 2.555 2.630 2.672 2.662 2.566 2.416 2.407 
7.000 51.110 0.829 1.337 1.912 2.234 2.492 2.561 2.597 2.596 2.496 2.361 2.338 
7.000 63.890 0.781 1.279 1.864 2.187 2.443 2.504 2.532 2.540 2.434 2.313 2.285 
7.000 80.060 0.715 1.200 1.787 2.109 2.360 2.414 2.438 2.445 2.330 2.223 2.198 
7.000 100.500 0.641 1.111 1.698 2.015 2.260 2.309 2.329 2.332 2.206 2.114 2.094 
7.000 126.290 0.577 1.033 1.620 1.930 2.165 2.205 2.218 2.209 2.073 1.998 1.998 
7.000 158.810 0.516 0.958 1.545 1.849 2.073 2.103 2.107 2.084 1.937 1.880 1.904 
7.000 199.780 0.454 0.883 1.472 1.769 1.981 2.000 1.996 1.958 1.800 1.762 1.810 
7.000 251.390 0.386 0.801 1.393 1.681 1.879 1.884 1.869 1.814 1.645 1.626 1.706 
7.000 316.390 0.306 0.707 1.306 1.581 1.758 1.740 1.710 1.632 1.454 1.456 1.581 
7.000 398.240 0.225 0.612 1.218 1.481 1.637 1.597 1.551 1.450 1.262 1.287 1.456 
7.000 501.290 0.143 0.518 1.130 1.381 1.516 1.453 1.391 1.269 1.070 1.117 1.331 
7.000 631.040 0.055 0.418 1.052 1.312 1.452 1.391 1.329 1.203 0.996 1.043 1.226 
7.000 794.390 -0.033 0.317 0.975 1.244 1.392 1.332 1.272 1.142 0.926 0.974 1.122 
7.250 10.050 1.499 2.063 2.548 2.827 3.084 3.179 3.238 3.191 3.111 2.834 3.006 
7.250 10.080 1.499 2.063 2.548 2.827 3.084 3.179 3.238 3.191 3.111 2.834 3.006 
7.250 10.120 1.499 2.063 2.548 2.827 3.084 3.179 3.238 3.191 3.111 2.834 3.006 
7.250 10.200 1.499 2.063 2.548 2.827 3.084 3.179 3.238 3.191 3.111 2.834 3.006 
7.250 10.310 1.499 2.063 2.548 2.827 3.084 3.179 3.238 3.191 3.111 2.834 3.006 
7.250 10.490 1.499 2.063 2.548 2.827 3.084 3.179 3.238 3.191 3.111 2.834 3.006 
7.250 10.760 1.499 2.063 2.548 2.827 3.084 3.179 3.238 3.191 3.111 2.834 3.006 
7.250 11.180 1.498 2.062 2.548 2.826 3.084 3.178 3.238 3.191 3.111 2.834 3.006 
7.250 11.820 1.496 2.060 2.545 2.824 3.081 3.176 3.235 3.188 3.108 2.833 3.003 
7.250 12.770 1.494 2.058 2.543 2.821 3.078 3.174 3.232 3.185 3.105 2.831 3.000 
7.250 14.140 1.491 2.055 2.541 2.819 3.076 3.171 3.230 3.183 3.102 2.830 2.998 
7.250 16.080 1.431 1.995 2.480 2.758 3.012 3.106 3.165 3.117 3.035 2.780 2.929 
7.250 18.740 1.361 1.925 2.411 2.687 2.939 3.032 3.090 3.042 2.958 2.721 2.850 
7.250 22.320 1.291 1.855 2.341 2.616 2.865 2.957 3.014 2.966 2.881 2.663 2.771 
7.250 27.040 1.230 1.767 2.255 2.531 2.778 2.866 2.921 2.876 2.786 2.587 2.677 
7.250 33.160 1.161 1.676 2.176 2.457 2.702 2.784 2.833 2.801 2.707 2.528 2.594 
7.250 41.050 1.083 1.585 2.097 2.384 2.627 2.702 2.745 2.725 2.628 2.468 2.512 
7.250 51.110 1.003 1.497 2.021 2.312 2.554 2.621 2.659 2.652 2.550 2.409 2.432 
7.250 63.890 0.946 1.434 1.968 2.261 2.500 2.559 2.590 2.591 2.484 2.358 2.375 
7.250 80.060 0.887 1.371 1.914 2.210 2.446 2.496 2.520 2.531 2.418 2.307 2.318 
7.250 100.500 0.808 1.281 1.826 2.120 2.349 2.394 2.413 2.423 2.300 2.205 2.219 
7.250 126.290 0.740 1.200 1.747 2.034 2.254 2.289 2.302 2.300 2.167 2.090 2.122 
7.250 158.810 0.677 1.125 1.674 1.954 2.163 2.188 2.192 2.177 2.034 1.974 2.031 
7.250 199.780 0.613 1.051 1.601 1.875 2.073 2.087 2.083 2.055 1.901 1.859 1.940 
7.250 251.390 0.543 0.970 1.523 1.789 1.972 1.972 1.957 1.913 1.749 1.727 1.838 
7.250 316.390 0.459 0.876 1.437 1.690 1.852 1.829 1.799 1.734 1.560 1.560 1.717 
7.250 398.240 0.377 0.782 1.351 1.592 1.733 1.687 1.642 1.555 1.372 1.394 1.596 
7.250 501.290 0.292 0.689 1.264 1.494 1.613 1.545 1.484 1.376 1.183 1.228 1.474 
7.250 631.040 0.209 0.595 1.191 1.429 1.553 1.486 1.426 1.314 1.113 1.158 1.375 
7.250 794.390 0.125 0.501 1.118 1.365 1.496 1.431 1.372 1.257 1.047 1.093 1.276 
7.500 10.050 1.676 2.203 2.639 2.894 3.139 3.230 3.285 3.236 3.154 2.873 3.086 
7.500 10.080 1.676 2.203 2.639 2.894 3.139 3.230 3.285 3.236 3.154 2.873 3.086 
7.500 10.120 1.676 2.203 2.639 2.894 3.139 3.230 3.285 3.236 3.154 2.873 3.086 
7.500 10.200 1.676 2.203 2.639 2.894 3.139 3.230 3.285 3.236 3.154 2.873 3.086 
7.500 10.310 1.676 2.203 2.639 2.894 3.139 3.230 3.285 3.236 3.154 2.873 3.086 
7.500 10.490 1.676 2.203 2.639 2.894 3.139 3.230 3.285 3.236 3.154 2.873 3.086 
7.500 10.760 1.676 2.203 2.639 2.894 3.139 3.230 3.285 3.236 3.154 2.873 3.086 
7.500 11.180 1.676 2.203 2.639 2.894 3.139 3.230 3.285 3.236 3.154 2.873 3.086 
7.500 11.820 1.676 2.203 2.639 2.894 3.139 3.230 3.285 3.236 3.154 2.873 3.086 
7.500 12.770 1.676 2.203 2.639 2.894 3.139 3.230 3.285 3.236 3.154 2.873 3.086 
7.500 14.140 1.676 2.203 2.639 2.894 3.139 3.230 3.285 3.236 3.154 2.873 3.086 
7.500 16.080 1.642 2.169 2.606 2.860 3.103 3.194 3.248 3.200 3.117 2.849 3.048 
7.500 18.740 1.602 2.130 2.568 2.821 3.062 3.151 3.205 3.157 3.075 2.821 3.003 
7.500 22.320 1.563 2.090 2.529 2.782 3.020 3.109 3.162 3.115 3.033 2.794 2.958 
7.500 27.040 1.472 1.999 2.439 2.689 2.923 3.010 3.062 3.015 2.927 2.709 2.856 
7.500 33.160 1.345 1.863 2.307 2.558 2.786 2.868 2.918 2.874 2.778 2.585 2.712 
7.500 41.050 1.263 1.759 2.217 2.472 2.699 2.773 2.818 2.789 2.690 2.520 2.617 
7.500 51.110 1.171 1.658 2.129 2.390 2.615 2.681 2.721 2.707 2.604 2.457 2.525 
7.500 63.890 1.107 1.589 2.071 2.336 2.557 2.614 2.647 2.643 2.534 2.404 2.465 
7.500 80.060 1.041 1.520 2.013 2.280 2.498 2.547 2.572 2.578 2.464 2.350 2.404 
7.500 100.500 0.972 1.450 1.953 2.224 2.438 2.478 2.497 2.513 2.393 2.295 2.342 
7.500 126.290 0.899 1.368 1.873 2.138 2.342 2.373 2.385 2.391 2.261 2.181 2.247 
7.500 158.810 0.833 1.293 1.802 2.059 2.253 2.273 2.277 2.271 2.131 2.069 2.158 
7.500 199.780 0.767 1.219 1.730 1.981 2.164 2.173 2.169 2.151 2.001 1.957 2.070 
7.500 251.390 0.694 1.138 1.654 1.896 2.065 2.059 2.045 2.012 1.852 1.828 1.971 
7.500 316.390 0.609 1.045 1.569 1.800 1.947 1.919 1.889 1.835 1.667 1.665 1.853 
7.500 398.240 0.523 0.953 1.483 1.703 1.829 1.778 1.733 1.659 1.481 1.501 1.735 
7.500 501.290 0.438 0.860 1.398 1.606 1.710 1.637 1.577 1.483 1.296 1.338 1.617 
7.500 631.040 0.357 0.772 1.330 1.545 1.654 1.582 1.522 1.424 1.230 1.273 1.523 
7.500 794.390 0.277 0.684 1.262 1.486 1.601 1.530 1.471 1.371 1.169 1.212 1.429 
7.750 10.050 1.803 2.298 2.694 2.931 3.169 3.262 3.314 3.266 3.183 2.895 3.143 
7.750 10.080 1.803 2.298 2.694 2.931 3.169 3.262 3.314 3.266 3.183 2.895 3.143 
7.750 10.120 1.803 2.298 2.694 2.931 3.169 3.262 3.314 3.266 3.183 2.895 3.143 
7.750 10.200 1.803 2.298 2.694 2.931 3.169 3.262 3.314 3.266 3.183 2.895 3.143 
7.750 10.310 1.803 2.298 2.694 2.931 3.169 3.262 3.314 3.266 3.183 2.895 3.143 
7.750 10.490 1.803 2.298 2.694 2.931 3.169 3.262 3.314 3.266 3.183 2.895 3.143 
7.750 10.760 1.803 2.298 2.694 2.931 3.169 3.262 3.314 3.266 3.183 2.895 3.143 
7.750 11.180 1.803 2.298 2.694 2.931 3.169 3.262 3.314 3.266 3.183 2.895 3.143 
7.750 11.820 1.803 2.298 2.694 2.931 3.169 3.262 3.314 3.266 3.183 2.895 3.143 
7.750 12.770 1.803 2.298 2.694 2.931 3.169 3.262 3.314 3.266 3.183 2.895 3.143 
7.750 14.140 1.803 2.298 2.694 2.931 3.169 3.262 3.314 3.266 3.183 2.895 3.143 
7.750 16.080 1.786 2.281 2.678 2.914 3.151 3.243 3.295 3.248 3.165 2.883 3.124 
7.750 18.740 1.766 2.262 2.659 2.895 3.130 3.222 3.274 3.227 3.143 2.869 3.102 
7.750 22.320 1.747 2.242 2.639 2.875 3.109 3.201 3.253 3.206 3.122 2.855 3.080 
7.750 27.040 1.675 2.171 2.569 2.803 3.033 3.123 3.174 3.128 3.041 2.792 3.000 
7.750 33.160 1.548 2.043 2.444 2.675 2.898 2.984 3.035 2.990 2.895 2.675 2.858 
7.750 41.050 1.430 1.929 2.335 2.566 2.784 2.865 2.914 2.875 2.776 2.583 2.736 
7.750 51.110 1.356 1.836 2.255 2.490 2.705 2.778 2.823 2.798 2.697 2.531 2.650 
7.750 63.890 1.273 1.748 2.181 2.420 2.631 2.694 2.732 2.720 2.614 2.468 2.575 
7.750 80.060 1.184 1.660 2.108 2.350 2.557 2.610 2.641 2.643 2.530 2.405 2.499 
7.750 100.500 1.091 1.572 2.033 2.279 2.483 2.526 2.550 2.564 2.445 2.341 2.422 
7.750 126.290 1.029 1.510 1.983 2.229 2.425 2.456 2.471 2.488 2.364 2.277 2.366 
7.750 158.810 0.958 1.435 1.911 2.151 2.336 2.356 2.363 2.370 2.235 2.167 2.279 
7.750 199.780 0.888 1.359 1.839 2.072 2.247 2.256 2.256 2.251 2.106 2.057 2.192 
7.750 251.390 0.811 1.277 1.762 1.988 2.148 2.142 2.132 2.113 1.958 1.929 2.095 
7.750 316.390 0.723 1.184 1.677 1.892 2.030 2.002 1.976 1.938 1.775 1.769 1.979 
7.750 398.240 0.634 1.091 1.592 1.795 1.912 1.861 1.821 1.762 1.591 1.608 1.864 
7.750 501.290 0.546 0.999 1.508 1.699 1.794 1.720 1.665 1.587 1.407 1.447 1.748 
7.750 631.040 0.468 0.915 1.443 1.641 1.741 1.668 1.613 1.533 1.345 1.385 1.658 
7.750 794.390 0.390 0.832 1.379 1.585 1.691 1.619 1.566 1.483 1.288 1.328 1.570 
8.000 10.050 1.925 2.394 2.749 2.968 3.198 3.292 3.343 3.296 3.212 2.917 3.201 
8.000 10.080 1.925 2.394 2.749 2.968 3.198 3.292 3.343 3.296 3.212 2.917 3.201 
8.000 10.120 1.925 2.394 2.749 2.968 3.198 3.292 3.343 3.296 3.212 2.917 3.201 
8.000 10.200 1.925 2.394 2.749 2.968 3.198 3.292 3.343 3.296 3.212 2.917 3.201 
8.000 10.310 1.925 2.394 2.749 2.968 3.198 3.292 3.343 3.296 3.212 2.917 3.201 
8.000 10.490 1.925 2.394 2.749 2.968 3.198 3.292 3.343 3.296 3.212 2.917 3.201 
8.000 10.760 1.925 2.394 2.749 2.968 3.198 3.292 3.343 3.296 3.212 2.917 3.201 
8.000 11.180 1.925 2.394 2.749 2.968 3.198 3.292 3.343 3.296 3.212 2.917 3.201 
8.000 11.820 1.925 2.394 2.749 2.968 3.198 3.292 3.343 3.296 3.212 2.917 3.201 
8.000 12.770 1.925 2.394 2.749 2.968 3.198 3.292 3.343 3.296 3.212 2.917 3.201 
8.000 14.140 1.925 2.394 2.749 2.968 3.198 3.292 3.343 3.296 3.212 2.917 3.201 
8.000 16.080 1.925 2.394 2.749 2.968 3.198 3.292 3.343 3.296 3.212 2.917 3.201 
8.000 18.740 1.925 2.394 2.749 2.968 3.198 3.292 3.343 3.296 3.212 2.917 3.201 
8.000 22.320 1.925 2.394 2.749 2.968 3.198 3.292 3.343 3.296 3.212 2.917 3.201 
8.000 27.040 1.874 2.342 2.700 2.917 3.144 3.236 3.286 3.241 3.155 2.875 3.143 
8.000 33.160 1.766 2.235 2.596 2.810 3.030 3.118 3.169 3.127 3.037 2.788 3.023 
8.000 41.050 1.659 2.128 2.492 2.703 2.916 3.000 3.051 3.012 2.919 2.702 2.902 
8.000 51.110 1.547 2.015 2.383 2.591 2.796 2.876 2.928 2.891 2.793 2.607 2.777 
8.000 63.890 1.438 1.907 2.292 2.504 2.705 2.774 2.818 2.798 2.693 2.532 2.684 
8.000 80.060 1.325 1.801 2.202 2.419 2.616 2.673 2.710 2.706 2.595 2.459 2.593 
8.000 100.500 1.210 1.693 2.112 2.334 2.526 2.572 2.601 2.614 2.497 2.386 2.501 
8.000 126.290 1.141 1.631 2.063 2.287 2.473 2.506 2.525 2.545 2.422 2.331 2.450 
8.000 158.810 1.083 1.576 2.020 2.242 2.419 2.439 2.449 2.468 2.338 2.265 2.400 
8.000 199.780 1.006 1.499 1.947 2.164 2.330 2.338 2.342 2.351 2.211 2.157 2.314 
8.000 251.390 0.926 1.417 1.870 2.080 2.231 2.225 2.218 2.215 2.065 2.031 2.219 
8.000 316.390 0.833 1.323 1.786 1.984 2.113 2.084 2.063 2.040 1.883 1.873 2.105 
8.000 398.240 0.742 1.230 1.702 1.888 1.995 1.944 1.908 1.866 1.701 1.714 1.992 
8.000 501.290 0.651 1.137 1.617 1.792 1.877 1.804 1.753 1.692 1.519 1.555 1.879 
8.000 631.040 0.574 1.059 1.556 1.738 1.827 1.754 1.704 1.641 1.461 1.498 1.794 
8.000 794.390 0.497 0.981 1.497 1.685 1.780 1.709 1.660 1.596 1.408 1.444 1.710 
