CanadaSHM5_AA13_stablecrust_high , distance is rhypo. Log10 ground motion values in cgs units
          15 30 11 : nmag, ndist, nperiod
          10.000 5.000 2.000 1.000 0.500 0.300 0.200 0.100 0.050 PGA PGV 
          0.620 0.620 0.620 0.620 0.580 0.540 0.530 0.530 0.530 0.530 0.620
4.500 10.050 -1.872 -0.601 0.582 1.283 1.910 2.236 2.540 2.871 2.907 2.627 2.031 
4.500 10.080 -1.883 -0.611 0.565 1.267 1.896 2.224 2.525 2.851 2.883 2.610 2.012 
4.500 10.120 -1.890 -0.621 0.549 1.251 1.881 2.212 2.511 2.830 2.859 2.593 1.992 
4.500 10.200 -1.890 -0.632 0.533 1.236 1.867 2.200 2.497 2.810 2.835 2.575 1.972 
4.500 10.310 -1.903 -0.655 0.498 1.203 1.838 2.175 2.469 2.771 2.790 2.539 1.931 
4.500 10.490 -1.907 -0.687 0.453 1.161 1.801 2.143 2.431 2.720 2.732 2.492 1.876 
4.500 10.760 -1.914 -0.718 0.408 1.118 1.763 2.110 2.394 2.669 2.675 2.444 1.821 
4.500 11.180 -1.928 -0.757 0.357 1.068 1.718 2.070 2.350 2.612 2.612 2.390 1.759 
4.500 11.820 -1.958 -0.820 0.287 0.999 1.654 2.009 2.285 2.536 2.532 2.313 1.671 
4.500 12.770 -1.983 -0.883 0.216 0.929 1.588 1.947 2.219 2.459 2.452 2.236 1.584 
4.500 14.140 -2.009 -0.947 0.145 0.859 1.523 1.884 2.153 2.382 2.372 2.159 1.496 
4.500 16.080 -2.062 -1.040 0.050 0.759 1.422 1.782 2.048 2.271 2.265 2.047 1.377 
4.500 18.740 -2.121 -1.139 -0.050 0.654 1.315 1.672 1.937 2.155 2.153 1.928 1.251 
4.500 22.320 -2.180 -1.239 -0.151 0.547 1.207 1.561 1.825 2.038 2.039 1.809 1.125 
4.500 27.040 -2.251 -1.352 -0.267 0.425 1.082 1.433 1.694 1.903 1.905 1.670 0.983 
4.500 33.160 -2.337 -1.479 -0.399 0.286 0.938 1.287 1.543 1.748 1.748 1.511 0.826 
4.500 41.050 -2.423 -1.607 -0.532 0.145 0.792 1.138 1.391 1.591 1.588 1.349 0.666 
4.500 51.110 -2.510 -1.736 -0.667 0.005 0.646 0.990 1.239 1.434 1.428 1.187 0.508 
4.500 63.890 -2.582 -1.848 -0.790 -0.117 0.520 0.867 1.107 1.294 1.269 1.038 0.371 
4.500 80.060 -2.656 -1.963 -0.916 -0.242 0.391 0.739 0.972 1.150 1.107 0.886 0.230 
4.500 100.500 -2.733 -2.082 -1.047 -0.371 0.257 0.608 0.832 1.002 0.940 0.729 0.086 
4.500 126.290 -2.780 -2.170 -1.147 -0.469 0.153 0.501 0.713 0.862 0.783 0.589 -0.033 
4.500 158.810 -2.822 -2.253 -1.244 -0.563 0.051 0.395 0.594 0.718 0.621 0.449 -0.150 
4.500 199.780 -2.863 -2.337 -1.341 -0.656 -0.051 0.289 0.475 0.573 0.458 0.308 -0.267 
4.500 251.390 -2.915 -2.429 -1.444 -0.759 -0.166 0.164 0.335 0.405 0.275 0.146 -0.399 
4.500 316.390 -2.982 -2.537 -1.556 -0.880 -0.307 0.003 0.155 0.192 0.050 -0.056 -0.560 
4.500 398.240 -3.051 -2.646 -1.669 -1.002 -0.448 -0.158 -0.025 -0.022 -0.175 -0.258 -0.720 
4.500 501.290 -3.118 -2.755 -1.781 -1.122 -0.589 -0.319 -0.205 -0.235 -0.400 -0.460 -0.881 
4.500 631.040 -3.274 -2.953 -1.943 -1.261 -0.708 -0.430 -0.313 -0.348 -0.521 -0.582 -1.049 
4.500 794.390 -3.433 -3.153 -2.107 -1.400 -0.827 -0.539 -0.419 -0.456 -0.638 -0.700 -1.216 
4.750 10.050 -1.470 -0.290 0.814 1.452 2.036 2.345 2.624 2.934 2.980 2.693 2.149 
4.750 10.080 -1.479 -0.300 0.800 1.439 2.025 2.336 2.612 2.916 2.960 2.679 2.132 
4.750 10.120 -1.489 -0.309 0.786 1.426 2.013 2.327 2.600 2.898 2.940 2.664 2.115 
4.750 10.200 -1.489 -0.319 0.773 1.413 2.002 2.317 2.588 2.879 2.920 2.649 2.098 
4.750 10.310 -1.501 -0.342 0.742 1.385 1.977 2.295 2.562 2.842 2.880 2.616 2.060 
4.750 10.490 -1.511 -0.373 0.701 1.347 1.943 2.265 2.528 2.793 2.828 2.572 2.009 
4.750 10.760 -1.517 -0.405 0.659 1.309 1.909 2.235 2.493 2.745 2.775 2.528 1.958 
4.750 11.180 -1.531 -0.444 0.612 1.264 1.869 2.198 2.452 2.690 2.718 2.476 1.899 
4.750 11.820 -1.561 -0.503 0.546 1.200 1.808 2.139 2.389 2.616 2.642 2.402 1.816 
4.750 12.770 -1.584 -0.563 0.480 1.135 1.746 2.079 2.326 2.542 2.566 2.328 1.733 
4.750 14.140 -1.609 -0.624 0.413 1.070 1.685 2.018 2.262 2.468 2.489 2.254 1.650 
4.750 16.080 -1.658 -0.710 0.322 0.974 1.587 1.918 2.161 2.364 2.385 2.147 1.536 
4.750 18.740 -1.711 -0.801 0.226 0.872 1.483 1.811 2.054 2.254 2.276 2.034 1.417 
4.750 22.320 -1.764 -0.894 0.129 0.770 1.378 1.703 1.946 2.143 2.167 1.920 1.297 
4.750 27.040 -1.830 -0.999 0.018 0.653 1.256 1.579 1.820 2.015 2.037 1.789 1.163 
4.750 33.160 -1.912 -1.118 -0.110 0.518 1.116 1.436 1.674 1.868 1.885 1.639 1.014 
4.750 41.050 -1.993 -1.239 -0.239 0.381 0.974 1.292 1.527 1.719 1.732 1.486 0.863 
4.750 51.110 -2.076 -1.360 -0.369 0.245 0.832 1.148 1.380 1.569 1.578 1.333 0.712 
4.750 63.890 -2.149 -1.471 -0.490 0.127 0.710 1.029 1.252 1.432 1.422 1.189 0.581 
4.750 80.060 -2.224 -1.585 -0.615 0.005 0.584 0.906 1.120 1.290 1.262 1.041 0.447 
4.750 100.500 -2.304 -1.704 -0.744 -0.120 0.454 0.778 0.984 1.145 1.098 0.888 0.308 
4.750 126.290 -2.359 -1.797 -0.844 -0.214 0.353 0.674 0.867 1.005 0.939 0.748 0.192 
4.750 158.810 -2.412 -1.887 -0.941 -0.304 0.256 0.571 0.749 0.859 0.774 0.605 0.077 
4.750 199.780 -2.465 -1.978 -1.037 -0.394 0.158 0.467 0.632 0.714 0.608 0.462 -0.037 
4.750 251.390 -2.522 -2.076 -1.138 -0.493 0.047 0.346 0.494 0.546 0.423 0.299 -0.167 
4.750 316.390 -2.597 -2.188 -1.248 -0.609 -0.090 0.188 0.317 0.334 0.198 0.097 -0.324 
4.750 398.240 -2.669 -2.300 -1.357 -0.726 -0.226 0.031 0.140 0.122 -0.026 -0.104 -0.481 
4.750 501.290 -2.743 -2.412 -1.467 -0.842 -0.363 -0.127 -0.038 -0.090 -0.250 -0.306 -0.639 
4.750 631.040 -2.889 -2.597 -1.618 -0.970 -0.474 -0.231 -0.140 -0.197 -0.366 -0.422 -0.797 
4.750 794.390 -3.039 -2.785 -1.770 -1.099 -0.585 -0.333 -0.239 -0.300 -0.478 -0.535 -0.956 
5.000 10.050 -1.071 0.020 1.046 1.621 2.162 2.455 2.708 2.997 3.053 2.760 2.266 
5.000 10.080 -1.080 0.012 1.035 1.611 2.154 2.448 2.698 2.981 3.037 2.748 2.252 
5.000 10.120 -1.088 0.003 1.024 1.601 2.145 2.441 2.689 2.965 3.021 2.735 2.238 
5.000 10.200 -1.096 -0.005 1.013 1.591 2.137 2.434 2.679 2.949 3.005 2.723 2.223 
5.000 10.310 -1.106 -0.028 0.985 1.567 2.115 2.415 2.656 2.914 2.969 2.693 2.189 
5.000 10.490 -1.121 -0.060 0.948 1.533 2.086 2.388 2.624 2.867 2.923 2.652 2.141 
5.000 10.760 -1.127 -0.092 0.910 1.500 2.056 2.361 2.592 2.820 2.876 2.611 2.094 
5.000 11.180 -1.140 -0.130 0.867 1.460 2.019 2.326 2.553 2.767 2.823 2.562 2.039 
5.000 11.820 -1.169 -0.186 0.805 1.400 1.962 2.269 2.493 2.697 2.752 2.491 1.961 
5.000 12.770 -1.191 -0.243 0.743 1.340 1.905 2.211 2.432 2.626 2.679 2.420 1.882 
5.000 14.140 -1.214 -0.300 0.681 1.280 1.847 2.153 2.371 2.555 2.606 2.349 1.803 
5.000 16.080 -1.259 -0.380 0.594 1.189 1.752 2.055 2.274 2.456 2.506 2.247 1.696 
5.000 18.740 -1.307 -0.464 0.502 1.092 1.651 1.951 2.171 2.353 2.400 2.140 1.583 
5.000 22.320 -1.355 -0.549 0.410 0.994 1.550 1.845 2.067 2.249 2.294 2.032 1.470 
5.000 27.040 -1.417 -0.646 0.302 0.880 1.431 1.724 1.946 2.128 2.169 1.908 1.343 
5.000 33.160 -1.492 -0.757 0.179 0.749 1.294 1.586 1.806 1.989 2.023 1.767 1.202 
5.000 41.050 -1.569 -0.870 0.054 0.617 1.155 1.446 1.664 1.847 1.877 1.624 1.059 
5.000 51.110 -1.650 -0.984 -0.072 0.484 1.017 1.306 1.522 1.705 1.727 1.479 0.917 
5.000 63.890 -1.721 -1.094 -0.191 0.370 0.899 1.191 1.397 1.570 1.574 1.339 0.792 
5.000 80.060 -1.798 -1.208 -0.314 0.252 0.777 1.072 1.269 1.431 1.418 1.195 0.663 
5.000 100.500 -1.881 -1.325 -0.441 0.130 0.651 0.949 1.136 1.288 1.257 1.047 0.531 
5.000 126.290 -1.942 -1.423 -0.540 0.040 0.554 0.847 1.021 1.148 1.096 0.907 0.418 
5.000 158.810 -2.004 -1.522 -0.636 -0.046 0.460 0.747 0.905 1.001 0.927 0.761 0.305 
5.000 199.780 -2.066 -1.620 -0.733 -0.132 0.367 0.646 0.788 0.854 0.758 0.615 0.192 
5.000 251.390 -2.138 -1.724 -0.833 -0.226 0.260 0.527 0.652 0.686 0.570 0.451 0.065 
5.000 316.390 -2.215 -1.838 -0.940 -0.338 0.128 0.373 0.478 0.476 0.347 0.250 -0.089 
5.000 398.240 -2.293 -1.953 -1.047 -0.450 -0.005 0.219 0.304 0.266 0.123 0.049 -0.242 
5.000 501.290 -2.374 -2.068 -1.153 -0.562 -0.137 0.065 0.130 0.057 -0.101 -0.151 -0.396 
5.000 631.040 -2.511 -2.241 -1.293 -0.680 -0.240 -0.032 0.033 -0.046 -0.212 -0.262 -0.545 
5.000 794.390 -2.650 -2.416 -1.434 -0.799 -0.342 -0.127 -0.059 -0.143 -0.318 -0.369 -0.695 
5.250 10.050 -0.699 0.308 1.267 1.796 2.300 2.572 2.801 3.059 3.116 2.819 2.377 
5.250 10.080 -0.705 0.303 1.260 1.791 2.296 2.568 2.795 3.048 3.106 2.811 2.368 
5.250 10.120 -0.710 0.297 1.253 1.786 2.291 2.565 2.790 3.037 3.095 2.802 2.358 
5.250 10.200 -0.716 0.291 1.246 1.780 2.287 2.561 2.784 3.026 3.085 2.793 2.349 
5.250 10.310 -0.733 0.270 1.223 1.759 2.269 2.544 2.763 2.994 3.054 2.766 2.317 
5.250 10.490 -0.751 0.239 1.188 1.729 2.241 2.517 2.732 2.950 3.010 2.728 2.273 
5.250 10.760 -0.758 0.208 1.154 1.698 2.213 2.490 2.700 2.906 2.966 2.690 2.228 
5.250 11.180 -0.769 0.171 1.113 1.661 2.178 2.456 2.662 2.856 2.916 2.645 2.176 
5.250 11.820 -0.799 0.117 1.054 1.604 2.122 2.400 2.604 2.789 2.848 2.578 2.102 
5.250 12.770 -0.820 0.063 0.995 1.547 2.066 2.343 2.544 2.722 2.779 2.511 2.028 
5.250 14.140 -0.842 0.008 0.935 1.489 2.009 2.285 2.485 2.654 2.710 2.444 1.953 
5.250 16.080 -0.886 -0.069 0.850 1.400 1.916 2.190 2.391 2.561 2.614 2.349 1.852 
5.250 18.740 -0.933 -0.149 0.761 1.304 1.816 2.088 2.291 2.463 2.513 2.248 1.745 
5.250 22.320 -0.980 -0.231 0.670 1.207 1.716 1.984 2.190 2.364 2.410 2.148 1.637 
5.250 27.040 -1.040 -0.325 0.566 1.096 1.599 1.867 2.074 2.249 2.291 2.032 1.518 
5.250 33.160 -1.112 -0.431 0.447 0.969 1.465 1.734 1.941 2.118 2.153 1.900 1.385 
5.250 41.050 -1.186 -0.539 0.325 0.839 1.329 1.599 1.806 1.984 2.013 1.766 1.251 
5.250 51.110 -1.262 -0.648 0.203 0.710 1.194 1.465 1.672 1.849 1.870 1.631 1.116 
5.250 63.890 -1.335 -0.754 0.089 0.600 1.079 1.353 1.552 1.719 1.723 1.498 0.997 
5.250 80.060 -1.410 -0.862 -0.029 0.487 0.961 1.238 1.428 1.585 1.572 1.361 0.875 
5.250 100.500 -1.490 -0.975 -0.150 0.369 0.839 1.119 1.300 1.447 1.417 1.220 0.749 
5.250 126.290 -1.551 -1.069 -0.244 0.283 0.746 1.021 1.186 1.307 1.256 1.080 0.641 
5.250 158.810 -1.614 -1.165 -0.334 0.203 0.657 0.922 1.069 1.158 1.086 0.932 0.531 
5.250 199.780 -1.677 -1.261 -0.425 0.122 0.567 0.823 0.953 1.009 0.915 0.784 0.422 
5.250 251.390 -1.745 -1.362 -0.519 0.032 0.464 0.707 0.817 0.839 0.726 0.617 0.300 
5.250 316.390 -1.825 -1.475 -0.620 -0.075 0.337 0.555 0.644 0.629 0.502 0.416 0.151 
5.250 398.240 -1.904 -1.587 -0.722 -0.181 0.209 0.404 0.471 0.420 0.278 0.214 0.001 
5.250 501.290 -1.984 -1.700 -0.824 -0.288 0.082 0.253 0.297 0.210 0.054 0.013 -0.147 
5.250 631.040 -2.112 -1.859 -0.951 -0.396 -0.014 0.163 0.207 0.113 -0.052 -0.092 -0.288 
5.250 794.390 -2.241 -2.021 -1.080 -0.505 -0.108 0.075 0.121 0.021 -0.152 -0.193 -0.428 
5.500 10.050 -0.331 0.596 1.489 1.972 2.438 2.689 2.894 3.120 3.179 2.879 2.488 
5.500 10.080 -0.334 0.593 1.486 1.971 2.438 2.689 2.892 3.114 3.175 2.874 2.483 
5.500 10.120 -0.337 0.590 1.483 1.970 2.438 2.689 2.891 3.109 3.170 2.868 2.479 
5.500 10.200 -0.340 0.587 1.480 1.969 2.438 2.689 2.889 3.103 3.165 2.863 2.474 
5.500 10.310 -0.360 0.568 1.460 1.952 2.422 2.672 2.870 3.075 3.138 2.839 2.446 
5.500 10.490 -0.384 0.538 1.429 1.924 2.396 2.646 2.839 3.033 3.096 2.804 2.404 
5.500 10.760 -0.400 0.508 1.397 1.897 2.370 2.620 2.808 2.992 3.055 2.769 2.362 
5.500 11.180 -0.407 0.472 1.359 1.863 2.337 2.587 2.771 2.944 3.008 2.727 2.313 
5.500 11.820 -0.434 0.421 1.303 1.809 2.282 2.531 2.714 2.881 2.944 2.665 2.244 
5.500 12.770 -0.457 0.369 1.246 1.754 2.227 2.475 2.656 2.818 2.879 2.602 2.174 
5.500 14.140 -0.477 0.316 1.189 1.699 2.172 2.418 2.599 2.754 2.814 2.539 2.104 
5.500 16.080 -0.519 0.243 1.107 1.611 2.080 2.325 2.507 2.665 2.722 2.451 2.007 
5.500 18.740 -0.565 0.165 1.020 1.516 1.981 2.224 2.410 2.572 2.625 2.357 1.907 
5.500 22.320 -0.612 0.086 0.931 1.421 1.881 2.123 2.312 2.479 2.527 2.263 1.805 
5.500 27.040 -0.668 -0.003 0.830 1.312 1.767 2.009 2.201 2.371 2.413 2.155 1.692 
5.500 33.160 -0.738 -0.105 0.714 1.188 1.636 1.882 2.076 2.247 2.282 2.033 1.568 
5.500 41.050 -0.809 -0.208 0.597 1.062 1.503 1.752 1.949 2.121 2.149 1.909 1.442 
5.500 51.110 -0.882 -0.313 0.479 0.936 1.371 1.623 1.821 1.994 2.013 1.783 1.315 
5.500 63.890 -0.952 -0.413 0.370 0.830 1.260 1.516 1.706 1.868 1.872 1.657 1.203 
5.500 80.060 -1.026 -0.516 0.257 0.721 1.146 1.405 1.587 1.740 1.727 1.527 1.087 
5.500 100.500 -1.103 -0.624 0.141 0.608 1.027 1.290 1.464 1.607 1.577 1.393 0.967 
5.500 126.290 -1.164 -0.716 0.053 0.527 0.938 1.194 1.351 1.466 1.417 1.253 0.863 
5.500 158.810 -1.228 -0.809 -0.032 0.451 0.853 1.097 1.234 1.315 1.245 1.103 0.758 
5.500 199.780 -1.291 -0.901 -0.117 0.375 0.767 1.001 1.117 1.164 1.072 0.952 0.653 
5.500 251.390 -1.358 -1.000 -0.205 0.290 0.669 0.886 0.981 0.993 0.882 0.784 0.534 
5.500 316.390 -1.439 -1.111 -0.301 0.189 0.546 0.738 0.809 0.783 0.658 0.582 0.390 
5.500 398.240 -1.520 -1.221 -0.397 0.087 0.423 0.589 0.637 0.573 0.433 0.379 0.245 
5.500 501.290 -1.600 -1.331 -0.494 -0.014 0.301 0.441 0.466 0.364 0.208 0.177 0.101 
5.500 631.040 -1.717 -1.478 -0.609 -0.113 0.213 0.357 0.382 0.272 0.108 0.078 -0.031 
5.500 794.390 -1.836 -1.626 -0.726 -0.211 0.127 0.276 0.301 0.186 0.014 -0.017 -0.162 
5.750 10.050 -0.005 0.851 1.688 2.135 2.565 2.795 2.981 3.179 3.236 2.929 2.589 
5.750 10.080 -0.007 0.849 1.686 2.135 2.565 2.795 2.980 3.175 3.232 2.925 2.586 
5.750 10.120 -0.009 0.846 1.684 2.134 2.566 2.794 2.979 3.171 3.229 2.921 2.582 
5.750 10.200 -0.012 0.844 1.682 2.133 2.566 2.794 2.977 3.167 3.225 2.916 2.579 
5.750 10.310 -0.027 0.828 1.666 2.120 2.553 2.782 2.962 3.146 3.204 2.898 2.557 
5.750 10.490 -0.051 0.804 1.642 2.100 2.533 2.761 2.939 3.114 3.172 2.871 2.524 
5.750 10.760 -0.070 0.780 1.618 2.079 2.513 2.741 2.914 3.082 3.140 2.843 2.491 
5.750 11.180 -0.080 0.749 1.586 2.050 2.485 2.712 2.882 3.043 3.102 2.808 2.450 
5.750 11.820 -0.103 0.697 1.531 1.997 2.431 2.657 2.826 2.982 3.040 2.749 2.382 
5.750 12.770 -0.129 0.645 1.475 1.943 2.377 2.601 2.769 2.921 2.978 2.690 2.315 
5.750 14.140 -0.149 0.593 1.419 1.889 2.322 2.545 2.712 2.859 2.915 2.631 2.247 
5.750 16.080 -0.193 0.519 1.337 1.801 2.230 2.453 2.622 2.772 2.825 2.546 2.152 
5.750 18.740 -0.239 0.441 1.249 1.707 2.132 2.353 2.526 2.679 2.729 2.456 2.054 
5.750 22.320 -0.287 0.362 1.161 1.612 2.032 2.253 2.429 2.586 2.632 2.365 1.954 
5.750 27.040 -0.346 0.273 1.060 1.503 1.918 2.141 2.320 2.479 2.521 2.261 1.845 
5.750 33.160 -0.418 0.173 0.946 1.380 1.789 2.015 2.198 2.358 2.393 2.145 1.725 
5.750 41.050 -0.491 0.071 0.830 1.255 1.657 1.888 2.074 2.235 2.264 2.027 1.603 
5.750 51.110 -0.565 -0.032 0.714 1.131 1.526 1.761 1.949 2.111 2.132 1.906 1.480 
5.750 63.890 -0.636 -0.130 0.607 1.026 1.417 1.655 1.836 1.989 1.995 1.785 1.372 
5.750 80.060 -0.709 -0.232 0.497 0.919 1.304 1.545 1.720 1.863 1.855 1.660 1.259 
5.750 100.500 -0.788 -0.339 0.383 0.807 1.186 1.431 1.599 1.734 1.710 1.531 1.143 
5.750 126.290 -0.850 -0.428 0.298 0.729 1.099 1.336 1.488 1.597 1.554 1.394 1.043 
5.750 158.810 -0.913 -0.518 0.218 0.656 1.016 1.241 1.372 1.450 1.385 1.246 0.941 
5.750 199.780 -0.976 -0.609 0.137 0.583 0.933 1.145 1.256 1.303 1.216 1.098 0.839 
5.750 251.390 -1.045 -0.705 0.052 0.502 0.838 1.033 1.121 1.136 1.029 0.932 0.725 
5.750 316.390 -1.126 -0.813 -0.040 0.404 0.719 0.887 0.951 0.930 0.807 0.732 0.585 
5.750 398.240 -1.206 -0.920 -0.133 0.306 0.599 0.741 0.782 0.725 0.586 0.532 0.445 
5.750 501.290 -1.287 -1.027 -0.225 0.208 0.480 0.595 0.612 0.520 0.365 0.332 0.305 
5.750 631.040 -1.395 -1.163 -0.331 0.118 0.399 0.517 0.533 0.434 0.271 0.238 0.180 
5.750 794.390 -1.505 -1.300 -0.438 0.028 0.319 0.441 0.458 0.354 0.181 0.149 0.057 
6.000 10.050 0.319 1.105 1.888 2.299 2.693 2.901 3.069 3.237 3.291 2.980 2.690 
6.000 10.080 0.317 1.104 1.886 2.299 2.693 2.901 3.068 3.235 3.289 2.977 2.688 
6.000 10.120 0.316 1.102 1.885 2.298 2.693 2.900 3.067 3.233 3.287 2.973 2.686 
6.000 10.200 0.314 1.101 1.884 2.298 2.694 2.900 3.066 3.231 3.285 2.970 2.684 
6.000 10.310 0.302 1.089 1.873 2.289 2.685 2.891 3.055 3.217 3.271 2.957 2.668 
6.000 10.490 0.284 1.071 1.856 2.275 2.671 2.877 3.038 3.195 3.248 2.937 2.645 
6.000 10.760 0.266 1.052 1.839 2.261 2.657 2.862 3.020 3.173 3.226 2.917 2.621 
6.000 11.180 0.244 1.026 1.813 2.238 2.633 2.838 2.993 3.142 3.195 2.889 2.587 
6.000 11.820 0.216 0.974 1.759 2.185 2.580 2.783 2.938 3.083 3.136 2.834 2.521 
6.000 12.770 0.194 0.922 1.704 2.132 2.526 2.728 2.882 3.025 3.076 2.778 2.455 
6.000 14.140 0.171 0.869 1.649 2.079 2.472 2.672 2.825 2.965 3.017 2.723 2.389 
6.000 16.080 0.127 0.795 1.566 1.991 2.380 2.580 2.736 2.878 2.927 2.641 2.297 
6.000 18.740 0.078 0.717 1.479 1.897 2.282 2.482 2.642 2.786 2.833 2.554 2.201 
6.000 22.320 0.028 0.637 1.390 1.802 2.183 2.383 2.546 2.692 2.737 2.466 2.104 
6.000 27.040 -0.032 0.549 1.290 1.694 2.070 2.273 2.439 2.587 2.628 2.368 1.997 
6.000 33.160 -0.104 0.450 1.178 1.572 1.942 2.149 2.320 2.469 2.504 2.257 1.881 
6.000 41.050 -0.178 0.350 1.063 1.448 1.812 2.024 2.199 2.350 2.379 2.144 1.764 
6.000 51.110 -0.253 0.249 0.948 1.325 1.682 1.899 2.078 2.228 2.251 2.029 1.646 
6.000 63.890 -0.324 0.152 0.844 1.222 1.574 1.794 1.967 2.109 2.119 1.913 1.541 
6.000 80.060 -0.399 0.051 0.737 1.117 1.462 1.685 1.853 1.987 1.983 1.793 1.432 
6.000 100.500 -0.477 -0.053 0.625 1.007 1.346 1.573 1.734 1.861 1.843 1.669 1.319 
6.000 126.290 -0.540 -0.140 0.544 0.931 1.261 1.479 1.624 1.728 1.690 1.535 1.222 
6.000 158.810 -0.603 -0.228 0.467 0.861 1.180 1.384 1.509 1.585 1.525 1.389 1.124 
6.000 199.780 -0.667 -0.316 0.390 0.791 1.100 1.290 1.394 1.442 1.359 1.243 1.026 
6.000 251.390 -0.737 -0.410 0.309 0.713 1.007 1.179 1.262 1.279 1.175 1.080 0.915 
6.000 316.390 -0.816 -0.515 0.221 0.619 0.891 1.035 1.094 1.078 0.957 0.882 0.780 
6.000 398.240 -0.896 -0.619 0.132 0.525 0.775 0.892 0.926 0.877 0.739 0.685 0.644 
6.000 501.290 -0.976 -0.723 0.043 0.431 0.658 0.748 0.758 0.676 0.521 0.487 0.509 
6.000 631.040 -1.077 -0.848 -0.053 0.348 0.584 0.676 0.685 0.596 0.433 0.399 0.392 
6.000 794.390 -1.178 -0.974 -0.150 0.266 0.511 0.607 0.615 0.522 0.349 0.316 0.276 
6.250 10.050 0.603 1.329 2.059 2.436 2.798 2.990 3.147 3.301 3.350 3.036 2.793 
6.250 10.080 0.602 1.329 2.059 2.436 2.798 2.990 3.147 3.300 3.349 3.034 2.792 
6.250 10.120 0.601 1.328 2.058 2.436 2.798 2.990 3.146 3.299 3.348 3.033 2.791 
6.250 10.200 0.601 1.327 2.057 2.435 2.798 2.989 3.145 3.297 3.346 3.030 2.789 
6.250 10.310 0.593 1.320 2.051 2.431 2.794 2.985 3.140 3.290 3.338 3.022 2.780 
6.250 10.490 0.583 1.309 2.042 2.424 2.788 2.978 3.130 3.278 3.327 3.010 2.767 
6.250 10.760 0.572 1.298 2.033 2.417 2.781 2.971 3.121 3.267 3.314 2.997 2.753 
6.250 11.180 0.552 1.278 2.013 2.400 2.764 2.953 3.101 3.245 3.292 2.975 2.727 
6.250 11.820 0.503 1.228 1.962 2.351 2.714 2.902 3.049 3.190 3.237 2.925 2.665 
6.250 12.770 0.481 1.178 1.911 2.302 2.664 2.850 2.996 3.134 3.181 2.875 2.603 
6.250 14.140 0.460 1.128 1.860 2.252 2.613 2.798 2.943 3.079 3.125 2.824 2.541 
6.250 16.080 0.415 1.050 1.775 2.163 2.521 2.706 2.853 2.989 3.034 2.742 2.447 
6.250 18.740 0.362 0.967 1.685 2.067 2.421 2.607 2.757 2.894 2.937 2.654 2.348 
6.250 22.320 0.307 0.883 1.593 1.970 2.321 2.507 2.660 2.797 2.839 2.565 2.248 
6.250 27.040 0.242 0.791 1.491 1.861 2.207 2.395 2.553 2.690 2.728 2.466 2.140 
6.250 33.160 0.168 0.690 1.377 1.738 2.079 2.270 2.433 2.570 2.605 2.357 2.023 
6.250 41.050 0.089 0.587 1.262 1.613 1.948 2.144 2.312 2.449 2.479 2.246 1.906 
6.250 51.110 0.009 0.483 1.146 1.489 1.818 2.018 2.189 2.326 2.351 2.133 1.787 
6.250 63.890 -0.067 0.384 1.040 1.384 1.707 1.909 2.076 2.206 2.219 2.018 1.682 
6.250 80.060 -0.146 0.282 0.931 1.276 1.592 1.797 1.960 2.083 2.084 1.899 1.572 
6.250 100.500 -0.230 0.175 0.818 1.164 1.474 1.681 1.839 1.955 1.945 1.776 1.459 
6.250 126.290 -0.296 0.088 0.737 1.088 1.388 1.585 1.727 1.824 1.795 1.644 1.363 
6.250 158.810 -0.363 -0.000 0.660 1.018 1.306 1.489 1.611 1.683 1.634 1.500 1.266 
6.250 199.780 -0.428 -0.088 0.583 0.947 1.224 1.393 1.496 1.542 1.472 1.357 1.169 
6.250 251.390 -0.499 -0.181 0.502 0.869 1.132 1.281 1.362 1.383 1.293 1.196 1.059 
6.250 316.390 -0.581 -0.285 0.414 0.776 1.016 1.138 1.196 1.186 1.081 1.002 0.926 
6.250 398.240 -0.664 -0.388 0.327 0.683 0.900 0.996 1.029 0.989 0.867 0.807 0.793 
6.250 501.290 -0.745 -0.491 0.239 0.590 0.785 0.853 0.862 0.792 0.655 0.613 0.660 
6.250 631.040 -0.839 -0.608 0.150 0.513 0.715 0.784 0.792 0.717 0.571 0.530 0.549 
6.250 794.390 -0.935 -0.725 0.060 0.437 0.647 0.719 0.726 0.646 0.492 0.451 0.439 
6.500 10.050 0.886 1.553 2.232 2.574 2.904 3.080 3.226 3.365 3.409 3.092 2.896 
6.500 10.080 0.886 1.553 2.231 2.574 2.903 3.080 3.225 3.365 3.408 3.092 2.896 
6.500 10.120 0.886 1.553 2.231 2.573 2.903 3.079 3.225 3.364 3.408 3.091 2.896 
6.500 10.200 0.885 1.552 2.231 2.573 2.903 3.079 3.225 3.364 3.407 3.091 2.895 
6.500 10.310 0.883 1.550 2.229 2.573 2.903 3.079 3.224 3.363 3.406 3.088 2.893 
6.500 10.490 0.880 1.547 2.228 2.573 2.904 3.079 3.223 3.362 3.405 3.082 2.889 
6.500 10.760 0.877 1.544 2.226 2.573 2.905 3.079 3.222 3.360 3.403 3.076 2.885 
6.500 11.180 0.863 1.530 2.213 2.562 2.894 3.068 3.209 3.347 3.389 3.061 2.868 
6.500 11.820 0.815 1.482 2.166 2.517 2.848 3.020 3.160 3.296 3.338 3.016 2.809 
6.500 12.770 0.767 1.434 2.119 2.471 2.801 2.973 3.110 3.244 3.286 2.971 2.751 
6.500 14.140 0.741 1.386 2.071 2.425 2.754 2.924 3.060 3.192 3.234 2.925 2.692 
6.500 16.080 0.694 1.304 1.984 2.335 2.661 2.832 2.970 3.101 3.141 2.843 2.597 
6.500 18.740 0.639 1.217 1.891 2.237 2.561 2.731 2.873 3.002 3.041 2.753 2.494 
6.500 22.320 0.579 1.128 1.797 2.138 2.459 2.630 2.775 2.903 2.941 2.664 2.392 
6.500 27.040 0.510 1.033 1.692 2.027 2.345 2.517 2.666 2.793 2.829 2.565 2.282 
6.500 33.160 0.431 0.929 1.577 1.903 2.215 2.392 2.546 2.672 2.705 2.458 2.166 
6.500 41.050 0.350 0.824 1.460 1.778 2.084 2.264 2.424 2.549 2.579 2.348 2.047 
6.500 51.110 0.265 0.717 1.343 1.652 1.953 2.137 2.301 2.424 2.451 2.237 1.929 
6.500 63.890 0.185 0.617 1.236 1.546 1.840 2.025 2.186 2.303 2.320 2.122 1.823 
6.500 80.060 0.099 0.512 1.126 1.436 1.723 1.909 2.067 2.178 2.185 2.004 1.713 
6.500 100.500 0.013 0.404 1.012 1.322 1.602 1.789 1.944 2.049 2.046 1.882 1.599 
6.500 126.290 -0.056 0.316 0.930 1.245 1.514 1.691 1.830 1.920 1.900 1.752 1.504 
6.500 158.810 -0.124 0.228 0.853 1.174 1.432 1.594 1.714 1.781 1.743 1.611 1.408 
6.500 199.780 -0.193 0.140 0.776 1.103 1.349 1.496 1.597 1.643 1.586 1.470 1.312 
6.500 251.390 -0.268 0.047 0.695 1.024 1.256 1.383 1.463 1.487 1.412 1.312 1.204 
6.500 316.390 -0.351 -0.055 0.608 0.932 1.141 1.241 1.297 1.294 1.204 1.121 1.073 
6.500 398.240 -0.434 -0.157 0.522 0.840 1.026 1.099 1.131 1.101 0.996 0.930 0.943 
6.500 501.290 -0.518 -0.260 0.435 0.748 0.911 0.957 0.965 0.908 0.788 0.740 0.812 
6.500 631.040 -0.608 -0.368 0.353 0.677 0.846 0.893 0.899 0.837 0.709 0.661 0.706 
6.500 794.390 -0.698 -0.476 0.271 0.607 0.783 0.831 0.837 0.771 0.636 0.587 0.602 
6.750 10.050 1.124 1.739 2.368 2.686 2.996 3.160 3.295 3.426 3.460 3.134 2.987 
6.750 10.080 1.123 1.739 2.368 2.685 2.996 3.160 3.294 3.426 3.460 3.134 2.986 
6.750 10.120 1.123 1.738 2.368 2.685 2.995 3.159 3.294 3.425 3.459 3.133 2.986 
6.750 10.200 1.123 1.738 2.367 2.685 2.995 3.159 3.294 3.425 3.459 3.133 2.986 
6.750 10.310 1.121 1.737 2.367 2.685 2.995 3.159 3.293 3.424 3.458 3.131 2.984 
6.750 10.490 1.119 1.735 2.366 2.685 2.995 3.158 3.292 3.423 3.457 3.127 2.982 
6.750 10.760 1.117 1.732 2.364 2.684 2.995 3.158 3.291 3.422 3.456 3.124 2.979 
6.750 11.180 1.109 1.724 2.357 2.678 2.989 3.151 3.284 3.414 3.448 3.114 2.968 
6.750 11.820 1.081 1.696 2.330 2.652 2.963 3.125 3.256 3.385 3.418 3.087 2.935 
6.750 12.770 1.053 1.668 2.303 2.626 2.936 3.098 3.228 3.356 3.389 3.059 2.901 
6.750 14.140 1.024 1.640 2.275 2.600 2.910 3.071 3.200 3.325 3.358 3.031 2.866 
6.750 16.080 0.951 1.554 2.187 2.508 2.816 2.977 3.108 3.233 3.265 2.949 2.768 
6.750 18.740 0.894 1.458 2.088 2.406 2.712 2.873 3.006 3.129 3.162 2.859 2.659 
6.750 22.320 0.832 1.362 1.988 2.303 2.606 2.767 2.903 3.025 3.057 2.768 2.549 
6.750 27.040 0.754 1.259 1.878 2.187 2.487 2.649 2.789 2.910 2.941 2.667 2.434 
6.750 33.160 0.669 1.148 1.758 2.058 2.354 2.519 2.663 2.784 2.813 2.557 2.312 
6.750 41.050 0.578 1.036 1.636 1.928 2.219 2.386 2.536 2.656 2.682 2.445 2.189 
6.750 51.110 0.485 0.923 1.513 1.797 2.084 2.254 2.408 2.526 2.550 2.331 2.066 
6.750 63.890 0.400 0.819 1.402 1.685 1.965 2.135 2.287 2.402 2.418 2.216 1.957 
6.750 80.060 0.310 0.711 1.288 1.569 1.843 2.012 2.162 2.274 2.281 2.099 1.845 
6.750 100.500 0.216 0.599 1.170 1.450 1.716 1.886 2.033 2.141 2.141 1.976 1.728 
6.750 126.290 0.144 0.511 1.085 1.368 1.623 1.784 1.919 2.013 1.998 1.849 1.633 
6.750 158.810 0.075 0.423 1.006 1.294 1.536 1.683 1.802 1.878 1.846 1.712 1.537 
6.750 199.780 0.003 0.336 0.927 1.220 1.449 1.582 1.684 1.743 1.694 1.575 1.441 
6.750 251.390 -0.072 0.244 0.846 1.140 1.352 1.467 1.551 1.590 1.524 1.421 1.335 
6.750 316.390 -0.158 0.144 0.759 1.048 1.236 1.326 1.388 1.402 1.321 1.234 1.206 
6.750 398.240 -0.241 0.043 0.672 0.956 1.120 1.184 1.224 1.213 1.118 1.048 1.078 
6.750 501.290 -0.327 -0.058 0.585 0.863 1.003 1.042 1.060 1.025 0.915 0.862 0.949 
6.750 631.040 -0.412 -0.159 0.508 0.797 0.941 0.980 0.997 0.958 0.841 0.788 0.848 
6.750 794.390 -0.497 -0.260 0.432 0.731 0.881 0.922 0.939 0.896 0.772 0.718 0.749 
7.000 10.050 1.357 1.924 2.505 2.798 3.088 3.240 3.364 3.487 3.511 3.176 3.077 
7.000 10.080 1.357 1.924 2.505 2.797 3.088 3.240 3.363 3.487 3.511 3.176 3.077 
7.000 10.120 1.357 1.924 2.505 2.797 3.087 3.239 3.363 3.487 3.511 3.175 3.076 
7.000 10.200 1.356 1.923 2.505 2.797 3.087 3.239 3.363 3.486 3.510 3.175 3.076 
7.000 10.310 1.355 1.923 2.504 2.796 3.086 3.238 3.362 3.486 3.510 3.174 3.075 
7.000 10.490 1.355 1.922 2.503 2.796 3.086 3.238 3.361 3.485 3.509 3.172 3.074 
7.000 10.760 1.353 1.921 2.503 2.796 3.086 3.237 3.361 3.484 3.508 3.171 3.073 
7.000 11.180 1.350 1.918 2.500 2.794 3.084 3.235 3.359 3.482 3.506 3.167 3.069 
7.000 11.820 1.343 1.910 2.494 2.788 3.078 3.229 3.353 3.474 3.499 3.157 3.060 
7.000 12.770 1.335 1.902 2.487 2.781 3.072 3.224 3.346 3.467 3.491 3.147 3.050 
7.000 14.140 1.326 1.893 2.479 2.774 3.065 3.217 3.339 3.459 3.483 3.136 3.040 
7.000 16.080 1.236 1.804 2.389 2.682 2.971 3.123 3.247 3.365 3.390 3.056 2.939 
7.000 18.740 1.134 1.700 2.284 2.575 2.862 3.014 3.139 3.257 3.282 2.965 2.824 
7.000 22.320 1.069 1.596 2.179 2.468 2.753 2.904 3.031 3.148 3.174 2.872 2.707 
7.000 27.040 0.991 1.485 2.064 2.347 2.630 2.782 2.912 3.028 3.054 2.770 2.585 
7.000 33.160 0.899 1.367 1.938 2.214 2.493 2.646 2.781 2.896 2.921 2.656 2.459 
7.000 41.050 0.801 1.248 1.811 2.078 2.354 2.508 2.648 2.763 2.786 2.541 2.330 
7.000 51.110 0.701 1.129 1.683 1.942 2.215 2.370 2.514 2.628 2.650 2.425 2.202 
7.000 63.890 0.611 1.021 1.568 1.824 2.091 2.245 2.388 2.500 2.516 2.310 2.091 
7.000 80.060 0.515 0.909 1.450 1.703 1.962 2.116 2.258 2.369 2.378 2.193 1.976 
7.000 100.500 0.414 0.794 1.328 1.577 1.830 1.982 2.123 2.233 2.236 2.071 1.858 
7.000 126.290 0.341 0.705 1.241 1.492 1.733 1.876 2.007 2.106 2.096 1.946 1.762 
7.000 158.810 0.268 0.619 1.160 1.415 1.640 1.772 1.890 1.975 1.949 1.812 1.666 
7.000 199.780 0.195 0.532 1.079 1.338 1.548 1.668 1.772 1.843 1.801 1.679 1.571 
7.000 251.390 0.118 0.442 0.996 1.255 1.448 1.552 1.640 1.694 1.637 1.529 1.465 
7.000 316.390 0.032 0.342 0.909 1.163 1.330 1.410 1.478 1.509 1.439 1.348 1.339 
7.000 398.240 -0.053 0.243 0.822 1.071 1.213 1.268 1.316 1.325 1.241 1.166 1.213 
7.000 501.290 -0.140 0.143 0.735 0.979 1.095 1.127 1.154 1.141 1.042 0.984 1.086 
7.000 631.040 -0.221 0.050 0.663 0.916 1.036 1.068 1.095 1.079 0.973 0.915 0.990 
7.000 794.390 -0.302 -0.044 0.592 0.854 0.980 1.012 1.040 1.021 0.909 0.850 0.896 
7.250 10.050 1.545 2.070 2.610 2.884 3.165 3.309 3.429 3.552 3.574 3.218 3.155 
7.250 10.080 1.545 2.070 2.609 2.884 3.164 3.309 3.429 3.551 3.574 3.218 3.154 
7.250 10.120 1.544 2.070 2.609 2.884 3.164 3.309 3.429 3.551 3.574 3.217 3.154 
7.250 10.200 1.544 2.070 2.609 2.883 3.164 3.308 3.428 3.551 3.573 3.217 3.154 
7.250 10.310 1.543 2.069 2.608 2.883 3.163 3.308 3.428 3.550 3.573 3.216 3.153 
7.250 10.490 1.542 2.068 2.607 2.882 3.163 3.307 3.427 3.549 3.572 3.215 3.152 
7.250 10.760 1.542 2.067 2.607 2.882 3.162 3.306 3.426 3.549 3.571 3.214 3.151 
7.250 11.180 1.540 2.065 2.605 2.880 3.161 3.305 3.425 3.547 3.570 3.211 3.148 
7.250 11.820 1.534 2.060 2.601 2.877 3.158 3.302 3.422 3.542 3.565 3.202 3.143 
7.250 12.770 1.529 2.054 2.597 2.874 3.155 3.299 3.418 3.538 3.559 3.193 3.136 
7.250 14.140 1.523 2.048 2.592 2.870 3.152 3.296 3.414 3.533 3.553 3.184 3.129 
7.250 16.080 1.459 1.985 2.529 2.805 3.086 3.230 3.350 3.467 3.488 3.129 3.059 
7.250 18.740 1.386 1.911 2.456 2.730 3.010 3.154 3.275 3.390 3.413 3.066 2.977 
7.250 22.320 1.311 1.837 2.381 2.654 2.933 3.077 3.199 3.313 3.337 3.002 2.895 
7.250 27.040 1.237 1.732 2.275 2.543 2.819 2.964 3.088 3.202 3.225 2.909 2.783 
7.250 33.160 1.133 1.596 2.132 2.393 2.667 2.812 2.939 3.053 3.075 2.784 2.639 
7.250 41.050 1.018 1.458 1.988 2.241 2.512 2.658 2.788 2.902 2.923 2.656 2.493 
7.250 51.110 0.899 1.321 1.845 2.091 2.358 2.504 2.638 2.752 2.770 2.528 2.348 
7.250 63.890 0.797 1.205 1.721 1.962 2.224 2.370 2.503 2.616 2.629 2.410 2.230 
7.250 80.060 0.692 1.085 1.594 1.830 2.087 2.232 2.364 2.478 2.485 2.288 2.108 
7.250 100.500 0.580 0.962 1.463 1.694 1.945 2.090 2.222 2.335 2.337 2.162 1.982 
7.250 126.290 0.502 0.871 1.371 1.602 1.841 1.980 2.104 2.208 2.198 2.039 1.884 
7.250 158.810 0.429 0.786 1.287 1.519 1.743 1.874 1.989 2.080 2.055 1.911 1.788 
7.250 199.780 0.354 0.701 1.203 1.435 1.645 1.768 1.873 1.952 1.913 1.782 1.693 
7.250 251.390 0.276 0.611 1.117 1.348 1.540 1.651 1.742 1.806 1.752 1.637 1.588 
7.250 316.390 0.188 0.513 1.028 1.253 1.419 1.509 1.582 1.625 1.558 1.460 1.463 
7.250 398.240 0.101 0.416 0.940 1.158 1.299 1.367 1.423 1.444 1.363 1.283 1.338 
7.250 501.290 0.012 0.318 0.851 1.063 1.178 1.225 1.264 1.263 1.169 1.105 1.213 
7.250 631.040 -0.064 0.230 0.784 1.003 1.122 1.170 1.208 1.205 1.104 1.040 1.121 
7.250 794.390 -0.141 0.143 0.717 0.945 1.069 1.118 1.158 1.152 1.045 0.980 1.031 
7.500 10.050 1.727 2.216 2.714 2.971 3.242 3.379 3.495 3.616 3.637 3.260 3.232 
7.500 10.080 1.727 2.216 2.713 2.971 3.241 3.379 3.494 3.616 3.637 3.260 3.232 
7.500 10.120 1.727 2.216 2.713 2.970 3.241 3.378 3.494 3.615 3.637 3.259 3.232 
7.500 10.200 1.726 2.215 2.713 2.970 3.241 3.378 3.494 3.615 3.636 3.259 3.231 
7.500 10.310 1.726 2.215 2.712 2.969 3.240 3.377 3.493 3.615 3.636 3.258 3.231 
7.500 10.490 1.725 2.214 2.711 2.969 3.240 3.377 3.492 3.614 3.635 3.258 3.230 
7.500 10.760 1.724 2.213 2.711 2.968 3.239 3.376 3.492 3.613 3.635 3.257 3.229 
7.500 11.180 1.723 2.212 2.710 2.967 3.238 3.375 3.491 3.612 3.633 3.254 3.228 
7.500 11.820 1.721 2.210 2.708 2.967 3.238 3.375 3.491 3.610 3.630 3.247 3.225 
7.500 12.770 1.718 2.207 2.707 2.966 3.238 3.375 3.490 3.608 3.627 3.240 3.222 
7.500 14.140 1.715 2.203 2.705 2.965 3.238 3.374 3.490 3.606 3.624 3.232 3.218 
7.500 16.080 1.677 2.166 2.669 2.928 3.201 3.338 3.453 3.568 3.587 3.202 3.178 
7.500 18.740 1.633 2.122 2.627 2.885 3.157 3.294 3.410 3.524 3.544 3.168 3.131 
7.500 22.320 1.589 2.078 2.584 2.841 3.113 3.250 3.366 3.478 3.500 3.133 3.083 
7.500 27.040 1.491 1.980 2.485 2.738 3.009 3.146 3.264 3.375 3.397 3.049 2.980 
7.500 33.160 1.348 1.825 2.326 2.573 2.841 2.977 3.097 3.209 3.229 2.911 2.819 
7.500 41.050 1.225 1.668 2.166 2.405 2.671 2.808 2.929 3.042 3.059 2.771 2.655 
7.500 51.110 1.091 1.513 2.006 2.239 2.502 2.639 2.761 2.875 2.890 2.632 2.494 
7.500 63.890 0.980 1.389 1.874 2.100 2.358 2.495 2.618 2.732 2.743 2.509 2.368 
7.500 80.060 0.864 1.261 1.738 1.958 2.211 2.348 2.471 2.586 2.593 2.383 2.239 
7.500 100.500 0.743 1.130 1.598 1.811 2.060 2.197 2.320 2.436 2.438 2.253 2.106 
7.500 126.290 0.660 1.038 1.502 1.711 1.949 2.083 2.201 2.310 2.301 2.133 2.006 
7.500 158.810 0.584 0.953 1.414 1.622 1.846 1.976 2.087 2.185 2.162 2.009 1.910 
7.500 199.780 0.509 0.869 1.326 1.533 1.742 1.869 1.973 2.061 2.024 1.886 1.815 
7.500 251.390 0.428 0.781 1.238 1.441 1.632 1.750 1.844 1.918 1.868 1.745 1.710 
7.500 316.390 0.339 0.685 1.148 1.343 1.508 1.608 1.687 1.740 1.677 1.572 1.586 
7.500 398.240 0.250 0.588 1.057 1.245 1.385 1.466 1.530 1.563 1.486 1.400 1.463 
7.500 501.290 0.161 0.492 0.967 1.148 1.262 1.324 1.373 1.385 1.295 1.227 1.339 
7.500 631.040 0.087 0.411 0.904 1.091 1.208 1.273 1.322 1.332 1.235 1.166 1.252 
7.500 794.390 0.014 0.330 0.841 1.035 1.158 1.224 1.275 1.283 1.180 1.110 1.167 
7.750 10.050 1.862 2.319 2.776 3.020 3.288 3.422 3.541 3.664 3.686 3.295 3.295 
7.750 10.080 1.862 2.319 2.776 3.020 3.288 3.422 3.541 3.663 3.686 3.295 3.294 
7.750 10.120 1.861 2.318 2.775 3.020 3.288 3.422 3.541 3.663 3.686 3.295 3.294 
7.750 10.200 1.861 2.318 2.775 3.019 3.287 3.421 3.540 3.663 3.685 3.295 3.294 
7.750 10.310 1.860 2.317 2.775 3.019 3.287 3.421 3.540 3.662 3.685 3.294 3.293 
7.750 10.490 1.860 2.317 2.774 3.018 3.286 3.420 3.539 3.661 3.684 3.293 3.292 
7.750 10.760 1.859 2.316 2.773 3.017 3.285 3.419 3.538 3.661 3.683 3.292 3.292 
7.750 11.180 1.858 2.315 2.772 3.016 3.284 3.418 3.537 3.659 3.682 3.291 3.291 
7.750 11.820 1.856 2.313 2.771 3.015 3.284 3.418 3.537 3.658 3.680 3.286 3.288 
7.750 12.770 1.854 2.311 2.769 3.014 3.283 3.417 3.536 3.656 3.678 3.282 3.286 
7.750 14.140 1.851 2.308 2.767 3.013 3.282 3.416 3.534 3.654 3.675 3.277 3.283 
7.750 16.080 1.831 2.287 2.748 2.994 3.263 3.397 3.515 3.633 3.655 3.258 3.262 
7.750 18.740 1.806 2.263 2.725 2.971 3.240 3.375 3.493 3.609 3.631 3.237 3.237 
7.750 22.320 1.781 2.238 2.702 2.947 3.217 3.352 3.470 3.584 3.606 3.214 3.211 
7.750 27.040 1.703 2.160 2.625 2.867 3.136 3.272 3.390 3.502 3.524 3.148 3.130 
7.750 33.160 1.567 2.024 2.489 2.727 2.993 3.128 3.248 3.361 3.381 3.035 2.989 
7.750 41.050 1.430 1.887 2.352 2.584 2.848 2.983 3.104 3.217 3.236 2.919 2.846 
7.750 51.110 1.317 1.746 2.211 2.438 2.699 2.834 2.956 3.069 3.087 2.799 2.701 
7.750 63.890 1.183 1.596 2.054 2.275 2.533 2.668 2.789 2.903 2.915 2.656 2.550 
7.750 80.060 1.039 1.443 1.893 2.108 2.363 2.498 2.618 2.734 2.739 2.509 2.396 
7.750 100.500 0.889 1.286 1.728 1.937 2.189 2.323 2.443 2.560 2.560 2.358 2.237 
7.750 126.290 0.797 1.187 1.621 1.827 2.070 2.202 2.318 2.429 2.418 2.237 2.130 
7.750 158.810 0.718 1.102 1.528 1.731 1.964 2.094 2.205 2.306 2.282 2.119 2.034 
7.750 199.780 0.638 1.018 1.436 1.636 1.858 1.986 2.091 2.183 2.147 2.001 1.937 
7.750 251.390 0.555 0.930 1.343 1.538 1.745 1.866 1.963 2.042 1.993 1.865 1.832 
7.750 316.390 0.464 0.834 1.250 1.437 1.620 1.723 1.806 1.865 1.803 1.695 1.708 
7.750 398.240 0.373 0.738 1.157 1.335 1.495 1.581 1.650 1.688 1.614 1.524 1.585 
7.750 501.290 0.282 0.643 1.064 1.234 1.369 1.438 1.493 1.512 1.424 1.354 1.461 
7.750 631.040 0.211 0.567 1.003 1.180 1.320 1.391 1.446 1.463 1.369 1.298 1.379 
7.750 794.390 0.141 0.492 0.945 1.128 1.273 1.347 1.404 1.419 1.319 1.246 1.298 
8.000 10.050 1.991 2.421 2.839 3.070 3.335 3.466 3.588 3.711 3.735 3.331 3.357 
8.000 10.080 1.991 2.421 2.838 3.070 3.335 3.466 3.587 3.711 3.735 3.331 3.357 
8.000 10.120 1.990 2.421 2.838 3.069 3.334 3.465 3.587 3.710 3.735 3.330 3.357 
8.000 10.200 1.990 2.420 2.838 3.069 3.334 3.465 3.587 3.710 3.734 3.330 3.356 
8.000 10.310 1.989 2.420 2.837 3.068 3.333 3.464 3.586 3.710 3.734 3.329 3.356 
8.000 10.490 1.989 2.419 2.836 3.068 3.333 3.464 3.586 3.709 3.733 3.329 3.355 
8.000 10.760 1.988 2.418 2.836 3.067 3.332 3.463 3.585 3.708 3.732 3.328 3.354 
8.000 11.180 1.987 2.417 2.835 3.066 3.331 3.462 3.584 3.707 3.731 3.327 3.353 
8.000 11.820 1.986 2.416 2.833 3.064 3.329 3.460 3.582 3.706 3.730 3.326 3.352 
8.000 12.770 1.984 2.414 2.832 3.063 3.328 3.459 3.581 3.704 3.728 3.324 3.350 
8.000 14.140 1.982 2.412 2.830 3.061 3.326 3.457 3.579 3.702 3.726 3.322 3.348 
8.000 16.080 1.978 2.409 2.827 3.059 3.325 3.457 3.578 3.698 3.722 3.315 3.346 
8.000 18.740 1.974 2.404 2.824 3.057 3.324 3.456 3.577 3.694 3.717 3.306 3.343 
8.000 22.320 1.969 2.399 2.820 3.053 3.322 3.455 3.575 3.689 3.711 3.296 3.339 
8.000 27.040 1.910 2.340 2.765 2.996 3.264 3.398 3.517 3.630 3.652 3.248 3.279 
8.000 33.160 1.793 2.223 2.652 2.881 3.146 3.279 3.399 3.512 3.533 3.158 3.159 
8.000 41.050 1.675 2.105 2.538 2.763 3.026 3.159 3.279 3.392 3.413 3.067 3.037 
8.000 51.110 1.549 1.979 2.415 2.637 2.897 3.030 3.151 3.264 3.284 2.967 2.908 
8.000 63.890 1.385 1.804 2.233 2.450 2.708 2.840 2.960 3.074 3.087 2.803 2.732 
8.000 80.060 1.213 1.625 2.048 2.259 2.515 2.647 2.765 2.881 2.886 2.635 2.552 
8.000 100.500 1.034 1.442 1.858 2.063 2.318 2.449 2.567 2.684 2.681 2.463 2.369 
8.000 126.290 0.932 1.336 1.740 1.942 2.191 2.321 2.435 2.547 2.534 2.340 2.253 
8.000 158.810 0.850 1.251 1.643 1.840 2.082 2.212 2.322 2.426 2.402 2.229 2.157 
8.000 199.780 0.765 1.167 1.545 1.739 1.973 2.103 2.209 2.306 2.270 2.117 2.060 
8.000 251.390 0.680 1.079 1.448 1.636 1.859 1.982 2.082 2.166 2.118 1.986 1.954 
8.000 316.390 0.585 0.984 1.352 1.531 1.731 1.839 1.925 1.990 1.930 1.817 1.830 
8.000 398.240 0.491 0.888 1.256 1.425 1.604 1.696 1.769 1.814 1.741 1.649 1.707 
8.000 501.290 0.398 0.793 1.160 1.320 1.477 1.552 1.613 1.638 1.553 1.481 1.583 
8.000 631.040 0.329 0.723 1.103 1.269 1.431 1.509 1.570 1.594 1.502 1.429 1.505 
8.000 794.390 0.261 0.653 1.048 1.220 1.388 1.469 1.532 1.555 1.457 1.383 1.429 
