CanadaSHM5_AA13_stablecrust_central , distance is rhypo. Log10 ground motion values in cgs units
          15 30 11 : nmag, ndist, nperiod
          10.000 5.000 2.000 1.000 0.500 0.300 0.200 0.100 0.050 PGA PGV 
          0.620 0.620 0.620 0.620 0.580 0.540 0.530 0.530 0.530 0.530 0.620
4.500 10.050 -2.076 -0.798 0.284 0.993 1.657 2.016 2.314 2.597 2.619 2.242 1.625 
4.500 10.080 -2.085 -0.807 0.275 0.983 1.647 2.006 2.303 2.585 2.606 2.234 1.613 
4.500 10.120 -2.091 -0.816 0.265 0.973 1.636 1.996 2.292 2.573 2.592 2.225 1.600 
4.500 10.200 -2.089 -0.825 0.255 0.963 1.625 1.985 2.281 2.560 2.578 2.217 1.588 
4.500 10.310 -2.099 -0.845 0.232 0.939 1.602 1.962 2.257 2.533 2.550 2.195 1.560 
4.500 10.490 -2.099 -0.872 0.201 0.907 1.570 1.931 2.224 2.497 2.512 2.165 1.523 
4.500 10.760 -2.101 -0.900 0.170 0.875 1.538 1.900 2.192 2.461 2.474 2.135 1.485 
4.500 11.180 -2.111 -0.933 0.132 0.836 1.499 1.862 2.152 2.417 2.428 2.097 1.440 
4.500 11.820 -2.133 -0.989 0.071 0.775 1.437 1.801 2.090 2.350 2.357 2.035 1.370 
4.500 12.770 -2.151 -1.045 0.010 0.713 1.375 1.740 2.027 2.283 2.286 1.973 1.299 
4.500 14.140 -2.169 -1.100 -0.051 0.652 1.314 1.680 1.965 2.216 2.215 1.910 1.229 
4.500 16.080 -2.218 -1.190 -0.146 0.555 1.217 1.583 1.864 2.109 2.100 1.806 1.119 
4.500 18.740 -2.272 -1.285 -0.248 0.452 1.113 1.480 1.757 1.995 1.978 1.694 1.003 
4.500 22.320 -2.327 -1.380 -0.349 0.349 1.010 1.377 1.651 1.882 1.856 1.583 0.887 
4.500 27.040 -2.393 -1.488 -0.464 0.232 0.891 1.258 1.527 1.750 1.714 1.453 0.756 
4.500 33.160 -2.475 -1.610 -0.593 0.100 0.756 1.121 1.385 1.600 1.551 1.302 0.606 
4.500 41.050 -2.555 -1.733 -0.723 -0.033 0.621 0.984 1.244 1.449 1.387 1.151 0.457 
4.500 51.110 -2.633 -1.853 -0.850 -0.163 0.488 0.849 1.103 1.300 1.225 1.002 0.310 
4.500 63.890 -2.693 -1.952 -0.957 -0.275 0.370 0.728 0.977 1.165 1.078 0.866 0.182 
4.500 80.060 -2.750 -2.051 -1.064 -0.387 0.252 0.607 0.850 1.030 0.930 0.731 0.053 
4.500 100.500 -2.806 -2.149 -1.171 -0.500 0.134 0.486 0.724 0.895 0.783 0.595 -0.076 
4.500 126.290 -2.865 -2.248 -1.275 -0.612 0.012 0.356 0.583 0.736 0.609 0.438 -0.213 
4.500 158.810 -2.922 -2.347 -1.379 -0.725 -0.112 0.221 0.438 0.567 0.424 0.272 -0.353 
4.500 199.780 -2.979 -2.446 -1.482 -0.838 -0.236 0.087 0.292 0.399 0.240 0.106 -0.492 
4.500 251.390 -3.045 -2.553 -1.592 -0.959 -0.371 -0.062 0.129 0.209 0.034 -0.080 -0.645 
4.500 316.390 -3.127 -2.676 -1.712 -1.094 -0.527 -0.240 -0.069 -0.021 -0.213 -0.306 -0.822 
4.500 398.240 -3.210 -2.800 -1.833 -1.229 -0.684 -0.418 -0.266 -0.252 -0.461 -0.531 -0.999 
4.500 501.290 -3.292 -2.923 -1.953 -1.365 -0.840 -0.597 -0.464 -0.482 -0.708 -0.757 -1.176 
4.500 631.040 -3.455 -3.127 -2.123 -1.513 -0.971 -0.719 -0.583 -0.605 -0.841 -0.890 -1.355 
4.500 794.390 -3.621 -3.335 -2.294 -1.662 -1.100 -0.840 -0.699 -0.722 -0.969 -1.019 -1.534 
4.750 10.050 -1.685 -0.500 0.533 1.198 1.817 2.155 2.431 2.691 2.707 2.333 1.769 
4.750 10.080 -1.693 -0.507 0.524 1.189 1.808 2.146 2.422 2.681 2.696 2.326 1.758 
4.750 10.120 -1.700 -0.514 0.516 1.181 1.800 2.138 2.413 2.671 2.685 2.320 1.748 
4.750 10.200 -1.698 -0.522 0.508 1.173 1.791 2.129 2.404 2.660 2.674 2.312 1.738 
4.750 10.310 -1.706 -0.541 0.487 1.151 1.768 2.107 2.381 2.635 2.647 2.293 1.712 
4.750 10.490 -1.710 -0.567 0.457 1.120 1.737 2.077 2.350 2.601 2.611 2.265 1.676 
4.750 10.760 -1.711 -0.593 0.427 1.089 1.707 2.047 2.318 2.567 2.575 2.237 1.641 
4.750 11.180 -1.720 -0.627 0.390 1.052 1.669 2.011 2.280 2.525 2.532 2.201 1.597 
4.750 11.820 -1.745 -0.681 0.331 0.992 1.609 1.952 2.219 2.460 2.463 2.141 1.529 
4.750 12.770 -1.763 -0.735 0.272 0.932 1.549 1.892 2.158 2.394 2.394 2.081 1.461 
4.750 14.140 -1.782 -0.790 0.212 0.872 1.490 1.833 2.097 2.329 2.325 2.021 1.392 
4.750 16.080 -1.831 -0.877 0.120 0.778 1.395 1.739 1.999 2.225 2.214 1.920 1.286 
4.750 18.740 -1.885 -0.970 0.021 0.679 1.294 1.638 1.895 2.115 2.095 1.813 1.174 
4.750 22.320 -1.938 -1.062 -0.077 0.579 1.194 1.538 1.792 2.005 1.976 1.705 1.061 
4.750 27.040 -2.005 -1.167 -0.188 0.466 1.079 1.422 1.672 1.878 1.839 1.579 0.934 
4.750 33.160 -2.086 -1.285 -0.313 0.338 0.949 1.290 1.535 1.732 1.681 1.434 0.790 
4.750 41.050 -2.165 -1.404 -0.438 0.210 0.818 1.158 1.398 1.586 1.523 1.289 0.646 
4.750 51.110 -2.242 -1.520 -0.561 0.084 0.689 1.027 1.262 1.442 1.367 1.145 0.504 
4.750 63.890 -2.299 -1.615 -0.663 -0.024 0.575 0.910 1.140 1.312 1.224 1.015 0.381 
4.750 80.060 -2.356 -1.711 -0.766 -0.132 0.462 0.793 1.017 1.182 1.082 0.884 0.257 
4.750 100.500 -2.413 -1.806 -0.869 -0.240 0.348 0.677 0.895 1.052 0.939 0.754 0.133 
4.750 126.290 -2.470 -1.901 -0.969 -0.348 0.230 0.550 0.759 0.898 0.771 0.602 0.002 
4.750 158.810 -2.527 -1.997 -1.068 -0.456 0.111 0.420 0.619 0.735 0.593 0.442 -0.132 
4.750 199.780 -2.584 -2.092 -1.167 -0.565 -0.008 0.291 0.478 0.572 0.414 0.282 -0.265 
4.750 251.390 -2.647 -2.195 -1.272 -0.680 -0.139 0.146 0.320 0.388 0.215 0.102 -0.412 
4.750 316.390 -2.729 -2.314 -1.389 -0.811 -0.290 -0.027 0.127 0.164 -0.025 -0.116 -0.582 
4.750 398.240 -2.809 -2.433 -1.505 -0.941 -0.442 -0.200 -0.065 -0.060 -0.265 -0.334 -0.752 
4.750 501.290 -2.890 -2.552 -1.621 -1.071 -0.593 -0.374 -0.257 -0.284 -0.506 -0.552 -0.923 
4.750 631.040 -3.042 -2.743 -1.778 -1.209 -0.715 -0.488 -0.369 -0.399 -0.631 -0.678 -1.092 
4.750 794.390 -3.197 -2.937 -1.937 -1.348 -0.835 -0.600 -0.477 -0.509 -0.751 -0.799 -1.262 
5.000 10.050 -1.299 -0.201 0.781 1.403 1.977 2.293 2.548 2.785 2.795 2.424 1.912 
5.000 10.080 -1.305 -0.207 0.774 1.396 1.970 2.287 2.541 2.777 2.786 2.419 1.904 
5.000 10.120 -1.311 -0.213 0.768 1.389 1.963 2.280 2.533 2.769 2.778 2.414 1.896 
5.000 10.200 -1.316 -0.219 0.761 1.383 1.956 2.273 2.526 2.761 2.769 2.408 1.888 
5.000 10.310 -1.320 -0.237 0.741 1.362 1.935 2.253 2.505 2.737 2.744 2.390 1.864 
5.000 10.490 -1.330 -0.262 0.712 1.333 1.905 2.224 2.475 2.705 2.711 2.365 1.830 
5.000 10.760 -1.328 -0.288 0.683 1.303 1.876 2.195 2.445 2.672 2.677 2.339 1.796 
5.000 11.180 -1.336 -0.320 0.648 1.267 1.839 2.160 2.408 2.632 2.635 2.306 1.754 
5.000 11.820 -1.363 -0.373 0.590 1.209 1.781 2.102 2.348 2.569 2.569 2.248 1.688 
5.000 12.770 -1.381 -0.426 0.533 1.151 1.723 2.044 2.288 2.506 2.502 2.190 1.622 
5.000 14.140 -1.400 -0.480 0.476 1.093 1.665 1.987 2.228 2.442 2.435 2.132 1.555 
5.000 16.080 -1.450 -0.564 0.386 1.002 1.573 1.894 2.134 2.342 2.327 2.035 1.453 
5.000 18.740 -1.504 -0.654 0.290 0.906 1.476 1.797 2.034 2.235 2.212 1.931 1.344 
5.000 22.320 -1.557 -0.744 0.195 0.809 1.378 1.699 1.933 2.128 2.097 1.827 1.235 
5.000 27.040 -1.624 -0.846 0.088 0.700 1.267 1.587 1.817 2.005 1.964 1.706 1.112 
5.000 33.160 -1.702 -0.960 -0.033 0.576 1.140 1.459 1.685 1.864 1.812 1.566 0.973 
5.000 41.050 -1.779 -1.075 -0.153 0.453 1.014 1.331 1.552 1.724 1.659 1.426 0.835 
5.000 51.110 -1.859 -1.187 -0.271 0.332 0.889 1.205 1.421 1.585 1.509 1.288 0.698 
5.000 63.890 -1.912 -1.279 -0.370 0.228 0.780 1.092 1.303 1.459 1.371 1.163 0.580 
5.000 80.060 -1.967 -1.371 -0.468 0.124 0.671 0.980 1.184 1.334 1.233 1.038 0.461 
5.000 100.500 -2.025 -1.463 -0.567 0.020 0.562 0.867 1.066 1.209 1.096 0.912 0.342 
5.000 126.290 -2.080 -1.555 -0.663 -0.084 0.449 0.745 0.935 1.060 0.933 0.767 0.217 
5.000 158.810 -2.135 -1.646 -0.758 -0.187 0.334 0.620 0.799 0.903 0.761 0.613 0.089 
5.000 199.780 -2.190 -1.738 -0.853 -0.291 0.219 0.494 0.664 0.745 0.589 0.459 -0.039 
5.000 251.390 -2.257 -1.837 -0.953 -0.402 0.093 0.354 0.510 0.567 0.396 0.286 -0.178 
5.000 316.390 -2.335 -1.952 -1.065 -0.527 -0.053 0.186 0.323 0.350 0.163 0.074 -0.342 
5.000 398.240 -2.413 -2.067 -1.176 -0.653 -0.199 0.017 0.136 0.132 -0.070 -0.137 -0.506 
5.000 501.290 -2.493 -2.181 -1.288 -0.778 -0.346 -0.151 -0.050 -0.086 -0.303 -0.348 -0.669 
5.000 631.040 -2.635 -2.359 -1.433 -0.905 -0.458 -0.257 -0.154 -0.194 -0.421 -0.466 -0.830 
5.000 794.390 -2.779 -2.539 -1.580 -1.033 -0.569 -0.361 -0.255 -0.297 -0.534 -0.580 -0.990 
5.250 10.050 -0.949 0.064 0.998 1.579 2.114 2.410 2.645 2.860 2.864 2.496 2.037 
5.250 10.080 -0.952 0.061 0.995 1.575 2.110 2.406 2.641 2.856 2.859 2.494 2.032 
5.250 10.120 -0.955 0.058 0.991 1.572 2.107 2.403 2.637 2.851 2.855 2.491 2.028 
5.250 10.200 -0.958 0.055 0.988 1.568 2.103 2.399 2.633 2.847 2.850 2.488 2.024 
5.250 10.310 -0.971 0.038 0.969 1.549 2.084 2.380 2.613 2.826 2.828 2.472 2.002 
5.250 10.490 -0.983 0.014 0.942 1.521 2.055 2.352 2.584 2.794 2.795 2.448 1.969 
5.250 10.760 -0.984 -0.011 0.914 1.493 2.027 2.324 2.555 2.763 2.762 2.425 1.936 
5.250 11.180 -0.989 -0.043 0.880 1.458 1.991 2.290 2.519 2.724 2.721 2.393 1.896 
5.250 11.820 -1.017 -0.094 0.824 1.402 1.935 2.234 2.462 2.663 2.658 2.339 1.832 
5.250 12.770 -1.035 -0.146 0.769 1.346 1.879 2.178 2.404 2.602 2.594 2.284 1.768 
5.250 14.140 -1.054 -0.197 0.713 1.290 1.822 2.122 2.347 2.541 2.530 2.229 1.704 
5.250 16.080 -1.104 -0.280 0.626 1.202 1.733 2.033 2.255 2.443 2.425 2.136 1.604 
5.250 18.740 -1.157 -0.367 0.534 1.109 1.638 1.938 2.157 2.340 2.314 2.036 1.499 
5.250 22.320 -1.210 -0.455 0.442 1.015 1.543 1.843 2.059 2.236 2.202 1.936 1.393 
5.250 27.040 -1.275 -0.554 0.338 0.909 1.435 1.734 1.947 2.117 2.074 1.819 1.275 
5.250 33.160 -1.352 -0.665 0.222 0.790 1.314 1.610 1.819 1.982 1.926 1.685 1.141 
5.250 41.050 -1.428 -0.775 0.106 0.671 1.192 1.486 1.690 1.846 1.779 1.550 1.008 
5.250 51.110 -1.504 -0.884 -0.008 0.554 1.071 1.364 1.564 1.712 1.633 1.417 0.877 
5.250 63.890 -1.560 -0.973 -0.103 0.454 0.966 1.255 1.450 1.591 1.501 1.297 0.763 
5.250 80.060 -1.615 -1.061 -0.198 0.354 0.861 1.146 1.336 1.470 1.368 1.176 0.649 
5.250 100.500 -1.672 -1.150 -0.292 0.255 0.756 1.037 1.221 1.349 1.235 1.056 0.535 
5.250 126.290 -1.726 -1.238 -0.384 0.156 0.647 0.920 1.095 1.206 1.078 0.916 0.416 
5.250 158.810 -1.781 -1.326 -0.475 0.056 0.537 0.799 0.964 1.054 0.912 0.768 0.294 
5.250 199.780 -1.836 -1.413 -0.565 -0.043 0.426 0.678 0.833 0.902 0.746 0.620 0.172 
5.250 251.390 -1.898 -1.509 -0.661 -0.149 0.305 0.543 0.684 0.730 0.560 0.453 0.038 
5.250 316.390 -1.976 -1.619 -0.768 -0.270 0.164 0.379 0.503 0.519 0.334 0.249 -0.119 
5.250 398.240 -2.053 -1.730 -0.875 -0.390 0.022 0.216 0.321 0.307 0.108 0.045 -0.276 
5.250 501.290 -2.132 -1.841 -0.982 -0.510 -0.119 0.053 0.139 0.096 -0.118 -0.159 -0.433 
5.250 631.040 -2.264 -2.006 -1.116 -0.628 -0.223 -0.047 0.043 -0.005 -0.229 -0.270 -0.585 
5.250 794.390 -2.399 -2.173 -1.251 -0.745 -0.326 -0.143 -0.051 -0.101 -0.335 -0.377 -0.737 
5.500 10.050 -0.604 0.330 1.215 1.755 2.250 2.526 2.741 2.934 2.932 2.568 2.161 
5.500 10.080 -0.604 0.330 1.215 1.755 2.250 2.526 2.741 2.934 2.932 2.568 2.161 
5.500 10.120 -0.604 0.329 1.215 1.754 2.250 2.526 2.740 2.934 2.932 2.568 2.160 
5.500 10.200 -0.605 0.329 1.215 1.754 2.250 2.525 2.740 2.934 2.931 2.567 2.160 
5.500 10.310 -0.620 0.314 1.198 1.737 2.232 2.508 2.722 2.914 2.911 2.554 2.140 
5.500 10.490 -0.639 0.289 1.171 1.710 2.205 2.481 2.694 2.884 2.879 2.532 2.109 
5.500 10.760 -0.650 0.265 1.145 1.683 2.177 2.453 2.666 2.853 2.847 2.510 2.076 
5.500 11.180 -0.652 0.234 1.112 1.649 2.143 2.419 2.631 2.815 2.808 2.481 2.037 
5.500 11.820 -0.677 0.184 1.058 1.595 2.088 2.366 2.575 2.757 2.747 2.429 1.976 
5.500 12.770 -0.697 0.135 1.005 1.541 2.034 2.312 2.520 2.698 2.686 2.378 1.914 
5.500 14.140 -0.715 0.085 0.951 1.488 1.979 2.258 2.465 2.640 2.625 2.327 1.853 
5.500 16.080 -0.763 0.005 0.867 1.402 1.892 2.171 2.375 2.545 2.523 2.237 1.756 
5.500 18.740 -0.816 -0.081 0.778 1.311 1.800 2.079 2.280 2.445 2.415 2.141 1.654 
5.500 22.320 -0.870 -0.166 0.689 1.221 1.708 1.986 2.186 2.345 2.307 2.044 1.552 
5.500 27.040 -0.932 -0.261 0.589 1.119 1.604 1.881 2.077 2.230 2.183 1.932 1.438 
5.500 33.160 -1.008 -0.369 0.477 1.004 1.487 1.761 1.953 2.099 2.041 1.803 1.310 
5.500 41.050 -1.082 -0.476 0.365 0.889 1.369 1.641 1.829 1.969 1.899 1.674 1.181 
5.500 51.110 -1.157 -0.581 0.254 0.776 1.253 1.523 1.706 1.840 1.758 1.546 1.055 
5.500 63.890 -1.211 -0.666 0.164 0.681 1.152 1.418 1.596 1.723 1.630 1.430 0.946 
5.500 80.060 -1.267 -0.752 0.073 0.585 1.051 1.313 1.487 1.606 1.502 1.315 0.838 
5.500 100.500 -1.322 -0.837 -0.018 0.490 0.950 1.208 1.377 1.489 1.374 1.200 0.729 
5.500 126.290 -1.376 -0.921 -0.105 0.395 0.845 1.095 1.255 1.351 1.223 1.065 0.614 
5.500 158.810 -1.430 -1.005 -0.192 0.300 0.739 0.978 1.128 1.205 1.064 0.924 0.498 
5.500 199.780 -1.484 -1.089 -0.278 0.205 0.633 0.862 1.002 1.059 0.904 0.782 0.382 
5.500 251.390 -1.544 -1.180 -0.369 0.103 0.517 0.731 0.858 0.893 0.724 0.621 0.254 
5.500 316.390 -1.622 -1.287 -0.471 -0.012 0.381 0.573 0.682 0.688 0.505 0.424 0.104 
5.500 398.240 -1.699 -1.393 -0.573 -0.127 0.244 0.414 0.505 0.483 0.286 0.227 -0.047 
5.500 501.290 -1.775 -1.500 -0.675 -0.242 0.108 0.256 0.329 0.278 0.067 0.029 -0.197 
5.500 631.040 -1.899 -1.653 -0.798 -0.350 0.012 0.164 0.239 0.184 -0.037 -0.075 -0.340 
5.500 794.390 -2.024 -1.807 -0.922 -0.458 -0.082 0.075 0.153 0.094 -0.136 -0.175 -0.483 
5.750 10.050 -0.297 0.565 1.403 1.907 2.369 2.628 2.827 3.000 2.993 2.632 2.272 
5.750 10.080 -0.297 0.565 1.403 1.907 2.369 2.628 2.826 2.999 2.993 2.632 2.272 
5.750 10.120 -0.297 0.565 1.403 1.907 2.369 2.628 2.826 2.999 2.993 2.632 2.272 
5.750 10.200 -0.297 0.565 1.403 1.907 2.369 2.627 2.826 2.999 2.993 2.631 2.272 
5.750 10.310 -0.309 0.553 1.390 1.893 2.356 2.614 2.812 2.984 2.977 2.621 2.256 
5.750 10.490 -0.328 0.534 1.370 1.872 2.334 2.593 2.790 2.960 2.952 2.605 2.232 
5.750 10.760 -0.341 0.515 1.349 1.851 2.313 2.572 2.768 2.937 2.927 2.590 2.207 
5.750 11.180 -0.347 0.489 1.321 1.823 2.284 2.543 2.738 2.905 2.894 2.566 2.174 
5.750 11.820 -0.368 0.439 1.268 1.770 2.230 2.489 2.684 2.848 2.835 2.517 2.114 
5.750 12.770 -0.391 0.390 1.215 1.717 2.176 2.436 2.630 2.791 2.776 2.468 2.053 
5.750 14.140 -0.407 0.341 1.163 1.664 2.122 2.382 2.575 2.733 2.717 2.419 1.993 
5.750 16.080 -0.457 0.261 1.080 1.580 2.037 2.296 2.487 2.641 2.617 2.331 1.898 
5.750 18.740 -0.510 0.176 0.992 1.490 1.946 2.205 2.393 2.542 2.511 2.237 1.798 
5.750 22.320 -0.563 0.092 0.904 1.401 1.855 2.114 2.299 2.443 2.404 2.143 1.697 
5.750 27.040 -0.628 -0.002 0.806 1.301 1.752 2.010 2.192 2.330 2.283 2.034 1.585 
5.750 33.160 -0.704 -0.107 0.696 1.188 1.637 1.892 2.070 2.203 2.144 1.908 1.460 
5.750 41.050 -0.780 -0.213 0.587 1.076 1.522 1.775 1.949 2.075 2.005 1.782 1.335 
5.750 51.110 -0.855 -0.315 0.479 0.966 1.408 1.659 1.829 1.949 1.868 1.658 1.212 
5.750 63.890 -0.911 -0.399 0.391 0.873 1.310 1.556 1.721 1.835 1.743 1.546 1.106 
5.750 80.060 -0.967 -0.483 0.302 0.780 1.211 1.453 1.614 1.721 1.618 1.433 1.001 
5.750 100.500 -1.023 -0.567 0.214 0.686 1.112 1.351 1.507 1.607 1.493 1.321 0.895 
5.750 126.290 -1.077 -0.649 0.129 0.594 1.011 1.240 1.388 1.473 1.346 1.191 0.785 
5.750 158.810 -1.132 -0.731 0.046 0.503 0.908 1.127 1.265 1.331 1.191 1.055 0.673 
5.750 199.780 -1.185 -0.812 -0.038 0.411 0.806 1.014 1.142 1.190 1.036 0.918 0.562 
5.750 251.390 -1.247 -0.901 -0.126 0.312 0.693 0.887 1.002 1.028 0.861 0.763 0.439 
5.750 316.390 -1.325 -1.005 -0.225 0.201 0.560 0.732 0.830 0.828 0.648 0.571 0.294 
5.750 398.240 -1.400 -1.108 -0.323 0.089 0.427 0.577 0.657 0.628 0.435 0.379 0.149 
5.750 501.290 -1.477 -1.211 -0.422 -0.023 0.294 0.422 0.485 0.428 0.221 0.188 0.004 
5.750 631.040 -1.592 -1.354 -0.536 -0.123 0.205 0.337 0.400 0.339 0.123 0.089 -0.132 
5.750 794.390 -1.709 -1.498 -0.650 -0.222 0.118 0.254 0.320 0.255 0.029 -0.005 -0.267 
6.000 10.050 0.007 0.800 1.591 2.059 2.488 2.729 2.912 3.064 3.054 2.695 2.383 
6.000 10.080 0.007 0.800 1.591 2.059 2.488 2.729 2.912 3.064 3.054 2.695 2.383 
6.000 10.120 0.007 0.800 1.591 2.059 2.488 2.729 2.912 3.064 3.054 2.695 2.383 
6.000 10.200 0.007 0.800 1.591 2.059 2.488 2.729 2.912 3.064 3.054 2.695 2.383 
6.000 10.310 -0.001 0.792 1.582 2.050 2.479 2.720 2.902 3.054 3.043 2.689 2.372 
6.000 10.490 -0.014 0.778 1.568 2.035 2.464 2.705 2.887 3.037 3.026 2.679 2.355 
6.000 10.760 -0.028 0.765 1.553 2.020 2.449 2.690 2.871 3.020 3.008 2.669 2.338 
6.000 11.180 -0.045 0.743 1.530 1.997 2.425 2.666 2.846 2.994 2.981 2.650 2.311 
6.000 11.820 -0.070 0.694 1.478 1.944 2.372 2.613 2.793 2.938 2.923 2.604 2.252 
6.000 12.770 -0.089 0.646 1.427 1.892 2.319 2.560 2.739 2.883 2.866 2.557 2.193 
6.000 14.140 -0.108 0.597 1.375 1.840 2.266 2.507 2.686 2.827 2.809 2.511 2.134 
6.000 16.080 -0.157 0.518 1.293 1.757 2.181 2.422 2.598 2.736 2.711 2.426 2.040 
6.000 18.740 -0.211 0.434 1.206 1.669 2.091 2.332 2.505 2.638 2.606 2.334 1.941 
6.000 22.320 -0.266 0.350 1.120 1.581 2.001 2.241 2.412 2.541 2.502 2.242 1.843 
6.000 27.040 -0.330 0.257 1.023 1.482 1.900 2.139 2.307 2.431 2.382 2.136 1.733 
6.000 33.160 -0.407 0.154 0.916 1.372 1.788 2.024 2.188 2.306 2.247 2.013 1.611 
6.000 41.050 -0.483 0.051 0.809 1.263 1.675 1.908 2.069 2.182 2.111 1.891 1.489 
6.000 51.110 -0.558 -0.050 0.704 1.155 1.564 1.794 1.952 2.058 1.977 1.770 1.369 
6.000 63.890 -0.614 -0.133 0.618 1.064 1.468 1.694 1.847 1.947 1.855 1.661 1.266 
6.000 80.060 -0.671 -0.215 0.532 0.974 1.371 1.594 1.742 1.836 1.733 1.552 1.163 
6.000 100.500 -0.727 -0.297 0.446 0.883 1.275 1.493 1.636 1.725 1.611 1.443 1.061 
6.000 126.290 -0.784 -0.377 0.364 0.794 1.177 1.386 1.521 1.595 1.469 1.318 0.955 
6.000 158.810 -0.837 -0.456 0.283 0.706 1.077 1.276 1.402 1.458 1.319 1.186 0.848 
6.000 199.780 -0.893 -0.536 0.203 0.617 0.978 1.166 1.283 1.320 1.169 1.054 0.742 
6.000 251.390 -0.955 -0.622 0.117 0.522 0.868 1.042 1.147 1.163 0.999 0.904 0.624 
6.000 316.390 -1.030 -0.722 0.022 0.414 0.739 0.891 0.978 0.968 0.791 0.718 0.484 
6.000 398.240 -1.106 -0.823 -0.073 0.305 0.610 0.740 0.809 0.773 0.583 0.532 0.344 
6.000 501.290 -1.182 -0.923 -0.169 0.197 0.481 0.588 0.640 0.578 0.376 0.346 0.205 
6.000 631.040 -1.290 -1.055 -0.273 0.105 0.398 0.509 0.561 0.495 0.283 0.254 0.076 
6.000 794.390 -1.399 -1.189 -0.378 0.014 0.318 0.432 0.486 0.417 0.195 0.165 -0.052 
6.250 10.050 0.276 1.009 1.752 2.188 2.593 2.818 2.989 3.125 3.111 2.756 2.486 
6.250 10.080 0.276 1.009 1.752 2.188 2.593 2.818 2.989 3.125 3.111 2.756 2.486 
6.250 10.120 0.276 1.009 1.752 2.188 2.593 2.818 2.989 3.125 3.111 2.756 2.486 
6.250 10.200 0.276 1.009 1.752 2.188 2.593 2.818 2.989 3.125 3.111 2.756 2.486 
6.250 10.310 0.272 1.005 1.747 2.184 2.588 2.814 2.984 3.120 3.106 2.753 2.481 
6.250 10.490 0.266 0.998 1.740 2.176 2.581 2.806 2.976 3.111 3.097 2.748 2.472 
6.250 10.760 0.259 0.991 1.733 2.169 2.573 2.799 2.969 3.103 3.088 2.743 2.464 
6.250 11.180 0.243 0.975 1.716 2.152 2.555 2.781 2.950 3.084 3.068 2.729 2.444 
6.250 11.820 0.198 0.930 1.668 2.103 2.506 2.731 2.900 3.032 3.015 2.689 2.389 
6.250 12.770 0.180 0.884 1.620 2.055 2.456 2.682 2.850 2.980 2.962 2.648 2.334 
6.250 14.140 0.164 0.838 1.571 2.006 2.407 2.632 2.800 2.928 2.909 2.608 2.278 
6.250 16.080 0.117 0.757 1.488 1.922 2.321 2.545 2.711 2.836 2.811 2.523 2.184 
6.250 18.740 0.060 0.671 1.399 1.832 2.229 2.453 2.616 2.737 2.705 2.431 2.084 
6.250 22.320 0.002 0.585 1.311 1.742 2.137 2.360 2.521 2.639 2.600 2.340 1.983 
6.250 27.040 -0.065 0.490 1.213 1.643 2.035 2.257 2.415 2.528 2.480 2.234 1.873 
6.250 33.160 -0.141 0.387 1.106 1.533 1.922 2.141 2.296 2.404 2.345 2.113 1.752 
6.250 41.050 -0.221 0.283 0.999 1.424 1.809 2.026 2.178 2.279 2.210 1.992 1.630 
6.250 51.110 -0.299 0.182 0.894 1.316 1.698 1.911 2.060 2.156 2.076 1.873 1.511 
6.250 63.890 -0.359 0.099 0.808 1.225 1.602 1.811 1.955 2.046 1.955 1.764 1.409 
6.250 80.060 -0.418 0.016 0.722 1.135 1.506 1.711 1.850 1.935 1.834 1.656 1.307 
6.250 100.500 -0.479 -0.067 0.636 1.044 1.410 1.610 1.745 1.825 1.713 1.548 1.206 
6.250 126.290 -0.537 -0.147 0.555 0.957 1.313 1.504 1.631 1.697 1.573 1.426 1.103 
6.250 158.810 -0.594 -0.225 0.477 0.870 1.215 1.396 1.514 1.563 1.427 1.297 0.999 
6.250 199.780 -0.649 -0.303 0.398 0.784 1.118 1.288 1.397 1.429 1.280 1.169 0.896 
6.250 251.390 -0.712 -0.388 0.315 0.691 1.010 1.166 1.263 1.275 1.114 1.023 0.782 
6.250 316.390 -0.789 -0.486 0.222 0.585 0.883 1.017 1.097 1.083 0.910 0.841 0.646 
6.250 398.240 -0.867 -0.585 0.128 0.479 0.756 0.868 0.931 0.892 0.707 0.659 0.510 
6.250 501.290 -0.943 -0.684 0.035 0.373 0.628 0.719 0.764 0.700 0.503 0.477 0.375 
6.250 631.040 -1.045 -0.807 -0.062 0.287 0.551 0.644 0.690 0.621 0.416 0.390 0.252 
6.250 794.390 -1.148 -0.932 -0.160 0.202 0.476 0.572 0.620 0.548 0.332 0.306 0.131 
6.500 10.050 0.545 1.218 1.913 2.318 2.697 2.907 3.066 3.185 3.168 2.816 2.589 
6.500 10.080 0.545 1.218 1.913 2.318 2.697 2.907 3.066 3.185 3.168 2.816 2.589 
6.500 10.120 0.545 1.218 1.913 2.318 2.697 2.907 3.066 3.185 3.168 2.816 2.589 
6.500 10.200 0.545 1.218 1.913 2.318 2.697 2.907 3.066 3.185 3.168 2.816 2.589 
6.500 10.310 0.545 1.218 1.913 2.318 2.697 2.907 3.066 3.185 3.168 2.816 2.589 
6.500 10.490 0.545 1.218 1.913 2.318 2.697 2.907 3.066 3.185 3.168 2.816 2.589 
6.500 10.760 0.545 1.218 1.913 2.318 2.697 2.907 3.066 3.185 3.168 2.816 2.589 
6.500 11.180 0.534 1.208 1.902 2.307 2.686 2.896 3.055 3.174 3.157 2.808 2.577 
6.500 11.820 0.492 1.165 1.857 2.262 2.640 2.850 3.008 3.125 3.107 2.773 2.526 
6.500 12.770 0.449 1.122 1.813 2.217 2.594 2.803 2.961 3.077 3.058 2.739 2.474 
6.500 14.140 0.429 1.079 1.768 2.172 2.548 2.757 2.914 3.028 3.008 2.704 2.423 
6.500 16.080 0.381 0.997 1.683 2.087 2.460 2.669 2.824 2.936 2.910 2.621 2.328 
6.500 18.740 0.324 0.908 1.593 1.995 2.366 2.574 2.727 2.836 2.804 2.529 2.226 
6.500 22.320 0.264 0.820 1.502 1.904 2.272 2.480 2.630 2.736 2.698 2.438 2.124 
6.500 27.040 0.195 0.724 1.403 1.803 2.169 2.375 2.523 2.625 2.578 2.333 2.013 
6.500 33.160 0.116 0.620 1.297 1.694 2.056 2.259 2.404 2.501 2.443 2.213 1.893 
6.500 41.050 0.035 0.516 1.190 1.584 1.943 2.143 2.286 2.377 2.308 2.093 1.772 
6.500 51.110 -0.045 0.414 1.085 1.477 1.832 2.028 2.169 2.254 2.175 1.975 1.653 
6.500 63.890 -0.107 0.330 0.999 1.386 1.736 1.928 2.064 2.144 2.055 1.868 1.552 
6.500 80.060 -0.173 0.246 0.913 1.296 1.640 1.828 1.958 2.034 1.934 1.760 1.451 
6.500 100.500 -0.234 0.162 0.827 1.205 1.544 1.727 1.853 1.924 1.814 1.653 1.350 
6.500 126.290 -0.295 0.084 0.747 1.119 1.449 1.623 1.741 1.799 1.677 1.534 1.250 
6.500 158.810 -0.351 0.007 0.671 1.035 1.354 1.517 1.627 1.668 1.534 1.409 1.150 
6.500 199.780 -0.409 -0.069 0.594 0.951 1.258 1.410 1.512 1.537 1.392 1.285 1.050 
6.500 251.390 -0.475 -0.153 0.513 0.860 1.153 1.290 1.380 1.386 1.229 1.142 0.939 
6.500 316.390 -0.553 -0.250 0.421 0.756 1.027 1.143 1.217 1.198 1.030 0.964 0.808 
6.500 398.240 -0.630 -0.347 0.330 0.652 0.902 0.996 1.052 1.010 0.831 0.786 0.676 
6.500 501.290 -0.709 -0.444 0.239 0.548 0.776 0.849 0.889 0.822 0.631 0.609 0.544 
6.500 631.040 -0.806 -0.559 0.149 0.469 0.705 0.779 0.819 0.748 0.548 0.526 0.428 
6.500 794.390 -0.903 -0.675 0.059 0.390 0.635 0.712 0.753 0.678 0.470 0.447 0.313 
6.750 10.050 0.774 1.395 2.038 2.416 2.777 2.978 3.129 3.238 3.218 2.867 2.682 
6.750 10.080 0.774 1.395 2.038 2.416 2.777 2.978 3.129 3.238 3.218 2.867 2.682 
6.750 10.120 0.774 1.395 2.038 2.416 2.777 2.978 3.129 3.238 3.218 2.867 2.682 
6.750 10.200 0.774 1.395 2.038 2.416 2.777 2.978 3.129 3.238 3.218 2.867 2.682 
6.750 10.310 0.774 1.395 2.038 2.416 2.777 2.978 3.129 3.238 3.218 2.867 2.682 
6.750 10.490 0.774 1.395 2.038 2.416 2.777 2.978 3.129 3.238 3.218 2.867 2.682 
6.750 10.760 0.774 1.395 2.038 2.416 2.777 2.978 3.129 3.238 3.218 2.867 2.682 
6.750 11.180 0.768 1.389 2.032 2.411 2.771 2.972 3.122 3.231 3.211 2.862 2.675 
6.750 11.820 0.744 1.365 2.007 2.386 2.745 2.946 3.096 3.205 3.184 2.844 2.647 
6.750 12.770 0.720 1.342 1.983 2.361 2.720 2.920 3.070 3.178 3.156 2.825 2.618 
6.750 14.140 0.696 1.318 1.958 2.336 2.694 2.894 3.044 3.151 3.129 2.807 2.590 
6.750 16.080 0.624 1.233 1.872 2.249 2.605 2.804 2.952 3.057 3.031 2.726 2.493 
6.750 18.740 0.569 1.139 1.776 2.152 2.505 2.703 2.850 2.953 2.922 2.636 2.386 
6.750 22.320 0.508 1.044 1.680 2.055 2.406 2.603 2.748 2.849 2.813 2.545 2.278 
6.750 27.040 0.433 0.943 1.577 1.950 2.298 2.493 2.636 2.734 2.689 2.440 2.162 
6.750 33.160 0.349 0.835 1.466 1.837 2.180 2.372 2.513 2.606 2.551 2.317 2.037 
6.750 41.050 0.262 0.726 1.355 1.723 2.063 2.252 2.390 2.478 2.412 2.195 1.913 
6.750 51.110 0.176 0.619 1.247 1.612 1.948 2.134 2.268 2.352 2.276 2.074 1.790 
6.750 63.890 0.108 0.533 1.159 1.519 1.850 2.031 2.161 2.240 2.153 1.966 1.688 
6.750 80.060 0.039 0.446 1.071 1.427 1.752 1.928 2.054 2.129 2.031 1.857 1.586 
6.750 100.500 -0.029 0.360 0.983 1.335 1.654 1.825 1.947 2.017 1.908 1.749 1.484 
6.750 126.290 -0.091 0.281 0.904 1.250 1.559 1.721 1.836 1.893 1.773 1.631 1.385 
6.750 158.810 -0.149 0.206 0.829 1.167 1.465 1.617 1.723 1.765 1.634 1.510 1.289 
6.750 199.780 -0.210 0.130 0.754 1.084 1.372 1.512 1.610 1.637 1.494 1.389 1.192 
6.750 251.390 -0.275 0.047 0.674 0.995 1.268 1.394 1.481 1.489 1.336 1.250 1.084 
6.750 316.390 -0.356 -0.048 0.584 0.893 1.144 1.249 1.319 1.304 1.140 1.076 0.956 
6.750 398.240 -0.434 -0.144 0.495 0.791 1.021 1.104 1.158 1.119 0.945 0.902 0.828 
6.750 501.290 -0.515 -0.240 0.406 0.690 0.898 0.958 0.996 0.934 0.749 0.728 0.699 
6.750 631.040 -0.607 -0.347 0.322 0.615 0.830 0.892 0.930 0.864 0.670 0.650 0.589 
6.750 794.390 -0.699 -0.456 0.238 0.542 0.765 0.829 0.869 0.799 0.596 0.576 0.479 
7.000 10.050 0.998 1.572 2.164 2.515 2.857 3.048 3.191 3.290 3.267 2.917 2.774 
7.000 10.080 0.998 1.572 2.164 2.515 2.857 3.048 3.191 3.290 3.267 2.917 2.774 
7.000 10.120 0.998 1.572 2.164 2.515 2.857 3.048 3.191 3.290 3.267 2.917 2.774 
7.000 10.200 0.998 1.572 2.164 2.515 2.857 3.048 3.191 3.290 3.267 2.917 2.774 
7.000 10.310 0.998 1.572 2.164 2.515 2.857 3.048 3.191 3.290 3.267 2.917 2.774 
7.000 10.490 0.998 1.572 2.164 2.515 2.857 3.048 3.191 3.290 3.267 2.917 2.774 
7.000 10.760 0.998 1.572 2.164 2.515 2.857 3.048 3.191 3.290 3.267 2.917 2.774 
7.000 11.180 0.997 1.571 2.162 2.514 2.856 3.047 3.190 3.289 3.266 2.917 2.773 
7.000 11.820 0.992 1.566 2.158 2.509 2.851 3.042 3.184 3.284 3.260 2.914 2.768 
7.000 12.770 0.988 1.561 2.153 2.504 2.845 3.037 3.179 3.278 3.255 2.912 2.762 
7.000 14.140 0.983 1.557 2.148 2.500 2.840 3.032 3.174 3.273 3.249 2.910 2.757 
7.000 16.080 0.896 1.470 2.060 2.411 2.749 2.939 3.081 3.179 3.152 2.832 2.658 
7.000 18.740 0.798 1.369 1.959 2.309 2.644 2.833 2.973 3.071 3.040 2.743 2.545 
7.000 22.320 0.737 1.269 1.858 2.207 2.539 2.726 2.866 2.962 2.928 2.653 2.431 
7.000 27.040 0.663 1.162 1.750 2.098 2.426 2.611 2.749 2.842 2.801 2.546 2.310 
7.000 33.160 0.574 1.049 1.636 1.980 2.304 2.486 2.621 2.711 2.659 2.422 2.182 
7.000 41.050 0.482 0.936 1.521 1.862 2.183 2.361 2.494 2.580 2.516 2.297 2.054 
7.000 51.110 0.391 0.825 1.409 1.747 2.063 2.239 2.368 2.450 2.376 2.173 1.928 
7.000 63.890 0.320 0.736 1.319 1.652 1.963 2.134 2.259 2.337 2.251 2.064 1.824 
7.000 80.060 0.247 0.647 1.229 1.558 1.863 2.028 2.150 2.223 2.127 1.954 1.721 
7.000 100.500 0.172 0.558 1.140 1.464 1.763 1.923 2.041 2.109 2.002 1.845 1.617 
7.000 126.290 0.109 0.479 1.061 1.380 1.669 1.819 1.930 1.987 1.869 1.729 1.521 
7.000 158.810 0.047 0.404 0.987 1.299 1.577 1.717 1.819 1.862 1.733 1.611 1.427 
7.000 199.780 -0.014 0.329 0.913 1.218 1.485 1.614 1.708 1.736 1.597 1.493 1.333 
7.000 251.390 -0.082 0.248 0.835 1.131 1.383 1.498 1.581 1.592 1.442 1.358 1.229 
7.000 316.390 -0.163 0.154 0.747 1.031 1.262 1.354 1.422 1.410 1.250 1.188 1.104 
7.000 398.240 -0.243 0.059 0.660 0.931 1.141 1.211 1.263 1.228 1.059 1.018 0.979 
7.000 501.290 -0.325 -0.035 0.572 0.831 1.019 1.067 1.103 1.047 0.867 0.848 0.854 
7.000 631.040 -0.413 -0.136 0.494 0.762 0.956 1.005 1.041 0.981 0.792 0.775 0.749 
7.000 794.390 -0.501 -0.236 0.416 0.694 0.896 0.946 0.984 0.920 0.723 0.705 0.645 
7.250 10.050 1.180 1.712 2.254 2.582 2.912 3.100 3.238 3.335 3.310 2.956 2.854 
7.250 10.080 1.180 1.712 2.254 2.582 2.912 3.100 3.238 3.335 3.310 2.956 2.854 
7.250 10.120 1.180 1.712 2.254 2.582 2.912 3.100 3.238 3.335 3.310 2.956 2.854 
7.250 10.200 1.180 1.712 2.254 2.582 2.912 3.100 3.238 3.335 3.310 2.956 2.854 
7.250 10.310 1.180 1.712 2.254 2.582 2.912 3.100 3.238 3.335 3.310 2.956 2.854 
7.250 10.490 1.180 1.712 2.254 2.582 2.912 3.100 3.238 3.335 3.310 2.956 2.854 
7.250 10.760 1.180 1.712 2.254 2.582 2.912 3.100 3.238 3.335 3.310 2.956 2.854 
7.250 11.180 1.180 1.711 2.254 2.582 2.912 3.099 3.237 3.335 3.309 2.956 2.853 
7.250 11.820 1.177 1.709 2.252 2.580 2.909 3.097 3.234 3.332 3.306 2.954 2.850 
7.250 12.770 1.175 1.707 2.249 2.577 2.906 3.094 3.232 3.329 3.304 2.953 2.848 
7.250 14.140 1.173 1.704 2.247 2.575 2.904 3.092 3.229 3.327 3.301 2.952 2.845 
7.250 16.080 1.112 1.644 2.186 2.514 2.840 3.027 3.164 3.262 3.234 2.901 2.777 
7.250 18.740 1.042 1.574 2.117 2.443 2.767 2.952 3.089 3.186 3.157 2.843 2.697 
7.250 22.320 0.973 1.504 2.047 2.372 2.694 2.878 3.014 3.111 3.079 2.784 2.618 
7.250 27.040 0.903 1.405 1.948 2.271 2.589 2.771 2.905 3.001 2.964 2.688 2.507 
7.250 33.160 0.805 1.275 1.817 2.137 2.450 2.628 2.761 2.854 2.806 2.552 2.361 
7.250 41.050 0.697 1.144 1.686 2.003 2.311 2.486 2.617 2.707 2.648 2.416 2.215 
7.250 51.110 0.589 1.017 1.558 1.873 2.175 2.347 2.475 2.562 2.492 2.282 2.072 
7.250 63.890 0.507 0.921 1.462 1.772 2.068 2.234 2.358 2.442 2.360 2.167 1.962 
7.250 80.060 0.424 0.824 1.365 1.670 1.960 2.121 2.242 2.321 2.228 2.052 1.852 
7.250 100.500 0.340 0.728 1.268 1.569 1.853 2.008 2.125 2.200 2.096 1.936 1.741 
7.250 126.290 0.271 0.647 1.188 1.484 1.758 1.903 2.014 2.078 1.963 1.821 1.645 
7.250 158.810 0.208 0.572 1.115 1.404 1.667 1.802 1.904 1.955 1.830 1.706 1.554 
7.250 199.780 0.145 0.497 1.043 1.325 1.577 1.701 1.795 1.832 1.697 1.591 1.463 
7.250 251.390 0.075 0.416 0.965 1.239 1.476 1.586 1.669 1.691 1.545 1.458 1.361 
7.250 316.390 -0.009 0.323 0.879 1.140 1.356 1.443 1.511 1.512 1.357 1.292 1.240 
7.250 398.240 -0.091 0.229 0.792 1.042 1.236 1.301 1.354 1.333 1.168 1.126 1.119 
7.250 501.290 -0.176 0.136 0.706 0.943 1.117 1.159 1.196 1.154 0.980 0.959 0.997 
7.250 631.040 -0.260 0.041 0.633 0.878 1.057 1.100 1.138 1.092 0.909 0.889 0.897 
7.250 794.390 -0.343 -0.053 0.560 0.815 1.000 1.045 1.084 1.035 0.844 0.824 0.799 
7.500 10.050 1.357 1.852 2.346 2.650 2.968 3.151 3.284 3.380 3.352 2.994 2.933 
7.500 10.080 1.357 1.852 2.346 2.650 2.968 3.151 3.284 3.380 3.352 2.994 2.933 
7.500 10.120 1.357 1.852 2.346 2.650 2.968 3.151 3.284 3.380 3.352 2.994 2.933 
7.500 10.200 1.357 1.852 2.346 2.650 2.968 3.151 3.284 3.380 3.352 2.994 2.933 
7.500 10.310 1.357 1.852 2.346 2.650 2.968 3.151 3.284 3.380 3.352 2.994 2.933 
7.500 10.490 1.357 1.852 2.346 2.650 2.968 3.151 3.284 3.380 3.352 2.994 2.933 
7.500 10.760 1.357 1.852 2.346 2.650 2.968 3.151 3.284 3.380 3.352 2.994 2.933 
7.500 11.180 1.357 1.852 2.346 2.650 2.968 3.151 3.284 3.380 3.352 2.994 2.933 
7.500 11.820 1.357 1.852 2.346 2.650 2.968 3.151 3.284 3.380 3.352 2.994 2.933 
7.500 12.770 1.357 1.852 2.346 2.650 2.968 3.151 3.284 3.380 3.352 2.994 2.933 
7.500 14.140 1.357 1.852 2.346 2.650 2.968 3.151 3.284 3.380 3.352 2.994 2.933 
7.500 16.080 1.323 1.818 2.312 2.616 2.931 3.115 3.247 3.344 3.316 2.971 2.895 
7.500 18.740 1.284 1.779 2.274 2.577 2.890 3.072 3.204 3.302 3.274 2.943 2.850 
7.500 22.320 1.244 1.739 2.236 2.537 2.848 3.029 3.161 3.259 3.231 2.916 2.805 
7.500 27.040 1.153 1.648 2.145 2.445 2.751 2.931 3.062 3.159 3.126 2.831 2.703 
7.500 33.160 1.018 1.500 1.998 2.295 2.595 2.770 2.900 2.997 2.953 2.683 2.540 
7.500 41.050 0.903 1.353 1.851 2.145 2.439 2.610 2.739 2.834 2.779 2.536 2.376 
7.500 51.110 0.781 1.209 1.708 1.999 2.287 2.454 2.582 2.675 2.609 2.391 2.217 
7.500 63.890 0.690 1.105 1.604 1.891 2.172 2.334 2.458 2.547 2.470 2.270 2.100 
7.500 80.060 0.598 1.001 1.500 1.783 2.057 2.214 2.334 2.419 2.330 2.149 1.983 
7.500 100.500 0.504 0.897 1.396 1.674 1.943 2.093 2.210 2.291 2.190 2.028 1.866 
7.500 126.290 0.430 0.814 1.315 1.587 1.846 1.987 2.097 2.169 2.057 1.913 1.769 
7.500 158.810 0.364 0.740 1.243 1.509 1.757 1.887 1.989 2.049 1.927 1.800 1.681 
7.500 199.780 0.299 0.665 1.172 1.431 1.668 1.787 1.881 1.929 1.797 1.688 1.593 
7.500 251.390 0.226 0.585 1.096 1.346 1.569 1.673 1.757 1.790 1.648 1.559 1.494 
7.500 316.390 0.140 0.492 1.010 1.249 1.451 1.533 1.601 1.613 1.463 1.396 1.376 
7.500 398.240 0.055 0.399 0.925 1.152 1.332 1.392 1.445 1.437 1.278 1.233 1.258 
7.500 501.290 -0.030 0.307 0.840 1.056 1.214 1.251 1.289 1.261 1.092 1.070 1.140 
7.500 631.040 -0.111 0.218 0.771 0.995 1.158 1.196 1.234 1.202 1.026 1.004 1.046 
7.500 794.390 -0.192 0.130 0.704 0.935 1.105 1.144 1.183 1.149 0.965 0.943 0.952 
7.750 10.050 1.484 1.947 2.401 2.687 2.997 3.182 3.313 3.410 3.381 3.016 2.991 
7.750 10.080 1.484 1.947 2.401 2.687 2.997 3.182 3.313 3.410 3.381 3.016 2.991 
7.750 10.120 1.484 1.947 2.401 2.687 2.997 3.182 3.313 3.410 3.381 3.016 2.991 
7.750 10.200 1.484 1.947 2.401 2.687 2.997 3.182 3.313 3.410 3.381 3.016 2.991 
7.750 10.310 1.484 1.947 2.401 2.687 2.997 3.182 3.313 3.410 3.381 3.016 2.991 
7.750 10.490 1.484 1.947 2.401 2.687 2.997 3.182 3.313 3.410 3.381 3.016 2.991 
7.750 10.760 1.484 1.947 2.401 2.687 2.997 3.182 3.313 3.410 3.381 3.016 2.991 
7.750 11.180 1.484 1.947 2.401 2.687 2.997 3.182 3.313 3.410 3.381 3.016 2.991 
7.750 11.820 1.484 1.947 2.401 2.687 2.997 3.182 3.313 3.410 3.381 3.016 2.991 
7.750 12.770 1.484 1.947 2.401 2.687 2.997 3.182 3.313 3.410 3.381 3.016 2.991 
7.750 14.140 1.484 1.947 2.401 2.687 2.997 3.182 3.313 3.410 3.381 3.016 2.991 
7.750 16.080 1.468 1.931 2.384 2.670 2.979 3.164 3.295 3.392 3.363 3.005 2.971 
7.750 18.740 1.448 1.911 2.365 2.650 2.958 3.143 3.273 3.371 3.342 2.991 2.949 
7.750 22.320 1.428 1.891 2.346 2.631 2.937 3.122 3.252 3.350 3.321 2.977 2.927 
7.750 27.040 1.357 1.820 2.275 2.559 2.862 3.044 3.174 3.272 3.240 2.914 2.847 
7.750 33.160 1.229 1.692 2.150 2.430 2.726 2.905 3.034 3.134 3.094 2.797 2.705 
7.750 41.050 1.101 1.565 2.024 2.302 2.591 2.765 2.895 2.995 2.948 2.680 2.563 
7.750 51.110 1.002 1.437 1.899 2.173 2.456 2.626 2.754 2.855 2.801 2.560 2.420 
7.750 63.890 0.888 1.307 1.770 2.040 2.315 2.478 2.604 2.702 2.634 2.416 2.278 
7.750 80.060 0.768 1.178 1.641 1.906 2.174 2.331 2.453 2.548 2.467 2.272 2.135 
7.750 100.500 0.644 1.048 1.513 1.773 2.033 2.184 2.303 2.394 2.300 2.129 1.992 
7.750 126.290 0.561 0.957 1.425 1.679 1.929 2.070 2.183 2.266 2.160 2.009 1.889 
7.750 158.810 0.490 0.881 1.352 1.601 1.840 1.970 2.075 2.147 2.031 1.899 1.802 
7.750 199.780 0.420 0.805 1.280 1.522 1.751 1.870 1.968 2.029 1.902 1.788 1.715 
7.750 251.390 0.343 0.724 1.204 1.438 1.652 1.756 1.844 1.891 1.755 1.661 1.618 
7.750 316.390 0.255 0.631 1.119 1.341 1.534 1.616 1.688 1.716 1.571 1.500 1.502 
7.750 398.240 0.166 0.538 1.034 1.245 1.416 1.475 1.533 1.540 1.388 1.339 1.386 
7.750 501.290 0.078 0.445 0.949 1.149 1.298 1.334 1.377 1.365 1.204 1.178 1.271 
7.750 631.040 0.000 0.362 0.885 1.091 1.245 1.282 1.325 1.311 1.142 1.117 1.181 
7.750 794.390 -0.078 0.279 0.821 1.035 1.195 1.233 1.278 1.261 1.085 1.060 1.093 
8.000 10.050 1.606 2.043 2.456 2.724 3.026 3.213 3.342 3.440 3.410 3.038 3.048 
8.000 10.080 1.606 2.043 2.456 2.724 3.026 3.213 3.342 3.440 3.410 3.038 3.048 
8.000 10.120 1.606 2.043 2.456 2.724 3.026 3.213 3.342 3.440 3.410 3.038 3.048 
8.000 10.200 1.606 2.043 2.456 2.724 3.026 3.213 3.342 3.440 3.410 3.038 3.048 
8.000 10.310 1.606 2.043 2.456 2.724 3.026 3.213 3.342 3.440 3.410 3.038 3.048 
8.000 10.490 1.606 2.043 2.456 2.724 3.026 3.213 3.342 3.440 3.410 3.038 3.048 
8.000 10.760 1.606 2.043 2.456 2.724 3.026 3.213 3.342 3.440 3.410 3.038 3.048 
8.000 11.180 1.606 2.043 2.456 2.724 3.026 3.213 3.342 3.440 3.410 3.038 3.048 
8.000 11.820 1.606 2.043 2.456 2.724 3.026 3.213 3.342 3.440 3.410 3.038 3.048 
8.000 12.770 1.606 2.043 2.456 2.724 3.026 3.213 3.342 3.440 3.410 3.038 3.048 
8.000 14.140 1.606 2.043 2.456 2.724 3.026 3.213 3.342 3.440 3.410 3.038 3.048 
8.000 16.080 1.606 2.043 2.456 2.724 3.026 3.213 3.342 3.440 3.410 3.038 3.048 
8.000 18.740 1.606 2.043 2.456 2.724 3.026 3.213 3.342 3.440 3.410 3.038 3.048 
8.000 22.320 1.606 2.043 2.456 2.724 3.026 3.213 3.342 3.440 3.410 3.038 3.048 
8.000 27.040 1.555 1.991 2.406 2.673 2.972 3.157 3.286 3.386 3.354 2.997 2.990 
8.000 33.160 1.447 1.884 2.302 2.566 2.858 3.039 3.168 3.271 3.236 2.910 2.870 
8.000 41.050 1.340 1.777 2.198 2.459 2.744 2.921 3.051 3.156 3.117 2.823 2.750 
8.000 51.110 1.228 1.664 2.089 2.347 2.625 2.797 2.927 3.035 2.992 2.729 2.624 
8.000 63.890 1.084 1.509 1.936 2.188 2.457 2.623 2.750 2.856 2.797 2.562 2.455 
8.000 80.060 0.935 1.354 1.783 2.030 2.290 2.448 2.573 2.677 2.603 2.396 2.286 
8.000 100.500 0.784 1.198 1.629 1.871 2.123 2.274 2.396 2.498 2.409 2.230 2.117 
8.000 126.290 0.690 1.099 1.534 1.771 2.012 2.153 2.269 2.363 2.263 2.105 2.008 
8.000 158.810 0.615 1.023 1.461 1.692 1.923 2.053 2.161 2.246 2.135 1.997 1.923 
8.000 199.780 0.537 0.946 1.389 1.614 1.833 1.952 2.054 2.129 2.007 1.888 1.837 
8.000 251.390 0.458 0.863 1.312 1.529 1.734 1.839 1.930 1.992 1.861 1.762 1.742 
8.000 316.390 0.365 0.770 1.228 1.433 1.617 1.698 1.775 1.818 1.679 1.604 1.628 
8.000 398.240 0.273 0.677 1.143 1.338 1.499 1.558 1.620 1.644 1.497 1.445 1.515 
8.000 501.290 0.182 0.584 1.059 1.242 1.381 1.418 1.465 1.469 1.316 1.287 1.402 
8.000 631.040 0.105 0.505 0.998 1.187 1.331 1.368 1.416 1.419 1.257 1.229 1.317 
8.000 794.390 0.029 0.428 0.939 1.135 1.284 1.323 1.372 1.373 1.204 1.176 1.233 
