CanadaSHM5_AA13_stablecrust_high , distance is rhypo. Log10 ground motion values in cgs units
          15 30 11 : nmag, ndist, nperiod
          10.000 5.000 2.000 1.000 0.500 0.300 0.200 0.100 0.050 PGA PGV 
          0.620 0.620 0.620 0.620 0.580 0.540 0.530 0.530 0.530 0.530 0.620
4.500 10.050 -1.592 -0.262 0.930 1.630 2.222 2.465 2.694 2.961 2.941 2.711 2.314 
4.500 10.080 -1.602 -0.273 0.913 1.615 2.208 2.455 2.681 2.942 2.917 2.695 2.294 
4.500 10.120 -1.610 -0.283 0.897 1.599 2.194 2.444 2.668 2.922 2.894 2.679 2.275 
4.500 10.200 -1.610 -0.294 0.881 1.583 2.180 2.433 2.655 2.903 2.870 2.663 2.256 
4.500 10.310 -1.623 -0.317 0.847 1.551 2.153 2.410 2.630 2.866 2.827 2.629 2.216 
4.500 10.490 -1.627 -0.348 0.802 1.508 2.116 2.381 2.597 2.818 2.772 2.585 2.162 
4.500 10.760 -1.634 -0.380 0.756 1.466 2.080 2.351 2.564 2.769 2.717 2.540 2.108 
4.500 11.180 -1.648 -0.419 0.705 1.416 2.037 2.315 2.524 2.715 2.656 2.489 2.047 
4.500 11.820 -1.678 -0.482 0.635 1.347 1.974 2.258 2.465 2.643 2.581 2.417 1.962 
4.500 12.770 -1.703 -0.545 0.564 1.277 1.910 2.200 2.406 2.571 2.504 2.344 1.877 
4.500 14.140 -1.729 -0.609 0.493 1.207 1.847 2.143 2.346 2.498 2.428 2.272 1.791 
4.500 16.080 -1.782 -0.702 0.398 1.107 1.749 2.047 2.250 2.394 2.326 2.166 1.674 
4.500 18.740 -1.840 -0.801 0.298 1.001 1.642 1.937 2.140 2.278 2.214 2.048 1.549 
4.500 22.320 -1.899 -0.901 0.197 0.895 1.534 1.827 2.028 2.161 2.101 1.929 1.423 
4.500 27.040 -1.970 -1.013 0.081 0.773 1.409 1.699 1.897 2.026 1.966 1.791 1.281 
4.500 33.160 -2.056 -1.140 -0.051 0.634 1.265 1.552 1.746 1.871 1.809 1.631 1.123 
4.500 41.050 -2.142 -1.269 -0.184 0.493 1.119 1.404 1.594 1.714 1.650 1.469 0.964 
4.500 51.110 -2.230 -1.397 -0.318 0.353 0.974 1.256 1.442 1.557 1.489 1.307 0.805 
4.500 63.890 -2.302 -1.509 -0.441 0.231 0.848 1.132 1.310 1.417 1.330 1.158 0.668 
4.500 80.060 -2.375 -1.624 -0.568 0.106 0.718 1.005 1.175 1.273 1.168 1.006 0.528 
4.500 100.500 -2.452 -1.744 -0.698 -0.023 0.585 0.873 1.035 1.125 1.002 0.849 0.384 
4.500 126.290 -2.500 -1.831 -0.799 -0.121 0.480 0.766 0.916 0.985 0.844 0.710 0.265 
4.500 158.810 -2.542 -1.915 -0.896 -0.215 0.378 0.660 0.797 0.841 0.682 0.569 0.148 
4.500 199.780 -2.583 -1.998 -0.993 -0.309 0.276 0.554 0.678 0.697 0.520 0.428 0.031 
4.500 251.390 -2.635 -2.090 -1.096 -0.412 0.161 0.430 0.538 0.529 0.336 0.267 -0.101 
4.500 316.390 -2.702 -2.199 -1.208 -0.532 0.020 0.269 0.358 0.315 0.112 0.064 -0.262 
4.500 398.240 -2.771 -2.308 -1.320 -0.654 -0.120 0.108 0.178 0.102 -0.113 -0.138 -0.423 
4.500 501.290 -2.838 -2.417 -1.433 -0.775 -0.261 -0.053 -0.002 -0.112 -0.338 -0.340 -0.584 
4.500 631.040 -2.994 -2.614 -1.595 -0.913 -0.381 -0.164 -0.110 -0.225 -0.460 -0.461 -0.751 
4.500 794.390 -3.153 -2.815 -1.759 -1.052 -0.500 -0.273 -0.216 -0.333 -0.577 -0.580 -0.918 
4.750 10.050 -1.189 0.048 1.162 1.800 2.346 2.571 2.772 3.020 3.010 2.774 2.429 
4.750 10.080 -1.199 0.039 1.148 1.787 2.335 2.563 2.762 3.003 2.991 2.760 2.413 
4.750 10.120 -1.208 0.029 1.134 1.774 2.324 2.554 2.751 2.986 2.971 2.746 2.396 
4.750 10.200 -1.209 0.020 1.121 1.761 2.313 2.546 2.740 2.968 2.952 2.732 2.380 
4.750 10.310 -1.221 -0.004 1.090 1.733 2.289 2.526 2.717 2.933 2.913 2.701 2.342 
4.750 10.490 -1.230 -0.035 1.049 1.695 2.257 2.499 2.687 2.887 2.864 2.660 2.293 
4.750 10.760 -1.236 -0.067 1.007 1.657 2.224 2.471 2.656 2.840 2.813 2.618 2.243 
4.750 11.180 -1.251 -0.105 0.960 1.612 2.185 2.437 2.619 2.788 2.758 2.570 2.185 
4.750 11.820 -1.281 -0.165 0.894 1.547 2.126 2.382 2.562 2.719 2.686 2.501 2.104 
4.750 12.770 -1.304 -0.225 0.828 1.483 2.066 2.327 2.505 2.650 2.613 2.431 2.023 
4.750 14.140 -1.329 -0.285 0.761 1.417 2.006 2.271 2.447 2.579 2.541 2.361 1.942 
4.750 16.080 -1.377 -0.372 0.670 1.322 1.912 2.178 2.355 2.481 2.442 2.260 1.831 
4.750 18.740 -1.430 -0.463 0.574 1.220 1.810 2.077 2.257 2.377 2.338 2.154 1.715 
4.750 22.320 -1.484 -0.556 0.477 1.118 1.706 1.969 2.149 2.267 2.228 2.041 1.595 
4.750 27.040 -1.550 -0.660 0.366 1.000 1.584 1.844 2.023 2.139 2.098 1.909 1.461 
4.750 33.160 -1.632 -0.780 0.238 0.865 1.443 1.702 1.877 1.991 1.947 1.759 1.312 
4.750 41.050 -1.713 -0.900 0.109 0.729 1.301 1.557 1.730 1.842 1.794 1.607 1.161 
4.750 51.110 -1.795 -1.022 -0.021 0.592 1.159 1.414 1.583 1.693 1.639 1.453 1.010 
4.750 63.890 -1.868 -1.133 -0.142 0.475 1.037 1.294 1.455 1.555 1.483 1.309 0.879 
4.750 80.060 -1.943 -1.247 -0.267 0.353 0.911 1.171 1.323 1.414 1.324 1.161 0.745 
4.750 100.500 -2.024 -1.366 -0.396 0.227 0.782 1.044 1.187 1.268 1.160 1.009 0.606 
4.750 126.290 -2.079 -1.458 -0.496 0.133 0.681 0.940 1.070 1.129 1.001 0.869 0.490 
4.750 158.810 -2.131 -1.549 -0.592 0.044 0.583 0.836 0.952 0.983 0.835 0.725 0.375 
4.750 199.780 -2.184 -1.640 -0.689 -0.046 0.485 0.733 0.835 0.837 0.670 0.582 0.260 
4.750 251.390 -2.241 -1.738 -0.790 -0.145 0.374 0.611 0.697 0.669 0.484 0.419 0.131 
4.750 316.390 -2.316 -1.850 -0.900 -0.261 0.238 0.454 0.520 0.457 0.260 0.217 -0.026 
4.750 398.240 -2.389 -1.962 -1.009 -0.378 0.101 0.296 0.342 0.246 0.036 0.016 -0.184 
4.750 501.290 -2.463 -2.073 -1.119 -0.494 -0.035 0.139 0.165 0.034 -0.189 -0.185 -0.341 
4.750 631.040 -2.609 -2.258 -1.270 -0.623 -0.147 0.035 0.063 -0.073 -0.305 -0.301 -0.499 
4.750 794.390 -2.759 -2.446 -1.422 -0.752 -0.258 -0.067 -0.036 -0.176 -0.417 -0.414 -0.658 
5.000 10.050 -0.791 0.359 1.394 1.969 2.471 2.678 2.853 3.081 3.081 2.838 2.546 
5.000 10.080 -0.800 0.350 1.383 1.959 2.463 2.671 2.843 3.065 3.065 2.825 2.532 
5.000 10.120 -0.808 0.342 1.372 1.949 2.454 2.664 2.834 3.049 3.049 2.813 2.517 
5.000 10.200 -0.816 0.333 1.361 1.939 2.446 2.658 2.825 3.034 3.033 2.801 2.503 
5.000 10.310 -0.825 0.310 1.333 1.915 2.425 2.641 2.805 3.000 3.000 2.773 2.469 
5.000 10.490 -0.841 0.278 1.296 1.881 2.397 2.616 2.776 2.956 2.955 2.735 2.423 
5.000 10.760 -0.846 0.246 1.259 1.848 2.368 2.592 2.748 2.911 2.910 2.696 2.376 
5.000 11.180 -0.859 0.208 1.215 1.808 2.333 2.560 2.713 2.861 2.860 2.651 2.323 
5.000 11.820 -0.889 0.152 1.153 1.748 2.278 2.507 2.658 2.795 2.791 2.584 2.246 
5.000 12.770 -0.911 0.095 1.092 1.688 2.222 2.453 2.604 2.728 2.722 2.518 2.170 
5.000 14.140 -0.934 0.038 1.029 1.628 2.166 2.399 2.548 2.661 2.653 2.450 2.092 
5.000 16.080 -0.979 -0.041 0.942 1.536 2.074 2.308 2.460 2.568 2.557 2.355 1.988 
5.000 18.740 -1.026 -0.125 0.850 1.439 1.976 2.210 2.365 2.471 2.457 2.254 1.878 
5.000 22.320 -1.075 -0.210 0.758 1.341 1.877 2.111 2.270 2.372 2.355 2.152 1.768 
5.000 27.040 -1.137 -0.308 0.650 1.228 1.758 1.990 2.149 2.251 2.230 2.028 1.641 
5.000 33.160 -1.212 -0.419 0.527 1.097 1.621 1.851 2.008 2.112 2.085 1.887 1.500 
5.000 41.050 -1.288 -0.532 0.402 0.965 1.483 1.711 1.867 1.970 1.938 1.744 1.357 
5.000 51.110 -1.369 -0.646 0.276 0.832 1.345 1.572 1.725 1.828 1.789 1.599 1.215 
5.000 63.890 -1.441 -0.756 0.157 0.718 1.226 1.456 1.600 1.693 1.636 1.459 1.089 
5.000 80.060 -1.517 -0.870 0.034 0.600 1.105 1.337 1.472 1.554 1.479 1.316 0.961 
5.000 100.500 -1.601 -0.987 -0.093 0.478 0.979 1.214 1.339 1.412 1.318 1.168 0.828 
5.000 126.290 -1.662 -1.085 -0.192 0.388 0.882 1.113 1.224 1.271 1.157 1.027 0.715 
5.000 158.810 -1.723 -1.183 -0.288 0.302 0.788 1.012 1.108 1.124 0.988 0.881 0.602 
5.000 199.780 -1.786 -1.282 -0.385 0.216 0.694 0.912 0.991 0.977 0.819 0.735 0.489 
5.000 251.390 -1.858 -1.385 -0.485 0.122 0.587 0.793 0.855 0.809 0.632 0.571 0.363 
5.000 316.390 -1.935 -1.500 -0.591 0.010 0.455 0.639 0.681 0.599 0.408 0.370 0.209 
5.000 398.240 -2.013 -1.615 -0.698 -0.102 0.323 0.485 0.507 0.390 0.185 0.170 0.056 
5.000 501.290 -2.094 -1.730 -0.805 -0.214 0.190 0.331 0.332 0.180 -0.039 -0.031 -0.098 
5.000 631.040 -2.231 -1.903 -0.945 -0.332 0.087 0.234 0.236 0.078 -0.150 -0.141 -0.248 
5.000 794.390 -2.370 -2.078 -1.085 -0.451 -0.015 0.139 0.144 -0.020 -0.256 -0.248 -0.397 
5.250 10.050 -0.418 0.647 1.615 2.144 2.609 2.795 2.946 3.143 3.144 2.897 2.657 
5.250 10.080 -0.424 0.641 1.608 2.139 2.605 2.792 2.940 3.132 3.134 2.889 2.647 
5.250 10.120 -0.430 0.635 1.602 2.133 2.601 2.788 2.935 3.121 3.123 2.880 2.638 
5.250 10.200 -0.436 0.629 1.595 2.128 2.596 2.785 2.929 3.110 3.113 2.871 2.628 
5.250 10.310 -0.453 0.608 1.571 2.107 2.578 2.767 2.908 3.078 3.082 2.844 2.597 
5.250 10.490 -0.471 0.577 1.536 2.077 2.550 2.741 2.877 3.035 3.038 2.806 2.552 
5.250 10.760 -0.478 0.546 1.502 2.046 2.523 2.716 2.849 2.992 2.996 2.770 2.508 
5.250 11.180 -0.489 0.509 1.461 2.009 2.490 2.685 2.815 2.945 2.948 2.728 2.457 
5.250 11.820 -0.519 0.456 1.402 1.952 2.436 2.632 2.762 2.882 2.883 2.666 2.386 
5.250 12.770 -0.540 0.401 1.343 1.895 2.381 2.580 2.708 2.818 2.818 2.603 2.313 
5.250 14.140 -0.562 0.346 1.283 1.837 2.326 2.526 2.654 2.755 2.752 2.540 2.240 
5.250 16.080 -0.606 0.270 1.198 1.747 2.235 2.437 2.568 2.667 2.661 2.450 2.141 
5.250 18.740 -0.653 0.189 1.109 1.652 2.138 2.340 2.476 2.574 2.564 2.356 2.037 
5.250 22.320 -0.700 0.107 1.019 1.555 2.040 2.243 2.384 2.481 2.467 2.261 1.932 
5.250 27.040 -0.760 0.014 0.914 1.444 1.926 2.132 2.276 2.373 2.353 2.152 1.816 
5.250 33.160 -0.832 -0.093 0.795 1.316 1.792 1.999 2.144 2.241 2.214 2.020 1.683 
5.250 41.050 -0.906 -0.201 0.674 1.187 1.657 1.864 2.009 2.108 2.074 1.887 1.548 
5.250 51.110 -0.982 -0.310 0.551 1.058 1.521 1.730 1.875 1.973 1.932 1.752 1.414 
5.250 63.890 -1.055 -0.415 0.437 0.948 1.407 1.619 1.754 1.842 1.784 1.618 1.295 
5.250 80.060 -1.130 -0.524 0.320 0.834 1.289 1.504 1.631 1.709 1.634 1.481 1.173 
5.250 100.500 -1.210 -0.637 0.198 0.717 1.167 1.385 1.503 1.571 1.479 1.341 1.046 
5.250 126.290 -1.271 -0.731 0.104 0.631 1.074 1.286 1.389 1.430 1.318 1.200 0.938 
5.250 158.810 -1.334 -0.827 0.014 0.550 0.984 1.188 1.272 1.281 1.147 1.052 0.829 
5.250 199.780 -1.396 -0.922 -0.077 0.470 0.894 1.089 1.156 1.132 0.976 0.904 0.720 
5.250 251.390 -1.465 -1.024 -0.171 0.380 0.792 0.972 1.020 0.963 0.788 0.738 0.597 
5.250 316.390 -1.544 -1.136 -0.272 0.273 0.664 0.821 0.847 0.753 0.563 0.536 0.448 
5.250 398.240 -1.624 -1.249 -0.374 0.166 0.537 0.670 0.674 0.543 0.339 0.335 0.299 
5.250 501.290 -1.704 -1.361 -0.475 0.060 0.409 0.518 0.500 0.333 0.115 0.133 0.150 
5.250 631.040 -1.831 -1.521 -0.603 -0.049 0.314 0.428 0.410 0.237 0.010 0.028 0.010 
5.250 794.390 -1.961 -1.683 -0.731 -0.157 0.220 0.340 0.324 0.145 -0.091 -0.073 -0.131 
5.500 10.050 -0.051 0.935 1.837 2.320 2.747 2.912 3.039 3.204 3.207 2.957 2.768 
5.500 10.080 -0.054 0.932 1.834 2.319 2.747 2.912 3.037 3.198 3.203 2.952 2.763 
5.500 10.120 -0.057 0.929 1.831 2.318 2.747 2.912 3.036 3.193 3.198 2.946 2.758 
5.500 10.200 -0.060 0.926 1.829 2.317 2.747 2.912 3.034 3.187 3.193 2.941 2.753 
5.500 10.310 -0.080 0.906 1.808 2.300 2.731 2.896 3.015 3.159 3.166 2.917 2.726 
5.500 10.490 -0.104 0.876 1.777 2.272 2.705 2.870 2.984 3.117 3.124 2.882 2.683 
5.500 10.760 -0.120 0.846 1.745 2.245 2.679 2.843 2.954 3.075 3.083 2.847 2.641 
5.500 11.180 -0.127 0.811 1.707 2.211 2.646 2.810 2.917 3.028 3.037 2.806 2.593 
5.500 11.820 -0.154 0.759 1.651 2.157 2.593 2.758 2.865 2.969 2.975 2.747 2.525 
5.500 12.770 -0.177 0.707 1.594 2.102 2.540 2.706 2.813 2.909 2.914 2.688 2.457 
5.500 14.140 -0.197 0.655 1.537 2.047 2.487 2.653 2.760 2.849 2.852 2.629 2.388 
5.500 16.080 -0.239 0.581 1.455 1.959 2.397 2.565 2.676 2.765 2.764 2.546 2.294 
5.500 18.740 -0.284 0.503 1.368 1.864 2.300 2.471 2.587 2.678 2.671 2.458 2.196 
5.500 22.320 -0.332 0.425 1.279 1.769 2.203 2.375 2.497 2.589 2.578 2.370 2.097 
5.500 27.040 -0.388 0.335 1.178 1.660 2.091 2.268 2.395 2.487 2.469 2.269 1.987 
5.500 33.160 -0.458 0.233 1.062 1.536 1.963 2.147 2.279 2.370 2.344 2.153 1.866 
5.500 41.050 -0.528 0.130 0.945 1.410 1.830 2.018 2.152 2.244 2.210 2.030 1.739 
5.500 51.110 -0.602 0.026 0.827 1.284 1.698 1.889 2.024 2.117 2.075 1.904 1.613 
5.500 63.890 -0.672 -0.074 0.718 1.178 1.587 1.781 1.909 1.992 1.933 1.777 1.500 
5.500 80.060 -0.746 -0.178 0.605 1.069 1.473 1.671 1.790 1.863 1.788 1.647 1.385 
5.500 100.500 -0.822 -0.286 0.489 0.956 1.354 1.556 1.667 1.730 1.639 1.513 1.265 
5.500 126.290 -0.884 -0.377 0.401 0.875 1.266 1.460 1.554 1.590 1.479 1.373 1.161 
5.500 158.810 -0.947 -0.470 0.316 0.799 1.180 1.363 1.437 1.438 1.306 1.223 1.056 
5.500 199.780 -1.010 -0.563 0.232 0.723 1.095 1.266 1.320 1.287 1.134 1.072 0.950 
5.500 251.390 -1.078 -0.662 0.143 0.638 0.996 1.152 1.184 1.116 0.943 0.904 0.832 
5.500 316.390 -1.159 -0.772 0.047 0.537 0.874 1.003 1.012 0.906 0.719 0.702 0.687 
5.500 398.240 -1.240 -0.883 -0.049 0.435 0.751 0.855 0.840 0.697 0.494 0.500 0.543 
5.500 501.290 -1.320 -0.993 -0.146 0.334 0.628 0.706 0.668 0.487 0.270 0.297 0.399 
5.500 631.040 -1.437 -1.139 -0.261 0.235 0.541 0.623 0.584 0.396 0.170 0.198 0.267 
5.500 794.390 -1.556 -1.288 -0.378 0.137 0.455 0.542 0.504 0.309 0.075 0.103 0.136 
5.750 10.050 0.275 1.189 2.036 2.483 2.874 3.018 3.126 3.262 3.264 3.007 2.869 
5.750 10.080 0.273 1.187 2.034 2.483 2.875 3.018 3.125 3.259 3.260 3.003 2.865 
5.750 10.120 0.271 1.185 2.032 2.482 2.875 3.018 3.124 3.255 3.257 2.999 2.862 
5.750 10.200 0.268 1.182 2.030 2.481 2.875 3.017 3.123 3.251 3.253 2.994 2.858 
5.750 10.310 0.253 1.167 2.015 2.468 2.863 3.005 3.107 3.230 3.232 2.976 2.837 
5.750 10.490 0.229 1.143 1.990 2.447 2.843 2.985 3.084 3.198 3.200 2.949 2.804 
5.750 10.760 0.211 1.118 1.966 2.427 2.823 2.964 3.060 3.166 3.168 2.921 2.771 
5.750 11.180 0.200 1.088 1.934 2.398 2.794 2.935 3.028 3.127 3.130 2.886 2.729 
5.750 11.820 0.177 1.036 1.879 2.345 2.740 2.880 2.971 3.066 3.068 2.827 2.662 
5.750 12.770 0.151 0.984 1.823 2.291 2.687 2.827 2.918 3.007 3.008 2.771 2.595 
5.750 14.140 0.131 0.931 1.767 2.237 2.634 2.775 2.866 2.949 2.948 2.715 2.529 
5.750 16.080 0.087 0.857 1.685 2.149 2.544 2.687 2.783 2.866 2.862 2.635 2.437 
5.750 18.740 0.041 0.779 1.597 2.055 2.448 2.594 2.695 2.779 2.770 2.551 2.341 
5.750 22.320 -0.007 0.700 1.509 1.959 2.351 2.499 2.605 2.691 2.678 2.465 2.244 
5.750 27.040 -0.066 0.611 1.408 1.851 2.240 2.393 2.505 2.590 2.572 2.368 2.137 
5.750 33.160 -0.137 0.511 1.294 1.728 2.113 2.275 2.392 2.475 2.450 2.259 2.020 
5.750 41.050 -0.210 0.410 1.178 1.603 1.985 2.154 2.277 2.359 2.326 2.147 1.900 
5.750 51.110 -0.285 0.307 1.062 1.478 1.854 2.027 2.152 2.234 2.194 2.027 1.778 
5.750 63.890 -0.356 0.208 0.955 1.374 1.744 1.921 2.039 2.112 2.057 1.905 1.669 
5.750 80.060 -0.429 0.106 0.845 1.267 1.631 1.811 1.923 1.987 1.916 1.780 1.557 
5.750 100.500 -0.508 -0.000 0.731 1.155 1.514 1.697 1.802 1.857 1.772 1.651 1.441 
5.750 126.290 -0.569 -0.090 0.646 1.077 1.427 1.602 1.690 1.720 1.615 1.514 1.341 
5.750 158.810 -0.633 -0.180 0.566 1.004 1.344 1.506 1.574 1.573 1.446 1.366 1.239 
5.750 199.780 -0.695 -0.271 0.485 0.931 1.261 1.411 1.458 1.426 1.277 1.218 1.137 
5.750 251.390 -0.765 -0.367 0.400 0.849 1.166 1.298 1.324 1.259 1.090 1.052 1.022 
5.750 316.390 -0.846 -0.474 0.308 0.751 1.046 1.152 1.154 1.054 0.869 0.852 0.882 
5.750 398.240 -0.925 -0.582 0.215 0.654 0.926 1.006 0.985 0.848 0.647 0.652 0.742 
5.750 501.290 -1.006 -0.689 0.123 0.556 0.807 0.860 0.815 0.643 0.426 0.452 0.602 
5.750 631.040 -1.115 -0.825 0.017 0.466 0.726 0.782 0.736 0.558 0.332 0.359 0.478 
5.750 794.390 -1.224 -0.962 -0.090 0.376 0.647 0.707 0.661 0.477 0.243 0.270 0.354 
6.000 10.050 0.599 1.444 2.236 2.647 3.002 3.124 3.214 3.321 3.319 3.058 2.970 
6.000 10.080 0.598 1.442 2.235 2.646 3.002 3.124 3.213 3.319 3.317 3.055 2.968 
6.000 10.120 0.596 1.441 2.233 2.646 3.003 3.123 3.212 3.317 3.315 3.051 2.966 
6.000 10.200 0.594 1.439 2.232 2.646 3.003 3.123 3.211 3.315 3.313 3.048 2.963 
6.000 10.310 0.583 1.427 2.221 2.637 2.994 3.114 3.200 3.300 3.299 3.035 2.948 
6.000 10.490 0.565 1.409 2.204 2.623 2.980 3.100 3.183 3.279 3.276 3.015 2.924 
6.000 10.760 0.546 1.391 2.187 2.609 2.966 3.085 3.166 3.257 3.254 2.995 2.900 
6.000 11.180 0.524 1.364 2.161 2.585 2.942 3.061 3.139 3.226 3.223 2.967 2.866 
6.000 11.820 0.496 1.313 2.107 2.533 2.889 3.006 3.083 3.167 3.164 2.912 2.801 
6.000 12.770 0.474 1.260 2.052 2.480 2.835 2.951 3.027 3.109 3.104 2.856 2.735 
6.000 14.140 0.451 1.208 1.997 2.427 2.782 2.896 2.972 3.050 3.045 2.801 2.669 
6.000 16.080 0.407 1.133 1.915 2.339 2.692 2.809 2.890 2.967 2.960 2.724 2.579 
6.000 18.740 0.358 1.055 1.827 2.245 2.596 2.716 2.802 2.880 2.869 2.643 2.485 
6.000 22.320 0.309 0.976 1.739 2.150 2.499 2.623 2.714 2.792 2.778 2.561 2.390 
6.000 27.040 0.249 0.887 1.638 2.042 2.389 2.518 2.615 2.692 2.674 2.468 2.286 
6.000 33.160 0.177 0.789 1.526 1.920 2.263 2.402 2.505 2.580 2.555 2.364 2.173 
6.000 41.050 0.103 0.689 1.412 1.796 2.136 2.283 2.394 2.467 2.436 2.258 2.059 
6.000 51.110 0.027 0.587 1.296 1.672 2.009 2.165 2.281 2.352 2.313 2.150 1.944 
6.000 63.890 -0.043 0.490 1.192 1.570 1.901 2.060 2.170 2.233 2.180 2.033 1.838 
6.000 80.060 -0.119 0.390 1.085 1.464 1.789 1.951 2.055 2.111 2.044 1.913 1.730 
6.000 100.500 -0.196 0.285 0.973 1.354 1.673 1.838 1.937 1.984 1.904 1.789 1.617 
6.000 126.290 -0.260 0.198 0.892 1.279 1.588 1.744 1.827 1.851 1.752 1.655 1.520 
6.000 158.810 -0.323 0.110 0.815 1.209 1.508 1.650 1.712 1.708 1.586 1.509 1.422 
6.000 199.780 -0.387 0.022 0.738 1.139 1.427 1.556 1.597 1.565 1.420 1.364 1.324 
6.000 251.390 -0.456 -0.072 0.658 1.061 1.335 1.445 1.465 1.402 1.237 1.200 1.213 
6.000 316.390 -0.536 -0.176 0.569 0.966 1.218 1.301 1.297 1.201 1.019 1.002 1.077 
6.000 398.240 -0.616 -0.281 0.480 0.872 1.102 1.158 1.129 1.000 0.801 0.805 0.942 
6.000 501.290 -0.696 -0.385 0.391 0.778 0.986 1.014 0.961 0.799 0.582 0.607 0.806 
6.000 631.040 -0.796 -0.510 0.295 0.696 0.911 0.942 0.888 0.720 0.494 0.519 0.689 
6.000 794.390 -0.898 -0.636 0.198 0.614 0.839 0.872 0.818 0.645 0.411 0.436 0.573 
6.250 10.050 0.883 1.668 2.408 2.784 3.107 3.213 3.292 3.385 3.378 3.114 3.073 
6.250 10.080 0.883 1.667 2.407 2.784 3.108 3.213 3.292 3.384 3.377 3.112 3.072 
6.250 10.120 0.882 1.666 2.406 2.783 3.107 3.213 3.291 3.383 3.376 3.110 3.070 
6.250 10.200 0.881 1.665 2.405 2.783 3.107 3.212 3.291 3.381 3.374 3.108 3.069 
6.250 10.310 0.874 1.658 2.399 2.779 3.103 3.208 3.285 3.374 3.366 3.100 3.060 
6.250 10.490 0.863 1.647 2.390 2.772 3.097 3.201 3.276 3.362 3.355 3.088 3.046 
6.250 10.760 0.853 1.637 2.381 2.765 3.090 3.194 3.266 3.351 3.342 3.075 3.032 
6.250 11.180 0.832 1.617 2.361 2.748 3.073 3.176 3.246 3.329 3.320 3.053 3.007 
6.250 11.820 0.783 1.567 2.310 2.699 3.023 3.125 3.194 3.274 3.265 3.003 2.945 
6.250 12.770 0.761 1.516 2.260 2.649 2.973 3.073 3.141 3.218 3.209 2.953 2.883 
6.250 14.140 0.740 1.466 2.208 2.600 2.922 3.021 3.088 3.163 3.153 2.902 2.820 
6.250 16.080 0.696 1.388 2.124 2.511 2.830 2.929 2.998 3.073 3.062 2.819 2.726 
6.250 18.740 0.642 1.305 2.033 2.415 2.733 2.835 2.909 2.982 2.969 2.737 2.629 
6.250 22.320 0.587 1.221 1.942 2.318 2.635 2.740 2.820 2.891 2.875 2.653 2.531 
6.250 27.040 0.522 1.129 1.839 2.208 2.524 2.635 2.720 2.789 2.769 2.561 2.426 
6.250 33.160 0.449 1.028 1.726 2.085 2.398 2.517 2.610 2.676 2.651 2.458 2.313 
6.250 41.050 0.369 0.925 1.610 1.961 2.270 2.397 2.498 2.561 2.530 2.354 2.198 
6.250 51.110 0.289 0.821 1.494 1.836 2.143 2.278 2.385 2.444 2.408 2.248 2.082 
6.250 63.890 0.214 0.722 1.388 1.732 2.034 2.175 2.279 2.329 2.281 2.138 1.979 
6.250 80.060 0.134 0.620 1.280 1.624 1.920 2.063 2.163 2.206 2.145 2.019 1.870 
6.250 100.500 0.050 0.514 1.167 1.512 1.801 1.947 2.042 2.078 2.006 1.896 1.757 
6.250 126.290 -0.016 0.426 1.085 1.436 1.715 1.851 1.930 1.947 1.857 1.764 1.661 
6.250 158.810 -0.083 0.338 1.008 1.365 1.633 1.755 1.814 1.806 1.695 1.621 1.564 
6.250 199.780 -0.148 0.250 0.931 1.295 1.552 1.659 1.698 1.666 1.534 1.477 1.467 
6.250 251.390 -0.219 0.157 0.850 1.216 1.459 1.547 1.565 1.506 1.355 1.316 1.357 
6.250 316.390 -0.301 0.054 0.763 1.123 1.343 1.404 1.398 1.309 1.142 1.122 1.224 
6.250 398.240 -0.383 -0.050 0.675 1.030 1.228 1.261 1.232 1.112 0.929 0.928 1.091 
6.250 501.290 -0.465 -0.153 0.587 0.937 1.112 1.119 1.065 0.915 0.716 0.734 0.958 
6.250 631.040 -0.559 -0.270 0.498 0.861 1.042 1.050 0.995 0.840 0.632 0.650 0.847 
6.250 794.390 -0.654 -0.387 0.409 0.785 0.974 0.984 0.929 0.770 0.554 0.572 0.736 
6.500 10.050 1.167 1.892 2.580 2.922 3.213 3.303 3.371 3.449 3.437 3.170 3.176 
6.500 10.080 1.166 1.891 2.579 2.921 3.213 3.303 3.371 3.449 3.436 3.170 3.175 
6.500 10.120 1.166 1.891 2.579 2.921 3.212 3.302 3.370 3.448 3.436 3.169 3.175 
6.500 10.200 1.166 1.891 2.579 2.921 3.212 3.302 3.370 3.448 3.435 3.169 3.175 
6.500 10.310 1.164 1.889 2.577 2.921 3.212 3.302 3.369 3.447 3.434 3.166 3.172 
6.500 10.490 1.161 1.886 2.576 2.921 3.213 3.302 3.368 3.446 3.433 3.160 3.168 
6.500 10.760 1.157 1.882 2.574 2.921 3.214 3.302 3.367 3.444 3.431 3.154 3.164 
6.500 11.180 1.143 1.868 2.562 2.910 3.203 3.291 3.354 3.431 3.417 3.139 3.147 
6.500 11.820 1.096 1.821 2.514 2.865 3.157 3.243 3.305 3.380 3.366 3.094 3.089 
6.500 12.770 1.048 1.773 2.467 2.819 3.110 3.196 3.255 3.328 3.314 3.049 3.030 
6.500 14.140 1.022 1.724 2.419 2.773 3.063 3.147 3.205 3.276 3.262 3.003 2.972 
6.500 16.080 0.974 1.642 2.332 2.683 2.971 3.055 3.115 3.185 3.169 2.920 2.876 
6.500 18.740 0.919 1.555 2.239 2.585 2.870 2.954 3.018 3.086 3.069 2.831 2.774 
6.500 22.320 0.859 1.466 2.145 2.486 2.770 2.858 2.926 2.991 2.972 2.746 2.673 
6.500 27.040 0.790 1.371 2.040 2.375 2.658 2.751 2.825 2.886 2.865 2.654 2.566 
6.500 33.160 0.711 1.267 1.925 2.251 2.532 2.632 2.714 2.771 2.746 2.552 2.452 
6.500 41.050 0.630 1.162 1.809 2.125 2.404 2.511 2.601 2.655 2.625 2.450 2.337 
6.500 51.110 0.545 1.056 1.691 2.000 2.276 2.390 2.488 2.536 2.503 2.345 2.221 
6.500 63.890 0.466 0.955 1.584 1.894 2.165 2.285 2.382 2.421 2.377 2.238 2.118 
6.500 80.060 0.380 0.851 1.474 1.784 2.050 2.175 2.270 2.302 2.247 2.125 2.011 
6.500 100.500 0.293 0.742 1.360 1.670 1.929 2.055 2.146 2.173 2.108 2.003 1.897 
6.500 126.290 0.224 0.654 1.278 1.592 1.842 1.957 2.033 2.043 1.962 1.873 1.802 
6.500 158.810 0.157 0.567 1.201 1.521 1.759 1.859 1.917 1.905 1.805 1.732 1.706 
6.500 199.780 0.087 0.479 1.124 1.450 1.677 1.762 1.800 1.766 1.648 1.590 1.609 
6.500 251.390 0.012 0.386 1.043 1.372 1.583 1.649 1.666 1.610 1.473 1.432 1.501 
6.500 316.390 -0.071 0.283 0.956 1.280 1.468 1.507 1.500 1.417 1.265 1.242 1.371 
6.500 398.240 -0.154 0.181 0.870 1.188 1.353 1.365 1.334 1.224 1.057 1.051 1.241 
6.500 501.290 -0.238 0.079 0.783 1.096 1.239 1.223 1.168 1.031 0.849 0.860 1.110 
6.500 631.040 -0.328 -0.029 0.701 1.025 1.173 1.158 1.102 0.960 0.770 0.781 1.004 
6.500 794.390 -0.418 -0.138 0.619 0.955 1.110 1.096 1.040 0.894 0.697 0.707 0.899 
6.750 10.050 1.404 2.077 2.717 3.034 3.305 3.383 3.440 3.510 3.488 3.212 3.266 
6.750 10.080 1.404 2.077 2.716 3.033 3.305 3.383 3.440 3.510 3.488 3.212 3.266 
6.750 10.120 1.403 2.077 2.716 3.033 3.304 3.382 3.439 3.509 3.487 3.211 3.266 
6.750 10.200 1.403 2.076 2.716 3.033 3.304 3.382 3.439 3.509 3.487 3.211 3.265 
6.750 10.310 1.402 2.075 2.715 3.032 3.304 3.382 3.438 3.508 3.486 3.209 3.263 
6.750 10.490 1.399 2.073 2.714 3.032 3.304 3.381 3.437 3.507 3.485 3.205 3.261 
6.750 10.760 1.398 2.071 2.712 3.032 3.304 3.381 3.437 3.506 3.484 3.202 3.258 
6.750 11.180 1.389 2.062 2.705 3.026 3.298 3.374 3.429 3.498 3.476 3.192 3.248 
6.750 11.820 1.361 2.034 2.678 3.000 3.272 3.348 3.401 3.469 3.446 3.165 3.214 
6.750 12.770 1.333 2.006 2.651 2.974 3.245 3.321 3.373 3.439 3.417 3.137 3.180 
6.750 14.140 1.305 1.978 2.623 2.947 3.219 3.294 3.345 3.409 3.386 3.109 3.146 
6.750 16.080 1.232 1.892 2.535 2.856 3.126 3.201 3.253 3.317 3.293 3.027 3.048 
6.750 18.740 1.175 1.797 2.436 2.754 3.021 3.096 3.151 3.213 3.190 2.937 2.939 
6.750 22.320 1.112 1.700 2.336 2.651 2.915 2.990 3.048 3.109 3.085 2.846 2.829 
6.750 27.040 1.035 1.597 2.226 2.535 2.798 2.877 2.940 2.998 2.973 2.749 2.715 
6.750 33.160 0.949 1.486 2.106 2.406 2.668 2.753 2.823 2.878 2.849 2.646 2.596 
6.750 41.050 0.859 1.375 1.984 2.275 2.536 2.627 2.705 2.756 2.724 2.540 2.476 
6.750 51.110 0.766 1.261 1.861 2.145 2.404 2.502 2.587 2.633 2.598 2.433 2.356 
6.750 63.890 0.681 1.157 1.751 2.033 2.288 2.390 2.475 2.515 2.470 2.326 2.250 
6.750 80.060 0.590 1.049 1.636 1.917 2.169 2.274 2.360 2.394 2.340 2.215 2.141 
6.750 100.500 0.496 0.937 1.518 1.797 2.043 2.151 2.236 2.265 2.203 2.097 2.026 
6.750 126.290 0.425 0.849 1.434 1.716 1.951 2.049 2.122 2.136 2.059 1.969 1.930 
6.750 158.810 0.355 0.762 1.355 1.642 1.864 1.949 2.005 2.001 1.907 1.832 1.835 
6.750 199.780 0.283 0.675 1.275 1.568 1.776 1.848 1.887 1.866 1.755 1.695 1.739 
6.750 251.390 0.208 0.583 1.194 1.488 1.679 1.733 1.754 1.713 1.586 1.541 1.632 
6.750 316.390 0.123 0.482 1.107 1.395 1.563 1.591 1.590 1.525 1.383 1.355 1.504 
6.750 398.240 0.039 0.381 1.020 1.303 1.447 1.449 1.426 1.336 1.180 1.169 1.375 
6.750 501.290 -0.047 0.280 0.933 1.211 1.331 1.308 1.263 1.148 0.976 0.982 1.247 
6.750 631.040 -0.132 0.179 0.856 1.144 1.269 1.246 1.200 1.081 0.902 0.908 1.146 
6.750 794.390 -0.217 0.078 0.780 1.079 1.209 1.187 1.141 1.019 0.834 0.838 1.046 
7.000 10.050 1.637 2.263 2.854 3.146 3.397 3.463 3.509 3.571 3.539 3.254 3.357 
7.000 10.080 1.637 2.262 2.853 3.145 3.397 3.463 3.509 3.571 3.539 3.254 3.356 
7.000 10.120 1.637 2.262 2.853 3.145 3.397 3.462 3.508 3.570 3.539 3.253 3.356 
7.000 10.200 1.636 2.262 2.853 3.145 3.396 3.462 3.508 3.570 3.538 3.253 3.356 
7.000 10.310 1.636 2.261 2.852 3.144 3.396 3.461 3.507 3.569 3.538 3.252 3.355 
7.000 10.490 1.635 2.260 2.851 3.144 3.395 3.461 3.507 3.569 3.537 3.250 3.353 
7.000 10.760 1.634 2.259 2.851 3.143 3.395 3.460 3.506 3.568 3.536 3.249 3.352 
7.000 11.180 1.631 2.256 2.848 3.141 3.393 3.458 3.504 3.565 3.534 3.245 3.349 
7.000 11.820 1.623 2.248 2.842 3.135 3.387 3.452 3.498 3.558 3.527 3.235 3.340 
7.000 12.770 1.615 2.240 2.835 3.129 3.381 3.447 3.491 3.551 3.519 3.225 3.330 
7.000 14.140 1.606 2.232 2.827 3.122 3.375 3.440 3.484 3.543 3.511 3.214 3.320 
7.000 16.080 1.517 2.142 2.737 3.030 3.281 3.346 3.392 3.449 3.418 3.134 3.219 
7.000 18.740 1.415 2.038 2.633 2.923 3.172 3.237 3.284 3.341 3.310 3.042 3.103 
7.000 22.320 1.350 1.934 2.527 2.815 3.062 3.127 3.176 3.231 3.202 2.950 2.986 
7.000 27.040 1.271 1.823 2.412 2.695 2.939 3.005 3.057 3.112 3.082 2.848 2.865 
7.000 33.160 1.179 1.706 2.287 2.561 2.804 2.874 2.933 2.985 2.953 2.739 2.740 
7.000 41.050 1.081 1.587 2.159 2.426 2.669 2.743 2.809 2.858 2.824 2.631 2.615 
7.000 51.110 0.982 1.467 2.031 2.290 2.533 2.612 2.685 2.730 2.693 2.522 2.490 
7.000 63.890 0.891 1.359 1.917 2.172 2.411 2.494 2.568 2.608 2.564 2.414 2.382 
7.000 80.060 0.796 1.248 1.798 2.051 2.286 2.372 2.448 2.484 2.432 2.304 2.270 
7.000 100.500 0.695 1.132 1.676 1.925 2.157 2.246 2.324 2.355 2.295 2.189 2.154 
7.000 126.290 0.622 1.043 1.589 1.840 2.060 2.142 2.210 2.230 2.157 2.066 2.059 
7.000 158.810 0.548 0.957 1.508 1.763 1.968 2.038 2.093 2.098 2.010 1.933 1.964 
7.000 199.780 0.475 0.871 1.427 1.685 1.876 1.934 1.975 1.966 1.863 1.799 1.869 
7.000 251.390 0.398 0.780 1.344 1.603 1.775 1.817 1.843 1.817 1.698 1.650 1.763 
7.000 316.390 0.312 0.681 1.257 1.511 1.658 1.675 1.681 1.633 1.500 1.468 1.637 
7.000 398.240 0.227 0.581 1.170 1.419 1.540 1.534 1.519 1.449 1.302 1.286 1.510 
7.000 501.290 0.140 0.482 1.083 1.326 1.423 1.392 1.357 1.265 1.104 1.104 1.384 
7.000 631.040 0.059 0.388 1.011 1.263 1.364 1.333 1.298 1.202 1.034 1.035 1.288 
7.000 794.390 -0.022 0.294 0.941 1.202 1.307 1.278 1.243 1.145 0.971 0.970 1.193 
7.250 10.050 1.825 2.409 2.958 3.232 3.474 3.532 3.574 3.635 3.602 3.296 3.434 
7.250 10.080 1.825 2.409 2.957 3.232 3.474 3.532 3.574 3.635 3.602 3.296 3.434 
7.250 10.120 1.825 2.408 2.957 3.231 3.473 3.532 3.574 3.635 3.602 3.295 3.434 
7.250 10.200 1.824 2.408 2.957 3.231 3.473 3.531 3.573 3.635 3.601 3.295 3.433 
7.250 10.310 1.824 2.407 2.956 3.231 3.472 3.531 3.573 3.634 3.601 3.294 3.432 
7.250 10.490 1.823 2.406 2.956 3.230 3.472 3.530 3.572 3.633 3.600 3.293 3.431 
7.250 10.760 1.822 2.405 2.955 3.229 3.471 3.529 3.571 3.633 3.599 3.292 3.430 
7.250 11.180 1.820 2.403 2.953 3.228 3.470 3.528 3.570 3.631 3.598 3.289 3.428 
7.250 11.820 1.815 2.398 2.949 3.225 3.467 3.525 3.567 3.626 3.593 3.280 3.422 
7.250 12.770 1.809 2.393 2.945 3.221 3.464 3.522 3.563 3.622 3.587 3.271 3.415 
7.250 14.140 1.803 2.387 2.940 3.217 3.461 3.519 3.560 3.616 3.581 3.262 3.409 
7.250 16.080 1.740 2.323 2.877 3.153 3.395 3.454 3.495 3.551 3.516 3.207 3.338 
7.250 18.740 1.666 2.249 2.804 3.078 3.319 3.377 3.420 3.474 3.441 3.144 3.257 
7.250 22.320 1.591 2.175 2.730 3.002 3.242 3.300 3.344 3.397 3.365 3.080 3.174 
7.250 27.040 1.517 2.071 2.623 2.891 3.129 3.187 3.233 3.286 3.253 2.987 3.062 
7.250 33.160 1.413 1.934 2.480 2.741 2.976 3.035 3.084 3.137 3.103 2.862 2.918 
7.250 41.050 1.298 1.797 2.336 2.589 2.824 2.886 2.940 2.991 2.954 2.739 2.774 
7.250 51.110 1.179 1.659 2.193 2.438 2.673 2.740 2.800 2.847 2.808 2.619 2.633 
7.250 63.890 1.078 1.543 2.069 2.310 2.542 2.613 2.675 2.719 2.673 2.507 2.518 
7.250 80.060 0.972 1.424 1.942 2.178 2.408 2.482 2.547 2.587 2.535 2.393 2.399 
7.250 100.500 0.861 1.300 1.811 2.042 2.270 2.348 2.415 2.451 2.392 2.274 2.276 
7.250 126.290 0.783 1.210 1.719 1.950 2.168 2.245 2.307 2.331 2.259 2.160 2.181 
7.250 158.810 0.709 1.124 1.635 1.866 2.070 2.140 2.191 2.203 2.117 2.031 2.086 
7.250 199.780 0.635 1.039 1.551 1.783 1.973 2.034 2.075 2.075 1.974 1.903 1.991 
7.250 251.390 0.556 0.949 1.465 1.696 1.867 1.916 1.945 1.929 1.814 1.757 1.885 
7.250 316.390 0.468 0.852 1.376 1.601 1.747 1.774 1.785 1.748 1.619 1.580 1.760 
7.250 398.240 0.382 0.754 1.288 1.506 1.626 1.633 1.626 1.567 1.425 1.403 1.635 
7.250 501.290 0.293 0.656 1.199 1.411 1.506 1.491 1.466 1.387 1.230 1.226 1.510 
7.250 631.040 0.216 0.569 1.132 1.351 1.450 1.436 1.411 1.329 1.165 1.161 1.419 
7.250 794.390 0.140 0.482 1.065 1.292 1.396 1.384 1.360 1.276 1.106 1.100 1.329 
7.500 10.050 2.008 2.555 3.062 3.318 3.551 3.602 3.640 3.700 3.665 3.338 3.512 
7.500 10.080 2.007 2.554 3.061 3.318 3.551 3.602 3.640 3.700 3.665 3.338 3.511 
7.500 10.120 2.007 2.554 3.061 3.318 3.550 3.601 3.639 3.699 3.665 3.337 3.511 
7.500 10.200 2.007 2.554 3.061 3.318 3.550 3.601 3.639 3.699 3.664 3.337 3.511 
7.500 10.310 2.006 2.553 3.060 3.317 3.549 3.600 3.638 3.698 3.664 3.336 3.510 
7.500 10.490 2.006 2.553 3.059 3.316 3.549 3.600 3.638 3.698 3.663 3.336 3.509 
7.500 10.760 2.005 2.552 3.059 3.316 3.548 3.599 3.637 3.697 3.663 3.335 3.509 
7.500 11.180 2.004 2.550 3.058 3.315 3.547 3.598 3.636 3.696 3.661 3.332 3.507 
7.500 11.820 2.001 2.548 3.056 3.314 3.548 3.598 3.636 3.694 3.658 3.325 3.505 
7.500 12.770 1.998 2.545 3.055 3.314 3.547 3.598 3.636 3.692 3.655 3.318 3.501 
7.500 14.140 1.995 2.542 3.053 3.312 3.547 3.598 3.635 3.690 3.652 3.310 3.498 
7.500 16.080 1.957 2.504 3.017 3.276 3.510 3.561 3.598 3.652 3.615 3.280 3.457 
7.500 18.740 1.914 2.460 2.975 3.232 3.466 3.517 3.555 3.608 3.572 3.246 3.410 
7.500 22.320 1.869 2.416 2.932 3.188 3.422 3.473 3.511 3.562 3.528 3.211 3.363 
7.500 27.040 1.772 2.318 2.833 3.086 3.318 3.369 3.409 3.459 3.425 3.127 3.260 
7.500 33.160 1.628 2.163 2.674 2.920 3.150 3.201 3.242 3.293 3.257 2.989 3.098 
7.500 41.050 1.505 2.007 2.514 2.753 2.980 3.031 3.074 3.126 3.087 2.849 2.935 
7.500 51.110 1.371 1.851 2.355 2.587 2.813 2.868 2.915 2.965 2.923 2.716 2.776 
7.500 63.890 1.260 1.727 2.222 2.448 2.673 2.732 2.782 2.829 2.782 2.601 2.653 
7.500 80.060 1.145 1.600 2.086 2.305 2.530 2.593 2.646 2.690 2.638 2.483 2.528 
7.500 100.500 1.023 1.468 1.946 2.159 2.382 2.450 2.505 2.548 2.489 2.360 2.398 
7.500 126.290 0.940 1.376 1.850 2.059 2.274 2.343 2.397 2.428 2.358 2.248 2.301 
7.500 158.810 0.864 1.292 1.762 1.970 2.173 2.242 2.290 2.309 2.224 2.130 2.208 
7.500 199.780 0.789 1.207 1.674 1.881 2.070 2.134 2.176 2.184 2.085 2.006 2.113 
7.500 251.390 0.709 1.119 1.586 1.788 1.959 2.015 2.047 2.041 1.929 1.866 2.008 
7.500 316.390 0.619 1.023 1.496 1.691 1.836 1.873 1.890 1.864 1.738 1.693 1.884 
7.500 398.240 0.530 0.927 1.406 1.593 1.712 1.732 1.733 1.686 1.547 1.520 1.761 
7.500 501.290 0.442 0.831 1.315 1.496 1.589 1.590 1.576 1.508 1.356 1.347 1.637 
7.500 631.040 0.368 0.749 1.252 1.438 1.536 1.538 1.525 1.455 1.296 1.287 1.550 
7.500 794.390 0.295 0.669 1.189 1.383 1.485 1.490 1.478 1.407 1.242 1.231 1.465 
7.750 10.050 2.142 2.657 3.124 3.368 3.597 3.645 3.686 3.747 3.714 3.373 3.574 
7.750 10.080 2.142 2.657 3.124 3.368 3.597 3.645 3.686 3.747 3.714 3.373 3.574 
7.750 10.120 2.142 2.657 3.124 3.367 3.597 3.645 3.686 3.747 3.714 3.373 3.573 
7.750 10.200 2.141 2.656 3.123 3.367 3.596 3.644 3.685 3.746 3.713 3.372 3.573 
7.750 10.310 2.141 2.656 3.123 3.366 3.596 3.644 3.685 3.746 3.713 3.372 3.573 
7.750 10.490 2.140 2.655 3.122 3.366 3.595 3.643 3.684 3.745 3.712 3.371 3.572 
7.750 10.760 2.139 2.654 3.121 3.365 3.594 3.642 3.683 3.744 3.711 3.370 3.571 
7.750 11.180 2.138 2.653 3.120 3.364 3.594 3.641 3.682 3.743 3.710 3.369 3.570 
7.750 11.820 2.136 2.651 3.119 3.363 3.593 3.641 3.682 3.742 3.708 3.364 3.568 
7.750 12.770 2.134 2.649 3.117 3.362 3.592 3.640 3.681 3.740 3.706 3.360 3.566 
7.750 14.140 2.131 2.646 3.115 3.361 3.591 3.639 3.679 3.738 3.703 3.355 3.563 
7.750 16.080 2.111 2.626 3.096 3.341 3.572 3.620 3.661 3.717 3.683 3.336 3.541 
7.750 18.740 2.087 2.602 3.074 3.318 3.550 3.598 3.639 3.693 3.659 3.315 3.516 
7.750 22.320 2.062 2.577 3.050 3.295 3.526 3.576 3.616 3.667 3.634 3.292 3.490 
7.750 27.040 1.983 2.498 2.973 3.215 3.446 3.495 3.535 3.586 3.552 3.226 3.409 
7.750 33.160 1.848 2.363 2.837 3.074 3.302 3.352 3.393 3.445 3.409 3.113 3.268 
7.750 41.050 1.710 2.225 2.700 2.932 3.157 3.206 3.249 3.301 3.264 2.997 3.125 
7.750 51.110 1.597 2.084 2.559 2.786 3.008 3.057 3.101 3.153 3.115 2.877 2.980 
7.750 63.890 1.463 1.934 2.402 2.623 2.844 2.896 2.941 2.992 2.947 2.739 2.831 
7.750 80.060 1.320 1.781 2.241 2.456 2.678 2.735 2.782 2.831 2.778 2.601 2.681 
7.750 100.500 1.169 1.624 2.076 2.285 2.508 2.569 2.620 2.665 2.606 2.459 2.527 
7.750 126.290 1.077 1.525 1.969 2.174 2.392 2.456 2.505 2.541 2.470 2.345 2.422 
7.750 158.810 0.998 1.441 1.876 2.079 2.289 2.355 2.401 2.425 2.340 2.234 2.329 
7.750 199.780 0.919 1.356 1.784 1.984 2.185 2.251 2.294 2.306 2.208 2.121 2.235 
7.750 251.390 0.835 1.268 1.691 1.886 2.073 2.131 2.166 2.165 2.054 1.986 2.130 
7.750 316.390 0.745 1.172 1.598 1.785 1.947 1.989 2.009 1.988 1.865 1.815 2.006 
7.750 398.240 0.653 1.077 1.505 1.683 1.822 1.847 1.852 1.812 1.675 1.645 1.882 
7.750 501.290 0.562 0.981 1.412 1.582 1.697 1.704 1.696 1.635 1.485 1.474 1.759 
7.750 631.040 0.491 0.905 1.352 1.528 1.647 1.656 1.649 1.586 1.430 1.418 1.676 
7.750 794.390 0.421 0.830 1.293 1.475 1.601 1.612 1.606 1.542 1.380 1.367 1.595 
8.000 10.050 2.271 2.760 3.187 3.418 3.644 3.689 3.733 3.795 3.763 3.409 3.637 
8.000 10.080 2.271 2.759 3.186 3.417 3.644 3.689 3.733 3.795 3.763 3.409 3.636 
8.000 10.120 2.271 2.759 3.186 3.417 3.643 3.688 3.732 3.794 3.763 3.408 3.636 
8.000 10.200 2.271 2.759 3.186 3.416 3.643 3.688 3.732 3.794 3.762 3.408 3.636 
8.000 10.310 2.270 2.758 3.185 3.416 3.642 3.687 3.731 3.793 3.762 3.407 3.635 
8.000 10.490 2.269 2.757 3.185 3.415 3.642 3.687 3.731 3.793 3.761 3.407 3.634 
8.000 10.760 2.268 2.757 3.184 3.414 3.641 3.686 3.730 3.792 3.760 3.406 3.634 
8.000 11.180 2.267 2.756 3.183 3.414 3.640 3.685 3.729 3.791 3.759 3.405 3.633 
8.000 11.820 2.266 2.754 3.181 3.412 3.639 3.684 3.728 3.790 3.758 3.404 3.631 
8.000 12.770 2.265 2.753 3.180 3.411 3.637 3.682 3.726 3.788 3.756 3.402 3.630 
8.000 14.140 2.262 2.751 3.178 3.409 3.635 3.680 3.724 3.786 3.754 3.400 3.628 
8.000 16.080 2.259 2.747 3.175 3.407 3.634 3.680 3.723 3.782 3.750 3.393 3.625 
8.000 18.740 2.254 2.743 3.172 3.404 3.633 3.680 3.722 3.778 3.745 3.384 3.622 
8.000 22.320 2.249 2.737 3.169 3.401 3.631 3.678 3.720 3.773 3.739 3.374 3.619 
8.000 27.040 2.190 2.678 3.113 3.344 3.573 3.621 3.662 3.713 3.680 3.326 3.559 
8.000 33.160 2.073 2.562 3.000 3.228 3.455 3.502 3.544 3.596 3.561 3.236 3.439 
8.000 41.050 1.955 2.443 2.886 3.111 3.335 3.382 3.424 3.476 3.441 3.145 3.316 
8.000 51.110 1.829 2.317 2.764 2.985 3.206 3.253 3.296 3.348 3.312 3.045 3.187 
8.000 63.890 1.665 2.142 2.581 2.797 3.017 3.063 3.105 3.158 3.115 2.880 3.011 
8.000 80.060 1.493 1.963 2.396 2.607 2.827 2.876 2.919 2.971 2.919 2.719 2.835 
8.000 100.500 1.314 1.780 2.206 2.411 2.634 2.689 2.734 2.783 2.722 2.558 2.655 
8.000 126.290 1.212 1.674 2.088 2.289 2.510 2.568 2.613 2.654 2.581 2.443 2.543 
8.000 158.810 1.130 1.590 1.991 2.188 2.404 2.466 2.510 2.539 2.454 2.338 2.449 
8.000 199.780 1.045 1.505 1.893 2.087 2.299 2.364 2.406 2.425 2.327 2.232 2.356 
8.000 251.390 0.960 1.417 1.796 1.984 2.186 2.248 2.284 2.289 2.180 2.106 2.252 
8.000 316.390 0.865 1.322 1.700 1.878 2.059 2.104 2.128 2.114 1.991 1.938 2.128 
8.000 398.240 0.772 1.227 1.604 1.773 1.932 1.961 1.972 1.937 1.803 1.769 2.004 
8.000 501.290 0.678 1.131 1.508 1.668 1.804 1.818 1.816 1.761 1.614 1.601 1.881 
8.000 631.040 0.609 1.061 1.452 1.617 1.758 1.774 1.773 1.717 1.564 1.550 1.803 
8.000 794.390 0.541 0.991 1.396 1.568 1.716 1.735 1.735 1.678 1.519 1.503 1.726 
