CanadaSHM5_AA13_stablecrust_central , distance is rhypo. Log10 ground motion values in cgs units
          15 30 11 : nmag, ndist, nperiod
          10.000 5.000 2.000 1.000 0.500 0.300 0.200 0.100 0.050 PGA PGV 
          0.620 0.620 0.620 0.620 0.580 0.540 0.530 0.530 0.530 0.530 0.620
4.500 10.050 -1.727 -0.389 0.686 1.380 1.998 2.270 2.490 2.698 2.687 2.369 1.947 
4.500 10.080 -1.734 -0.396 0.678 1.373 1.990 2.262 2.482 2.688 2.677 2.363 1.937 
4.500 10.120 -1.739 -0.404 0.671 1.365 1.982 2.254 2.473 2.679 2.667 2.358 1.927 
4.500 10.200 -1.736 -0.411 0.663 1.358 1.974 2.247 2.465 2.669 2.657 2.353 1.917 
4.500 10.310 -1.743 -0.427 0.646 1.340 1.957 2.230 2.447 2.650 2.636 2.340 1.896 
4.500 10.490 -1.739 -0.449 0.622 1.317 1.934 2.208 2.423 2.625 2.610 2.321 1.868 
4.500 10.760 -1.737 -0.470 0.598 1.293 1.912 2.186 2.400 2.600 2.584 2.303 1.840 
4.500 11.180 -1.741 -0.497 0.569 1.265 1.884 2.160 2.371 2.570 2.553 2.280 1.807 
4.500 11.820 -1.755 -0.541 0.523 1.221 1.842 2.118 2.326 2.524 2.506 2.241 1.755 
4.500 12.770 -1.772 -0.595 0.464 1.162 1.783 2.060 2.266 2.460 2.438 2.181 1.687 
4.500 14.140 -1.790 -0.651 0.403 1.100 1.721 1.999 2.204 2.393 2.367 2.119 1.617 
4.500 16.080 -1.839 -0.741 0.308 1.003 1.624 1.902 2.103 2.286 2.252 2.014 1.507 
4.500 18.740 -1.893 -0.835 0.207 0.900 1.520 1.799 1.997 2.173 2.130 1.903 1.391 
4.500 22.320 -1.948 -0.930 0.105 0.798 1.417 1.696 1.890 2.059 2.008 1.792 1.275 
4.500 27.040 -2.014 -1.039 -0.009 0.681 1.299 1.577 1.766 1.927 1.866 1.662 1.144 
4.500 33.160 -2.096 -1.161 -0.139 0.548 1.163 1.440 1.624 1.777 1.702 1.511 0.994 
4.500 41.050 -2.176 -1.284 -0.269 0.416 1.028 1.303 1.483 1.626 1.539 1.360 0.845 
4.500 51.110 -2.254 -1.404 -0.396 0.285 0.895 1.168 1.342 1.477 1.377 1.211 0.698 
4.500 63.890 -2.314 -1.503 -0.503 0.173 0.777 1.047 1.216 1.342 1.229 1.075 0.570 
4.500 80.060 -2.371 -1.601 -0.610 0.061 0.659 0.926 1.089 1.207 1.082 0.940 0.441 
4.500 100.500 -2.427 -1.700 -0.716 -0.051 0.542 0.805 0.963 1.072 0.934 0.804 0.312 
4.500 126.290 -2.486 -1.799 -0.821 -0.164 0.419 0.675 0.822 0.913 0.760 0.647 0.175 
4.500 158.810 -2.543 -1.898 -0.924 -0.277 0.295 0.541 0.677 0.745 0.576 0.481 0.035 
4.500 199.780 -2.600 -1.997 -1.028 -0.390 0.171 0.406 0.531 0.576 0.392 0.315 -0.104 
4.500 251.390 -2.666 -2.104 -1.137 -0.510 0.036 0.257 0.368 0.386 0.186 0.128 -0.257 
4.500 316.390 -2.748 -2.227 -1.258 -0.646 -0.120 0.079 0.170 0.156 -0.061 -0.097 -0.434 
4.500 398.240 -2.831 -2.351 -1.379 -0.781 -0.277 -0.099 -0.027 -0.075 -0.309 -0.322 -0.611 
4.500 501.290 -2.913 -2.474 -1.499 -0.916 -0.433 -0.277 -0.225 -0.305 -0.556 -0.548 -0.788 
4.500 631.040 -3.076 -2.678 -1.669 -1.065 -0.564 -0.400 -0.344 -0.427 -0.689 -0.681 -0.967 
4.500 794.390 -3.242 -2.885 -1.840 -1.214 -0.693 -0.520 -0.460 -0.545 -0.817 -0.810 -1.146 
4.750 10.050 -1.349 -0.108 0.912 1.559 2.130 2.380 2.580 2.759 2.740 2.425 2.062 
4.750 10.080 -1.355 -0.114 0.905 1.553 2.123 2.374 2.573 2.751 2.731 2.421 2.054 
4.750 10.120 -1.362 -0.120 0.899 1.547 2.116 2.368 2.566 2.743 2.723 2.416 2.046 
4.750 10.200 -1.359 -0.126 0.892 1.540 2.110 2.361 2.559 2.735 2.714 2.412 2.038 
4.750 10.310 -1.364 -0.141 0.876 1.524 2.093 2.346 2.542 2.717 2.696 2.400 2.018 
4.750 10.490 -1.364 -0.163 0.853 1.501 2.071 2.324 2.519 2.693 2.671 2.383 1.991 
4.750 10.760 -1.361 -0.184 0.830 1.478 2.049 2.303 2.496 2.669 2.646 2.366 1.964 
4.750 11.180 -1.365 -0.210 0.801 1.451 2.022 2.277 2.468 2.640 2.616 2.344 1.932 
4.750 11.820 -1.382 -0.253 0.757 1.408 1.981 2.236 2.425 2.596 2.571 2.307 1.882 
4.750 12.770 -1.391 -0.296 0.713 1.365 1.940 2.195 2.381 2.552 2.525 2.269 1.832 
4.750 14.140 -1.403 -0.341 0.666 1.321 1.897 2.152 2.336 2.506 2.477 2.230 1.780 
4.750 16.080 -1.452 -0.428 0.574 1.227 1.802 2.058 2.238 2.402 2.365 2.129 1.674 
4.750 18.740 -1.506 -0.520 0.476 1.127 1.702 1.958 2.135 2.292 2.247 2.021 1.562 
4.750 22.320 -1.559 -0.613 0.377 1.028 1.601 1.857 2.031 2.182 2.128 1.914 1.449 
4.750 27.040 -1.626 -0.718 0.266 0.915 1.486 1.742 1.911 2.055 1.991 1.788 1.322 
4.750 33.160 -1.707 -0.836 0.141 0.787 1.356 1.609 1.774 1.909 1.833 1.643 1.178 
4.750 41.050 -1.786 -0.955 0.016 0.659 1.225 1.477 1.637 1.764 1.675 1.497 1.034 
4.750 51.110 -1.863 -1.071 -0.106 0.533 1.096 1.347 1.502 1.620 1.519 1.354 0.892 
4.750 63.890 -1.920 -1.166 -0.209 0.425 0.982 1.229 1.379 1.490 1.376 1.223 0.769 
4.750 80.060 -1.977 -1.262 -0.312 0.317 0.869 1.113 1.257 1.359 1.233 1.093 0.645 
4.750 100.500 -2.034 -1.357 -0.414 0.209 0.755 0.996 1.134 1.229 1.091 0.963 0.521 
4.750 126.290 -2.091 -1.452 -0.515 0.101 0.637 0.870 0.998 1.075 0.923 0.811 0.390 
4.750 158.810 -2.148 -1.547 -0.614 -0.008 0.518 0.740 0.858 0.912 0.744 0.651 0.256 
4.750 199.780 -2.205 -1.643 -0.713 -0.116 0.399 0.610 0.717 0.749 0.566 0.491 0.123 
4.750 251.390 -2.268 -1.746 -0.818 -0.232 0.268 0.465 0.559 0.565 0.367 0.311 -0.024 
4.750 316.390 -2.350 -1.865 -0.934 -0.362 0.117 0.292 0.366 0.341 0.127 0.093 -0.194 
4.750 398.240 -2.430 -1.984 -1.050 -0.492 -0.035 0.119 0.174 0.117 -0.114 -0.125 -0.364 
4.750 501.290 -2.511 -2.103 -1.167 -0.623 -0.186 -0.054 -0.018 -0.107 -0.354 -0.344 -0.535 
4.750 631.040 -2.663 -2.294 -1.324 -0.761 -0.307 -0.169 -0.130 -0.222 -0.479 -0.469 -0.704 
4.750 794.390 -2.818 -2.487 -1.483 -0.899 -0.427 -0.281 -0.238 -0.332 -0.600 -0.590 -0.874 
5.000 10.050 -0.975 0.173 1.137 1.738 2.261 2.491 2.670 2.819 2.792 2.480 2.177 
5.000 10.080 -0.980 0.168 1.132 1.733 2.256 2.486 2.664 2.813 2.785 2.477 2.170 
5.000 10.120 -0.985 0.164 1.127 1.728 2.250 2.480 2.658 2.807 2.778 2.474 2.164 
5.000 10.200 -0.990 0.159 1.122 1.722 2.245 2.475 2.652 2.800 2.772 2.471 2.158 
5.000 10.310 -0.992 0.144 1.106 1.707 2.229 2.460 2.636 2.784 2.754 2.460 2.139 
5.000 10.490 -0.998 0.123 1.083 1.685 2.208 2.440 2.614 2.761 2.731 2.444 2.113 
5.000 10.760 -0.993 0.103 1.061 1.663 2.186 2.419 2.592 2.737 2.707 2.428 2.087 
5.000 11.180 -0.995 0.077 1.034 1.636 2.160 2.394 2.565 2.710 2.679 2.408 2.056 
5.000 11.820 -1.014 0.035 0.991 1.595 2.120 2.354 2.522 2.667 2.635 2.372 2.008 
5.000 12.770 -1.024 -0.008 0.947 1.553 2.080 2.314 2.480 2.625 2.591 2.337 1.959 
5.000 14.140 -1.036 -0.050 0.904 1.512 2.040 2.274 2.437 2.582 2.547 2.301 1.911 
5.000 16.080 -1.072 -0.117 0.838 1.448 1.978 2.211 2.371 2.516 2.476 2.241 1.838 
5.000 18.740 -1.125 -0.205 0.745 1.354 1.883 2.116 2.273 2.412 2.364 2.140 1.732 
5.000 22.320 -1.178 -0.295 0.649 1.258 1.785 2.018 2.172 2.305 2.249 2.036 1.623 
5.000 27.040 -1.245 -0.397 0.542 1.148 1.674 1.906 2.057 2.182 2.116 1.915 1.500 
5.000 33.160 -1.323 -0.511 0.421 1.025 1.547 1.778 1.924 2.042 1.963 1.775 1.361 
5.000 41.050 -1.400 -0.626 0.301 0.901 1.421 1.651 1.791 1.901 1.811 1.635 1.223 
5.000 51.110 -1.480 -0.738 0.183 0.780 1.297 1.524 1.660 1.762 1.660 1.497 1.086 
5.000 63.890 -1.533 -0.830 0.084 0.676 1.187 1.412 1.542 1.637 1.523 1.371 0.968 
5.000 80.060 -1.588 -0.922 -0.014 0.572 1.078 1.299 1.424 1.511 1.385 1.246 0.849 
5.000 100.500 -1.646 -1.014 -0.113 0.469 0.969 1.186 1.306 1.386 1.248 1.121 0.730 
5.000 126.290 -1.701 -1.106 -0.209 0.365 0.856 1.064 1.174 1.237 1.085 0.975 0.605 
5.000 158.810 -1.756 -1.197 -0.304 0.261 0.741 0.939 1.039 1.080 0.913 0.821 0.477 
5.000 199.780 -1.811 -1.289 -0.399 0.158 0.626 0.813 0.903 0.923 0.741 0.668 0.349 
5.000 251.390 -1.878 -1.388 -0.499 0.047 0.501 0.673 0.750 0.745 0.548 0.494 0.210 
5.000 316.390 -1.956 -1.503 -0.611 -0.079 0.354 0.505 0.563 0.527 0.314 0.283 0.046 
5.000 398.240 -2.034 -1.617 -0.722 -0.204 0.208 0.337 0.376 0.309 0.081 0.072 -0.118 
5.000 501.290 -2.114 -1.732 -0.834 -0.329 0.061 0.168 0.189 0.091 -0.152 -0.139 -0.281 
5.000 631.040 -2.256 -1.910 -0.979 -0.457 -0.051 0.062 0.085 -0.016 -0.269 -0.257 -0.442 
5.000 794.390 -2.400 -2.090 -1.125 -0.584 -0.162 -0.042 -0.016 -0.119 -0.383 -0.371 -0.602 
5.250 10.050 -0.635 0.425 1.337 1.894 2.375 2.585 2.745 2.868 2.832 2.524 2.279 
5.250 10.080 -0.638 0.422 1.334 1.891 2.372 2.582 2.742 2.864 2.828 2.523 2.275 
5.250 10.120 -0.641 0.420 1.331 1.888 2.369 2.580 2.739 2.861 2.825 2.521 2.272 
5.250 10.200 -0.644 0.417 1.329 1.885 2.367 2.577 2.736 2.858 2.821 2.519 2.269 
5.250 10.310 -0.654 0.404 1.314 1.871 2.352 2.563 2.721 2.842 2.806 2.510 2.252 
5.250 10.490 -0.663 0.383 1.292 1.850 2.331 2.542 2.699 2.819 2.782 2.495 2.226 
5.250 10.760 -0.660 0.363 1.270 1.828 2.310 2.522 2.677 2.796 2.758 2.480 2.201 
5.250 11.180 -0.661 0.337 1.244 1.802 2.285 2.497 2.650 2.769 2.730 2.461 2.170 
5.250 11.820 -0.681 0.296 1.202 1.762 2.246 2.458 2.609 2.728 2.688 2.428 2.124 
5.250 12.770 -0.692 0.255 1.160 1.722 2.206 2.419 2.568 2.687 2.646 2.395 2.077 
5.250 14.140 -0.703 0.214 1.118 1.681 2.167 2.380 2.526 2.646 2.603 2.361 2.030 
5.250 16.080 -0.740 0.149 1.054 1.620 2.107 2.319 2.462 2.582 2.535 2.303 1.959 
5.250 18.740 -0.779 0.080 0.986 1.555 2.042 2.254 2.394 2.514 2.462 2.241 1.884 
5.250 22.320 -0.831 -0.006 0.896 1.464 1.950 2.162 2.298 2.413 2.354 2.145 1.781 
5.250 27.040 -0.896 -0.104 0.792 1.358 1.842 2.053 2.186 2.295 2.225 2.028 1.663 
5.250 33.160 -0.973 -0.215 0.676 1.239 1.721 1.929 2.058 2.159 2.078 1.893 1.529 
5.250 41.050 -1.049 -0.326 0.560 1.120 1.599 1.806 1.930 2.024 1.931 1.759 1.396 
5.250 51.110 -1.125 -0.435 0.446 1.002 1.478 1.683 1.803 1.890 1.785 1.625 1.265 
5.250 63.890 -1.181 -0.523 0.351 0.903 1.373 1.574 1.689 1.768 1.652 1.505 1.151 
5.250 80.060 -1.236 -0.612 0.256 0.803 1.268 1.465 1.575 1.647 1.520 1.385 1.037 
5.250 100.500 -1.293 -0.701 0.162 0.703 1.163 1.357 1.461 1.526 1.387 1.265 0.923 
5.250 126.290 -1.347 -0.789 0.070 0.604 1.054 1.239 1.334 1.383 1.230 1.125 0.804 
5.250 158.810 -1.402 -0.876 -0.020 0.505 0.944 1.118 1.203 1.231 1.064 0.977 0.682 
5.250 199.780 -1.457 -0.964 -0.111 0.405 0.833 0.997 1.072 1.079 0.898 0.829 0.560 
5.250 251.390 -1.519 -1.059 -0.207 0.299 0.712 0.862 0.923 0.907 0.712 0.662 0.426 
5.250 316.390 -1.597 -1.170 -0.314 0.179 0.571 0.699 0.742 0.696 0.486 0.458 0.269 
5.250 398.240 -1.674 -1.281 -0.421 0.059 0.429 0.535 0.560 0.485 0.260 0.253 0.112 
5.250 501.290 -1.753 -1.391 -0.528 -0.062 0.288 0.372 0.379 0.273 0.033 0.049 -0.045 
5.250 631.040 -1.885 -1.556 -0.662 -0.179 0.184 0.272 0.282 0.172 -0.077 -0.062 -0.197 
5.250 794.390 -2.020 -1.724 -0.797 -0.297 0.081 0.176 0.188 0.076 -0.184 -0.168 -0.349 
5.500 10.050 -0.300 0.677 1.536 2.049 2.489 2.679 2.820 2.916 2.872 2.568 2.381 
5.500 10.080 -0.301 0.677 1.536 2.049 2.488 2.679 2.819 2.916 2.872 2.568 2.380 
5.500 10.120 -0.301 0.676 1.536 2.048 2.488 2.679 2.819 2.916 2.871 2.568 2.380 
5.500 10.200 -0.301 0.676 1.536 2.048 2.488 2.678 2.819 2.915 2.871 2.568 2.380 
5.500 10.310 -0.314 0.664 1.522 2.035 2.475 2.665 2.805 2.901 2.857 2.559 2.364 
5.500 10.490 -0.331 0.643 1.501 2.014 2.455 2.645 2.784 2.878 2.833 2.546 2.339 
5.500 10.760 -0.338 0.623 1.480 1.993 2.434 2.624 2.762 2.856 2.809 2.533 2.314 
5.500 11.180 -0.336 0.597 1.454 1.968 2.409 2.599 2.735 2.829 2.782 2.515 2.284 
5.500 11.820 -0.354 0.558 1.413 1.929 2.371 2.561 2.696 2.789 2.741 2.483 2.239 
5.500 12.770 -0.367 0.518 1.373 1.890 2.332 2.523 2.656 2.749 2.701 2.452 2.193 
5.500 14.140 -0.377 0.478 1.332 1.851 2.293 2.486 2.616 2.709 2.660 2.421 2.148 
5.500 16.080 -0.413 0.415 1.270 1.791 2.235 2.426 2.553 2.647 2.594 2.365 2.080 
5.500 18.740 -0.453 0.347 1.205 1.728 2.173 2.363 2.486 2.582 2.523 2.306 2.007 
5.500 22.320 -0.493 0.280 1.139 1.665 2.110 2.300 2.420 2.516 2.452 2.247 1.935 
5.500 27.040 -0.553 0.188 1.043 1.567 2.011 2.200 2.316 2.407 2.335 2.141 1.826 
5.500 33.160 -0.629 0.081 0.931 1.453 1.894 2.080 2.192 2.277 2.193 2.012 1.698 
5.500 41.050 -0.703 -0.026 0.819 1.338 1.776 1.960 2.068 2.146 2.051 1.882 1.569 
5.500 51.110 -0.778 -0.131 0.709 1.225 1.660 1.842 1.945 2.017 1.910 1.755 1.443 
5.500 63.890 -0.832 -0.217 0.618 1.129 1.559 1.737 1.836 1.900 1.782 1.639 1.334 
5.500 80.060 -0.888 -0.302 0.527 1.034 1.458 1.632 1.726 1.783 1.654 1.524 1.226 
5.500 100.500 -0.943 -0.388 0.436 0.938 1.357 1.527 1.616 1.666 1.526 1.408 1.117 
5.500 126.290 -0.997 -0.472 0.349 0.843 1.252 1.414 1.494 1.529 1.375 1.274 1.002 
5.500 158.810 -1.051 -0.556 0.263 0.748 1.146 1.297 1.367 1.382 1.215 1.132 0.886 
5.500 199.780 -1.105 -0.640 0.177 0.653 1.040 1.181 1.241 1.236 1.055 0.991 0.770 
5.500 251.390 -1.165 -0.731 0.085 0.551 0.924 1.051 1.097 1.070 0.876 0.830 0.642 
5.500 316.390 -1.243 -0.838 -0.017 0.436 0.788 0.892 0.921 0.865 0.657 0.633 0.492 
5.500 398.240 -1.320 -0.944 -0.119 0.321 0.651 0.733 0.745 0.660 0.438 0.435 0.341 
5.500 501.290 -1.396 -1.051 -0.221 0.206 0.515 0.575 0.568 0.455 0.219 0.238 0.191 
5.500 631.040 -1.520 -1.204 -0.344 0.098 0.419 0.483 0.478 0.361 0.115 0.134 0.048 
5.500 794.390 -1.645 -1.358 -0.468 -0.009 0.325 0.395 0.392 0.271 0.015 0.034 -0.095 
5.750 10.050 -0.002 0.900 1.708 2.182 2.588 2.761 2.886 2.958 2.908 2.607 2.471 
5.750 10.080 -0.003 0.900 1.708 2.182 2.588 2.761 2.886 2.958 2.908 2.607 2.471 
5.750 10.120 -0.003 0.899 1.708 2.182 2.588 2.761 2.886 2.958 2.908 2.607 2.471 
5.750 10.200 -0.003 0.899 1.708 2.182 2.588 2.761 2.886 2.958 2.908 2.607 2.471 
5.750 10.310 -0.013 0.890 1.697 2.172 2.577 2.750 2.875 2.946 2.896 2.601 2.459 
5.750 10.490 -0.030 0.874 1.681 2.155 2.561 2.734 2.858 2.928 2.877 2.591 2.439 
5.750 10.760 -0.041 0.858 1.664 2.139 2.545 2.718 2.841 2.910 2.858 2.581 2.420 
5.750 11.180 -0.043 0.836 1.642 2.117 2.523 2.696 2.818 2.887 2.835 2.567 2.394 
5.750 11.820 -0.057 0.796 1.602 2.078 2.485 2.658 2.778 2.848 2.795 2.537 2.349 
5.750 12.770 -0.073 0.756 1.561 2.040 2.446 2.620 2.738 2.809 2.755 2.507 2.304 
5.750 14.140 -0.083 0.716 1.521 2.001 2.408 2.581 2.699 2.770 2.716 2.477 2.259 
5.750 16.080 -0.120 0.653 1.460 1.942 2.350 2.523 2.636 2.709 2.651 2.423 2.192 
5.750 18.740 -0.160 0.586 1.395 1.879 2.288 2.460 2.570 2.644 2.581 2.366 2.121 
5.750 22.320 -0.200 0.519 1.330 1.817 2.226 2.398 2.504 2.579 2.511 2.308 2.050 
5.750 27.040 -0.250 0.446 1.258 1.747 2.157 2.327 2.429 2.505 2.431 2.240 1.971 
5.750 33.160 -0.325 0.342 1.151 1.637 2.044 2.212 2.310 2.380 2.295 2.117 1.848 
5.750 41.050 -0.401 0.237 1.041 1.524 1.929 2.094 2.188 2.252 2.157 1.991 1.723 
5.750 51.110 -0.476 0.134 0.933 1.414 1.816 1.978 2.068 2.126 2.019 1.867 1.600 
5.750 63.890 -0.532 0.050 0.845 1.321 1.717 1.875 1.961 2.012 1.894 1.755 1.494 
5.750 80.060 -0.588 -0.034 0.756 1.228 1.618 1.772 1.853 1.898 1.770 1.642 1.389 
5.750 100.500 -0.644 -0.118 0.668 1.135 1.520 1.670 1.746 1.785 1.644 1.530 1.283 
5.750 126.290 -0.698 -0.200 0.583 1.043 1.418 1.560 1.627 1.651 1.498 1.400 1.173 
5.750 158.810 -0.753 -0.282 0.500 0.951 1.315 1.447 1.504 1.509 1.343 1.263 1.061 
5.750 199.780 -0.806 -0.363 0.417 0.859 1.213 1.333 1.381 1.367 1.188 1.127 0.950 
5.750 251.390 -0.868 -0.452 0.328 0.761 1.100 1.206 1.242 1.205 1.013 0.971 0.827 
5.750 316.390 -0.946 -0.556 0.230 0.649 0.967 1.051 1.069 1.005 0.800 0.780 0.682 
5.750 398.240 -1.021 -0.659 0.131 0.538 0.834 0.896 0.896 0.805 0.586 0.588 0.537 
5.750 501.290 -1.098 -0.762 0.032 0.426 0.701 0.741 0.724 0.605 0.373 0.396 0.392 
5.750 631.040 -1.213 -0.905 -0.082 0.326 0.612 0.656 0.639 0.516 0.275 0.298 0.256 
5.750 794.390 -1.330 -1.049 -0.196 0.227 0.525 0.573 0.559 0.432 0.181 0.204 0.121 
6.000 10.050 0.293 1.123 1.880 2.316 2.687 2.843 2.953 3.000 2.944 2.646 2.563 
6.000 10.080 0.293 1.123 1.880 2.316 2.687 2.843 2.953 3.000 2.944 2.646 2.563 
6.000 10.120 0.293 1.123 1.880 2.316 2.687 2.843 2.953 3.000 2.944 2.646 2.563 
6.000 10.200 0.293 1.123 1.880 2.316 2.687 2.843 2.953 3.000 2.944 2.646 2.563 
6.000 10.310 0.285 1.116 1.872 2.309 2.679 2.835 2.945 2.992 2.935 2.642 2.554 
6.000 10.490 0.273 1.104 1.861 2.297 2.668 2.823 2.932 2.978 2.921 2.636 2.540 
6.000 10.760 0.262 1.093 1.849 2.285 2.656 2.811 2.919 2.965 2.908 2.630 2.526 
6.000 11.180 0.246 1.075 1.830 2.267 2.637 2.793 2.900 2.946 2.888 2.618 2.504 
6.000 11.820 0.228 1.035 1.790 2.228 2.599 2.754 2.861 2.907 2.849 2.590 2.460 
6.000 12.770 0.216 0.995 1.750 2.189 2.561 2.716 2.821 2.868 2.810 2.562 2.415 
6.000 14.140 0.204 0.955 1.710 2.151 2.522 2.677 2.781 2.830 2.772 2.533 2.371 
6.000 16.080 0.167 0.892 1.649 2.092 2.464 2.619 2.719 2.769 2.707 2.481 2.304 
6.000 18.740 0.125 0.825 1.585 2.030 2.403 2.557 2.654 2.705 2.639 2.425 2.234 
6.000 22.320 0.083 0.759 1.521 1.968 2.342 2.495 2.588 2.641 2.570 2.369 2.164 
6.000 27.040 0.034 0.686 1.451 1.900 2.274 2.425 2.515 2.569 2.492 2.303 2.087 
6.000 33.160 -0.028 0.603 1.370 1.821 2.195 2.343 2.427 2.483 2.398 2.222 1.999 
6.000 41.050 -0.104 0.500 1.263 1.711 2.082 2.227 2.308 2.359 2.263 2.100 1.877 
6.000 51.110 -0.179 0.399 1.158 1.603 1.971 2.113 2.191 2.236 2.129 1.979 1.757 
6.000 63.890 -0.235 0.317 1.072 1.513 1.875 2.013 2.086 2.125 2.007 1.870 1.654 
6.000 80.060 -0.292 0.234 0.986 1.422 1.778 1.913 1.981 2.014 1.885 1.761 1.551 
6.000 100.500 -0.348 0.152 0.900 1.332 1.682 1.813 1.876 1.903 1.763 1.652 1.449 
6.000 126.290 -0.405 0.072 0.818 1.243 1.584 1.705 1.760 1.773 1.621 1.526 1.343 
6.000 158.810 -0.458 -0.007 0.737 1.154 1.484 1.595 1.641 1.635 1.471 1.394 1.236 
6.000 199.780 -0.514 -0.087 0.657 1.066 1.385 1.485 1.522 1.497 1.320 1.263 1.130 
6.000 251.390 -0.576 -0.173 0.571 0.971 1.276 1.361 1.386 1.340 1.150 1.113 1.012 
6.000 316.390 -0.651 -0.273 0.476 0.862 1.146 1.210 1.217 1.145 0.943 0.927 0.872 
6.000 398.240 -0.727 -0.374 0.381 0.754 1.017 1.059 1.048 0.950 0.735 0.741 0.732 
6.000 501.290 -0.803 -0.474 0.286 0.646 0.888 0.908 0.879 0.755 0.527 0.555 0.593 
6.000 631.040 -0.911 -0.606 0.181 0.554 0.805 0.828 0.800 0.672 0.435 0.462 0.464 
6.000 794.390 -1.020 -0.739 0.076 0.463 0.725 0.752 0.725 0.594 0.347 0.374 0.336 
6.250 10.050 0.558 1.326 2.033 2.437 2.782 2.923 3.021 3.049 2.989 2.695 2.656 
6.250 10.080 0.558 1.326 2.033 2.437 2.782 2.923 3.021 3.049 2.989 2.695 2.656 
6.250 10.120 0.558 1.326 2.033 2.437 2.782 2.923 3.021 3.049 2.989 2.695 2.656 
6.250 10.200 0.558 1.326 2.033 2.437 2.782 2.923 3.021 3.049 2.989 2.695 2.656 
6.250 10.310 0.554 1.322 2.029 2.433 2.778 2.918 3.016 3.044 2.984 2.692 2.651 
6.250 10.490 0.547 1.315 2.022 2.425 2.770 2.910 3.008 3.036 2.975 2.687 2.642 
6.250 10.760 0.541 1.309 2.015 2.418 2.762 2.903 3.000 3.027 2.966 2.682 2.634 
6.250 11.180 0.524 1.293 1.998 2.401 2.745 2.885 2.982 3.008 2.946 2.669 2.614 
6.250 11.820 0.484 1.254 1.959 2.362 2.706 2.847 2.943 2.970 2.907 2.642 2.570 
6.250 12.770 0.472 1.215 1.920 2.326 2.670 2.810 2.905 2.932 2.870 2.617 2.528 
6.250 14.140 0.462 1.177 1.882 2.289 2.633 2.772 2.866 2.895 2.833 2.592 2.485 
6.250 16.080 0.426 1.113 1.820 2.229 2.573 2.712 2.803 2.834 2.768 2.541 2.418 
6.250 18.740 0.383 1.044 1.754 2.165 2.510 2.648 2.736 2.769 2.699 2.485 2.346 
6.250 22.320 0.338 0.975 1.688 2.102 2.447 2.584 2.668 2.703 2.629 2.429 2.274 
6.250 27.040 0.285 0.901 1.617 2.033 2.378 2.513 2.593 2.631 2.551 2.364 2.197 
6.250 33.160 0.226 0.820 1.540 1.958 2.303 2.434 2.510 2.550 2.463 2.289 2.113 
6.250 41.050 0.158 0.732 1.454 1.872 2.216 2.345 2.417 2.457 2.361 2.201 2.018 
6.250 51.110 0.080 0.631 1.349 1.764 2.105 2.231 2.299 2.334 2.228 2.081 1.899 
6.250 63.890 0.020 0.548 1.263 1.674 2.009 2.130 2.194 2.223 2.107 1.973 1.797 
6.250 80.060 -0.039 0.465 1.176 1.583 1.913 2.030 2.089 2.113 1.986 1.865 1.695 
6.250 100.500 -0.100 0.382 1.090 1.493 1.817 1.930 1.984 2.002 1.864 1.757 1.594 
6.250 126.290 -0.158 0.303 1.010 1.405 1.720 1.824 1.870 1.874 1.725 1.634 1.491 
6.250 158.810 -0.215 0.225 0.931 1.319 1.622 1.715 1.754 1.740 1.578 1.506 1.387 
6.250 199.780 -0.270 0.147 0.853 1.232 1.525 1.607 1.637 1.606 1.432 1.378 1.284 
6.250 251.390 -0.333 0.062 0.769 1.139 1.418 1.485 1.503 1.452 1.266 1.232 1.170 
6.250 316.390 -0.410 -0.037 0.676 1.033 1.290 1.336 1.336 1.260 1.062 1.050 1.034 
6.250 398.240 -0.488 -0.136 0.583 0.927 1.163 1.187 1.170 1.069 0.859 0.868 0.898 
6.250 501.290 -0.564 -0.234 0.489 0.821 1.036 1.038 1.003 0.877 0.655 0.686 0.763 
6.250 631.040 -0.666 -0.358 0.392 0.735 0.959 0.963 0.929 0.799 0.567 0.599 0.640 
6.250 794.390 -0.769 -0.483 0.295 0.651 0.884 0.892 0.859 0.725 0.484 0.515 0.519 
6.500 10.050 0.826 1.535 2.194 2.567 2.887 3.012 3.098 3.110 3.046 2.756 2.759 
6.500 10.080 0.826 1.535 2.194 2.567 2.887 3.012 3.098 3.110 3.046 2.756 2.759 
6.500 10.120 0.826 1.535 2.194 2.567 2.887 3.012 3.098 3.110 3.046 2.756 2.759 
6.500 10.200 0.826 1.535 2.194 2.567 2.887 3.012 3.098 3.110 3.046 2.756 2.759 
6.500 10.310 0.826 1.535 2.194 2.567 2.887 3.012 3.098 3.110 3.046 2.756 2.759 
6.500 10.490 0.826 1.535 2.194 2.567 2.887 3.012 3.098 3.110 3.046 2.756 2.759 
6.500 10.760 0.826 1.535 2.194 2.567 2.887 3.012 3.098 3.110 3.046 2.756 2.759 
6.500 11.180 0.816 1.525 2.184 2.556 2.876 3.000 3.087 3.098 3.034 2.747 2.747 
6.500 11.820 0.773 1.482 2.139 2.511 2.829 2.954 3.040 3.050 2.985 2.713 2.696 
6.500 12.770 0.730 1.439 2.094 2.466 2.783 2.908 2.992 3.001 2.936 2.678 2.645 
6.500 14.140 0.713 1.400 2.055 2.427 2.744 2.867 2.952 2.960 2.894 2.651 2.600 
6.500 16.080 0.677 1.334 1.991 2.366 2.682 2.805 2.887 2.898 2.829 2.600 2.531 
6.500 18.740 0.633 1.263 1.923 2.300 2.617 2.739 2.817 2.832 2.759 2.545 2.458 
6.500 22.320 0.586 1.192 1.855 2.235 2.552 2.673 2.748 2.765 2.689 2.489 2.384 
6.500 27.040 0.532 1.116 1.783 2.165 2.482 2.600 2.672 2.692 2.610 2.424 2.307 
6.500 33.160 0.469 1.034 1.705 2.090 2.406 2.521 2.589 2.612 2.523 2.351 2.223 
6.500 41.050 0.405 0.953 1.628 2.014 2.330 2.442 2.506 2.531 2.435 2.277 2.140 
6.500 51.110 0.334 0.863 1.539 1.925 2.239 2.348 2.408 2.432 2.327 2.183 2.041 
6.500 63.890 0.272 0.779 1.453 1.835 2.143 2.247 2.303 2.322 2.207 2.076 1.940 
6.500 80.060 0.206 0.695 1.367 1.744 2.047 2.147 2.198 2.211 2.086 1.969 1.839 
6.500 100.500 0.145 0.612 1.281 1.654 1.951 2.047 2.093 2.101 1.966 1.862 1.738 
6.500 126.290 0.084 0.533 1.202 1.568 1.856 1.942 1.981 1.976 1.829 1.742 1.638 
6.500 158.810 0.028 0.456 1.125 1.483 1.761 1.836 1.866 1.845 1.686 1.618 1.538 
6.500 199.780 -0.030 0.380 1.048 1.399 1.665 1.730 1.751 1.714 1.543 1.493 1.438 
6.500 251.390 -0.096 0.296 0.967 1.308 1.560 1.610 1.620 1.564 1.381 1.351 1.327 
6.500 316.390 -0.174 0.199 0.876 1.204 1.434 1.463 1.456 1.375 1.182 1.173 1.196 
6.500 398.240 -0.251 0.102 0.784 1.100 1.309 1.316 1.292 1.187 0.982 0.995 1.064 
6.500 501.290 -0.330 0.005 0.693 0.997 1.183 1.168 1.128 0.999 0.783 0.817 0.932 
6.500 631.040 -0.427 -0.110 0.603 0.917 1.112 1.098 1.058 0.925 0.700 0.735 0.816 
6.500 794.390 -0.524 -0.226 0.513 0.839 1.042 1.032 0.993 0.855 0.621 0.656 0.701 
6.750 10.050 1.055 1.712 2.320 2.665 2.967 3.082 3.161 3.162 3.096 2.806 2.852 
6.750 10.080 1.055 1.712 2.320 2.665 2.967 3.082 3.161 3.162 3.096 2.806 2.852 
6.750 10.120 1.055 1.712 2.320 2.665 2.967 3.082 3.161 3.162 3.096 2.806 2.852 
6.750 10.200 1.055 1.712 2.320 2.665 2.967 3.082 3.161 3.162 3.096 2.806 2.852 
6.750 10.310 1.055 1.712 2.320 2.665 2.967 3.082 3.161 3.162 3.096 2.806 2.852 
6.750 10.490 1.055 1.712 2.320 2.665 2.967 3.082 3.161 3.162 3.096 2.806 2.852 
6.750 10.760 1.055 1.712 2.320 2.665 2.967 3.082 3.161 3.162 3.096 2.806 2.852 
6.750 11.180 1.049 1.706 2.314 2.659 2.960 3.076 3.154 3.156 3.089 2.802 2.845 
6.750 11.820 1.025 1.683 2.289 2.634 2.935 3.050 3.128 3.129 3.062 2.783 2.817 
6.750 12.770 1.002 1.659 2.264 2.610 2.909 3.024 3.102 3.102 3.034 2.765 2.789 
6.750 14.140 0.978 1.635 2.240 2.585 2.883 2.999 3.076 3.075 3.006 2.746 2.760 
6.750 16.080 0.906 1.550 2.154 2.498 2.794 2.909 2.984 2.982 2.909 2.666 2.664 
6.750 18.740 0.863 1.473 2.080 2.427 2.722 2.835 2.909 2.910 2.835 2.610 2.584 
6.750 22.320 0.814 1.396 2.006 2.356 2.651 2.763 2.834 2.839 2.761 2.554 2.504 
6.750 27.040 0.754 1.315 1.930 2.281 2.576 2.685 2.753 2.762 2.680 2.490 2.422 
6.750 33.160 0.688 1.229 1.849 2.203 2.498 2.603 2.667 2.679 2.590 2.415 2.336 
6.750 41.050 0.618 1.144 1.769 2.124 2.418 2.520 2.580 2.596 2.499 2.340 2.249 
6.750 51.110 0.548 1.060 1.690 2.047 2.341 2.439 2.494 2.513 2.409 2.265 2.164 
6.750 63.890 0.487 0.982 1.613 1.968 2.257 2.350 2.400 2.418 2.305 2.174 2.076 
6.750 80.060 0.418 0.896 1.525 1.876 2.159 2.247 2.293 2.306 2.182 2.066 1.974 
6.750 100.500 0.350 0.809 1.437 1.783 2.061 2.144 2.186 2.194 2.060 1.958 1.872 
6.750 126.290 0.288 0.731 1.359 1.698 1.966 2.040 2.075 2.070 1.925 1.840 1.773 
6.750 158.810 0.230 0.655 1.283 1.615 1.872 1.936 1.962 1.942 1.786 1.719 1.677 
6.750 199.780 0.169 0.579 1.208 1.533 1.779 1.832 1.849 1.814 1.646 1.598 1.580 
6.750 251.390 0.104 0.497 1.128 1.444 1.675 1.713 1.720 1.666 1.487 1.458 1.472 
6.750 316.390 0.023 0.401 1.039 1.342 1.552 1.568 1.558 1.481 1.292 1.285 1.344 
6.750 398.240 -0.055 0.305 0.949 1.240 1.428 1.423 1.397 1.296 1.096 1.111 1.216 
6.750 501.290 -0.136 0.209 0.860 1.138 1.305 1.278 1.235 1.112 0.901 0.937 1.087 
6.750 631.040 -0.228 0.102 0.776 1.064 1.238 1.211 1.170 1.041 0.822 0.859 0.977 
6.750 794.390 -0.320 -0.006 0.692 0.991 1.173 1.148 1.108 0.976 0.748 0.785 0.867 
7.000 10.050 1.280 1.889 2.445 2.764 3.047 3.153 3.223 3.215 3.145 2.857 2.944 
7.000 10.080 1.280 1.889 2.445 2.764 3.047 3.153 3.223 3.215 3.145 2.857 2.944 
7.000 10.120 1.280 1.889 2.445 2.764 3.047 3.153 3.223 3.215 3.145 2.857 2.944 
7.000 10.200 1.280 1.889 2.445 2.764 3.047 3.153 3.223 3.215 3.145 2.857 2.944 
7.000 10.310 1.280 1.889 2.445 2.764 3.047 3.153 3.223 3.215 3.145 2.857 2.944 
7.000 10.490 1.280 1.889 2.445 2.764 3.047 3.153 3.223 3.215 3.145 2.857 2.944 
7.000 10.760 1.280 1.889 2.445 2.764 3.047 3.153 3.223 3.215 3.145 2.857 2.944 
7.000 11.180 1.279 1.888 2.444 2.763 3.045 3.151 3.222 3.214 3.144 2.856 2.943 
7.000 11.820 1.274 1.883 2.439 2.758 3.040 3.147 3.216 3.208 3.138 2.854 2.938 
7.000 12.770 1.269 1.878 2.435 2.753 3.035 3.141 3.211 3.203 3.133 2.851 2.932 
7.000 14.140 1.265 1.874 2.430 2.748 3.029 3.136 3.206 3.198 3.127 2.849 2.927 
7.000 16.080 1.178 1.787 2.342 2.660 2.938 3.044 3.113 3.104 3.030 2.772 2.829 
7.000 18.740 1.079 1.687 2.241 2.558 2.833 2.937 3.005 2.995 2.917 2.682 2.715 
7.000 22.320 1.028 1.600 2.158 2.477 2.751 2.852 2.919 2.913 2.834 2.620 2.624 
7.000 27.040 0.969 1.514 2.077 2.398 2.671 2.770 2.834 2.832 2.749 2.555 2.537 
7.000 33.160 0.899 1.424 1.993 2.316 2.589 2.684 2.744 2.746 2.656 2.479 2.448 
7.000 41.050 0.824 1.335 1.909 2.234 2.507 2.598 2.654 2.660 2.563 2.402 2.358 
7.000 51.110 0.750 1.247 1.827 2.154 2.425 2.514 2.564 2.575 2.471 2.326 2.271 
7.000 63.890 0.694 1.178 1.764 2.091 2.359 2.442 2.488 2.501 2.389 2.259 2.201 
7.000 80.060 0.626 1.096 1.683 2.007 2.270 2.347 2.389 2.400 2.278 2.163 2.109 
7.000 100.500 0.551 1.007 1.594 1.913 2.170 2.242 2.280 2.287 2.154 2.054 2.005 
7.000 126.290 0.488 0.928 1.516 1.828 2.076 2.139 2.169 2.164 2.021 1.938 1.909 
7.000 158.810 0.426 0.853 1.441 1.747 1.984 2.036 2.058 2.039 1.885 1.820 1.815 
7.000 199.780 0.365 0.779 1.368 1.667 1.892 1.933 1.947 1.913 1.749 1.702 1.721 
7.000 251.390 0.297 0.697 1.289 1.579 1.790 1.817 1.820 1.769 1.594 1.566 1.617 
7.000 316.390 0.216 0.603 1.201 1.479 1.669 1.673 1.661 1.587 1.402 1.397 1.492 
7.000 398.240 0.136 0.508 1.114 1.379 1.548 1.530 1.502 1.405 1.210 1.227 1.367 
7.000 501.290 0.054 0.414 1.026 1.279 1.426 1.386 1.342 1.224 1.019 1.057 1.242 
7.000 631.040 -0.034 0.314 0.948 1.210 1.363 1.324 1.281 1.158 0.944 0.983 1.137 
7.000 794.390 -0.122 0.213 0.870 1.142 1.303 1.265 1.223 1.097 0.874 0.914 1.033 
7.250 10.050 1.462 2.029 2.536 2.831 3.102 3.204 3.269 3.260 3.188 2.895 3.024 
7.250 10.080 1.462 2.029 2.536 2.831 3.102 3.204 3.269 3.260 3.188 2.895 3.024 
7.250 10.120 1.462 2.029 2.536 2.831 3.102 3.204 3.269 3.260 3.188 2.895 3.024 
7.250 10.200 1.462 2.029 2.536 2.831 3.102 3.204 3.269 3.260 3.188 2.895 3.024 
7.250 10.310 1.462 2.029 2.536 2.831 3.102 3.204 3.269 3.260 3.188 2.895 3.024 
7.250 10.490 1.462 2.029 2.536 2.831 3.102 3.204 3.269 3.260 3.188 2.895 3.024 
7.250 10.760 1.462 2.029 2.536 2.831 3.102 3.204 3.269 3.260 3.188 2.895 3.024 
7.250 11.180 1.461 2.028 2.536 2.831 3.101 3.204 3.269 3.259 3.187 2.895 3.023 
7.250 11.820 1.459 2.026 2.533 2.828 3.098 3.201 3.266 3.257 3.184 2.894 3.021 
7.250 12.770 1.456 2.024 2.531 2.826 3.096 3.199 3.264 3.254 3.181 2.893 3.018 
7.250 14.140 1.454 2.021 2.529 2.824 3.093 3.196 3.261 3.251 3.179 2.891 3.015 
7.250 16.080 1.394 1.961 2.468 2.762 3.030 3.131 3.196 3.186 3.112 2.841 2.947 
7.250 18.740 1.324 1.891 2.398 2.692 2.956 3.057 3.121 3.111 3.034 2.782 2.868 
7.250 22.320 1.254 1.821 2.329 2.621 2.883 2.982 3.046 3.035 2.957 2.724 2.788 
7.250 27.040 1.190 1.729 2.239 2.530 2.789 2.886 2.948 2.939 2.856 2.642 2.689 
7.250 33.160 1.111 1.625 2.141 2.436 2.693 2.786 2.844 2.841 2.752 2.559 2.585 
7.250 41.050 1.022 1.520 2.044 2.341 2.597 2.686 2.741 2.744 2.647 2.476 2.482 
7.250 51.110 0.932 1.418 1.950 2.249 2.503 2.588 2.639 2.648 2.545 2.393 2.381 
7.250 63.890 0.867 1.344 1.882 2.181 2.432 2.510 2.557 2.569 2.458 2.322 2.307 
7.250 80.060 0.800 1.269 1.813 2.112 2.360 2.433 2.474 2.490 2.371 2.251 2.232 
7.250 100.500 0.719 1.177 1.722 2.018 2.260 2.327 2.364 2.378 2.248 2.145 2.129 
7.250 126.290 0.650 1.096 1.642 1.932 2.165 2.223 2.253 2.255 2.115 2.030 2.033 
7.250 158.810 0.587 1.021 1.570 1.853 2.074 2.121 2.143 2.132 1.982 1.915 1.942 
7.250 199.780 0.524 0.947 1.497 1.773 1.984 2.020 2.034 2.010 1.849 1.800 1.851 
7.250 251.390 0.454 0.865 1.419 1.687 1.883 1.905 1.908 1.868 1.697 1.667 1.749 
7.250 316.390 0.370 0.772 1.333 1.589 1.763 1.763 1.751 1.689 1.508 1.501 1.628 
7.250 398.240 0.288 0.678 1.247 1.490 1.643 1.620 1.593 1.510 1.320 1.334 1.507 
7.250 501.290 0.203 0.585 1.160 1.392 1.524 1.478 1.436 1.331 1.132 1.168 1.385 
7.250 631.040 0.119 0.491 1.087 1.327 1.464 1.419 1.377 1.269 1.061 1.098 1.285 
7.250 794.390 0.036 0.396 1.014 1.263 1.407 1.364 1.323 1.212 0.996 1.033 1.187 
7.500 10.050 1.638 2.169 2.627 2.899 3.157 3.256 3.316 3.305 3.230 2.934 3.103 
7.500 10.080 1.638 2.169 2.627 2.899 3.157 3.256 3.316 3.305 3.230 2.934 3.103 
7.500 10.120 1.638 2.169 2.627 2.899 3.157 3.256 3.316 3.305 3.230 2.934 3.103 
7.500 10.200 1.638 2.169 2.627 2.899 3.157 3.256 3.316 3.305 3.230 2.934 3.103 
7.500 10.310 1.638 2.169 2.627 2.899 3.157 3.256 3.316 3.305 3.230 2.934 3.103 
7.500 10.490 1.638 2.169 2.627 2.899 3.157 3.256 3.316 3.305 3.230 2.934 3.103 
7.500 10.760 1.638 2.169 2.627 2.899 3.157 3.256 3.316 3.305 3.230 2.934 3.103 
7.500 11.180 1.638 2.169 2.627 2.899 3.157 3.256 3.316 3.305 3.230 2.934 3.103 
7.500 11.820 1.638 2.169 2.627 2.899 3.157 3.256 3.316 3.305 3.230 2.934 3.103 
7.500 12.770 1.638 2.169 2.627 2.899 3.157 3.256 3.316 3.305 3.230 2.934 3.103 
7.500 14.140 1.638 2.169 2.627 2.899 3.157 3.256 3.316 3.305 3.230 2.934 3.103 
7.500 16.080 1.604 2.135 2.594 2.865 3.121 3.219 3.279 3.269 3.194 2.910 3.065 
7.500 18.740 1.565 2.096 2.556 2.826 3.079 3.176 3.236 3.226 3.151 2.883 3.020 
7.500 22.320 1.526 2.057 2.517 2.786 3.037 3.134 3.193 3.184 3.109 2.855 2.976 
7.500 27.040 1.434 1.965 2.427 2.694 2.941 3.035 3.093 3.084 3.004 2.770 2.874 
7.500 33.160 1.305 1.825 2.290 2.556 2.797 2.888 2.945 2.936 2.847 2.639 2.723 
7.500 41.050 1.211 1.706 2.180 2.448 2.687 2.773 2.827 2.827 2.732 2.549 2.605 
7.500 51.110 1.109 1.590 2.073 2.344 2.581 2.662 2.713 2.721 2.619 2.460 2.492 
7.500 63.890 1.036 1.509 1.999 2.270 2.504 2.579 2.625 2.637 2.527 2.386 2.412 
7.500 80.060 0.960 1.428 1.924 2.197 2.427 2.496 2.537 2.553 2.435 2.311 2.333 
7.500 100.500 0.883 1.346 1.850 2.122 2.349 2.412 2.449 2.468 2.341 2.236 2.253 
7.500 126.290 0.809 1.263 1.769 2.036 2.253 2.307 2.337 2.346 2.209 2.121 2.157 
7.500 158.810 0.743 1.189 1.698 1.958 2.164 2.207 2.229 2.226 2.079 2.009 2.069 
7.500 199.780 0.678 1.114 1.626 1.879 2.075 2.107 2.121 2.106 1.949 1.897 1.981 
7.500 251.390 0.605 1.034 1.550 1.795 1.976 1.993 1.996 1.967 1.800 1.768 1.882 
7.500 316.390 0.519 0.941 1.465 1.698 1.858 1.852 1.840 1.790 1.615 1.605 1.764 
7.500 398.240 0.434 0.848 1.379 1.601 1.740 1.711 1.684 1.614 1.429 1.442 1.646 
7.500 501.290 0.349 0.756 1.294 1.504 1.621 1.570 1.529 1.438 1.244 1.278 1.528 
7.500 631.040 0.268 0.668 1.226 1.443 1.565 1.515 1.473 1.379 1.178 1.213 1.434 
7.500 794.390 0.187 0.580 1.158 1.384 1.512 1.463 1.423 1.326 1.117 1.152 1.340 
7.750 10.050 1.766 2.265 2.682 2.936 3.186 3.287 3.345 3.335 3.259 2.956 3.161 
7.750 10.080 1.766 2.265 2.682 2.936 3.186 3.287 3.345 3.335 3.259 2.956 3.161 
7.750 10.120 1.766 2.265 2.682 2.936 3.186 3.287 3.345 3.335 3.259 2.956 3.161 
7.750 10.200 1.766 2.265 2.682 2.936 3.186 3.287 3.345 3.335 3.259 2.956 3.161 
7.750 10.310 1.766 2.265 2.682 2.936 3.186 3.287 3.345 3.335 3.259 2.956 3.161 
7.750 10.490 1.766 2.265 2.682 2.936 3.186 3.287 3.345 3.335 3.259 2.956 3.161 
7.750 10.760 1.766 2.265 2.682 2.936 3.186 3.287 3.345 3.335 3.259 2.956 3.161 
7.750 11.180 1.766 2.265 2.682 2.936 3.186 3.287 3.345 3.335 3.259 2.956 3.161 
7.750 11.820 1.766 2.265 2.682 2.936 3.186 3.287 3.345 3.335 3.259 2.956 3.161 
7.750 12.770 1.766 2.265 2.682 2.936 3.186 3.287 3.345 3.335 3.259 2.956 3.161 
7.750 14.140 1.766 2.265 2.682 2.936 3.186 3.287 3.345 3.335 3.259 2.956 3.161 
7.750 16.080 1.749 2.248 2.666 2.919 3.168 3.268 3.327 3.317 3.241 2.944 3.141 
7.750 18.740 1.729 2.228 2.647 2.899 3.147 3.247 3.305 3.296 3.220 2.930 3.119 
7.750 22.320 1.710 2.208 2.627 2.879 3.126 3.226 3.284 3.274 3.199 2.916 3.097 
7.750 27.040 1.638 2.137 2.557 2.808 3.051 3.148 3.206 3.197 3.118 2.853 3.017 
7.750 33.160 1.510 2.009 2.432 2.679 2.916 3.009 3.066 3.058 2.972 2.736 2.875 
7.750 41.050 1.389 1.890 2.317 2.564 2.795 2.884 2.940 2.936 2.844 2.636 2.747 
7.750 51.110 1.306 1.785 2.221 2.469 2.697 2.781 2.836 2.840 2.743 2.563 2.642 
7.750 63.890 1.212 1.683 2.128 2.377 2.601 2.678 2.728 2.738 2.633 2.475 2.545 
7.750 80.060 1.113 1.581 2.036 2.285 2.505 2.575 2.620 2.637 2.523 2.387 2.447 
7.750 100.500 1.009 1.478 1.942 2.193 2.409 2.472 2.512 2.536 2.412 2.299 2.349 
7.750 126.290 0.940 1.406 1.879 2.128 2.336 2.389 2.422 2.443 2.312 2.218 2.277 
7.750 158.810 0.869 1.330 1.807 2.049 2.247 2.289 2.314 2.325 2.183 2.107 2.190 
7.750 199.780 0.799 1.255 1.734 1.971 2.158 2.189 2.207 2.206 2.054 1.997 2.103 
7.750 251.390 0.722 1.173 1.658 1.886 2.059 2.075 2.083 2.068 1.907 1.869 2.006 
7.750 316.390 0.634 1.080 1.573 1.790 1.941 1.935 1.927 1.893 1.723 1.709 1.890 
7.750 398.240 0.545 0.987 1.488 1.694 1.823 1.794 1.772 1.717 1.539 1.548 1.774 
7.750 501.290 0.457 0.894 1.404 1.597 1.705 1.654 1.616 1.542 1.356 1.387 1.659 
7.750 631.040 0.379 0.811 1.339 1.540 1.652 1.601 1.565 1.488 1.293 1.325 1.569 
7.750 794.390 0.301 0.728 1.275 1.483 1.602 1.552 1.517 1.438 1.236 1.268 1.481 
8.000 10.050 1.888 2.360 2.737 2.973 3.216 3.318 3.374 3.365 3.288 2.978 3.218 
8.000 10.080 1.888 2.360 2.737 2.973 3.216 3.318 3.374 3.365 3.288 2.978 3.218 
8.000 10.120 1.888 2.360 2.737 2.973 3.216 3.318 3.374 3.365 3.288 2.978 3.218 
8.000 10.200 1.888 2.360 2.737 2.973 3.216 3.318 3.374 3.365 3.288 2.978 3.218 
8.000 10.310 1.888 2.360 2.737 2.973 3.216 3.318 3.374 3.365 3.288 2.978 3.218 
8.000 10.490 1.888 2.360 2.737 2.973 3.216 3.318 3.374 3.365 3.288 2.978 3.218 
8.000 10.760 1.888 2.360 2.737 2.973 3.216 3.318 3.374 3.365 3.288 2.978 3.218 
8.000 11.180 1.888 2.360 2.737 2.973 3.216 3.318 3.374 3.365 3.288 2.978 3.218 
8.000 11.820 1.888 2.360 2.737 2.973 3.216 3.318 3.374 3.365 3.288 2.978 3.218 
8.000 12.770 1.888 2.360 2.737 2.973 3.216 3.318 3.374 3.365 3.288 2.978 3.218 
8.000 14.140 1.888 2.360 2.737 2.973 3.216 3.318 3.374 3.365 3.288 2.978 3.218 
8.000 16.080 1.888 2.360 2.737 2.973 3.216 3.318 3.374 3.365 3.288 2.978 3.218 
8.000 18.740 1.888 2.360 2.737 2.973 3.216 3.318 3.374 3.365 3.288 2.978 3.218 
8.000 22.320 1.888 2.360 2.737 2.973 3.216 3.318 3.374 3.365 3.288 2.978 3.218 
8.000 27.040 1.836 2.309 2.687 2.921 3.161 3.261 3.318 3.310 3.231 2.936 3.160 
8.000 33.160 1.729 2.201 2.584 2.815 3.047 3.143 3.200 3.196 3.113 2.849 3.040 
8.000 41.050 1.622 2.094 2.480 2.708 2.933 3.025 3.083 3.081 2.995 2.763 2.920 
8.000 51.110 1.509 1.981 2.371 2.596 2.814 2.901 2.959 2.960 2.870 2.668 2.794 
8.000 63.890 1.388 1.857 2.258 2.484 2.698 2.777 2.831 2.840 2.739 2.565 2.677 
8.000 80.060 1.263 1.733 2.146 2.373 2.583 2.654 2.703 2.721 2.611 2.463 2.560 
8.000 100.500 1.135 1.610 2.034 2.262 2.468 2.532 2.575 2.602 2.482 2.361 2.443 
8.000 126.290 1.058 1.534 1.969 2.197 2.395 2.449 2.485 2.513 2.384 2.284 2.373 
8.000 158.810 0.994 1.472 1.916 2.141 2.330 2.372 2.401 2.423 2.287 2.205 2.311 
8.000 199.780 0.916 1.395 1.843 2.062 2.240 2.272 2.293 2.306 2.159 2.097 2.225 
8.000 251.390 0.837 1.312 1.766 1.978 2.141 2.158 2.170 2.170 2.013 1.971 2.130 
8.000 316.390 0.744 1.219 1.682 1.882 2.024 2.018 2.015 1.995 1.831 1.813 2.016 
8.000 398.240 0.652 1.126 1.598 1.786 1.906 1.877 1.859 1.821 1.649 1.654 1.903 
8.000 501.290 0.561 1.033 1.513 1.690 1.788 1.737 1.704 1.647 1.467 1.495 1.790 
8.000 631.040 0.484 0.955 1.452 1.636 1.738 1.688 1.656 1.596 1.409 1.438 1.705 
8.000 794.390 0.408 0.877 1.393 1.583 1.691 1.642 1.611 1.551 1.356 1.385 1.621 
