CanadaSHM5_AA13_stablecrust_low , distance is rhypo. Log10 ground motion values in cgs units
          15 30 11 : nmag, ndist, nperiod
          10.000 5.000 2.000 1.000 0.500 0.300 0.200 0.100 0.050 PGA PGV 
          0.620 0.620 0.620 0.620 0.580 0.540 0.530 0.530 0.530 0.530 0.620
4.500 10.050 -2.064 -0.743 0.241 0.949 1.624 1.966 2.213 2.414 2.410 1.970 1.429 
4.500 10.080 -2.072 -0.750 0.237 0.944 1.616 1.957 2.205 2.409 2.407 1.970 1.425 
4.500 10.120 -2.076 -0.757 0.234 0.940 1.609 1.949 2.198 2.404 2.404 1.970 1.420 
4.500 10.200 -2.072 -0.764 0.230 0.935 1.603 1.940 2.190 2.400 2.400 1.970 1.415 
4.500 10.310 -2.079 -0.781 0.218 0.920 1.584 1.918 2.170 2.384 2.388 1.962 1.401 
4.500 10.490 -2.075 -0.804 0.201 0.900 1.558 1.888 2.142 2.363 2.370 1.949 1.381 
4.500 10.760 -2.073 -0.827 0.184 0.879 1.532 1.859 2.114 2.341 2.352 1.937 1.362 
4.500 11.180 -2.077 -0.856 0.158 0.851 1.498 1.822 2.078 2.311 2.324 1.916 1.334 
4.500 11.820 -2.092 -0.904 0.107 0.797 1.441 1.763 2.019 2.253 2.261 1.868 1.280 
4.500 12.770 -2.102 -0.952 0.056 0.743 1.383 1.704 1.959 2.195 2.198 1.820 1.226 
4.500 14.140 -2.112 -1.000 0.005 0.690 1.326 1.646 1.901 2.138 2.136 1.773 1.173 
4.500 16.080 -2.157 -1.085 -0.090 0.596 1.232 1.554 1.804 2.034 2.014 1.676 1.073 
4.500 18.740 -2.208 -1.176 -0.192 0.497 1.132 1.457 1.703 1.924 1.882 1.572 0.967 
4.500 22.320 -2.257 -1.266 -0.293 0.399 1.033 1.361 1.602 1.814 1.751 1.469 0.861 
4.500 27.040 -2.319 -1.370 -0.407 0.287 0.921 1.251 1.485 1.686 1.602 1.346 0.738 
4.500 33.160 -2.396 -1.488 -0.535 0.161 0.795 1.125 1.353 1.540 1.433 1.204 0.598 
4.500 41.050 -2.470 -1.604 -0.661 0.036 0.671 1.000 1.222 1.396 1.266 1.063 0.459 
4.500 51.110 -2.541 -1.717 -0.781 -0.084 0.550 0.878 1.094 1.254 1.103 0.926 0.324 
4.500 63.890 -2.587 -1.802 -0.872 -0.187 0.440 0.760 0.972 1.125 0.967 0.805 0.204 
4.500 80.060 -2.628 -1.885 -0.959 -0.287 0.333 0.645 0.854 0.999 0.834 0.686 0.087 
4.500 100.500 -2.664 -1.963 -1.042 -0.382 0.231 0.534 0.740 0.877 0.705 0.572 -0.026 
4.500 126.290 -2.733 -2.073 -1.150 -0.510 0.091 0.380 0.578 0.699 0.514 0.397 -0.181 
4.500 158.810 -2.806 -2.187 -1.260 -0.642 -0.055 0.217 0.405 0.506 0.307 0.205 -0.344 
4.500 199.780 -2.877 -2.301 -1.370 -0.775 -0.202 0.054 0.233 0.313 0.100 0.014 -0.506 
4.500 251.390 -2.959 -2.423 -1.487 -0.913 -0.357 -0.120 0.046 0.101 -0.129 -0.197 -0.679 
4.500 316.390 -3.056 -2.561 -1.616 -1.062 -0.528 -0.315 -0.169 -0.146 -0.398 -0.445 -0.873 
4.500 398.240 -3.154 -2.699 -1.746 -1.212 -0.700 -0.510 -0.384 -0.393 -0.668 -0.694 -1.066 
4.500 501.290 -3.250 -2.837 -1.875 -1.361 -0.871 -0.705 -0.599 -0.640 -0.938 -0.942 -1.260 
4.500 631.040 -3.420 -3.048 -2.051 -1.520 -1.012 -0.839 -0.729 -0.772 -1.082 -1.086 -1.451 
4.500 794.390 -3.593 -3.262 -2.230 -1.678 -1.152 -0.971 -0.856 -0.900 -1.221 -1.226 -1.642 
4.750 10.050 -1.685 -0.456 0.504 1.190 1.818 2.134 2.362 2.538 2.514 2.084 1.599 
4.750 10.080 -1.690 -0.461 0.501 1.185 1.811 2.126 2.356 2.535 2.511 2.085 1.596 
4.750 10.120 -1.696 -0.466 0.499 1.181 1.805 2.118 2.350 2.533 2.508 2.086 1.593 
4.750 10.200 -1.692 -0.471 0.496 1.177 1.798 2.110 2.343 2.530 2.506 2.087 1.589 
4.750 10.310 -1.696 -0.486 0.483 1.161 1.779 2.089 2.323 2.517 2.493 2.080 1.576 
4.750 10.490 -1.695 -0.508 0.465 1.138 1.751 2.059 2.296 2.497 2.473 2.069 1.556 
4.750 10.760 -1.690 -0.529 0.446 1.116 1.724 2.029 2.268 2.477 2.454 2.057 1.536 
4.750 11.180 -1.694 -0.556 0.420 1.086 1.689 1.992 2.232 2.448 2.425 2.038 1.508 
4.750 11.820 -1.713 -0.605 0.367 1.030 1.630 1.934 2.173 2.391 2.363 1.991 1.454 
4.750 12.770 -1.726 -0.654 0.315 0.975 1.572 1.875 2.114 2.335 2.301 1.945 1.400 
4.750 14.140 -1.738 -0.703 0.264 0.921 1.515 1.818 2.056 2.278 2.239 1.900 1.346 
4.750 16.080 -1.788 -0.790 0.170 0.829 1.423 1.729 1.962 2.175 2.120 1.805 1.247 
4.750 18.740 -1.843 -0.883 0.069 0.732 1.326 1.635 1.862 2.064 1.992 1.703 1.141 
4.750 22.320 -1.896 -0.976 -0.030 0.635 1.230 1.542 1.763 1.954 1.865 1.601 1.036 
4.750 27.040 -1.962 -1.080 -0.141 0.526 1.122 1.435 1.650 1.828 1.720 1.481 0.915 
4.750 33.160 -2.043 -1.199 -0.264 0.405 1.001 1.314 1.521 1.684 1.556 1.341 0.777 
4.750 41.050 -2.119 -1.315 -0.385 0.286 0.882 1.193 1.394 1.542 1.393 1.202 0.640 
4.750 51.110 -2.192 -1.426 -0.500 0.170 0.765 1.076 1.270 1.404 1.236 1.067 0.507 
4.750 63.890 -2.234 -1.506 -0.584 0.072 0.661 0.962 1.153 1.282 1.106 0.951 0.391 
4.750 80.060 -2.271 -1.583 -0.665 -0.023 0.559 0.851 1.040 1.162 0.981 0.839 0.278 
4.750 100.500 -2.306 -1.655 -0.742 -0.114 0.462 0.744 0.931 1.047 0.859 0.730 0.170 
4.750 126.290 -2.365 -1.752 -0.842 -0.236 0.328 0.596 0.776 0.880 0.682 0.567 0.023 
4.750 158.810 -2.426 -1.852 -0.944 -0.363 0.186 0.439 0.612 0.699 0.491 0.390 -0.129 
4.750 199.780 -2.487 -1.951 -1.045 -0.490 0.045 0.283 0.448 0.519 0.299 0.214 -0.282 
4.750 251.390 -2.555 -2.059 -1.154 -0.622 -0.105 0.115 0.270 0.320 0.086 0.017 -0.445 
4.750 316.390 -2.644 -2.186 -1.277 -0.766 -0.271 -0.073 0.062 0.083 -0.170 -0.218 -0.629 
4.750 398.240 -2.732 -2.312 -1.400 -0.910 -0.437 -0.262 -0.145 -0.153 -0.426 -0.453 -0.812 
4.750 501.290 -2.820 -2.439 -1.523 -1.054 -0.603 -0.451 -0.353 -0.390 -0.682 -0.688 -0.996 
4.750 631.040 -2.978 -2.635 -1.686 -1.201 -0.734 -0.576 -0.474 -0.513 -0.816 -0.823 -1.177 
4.750 794.390 -3.139 -2.835 -1.852 -1.349 -0.864 -0.698 -0.591 -0.630 -0.946 -0.953 -1.358 
5.000 10.050 -1.310 -0.169 0.767 1.430 2.010 2.296 2.505 2.657 2.613 2.193 1.767 
5.000 10.080 -1.314 -0.172 0.765 1.426 2.004 2.289 2.499 2.657 2.611 2.195 1.765 
5.000 10.120 -1.317 -0.175 0.763 1.422 1.998 2.282 2.494 2.656 2.609 2.196 1.763 
5.000 10.200 -1.319 -0.178 0.762 1.419 1.993 2.279 2.493 2.659 2.609 2.202 1.762 
5.000 10.310 -1.319 -0.192 0.748 1.402 1.973 2.257 2.474 2.647 2.596 2.196 1.749 
5.000 10.490 -1.322 -0.211 0.728 1.377 1.944 2.227 2.447 2.629 2.575 2.186 1.729 
5.000 10.760 -1.315 -0.231 0.709 1.352 1.915 2.197 2.419 2.611 2.555 2.176 1.709 
5.000 11.180 -1.317 -0.257 0.681 1.320 1.879 2.161 2.385 2.585 2.525 2.158 1.682 
5.000 11.820 -1.340 -0.307 0.628 1.264 1.820 2.104 2.328 2.530 2.465 2.115 1.627 
5.000 12.770 -1.355 -0.356 0.575 1.208 1.761 2.047 2.270 2.474 2.404 2.071 1.573 
5.000 14.140 -1.370 -0.406 0.522 1.152 1.703 1.990 2.212 2.419 2.343 2.027 1.519 
5.000 16.080 -1.425 -0.495 0.430 1.062 1.613 1.903 2.119 2.315 2.227 1.934 1.421 
5.000 18.740 -1.484 -0.591 0.331 0.966 1.520 1.813 2.021 2.204 2.103 1.833 1.316 
5.000 22.320 -1.542 -0.685 0.233 0.871 1.426 1.723 1.924 2.095 1.979 1.734 1.211 
5.000 27.040 -1.613 -0.791 0.125 0.766 1.322 1.620 1.814 1.970 1.838 1.615 1.092 
5.000 33.160 -1.694 -0.909 0.008 0.650 1.206 1.503 1.689 1.829 1.679 1.477 0.956 
5.000 41.050 -1.774 -1.025 -0.108 0.536 1.092 1.387 1.566 1.689 1.521 1.341 0.822 
5.000 51.110 -1.850 -1.135 -0.219 0.425 0.981 1.273 1.446 1.554 1.368 1.208 0.691 
5.000 63.890 -1.886 -1.210 -0.297 0.331 0.882 1.163 1.334 1.438 1.246 1.098 0.579 
5.000 80.060 -1.920 -1.281 -0.371 0.241 0.785 1.057 1.226 1.326 1.128 0.991 0.470 
5.000 100.500 -1.953 -1.347 -0.441 0.155 0.693 0.955 1.122 1.218 1.014 0.888 0.365 
5.000 126.290 -2.001 -1.432 -0.533 0.038 0.564 0.812 0.975 1.061 0.850 0.737 0.228 
5.000 158.810 -2.049 -1.517 -0.627 -0.083 0.428 0.662 0.819 0.893 0.674 0.575 0.085 
5.000 199.780 -2.098 -1.601 -0.721 -0.205 0.292 0.512 0.664 0.725 0.499 0.413 -0.058 
5.000 251.390 -2.160 -1.696 -0.822 -0.332 0.147 0.350 0.493 0.538 0.301 0.231 -0.211 
5.000 316.390 -2.238 -1.811 -0.938 -0.470 -0.013 0.168 0.294 0.312 0.058 0.009 -0.384 
5.000 398.240 -2.315 -1.925 -1.054 -0.609 -0.174 -0.014 0.094 0.086 -0.184 -0.213 -0.558 
5.000 501.290 -2.396 -2.040 -1.171 -0.747 -0.334 -0.196 -0.106 -0.139 -0.426 -0.434 -0.732 
5.000 631.040 -2.542 -2.222 -1.321 -0.884 -0.455 -0.312 -0.218 -0.253 -0.551 -0.559 -0.903 
5.000 794.390 -2.690 -2.407 -1.474 -1.020 -0.575 -0.425 -0.326 -0.361 -0.670 -0.680 -1.074 
5.250 10.050 -0.983 0.074 0.981 1.607 2.144 2.409 2.601 2.742 2.684 2.275 1.904 
5.250 10.080 -0.984 0.074 0.981 1.605 2.141 2.405 2.599 2.744 2.685 2.278 1.905 
5.250 10.120 -0.984 0.073 0.981 1.604 2.137 2.401 2.597 2.746 2.686 2.282 1.906 
5.250 10.200 -0.985 0.073 0.981 1.602 2.134 2.398 2.595 2.749 2.687 2.285 1.906 
5.250 10.310 -0.993 0.060 0.969 1.585 2.115 2.378 2.577 2.738 2.674 2.280 1.894 
5.250 10.490 -0.999 0.041 0.948 1.559 2.087 2.352 2.555 2.722 2.655 2.274 1.874 
5.250 10.760 -0.994 0.022 0.927 1.533 2.058 2.323 2.528 2.703 2.633 2.265 1.854 
5.250 11.180 -0.994 -0.004 0.899 1.501 2.022 2.288 2.495 2.676 2.603 2.248 1.825 
5.250 11.820 -1.019 -0.053 0.847 1.446 1.966 2.235 2.441 2.623 2.544 2.207 1.772 
5.250 12.770 -1.034 -0.101 0.795 1.391 1.910 2.181 2.387 2.569 2.486 2.166 1.719 
5.250 14.140 -1.050 -0.149 0.744 1.337 1.855 2.128 2.333 2.516 2.429 2.126 1.667 
5.250 16.080 -1.105 -0.237 0.654 1.250 1.769 2.045 2.243 2.414 2.315 2.034 1.569 
5.250 18.740 -1.165 -0.331 0.559 1.159 1.680 1.958 2.148 2.305 2.194 1.934 1.465 
5.250 22.320 -1.224 -0.425 0.466 1.069 1.591 1.871 2.054 2.197 2.073 1.835 1.361 
5.250 27.040 -1.294 -0.529 0.362 0.969 1.492 1.771 1.945 2.074 1.936 1.718 1.243 
5.250 33.160 -1.375 -0.644 0.249 0.858 1.382 1.656 1.822 1.935 1.779 1.581 1.109 
5.250 41.050 -1.455 -0.758 0.138 0.749 1.273 1.543 1.700 1.797 1.624 1.445 0.977 
5.250 51.110 -1.530 -0.866 0.032 0.643 1.168 1.432 1.581 1.664 1.475 1.314 0.849 
5.250 63.890 -1.570 -0.938 -0.043 0.554 1.073 1.326 1.473 1.552 1.357 1.207 0.740 
5.250 80.060 -1.605 -1.007 -0.115 0.468 0.981 1.223 1.368 1.444 1.243 1.103 0.635 
5.250 100.500 -1.638 -1.072 -0.182 0.386 0.893 1.125 1.268 1.339 1.132 1.003 0.534 
5.250 126.290 -1.685 -1.153 -0.272 0.273 0.768 0.988 1.129 1.193 0.979 0.863 0.402 
5.250 158.810 -1.732 -1.233 -0.363 0.156 0.637 0.845 0.983 1.038 0.818 0.715 0.268 
5.250 199.780 -1.779 -1.312 -0.453 0.038 0.505 0.702 0.837 0.884 0.656 0.568 0.133 
5.250 251.390 -1.835 -1.402 -0.551 -0.085 0.366 0.548 0.676 0.710 0.472 0.400 -0.012 
5.250 316.390 -1.911 -1.510 -0.663 -0.219 0.211 0.373 0.486 0.497 0.244 0.193 -0.177 
5.250 398.240 -1.986 -1.619 -0.776 -0.353 0.055 0.197 0.296 0.284 0.017 -0.014 -0.342 
5.250 501.290 -2.063 -1.728 -0.888 -0.486 -0.100 0.022 0.105 0.071 -0.211 -0.221 -0.508 
5.250 631.040 -2.201 -1.898 -1.028 -0.613 -0.213 -0.086 0.001 -0.034 -0.327 -0.337 -0.671 
5.250 794.390 -2.342 -2.071 -1.170 -0.740 -0.324 -0.191 -0.099 -0.135 -0.439 -0.450 -0.833 
5.500 10.050 -0.660 0.317 1.195 1.784 2.278 2.523 2.698 2.827 2.756 2.357 2.042 
5.500 10.080 -0.658 0.319 1.197 1.784 2.277 2.522 2.699 2.832 2.760 2.362 2.045 
5.500 10.120 -0.656 0.321 1.199 1.785 2.276 2.521 2.700 2.837 2.763 2.366 2.049 
5.500 10.200 -0.654 0.324 1.201 1.785 2.276 2.520 2.701 2.842 2.767 2.371 2.052 
5.500 10.310 -0.665 0.313 1.189 1.768 2.258 2.502 2.685 2.831 2.754 2.368 2.040 
5.500 10.490 -0.679 0.294 1.167 1.741 2.229 2.474 2.659 2.812 2.731 2.359 2.018 
5.500 10.760 -0.683 0.275 1.146 1.714 2.201 2.449 2.637 2.795 2.711 2.354 1.998 
5.500 11.180 -0.680 0.249 1.117 1.681 2.166 2.415 2.605 2.768 2.680 2.338 1.969 
5.500 11.820 -0.704 0.202 1.066 1.628 2.112 2.364 2.553 2.715 2.624 2.299 1.917 
5.500 12.770 -0.722 0.154 1.016 1.574 2.058 2.314 2.502 2.662 2.568 2.260 1.864 
5.500 14.140 -0.736 0.107 0.965 1.522 2.005 2.264 2.451 2.610 2.512 2.221 1.813 
5.500 16.080 -0.792 0.020 0.879 1.439 1.925 2.186 2.368 2.513 2.404 2.133 1.717 
5.500 18.740 -0.852 -0.072 0.788 1.353 1.840 2.102 2.275 2.406 2.285 2.035 1.614 
5.500 22.320 -0.912 -0.164 0.698 1.267 1.756 2.019 2.183 2.299 2.168 1.937 1.511 
5.500 27.040 -0.981 -0.266 0.599 1.172 1.661 1.922 2.076 2.178 2.033 1.820 1.394 
5.500 33.160 -1.062 -0.379 0.491 1.066 1.557 1.810 1.954 2.041 1.879 1.684 1.263 
5.500 41.050 -1.141 -0.490 0.384 0.963 1.454 1.700 1.834 1.906 1.728 1.550 1.133 
5.500 51.110 -1.216 -0.596 0.283 0.862 1.354 1.592 1.716 1.775 1.582 1.420 1.007 
5.500 63.890 -1.256 -0.667 0.210 0.777 1.263 1.489 1.612 1.666 1.468 1.316 0.901 
5.500 80.060 -1.294 -0.734 0.141 0.695 1.176 1.390 1.510 1.561 1.357 1.214 0.799 
5.500 100.500 -1.326 -0.797 0.077 0.618 1.093 1.295 1.413 1.460 1.251 1.118 0.701 
5.500 126.290 -1.373 -0.874 -0.010 0.508 0.972 1.164 1.282 1.325 1.109 0.989 0.577 
5.500 158.810 -1.418 -0.949 -0.098 0.395 0.846 1.029 1.146 1.184 0.961 0.856 0.450 
5.500 199.780 -1.463 -1.024 -0.186 0.281 0.719 0.893 1.010 1.043 0.814 0.722 0.323 
5.500 251.390 -1.516 -1.108 -0.281 0.162 0.584 0.746 0.859 0.882 0.644 0.569 0.186 
5.500 316.390 -1.589 -1.210 -0.389 0.033 0.434 0.577 0.678 0.682 0.431 0.377 0.030 
5.500 398.240 -1.663 -1.313 -0.497 -0.096 0.284 0.409 0.497 0.481 0.218 0.185 -0.127 
5.500 501.290 -1.735 -1.416 -0.605 -0.226 0.134 0.240 0.316 0.282 0.005 -0.007 -0.283 
5.500 631.040 -1.865 -1.575 -0.735 -0.343 0.029 0.140 0.220 0.184 -0.103 -0.115 -0.438 
5.500 794.390 -1.997 -1.736 -0.866 -0.460 -0.073 0.044 0.128 0.091 -0.207 -0.220 -0.593 
5.750 10.050 -0.373 0.533 1.370 1.924 2.387 2.617 2.778 2.897 2.820 2.431 2.160 
5.750 10.080 -0.371 0.535 1.372 1.924 2.387 2.616 2.779 2.900 2.823 2.435 2.163 
5.750 10.120 -0.369 0.537 1.374 1.925 2.386 2.616 2.779 2.904 2.825 2.439 2.166 
5.750 10.200 -0.367 0.539 1.376 1.925 2.386 2.615 2.780 2.907 2.828 2.443 2.169 
5.750 10.310 -0.375 0.531 1.366 1.912 2.372 2.601 2.768 2.898 2.818 2.442 2.160 
5.750 10.490 -0.389 0.517 1.350 1.891 2.349 2.579 2.748 2.883 2.800 2.437 2.144 
5.750 10.760 -0.396 0.503 1.333 1.870 2.326 2.557 2.728 2.867 2.782 2.433 2.128 
5.750 11.180 -0.398 0.482 1.309 1.841 2.298 2.532 2.705 2.846 2.758 2.424 2.105 
5.750 11.820 -0.416 0.435 1.258 1.789 2.245 2.482 2.655 2.793 2.702 2.386 2.053 
5.750 12.770 -0.436 0.388 1.209 1.736 2.193 2.432 2.604 2.741 2.647 2.348 2.000 
5.750 14.140 -0.449 0.343 1.159 1.685 2.141 2.383 2.555 2.690 2.592 2.311 1.949 
5.750 16.080 -0.504 0.257 1.075 1.604 2.062 2.306 2.472 2.595 2.486 2.224 1.854 
5.750 18.740 -0.564 0.166 0.987 1.520 1.980 2.226 2.384 2.493 2.372 2.129 1.753 
5.750 22.320 -0.624 0.076 0.899 1.436 1.898 2.143 2.293 2.389 2.257 2.033 1.651 
5.750 27.040 -0.694 -0.024 0.803 1.344 1.806 2.048 2.187 2.270 2.124 1.917 1.536 
5.750 33.160 -0.775 -0.134 0.698 1.243 1.705 1.939 2.067 2.136 1.974 1.783 1.407 
5.750 41.050 -0.855 -0.243 0.595 1.143 1.606 1.831 1.948 2.004 1.825 1.650 1.279 
5.750 51.110 -0.929 -0.346 0.497 1.047 1.510 1.726 1.833 1.876 1.682 1.521 1.155 
5.750 63.890 -0.971 -0.415 0.427 0.965 1.422 1.627 1.731 1.770 1.569 1.418 1.052 
5.750 80.060 -1.008 -0.481 0.360 0.886 1.338 1.530 1.633 1.668 1.460 1.318 0.953 
5.750 100.500 -1.042 -0.543 0.297 0.811 1.258 1.439 1.538 1.569 1.354 1.223 0.858 
5.750 126.290 -1.090 -0.618 0.212 0.705 1.142 1.313 1.413 1.438 1.217 1.100 0.739 
5.750 158.810 -1.135 -0.690 0.127 0.595 1.020 1.183 1.283 1.302 1.076 0.975 0.617 
5.750 199.780 -1.179 -0.763 0.041 0.485 0.897 1.052 1.153 1.165 0.935 0.849 0.496 
5.750 251.390 -1.234 -0.844 -0.051 0.370 0.767 0.910 1.007 1.009 0.772 0.704 0.365 
5.750 316.390 -1.307 -0.943 -0.156 0.244 0.621 0.746 0.832 0.814 0.567 0.521 0.215 
5.750 398.240 -1.379 -1.043 -0.261 0.118 0.474 0.583 0.657 0.620 0.362 0.338 0.065 
5.750 501.290 -1.452 -1.142 -0.366 -0.007 0.328 0.419 0.482 0.425 0.157 0.155 -0.086 
5.750 631.040 -1.574 -1.292 -0.488 -0.117 0.231 0.326 0.392 0.333 0.055 0.052 -0.233 
5.750 794.390 -1.698 -1.443 -0.610 -0.226 0.135 0.236 0.305 0.246 -0.043 -0.047 -0.380 
6.000 10.050 -0.088 0.748 1.546 2.064 2.497 2.711 2.858 2.966 2.883 2.505 2.279 
6.000 10.080 -0.087 0.750 1.547 2.064 2.496 2.711 2.858 2.968 2.885 2.508 2.281 
6.000 10.120 -0.085 0.752 1.549 2.065 2.496 2.711 2.859 2.970 2.887 2.512 2.283 
6.000 10.200 -0.083 0.754 1.550 2.065 2.496 2.711 2.860 2.972 2.889 2.515 2.285 
6.000 10.310 -0.088 0.749 1.544 2.056 2.486 2.701 2.852 2.966 2.882 2.516 2.280 
6.000 10.490 -0.097 0.740 1.532 2.040 2.469 2.685 2.837 2.954 2.869 2.515 2.270 
6.000 10.760 -0.105 0.731 1.521 2.025 2.453 2.669 2.824 2.942 2.856 2.515 2.259 
6.000 11.180 -0.119 0.714 1.501 2.001 2.429 2.645 2.801 2.920 2.833 2.506 2.240 
6.000 11.820 -0.140 0.668 1.451 1.950 2.378 2.600 2.756 2.872 2.781 2.473 2.188 
6.000 12.770 -0.155 0.623 1.402 1.899 2.327 2.551 2.707 2.820 2.727 2.437 2.137 
6.000 14.140 -0.171 0.578 1.353 1.848 2.276 2.502 2.658 2.769 2.673 2.401 2.085 
6.000 16.080 -0.225 0.494 1.271 1.769 2.199 2.426 2.576 2.676 2.569 2.315 1.991 
6.000 18.740 -0.284 0.404 1.186 1.687 2.119 2.347 2.488 2.577 2.457 2.221 1.891 
6.000 22.320 -0.344 0.315 1.100 1.606 2.040 2.268 2.402 2.478 2.346 2.129 1.792 
6.000 27.040 -0.413 0.218 1.007 1.517 1.951 2.174 2.298 2.363 2.216 2.015 1.678 
6.000 33.160 -0.494 0.110 0.906 1.419 1.854 2.067 2.180 2.232 2.069 1.881 1.551 
6.000 41.050 -0.573 0.005 0.806 1.323 1.758 1.962 2.063 2.102 1.923 1.749 1.425 
6.000 51.110 -0.648 -0.096 0.711 1.231 1.665 1.860 1.950 1.977 1.782 1.622 1.303 
6.000 63.890 -0.689 -0.163 0.643 1.152 1.581 1.764 1.851 1.874 1.670 1.521 1.204 
6.000 80.060 -0.728 -0.228 0.578 1.076 1.500 1.671 1.755 1.774 1.562 1.422 1.107 
6.000 100.500 -0.762 -0.288 0.518 1.005 1.424 1.583 1.663 1.678 1.458 1.328 1.015 
6.000 126.290 -0.811 -0.361 0.435 0.902 1.312 1.462 1.543 1.551 1.326 1.211 0.900 
6.000 158.810 -0.856 -0.431 0.351 0.795 1.194 1.337 1.419 1.419 1.192 1.094 0.785 
6.000 199.780 -0.902 -0.501 0.268 0.689 1.076 1.211 1.296 1.287 1.057 0.976 0.670 
6.000 251.390 -0.957 -0.580 0.178 0.577 0.949 1.074 1.156 1.136 0.901 0.839 0.544 
6.000 316.390 -1.028 -0.676 0.076 0.455 0.807 0.915 0.986 0.947 0.704 0.665 0.400 
6.000 398.240 -1.100 -0.773 -0.025 0.333 0.665 0.757 0.817 0.758 0.507 0.490 0.256 
6.000 501.290 -1.172 -0.869 -0.127 0.211 0.522 0.598 0.647 0.569 0.310 0.316 0.112 
6.000 631.040 -1.287 -1.008 -0.240 0.109 0.432 0.511 0.563 0.483 0.213 0.219 -0.028 
6.000 794.390 -1.404 -1.150 -0.354 0.009 0.344 0.428 0.483 0.400 0.121 0.127 -0.168 
6.250 10.050 0.166 0.942 1.695 2.186 2.599 2.798 2.931 3.021 2.937 2.568 2.382 
6.250 10.080 0.167 0.943 1.696 2.186 2.599 2.798 2.931 3.022 2.938 2.570 2.383 
6.250 10.120 0.168 0.944 1.697 2.187 2.599 2.798 2.932 3.024 2.939 2.571 2.385 
6.250 10.200 0.169 0.945 1.698 2.187 2.599 2.798 2.932 3.025 2.941 2.573 2.386 
6.250 10.310 0.168 0.944 1.695 2.182 2.594 2.793 2.928 3.022 2.937 2.575 2.384 
6.250 10.490 0.165 0.941 1.690 2.174 2.585 2.785 2.922 3.016 2.931 2.578 2.381 
6.250 10.760 0.162 0.938 1.686 2.167 2.577 2.777 2.915 3.011 2.926 2.580 2.378 
6.250 11.180 0.150 0.926 1.671 2.149 2.559 2.760 2.899 2.995 2.909 2.575 2.364 
6.250 11.820 0.108 0.884 1.625 2.101 2.510 2.713 2.852 2.947 2.859 2.545 2.316 
6.250 12.770 0.095 0.843 1.580 2.054 2.463 2.669 2.810 2.902 2.811 2.519 2.270 
6.250 14.140 0.084 0.801 1.535 2.007 2.415 2.623 2.764 2.854 2.761 2.490 2.223 
6.250 16.080 0.034 0.718 1.453 1.927 2.336 2.544 2.680 2.762 2.658 2.406 2.129 
6.250 18.740 -0.026 0.628 1.366 1.843 2.253 2.462 2.591 2.663 2.547 2.314 2.029 
6.250 22.320 -0.086 0.540 1.280 1.760 2.171 2.379 2.502 2.566 2.437 2.223 1.929 
6.250 27.040 -0.156 0.443 1.187 1.671 2.082 2.287 2.402 2.454 2.311 2.113 1.817 
6.250 33.160 -0.235 0.337 1.087 1.575 1.985 2.181 2.284 2.326 2.165 1.980 1.691 
6.250 41.050 -0.316 0.233 0.989 1.480 1.890 2.076 2.167 2.198 2.020 1.850 1.566 
6.250 51.110 -0.390 0.134 0.895 1.389 1.797 1.974 2.055 2.076 1.881 1.723 1.446 
6.250 63.890 -0.434 0.067 0.828 1.312 1.716 1.882 1.958 1.975 1.770 1.622 1.348 
6.250 80.060 -0.475 0.003 0.765 1.239 1.638 1.793 1.865 1.877 1.663 1.525 1.254 
6.250 100.500 -0.512 -0.056 0.706 1.170 1.565 1.708 1.776 1.783 1.559 1.432 1.164 
6.250 126.290 -0.562 -0.128 0.626 1.071 1.457 1.593 1.660 1.660 1.430 1.318 1.054 
6.250 158.810 -0.609 -0.196 0.546 0.969 1.344 1.473 1.542 1.532 1.298 1.206 0.945 
6.250 199.780 -0.654 -0.263 0.467 0.867 1.231 1.353 1.424 1.404 1.166 1.093 0.835 
6.250 251.390 -0.708 -0.340 0.380 0.759 1.109 1.221 1.290 1.256 1.013 0.961 0.716 
6.250 316.390 -0.781 -0.434 0.282 0.640 0.970 1.065 1.124 1.070 0.819 0.791 0.577 
6.250 398.240 -0.854 -0.528 0.183 0.522 0.831 0.910 0.958 0.884 0.625 0.621 0.438 
6.250 501.290 -0.926 -0.623 0.084 0.403 0.692 0.754 0.792 0.697 0.431 0.452 0.299 
6.250 631.040 -1.035 -0.753 -0.021 0.308 0.608 0.673 0.713 0.616 0.339 0.361 0.166 
6.250 794.390 -1.145 -0.885 -0.127 0.215 0.526 0.596 0.638 0.538 0.251 0.273 0.033 
6.500 10.050 0.419 1.136 1.845 2.308 2.702 2.885 3.004 3.076 2.991 2.631 2.486 
6.500 10.080 0.419 1.137 1.845 2.308 2.702 2.885 3.004 3.077 2.991 2.631 2.486 
6.500 10.120 0.420 1.137 1.845 2.309 2.702 2.885 3.004 3.077 2.991 2.631 2.486 
6.500 10.200 0.420 1.137 1.846 2.309 2.703 2.885 3.005 3.077 2.992 2.632 2.486 
6.500 10.310 0.422 1.139 1.847 2.309 2.702 2.885 3.005 3.078 2.993 2.635 2.489 
6.500 10.490 0.425 1.142 1.848 2.308 2.701 2.885 3.006 3.079 2.994 2.640 2.493 
6.500 10.760 0.428 1.145 1.850 2.308 2.701 2.885 3.007 3.080 2.996 2.646 2.497 
6.500 11.180 0.422 1.139 1.842 2.297 2.689 2.874 2.997 3.070 2.986 2.644 2.489 
6.500 11.820 0.383 1.100 1.800 2.253 2.644 2.829 2.953 3.025 2.939 2.621 2.445 
6.500 12.770 0.345 1.062 1.758 2.209 2.598 2.784 2.909 2.980 2.893 2.598 2.402 
6.500 14.140 0.330 1.025 1.717 2.166 2.553 2.740 2.866 2.936 2.847 2.575 2.359 
6.500 16.080 0.282 0.942 1.635 2.085 2.474 2.662 2.785 2.848 2.748 2.497 2.267 
6.500 18.740 0.225 0.853 1.547 2.000 2.387 2.576 2.694 2.750 2.638 2.406 2.166 
6.500 22.320 0.165 0.764 1.459 1.915 2.302 2.491 2.603 2.653 2.528 2.316 2.066 
6.500 27.040 0.096 0.668 1.367 1.825 2.212 2.398 2.502 2.543 2.404 2.209 1.955 
6.500 33.160 0.016 0.564 1.268 1.730 2.116 2.293 2.386 2.418 2.260 2.078 1.830 
6.500 41.050 -0.063 0.461 1.171 1.637 2.021 2.190 2.272 2.295 2.118 1.950 1.708 
6.500 51.110 -0.139 0.363 1.079 1.547 1.930 2.089 2.159 2.175 1.980 1.824 1.589 
6.500 63.890 -0.184 0.297 1.014 1.473 1.852 2.001 2.066 2.076 1.870 1.724 1.493 
6.500 80.060 -0.229 0.234 0.952 1.402 1.777 1.915 1.975 1.980 1.763 1.628 1.401 
6.500 100.500 -0.265 0.175 0.894 1.335 1.706 1.834 1.889 1.889 1.661 1.535 1.314 
6.500 126.290 -0.316 0.106 0.817 1.241 1.603 1.723 1.778 1.768 1.533 1.426 1.209 
6.500 158.810 -0.362 0.040 0.741 1.143 1.495 1.609 1.665 1.644 1.404 1.317 1.105 
6.500 199.780 -0.409 -0.025 0.665 1.045 1.387 1.495 1.552 1.520 1.275 1.209 1.001 
6.500 251.390 -0.466 -0.100 0.582 0.941 1.269 1.368 1.423 1.376 1.125 1.082 0.887 
6.500 316.390 -0.539 -0.192 0.487 0.826 1.134 1.215 1.261 1.193 0.934 0.917 0.754 
6.500 398.240 -0.611 -0.284 0.391 0.710 0.998 1.063 1.099 1.009 0.744 0.753 0.620 
6.500 501.290 -0.685 -0.376 0.296 0.595 0.862 0.910 0.937 0.826 0.553 0.588 0.487 
6.500 631.040 -0.789 -0.498 0.198 0.507 0.784 0.835 0.863 0.749 0.465 0.502 0.360 
6.500 794.390 -0.893 -0.621 0.100 0.421 0.709 0.763 0.794 0.676 0.382 0.419 0.234 
6.750 10.050 0.639 1.305 1.959 2.393 2.768 2.943 3.056 3.119 3.037 2.688 2.579 
6.750 10.080 0.640 1.305 1.960 2.393 2.769 2.943 3.056 3.119 3.037 2.688 2.579 
6.750 10.120 0.640 1.305 1.960 2.393 2.769 2.944 3.057 3.119 3.037 2.688 2.580 
6.750 10.200 0.641 1.306 1.960 2.394 2.769 2.944 3.057 3.119 3.038 2.689 2.580 
6.750 10.310 0.642 1.307 1.961 2.394 2.769 2.944 3.058 3.120 3.039 2.691 2.582 
6.750 10.490 0.644 1.309 1.962 2.394 2.769 2.944 3.058 3.121 3.040 2.695 2.584 
6.750 10.760 0.646 1.311 1.964 2.394 2.769 2.944 3.059 3.122 3.041 2.698 2.587 
6.750 11.180 0.643 1.308 1.960 2.389 2.763 2.939 3.054 3.117 3.036 2.699 2.584 
6.750 11.820 0.623 1.288 1.937 2.365 2.738 2.914 3.030 3.092 3.010 2.689 2.561 
6.750 12.770 0.603 1.269 1.915 2.341 2.713 2.889 3.006 3.067 2.985 2.680 2.538 
6.750 14.140 0.584 1.249 1.893 2.318 2.688 2.865 2.982 3.044 2.960 2.672 2.516 
6.750 16.080 0.513 1.166 1.810 2.235 2.604 2.781 2.894 2.952 2.860 2.595 2.422 
6.750 18.740 0.459 1.073 1.717 2.144 2.512 2.690 2.801 2.853 2.750 2.511 2.318 
6.750 22.320 0.400 0.980 1.624 2.054 2.420 2.597 2.704 2.752 2.638 2.424 2.214 
6.750 27.040 0.327 0.881 1.528 1.959 2.324 2.498 2.599 2.640 2.511 2.316 2.099 
6.750 33.160 0.245 0.774 1.427 1.861 2.223 2.389 2.480 2.513 2.364 2.184 1.972 
6.750 41.050 0.161 0.669 1.327 1.764 2.125 2.286 2.367 2.390 2.221 2.056 1.848 
6.750 51.110 0.081 0.569 1.233 1.672 2.030 2.182 2.254 2.268 2.080 1.929 1.727 
6.750 63.890 0.033 0.501 1.168 1.600 1.953 2.096 2.161 2.169 1.968 1.827 1.631 
6.750 80.060 -0.015 0.436 1.106 1.531 1.880 2.012 2.071 2.073 1.859 1.727 1.538 
6.750 100.500 -0.057 0.376 1.049 1.466 1.811 1.933 1.985 1.981 1.754 1.632 1.450 
6.750 126.290 -0.109 0.307 0.975 1.377 1.714 1.827 1.877 1.862 1.628 1.524 1.349 
6.750 158.810 -0.156 0.242 0.904 1.286 1.614 1.719 1.769 1.741 1.501 1.419 1.251 
6.750 199.780 -0.206 0.178 0.832 1.194 1.515 1.611 1.661 1.619 1.374 1.313 1.153 
6.750 251.390 -0.262 0.104 0.754 1.096 1.404 1.490 1.535 1.477 1.226 1.189 1.045 
6.750 316.390 -0.338 0.014 0.662 0.985 1.274 1.341 1.375 1.296 1.038 1.028 0.917 
6.750 398.240 -0.411 -0.077 0.570 0.874 1.143 1.193 1.216 1.115 0.849 0.866 0.789 
6.750 501.290 -0.487 -0.168 0.478 0.763 1.012 1.044 1.056 0.933 0.661 0.705 0.661 
6.750 631.040 -0.586 -0.283 0.387 0.681 0.940 0.974 0.988 0.860 0.577 0.623 0.540 
6.750 794.390 -0.685 -0.398 0.296 0.601 0.870 0.907 0.923 0.791 0.498 0.545 0.421 
7.000 10.050 0.856 1.473 2.074 2.477 2.836 3.003 3.110 3.162 3.084 2.746 2.673 
7.000 10.080 0.856 1.473 2.074 2.477 2.836 3.003 3.110 3.162 3.084 2.747 2.674 
7.000 10.120 0.857 1.474 2.074 2.478 2.836 3.004 3.111 3.163 3.084 2.747 2.674 
7.000 10.200 0.857 1.474 2.075 2.478 2.837 3.004 3.111 3.163 3.085 2.747 2.674 
7.000 10.310 0.858 1.475 2.076 2.479 2.837 3.004 3.112 3.163 3.086 2.748 2.675 
7.000 10.490 0.859 1.476 2.077 2.479 2.838 3.005 3.112 3.164 3.086 2.750 2.676 
7.000 10.760 0.860 1.477 2.078 2.480 2.839 3.006 3.113 3.165 3.088 2.752 2.678 
7.000 11.180 0.860 1.478 2.078 2.480 2.838 3.006 3.113 3.165 3.087 2.755 2.679 
7.000 11.820 0.859 1.476 2.075 2.476 2.833 3.001 3.108 3.160 3.083 2.760 2.677 
7.000 12.770 0.857 1.474 2.072 2.473 2.829 2.997 3.104 3.157 3.079 2.765 2.676 
7.000 14.140 0.856 1.474 2.069 2.470 2.825 2.993 3.101 3.154 3.075 2.771 2.675 
7.000 16.080 0.772 1.390 1.984 2.386 2.736 2.902 3.008 3.060 2.974 2.696 2.579 
7.000 18.740 0.677 1.292 1.886 2.289 2.636 2.801 2.904 2.954 2.859 2.611 2.469 
7.000 22.320 0.620 1.196 1.789 2.192 2.538 2.703 2.806 2.852 2.748 2.531 2.361 
7.000 27.040 0.550 1.094 1.689 2.093 2.436 2.599 2.696 2.736 2.618 2.424 2.243 
7.000 33.160 0.466 0.985 1.586 1.992 2.332 2.490 2.579 2.610 2.471 2.293 2.114 
7.000 41.050 0.380 0.877 1.484 1.892 2.228 2.379 2.459 2.482 2.322 2.159 1.986 
7.000 51.110 0.298 0.775 1.387 1.797 2.130 2.275 2.347 2.361 2.180 2.034 1.865 
7.000 63.890 0.245 0.705 1.322 1.727 2.055 2.191 2.255 2.262 2.066 1.929 1.768 
7.000 80.060 0.195 0.639 1.261 1.660 1.984 2.109 2.166 2.166 1.955 1.827 1.675 
7.000 100.500 0.147 0.576 1.204 1.597 1.916 2.032 2.082 2.074 1.848 1.730 1.587 
7.000 126.290 0.094 0.508 1.133 1.513 1.826 1.931 1.977 1.957 1.722 1.623 1.490 
7.000 158.810 0.044 0.444 1.066 1.429 1.734 1.830 1.873 1.837 1.597 1.520 1.398 
7.000 199.780 -0.006 0.381 0.999 1.344 1.642 1.728 1.769 1.718 1.472 1.417 1.305 
7.000 251.390 -0.065 0.309 0.925 1.252 1.539 1.612 1.647 1.579 1.326 1.296 1.203 
7.000 316.390 -0.141 0.219 0.837 1.145 1.414 1.468 1.490 1.399 1.141 1.138 1.080 
7.000 398.240 -0.217 0.129 0.749 1.038 1.288 1.323 1.333 1.220 0.955 0.980 0.957 
7.000 501.290 -0.294 0.040 0.660 0.930 1.163 1.178 1.176 1.041 0.770 0.822 0.834 
7.000 631.040 -0.388 -0.067 0.576 0.855 1.096 1.113 1.112 0.971 0.690 0.744 0.721 
7.000 794.390 -0.483 -0.175 0.491 0.781 1.031 1.051 1.051 0.906 0.614 0.670 0.607 
7.250 10.050 1.032 1.608 2.152 2.526 2.869 3.037 3.138 3.187 3.105 2.782 2.754 
7.250 10.080 1.032 1.608 2.153 2.526 2.869 3.037 3.139 3.187 3.106 2.782 2.754 
7.250 10.120 1.033 1.608 2.153 2.527 2.869 3.038 3.139 3.187 3.106 2.782 2.754 
7.250 10.200 1.033 1.609 2.153 2.527 2.870 3.038 3.139 3.188 3.106 2.783 2.755 
7.250 10.310 1.034 1.609 2.154 2.528 2.870 3.038 3.140 3.188 3.107 2.784 2.756 
7.250 10.490 1.035 1.610 2.155 2.528 2.871 3.039 3.140 3.189 3.108 2.785 2.756 
7.250 10.760 1.036 1.611 2.156 2.529 2.872 3.040 3.141 3.190 3.109 2.786 2.758 
7.250 11.180 1.037 1.612 2.156 2.529 2.872 3.040 3.142 3.190 3.109 2.789 2.759 
7.250 11.820 1.037 1.612 2.155 2.528 2.869 3.038 3.140 3.189 3.108 2.795 2.759 
7.250 12.770 1.038 1.613 2.155 2.526 2.867 3.036 3.138 3.188 3.108 2.801 2.760 
7.250 14.140 1.039 1.614 2.155 2.526 2.865 3.034 3.137 3.188 3.108 2.808 2.762 
7.250 16.080 0.982 1.557 2.097 2.468 2.804 2.970 3.071 3.123 3.039 2.762 2.695 
7.250 18.740 0.915 1.491 2.030 2.402 2.734 2.900 3.000 3.052 2.962 2.711 2.620 
7.250 22.320 0.850 1.426 1.965 2.337 2.665 2.829 2.928 2.980 2.886 2.659 2.545 
7.250 27.040 0.786 1.332 1.873 2.246 2.570 2.731 2.827 2.875 2.768 2.564 2.435 
7.250 33.160 0.694 1.207 1.754 2.128 2.448 2.604 2.694 2.735 2.607 2.423 2.290 
7.250 41.050 0.593 1.084 1.636 2.012 2.326 2.478 2.562 2.596 2.447 2.283 2.146 
7.250 51.110 0.494 0.967 1.525 1.901 2.211 2.357 2.436 2.462 2.293 2.148 2.008 
7.250 63.890 0.432 0.890 1.455 1.827 2.131 2.266 2.338 2.356 2.171 2.035 1.905 
7.250 80.060 0.373 0.816 1.388 1.757 2.054 2.179 2.243 2.253 2.051 1.926 1.806 
7.250 100.500 0.315 0.747 1.325 1.690 1.981 2.095 2.152 2.154 1.935 1.821 1.712 
7.250 126.290 0.257 0.676 1.258 1.611 1.895 1.996 2.047 2.037 1.808 1.713 1.617 
7.250 158.810 0.204 0.612 1.196 1.535 1.811 1.899 1.944 1.919 1.685 1.611 1.530 
7.250 199.780 0.152 0.548 1.134 1.459 1.728 1.801 1.842 1.802 1.561 1.510 1.443 
7.250 251.390 0.090 0.475 1.065 1.375 1.632 1.689 1.721 1.664 1.418 1.390 1.346 
7.250 316.390 0.010 0.386 0.981 1.273 1.513 1.547 1.565 1.487 1.235 1.234 1.228 
7.250 398.240 -0.067 0.297 0.896 1.172 1.393 1.405 1.409 1.310 1.052 1.079 1.110 
7.250 501.290 -0.148 0.207 0.812 1.070 1.274 1.263 1.253 1.132 0.869 0.923 0.993 
7.250 631.040 -0.239 0.106 0.733 1.000 1.211 1.200 1.191 1.066 0.793 0.849 0.885 
7.250 794.390 -0.329 0.005 0.654 0.931 1.151 1.141 1.134 1.005 0.721 0.778 0.777 
7.500 10.050 1.203 1.742 2.231 2.575 2.902 3.071 3.166 3.212 3.127 2.817 2.834 
7.500 10.080 1.204 1.743 2.231 2.575 2.902 3.071 3.166 3.212 3.127 2.817 2.835 
7.500 10.120 1.204 1.743 2.231 2.576 2.902 3.072 3.167 3.212 3.127 2.818 2.835 
7.500 10.200 1.204 1.743 2.232 2.576 2.903 3.072 3.167 3.213 3.128 2.818 2.835 
7.500 10.310 1.205 1.744 2.232 2.577 2.903 3.072 3.168 3.213 3.128 2.819 2.836 
7.500 10.490 1.205 1.744 2.233 2.577 2.904 3.073 3.168 3.214 3.129 2.819 2.837 
7.500 10.760 1.206 1.745 2.234 2.578 2.905 3.074 3.169 3.215 3.130 2.820 2.837 
7.500 11.180 1.208 1.746 2.235 2.579 2.905 3.075 3.170 3.216 3.131 2.823 2.839 
7.500 11.820 1.210 1.749 2.236 2.579 2.905 3.074 3.171 3.217 3.134 2.830 2.842 
7.500 12.770 1.213 1.752 2.238 2.580 2.905 3.075 3.171 3.219 3.137 2.837 2.845 
7.500 14.140 1.216 1.755 2.240 2.581 2.906 3.075 3.172 3.222 3.141 2.845 2.849 
7.500 16.080 1.186 1.725 2.209 2.551 2.871 3.038 3.135 3.187 3.105 2.828 2.813 
7.500 18.740 1.151 1.690 2.174 2.515 2.831 2.996 3.092 3.147 3.063 2.807 2.770 
7.500 22.320 1.116 1.655 2.140 2.481 2.792 2.955 3.051 3.109 3.023 2.787 2.728 
7.500 27.040 1.031 1.570 2.057 2.399 2.704 2.864 2.958 3.014 2.918 2.704 2.628 
7.500 33.160 0.902 1.429 1.922 2.264 2.563 2.718 2.808 2.860 2.743 2.553 2.465 
7.500 41.050 0.797 1.291 1.788 2.131 2.423 2.574 2.661 2.707 2.570 2.403 2.304 
7.500 51.110 0.686 1.159 1.662 2.005 2.291 2.436 2.519 2.560 2.403 2.258 2.149 
7.500 63.890 0.616 1.075 1.587 1.928 2.207 2.342 2.420 2.450 2.275 2.142 2.042 
7.500 80.060 0.547 0.994 1.514 1.853 2.124 2.248 2.320 2.341 2.147 2.025 1.937 
7.500 100.500 0.480 0.917 1.447 1.783 2.045 2.158 2.223 2.235 2.023 1.913 1.836 
7.500 126.290 0.416 0.844 1.381 1.710 1.964 2.060 2.117 2.117 1.894 1.803 1.744 
7.500 158.810 0.360 0.779 1.325 1.642 1.889 1.968 2.016 2.001 1.772 1.703 1.662 
7.500 199.780 0.304 0.715 1.269 1.575 1.814 1.875 1.915 1.886 1.651 1.602 1.581 
7.500 251.390 0.240 0.642 1.205 1.498 1.726 1.766 1.795 1.750 1.509 1.483 1.489 
7.500 316.390 0.157 0.553 1.124 1.402 1.612 1.626 1.640 1.574 1.329 1.330 1.376 
7.500 398.240 0.076 0.464 1.044 1.306 1.499 1.487 1.485 1.399 1.148 1.177 1.264 
7.500 501.290 -0.006 0.375 0.964 1.210 1.385 1.347 1.330 1.223 0.968 1.024 1.151 
7.500 631.040 -0.094 0.280 0.891 1.145 1.327 1.288 1.271 1.161 0.896 0.954 1.049 
7.500 794.390 -0.182 0.185 0.817 1.081 1.270 1.232 1.216 1.103 0.828 0.887 0.947 
7.750 10.050 1.323 1.830 2.277 2.600 2.915 3.089 3.178 3.224 3.136 2.825 2.887 
7.750 10.080 1.324 1.831 2.277 2.600 2.915 3.089 3.178 3.225 3.136 2.825 2.887 
7.750 10.120 1.324 1.831 2.278 2.600 2.916 3.090 3.178 3.225 3.136 2.826 2.887 
7.750 10.200 1.324 1.831 2.278 2.601 2.916 3.090 3.179 3.225 3.137 2.826 2.888 
7.750 10.310 1.325 1.832 2.279 2.601 2.917 3.090 3.179 3.226 3.137 2.827 2.888 
7.750 10.490 1.326 1.832 2.279 2.602 2.917 3.091 3.180 3.227 3.138 2.827 2.889 
7.750 10.760 1.326 1.833 2.280 2.603 2.918 3.092 3.181 3.227 3.139 2.828 2.890 
7.750 11.180 1.328 1.834 2.281 2.604 2.919 3.093 3.181 3.228 3.140 2.830 2.891 
7.750 11.820 1.330 1.836 2.283 2.604 2.920 3.093 3.183 3.230 3.142 2.834 2.893 
7.750 12.770 1.332 1.839 2.284 2.606 2.920 3.094 3.184 3.232 3.145 2.839 2.896 
7.750 14.140 1.334 1.841 2.286 2.607 2.922 3.096 3.185 3.234 3.147 2.844 2.899 
7.750 16.080 1.321 1.828 2.272 2.593 2.905 3.077 3.167 3.218 3.131 2.839 2.882 
7.750 18.740 1.305 1.812 2.256 2.577 2.885 3.056 3.146 3.201 3.113 2.832 2.862 
7.750 22.320 1.291 1.798 2.241 2.561 2.867 3.036 3.126 3.184 3.096 2.827 2.843 
7.750 27.040 1.226 1.733 2.178 2.497 2.797 2.963 3.052 3.111 3.016 2.768 2.765 
7.750 33.160 1.107 1.614 2.063 2.381 2.672 2.832 2.921 2.980 2.871 2.652 2.624 
7.750 41.050 0.989 1.496 1.949 2.266 2.548 2.704 2.791 2.850 2.728 2.537 2.484 
7.750 51.110 0.902 1.381 1.839 2.154 2.428 2.577 2.663 2.721 2.585 2.422 2.347 
7.750 63.890 0.808 1.271 1.739 2.051 2.314 2.454 2.536 2.584 2.427 2.282 2.214 
7.750 80.060 0.712 1.165 1.643 1.951 2.204 2.333 2.411 2.451 2.273 2.146 2.084 
7.750 100.500 0.616 1.064 1.551 1.855 2.097 2.214 2.286 2.318 2.119 2.010 1.957 
7.750 126.290 0.541 0.981 1.481 1.778 2.009 2.107 2.171 2.192 1.982 1.892 1.860 
7.750 158.810 0.479 0.914 1.429 1.716 1.936 2.015 2.070 2.077 1.860 1.789 1.781 
7.750 199.780 0.417 0.847 1.377 1.655 1.864 1.923 1.969 1.963 1.737 1.686 1.703 
7.750 251.390 0.347 0.772 1.317 1.583 1.778 1.815 1.850 1.828 1.596 1.567 1.615 
7.750 316.390 0.262 0.681 1.240 1.492 1.667 1.677 1.695 1.654 1.418 1.416 1.507 
7.750 398.240 0.175 0.591 1.164 1.401 1.556 1.538 1.541 1.481 1.240 1.265 1.399 
7.750 501.290 0.091 0.501 1.087 1.309 1.445 1.400 1.387 1.307 1.062 1.114 1.291 
7.750 631.040 0.005 0.411 1.018 1.248 1.389 1.343 1.330 1.247 0.993 1.047 1.194 
7.750 794.390 -0.081 0.320 0.950 1.188 1.335 1.289 1.277 1.192 0.929 0.984 1.098 
8.000 10.050 1.438 1.918 2.324 2.624 2.929 3.107 3.189 3.237 3.145 2.833 2.939 
8.000 10.080 1.438 1.918 2.324 2.624 2.929 3.107 3.190 3.237 3.145 2.834 2.940 
8.000 10.120 1.439 1.919 2.324 2.625 2.929 3.108 3.190 3.237 3.145 2.834 2.940 
8.000 10.200 1.439 1.919 2.325 2.625 2.930 3.108 3.190 3.238 3.146 2.834 2.940 
8.000 10.310 1.439 1.920 2.325 2.626 2.930 3.108 3.191 3.238 3.146 2.835 2.941 
8.000 10.490 1.440 1.920 2.326 2.626 2.931 3.109 3.192 3.239 3.147 2.835 2.942 
8.000 10.760 1.441 1.921 2.327 2.627 2.932 3.110 3.192 3.240 3.148 2.836 2.942 
8.000 11.180 1.442 1.922 2.328 2.628 2.933 3.111 3.193 3.241 3.149 2.837 2.943 
8.000 11.820 1.443 1.924 2.329 2.629 2.934 3.112 3.194 3.242 3.150 2.839 2.945 
8.000 12.770 1.445 1.925 2.331 2.631 2.936 3.114 3.196 3.244 3.152 2.840 2.946 
8.000 14.140 1.447 1.927 2.333 2.633 2.938 3.116 3.198 3.246 3.154 2.842 2.948 
8.000 16.080 1.450 1.931 2.335 2.635 2.938 3.116 3.199 3.249 3.158 2.849 2.951 
8.000 18.740 1.455 1.935 2.338 2.638 2.940 3.117 3.200 3.254 3.163 2.858 2.954 
8.000 22.320 1.460 1.941 2.342 2.641 2.942 3.118 3.202 3.259 3.169 2.867 2.957 
8.000 27.040 1.416 1.896 2.298 2.596 2.890 3.063 3.147 3.209 3.115 2.832 2.902 
8.000 33.160 1.318 1.798 2.204 2.498 2.781 2.947 3.033 3.099 2.999 2.751 2.782 
8.000 41.050 1.222 1.702 2.111 2.401 2.673 2.834 2.921 2.993 2.886 2.672 2.664 
8.000 51.110 1.123 1.604 2.016 2.303 2.564 2.718 2.807 2.882 2.766 2.586 2.544 
8.000 63.890 1.000 1.469 1.892 2.174 2.422 2.565 2.651 2.718 2.580 2.423 2.386 
8.000 80.060 0.875 1.337 1.771 2.048 2.284 2.415 2.498 2.558 2.396 2.263 2.230 
8.000 100.500 0.752 1.210 1.654 1.926 2.149 2.269 2.349 2.401 2.216 2.107 2.078 
8.000 126.290 0.664 1.118 1.581 1.846 2.054 2.154 2.226 2.268 2.070 1.980 1.975 
8.000 158.810 0.596 1.048 1.534 1.791 1.984 2.063 2.124 2.154 1.947 1.875 1.900 
8.000 199.780 0.526 0.978 1.486 1.735 1.913 1.971 2.023 2.040 1.824 1.770 1.825 
8.000 251.390 0.452 0.901 1.429 1.669 1.830 1.864 1.904 1.906 1.683 1.650 1.740 
8.000 316.390 0.361 0.810 1.356 1.582 1.722 1.727 1.750 1.734 1.507 1.502 1.637 
8.000 398.240 0.272 0.719 1.284 1.495 1.613 1.590 1.597 1.562 1.332 1.353 1.534 
8.000 501.290 0.183 0.628 1.211 1.409 1.505 1.453 1.443 1.390 1.156 1.205 1.430 
8.000 631.040 0.098 0.542 1.146 1.351 1.451 1.397 1.388 1.334 1.091 1.141 1.339 
8.000 794.390 0.013 0.456 1.082 1.295 1.399 1.346 1.338 1.282 1.029 1.081 1.248 
