CanadaSHM5_AA13_stablecrust_high , distance is rhypo. Log10 ground motion values in cgs units
          15 30 11 : nmag, ndist, nperiod
          10.000 5.000 2.000 1.000 0.500 0.300 0.200 0.100 0.050 PGA PGV 
          0.620 0.620 0.620 0.620 0.580 0.540 0.530 0.530 0.530 0.530 0.620
4.500 10.050 -1.878 -0.611 0.566 1.263 1.885 2.211 2.519 2.866 2.925 2.636 2.015 
4.500 10.080 -1.888 -0.622 0.550 1.248 1.871 2.199 2.504 2.845 2.901 2.619 1.996 
4.500 10.120 -1.895 -0.632 0.533 1.232 1.857 2.187 2.490 2.825 2.877 2.601 1.976 
4.500 10.200 -1.895 -0.642 0.517 1.216 1.843 2.175 2.476 2.804 2.852 2.584 1.957 
4.500 10.310 -1.908 -0.666 0.483 1.184 1.814 2.151 2.448 2.765 2.807 2.548 1.915 
4.500 10.490 -1.913 -0.697 0.438 1.141 1.776 2.118 2.410 2.715 2.750 2.501 1.860 
4.500 10.760 -1.919 -0.729 0.393 1.098 1.738 2.086 2.373 2.664 2.692 2.453 1.806 
4.500 11.180 -1.934 -0.768 0.341 1.049 1.694 2.046 2.329 2.607 2.629 2.399 1.743 
4.500 11.820 -1.963 -0.831 0.271 0.980 1.629 1.984 2.264 2.530 2.550 2.322 1.656 
4.500 12.770 -1.989 -0.894 0.200 0.910 1.564 1.922 2.198 2.453 2.470 2.245 1.568 
4.500 14.140 -2.015 -0.958 0.129 0.840 1.498 1.860 2.132 2.376 2.390 2.167 1.480 
4.500 16.080 -2.068 -1.051 0.034 0.740 1.397 1.757 2.027 2.266 2.283 2.055 1.361 
4.500 18.740 -2.126 -1.150 -0.066 0.634 1.290 1.647 1.916 2.150 2.170 1.937 1.235 
4.500 22.320 -2.185 -1.250 -0.167 0.528 1.182 1.537 1.804 2.033 2.057 1.818 1.109 
4.500 27.040 -2.256 -1.362 -0.283 0.406 1.057 1.409 1.673 1.897 1.923 1.679 0.968 
4.500 33.160 -2.342 -1.489 -0.414 0.267 0.913 1.262 1.522 1.742 1.765 1.519 0.810 
4.500 41.050 -2.428 -1.618 -0.548 0.126 0.767 1.114 1.370 1.586 1.606 1.358 0.651 
4.500 51.110 -2.515 -1.746 -0.682 -0.015 0.622 0.966 1.218 1.429 1.445 1.196 0.492 
4.500 63.890 -2.587 -1.858 -0.805 -0.136 0.496 0.842 1.086 1.288 1.287 1.047 0.355 
4.500 80.060 -2.661 -1.973 -0.932 -0.261 0.366 0.715 0.951 1.145 1.124 0.895 0.215 
4.500 100.500 -2.738 -2.093 -1.062 -0.390 0.233 0.583 0.811 0.996 0.958 0.738 0.070 
4.500 126.290 -2.785 -2.180 -1.163 -0.488 0.128 0.476 0.692 0.857 0.800 0.598 -0.049 
4.500 158.810 -2.827 -2.264 -1.260 -0.582 0.026 0.370 0.573 0.712 0.638 0.458 -0.166 
4.500 199.780 -2.868 -2.347 -1.357 -0.676 -0.076 0.264 0.454 0.568 0.476 0.317 -0.283 
4.500 251.390 -2.920 -2.439 -1.459 -0.779 -0.191 0.139 0.314 0.400 0.293 0.155 -0.414 
4.500 316.390 -2.987 -2.548 -1.572 -0.900 -0.331 -0.021 0.134 0.187 0.068 -0.047 -0.575 
4.500 398.240 -3.056 -2.657 -1.684 -1.021 -0.472 -0.182 -0.046 -0.027 -0.157 -0.249 -0.736 
4.500 501.290 -3.123 -2.766 -1.797 -1.142 -0.613 -0.343 -0.226 -0.241 -0.382 -0.451 -0.897 
4.500 631.040 -3.279 -2.963 -1.959 -1.280 -0.733 -0.454 -0.334 -0.353 -0.503 -0.573 -1.064 
4.500 794.390 -3.439 -3.164 -2.123 -1.420 -0.852 -0.563 -0.440 -0.462 -0.621 -0.691 -1.232 
4.750 10.050 -1.475 -0.301 0.798 1.433 2.011 2.321 2.603 2.929 2.998 2.702 2.133 
4.750 10.080 -1.484 -0.310 0.784 1.420 2.000 2.311 2.591 2.911 2.978 2.688 2.116 
4.750 10.120 -1.494 -0.320 0.771 1.407 1.989 2.302 2.579 2.892 2.958 2.673 2.099 
4.750 10.200 -1.494 -0.329 0.757 1.394 1.978 2.293 2.567 2.874 2.937 2.658 2.082 
4.750 10.310 -1.506 -0.352 0.726 1.366 1.952 2.271 2.541 2.837 2.897 2.625 2.044 
4.750 10.490 -1.516 -0.384 0.685 1.328 1.919 2.241 2.507 2.788 2.845 2.581 1.993 
4.750 10.760 -1.522 -0.416 0.644 1.289 1.885 2.211 2.472 2.739 2.793 2.536 1.942 
4.750 11.180 -1.536 -0.454 0.596 1.245 1.844 2.174 2.431 2.684 2.735 2.485 1.883 
4.750 11.820 -1.566 -0.514 0.530 1.180 1.783 2.114 2.368 2.611 2.659 2.411 1.800 
4.750 12.770 -1.590 -0.574 0.464 1.115 1.722 2.054 2.304 2.537 2.583 2.337 1.717 
4.750 14.140 -1.614 -0.634 0.397 1.050 1.660 1.994 2.241 2.463 2.507 2.263 1.634 
4.750 16.080 -1.663 -0.721 0.306 0.954 1.562 1.894 2.140 2.359 2.403 2.155 1.520 
4.750 18.740 -1.716 -0.812 0.210 0.853 1.459 1.787 2.033 2.249 2.294 2.043 1.401 
4.750 22.320 -1.769 -0.904 0.113 0.751 1.354 1.679 1.925 2.138 2.184 1.929 1.282 
4.750 27.040 -1.835 -1.009 0.002 0.633 1.232 1.554 1.799 2.010 2.054 1.798 1.148 
4.750 33.160 -1.918 -1.128 -0.126 0.498 1.091 1.412 1.653 1.863 1.903 1.647 0.998 
4.750 41.050 -1.998 -1.249 -0.255 0.362 0.949 1.267 1.506 1.714 1.750 1.495 0.847 
4.750 51.110 -2.081 -1.371 -0.385 0.225 0.807 1.124 1.359 1.564 1.595 1.342 0.696 
4.750 63.890 -2.154 -1.482 -0.506 0.107 0.685 1.004 1.231 1.426 1.439 1.197 0.565 
4.750 80.060 -2.229 -1.596 -0.631 -0.014 0.560 0.881 1.099 1.285 1.280 1.049 0.431 
4.750 100.500 -2.309 -1.714 -0.759 -0.140 0.430 0.754 0.963 1.140 1.116 0.897 0.292 
4.750 126.290 -2.365 -1.807 -0.859 -0.234 0.329 0.649 0.846 1.000 0.957 0.757 0.177 
4.750 158.810 -2.417 -1.898 -0.956 -0.324 0.231 0.546 0.728 0.854 0.791 0.614 0.062 
4.750 199.780 -2.470 -1.989 -1.053 -0.413 0.133 0.443 0.611 0.708 0.626 0.470 -0.053 
4.750 251.390 -2.527 -2.087 -1.154 -0.512 0.022 0.321 0.473 0.540 0.440 0.307 -0.183 
4.750 316.390 -2.602 -2.199 -1.264 -0.628 -0.114 0.164 0.296 0.329 0.216 0.106 -0.340 
4.750 398.240 -2.675 -2.310 -1.373 -0.745 -0.251 0.006 0.118 0.117 -0.008 -0.095 -0.497 
4.750 501.290 -2.748 -2.422 -1.483 -0.861 -0.387 -0.152 -0.059 -0.095 -0.232 -0.297 -0.654 
4.750 631.040 -2.894 -2.607 -1.634 -0.990 -0.499 -0.256 -0.161 -0.202 -0.349 -0.413 -0.813 
4.750 794.390 -3.044 -2.795 -1.786 -1.119 -0.609 -0.357 -0.260 -0.305 -0.461 -0.526 -0.971 
5.000 10.050 -1.076 0.010 1.030 1.601 2.137 2.430 2.687 2.992 3.071 2.769 2.250 
5.000 10.080 -1.085 0.001 1.019 1.592 2.129 2.423 2.677 2.976 3.055 2.756 2.236 
5.000 10.120 -1.094 -0.007 1.008 1.582 2.121 2.417 2.668 2.960 3.039 2.744 2.222 
5.000 10.200 -1.102 -0.016 0.997 1.572 2.112 2.410 2.658 2.944 3.022 2.731 2.208 
5.000 10.310 -1.111 -0.039 0.969 1.548 2.091 2.390 2.635 2.909 2.987 2.701 2.173 
5.000 10.490 -1.127 -0.071 0.932 1.514 2.061 2.363 2.603 2.862 2.941 2.660 2.125 
5.000 10.760 -1.132 -0.103 0.895 1.480 2.031 2.336 2.571 2.815 2.894 2.619 2.078 
5.000 11.180 -1.145 -0.140 0.851 1.440 1.995 2.302 2.532 2.762 2.841 2.571 2.023 
5.000 11.820 -1.175 -0.197 0.790 1.381 1.938 2.244 2.472 2.692 2.769 2.500 1.945 
5.000 12.770 -1.196 -0.253 0.728 1.321 1.880 2.186 2.411 2.621 2.697 2.429 1.866 
5.000 14.140 -1.220 -0.311 0.665 1.261 1.822 2.128 2.350 2.549 2.624 2.357 1.787 
5.000 16.080 -1.264 -0.390 0.578 1.169 1.728 2.030 2.253 2.451 2.523 2.256 1.680 
5.000 18.740 -1.312 -0.474 0.486 1.072 1.627 1.926 2.150 2.348 2.418 2.149 1.567 
5.000 22.320 -1.360 -0.559 0.394 0.974 1.525 1.821 2.046 2.244 2.311 2.041 1.454 
5.000 27.040 -1.423 -0.657 0.287 0.861 1.407 1.700 1.925 2.123 2.186 1.917 1.328 
5.000 33.160 -1.498 -0.768 0.163 0.730 1.270 1.561 1.784 1.983 2.041 1.775 1.186 
5.000 41.050 -1.574 -0.881 0.038 0.598 1.131 1.421 1.643 1.842 1.894 1.632 1.044 
5.000 51.110 -1.655 -0.995 -0.088 0.465 0.993 1.282 1.501 1.699 1.745 1.488 0.901 
5.000 63.890 -1.726 -1.105 -0.207 0.351 0.874 1.166 1.376 1.564 1.592 1.348 0.776 
5.000 80.060 -1.803 -1.218 -0.330 0.233 0.753 1.047 1.248 1.426 1.435 1.204 0.647 
5.000 100.500 -1.886 -1.336 -0.456 0.111 0.627 0.924 1.115 1.283 1.274 1.056 0.515 
5.000 126.290 -1.947 -1.434 -0.556 0.021 0.530 0.823 1.000 1.143 1.113 0.916 0.402 
5.000 158.810 -2.009 -1.532 -0.652 -0.065 0.436 0.722 0.884 0.996 0.944 0.770 0.289 
5.000 199.780 -2.072 -1.630 -0.749 -0.151 0.342 0.622 0.767 0.849 0.776 0.624 0.176 
5.000 251.390 -2.143 -1.734 -0.849 -0.246 0.235 0.503 0.631 0.680 0.588 0.460 0.049 
5.000 316.390 -2.221 -1.849 -0.955 -0.357 0.103 0.349 0.457 0.471 0.364 0.259 -0.104 
5.000 398.240 -2.298 -1.964 -1.062 -0.469 -0.029 0.194 0.283 0.261 0.141 0.058 -0.258 
5.000 501.290 -2.379 -2.079 -1.169 -0.581 -0.161 0.040 0.108 0.051 -0.083 -0.142 -0.412 
5.000 631.040 -2.516 -2.252 -1.308 -0.699 -0.265 -0.057 0.012 -0.051 -0.194 -0.253 -0.561 
5.000 794.390 -2.656 -2.427 -1.449 -0.818 -0.367 -0.152 -0.080 -0.148 -0.300 -0.360 -0.711 
5.250 10.050 -0.704 0.298 1.251 1.777 2.275 2.547 2.780 3.053 3.134 2.828 2.361 
5.250 10.080 -0.710 0.292 1.244 1.772 2.271 2.544 2.774 3.042 3.124 2.819 2.352 
5.250 10.120 -0.716 0.286 1.238 1.766 2.267 2.540 2.769 3.032 3.113 2.810 2.342 
5.250 10.200 -0.722 0.280 1.231 1.761 2.263 2.537 2.763 3.021 3.102 2.802 2.333 
5.250 10.310 -0.739 0.259 1.207 1.740 2.244 2.519 2.742 2.989 3.071 2.775 2.301 
5.250 10.490 -0.757 0.228 1.173 1.710 2.216 2.493 2.711 2.945 3.027 2.737 2.257 
5.250 10.760 -0.763 0.197 1.138 1.679 2.188 2.466 2.679 2.900 2.983 2.699 2.212 
5.250 11.180 -0.774 0.161 1.097 1.642 2.154 2.432 2.641 2.851 2.933 2.654 2.160 
5.250 11.820 -0.804 0.107 1.038 1.585 2.098 2.375 2.582 2.784 2.865 2.587 2.086 
5.250 12.770 -0.825 0.052 0.979 1.528 2.041 2.318 2.523 2.716 2.797 2.520 2.012 
5.250 14.140 -0.848 -0.002 0.919 1.470 1.985 2.261 2.464 2.649 2.728 2.453 1.937 
5.250 16.080 -0.892 -0.079 0.834 1.380 1.892 2.165 2.370 2.556 2.632 2.358 1.836 
5.250 18.740 -0.938 -0.160 0.745 1.285 1.792 2.063 2.269 2.457 2.530 2.257 1.729 
5.250 22.320 -0.986 -0.242 0.655 1.188 1.691 1.960 2.169 2.359 2.428 2.156 1.622 
5.250 27.040 -1.045 -0.335 0.550 1.077 1.574 1.842 2.052 2.244 2.309 2.040 1.502 
5.250 33.160 -1.117 -0.442 0.431 0.949 1.440 1.709 1.920 2.112 2.170 1.909 1.369 
5.250 41.050 -1.191 -0.550 0.310 0.820 1.305 1.574 1.785 1.979 2.030 1.775 1.235 
5.250 51.110 -1.268 -0.659 0.187 0.691 1.169 1.440 1.651 1.844 1.888 1.640 1.100 
5.250 63.890 -1.340 -0.764 0.073 0.581 1.055 1.329 1.530 1.714 1.741 1.507 0.982 
5.250 80.060 -1.415 -0.873 -0.044 0.467 0.937 1.214 1.407 1.580 1.590 1.370 0.859 
5.250 100.500 -1.496 -0.986 -0.166 0.350 0.815 1.095 1.279 1.442 1.435 1.229 0.733 
5.250 126.290 -1.556 -1.080 -0.259 0.264 0.722 0.996 1.165 1.302 1.274 1.089 0.625 
5.250 158.810 -1.619 -1.176 -0.350 0.183 0.632 0.897 1.048 1.153 1.104 0.941 0.516 
5.250 199.780 -1.682 -1.271 -0.440 0.102 0.542 0.799 0.932 1.004 0.933 0.792 0.406 
5.250 251.390 -1.750 -1.372 -0.535 0.013 0.440 0.682 0.796 0.834 0.744 0.626 0.284 
5.250 316.390 -1.830 -1.485 -0.636 -0.094 0.312 0.531 0.623 0.624 0.520 0.425 0.135 
5.250 398.240 -1.909 -1.598 -0.738 -0.201 0.185 0.380 0.450 0.414 0.296 0.223 -0.014 
5.250 501.290 -1.990 -1.710 -0.839 -0.307 0.057 0.228 0.276 0.205 0.071 0.022 -0.163 
5.250 631.040 -2.117 -1.870 -0.967 -0.416 -0.038 0.138 0.186 0.108 -0.034 -0.083 -0.304 
5.250 794.390 -2.247 -2.032 -1.095 -0.524 -0.132 0.050 0.100 0.016 -0.134 -0.184 -0.444 
5.500 10.050 -0.337 0.586 1.473 1.952 2.413 2.664 2.873 3.115 3.197 2.888 2.472 
5.500 10.080 -0.339 0.583 1.470 1.952 2.413 2.664 2.871 3.109 3.192 2.882 2.468 
5.500 10.120 -0.342 0.580 1.467 1.951 2.413 2.664 2.870 3.104 3.188 2.877 2.463 
5.500 10.200 -0.346 0.577 1.465 1.950 2.413 2.664 2.868 3.098 3.183 2.872 2.458 
5.500 10.310 -0.365 0.557 1.444 1.932 2.397 2.648 2.849 3.070 3.156 2.848 2.430 
5.500 10.490 -0.390 0.527 1.413 1.905 2.371 2.622 2.818 3.028 3.114 2.813 2.388 
5.500 10.760 -0.406 0.497 1.381 1.878 2.345 2.596 2.787 2.986 3.073 2.778 2.346 
5.500 11.180 -0.413 0.462 1.344 1.844 2.313 2.562 2.750 2.939 3.026 2.736 2.297 
5.500 11.820 -0.440 0.410 1.287 1.789 2.258 2.506 2.693 2.876 2.962 2.674 2.228 
5.500 12.770 -0.462 0.358 1.230 1.735 2.203 2.450 2.635 2.812 2.897 2.611 2.158 
5.500 14.140 -0.482 0.306 1.174 1.680 2.148 2.394 2.577 2.748 2.832 2.548 2.088 
5.500 16.080 -0.525 0.232 1.091 1.592 2.055 2.300 2.486 2.660 2.740 2.460 1.992 
5.500 18.740 -0.570 0.154 1.004 1.497 1.957 2.200 2.389 2.567 2.643 2.366 1.891 
5.500 22.320 -0.617 0.076 0.916 1.402 1.857 2.099 2.291 2.473 2.545 2.272 1.789 
5.500 27.040 -0.673 -0.014 0.814 1.293 1.742 1.985 2.180 2.365 2.431 2.164 1.677 
5.500 33.160 -0.743 -0.115 0.699 1.169 1.611 1.857 2.055 2.241 2.300 2.042 1.552 
5.500 41.050 -0.814 -0.219 0.581 1.043 1.478 1.728 1.928 2.116 2.167 1.918 1.426 
5.500 51.110 -0.888 -0.323 0.463 0.917 1.346 1.599 1.800 1.988 2.031 1.792 1.299 
5.500 63.890 -0.957 -0.423 0.354 0.811 1.235 1.491 1.685 1.863 1.889 1.666 1.187 
5.500 80.060 -1.031 -0.527 0.241 0.702 1.121 1.381 1.566 1.734 1.744 1.536 1.071 
5.500 100.500 -1.108 -0.635 0.125 0.588 1.003 1.266 1.443 1.601 1.595 1.402 0.951 
5.500 126.290 -1.169 -0.726 0.037 0.508 0.914 1.170 1.330 1.461 1.435 1.261 0.848 
5.500 158.810 -1.233 -0.819 -0.048 0.432 0.828 1.073 1.213 1.310 1.262 1.111 0.742 
5.500 199.780 -1.296 -0.912 -0.132 0.356 0.743 0.976 1.096 1.159 1.090 0.961 0.637 
5.500 251.390 -1.363 -1.011 -0.221 0.271 0.645 0.862 0.960 0.987 0.900 0.793 0.518 
5.500 316.390 -1.445 -1.121 -0.317 0.170 0.522 0.713 0.788 0.778 0.675 0.591 0.374 
5.500 398.240 -1.526 -1.231 -0.413 0.068 0.399 0.565 0.616 0.568 0.451 0.388 0.229 
5.500 501.290 -1.606 -1.342 -0.509 -0.033 0.276 0.416 0.444 0.358 0.226 0.186 0.085 
5.500 631.040 -1.723 -1.488 -0.625 -0.132 0.189 0.333 0.360 0.267 0.126 0.087 -0.047 
5.500 794.390 -1.842 -1.636 -0.741 -0.230 0.103 0.252 0.280 0.181 0.031 -0.008 -0.178 
5.750 10.050 -0.010 0.840 1.672 2.116 2.541 2.770 2.960 3.173 3.253 2.938 2.573 
5.750 10.080 -0.012 0.838 1.670 2.115 2.541 2.770 2.959 3.169 3.250 2.934 2.570 
5.750 10.120 -0.015 0.836 1.668 2.115 2.541 2.770 2.958 3.166 3.246 2.930 2.567 
5.750 10.200 -0.017 0.833 1.666 2.114 2.541 2.770 2.956 3.162 3.243 2.925 2.563 
5.750 10.310 -0.033 0.818 1.651 2.101 2.529 2.757 2.941 3.141 3.222 2.907 2.541 
5.750 10.490 -0.057 0.794 1.626 2.080 2.509 2.737 2.917 3.109 3.190 2.879 2.508 
5.750 10.760 -0.075 0.770 1.602 2.060 2.489 2.717 2.893 3.077 3.158 2.852 2.475 
5.750 11.180 -0.086 0.739 1.570 2.031 2.461 2.688 2.861 3.038 3.119 2.817 2.434 
5.750 11.820 -0.109 0.687 1.515 1.978 2.407 2.632 2.805 2.977 3.057 2.758 2.367 
5.750 12.770 -0.135 0.635 1.459 1.924 2.352 2.577 2.748 2.916 2.995 2.699 2.299 
5.750 14.140 -0.154 0.582 1.403 1.870 2.298 2.521 2.691 2.854 2.933 2.640 2.231 
5.750 16.080 -0.198 0.508 1.321 1.782 2.206 2.428 2.601 2.766 2.842 2.554 2.137 
5.750 18.740 -0.244 0.430 1.233 1.687 2.107 2.329 2.505 2.674 2.746 2.464 2.038 
5.750 22.320 -0.293 0.351 1.145 1.592 2.008 2.229 2.408 2.580 2.650 2.373 1.939 
5.750 27.040 -0.352 0.262 1.044 1.484 1.894 2.116 2.299 2.474 2.538 2.270 1.829 
5.750 33.160 -0.423 0.162 0.930 1.361 1.764 1.991 2.177 2.353 2.411 2.154 1.709 
5.750 41.050 -0.496 0.061 0.814 1.236 1.633 1.864 2.053 2.230 2.282 2.035 1.587 
5.750 51.110 -0.570 -0.042 0.698 1.111 1.502 1.737 1.928 2.106 2.150 1.915 1.465 
5.750 63.890 -0.641 -0.141 0.591 1.007 1.392 1.630 1.815 1.984 2.013 1.794 1.356 
5.750 80.060 -0.715 -0.243 0.481 0.900 1.279 1.521 1.699 1.858 1.873 1.669 1.244 
5.750 100.500 -0.793 -0.349 0.367 0.788 1.162 1.407 1.578 1.728 1.728 1.540 1.127 
5.750 126.290 -0.855 -0.438 0.283 0.710 1.075 1.312 1.466 1.592 1.571 1.403 1.027 
5.750 158.810 -0.918 -0.529 0.202 0.637 0.992 1.216 1.350 1.445 1.402 1.255 0.925 
5.750 199.780 -0.981 -0.620 0.121 0.564 0.909 1.121 1.234 1.297 1.233 1.107 0.824 
5.750 251.390 -1.051 -0.716 0.036 0.482 0.814 1.008 1.100 1.131 1.046 0.941 0.709 
5.750 316.390 -1.132 -0.823 -0.056 0.384 0.694 0.862 0.930 0.925 0.825 0.741 0.569 
5.750 398.240 -1.211 -0.931 -0.149 0.287 0.575 0.716 0.761 0.720 0.604 0.541 0.429 
5.750 501.290 -1.292 -1.038 -0.241 0.189 0.455 0.570 0.591 0.514 0.382 0.341 0.289 
5.750 631.040 -1.400 -1.174 -0.347 0.098 0.374 0.492 0.512 0.429 0.288 0.247 0.165 
5.750 794.390 -1.510 -1.310 -0.454 0.009 0.295 0.417 0.437 0.349 0.199 0.158 0.041 
6.000 10.050 0.314 1.095 1.872 2.279 2.668 2.876 3.047 3.232 3.309 2.989 2.674 
6.000 10.080 0.312 1.093 1.871 2.279 2.669 2.876 3.047 3.230 3.307 2.986 2.672 
6.000 10.120 0.310 1.092 1.869 2.279 2.669 2.876 3.046 3.228 3.305 2.982 2.670 
6.000 10.200 0.309 1.090 1.868 2.278 2.669 2.875 3.045 3.225 3.303 2.979 2.668 
6.000 10.310 0.297 1.078 1.857 2.270 2.661 2.866 3.034 3.211 3.288 2.966 2.653 
6.000 10.490 0.279 1.060 1.840 2.256 2.647 2.852 3.016 3.189 3.266 2.946 2.629 
6.000 10.760 0.261 1.042 1.823 2.242 2.632 2.838 2.999 3.168 3.243 2.926 2.605 
6.000 11.180 0.238 1.016 1.797 2.218 2.609 2.813 2.972 3.137 3.212 2.898 2.571 
6.000 11.820 0.210 0.964 1.743 2.166 2.555 2.758 2.917 3.078 3.153 2.843 2.505 
6.000 12.770 0.189 0.912 1.688 2.113 2.502 2.703 2.861 3.019 3.094 2.787 2.440 
6.000 14.140 0.166 0.859 1.633 2.060 2.448 2.648 2.804 2.960 3.034 2.731 2.373 
6.000 16.080 0.121 0.785 1.551 1.972 2.356 2.556 2.715 2.873 2.945 2.649 2.282 
6.000 18.740 0.073 0.706 1.463 1.878 2.258 2.458 2.621 2.780 2.850 2.563 2.185 
6.000 22.320 0.023 0.627 1.375 1.783 2.159 2.359 2.525 2.687 2.755 2.475 2.088 
6.000 27.040 -0.037 0.538 1.275 1.675 2.046 2.248 2.418 2.582 2.646 2.376 1.982 
6.000 33.160 -0.109 0.440 1.162 1.553 1.917 2.125 2.299 2.464 2.522 2.266 1.866 
6.000 41.050 -0.183 0.340 1.048 1.429 1.787 1.999 2.178 2.344 2.397 2.153 1.748 
6.000 51.110 -0.258 0.238 0.932 1.305 1.658 1.875 2.057 2.223 2.269 2.038 1.630 
6.000 63.890 -0.329 0.141 0.828 1.203 1.549 1.770 1.946 2.104 2.137 1.922 1.525 
6.000 80.060 -0.404 0.041 0.721 1.097 1.437 1.661 1.831 1.982 2.001 1.802 1.416 
6.000 100.500 -0.482 -0.064 0.609 0.987 1.321 1.548 1.713 1.855 1.861 1.678 1.303 
6.000 126.290 -0.545 -0.151 0.528 0.912 1.236 1.454 1.603 1.723 1.708 1.544 1.207 
6.000 158.810 -0.609 -0.239 0.451 0.842 1.156 1.360 1.488 1.579 1.542 1.398 1.108 
6.000 199.780 -0.673 -0.327 0.374 0.772 1.075 1.265 1.373 1.436 1.376 1.252 1.010 
6.000 251.390 -0.742 -0.421 0.294 0.693 0.983 1.154 1.241 1.273 1.193 1.089 0.899 
6.000 316.390 -0.821 -0.525 0.205 0.599 0.866 1.011 1.073 1.073 0.975 0.891 0.764 
6.000 398.240 -0.902 -0.630 0.116 0.505 0.750 0.867 0.905 0.872 0.757 0.693 0.628 
6.000 501.290 -0.982 -0.734 0.027 0.411 0.634 0.724 0.737 0.671 0.539 0.496 0.493 
6.000 631.040 -1.082 -0.859 -0.069 0.329 0.559 0.651 0.664 0.591 0.450 0.408 0.376 
6.000 794.390 -1.183 -0.984 -0.166 0.247 0.487 0.582 0.594 0.516 0.367 0.324 0.260 
6.250 10.050 0.598 1.319 2.044 2.417 2.774 2.966 3.126 3.296 3.368 3.045 2.777 
6.250 10.080 0.597 1.318 2.043 2.417 2.774 2.966 3.126 3.295 3.366 3.043 2.776 
6.250 10.120 0.596 1.317 2.042 2.416 2.774 2.965 3.125 3.293 3.365 3.041 2.775 
6.250 10.200 0.595 1.316 2.041 2.416 2.774 2.965 3.124 3.292 3.364 3.039 2.774 
6.250 10.310 0.588 1.309 2.036 2.412 2.770 2.960 3.118 3.284 3.356 3.031 2.765 
6.250 10.490 0.578 1.299 2.026 2.405 2.763 2.953 3.109 3.273 3.344 3.018 2.751 
6.250 10.760 0.567 1.288 2.017 2.398 2.756 2.946 3.100 3.261 3.332 3.006 2.737 
6.250 11.180 0.547 1.268 1.997 2.381 2.739 2.928 3.080 3.239 3.310 2.984 2.711 
6.250 11.820 0.497 1.218 1.947 2.332 2.689 2.877 3.028 3.184 3.254 2.934 2.649 
6.250 12.770 0.475 1.168 1.896 2.282 2.639 2.826 2.975 3.129 3.199 2.883 2.587 
6.250 14.140 0.455 1.117 1.844 2.233 2.589 2.774 2.922 3.073 3.143 2.833 2.525 
6.250 16.080 0.410 1.039 1.760 2.144 2.496 2.682 2.832 2.984 3.052 2.750 2.431 
6.250 18.740 0.357 0.956 1.669 2.048 2.397 2.582 2.736 2.888 2.954 2.663 2.332 
6.250 22.320 0.301 0.872 1.578 1.951 2.297 2.482 2.639 2.792 2.856 2.574 2.232 
6.250 27.040 0.236 0.780 1.476 1.841 2.183 2.370 2.532 2.685 2.746 2.475 2.124 
6.250 33.160 0.163 0.679 1.362 1.718 2.054 2.246 2.412 2.565 2.622 2.366 2.008 
6.250 41.050 0.084 0.576 1.246 1.594 1.924 2.120 2.291 2.444 2.497 2.255 1.890 
6.250 51.110 0.004 0.473 1.130 1.469 1.793 1.994 2.168 2.321 2.369 2.142 1.771 
6.250 63.890 -0.072 0.374 1.025 1.365 1.682 1.885 2.055 2.201 2.237 2.026 1.666 
6.250 80.060 -0.151 0.271 0.916 1.257 1.568 1.773 1.939 2.077 2.102 1.908 1.557 
6.250 100.500 -0.236 0.165 0.803 1.145 1.449 1.656 1.818 1.950 1.962 1.784 1.443 
6.250 126.290 -0.302 0.077 0.721 1.069 1.363 1.561 1.706 1.818 1.813 1.652 1.347 
6.250 158.810 -0.368 -0.011 0.644 0.998 1.282 1.465 1.590 1.678 1.651 1.509 1.250 
6.250 199.780 -0.434 -0.099 0.567 0.927 1.200 1.369 1.474 1.537 1.490 1.365 1.153 
6.250 251.390 -0.505 -0.192 0.486 0.849 1.107 1.257 1.341 1.377 1.311 1.205 1.044 
6.250 316.390 -0.586 -0.295 0.399 0.756 0.992 1.114 1.174 1.180 1.098 1.010 0.911 
6.250 398.240 -0.669 -0.399 0.311 0.663 0.876 0.971 1.008 0.984 0.885 0.816 0.778 
6.250 501.290 -0.750 -0.502 0.223 0.570 0.760 0.828 0.841 0.787 0.672 0.622 0.645 
6.250 631.040 -0.844 -0.619 0.134 0.494 0.690 0.760 0.771 0.711 0.588 0.539 0.533 
6.250 794.390 -0.940 -0.736 0.045 0.418 0.622 0.694 0.705 0.641 0.510 0.460 0.423 
6.500 10.050 0.881 1.543 2.216 2.554 2.879 3.055 3.205 3.360 3.426 3.101 2.880 
6.500 10.080 0.881 1.542 2.215 2.554 2.879 3.055 3.204 3.359 3.426 3.101 2.880 
6.500 10.120 0.880 1.542 2.215 2.554 2.879 3.055 3.204 3.359 3.426 3.100 2.880 
6.500 10.200 0.880 1.542 2.215 2.553 2.878 3.054 3.204 3.359 3.425 3.100 2.879 
6.500 10.310 0.878 1.540 2.214 2.553 2.879 3.054 3.203 3.358 3.424 3.096 2.877 
6.500 10.490 0.875 1.537 2.212 2.554 2.879 3.054 3.202 3.357 3.422 3.091 2.873 
6.500 10.760 0.872 1.534 2.210 2.554 2.880 3.054 3.201 3.355 3.421 3.085 2.869 
6.500 11.180 0.858 1.520 2.198 2.543 2.869 3.043 3.188 3.342 3.407 3.070 2.852 
6.500 11.820 0.810 1.472 2.151 2.498 2.823 2.996 3.139 3.290 3.355 3.025 2.794 
6.500 12.770 0.762 1.424 2.103 2.452 2.777 2.948 3.089 3.239 3.303 2.980 2.735 
6.500 14.140 0.736 1.375 2.055 2.406 2.730 2.899 3.039 3.187 3.251 2.934 2.676 
6.500 16.080 0.689 1.294 1.969 2.315 2.637 2.807 2.949 3.095 3.158 2.851 2.581 
6.500 18.740 0.633 1.206 1.875 2.218 2.536 2.707 2.852 2.997 3.059 2.762 2.479 
6.500 22.320 0.573 1.118 1.781 2.119 2.435 2.606 2.754 2.897 2.958 2.672 2.376 
6.500 27.040 0.505 1.022 1.677 2.008 2.320 2.493 2.645 2.788 2.846 2.574 2.266 
6.500 33.160 0.426 0.919 1.561 1.884 2.191 2.367 2.525 2.666 2.722 2.466 2.150 
6.500 41.050 0.345 0.813 1.445 1.758 2.060 2.240 2.403 2.543 2.596 2.357 2.032 
6.500 51.110 0.259 0.707 1.327 1.633 1.929 2.112 2.280 2.419 2.468 2.246 1.913 
6.500 63.890 0.180 0.606 1.221 1.527 1.815 2.000 2.165 2.298 2.337 2.131 1.807 
6.500 80.060 0.094 0.502 1.110 1.417 1.699 1.885 2.046 2.173 2.203 2.013 1.697 
6.500 100.500 0.008 0.393 0.996 1.303 1.577 1.765 1.922 2.044 2.064 1.891 1.583 
6.500 126.290 -0.061 0.306 0.914 1.225 1.490 1.667 1.809 1.914 1.918 1.761 1.488 
6.500 158.810 -0.129 0.218 0.837 1.154 1.407 1.569 1.693 1.776 1.761 1.620 1.392 
6.500 199.780 -0.198 0.130 0.760 1.083 1.325 1.472 1.576 1.638 1.604 1.479 1.296 
6.500 251.390 -0.274 0.037 0.679 1.005 1.231 1.359 1.442 1.481 1.429 1.321 1.188 
6.500 316.390 -0.357 -0.065 0.593 0.913 1.117 1.217 1.276 1.288 1.221 1.130 1.057 
6.500 398.240 -0.440 -0.168 0.506 0.821 1.001 1.075 1.110 1.095 1.013 0.939 0.927 
6.500 501.290 -0.524 -0.270 0.419 0.729 0.887 0.933 0.944 0.902 0.805 0.748 0.797 
6.500 631.040 -0.614 -0.378 0.337 0.658 0.821 0.868 0.878 0.831 0.727 0.670 0.691 
6.500 794.390 -0.704 -0.487 0.255 0.588 0.758 0.806 0.816 0.765 0.653 0.596 0.586 
6.750 10.050 1.118 1.728 2.353 2.666 2.971 3.135 3.274 3.421 3.478 3.143 2.971 
6.750 10.080 1.118 1.728 2.353 2.666 2.971 3.135 3.273 3.420 3.477 3.143 2.970 
6.750 10.120 1.118 1.728 2.352 2.666 2.971 3.134 3.273 3.420 3.477 3.142 2.970 
6.750 10.200 1.117 1.727 2.352 2.665 2.970 3.134 3.272 3.420 3.477 3.142 2.970 
6.750 10.310 1.116 1.726 2.351 2.665 2.970 3.134 3.272 3.419 3.476 3.139 2.968 
6.750 10.490 1.114 1.724 2.350 2.665 2.971 3.134 3.271 3.418 3.475 3.136 2.966 
6.750 10.760 1.112 1.722 2.349 2.665 2.971 3.133 3.270 3.417 3.473 3.133 2.963 
6.750 11.180 1.104 1.713 2.341 2.659 2.964 3.127 3.263 3.409 3.465 3.123 2.953 
6.750 11.820 1.076 1.686 2.314 2.633 2.938 3.100 3.235 3.380 3.436 3.096 2.919 
6.750 12.770 1.048 1.657 2.287 2.607 2.912 3.073 3.207 3.350 3.406 3.068 2.885 
6.750 14.140 1.019 1.629 2.259 2.580 2.885 3.046 3.179 3.320 3.376 3.040 2.850 
6.750 16.080 0.946 1.543 2.171 2.489 2.792 2.953 3.087 3.227 3.283 2.958 2.752 
6.750 18.740 0.889 1.448 2.072 2.387 2.687 2.848 2.985 3.124 3.179 2.868 2.643 
6.750 22.320 0.826 1.351 1.972 2.284 2.582 2.742 2.882 3.020 3.075 2.777 2.533 
6.750 27.040 0.749 1.248 1.862 2.168 2.463 2.625 2.768 2.905 2.959 2.676 2.418 
6.750 33.160 0.664 1.138 1.742 2.039 2.330 2.494 2.642 2.779 2.830 2.566 2.296 
6.750 41.050 0.573 1.026 1.620 1.908 2.195 2.362 2.515 2.650 2.700 2.454 2.173 
6.750 51.110 0.480 0.913 1.497 1.778 2.060 2.229 2.387 2.521 2.568 2.340 2.050 
6.750 63.890 0.395 0.808 1.387 1.666 1.941 2.110 2.265 2.396 2.435 2.225 1.941 
6.750 80.060 0.304 0.700 1.272 1.550 1.818 1.988 2.141 2.268 2.299 2.107 1.829 
6.750 100.500 0.211 0.588 1.154 1.430 1.692 1.861 2.012 2.136 2.159 1.985 1.713 
6.750 126.290 0.139 0.500 1.070 1.349 1.599 1.759 1.898 2.008 2.016 1.858 1.617 
6.750 158.810 0.070 0.413 0.991 1.275 1.512 1.658 1.781 1.873 1.864 1.721 1.521 
6.750 199.780 -0.002 0.326 0.911 1.201 1.424 1.558 1.663 1.738 1.711 1.583 1.425 
6.750 251.390 -0.077 0.234 0.830 1.121 1.327 1.443 1.530 1.585 1.542 1.430 1.319 
6.750 316.390 -0.163 0.133 0.743 1.028 1.211 1.301 1.366 1.396 1.339 1.243 1.190 
6.750 398.240 -0.246 0.032 0.656 0.936 1.095 1.159 1.202 1.208 1.136 1.057 1.062 
6.750 501.290 -0.332 -0.069 0.569 0.844 0.979 1.017 1.039 1.019 0.933 0.871 0.933 
6.750 631.040 -0.418 -0.170 0.492 0.777 0.917 0.955 0.976 0.953 0.859 0.797 0.833 
6.750 794.390 -0.503 -0.271 0.416 0.711 0.857 0.897 0.917 0.891 0.790 0.727 0.733 
7.000 10.050 1.352 1.914 2.490 2.778 3.063 3.215 3.343 3.482 3.529 3.185 3.061 
7.000 10.080 1.352 1.914 2.489 2.778 3.063 3.215 3.342 3.481 3.529 3.185 3.061 
7.000 10.120 1.351 1.913 2.489 2.778 3.063 3.215 3.342 3.481 3.529 3.184 3.061 
7.000 10.200 1.351 1.913 2.489 2.777 3.062 3.214 3.341 3.481 3.528 3.184 3.060 
7.000 10.310 1.350 1.912 2.488 2.777 3.062 3.214 3.341 3.480 3.528 3.183 3.059 
7.000 10.490 1.349 1.911 2.488 2.777 3.062 3.213 3.340 3.480 3.527 3.181 3.058 
7.000 10.760 1.348 1.910 2.487 2.776 3.061 3.212 3.340 3.479 3.526 3.180 3.057 
7.000 11.180 1.345 1.907 2.485 2.774 3.059 3.210 3.337 3.476 3.524 3.176 3.053 
7.000 11.820 1.337 1.899 2.478 2.768 3.053 3.205 3.331 3.469 3.516 3.166 3.044 
7.000 12.770 1.329 1.891 2.471 2.762 3.047 3.199 3.325 3.462 3.509 3.156 3.035 
7.000 14.140 1.321 1.883 2.464 2.755 3.041 3.193 3.318 3.454 3.501 3.145 3.024 
7.000 16.080 1.231 1.793 2.373 2.663 2.947 3.098 3.225 3.360 3.408 3.065 2.924 
7.000 18.740 1.129 1.689 2.269 2.556 2.838 2.989 3.118 3.252 3.300 2.973 2.808 
7.000 22.320 1.064 1.585 2.163 2.448 2.728 2.879 3.010 3.142 3.191 2.881 2.691 
7.000 27.040 0.986 1.474 2.048 2.328 2.605 2.757 2.891 3.022 3.071 2.778 2.570 
7.000 33.160 0.894 1.357 1.923 2.194 2.468 2.621 2.760 2.891 2.938 2.665 2.443 
7.000 41.050 0.796 1.238 1.795 2.058 2.330 2.484 2.627 2.758 2.804 2.550 2.315 
7.000 51.110 0.696 1.118 1.667 1.923 2.191 2.346 2.493 2.623 2.668 2.434 2.186 
7.000 63.890 0.606 1.010 1.553 1.805 2.066 2.220 2.366 2.495 2.533 2.319 2.075 
7.000 80.060 0.510 0.899 1.435 1.683 1.938 2.091 2.237 2.364 2.395 2.201 1.961 
7.000 100.500 0.409 0.783 1.312 1.558 1.806 1.958 2.102 2.228 2.253 2.079 1.842 
7.000 126.290 0.336 0.695 1.225 1.473 1.708 1.851 1.986 2.101 2.113 1.955 1.746 
7.000 158.810 0.263 0.608 1.144 1.396 1.616 1.748 1.869 1.969 1.966 1.821 1.650 
7.000 199.780 0.190 0.522 1.063 1.318 1.524 1.644 1.751 1.838 1.819 1.688 1.555 
7.000 251.390 0.113 0.431 0.980 1.236 1.423 1.527 1.619 1.688 1.655 1.538 1.449 
7.000 316.390 0.027 0.332 0.893 1.144 1.306 1.385 1.457 1.504 1.456 1.356 1.323 
7.000 398.240 -0.059 0.232 0.806 1.052 1.188 1.244 1.295 1.320 1.258 1.175 1.197 
7.000 501.290 -0.146 0.133 0.719 0.959 1.071 1.102 1.133 1.136 1.060 0.993 1.070 
7.000 631.040 -0.227 0.039 0.648 0.896 1.012 1.043 1.074 1.074 0.991 0.923 0.974 
7.000 794.390 -0.308 -0.055 0.577 0.835 0.955 0.987 1.019 1.016 0.927 0.858 0.880 
7.250 10.050 1.539 2.060 2.594 2.865 3.140 3.285 3.408 3.546 3.592 3.227 3.139 
7.250 10.080 1.539 2.060 2.594 2.865 3.140 3.284 3.408 3.546 3.592 3.227 3.139 
7.250 10.120 1.539 2.059 2.593 2.864 3.140 3.284 3.408 3.546 3.591 3.226 3.138 
7.250 10.200 1.539 2.059 2.593 2.864 3.139 3.284 3.407 3.545 3.591 3.226 3.138 
7.250 10.310 1.538 2.058 2.592 2.864 3.139 3.283 3.407 3.545 3.591 3.225 3.137 
7.250 10.490 1.537 2.057 2.592 2.863 3.138 3.283 3.406 3.544 3.590 3.224 3.136 
7.250 10.760 1.536 2.057 2.591 2.862 3.138 3.282 3.405 3.543 3.589 3.223 3.135 
7.250 11.180 1.534 2.054 2.589 2.861 3.136 3.280 3.404 3.542 3.587 3.219 3.133 
7.250 11.820 1.529 2.049 2.585 2.858 3.134 3.278 3.401 3.537 3.582 3.211 3.127 
7.250 12.770 1.524 2.044 2.581 2.854 3.131 3.275 3.397 3.532 3.577 3.202 3.120 
7.250 14.140 1.517 2.038 2.576 2.850 3.127 3.271 3.393 3.527 3.571 3.193 3.114 
7.250 16.080 1.454 1.974 2.513 2.786 3.061 3.206 3.329 3.461 3.506 3.138 3.043 
7.250 18.740 1.380 1.900 2.440 2.711 2.985 3.129 3.254 3.385 3.431 3.075 2.961 
7.250 22.320 1.306 1.826 2.366 2.635 2.908 3.052 3.178 3.308 3.355 3.011 2.879 
7.250 27.040 1.231 1.722 2.259 2.524 2.795 2.939 3.067 3.196 3.243 2.918 2.767 
7.250 33.160 1.128 1.586 2.117 2.374 2.642 2.787 2.918 3.048 3.092 2.792 2.623 
7.250 41.050 1.012 1.448 1.973 2.222 2.488 2.633 2.767 2.897 2.940 2.665 2.477 
7.250 51.110 0.893 1.310 1.829 2.071 2.334 2.480 2.617 2.746 2.788 2.537 2.332 
7.250 63.890 0.792 1.194 1.705 1.943 2.200 2.345 2.482 2.611 2.647 2.418 2.214 
7.250 80.060 0.686 1.075 1.578 1.811 2.063 2.207 2.343 2.472 2.503 2.296 2.092 
7.250 100.500 0.575 0.951 1.447 1.675 1.921 2.065 2.201 2.330 2.354 2.170 1.966 
7.250 126.290 0.497 0.861 1.355 1.583 1.816 1.955 2.083 2.203 2.216 2.048 1.868 
7.250 158.810 0.423 0.775 1.271 1.499 1.719 1.849 1.967 2.075 2.073 1.920 1.773 
7.250 199.780 0.349 0.690 1.187 1.416 1.621 1.744 1.851 1.946 1.930 1.791 1.677 
7.250 251.390 0.270 0.601 1.101 1.329 1.515 1.626 1.721 1.800 1.770 1.646 1.572 
7.250 316.390 0.183 0.503 1.012 1.234 1.395 1.484 1.561 1.620 1.575 1.469 1.447 
7.250 398.240 0.096 0.405 0.924 1.139 1.274 1.343 1.402 1.439 1.381 1.292 1.322 
7.250 501.290 0.007 0.307 0.835 1.044 1.154 1.201 1.242 1.258 1.186 1.114 1.197 
7.250 631.040 -0.070 0.220 0.768 0.984 1.098 1.145 1.187 1.200 1.122 1.049 1.105 
7.250 794.390 -0.146 0.133 0.701 0.925 1.044 1.094 1.136 1.147 1.062 0.989 1.015 
7.500 10.050 1.722 2.206 2.698 2.951 3.217 3.354 3.474 3.611 3.655 3.269 3.216 
7.500 10.080 1.722 2.205 2.697 2.951 3.217 3.354 3.473 3.611 3.655 3.268 3.216 
7.500 10.120 1.722 2.205 2.697 2.951 3.217 3.353 3.473 3.610 3.654 3.268 3.216 
7.500 10.200 1.721 2.205 2.697 2.950 3.216 3.353 3.473 3.610 3.654 3.268 3.215 
7.500 10.310 1.721 2.204 2.696 2.950 3.216 3.353 3.472 3.609 3.654 3.267 3.215 
7.500 10.490 1.720 2.204 2.696 2.949 3.215 3.352 3.471 3.609 3.653 3.267 3.214 
7.500 10.760 1.719 2.203 2.695 2.948 3.214 3.351 3.471 3.608 3.652 3.266 3.213 
7.500 11.180 1.718 2.201 2.694 2.948 3.214 3.350 3.470 3.607 3.651 3.263 3.212 
7.500 11.820 1.715 2.199 2.692 2.947 3.214 3.351 3.470 3.605 3.648 3.256 3.209 
7.500 12.770 1.712 2.196 2.691 2.946 3.214 3.350 3.469 3.603 3.645 3.249 3.206 
7.500 14.140 1.709 2.193 2.689 2.945 3.213 3.350 3.468 3.601 3.641 3.241 3.202 
7.500 16.080 1.672 2.155 2.653 2.909 3.176 3.313 3.432 3.563 3.604 3.211 3.162 
7.500 18.740 1.628 2.112 2.611 2.865 3.133 3.269 3.389 3.518 3.561 3.177 3.115 
7.500 22.320 1.583 2.067 2.568 2.821 3.088 3.225 3.345 3.473 3.518 3.142 3.067 
7.500 27.040 1.486 1.970 2.469 2.719 2.985 3.121 3.243 3.370 3.414 3.057 2.965 
7.500 33.160 1.343 1.814 2.311 2.553 2.816 2.953 3.076 3.204 3.246 2.920 2.803 
7.500 41.050 1.220 1.658 2.150 2.386 2.646 2.783 2.908 3.036 3.077 2.780 2.639 
7.500 51.110 1.085 1.503 1.991 2.220 2.477 2.614 2.740 2.870 2.908 2.641 2.478 
7.500 63.890 0.975 1.378 1.858 2.081 2.334 2.471 2.597 2.727 2.761 2.518 2.352 
7.500 80.060 0.859 1.251 1.722 1.938 2.187 2.324 2.450 2.581 2.610 2.392 2.223 
7.500 100.500 0.737 1.119 1.582 1.792 2.036 2.173 2.299 2.431 2.456 2.261 2.090 
7.500 126.290 0.655 1.027 1.486 1.692 1.925 2.059 2.180 2.305 2.318 2.142 1.990 
7.500 158.810 0.579 0.943 1.398 1.603 1.821 1.951 2.066 2.180 2.180 2.018 1.895 
7.500 199.780 0.503 0.858 1.311 1.513 1.718 1.844 1.952 2.055 2.041 1.894 1.799 
7.500 251.390 0.423 0.770 1.222 1.421 1.607 1.725 1.823 1.912 1.885 1.754 1.694 
7.500 316.390 0.334 0.674 1.132 1.324 1.484 1.583 1.666 1.735 1.694 1.581 1.571 
7.500 398.240 0.245 0.578 1.042 1.226 1.361 1.442 1.509 1.557 1.504 1.409 1.447 
7.500 501.290 0.156 0.482 0.952 1.128 1.237 1.300 1.352 1.380 1.313 1.236 1.323 
7.500 631.040 0.082 0.400 0.888 1.071 1.184 1.248 1.301 1.326 1.253 1.175 1.236 
7.500 794.390 0.009 0.320 0.825 1.016 1.133 1.200 1.254 1.278 1.198 1.119 1.151 
7.750 10.050 1.857 2.308 2.760 3.001 3.264 3.398 3.520 3.658 3.704 3.304 3.279 
7.750 10.080 1.857 2.308 2.760 3.001 3.264 3.397 3.520 3.658 3.704 3.304 3.279 
7.750 10.120 1.856 2.308 2.760 3.000 3.263 3.397 3.519 3.658 3.703 3.304 3.278 
7.750 10.200 1.856 2.307 2.759 3.000 3.263 3.397 3.519 3.657 3.703 3.303 3.278 
7.750 10.310 1.855 2.307 2.759 2.999 3.262 3.396 3.519 3.657 3.703 3.303 3.277 
7.750 10.490 1.855 2.306 2.758 2.999 3.262 3.396 3.518 3.656 3.702 3.302 3.277 
7.750 10.760 1.854 2.305 2.757 2.998 3.261 3.395 3.517 3.655 3.701 3.301 3.276 
7.750 11.180 1.853 2.304 2.756 2.997 3.260 3.394 3.516 3.654 3.700 3.300 3.275 
7.750 11.820 1.851 2.302 2.755 2.996 3.259 3.393 3.515 3.653 3.698 3.295 3.273 
7.750 12.770 1.848 2.300 2.753 2.995 3.258 3.392 3.514 3.651 3.695 3.291 3.270 
7.750 14.140 1.846 2.297 2.751 2.994 3.257 3.391 3.513 3.649 3.693 3.286 3.268 
7.750 16.080 1.825 2.277 2.732 2.974 3.238 3.373 3.494 3.628 3.672 3.267 3.246 
7.750 18.740 1.801 2.253 2.710 2.951 3.216 3.351 3.472 3.604 3.648 3.246 3.221 
7.750 22.320 1.776 2.228 2.686 2.927 3.193 3.328 3.449 3.578 3.623 3.223 3.195 
7.750 27.040 1.698 2.149 2.609 2.848 3.112 3.247 3.369 3.497 3.542 3.157 3.114 
7.750 33.160 1.562 2.014 2.473 2.707 2.969 3.104 3.227 3.355 3.399 3.044 2.973 
7.750 41.050 1.424 1.876 2.336 2.565 2.824 2.958 3.083 3.212 3.254 2.928 2.830 
7.750 51.110 1.312 1.735 2.195 2.419 2.675 2.810 2.935 3.064 3.104 2.808 2.685 
7.750 63.890 1.178 1.586 2.038 2.255 2.508 2.643 2.768 2.898 2.932 2.665 2.534 
7.750 80.060 1.034 1.432 1.877 2.089 2.339 2.473 2.597 2.728 2.757 2.518 2.380 
7.750 100.500 0.883 1.275 1.712 1.918 2.165 2.299 2.422 2.555 2.577 2.367 2.221 
7.750 126.290 0.791 1.176 1.605 1.807 2.045 2.178 2.297 2.423 2.435 2.246 2.114 
7.750 158.810 0.712 1.092 1.512 1.712 1.939 2.069 2.184 2.301 2.300 2.128 2.018 
7.750 199.780 0.633 1.007 1.420 1.616 1.833 1.961 2.070 2.178 2.164 2.010 1.922 
7.750 251.390 0.550 0.919 1.327 1.519 1.721 1.841 1.942 2.037 2.011 1.874 1.816 
7.750 316.390 0.459 0.824 1.234 1.417 1.595 1.699 1.785 1.860 1.821 1.704 1.693 
7.750 398.240 0.367 0.728 1.141 1.316 1.470 1.556 1.628 1.683 1.631 1.533 1.569 
7.750 501.290 0.277 0.632 1.048 1.215 1.345 1.414 1.472 1.506 1.442 1.363 1.445 
7.750 631.040 0.206 0.556 0.988 1.160 1.295 1.366 1.425 1.457 1.386 1.306 1.363 
7.750 794.390 0.135 0.481 0.929 1.108 1.249 1.322 1.382 1.414 1.336 1.255 1.282 
8.000 10.050 1.986 2.411 2.823 3.051 3.310 3.441 3.567 3.706 3.753 3.340 3.341 
8.000 10.080 1.985 2.410 2.823 3.050 3.310 3.441 3.566 3.706 3.753 3.340 3.341 
8.000 10.120 1.985 2.410 2.822 3.050 3.310 3.441 3.566 3.705 3.752 3.339 3.341 
8.000 10.200 1.985 2.410 2.822 3.049 3.309 3.440 3.566 3.705 3.752 3.339 3.340 
8.000 10.310 1.984 2.409 2.821 3.049 3.309 3.440 3.565 3.704 3.752 3.338 3.340 
8.000 10.490 1.984 2.409 2.821 3.048 3.308 3.439 3.564 3.704 3.751 3.338 3.339 
8.000 10.760 1.983 2.408 2.820 3.047 3.307 3.438 3.564 3.703 3.750 3.337 3.338 
8.000 11.180 1.982 2.407 2.819 3.046 3.306 3.437 3.562 3.702 3.749 3.336 3.337 
8.000 11.820 1.980 2.405 2.817 3.045 3.305 3.436 3.561 3.700 3.748 3.335 3.336 
8.000 12.770 1.979 2.404 2.816 3.044 3.303 3.434 3.560 3.699 3.746 3.333 3.334 
8.000 14.140 1.977 2.402 2.814 3.042 3.301 3.432 3.558 3.697 3.744 3.331 3.332 
8.000 16.080 1.973 2.398 2.811 3.040 3.300 3.432 3.557 3.693 3.740 3.323 3.330 
8.000 18.740 1.969 2.394 2.808 3.037 3.299 3.432 3.556 3.689 3.735 3.315 3.327 
8.000 22.320 1.964 2.388 2.805 3.034 3.297 3.431 3.554 3.683 3.729 3.305 3.323 
8.000 27.040 1.905 2.330 2.749 2.977 3.239 3.373 3.496 3.624 3.669 3.257 3.264 
8.000 33.160 1.788 2.213 2.636 2.861 3.121 3.255 3.378 3.506 3.551 3.167 3.143 
8.000 41.050 1.669 2.094 2.522 2.744 3.001 3.134 3.258 3.387 3.431 3.076 3.021 
8.000 51.110 1.543 1.968 2.400 2.618 2.872 3.005 3.130 3.259 3.302 2.976 2.892 
8.000 63.890 1.379 1.793 2.217 2.430 2.683 2.815 2.939 3.069 3.104 2.811 2.716 
8.000 80.060 1.208 1.614 2.032 2.240 2.490 2.622 2.744 2.876 2.904 2.644 2.537 
8.000 100.500 1.029 1.431 1.842 2.044 2.294 2.425 2.545 2.678 2.699 2.472 2.353 
8.000 126.290 0.926 1.325 1.724 1.922 2.166 2.296 2.414 2.542 2.552 2.349 2.238 
8.000 158.810 0.844 1.241 1.627 1.821 2.057 2.187 2.301 2.421 2.420 2.237 2.141 
8.000 199.780 0.760 1.157 1.529 1.719 1.949 2.078 2.188 2.300 2.287 2.125 2.044 
8.000 251.390 0.675 1.068 1.432 1.617 1.834 1.957 2.060 2.161 2.136 1.995 1.938 
8.000 316.390 0.580 0.973 1.336 1.511 1.707 1.814 1.904 1.985 1.948 1.826 1.815 
8.000 398.240 0.486 0.878 1.240 1.406 1.580 1.671 1.748 1.809 1.759 1.658 1.691 
8.000 501.290 0.392 0.783 1.145 1.301 1.452 1.528 1.592 1.633 1.571 1.489 1.567 
8.000 631.040 0.324 0.712 1.088 1.250 1.406 1.484 1.549 1.588 1.520 1.438 1.489 
8.000 794.390 0.255 0.643 1.032 1.201 1.364 1.444 1.511 1.549 1.475 1.392 1.413 
