CanadaSHM5_AA13_stablecrust_central , distance is rhypo. Log10 ground motion values in cgs units
          15 30 11 : nmag, ndist, nperiod
          10.000 5.000 2.000 1.000 0.500 0.300 0.200 0.100 0.050 PGA PGV 
          0.620 0.620 0.620 0.620 0.580 0.540 0.530 0.530 0.530 0.530 0.620
4.500 10.050 -1.988 -0.687 0.405 1.117 1.781 2.121 2.396 2.638 2.615 2.265 1.730 
4.500 10.080 -1.997 -0.696 0.395 1.107 1.771 2.111 2.385 2.626 2.601 2.257 1.718 
4.500 10.120 -2.003 -0.705 0.385 1.097 1.760 2.101 2.374 2.613 2.588 2.248 1.705 
4.500 10.200 -2.001 -0.714 0.375 1.087 1.749 2.090 2.363 2.601 2.574 2.240 1.693 
4.500 10.310 -2.011 -0.734 0.352 1.063 1.725 2.067 2.339 2.574 2.546 2.218 1.665 
4.500 10.490 -2.012 -0.761 0.321 1.031 1.693 2.036 2.306 2.538 2.508 2.188 1.628 
4.500 10.760 -2.014 -0.789 0.290 0.999 1.662 2.005 2.274 2.502 2.470 2.158 1.590 
4.500 11.180 -2.023 -0.822 0.252 0.960 1.622 1.967 2.234 2.458 2.424 2.121 1.545 
4.500 11.820 -2.045 -0.878 0.191 0.899 1.561 1.906 2.172 2.391 2.353 2.058 1.475 
4.500 12.770 -2.063 -0.934 0.130 0.837 1.499 1.846 2.109 2.324 2.282 1.996 1.404 
4.500 14.140 -2.081 -0.989 0.069 0.776 1.438 1.785 2.047 2.257 2.211 1.933 1.334 
4.500 16.080 -2.130 -1.079 -0.026 0.679 1.340 1.688 1.946 2.150 2.096 1.829 1.224 
4.500 18.740 -2.185 -1.174 -0.128 0.576 1.237 1.585 1.840 2.036 1.974 1.717 1.108 
4.500 22.320 -2.239 -1.269 -0.229 0.474 1.134 1.482 1.733 1.922 1.852 1.606 0.992 
4.500 27.040 -2.305 -1.377 -0.344 0.357 1.015 1.363 1.609 1.791 1.710 1.476 0.860 
4.500 33.160 -2.387 -1.499 -0.473 0.224 0.880 1.226 1.467 1.640 1.546 1.325 0.711 
4.500 41.050 -2.467 -1.622 -0.603 0.092 0.745 1.089 1.326 1.490 1.383 1.174 0.562 
4.500 51.110 -2.545 -1.742 -0.730 -0.039 0.611 0.954 1.185 1.341 1.221 1.025 0.415 
4.500 63.890 -2.605 -1.841 -0.837 -0.151 0.494 0.833 1.059 1.206 1.073 0.889 0.286 
4.500 80.060 -2.662 -1.940 -0.944 -0.263 0.376 0.712 0.932 1.071 0.926 0.754 0.158 
4.500 100.500 -2.718 -2.038 -1.050 -0.375 0.258 0.591 0.806 0.936 0.778 0.618 0.029 
4.500 126.290 -2.777 -2.137 -1.155 -0.488 0.136 0.461 0.665 0.777 0.604 0.461 -0.108 
4.500 158.810 -2.834 -2.236 -1.258 -0.601 0.012 0.327 0.520 0.608 0.420 0.295 -0.248 
4.500 199.780 -2.891 -2.335 -1.362 -0.714 -0.112 0.192 0.374 0.440 0.236 0.129 -0.388 
4.500 251.390 -2.958 -2.442 -1.471 -0.835 -0.247 0.043 0.211 0.250 0.030 -0.057 -0.540 
4.500 316.390 -3.039 -2.565 -1.592 -0.970 -0.403 -0.135 0.013 0.020 -0.217 -0.283 -0.717 
4.500 398.240 -3.123 -2.689 -1.713 -1.105 -0.560 -0.313 -0.184 -0.211 -0.465 -0.508 -0.894 
4.500 501.290 -3.204 -2.812 -1.833 -1.240 -0.716 -0.491 -0.382 -0.441 -0.712 -0.734 -1.071 
4.500 631.040 -3.367 -3.016 -2.003 -1.389 -0.847 -0.614 -0.501 -0.564 -0.845 -0.867 -1.250 
4.500 794.390 -3.533 -3.224 -2.174 -1.538 -0.976 -0.735 -0.617 -0.682 -0.973 -0.995 -1.429 
4.750 10.050 -1.598 -0.389 0.653 1.322 1.941 2.260 2.513 2.732 2.703 2.357 1.873 
4.750 10.080 -1.605 -0.396 0.644 1.314 1.932 2.251 2.504 2.722 2.692 2.350 1.863 
4.750 10.120 -1.612 -0.403 0.636 1.305 1.924 2.243 2.495 2.712 2.681 2.343 1.853 
4.750 10.200 -1.610 -0.411 0.628 1.297 1.915 2.234 2.486 2.701 2.669 2.336 1.843 
4.750 10.310 -1.619 -0.430 0.607 1.275 1.892 2.213 2.463 2.676 2.643 2.316 1.817 
4.750 10.490 -1.623 -0.456 0.577 1.244 1.861 2.182 2.432 2.642 2.607 2.288 1.781 
4.750 10.760 -1.623 -0.482 0.547 1.213 1.831 2.153 2.400 2.607 2.571 2.260 1.746 
4.750 11.180 -1.633 -0.516 0.510 1.176 1.793 2.116 2.362 2.566 2.528 2.225 1.702 
4.750 11.820 -1.657 -0.570 0.451 1.116 1.733 2.057 2.301 2.500 2.459 2.164 1.634 
4.750 12.770 -1.675 -0.624 0.392 1.056 1.673 1.997 2.240 2.435 2.390 2.104 1.565 
4.750 14.140 -1.694 -0.679 0.332 0.996 1.614 1.938 2.179 2.370 2.321 2.044 1.497 
4.750 16.080 -1.743 -0.766 0.240 0.903 1.519 1.844 2.081 2.266 2.210 1.943 1.391 
4.750 18.740 -1.797 -0.859 0.141 0.803 1.418 1.743 1.978 2.156 2.091 1.836 1.278 
4.750 22.320 -1.851 -0.951 0.043 0.703 1.318 1.643 1.874 2.046 1.972 1.728 1.166 
4.750 27.040 -1.917 -1.056 -0.068 0.590 1.203 1.527 1.754 1.918 1.835 1.603 1.038 
4.750 33.160 -1.998 -1.174 -0.193 0.462 1.072 1.395 1.617 1.773 1.677 1.457 0.895 
4.750 41.050 -2.077 -1.293 -0.318 0.334 0.941 1.263 1.480 1.627 1.519 1.312 0.751 
4.750 51.110 -2.154 -1.409 -0.441 0.208 0.812 1.132 1.345 1.483 1.363 1.168 0.609 
4.750 63.890 -2.212 -1.504 -0.543 0.100 0.699 1.015 1.222 1.353 1.220 1.038 0.485 
4.750 80.060 -2.268 -1.600 -0.646 -0.008 0.585 0.899 1.100 1.223 1.077 0.907 0.362 
4.750 100.500 -2.325 -1.695 -0.749 -0.116 0.472 0.782 0.977 1.093 0.935 0.777 0.238 
4.750 126.290 -2.383 -1.790 -0.849 -0.224 0.354 0.655 0.841 0.939 0.767 0.625 0.107 
4.750 158.810 -2.439 -1.886 -0.948 -0.332 0.235 0.526 0.701 0.776 0.588 0.465 -0.027 
4.750 199.780 -2.496 -1.981 -1.047 -0.440 0.116 0.396 0.560 0.613 0.410 0.305 -0.161 
4.750 251.390 -2.559 -2.084 -1.152 -0.556 -0.015 0.251 0.402 0.429 0.211 0.126 -0.307 
4.750 316.390 -2.641 -2.203 -1.268 -0.686 -0.166 0.078 0.209 0.205 -0.029 -0.093 -0.477 
4.750 398.240 -2.721 -2.322 -1.385 -0.817 -0.318 -0.095 0.017 -0.019 -0.270 -0.311 -0.648 
4.750 501.290 -2.802 -2.441 -1.501 -0.947 -0.469 -0.269 -0.175 -0.243 -0.510 -0.529 -0.818 
4.750 631.040 -2.954 -2.632 -1.658 -1.085 -0.591 -0.383 -0.287 -0.358 -0.635 -0.655 -0.988 
4.750 794.390 -3.109 -2.826 -1.817 -1.223 -0.711 -0.495 -0.395 -0.468 -0.756 -0.776 -1.157 
5.000 10.050 -1.211 -0.090 0.901 1.527 2.101 2.398 2.630 2.826 2.791 2.447 2.017 
5.000 10.080 -1.217 -0.096 0.894 1.520 2.094 2.392 2.623 2.818 2.782 2.442 2.009 
5.000 10.120 -1.223 -0.102 0.888 1.514 2.087 2.385 2.615 2.810 2.773 2.437 2.001 
5.000 10.200 -1.228 -0.108 0.881 1.507 2.080 2.378 2.608 2.802 2.764 2.431 1.993 
5.000 10.310 -1.233 -0.126 0.861 1.486 2.059 2.358 2.587 2.778 2.740 2.414 1.969 
5.000 10.490 -1.242 -0.151 0.832 1.457 2.029 2.329 2.557 2.746 2.706 2.388 1.935 
5.000 10.760 -1.241 -0.177 0.803 1.427 2.000 2.300 2.527 2.713 2.673 2.362 1.901 
5.000 11.180 -1.248 -0.209 0.768 1.391 1.963 2.265 2.490 2.673 2.631 2.329 1.859 
5.000 11.820 -1.275 -0.262 0.710 1.333 1.905 2.207 2.430 2.610 2.565 2.271 1.793 
5.000 12.770 -1.293 -0.315 0.653 1.275 1.847 2.149 2.370 2.547 2.498 2.213 1.726 
5.000 14.140 -1.312 -0.369 0.596 1.217 1.789 2.092 2.311 2.483 2.431 2.155 1.660 
5.000 16.080 -1.362 -0.453 0.506 1.126 1.697 1.999 2.216 2.382 2.323 2.058 1.557 
5.000 18.740 -1.416 -0.543 0.411 1.030 1.600 1.902 2.116 2.276 2.208 1.954 1.448 
5.000 22.320 -1.469 -0.633 0.315 0.933 1.502 1.804 2.015 2.169 2.093 1.850 1.340 
5.000 27.040 -1.536 -0.735 0.208 0.824 1.391 1.692 1.900 2.046 1.960 1.729 1.216 
5.000 33.160 -1.614 -0.849 0.087 0.701 1.264 1.564 1.767 1.905 1.808 1.589 1.078 
5.000 41.050 -1.692 -0.964 -0.033 0.577 1.138 1.437 1.634 1.765 1.655 1.449 0.940 
5.000 51.110 -1.771 -1.076 -0.151 0.456 1.013 1.310 1.503 1.626 1.504 1.311 0.803 
5.000 63.890 -1.824 -1.168 -0.250 0.352 0.904 1.198 1.385 1.500 1.367 1.186 0.684 
5.000 80.060 -1.880 -1.260 -0.348 0.248 0.795 1.085 1.267 1.375 1.229 1.061 0.566 
5.000 100.500 -1.937 -1.352 -0.447 0.144 0.686 0.972 1.149 1.249 1.092 0.935 0.447 
5.000 126.290 -1.992 -1.444 -0.543 0.041 0.573 0.850 1.017 1.101 0.929 0.790 0.322 
5.000 158.810 -2.047 -1.535 -0.638 -0.063 0.458 0.725 0.882 0.944 0.757 0.636 0.194 
5.000 199.780 -2.103 -1.627 -0.733 -0.166 0.343 0.599 0.746 0.786 0.585 0.482 0.066 
5.000 251.390 -2.170 -1.726 -0.833 -0.277 0.217 0.459 0.593 0.608 0.392 0.309 -0.074 
5.000 316.390 -2.247 -1.841 -0.945 -0.403 0.071 0.291 0.406 0.391 0.159 0.097 -0.237 
5.000 398.240 -2.325 -1.956 -1.056 -0.528 -0.075 0.123 0.219 0.173 -0.074 -0.114 -0.401 
5.000 501.290 -2.406 -2.070 -1.168 -0.654 -0.222 -0.046 0.032 -0.045 -0.308 -0.325 -0.565 
5.000 631.040 -2.547 -2.248 -1.313 -0.781 -0.334 -0.152 -0.072 -0.153 -0.425 -0.443 -0.725 
5.000 794.390 -2.691 -2.428 -1.460 -0.908 -0.445 -0.256 -0.173 -0.256 -0.538 -0.557 -0.885 
5.250 10.050 -0.861 0.175 1.118 1.703 2.238 2.515 2.727 2.901 2.860 2.519 2.141 
5.250 10.080 -0.864 0.172 1.115 1.700 2.234 2.511 2.723 2.897 2.855 2.517 2.137 
5.250 10.120 -0.867 0.169 1.111 1.696 2.230 2.508 2.719 2.892 2.850 2.514 2.133 
5.250 10.200 -0.871 0.166 1.108 1.692 2.227 2.504 2.715 2.888 2.846 2.511 2.129 
5.250 10.310 -0.883 0.149 1.090 1.674 2.208 2.486 2.696 2.867 2.824 2.495 2.107 
5.250 10.490 -0.895 0.125 1.062 1.645 2.179 2.457 2.667 2.835 2.791 2.471 2.074 
5.250 10.760 -0.896 0.100 1.034 1.617 2.151 2.429 2.637 2.803 2.758 2.448 2.041 
5.250 11.180 -0.902 0.068 1.000 1.582 2.115 2.395 2.601 2.765 2.717 2.416 2.001 
5.250 11.820 -0.929 0.017 0.944 1.526 2.059 2.339 2.544 2.704 2.653 2.362 1.937 
5.250 12.770 -0.947 -0.035 0.889 1.470 2.003 2.283 2.486 2.643 2.590 2.307 1.873 
5.250 14.140 -0.966 -0.086 0.833 1.414 1.946 2.227 2.429 2.582 2.526 2.253 1.809 
5.250 16.080 -1.016 -0.169 0.746 1.326 1.857 2.138 2.337 2.484 2.421 2.159 1.709 
5.250 18.740 -1.069 -0.256 0.654 1.233 1.762 2.043 2.239 2.381 2.310 2.059 1.604 
5.250 22.320 -1.122 -0.344 0.562 1.139 1.667 1.948 2.141 2.277 2.198 1.959 1.498 
5.250 27.040 -1.187 -0.443 0.458 1.033 1.559 1.839 2.029 2.158 2.069 1.842 1.379 
5.250 33.160 -1.264 -0.554 0.342 0.914 1.437 1.715 1.901 2.023 1.922 1.708 1.246 
5.250 41.050 -1.341 -0.664 0.226 0.795 1.316 1.591 1.773 1.887 1.775 1.573 1.113 
5.250 51.110 -1.416 -0.773 0.112 0.678 1.195 1.469 1.646 1.753 1.629 1.440 0.982 
5.250 63.890 -1.472 -0.862 0.017 0.579 1.090 1.360 1.532 1.632 1.496 1.320 0.868 
5.250 80.060 -1.528 -0.950 -0.078 0.479 0.985 1.251 1.418 1.511 1.364 1.199 0.754 
5.250 100.500 -1.584 -1.039 -0.172 0.379 0.880 1.142 1.304 1.390 1.231 1.079 0.640 
5.250 126.290 -1.638 -1.127 -0.264 0.280 0.771 1.025 1.177 1.247 1.074 0.939 0.521 
5.250 158.810 -1.693 -1.215 -0.355 0.180 0.660 0.904 1.046 1.095 0.908 0.791 0.399 
5.250 199.780 -1.748 -1.302 -0.445 0.081 0.550 0.783 0.915 0.943 0.742 0.644 0.277 
5.250 251.390 -1.810 -1.398 -0.541 -0.025 0.429 0.648 0.766 0.771 0.556 0.477 0.143 
5.250 316.390 -1.888 -1.508 -0.648 -0.146 0.288 0.484 0.585 0.560 0.330 0.272 -0.014 
5.250 398.240 -1.965 -1.619 -0.755 -0.266 0.146 0.321 0.403 0.348 0.104 0.068 -0.171 
5.250 501.290 -2.044 -1.730 -0.862 -0.386 0.005 0.158 0.222 0.137 -0.122 -0.136 -0.328 
5.250 631.040 -2.176 -1.895 -0.996 -0.504 -0.099 0.058 0.125 0.036 -0.233 -0.247 -0.480 
5.250 794.390 -2.312 -2.062 -1.131 -0.621 -0.202 -0.038 0.031 -0.060 -0.339 -0.354 -0.632 
5.500 10.050 -0.516 0.441 1.336 1.879 2.374 2.631 2.823 2.975 2.928 2.591 2.266 
5.500 10.080 -0.516 0.441 1.335 1.879 2.374 2.631 2.823 2.975 2.928 2.591 2.266 
5.500 10.120 -0.517 0.440 1.335 1.879 2.374 2.631 2.823 2.975 2.927 2.591 2.265 
5.500 10.200 -0.517 0.440 1.335 1.878 2.373 2.631 2.822 2.974 2.927 2.591 2.265 
5.500 10.310 -0.532 0.425 1.318 1.861 2.356 2.613 2.805 2.955 2.907 2.577 2.245 
5.500 10.490 -0.551 0.400 1.291 1.834 2.329 2.586 2.776 2.924 2.875 2.555 2.213 
5.500 10.760 -0.562 0.376 1.265 1.807 2.301 2.558 2.748 2.894 2.843 2.533 2.181 
5.500 11.180 -0.564 0.345 1.232 1.773 2.267 2.524 2.713 2.856 2.803 2.504 2.142 
5.500 11.820 -0.589 0.295 1.178 1.719 2.212 2.471 2.658 2.798 2.742 2.453 2.081 
5.500 12.770 -0.609 0.246 1.125 1.666 2.158 2.417 2.602 2.739 2.682 2.401 2.019 
5.500 14.140 -0.627 0.196 1.071 1.612 2.103 2.363 2.547 2.681 2.621 2.350 1.958 
5.500 16.080 -0.676 0.116 0.987 1.526 2.016 2.276 2.458 2.586 2.519 2.260 1.861 
5.500 18.740 -0.728 0.030 0.898 1.436 1.924 2.184 2.363 2.486 2.411 2.164 1.759 
5.500 22.320 -0.782 -0.055 0.809 1.345 1.832 2.091 2.268 2.386 2.303 2.067 1.657 
5.500 27.040 -0.844 -0.150 0.709 1.243 1.728 1.986 2.159 2.271 2.179 1.955 1.542 
5.500 33.160 -0.920 -0.258 0.597 1.128 1.610 1.866 2.035 2.140 2.037 1.826 1.414 
5.500 41.050 -0.995 -0.365 0.485 1.013 1.493 1.746 1.911 2.010 1.895 1.697 1.286 
5.500 51.110 -1.069 -0.470 0.375 0.901 1.377 1.628 1.788 1.881 1.754 1.569 1.160 
5.500 63.890 -1.124 -0.555 0.284 0.805 1.276 1.523 1.679 1.764 1.626 1.454 1.051 
5.500 80.060 -1.180 -0.641 0.193 0.710 1.175 1.418 1.569 1.647 1.498 1.338 0.942 
5.500 100.500 -1.234 -0.726 0.102 0.614 1.074 1.313 1.459 1.530 1.370 1.223 0.833 
5.500 126.290 -1.288 -0.810 0.015 0.519 0.969 1.200 1.337 1.392 1.219 1.089 0.719 
5.500 158.810 -1.343 -0.894 -0.071 0.424 0.863 1.083 1.210 1.246 1.059 0.947 0.603 
5.500 199.780 -1.396 -0.978 -0.158 0.329 0.757 0.967 1.084 1.100 0.900 0.805 0.487 
5.500 251.390 -1.456 -1.069 -0.249 0.227 0.641 0.837 0.940 0.934 0.720 0.644 0.359 
5.500 316.390 -1.534 -1.176 -0.351 0.112 0.504 0.678 0.764 0.729 0.501 0.447 0.209 
5.500 398.240 -1.611 -1.282 -0.453 -0.003 0.368 0.519 0.588 0.524 0.282 0.250 0.058 
5.500 501.290 -1.687 -1.389 -0.555 -0.118 0.232 0.361 0.411 0.318 0.063 0.052 -0.092 
5.500 631.040 -1.811 -1.542 -0.678 -0.226 0.136 0.269 0.321 0.224 -0.041 -0.051 -0.235 
5.500 794.390 -1.936 -1.696 -0.802 -0.334 0.042 0.180 0.235 0.135 -0.141 -0.151 -0.378 
5.750 10.050 -0.209 0.676 1.523 2.031 2.493 2.733 2.909 3.040 2.989 2.655 2.377 
5.750 10.080 -0.209 0.676 1.523 2.031 2.493 2.733 2.909 3.040 2.989 2.655 2.377 
5.750 10.120 -0.209 0.676 1.523 2.031 2.493 2.733 2.908 3.040 2.989 2.655 2.377 
5.750 10.200 -0.210 0.676 1.523 2.031 2.493 2.733 2.908 3.040 2.989 2.654 2.376 
5.750 10.310 -0.221 0.664 1.510 2.018 2.480 2.719 2.895 3.025 2.973 2.645 2.361 
5.750 10.490 -0.240 0.645 1.490 1.997 2.458 2.698 2.873 3.001 2.948 2.629 2.337 
5.750 10.760 -0.253 0.626 1.469 1.976 2.437 2.677 2.850 2.977 2.923 2.613 2.312 
5.750 11.180 -0.259 0.600 1.441 1.947 2.408 2.648 2.821 2.946 2.890 2.589 2.279 
5.750 11.820 -0.280 0.550 1.388 1.894 2.354 2.594 2.766 2.889 2.831 2.540 2.218 
5.750 12.770 -0.303 0.501 1.336 1.841 2.300 2.541 2.712 2.831 2.772 2.491 2.158 
5.750 14.140 -0.319 0.452 1.283 1.788 2.246 2.487 2.657 2.774 2.713 2.442 2.098 
5.750 16.080 -0.369 0.372 1.200 1.704 2.161 2.402 2.569 2.681 2.613 2.354 2.003 
5.750 18.740 -0.422 0.287 1.112 1.615 2.070 2.310 2.475 2.583 2.507 2.260 1.903 
5.750 22.320 -0.476 0.203 1.024 1.525 1.979 2.219 2.381 2.484 2.400 2.166 1.802 
5.750 27.040 -0.540 0.109 0.926 1.425 1.876 2.115 2.274 2.371 2.278 2.057 1.690 
5.750 33.160 -0.616 0.004 0.816 1.313 1.761 1.997 2.153 2.244 2.140 1.931 1.565 
5.750 41.050 -0.693 -0.102 0.707 1.200 1.646 1.880 2.031 2.116 2.001 1.806 1.440 
5.750 51.110 -0.767 -0.204 0.599 1.090 1.532 1.764 1.911 1.990 1.864 1.681 1.317 
5.750 63.890 -0.823 -0.288 0.511 0.997 1.434 1.661 1.804 1.876 1.739 1.569 1.211 
5.750 80.060 -0.879 -0.372 0.422 0.904 1.335 1.558 1.696 1.762 1.614 1.457 1.105 
5.750 100.500 -0.935 -0.456 0.334 0.811 1.236 1.456 1.589 1.648 1.489 1.344 1.000 
5.750 126.290 -0.989 -0.538 0.249 0.719 1.135 1.345 1.470 1.514 1.342 1.214 0.890 
5.750 158.810 -1.044 -0.620 0.166 0.627 1.032 1.232 1.347 1.372 1.187 1.078 0.778 
5.750 199.780 -1.097 -0.701 0.083 0.535 0.930 1.119 1.224 1.230 1.032 0.941 0.667 
5.750 251.390 -1.160 -0.790 -0.006 0.437 0.817 0.992 1.085 1.069 0.857 0.786 0.544 
5.750 316.390 -1.237 -0.894 -0.105 0.325 0.684 0.837 0.912 0.869 0.644 0.594 0.399 
5.750 398.240 -1.312 -0.997 -0.203 0.213 0.551 0.682 0.739 0.669 0.430 0.402 0.254 
5.750 501.290 -1.389 -1.100 -0.302 0.102 0.418 0.527 0.567 0.469 0.217 0.211 0.109 
5.750 631.040 -1.504 -1.243 -0.416 0.002 0.329 0.442 0.482 0.380 0.119 0.112 -0.027 
5.750 794.390 -1.621 -1.387 -0.530 -0.098 0.242 0.359 0.402 0.296 0.025 0.019 -0.163 
6.000 10.050 0.095 0.911 1.711 2.183 2.612 2.834 2.994 3.105 3.050 2.718 2.488 
6.000 10.080 0.095 0.911 1.711 2.183 2.612 2.834 2.994 3.105 3.050 2.718 2.488 
6.000 10.120 0.095 0.911 1.711 2.183 2.612 2.834 2.994 3.105 3.050 2.718 2.488 
6.000 10.200 0.095 0.911 1.711 2.183 2.612 2.834 2.994 3.105 3.050 2.718 2.488 
6.000 10.310 0.087 0.903 1.702 2.174 2.603 2.825 2.985 3.095 3.039 2.712 2.477 
6.000 10.490 0.073 0.889 1.688 2.159 2.588 2.810 2.969 3.078 3.021 2.702 2.460 
6.000 10.760 0.060 0.876 1.673 2.144 2.573 2.795 2.953 3.061 3.004 2.692 2.443 
6.000 11.180 0.042 0.854 1.650 2.121 2.549 2.771 2.928 3.035 2.976 2.673 2.416 
6.000 11.820 0.017 0.805 1.598 2.069 2.496 2.718 2.875 2.979 2.919 2.627 2.357 
6.000 12.770 -0.001 0.757 1.547 2.016 2.443 2.665 2.821 2.924 2.862 2.580 2.297 
6.000 14.140 -0.020 0.708 1.495 1.964 2.390 2.612 2.768 2.868 2.805 2.534 2.238 
6.000 16.080 -0.069 0.629 1.413 1.881 2.305 2.527 2.680 2.777 2.707 2.449 2.145 
6.000 18.740 -0.123 0.545 1.326 1.793 2.215 2.437 2.587 2.679 2.602 2.357 2.046 
6.000 22.320 -0.178 0.461 1.240 1.705 2.125 2.346 2.495 2.582 2.497 2.265 1.947 
6.000 27.040 -0.243 0.368 1.143 1.606 2.024 2.244 2.389 2.472 2.378 2.159 1.837 
6.000 33.160 -0.319 0.265 1.036 1.497 1.911 2.129 2.270 2.347 2.242 2.037 1.716 
6.000 41.050 -0.396 0.162 0.929 1.387 1.799 2.013 2.151 2.222 2.107 1.914 1.594 
6.000 51.110 -0.470 0.061 0.824 1.279 1.688 1.899 2.034 2.099 1.973 1.793 1.474 
6.000 63.890 -0.527 -0.022 0.738 1.189 1.592 1.799 1.929 1.988 1.851 1.684 1.371 
6.000 80.060 -0.583 -0.104 0.652 1.098 1.495 1.699 1.824 1.877 1.729 1.575 1.268 
6.000 100.500 -0.639 -0.186 0.566 1.008 1.399 1.598 1.719 1.766 1.607 1.466 1.166 
6.000 126.290 -0.696 -0.266 0.484 0.918 1.301 1.491 1.603 1.636 1.465 1.341 1.060 
6.000 158.810 -0.750 -0.345 0.403 0.830 1.201 1.381 1.484 1.499 1.315 1.209 0.953 
6.000 199.780 -0.805 -0.425 0.323 0.741 1.102 1.271 1.365 1.361 1.164 1.077 0.846 
6.000 251.390 -0.867 -0.511 0.237 0.646 0.992 1.147 1.229 1.204 0.994 0.927 0.728 
6.000 316.390 -0.942 -0.611 0.142 0.538 0.863 0.996 1.060 1.009 0.787 0.741 0.589 
6.000 398.240 -1.019 -0.712 0.047 0.430 0.734 0.845 0.891 0.814 0.579 0.555 0.449 
6.000 501.290 -1.094 -0.812 -0.049 0.321 0.604 0.694 0.722 0.619 0.371 0.369 0.309 
6.000 631.040 -1.202 -0.944 -0.153 0.230 0.522 0.614 0.643 0.536 0.279 0.277 0.181 
6.000 794.390 -1.311 -1.078 -0.258 0.138 0.442 0.538 0.568 0.457 0.191 0.189 0.053 
6.250 10.050 0.364 1.120 1.872 2.313 2.717 2.923 3.071 3.166 3.107 2.779 2.591 
6.250 10.080 0.364 1.120 1.872 2.313 2.717 2.923 3.071 3.166 3.107 2.779 2.591 
6.250 10.120 0.364 1.120 1.872 2.313 2.717 2.923 3.071 3.166 3.107 2.779 2.591 
6.250 10.200 0.364 1.120 1.872 2.313 2.717 2.923 3.071 3.166 3.107 2.779 2.591 
6.250 10.310 0.360 1.116 1.867 2.308 2.712 2.919 3.066 3.161 3.101 2.776 2.586 
6.250 10.490 0.354 1.109 1.860 2.301 2.705 2.911 3.059 3.152 3.093 2.771 2.577 
6.250 10.760 0.347 1.102 1.853 2.293 2.697 2.904 3.051 3.144 3.084 2.766 2.568 
6.250 11.180 0.331 1.086 1.836 2.276 2.679 2.886 3.033 3.125 3.064 2.752 2.549 
6.250 11.820 0.285 1.041 1.788 2.227 2.630 2.836 2.982 3.073 3.011 2.712 2.493 
6.250 12.770 0.268 0.995 1.740 2.179 2.580 2.787 2.932 3.021 2.958 2.671 2.438 
6.250 14.140 0.252 0.949 1.691 2.131 2.531 2.737 2.882 2.969 2.905 2.631 2.383 
6.250 16.080 0.204 0.868 1.608 2.046 2.445 2.650 2.793 2.877 2.806 2.546 2.289 
6.250 18.740 0.148 0.782 1.520 1.956 2.353 2.558 2.698 2.778 2.701 2.455 2.189 
6.250 22.320 0.090 0.696 1.431 1.866 2.261 2.466 2.604 2.680 2.595 2.363 2.088 
6.250 27.040 0.023 0.601 1.333 1.767 2.159 2.362 2.497 2.569 2.476 2.257 1.978 
6.250 33.160 -0.053 0.498 1.226 1.657 2.046 2.246 2.378 2.444 2.341 2.136 1.856 
6.250 41.050 -0.133 0.394 1.119 1.548 1.933 2.131 2.260 2.320 2.205 2.015 1.735 
6.250 51.110 -0.211 0.293 1.015 1.440 1.822 2.016 2.142 2.197 2.072 1.896 1.616 
6.250 63.890 -0.271 0.210 0.928 1.350 1.726 1.916 2.037 2.087 1.951 1.788 1.514 
6.250 80.060 -0.331 0.127 0.842 1.259 1.630 1.816 1.932 1.976 1.830 1.679 1.412 
6.250 100.500 -0.392 0.044 0.756 1.169 1.534 1.716 1.827 1.866 1.708 1.571 1.310 
6.250 126.290 -0.449 -0.036 0.676 1.081 1.437 1.610 1.713 1.738 1.569 1.449 1.207 
6.250 158.810 -0.506 -0.114 0.597 0.995 1.339 1.501 1.597 1.604 1.422 1.321 1.104 
6.250 199.780 -0.561 -0.192 0.518 0.908 1.242 1.393 1.480 1.469 1.276 1.193 1.001 
6.250 251.390 -0.624 -0.277 0.435 0.815 1.134 1.271 1.346 1.316 1.110 1.046 0.886 
6.250 316.390 -0.701 -0.375 0.342 0.709 1.007 1.122 1.179 1.124 0.906 0.864 0.751 
6.250 398.240 -0.779 -0.474 0.249 0.603 0.880 0.973 1.013 0.933 0.703 0.682 0.615 
6.250 501.290 -0.855 -0.573 0.155 0.497 0.752 0.824 0.846 0.741 0.499 0.500 0.479 
6.250 631.040 -0.957 -0.696 0.058 0.411 0.675 0.749 0.772 0.662 0.411 0.413 0.357 
6.250 794.390 -1.060 -0.821 -0.040 0.326 0.600 0.677 0.702 0.588 0.328 0.330 0.235 
6.500 10.050 0.633 1.329 2.033 2.442 2.821 3.012 3.148 3.226 3.164 2.839 2.694 
6.500 10.080 0.633 1.329 2.033 2.442 2.821 3.012 3.148 3.226 3.164 2.839 2.694 
6.500 10.120 0.633 1.329 2.033 2.442 2.821 3.012 3.148 3.226 3.164 2.839 2.694 
6.500 10.200 0.633 1.329 2.033 2.442 2.821 3.012 3.148 3.226 3.164 2.839 2.694 
6.500 10.310 0.633 1.329 2.033 2.442 2.821 3.012 3.148 3.226 3.164 2.839 2.694 
6.500 10.490 0.633 1.329 2.033 2.442 2.821 3.012 3.148 3.226 3.164 2.839 2.694 
6.500 10.760 0.633 1.329 2.033 2.442 2.821 3.012 3.148 3.226 3.164 2.839 2.694 
6.500 11.180 0.622 1.319 2.022 2.431 2.810 3.001 3.137 3.215 3.152 2.831 2.682 
6.500 11.820 0.579 1.276 1.977 2.386 2.764 2.955 3.090 3.166 3.103 2.796 2.631 
6.500 12.770 0.536 1.233 1.933 2.342 2.718 2.908 3.043 3.118 3.054 2.762 2.579 
6.500 14.140 0.516 1.190 1.888 2.296 2.672 2.862 2.996 3.069 3.004 2.727 2.528 
6.500 16.080 0.468 1.108 1.804 2.211 2.584 2.774 2.906 2.977 2.906 2.644 2.433 
6.500 18.740 0.412 1.019 1.713 2.120 2.490 2.679 2.809 2.877 2.799 2.552 2.331 
6.500 22.320 0.352 0.931 1.622 2.028 2.396 2.585 2.713 2.777 2.693 2.461 2.229 
6.500 27.040 0.283 0.835 1.523 1.928 2.293 2.480 2.605 2.666 2.573 2.356 2.118 
6.500 33.160 0.203 0.731 1.417 1.818 2.180 2.364 2.487 2.542 2.439 2.236 1.997 
6.500 41.050 0.123 0.627 1.310 1.709 2.067 2.248 2.368 2.418 2.304 2.116 1.877 
6.500 51.110 0.042 0.525 1.205 1.601 1.956 2.134 2.251 2.295 2.171 1.998 1.758 
6.500 63.890 -0.020 0.441 1.119 1.511 1.860 2.033 2.146 2.185 2.051 1.891 1.657 
6.500 80.060 -0.085 0.357 1.033 1.420 1.764 1.933 2.041 2.075 1.930 1.784 1.556 
6.500 100.500 -0.147 0.273 0.947 1.329 1.668 1.833 1.936 1.965 1.810 1.676 1.455 
6.500 126.290 -0.207 0.195 0.867 1.244 1.573 1.728 1.824 1.840 1.673 1.557 1.355 
6.500 158.810 -0.263 0.118 0.791 1.159 1.477 1.622 1.709 1.709 1.530 1.432 1.255 
6.500 199.780 -0.321 0.042 0.714 1.075 1.382 1.515 1.594 1.578 1.387 1.308 1.155 
6.500 251.390 -0.387 -0.042 0.633 0.984 1.277 1.395 1.463 1.427 1.225 1.165 1.044 
6.500 316.390 -0.465 -0.139 0.542 0.880 1.151 1.248 1.299 1.239 1.026 0.987 0.913 
6.500 398.240 -0.543 -0.236 0.450 0.776 1.026 1.101 1.135 1.051 0.826 0.809 0.781 
6.500 501.290 -0.622 -0.333 0.359 0.672 0.900 0.954 0.971 0.863 0.627 0.632 0.649 
6.500 631.040 -0.718 -0.448 0.269 0.593 0.829 0.884 0.901 0.789 0.544 0.549 0.533 
6.500 794.390 -0.815 -0.564 0.179 0.515 0.759 0.817 0.836 0.719 0.465 0.471 0.418 
6.750 10.050 0.861 1.506 2.158 2.541 2.901 3.083 3.211 3.279 3.214 2.890 2.786 
6.750 10.080 0.861 1.506 2.158 2.541 2.901 3.083 3.211 3.279 3.214 2.890 2.786 
6.750 10.120 0.861 1.506 2.158 2.541 2.901 3.083 3.211 3.279 3.214 2.890 2.786 
6.750 10.200 0.861 1.506 2.158 2.541 2.901 3.083 3.211 3.279 3.214 2.890 2.786 
6.750 10.310 0.861 1.506 2.158 2.541 2.901 3.083 3.211 3.279 3.214 2.890 2.786 
6.750 10.490 0.861 1.506 2.158 2.541 2.901 3.083 3.211 3.279 3.214 2.890 2.786 
6.750 10.760 0.861 1.506 2.158 2.541 2.901 3.083 3.211 3.279 3.214 2.890 2.786 
6.750 11.180 0.856 1.500 2.152 2.535 2.895 3.077 3.204 3.272 3.207 2.885 2.780 
6.750 11.820 0.832 1.476 2.127 2.510 2.869 3.051 3.178 3.246 3.180 2.867 2.751 
6.750 12.770 0.808 1.453 2.103 2.485 2.844 3.025 3.152 3.219 3.152 2.849 2.723 
6.750 14.140 0.784 1.429 2.078 2.460 2.818 3.000 3.126 3.192 3.124 2.830 2.695 
6.750 16.080 0.712 1.344 1.992 2.373 2.729 2.909 3.034 3.098 3.027 2.750 2.598 
6.750 18.740 0.657 1.250 1.896 2.276 2.629 2.809 2.932 2.994 2.917 2.659 2.490 
6.750 22.320 0.596 1.155 1.800 2.179 2.529 2.708 2.830 2.890 2.808 2.569 2.383 
6.750 27.040 0.520 1.054 1.697 2.075 2.421 2.598 2.718 2.775 2.685 2.463 2.267 
6.750 33.160 0.437 0.946 1.586 1.961 2.304 2.477 2.595 2.647 2.547 2.340 2.142 
6.750 41.050 0.350 0.837 1.475 1.847 2.187 2.357 2.472 2.519 2.408 2.218 2.018 
6.750 51.110 0.263 0.730 1.367 1.736 2.072 2.239 2.351 2.393 2.271 2.097 1.895 
6.750 63.890 0.196 0.644 1.279 1.644 1.974 2.136 2.243 2.281 2.149 1.989 1.793 
6.750 80.060 0.127 0.557 1.191 1.551 1.876 2.033 2.136 2.170 2.026 1.881 1.691 
6.750 100.500 0.059 0.471 1.103 1.459 1.778 1.930 2.029 2.058 1.904 1.772 1.589 
6.750 126.290 -0.003 0.392 1.024 1.374 1.683 1.826 1.918 1.934 1.769 1.655 1.490 
6.750 158.810 -0.061 0.317 0.949 1.291 1.589 1.722 1.805 1.806 1.630 1.533 1.393 
6.750 199.780 -0.122 0.241 0.874 1.209 1.496 1.617 1.692 1.678 1.490 1.412 1.296 
6.750 251.390 -0.188 0.158 0.794 1.120 1.392 1.499 1.563 1.530 1.332 1.273 1.189 
6.750 316.390 -0.268 0.063 0.704 1.018 1.268 1.354 1.401 1.345 1.136 1.099 1.061 
6.750 398.240 -0.346 -0.033 0.615 0.916 1.145 1.209 1.240 1.160 0.940 0.925 0.932 
6.750 501.290 -0.427 -0.129 0.526 0.814 1.022 1.063 1.078 0.975 0.745 0.751 0.804 
6.750 631.040 -0.519 -0.236 0.442 0.739 0.954 0.997 1.013 0.905 0.666 0.673 0.694 
6.750 794.390 -0.611 -0.345 0.358 0.666 0.889 0.934 0.951 0.840 0.592 0.599 0.584 
7.000 10.050 1.086 1.683 2.284 2.639 2.981 3.154 3.273 3.331 3.263 2.940 2.879 
7.000 10.080 1.086 1.683 2.284 2.639 2.981 3.154 3.273 3.331 3.263 2.940 2.879 
7.000 10.120 1.086 1.683 2.284 2.639 2.981 3.154 3.273 3.331 3.263 2.940 2.879 
7.000 10.200 1.086 1.683 2.284 2.639 2.981 3.154 3.273 3.331 3.263 2.940 2.879 
7.000 10.310 1.086 1.683 2.284 2.639 2.981 3.154 3.273 3.331 3.263 2.940 2.879 
7.000 10.490 1.086 1.683 2.284 2.639 2.981 3.154 3.273 3.331 3.263 2.940 2.879 
7.000 10.760 1.086 1.683 2.284 2.639 2.981 3.154 3.273 3.331 3.263 2.940 2.879 
7.000 11.180 1.085 1.682 2.282 2.638 2.980 3.152 3.272 3.330 3.262 2.940 2.878 
7.000 11.820 1.080 1.677 2.278 2.633 2.975 3.147 3.267 3.325 3.256 2.938 2.872 
7.000 12.770 1.076 1.672 2.273 2.629 2.969 3.142 3.261 3.319 3.250 2.935 2.867 
7.000 14.140 1.071 1.668 2.268 2.624 2.964 3.137 3.256 3.314 3.245 2.933 2.862 
7.000 16.080 0.984 1.581 2.180 2.535 2.873 3.045 3.163 3.220 3.148 2.855 2.763 
7.000 18.740 0.886 1.480 2.079 2.433 2.768 2.938 3.055 3.111 3.035 2.766 2.650 
7.000 22.320 0.824 1.380 1.978 2.331 2.663 2.831 2.948 3.003 2.923 2.676 2.536 
7.000 27.040 0.750 1.273 1.871 2.222 2.550 2.716 2.831 2.883 2.797 2.570 2.415 
7.000 33.160 0.662 1.160 1.756 2.104 2.428 2.591 2.704 2.752 2.654 2.445 2.287 
7.000 41.050 0.570 1.047 1.641 1.986 2.307 2.467 2.576 2.621 2.512 2.320 2.159 
7.000 51.110 0.479 0.936 1.529 1.871 2.187 2.344 2.450 2.491 2.372 2.197 2.033 
7.000 63.890 0.408 0.847 1.439 1.777 2.087 2.239 2.341 2.377 2.247 2.087 1.929 
7.000 80.060 0.335 0.758 1.349 1.683 1.987 2.133 2.232 2.264 2.123 1.978 1.826 
7.000 100.500 0.260 0.669 1.260 1.589 1.887 2.028 2.123 2.150 1.998 1.868 1.722 
7.000 126.290 0.197 0.590 1.182 1.504 1.793 1.925 2.012 2.028 1.865 1.752 1.625 
7.000 158.810 0.135 0.515 1.107 1.423 1.701 1.822 1.901 1.903 1.729 1.634 1.532 
7.000 199.780 0.074 0.440 1.033 1.342 1.609 1.719 1.790 1.777 1.593 1.516 1.438 
7.000 251.390 0.006 0.359 0.955 1.255 1.507 1.603 1.663 1.633 1.438 1.381 1.334 
7.000 316.390 -0.075 0.265 0.867 1.155 1.386 1.459 1.504 1.451 1.246 1.211 1.209 
7.000 398.240 -0.155 0.170 0.780 1.055 1.264 1.316 1.345 1.269 1.054 1.041 1.084 
7.000 501.290 -0.237 0.076 0.692 0.955 1.143 1.172 1.185 1.088 0.863 0.871 0.959 
7.000 631.040 -0.325 -0.025 0.614 0.886 1.080 1.110 1.124 1.022 0.788 0.798 0.854 
7.000 794.390 -0.413 -0.125 0.536 0.818 1.020 1.051 1.066 0.961 0.719 0.728 0.750 
7.250 10.050 1.268 1.823 2.375 2.707 3.036 3.205 3.320 3.376 3.306 2.979 2.958 
7.250 10.080 1.268 1.823 2.375 2.707 3.036 3.205 3.320 3.376 3.306 2.979 2.958 
7.250 10.120 1.268 1.823 2.375 2.707 3.036 3.205 3.320 3.376 3.306 2.979 2.958 
7.250 10.200 1.268 1.823 2.375 2.707 3.036 3.205 3.320 3.376 3.306 2.979 2.958 
7.250 10.310 1.268 1.823 2.375 2.707 3.036 3.205 3.320 3.376 3.306 2.979 2.958 
7.250 10.490 1.268 1.823 2.375 2.707 3.036 3.205 3.320 3.376 3.306 2.979 2.958 
7.250 10.760 1.268 1.823 2.375 2.707 3.036 3.205 3.320 3.376 3.306 2.979 2.958 
7.250 11.180 1.268 1.822 2.374 2.706 3.036 3.204 3.319 3.376 3.305 2.979 2.958 
7.250 11.820 1.265 1.820 2.372 2.704 3.033 3.202 3.316 3.373 3.302 2.978 2.955 
7.250 12.770 1.263 1.818 2.369 2.701 3.030 3.199 3.314 3.370 3.299 2.976 2.952 
7.250 14.140 1.260 1.815 2.367 2.699 3.028 3.197 3.311 3.368 3.297 2.975 2.950 
7.250 16.080 1.200 1.755 2.307 2.638 2.964 3.132 3.246 3.303 3.230 2.925 2.881 
7.250 18.740 1.130 1.685 2.237 2.567 2.891 3.057 3.171 3.227 3.152 2.866 2.802 
7.250 22.320 1.060 1.615 2.167 2.496 2.817 2.983 3.096 3.152 3.075 2.807 2.723 
7.250 27.040 0.991 1.516 2.068 2.395 2.713 2.876 2.987 3.042 2.959 2.712 2.612 
7.250 33.160 0.893 1.386 1.937 2.261 2.574 2.733 2.843 2.895 2.801 2.576 2.466 
7.250 41.050 0.785 1.255 1.806 2.127 2.435 2.591 2.699 2.748 2.644 2.440 2.319 
7.250 51.110 0.676 1.128 1.678 1.997 2.299 2.452 2.557 2.603 2.488 2.305 2.177 
7.250 63.890 0.595 1.032 1.582 1.896 2.191 2.339 2.441 2.483 2.356 2.190 2.067 
7.250 80.060 0.512 0.935 1.485 1.795 2.084 2.226 2.324 2.362 2.224 2.075 1.956 
7.250 100.500 0.428 0.839 1.388 1.693 1.977 2.113 2.207 2.241 2.092 1.959 1.846 
7.250 126.290 0.359 0.758 1.308 1.608 1.882 2.008 2.096 2.119 1.959 1.844 1.750 
7.250 158.810 0.296 0.683 1.235 1.528 1.791 1.907 1.986 1.996 1.826 1.729 1.659 
7.250 199.780 0.233 0.608 1.163 1.449 1.700 1.806 1.877 1.873 1.693 1.614 1.568 
7.250 251.390 0.162 0.527 1.085 1.363 1.600 1.691 1.751 1.732 1.541 1.481 1.466 
7.250 316.390 0.079 0.434 0.999 1.264 1.480 1.549 1.594 1.552 1.353 1.315 1.345 
7.250 398.240 -0.003 0.340 0.913 1.166 1.360 1.406 1.436 1.374 1.164 1.149 1.223 
7.250 501.290 -0.088 0.247 0.826 1.068 1.241 1.264 1.279 1.195 0.976 0.982 1.102 
7.250 631.040 -0.172 0.152 0.753 1.002 1.181 1.205 1.220 1.132 0.905 0.913 1.002 
7.250 794.390 -0.255 0.058 0.680 0.939 1.124 1.150 1.166 1.075 0.840 0.847 0.903 
7.500 10.050 1.445 1.963 2.466 2.774 3.091 3.256 3.366 3.421 3.348 3.017 3.038 
7.500 10.080 1.445 1.963 2.466 2.774 3.091 3.256 3.366 3.421 3.348 3.017 3.038 
7.500 10.120 1.445 1.963 2.466 2.774 3.091 3.256 3.366 3.421 3.348 3.017 3.038 
7.500 10.200 1.445 1.963 2.466 2.774 3.091 3.256 3.366 3.421 3.348 3.017 3.038 
7.500 10.310 1.445 1.963 2.466 2.774 3.091 3.256 3.366 3.421 3.348 3.017 3.038 
7.500 10.490 1.445 1.963 2.466 2.774 3.091 3.256 3.366 3.421 3.348 3.017 3.038 
7.500 10.760 1.445 1.963 2.466 2.774 3.091 3.256 3.366 3.421 3.348 3.017 3.038 
7.500 11.180 1.445 1.963 2.466 2.774 3.091 3.256 3.366 3.421 3.348 3.017 3.038 
7.500 11.820 1.445 1.963 2.466 2.774 3.091 3.256 3.366 3.421 3.348 3.017 3.038 
7.500 12.770 1.445 1.963 2.466 2.774 3.091 3.256 3.366 3.421 3.348 3.017 3.038 
7.500 14.140 1.445 1.963 2.466 2.774 3.091 3.256 3.366 3.421 3.348 3.017 3.038 
7.500 16.080 1.411 1.929 2.433 2.740 3.055 3.220 3.329 3.385 3.312 2.994 3.000 
7.500 18.740 1.371 1.890 2.394 2.701 3.014 3.177 3.286 3.343 3.269 2.966 2.955 
7.500 22.320 1.332 1.850 2.356 2.662 2.972 3.135 3.244 3.300 3.227 2.939 2.910 
7.500 27.040 1.241 1.759 2.265 2.569 2.875 3.036 3.144 3.200 3.122 2.854 2.808 
7.500 33.160 1.105 1.611 2.118 2.419 2.719 2.876 2.983 3.038 2.948 2.706 2.644 
7.500 41.050 0.991 1.464 1.971 2.269 2.563 2.716 2.821 2.875 2.775 2.559 2.480 
7.500 51.110 0.869 1.320 1.828 2.123 2.411 2.559 2.664 2.716 2.605 2.414 2.321 
7.500 63.890 0.778 1.216 1.724 2.015 2.296 2.439 2.540 2.588 2.465 2.293 2.204 
7.500 80.060 0.686 1.112 1.620 1.907 2.181 2.319 2.416 2.460 2.326 2.172 2.088 
7.500 100.500 0.592 1.008 1.516 1.798 2.066 2.198 2.292 2.332 2.186 2.051 1.971 
7.500 126.290 0.518 0.925 1.435 1.712 1.970 2.092 2.180 2.210 2.053 1.936 1.874 
7.500 158.810 0.452 0.851 1.363 1.633 1.881 1.992 2.072 2.090 1.923 1.824 1.786 
7.500 199.780 0.386 0.776 1.292 1.555 1.792 1.892 1.964 1.970 1.793 1.711 1.697 
7.500 251.390 0.314 0.696 1.216 1.470 1.693 1.779 1.839 1.830 1.644 1.582 1.599 
7.500 316.390 0.228 0.603 1.131 1.374 1.575 1.638 1.683 1.654 1.459 1.419 1.481 
7.500 398.240 0.143 0.510 1.045 1.277 1.456 1.497 1.527 1.478 1.274 1.256 1.363 
7.500 501.290 0.058 0.418 0.960 1.180 1.338 1.356 1.372 1.301 1.088 1.093 1.245 
7.500 631.040 -0.023 0.329 0.892 1.119 1.282 1.301 1.316 1.243 1.022 1.028 1.150 
7.500 794.390 -0.104 0.241 0.824 1.059 1.229 1.249 1.266 1.190 0.961 0.966 1.057 
7.750 10.050 1.572 2.058 2.521 2.811 3.121 3.287 3.395 3.451 3.377 3.039 3.095 
7.750 10.080 1.572 2.058 2.521 2.811 3.121 3.287 3.395 3.451 3.377 3.039 3.095 
7.750 10.120 1.572 2.058 2.521 2.811 3.121 3.287 3.395 3.451 3.377 3.039 3.095 
7.750 10.200 1.572 2.058 2.521 2.811 3.121 3.287 3.395 3.451 3.377 3.039 3.095 
7.750 10.310 1.572 2.058 2.521 2.811 3.121 3.287 3.395 3.451 3.377 3.039 3.095 
7.750 10.490 1.572 2.058 2.521 2.811 3.121 3.287 3.395 3.451 3.377 3.039 3.095 
7.750 10.760 1.572 2.058 2.521 2.811 3.121 3.287 3.395 3.451 3.377 3.039 3.095 
7.750 11.180 1.572 2.058 2.521 2.811 3.121 3.287 3.395 3.451 3.377 3.039 3.095 
7.750 11.820 1.572 2.058 2.521 2.811 3.121 3.287 3.395 3.451 3.377 3.039 3.095 
7.750 12.770 1.572 2.058 2.521 2.811 3.121 3.287 3.395 3.451 3.377 3.039 3.095 
7.750 14.140 1.572 2.058 2.521 2.811 3.121 3.287 3.395 3.451 3.377 3.039 3.095 
7.750 16.080 1.555 2.042 2.504 2.794 3.103 3.269 3.377 3.433 3.359 3.028 3.076 
7.750 18.740 1.536 2.022 2.485 2.775 3.082 3.248 3.355 3.412 3.338 3.014 3.054 
7.750 22.320 1.516 2.002 2.466 2.755 3.061 3.227 3.334 3.391 3.316 3.000 3.032 
7.750 27.040 1.444 1.931 2.395 2.683 2.985 3.149 3.256 3.313 3.236 2.937 2.952 
7.750 33.160 1.317 1.803 2.270 2.555 2.850 3.010 3.117 3.175 3.090 2.820 2.810 
7.750 41.050 1.189 1.676 2.144 2.426 2.715 2.871 2.977 3.036 2.944 2.703 2.667 
7.750 51.110 1.090 1.548 2.019 2.297 2.580 2.731 2.837 2.896 2.796 2.583 2.525 
7.750 63.890 0.975 1.418 1.890 2.164 2.439 2.583 2.686 2.742 2.629 2.439 2.382 
7.750 80.060 0.856 1.289 1.761 2.030 2.298 2.436 2.536 2.589 2.462 2.296 2.239 
7.750 100.500 0.732 1.159 1.633 1.897 2.157 2.289 2.385 2.435 2.295 2.152 2.097 
7.750 126.290 0.649 1.068 1.545 1.803 2.053 2.175 2.265 2.307 2.156 2.032 1.994 
7.750 158.810 0.578 0.992 1.473 1.725 1.964 2.075 2.157 2.188 2.027 1.922 1.907 
7.750 199.780 0.508 0.916 1.400 1.646 1.875 1.975 2.050 2.070 1.898 1.811 1.819 
7.750 251.390 0.431 0.835 1.324 1.562 1.776 1.861 1.926 1.932 1.751 1.684 1.723 
7.750 316.390 0.343 0.742 1.239 1.466 1.658 1.721 1.770 1.756 1.567 1.523 1.607 
7.750 398.240 0.254 0.649 1.154 1.369 1.539 1.580 1.615 1.581 1.384 1.362 1.491 
7.750 501.290 0.166 0.556 1.070 1.273 1.421 1.440 1.459 1.406 1.200 1.201 1.376 
7.750 631.040 0.088 0.473 1.005 1.215 1.368 1.387 1.408 1.352 1.138 1.140 1.286 
7.750 794.390 0.009 0.390 0.941 1.159 1.318 1.338 1.360 1.302 1.081 1.083 1.197 
8.000 10.050 1.694 2.154 2.576 2.848 3.150 3.318 3.424 3.481 3.406 3.062 3.153 
8.000 10.080 1.694 2.154 2.576 2.848 3.150 3.318 3.424 3.481 3.406 3.062 3.153 
8.000 10.120 1.694 2.154 2.576 2.848 3.150 3.318 3.424 3.481 3.406 3.062 3.153 
8.000 10.200 1.694 2.154 2.576 2.848 3.150 3.318 3.424 3.481 3.406 3.062 3.153 
8.000 10.310 1.694 2.154 2.576 2.848 3.150 3.318 3.424 3.481 3.406 3.062 3.153 
8.000 10.490 1.694 2.154 2.576 2.848 3.150 3.318 3.424 3.481 3.406 3.062 3.153 
8.000 10.760 1.694 2.154 2.576 2.848 3.150 3.318 3.424 3.481 3.406 3.062 3.153 
8.000 11.180 1.694 2.154 2.576 2.848 3.150 3.318 3.424 3.481 3.406 3.062 3.153 
8.000 11.820 1.694 2.154 2.576 2.848 3.150 3.318 3.424 3.481 3.406 3.062 3.153 
8.000 12.770 1.694 2.154 2.576 2.848 3.150 3.318 3.424 3.481 3.406 3.062 3.153 
8.000 14.140 1.694 2.154 2.576 2.848 3.150 3.318 3.424 3.481 3.406 3.062 3.153 
8.000 16.080 1.694 2.154 2.576 2.848 3.150 3.318 3.424 3.481 3.406 3.062 3.153 
8.000 18.740 1.694 2.154 2.576 2.848 3.150 3.318 3.424 3.481 3.406 3.062 3.153 
8.000 22.320 1.694 2.154 2.576 2.848 3.150 3.318 3.424 3.481 3.406 3.062 3.153 
8.000 27.040 1.643 2.102 2.526 2.797 3.096 3.262 3.368 3.426 3.349 3.020 3.095 
8.000 33.160 1.535 1.995 2.422 2.690 2.982 3.144 3.250 3.312 3.231 2.933 2.975 
8.000 41.050 1.428 1.888 2.318 2.583 2.868 3.026 3.133 3.197 3.113 2.846 2.854 
8.000 51.110 1.316 1.775 2.209 2.471 2.748 2.902 3.010 3.076 2.988 2.752 2.729 
8.000 63.890 1.172 1.620 2.056 2.313 2.581 2.728 2.832 2.897 2.793 2.586 2.560 
8.000 80.060 1.023 1.465 1.903 2.154 2.414 2.553 2.655 2.718 2.599 2.419 2.391 
8.000 100.500 0.872 1.309 1.750 1.996 2.247 2.379 2.478 2.539 2.405 2.253 2.222 
8.000 126.290 0.777 1.210 1.654 1.895 2.136 2.258 2.351 2.404 2.258 2.128 2.113 
8.000 158.810 0.703 1.134 1.581 1.816 2.047 2.158 2.244 2.287 2.131 2.020 2.027 
8.000 199.780 0.625 1.057 1.509 1.738 1.957 2.057 2.136 2.170 2.003 1.911 1.942 
8.000 251.390 0.546 0.974 1.432 1.654 1.858 1.944 2.013 2.033 1.857 1.786 1.846 
8.000 316.390 0.453 0.881 1.348 1.558 1.740 1.803 1.858 1.859 1.675 1.627 1.733 
8.000 398.240 0.361 0.788 1.263 1.462 1.623 1.663 1.702 1.685 1.493 1.468 1.620 
8.000 501.290 0.270 0.695 1.179 1.366 1.505 1.523 1.547 1.510 1.311 1.310 1.506 
8.000 631.040 0.193 0.616 1.118 1.312 1.455 1.474 1.499 1.460 1.253 1.252 1.422 
8.000 794.390 0.117 0.539 1.059 1.259 1.408 1.428 1.454 1.414 1.200 1.199 1.338 
