CanadaSHM5_AA13_stablecrust_high , distance is rhypo. Log10 ground motion values in cgs units
          15 30 11 : nmag, ndist, nperiod
          10.000 5.000 2.000 1.000 0.500 0.300 0.200 0.100 0.050 PGA PGV 
          0.620 0.620 0.620 0.620 0.580 0.540 0.530 0.530 0.530 0.530 0.620
4.500 10.050 -1.854 -0.565 0.635 1.348 1.993 2.319 2.611 2.889 2.848 2.597 2.085 
4.500 10.080 -1.865 -0.575 0.619 1.332 1.979 2.307 2.597 2.869 2.824 2.580 2.065 
4.500 10.120 -1.872 -0.586 0.602 1.317 1.964 2.295 2.582 2.848 2.799 2.563 2.045 
4.500 10.200 -1.872 -0.596 0.586 1.301 1.950 2.283 2.568 2.828 2.775 2.546 2.026 
4.500 10.310 -1.885 -0.620 0.552 1.268 1.921 2.258 2.540 2.788 2.730 2.510 1.984 
4.500 10.490 -1.889 -0.651 0.507 1.226 1.884 2.226 2.503 2.738 2.673 2.462 1.930 
4.500 10.760 -1.896 -0.683 0.462 1.183 1.846 2.193 2.466 2.687 2.615 2.415 1.875 
4.500 11.180 -1.910 -0.722 0.410 1.133 1.802 2.153 2.421 2.630 2.552 2.360 1.812 
4.500 11.820 -1.940 -0.785 0.340 1.064 1.737 2.092 2.356 2.553 2.473 2.283 1.725 
4.500 12.770 -1.965 -0.848 0.270 0.995 1.671 2.030 2.290 2.477 2.393 2.206 1.637 
4.500 14.140 -1.991 -0.912 0.199 0.924 1.606 1.967 2.224 2.399 2.313 2.129 1.550 
4.500 16.080 -2.045 -1.005 0.103 0.824 1.505 1.865 2.119 2.289 2.205 2.017 1.430 
4.500 18.740 -2.103 -1.104 0.003 0.719 1.398 1.755 2.008 2.173 2.093 1.898 1.304 
4.500 22.320 -2.162 -1.203 -0.098 0.612 1.290 1.644 1.896 2.056 1.980 1.779 1.178 
4.500 27.040 -2.233 -1.316 -0.213 0.490 1.165 1.516 1.765 1.921 1.845 1.640 1.037 
4.500 33.160 -2.319 -1.443 -0.345 0.351 1.021 1.370 1.615 1.766 1.688 1.481 0.879 
4.500 41.050 -2.405 -1.572 -0.479 0.211 0.875 1.221 1.462 1.609 1.529 1.319 0.720 
4.500 51.110 -2.492 -1.700 -0.613 0.070 0.729 1.074 1.310 1.452 1.368 1.157 0.561 
4.500 63.890 -2.564 -1.812 -0.736 -0.052 0.603 0.950 1.178 1.311 1.209 1.008 0.424 
4.500 80.060 -2.638 -1.927 -0.863 -0.177 0.474 0.822 1.043 1.168 1.047 0.856 0.284 
4.500 100.500 -2.715 -2.046 -0.993 -0.306 0.340 0.691 0.903 1.019 0.881 0.699 0.139 
4.500 126.290 -2.762 -2.134 -1.094 -0.404 0.236 0.584 0.784 0.880 0.723 0.560 0.021 
4.500 158.810 -2.804 -2.218 -1.191 -0.497 0.134 0.478 0.665 0.736 0.561 0.419 -0.096 
4.500 199.780 -2.845 -2.301 -1.288 -0.591 0.032 0.372 0.546 0.591 0.399 0.278 -0.213 
4.500 251.390 -2.897 -2.393 -1.390 -0.694 -0.083 0.247 0.407 0.423 0.216 0.116 -0.345 
4.500 316.390 -2.964 -2.502 -1.503 -0.815 -0.224 0.086 0.226 0.210 -0.009 -0.086 -0.506 
4.500 398.240 -3.033 -2.611 -1.615 -0.936 -0.365 -0.075 0.046 -0.004 -0.234 -0.288 -0.667 
4.500 501.290 -3.100 -2.720 -1.728 -1.057 -0.506 -0.236 -0.134 -0.218 -0.459 -0.490 -0.828 
4.500 631.040 -3.256 -2.917 -1.889 -1.196 -0.625 -0.347 -0.242 -0.330 -0.581 -0.612 -0.995 
4.500 794.390 -3.416 -3.118 -2.054 -1.335 -0.744 -0.456 -0.347 -0.438 -0.698 -0.730 -1.163 
4.750 10.050 -1.452 -0.255 0.867 1.517 2.119 2.428 2.695 2.952 2.921 2.664 2.202 
4.750 10.080 -1.461 -0.264 0.853 1.504 2.108 2.419 2.683 2.934 2.901 2.649 2.185 
4.750 10.120 -1.471 -0.274 0.840 1.491 2.096 2.410 2.671 2.916 2.880 2.634 2.168 
4.750 10.200 -1.471 -0.283 0.826 1.479 2.085 2.400 2.659 2.897 2.860 2.619 2.151 
4.750 10.310 -1.483 -0.306 0.795 1.450 2.060 2.378 2.633 2.860 2.820 2.586 2.113 
4.750 10.490 -1.493 -0.338 0.754 1.412 2.026 2.349 2.599 2.811 2.768 2.542 2.062 
4.750 10.760 -1.499 -0.370 0.713 1.374 1.992 2.319 2.565 2.762 2.716 2.498 2.011 
4.750 11.180 -1.513 -0.408 0.665 1.329 1.952 2.281 2.523 2.708 2.658 2.446 1.952 
4.750 11.820 -1.543 -0.468 0.600 1.265 1.891 2.222 2.460 2.634 2.582 2.373 1.869 
4.750 12.770 -1.567 -0.528 0.533 1.200 1.830 2.162 2.397 2.560 2.506 2.298 1.786 
4.750 14.140 -1.591 -0.588 0.467 1.135 1.768 2.102 2.333 2.486 2.430 2.224 1.703 
4.750 16.080 -1.640 -0.675 0.375 1.039 1.670 2.002 2.232 2.382 2.326 2.117 1.589 
4.750 18.740 -1.693 -0.766 0.279 0.938 1.566 1.894 2.125 2.272 2.217 2.004 1.471 
4.750 22.320 -1.746 -0.858 0.183 0.836 1.461 1.786 2.017 2.161 2.107 1.891 1.351 
4.750 27.040 -1.812 -0.963 0.071 0.718 1.339 1.662 1.891 2.033 1.977 1.759 1.217 
4.750 33.160 -1.894 -1.082 -0.056 0.583 1.199 1.519 1.746 1.886 1.826 1.609 1.067 
4.750 41.050 -1.975 -1.203 -0.186 0.446 1.057 1.375 1.599 1.737 1.673 1.457 0.916 
4.750 51.110 -2.058 -1.325 -0.316 0.310 0.915 1.232 1.452 1.587 1.518 1.303 0.766 
4.750 63.890 -2.131 -1.435 -0.437 0.192 0.793 1.112 1.323 1.450 1.362 1.159 0.635 
4.750 80.060 -2.206 -1.550 -0.562 0.070 0.667 0.989 1.191 1.308 1.203 1.011 0.500 
4.750 100.500 -2.286 -1.668 -0.690 -0.055 0.537 0.861 1.055 1.163 1.039 0.859 0.362 
4.750 126.290 -2.341 -1.761 -0.790 -0.149 0.436 0.757 0.938 1.023 0.880 0.718 0.246 
4.750 158.810 -2.394 -1.852 -0.887 -0.239 0.339 0.654 0.821 0.877 0.714 0.575 0.131 
4.750 199.780 -2.447 -1.943 -0.984 -0.329 0.241 0.550 0.703 0.732 0.549 0.432 0.016 
4.750 251.390 -2.504 -2.041 -1.085 -0.428 0.130 0.429 0.565 0.563 0.363 0.269 -0.113 
4.750 316.390 -2.579 -2.153 -1.194 -0.544 -0.007 0.271 0.388 0.352 0.139 0.067 -0.271 
4.750 398.240 -2.651 -2.264 -1.304 -0.660 -0.143 0.114 0.211 0.140 -0.085 -0.134 -0.428 
4.750 501.290 -2.725 -2.376 -1.414 -0.777 -0.280 -0.044 0.033 -0.072 -0.310 -0.335 -0.585 
4.750 631.040 -2.871 -2.561 -1.564 -0.905 -0.391 -0.148 -0.069 -0.179 -0.426 -0.452 -0.744 
4.750 794.390 -3.021 -2.749 -1.717 -1.034 -0.502 -0.250 -0.168 -0.282 -0.538 -0.564 -0.902 
5.000 10.050 -1.053 0.056 1.099 1.686 2.245 2.538 2.779 3.015 2.994 2.730 2.320 
5.000 10.080 -1.062 0.047 1.088 1.676 2.237 2.531 2.769 2.999 2.978 2.718 2.305 
5.000 10.120 -1.070 0.039 1.077 1.666 2.228 2.524 2.760 2.983 2.961 2.705 2.291 
5.000 10.200 -1.078 0.030 1.066 1.657 2.220 2.517 2.750 2.967 2.945 2.693 2.277 
5.000 10.310 -1.088 0.007 1.039 1.632 2.198 2.498 2.727 2.932 2.910 2.663 2.242 
5.000 10.490 -1.103 -0.025 1.001 1.599 2.169 2.471 2.695 2.885 2.864 2.622 2.195 
5.000 10.760 -1.109 -0.057 0.964 1.565 2.139 2.444 2.663 2.838 2.817 2.581 2.147 
5.000 11.180 -1.122 -0.094 0.920 1.525 2.102 2.409 2.625 2.785 2.764 2.532 2.092 
5.000 11.820 -1.151 -0.151 0.859 1.465 2.045 2.352 2.564 2.715 2.692 2.462 2.014 
5.000 12.770 -1.173 -0.207 0.797 1.405 1.988 2.294 2.503 2.644 2.620 2.391 1.935 
5.000 14.140 -1.197 -0.264 0.734 1.345 1.930 2.236 2.442 2.573 2.547 2.319 1.856 
5.000 16.080 -1.241 -0.344 0.647 1.254 1.835 2.138 2.345 2.474 2.446 2.217 1.749 
5.000 18.740 -1.289 -0.428 0.556 1.157 1.734 2.034 2.242 2.371 2.341 2.110 1.637 
5.000 22.320 -1.337 -0.513 0.463 1.059 1.633 1.929 2.138 2.267 2.234 2.002 1.523 
5.000 27.040 -1.400 -0.611 0.356 0.945 1.514 1.807 2.017 2.146 2.109 1.878 1.397 
5.000 33.160 -1.474 -0.722 0.232 0.814 1.377 1.669 1.877 2.006 1.964 1.737 1.256 
5.000 41.050 -1.551 -0.835 0.107 0.682 1.238 1.529 1.735 1.865 1.817 1.594 1.113 
5.000 51.110 -1.632 -0.949 -0.019 0.550 1.100 1.390 1.593 1.723 1.668 1.449 0.970 
5.000 63.890 -1.703 -1.059 -0.138 0.435 0.982 1.274 1.468 1.587 1.515 1.309 0.845 
5.000 80.060 -1.780 -1.172 -0.261 0.317 0.860 1.155 1.340 1.449 1.358 1.166 0.717 
5.000 100.500 -1.863 -1.290 -0.387 0.195 0.734 1.032 1.207 1.306 1.197 1.018 0.584 
5.000 126.290 -1.924 -1.388 -0.486 0.105 0.637 0.930 1.092 1.166 1.036 0.877 0.471 
5.000 158.810 -1.986 -1.486 -0.583 0.019 0.544 0.830 0.976 1.019 0.867 0.731 0.358 
5.000 199.780 -2.049 -1.584 -0.679 -0.066 0.450 0.729 0.860 0.872 0.698 0.585 0.245 
5.000 251.390 -2.120 -1.688 -0.779 -0.161 0.343 0.610 0.724 0.704 0.511 0.421 0.118 
5.000 316.390 -2.197 -1.803 -0.886 -0.273 0.211 0.456 0.549 0.494 0.287 0.220 -0.035 
5.000 398.240 -2.275 -1.918 -0.993 -0.385 0.078 0.302 0.375 0.284 0.064 0.020 -0.189 
5.000 501.290 -2.356 -2.033 -1.100 -0.497 -0.054 0.148 0.201 0.074 -0.160 -0.181 -0.342 
5.000 631.040 -2.493 -2.205 -1.239 -0.615 -0.157 0.051 0.105 -0.028 -0.271 -0.292 -0.492 
5.000 794.390 -2.632 -2.381 -1.380 -0.733 -0.259 -0.044 0.012 -0.125 -0.377 -0.399 -0.642 
5.250 10.050 -0.681 0.344 1.321 1.861 2.383 2.655 2.872 3.077 3.057 2.790 2.431 
5.250 10.080 -0.687 0.338 1.314 1.856 2.379 2.652 2.866 3.066 3.046 2.781 2.421 
5.250 10.120 -0.692 0.332 1.307 1.851 2.375 2.648 2.861 3.055 3.036 2.772 2.412 
5.250 10.200 -0.698 0.326 1.300 1.845 2.370 2.645 2.855 3.044 3.025 2.763 2.402 
5.250 10.310 -0.716 0.305 1.276 1.825 2.352 2.627 2.834 3.012 2.994 2.736 2.371 
5.250 10.490 -0.733 0.274 1.242 1.794 2.324 2.600 2.803 2.968 2.950 2.698 2.326 
5.250 10.760 -0.740 0.243 1.207 1.764 2.296 2.574 2.772 2.924 2.906 2.660 2.281 
5.250 11.180 -0.751 0.207 1.167 1.727 2.261 2.540 2.734 2.874 2.856 2.615 2.229 
5.250 11.820 -0.781 0.153 1.107 1.670 2.205 2.483 2.675 2.807 2.788 2.548 2.155 
5.250 12.770 -0.802 0.098 1.048 1.612 2.149 2.426 2.615 2.740 2.720 2.482 2.081 
5.250 14.140 -0.824 0.044 0.989 1.555 2.093 2.369 2.556 2.672 2.651 2.414 2.006 
5.250 16.080 -0.868 -0.033 0.904 1.465 1.999 2.273 2.462 2.579 2.555 2.319 1.905 
5.250 18.740 -0.915 -0.114 0.814 1.369 1.899 2.171 2.362 2.481 2.453 2.219 1.798 
5.250 22.320 -0.963 -0.196 0.724 1.272 1.799 2.067 2.261 2.382 2.351 2.118 1.691 
5.250 27.040 -1.022 -0.289 0.620 1.161 1.682 1.950 2.145 2.267 2.232 2.002 1.571 
5.250 33.160 -1.094 -0.396 0.500 1.034 1.548 1.817 2.012 2.135 2.093 1.870 1.438 
5.250 41.050 -1.168 -0.504 0.379 0.905 1.412 1.682 1.878 2.002 1.953 1.737 1.304 
5.250 51.110 -1.245 -0.613 0.257 0.776 1.277 1.548 1.743 1.867 1.811 1.601 1.169 
5.250 63.890 -1.317 -0.718 0.143 0.665 1.162 1.436 1.623 1.737 1.663 1.468 1.051 
5.250 80.060 -1.392 -0.827 0.025 0.552 1.044 1.321 1.499 1.603 1.513 1.331 0.929 
5.250 100.500 -1.472 -0.939 -0.097 0.434 0.922 1.202 1.371 1.465 1.358 1.190 0.802 
5.250 126.290 -1.533 -1.034 -0.190 0.349 0.829 1.104 1.257 1.325 1.197 1.050 0.694 
5.250 158.810 -1.596 -1.130 -0.281 0.268 0.740 1.005 1.141 1.176 1.026 0.902 0.585 
5.250 199.780 -1.659 -1.225 -0.371 0.187 0.650 0.906 1.024 1.027 0.856 0.754 0.476 
5.250 251.390 -1.727 -1.326 -0.466 0.097 0.548 0.790 0.888 0.857 0.667 0.588 0.353 
5.250 316.390 -1.807 -1.439 -0.567 -0.009 0.420 0.639 0.715 0.647 0.443 0.386 0.204 
5.250 398.240 -1.886 -1.552 -0.668 -0.116 0.293 0.487 0.542 0.438 0.218 0.185 0.055 
5.250 501.290 -1.967 -1.664 -0.770 -0.223 0.165 0.336 0.369 0.228 -0.006 -0.017 -0.094 
5.250 631.040 -2.094 -1.824 -0.898 -0.331 0.070 0.246 0.279 0.131 -0.111 -0.122 -0.235 
5.250 794.390 -2.223 -1.986 -1.026 -0.440 -0.025 0.158 0.192 0.039 -0.212 -0.223 -0.375 
5.500 10.050 -0.313 0.632 1.542 2.037 2.521 2.772 2.965 3.138 3.120 2.849 2.542 
5.500 10.080 -0.316 0.629 1.539 2.036 2.521 2.772 2.963 3.132 3.115 2.844 2.537 
5.500 10.120 -0.319 0.626 1.537 2.035 2.521 2.772 2.962 3.127 3.111 2.838 2.532 
5.500 10.200 -0.322 0.623 1.534 2.034 2.521 2.772 2.960 3.121 3.106 2.833 2.527 
5.500 10.310 -0.342 0.603 1.513 2.017 2.505 2.756 2.941 3.093 3.078 2.809 2.499 
5.500 10.490 -0.367 0.573 1.482 1.990 2.479 2.730 2.910 3.051 3.037 2.774 2.457 
5.500 10.760 -0.383 0.543 1.450 1.962 2.453 2.703 2.880 3.009 2.996 2.739 2.415 
5.500 11.180 -0.390 0.508 1.413 1.928 2.420 2.670 2.842 2.962 2.949 2.698 2.366 
5.500 11.820 -0.417 0.456 1.356 1.874 2.366 2.614 2.785 2.899 2.885 2.635 2.297 
5.500 12.770 -0.439 0.404 1.300 1.819 2.311 2.558 2.728 2.836 2.820 2.573 2.227 
5.500 14.140 -0.459 0.352 1.243 1.764 2.255 2.501 2.670 2.772 2.755 2.510 2.157 
5.500 16.080 -0.502 0.278 1.160 1.676 2.163 2.408 2.579 2.683 2.663 2.421 2.061 
5.500 18.740 -0.547 0.200 1.073 1.582 2.064 2.308 2.482 2.590 2.566 2.328 1.960 
5.500 22.320 -0.594 0.122 0.985 1.486 1.965 2.206 2.384 2.497 2.468 2.233 1.858 
5.500 27.040 -0.650 0.032 0.883 1.377 1.850 2.093 2.273 2.388 2.354 2.126 1.746 
5.500 33.160 -0.720 -0.069 0.768 1.253 1.719 1.965 2.147 2.265 2.223 2.003 1.621 
5.500 41.050 -0.791 -0.172 0.650 1.127 1.586 1.835 2.020 2.139 2.090 1.879 1.495 
5.500 51.110 -0.864 -0.277 0.532 1.002 1.454 1.706 1.893 2.012 1.954 1.754 1.368 
5.500 63.890 -0.934 -0.377 0.423 0.896 1.343 1.599 1.777 1.886 1.812 1.627 1.256 
5.500 80.060 -1.008 -0.481 0.311 0.786 1.229 1.488 1.658 1.757 1.667 1.497 1.140 
5.500 100.500 -1.085 -0.589 0.194 0.673 1.110 1.373 1.536 1.624 1.518 1.363 1.021 
5.500 126.290 -1.146 -0.680 0.106 0.592 1.021 1.277 1.422 1.484 1.358 1.223 0.917 
5.500 158.810 -1.210 -0.773 0.022 0.516 0.936 1.181 1.305 1.333 1.185 1.073 0.811 
5.500 199.780 -1.273 -0.866 -0.063 0.440 0.850 1.084 1.188 1.182 1.013 0.922 0.706 
5.500 251.390 -1.340 -0.965 -0.152 0.355 0.752 0.969 1.053 1.011 0.823 0.754 0.587 
5.500 316.390 -1.421 -1.075 -0.248 0.254 0.629 0.821 0.880 0.801 0.598 0.552 0.443 
5.500 398.240 -1.502 -1.185 -0.344 0.153 0.506 0.672 0.709 0.591 0.373 0.350 0.299 
5.500 501.290 -1.582 -1.296 -0.440 0.051 0.384 0.524 0.537 0.381 0.149 0.147 0.154 
5.500 631.040 -1.700 -1.442 -0.556 -0.047 0.296 0.440 0.453 0.290 0.049 0.048 0.023 
5.500 794.390 -1.818 -1.590 -0.672 -0.146 0.210 0.359 0.372 0.204 -0.046 -0.047 -0.109 
5.750 10.050 0.013 0.886 1.741 2.201 2.648 2.878 3.052 3.196 3.176 2.900 2.643 
5.750 10.080 0.011 0.884 1.740 2.200 2.649 2.878 3.051 3.193 3.173 2.895 2.639 
5.750 10.120 0.009 0.882 1.738 2.199 2.649 2.878 3.050 3.189 3.169 2.891 2.636 
5.750 10.200 0.006 0.880 1.736 2.199 2.649 2.877 3.049 3.185 3.165 2.887 2.632 
5.750 10.310 -0.009 0.864 1.720 2.185 2.636 2.865 3.033 3.164 3.145 2.868 2.611 
5.750 10.490 -0.033 0.840 1.696 2.165 2.617 2.845 3.010 3.132 3.113 2.841 2.578 
5.750 10.760 -0.052 0.816 1.671 2.144 2.596 2.824 2.986 3.100 3.081 2.813 2.545 
5.750 11.180 -0.062 0.785 1.639 2.116 2.568 2.795 2.954 3.061 3.042 2.778 2.503 
5.750 11.820 -0.085 0.733 1.584 2.062 2.514 2.740 2.897 3.000 2.980 2.720 2.436 
5.750 12.770 -0.111 0.681 1.529 2.009 2.460 2.684 2.840 2.939 2.918 2.661 2.368 
5.750 14.140 -0.131 0.628 1.473 1.954 2.405 2.628 2.783 2.877 2.856 2.601 2.300 
5.750 16.080 -0.175 0.554 1.390 1.866 2.313 2.536 2.693 2.790 2.765 2.516 2.206 
5.750 18.740 -0.221 0.476 1.302 1.772 2.215 2.436 2.597 2.697 2.669 2.426 2.107 
5.750 22.320 -0.269 0.397 1.214 1.677 2.115 2.336 2.500 2.603 2.573 2.335 2.008 
5.750 27.040 -0.328 0.308 1.114 1.568 2.002 2.224 2.392 2.497 2.461 2.232 1.898 
5.750 33.160 -0.400 0.208 0.999 1.445 1.872 2.098 2.269 2.376 2.334 2.115 1.778 
5.750 41.050 -0.473 0.107 0.884 1.320 1.740 1.971 2.145 2.253 2.205 1.997 1.656 
5.750 51.110 -0.547 0.004 0.767 1.196 1.610 1.844 2.021 2.129 2.073 1.877 1.534 
5.750 63.890 -0.618 -0.095 0.660 1.092 1.500 1.738 1.908 2.007 1.936 1.755 1.425 
5.750 80.060 -0.692 -0.197 0.550 0.984 1.387 1.628 1.791 1.881 1.795 1.630 1.313 
5.750 100.500 -0.770 -0.303 0.436 0.872 1.269 1.515 1.670 1.752 1.651 1.501 1.196 
5.750 126.290 -0.832 -0.392 0.352 0.794 1.183 1.419 1.559 1.615 1.494 1.364 1.096 
5.750 158.810 -0.895 -0.483 0.271 0.721 1.100 1.324 1.443 1.468 1.325 1.216 0.995 
5.750 199.780 -0.958 -0.573 0.190 0.648 1.016 1.229 1.327 1.321 1.156 1.068 0.893 
5.750 251.390 -1.027 -0.670 0.105 0.567 0.921 1.116 1.193 1.154 0.969 0.902 0.778 
5.750 316.390 -1.109 -0.777 0.013 0.469 0.802 0.970 1.023 0.948 0.748 0.702 0.638 
5.750 398.240 -1.188 -0.885 -0.079 0.371 0.682 0.824 0.853 0.743 0.527 0.502 0.498 
5.750 501.290 -1.269 -0.992 -0.172 0.273 0.563 0.678 0.683 0.538 0.305 0.302 0.358 
5.750 631.040 -1.377 -1.128 -0.278 0.183 0.482 0.600 0.604 0.452 0.211 0.209 0.234 
5.750 794.390 -1.487 -1.264 -0.384 0.093 0.402 0.525 0.529 0.372 0.122 0.119 0.110 
6.000 10.050 0.337 1.141 1.941 2.364 2.776 2.984 3.140 3.255 3.232 2.950 2.744 
6.000 10.080 0.335 1.139 1.940 2.364 2.776 2.984 3.139 3.253 3.230 2.947 2.742 
6.000 10.120 0.334 1.138 1.939 2.363 2.776 2.983 3.138 3.251 3.228 2.944 2.739 
6.000 10.200 0.332 1.136 1.937 2.363 2.777 2.983 3.137 3.249 3.226 2.940 2.737 
6.000 10.310 0.320 1.124 1.926 2.354 2.768 2.974 3.126 3.234 3.211 2.927 2.722 
6.000 10.490 0.302 1.106 1.909 2.340 2.754 2.960 3.109 3.213 3.189 2.907 2.698 
6.000 10.760 0.284 1.088 1.892 2.326 2.740 2.945 3.092 3.191 3.166 2.888 2.674 
6.000 11.180 0.262 1.062 1.866 2.303 2.716 2.921 3.065 3.160 3.135 2.859 2.640 
6.000 11.820 0.234 1.010 1.812 2.250 2.663 2.866 3.009 3.101 3.076 2.804 2.575 
6.000 12.770 0.212 0.958 1.757 2.197 2.609 2.811 2.953 3.043 3.017 2.749 2.509 
6.000 14.140 0.189 0.905 1.702 2.144 2.555 2.755 2.896 2.983 2.957 2.693 2.443 
6.000 16.080 0.145 0.831 1.620 2.056 2.464 2.664 2.808 2.896 2.868 2.611 2.351 
6.000 18.740 0.096 0.752 1.532 1.962 2.365 2.565 2.713 2.803 2.773 2.524 2.254 
6.000 22.320 0.046 0.673 1.444 1.867 2.266 2.466 2.617 2.710 2.678 2.437 2.157 
6.000 27.040 -0.014 0.585 1.344 1.759 2.153 2.356 2.511 2.605 2.569 2.338 2.051 
6.000 33.160 -0.086 0.486 1.231 1.637 2.025 2.232 2.391 2.487 2.445 2.227 1.935 
6.000 41.050 -0.160 0.386 1.117 1.513 1.895 2.107 2.271 2.367 2.320 2.114 1.817 
6.000 51.110 -0.235 0.284 1.002 1.390 1.765 1.982 2.149 2.246 2.192 2.000 1.699 
6.000 63.890 -0.306 0.187 0.898 1.288 1.657 1.877 2.038 2.127 2.060 1.883 1.594 
6.000 80.060 -0.381 0.087 0.790 1.182 1.545 1.769 1.924 2.005 1.924 1.763 1.485 
6.000 100.500 -0.459 -0.018 0.678 1.072 1.429 1.656 1.805 1.879 1.783 1.639 1.372 
6.000 126.290 -0.522 -0.105 0.598 0.996 1.344 1.562 1.695 1.746 1.631 1.505 1.276 
6.000 158.810 -0.585 -0.193 0.521 0.926 1.263 1.467 1.580 1.603 1.465 1.359 1.178 
6.000 199.780 -0.649 -0.281 0.444 0.856 1.183 1.373 1.466 1.459 1.299 1.213 1.079 
6.000 251.390 -0.719 -0.375 0.363 0.778 1.090 1.262 1.333 1.297 1.116 1.050 0.968 
6.000 316.390 -0.798 -0.479 0.274 0.684 0.974 1.118 1.165 1.096 0.898 0.852 0.833 
6.000 398.240 -0.878 -0.584 0.185 0.590 0.858 0.975 0.997 0.895 0.680 0.655 0.697 
6.000 501.290 -0.959 -0.688 0.097 0.496 0.741 0.832 0.830 0.694 0.462 0.457 0.562 
6.000 631.040 -1.059 -0.813 0.000 0.413 0.667 0.759 0.756 0.614 0.373 0.369 0.445 
6.000 794.390 -1.160 -0.938 -0.096 0.332 0.594 0.690 0.686 0.540 0.290 0.286 0.329 
6.250 10.050 0.621 1.365 2.113 2.501 2.881 3.073 3.218 3.319 3.290 3.006 2.847 
6.250 10.080 0.620 1.364 2.112 2.501 2.881 3.073 3.218 3.318 3.289 3.004 2.845 
6.250 10.120 0.619 1.363 2.112 2.501 2.881 3.073 3.217 3.317 3.288 3.003 2.844 
6.250 10.200 0.618 1.362 2.111 2.500 2.881 3.072 3.217 3.315 3.287 3.001 2.843 
6.250 10.310 0.611 1.355 2.105 2.496 2.877 3.068 3.211 3.308 3.279 2.992 2.834 
6.250 10.490 0.601 1.345 2.095 2.489 2.871 3.061 3.202 3.296 3.267 2.980 2.820 
6.250 10.760 0.590 1.334 2.086 2.482 2.864 3.054 3.192 3.285 3.255 2.967 2.806 
6.250 11.180 0.570 1.314 2.067 2.465 2.847 3.036 3.172 3.263 3.232 2.945 2.780 
6.250 11.820 0.520 1.264 2.016 2.416 2.797 2.985 3.120 3.208 3.177 2.895 2.719 
6.250 12.770 0.499 1.214 1.965 2.367 2.747 2.933 3.067 3.152 3.122 2.845 2.657 
6.250 14.140 0.478 1.163 1.913 2.317 2.696 2.881 3.014 3.097 3.066 2.794 2.594 
6.250 16.080 0.433 1.085 1.829 2.228 2.604 2.789 2.924 3.007 2.975 2.712 2.500 
6.250 18.740 0.380 1.002 1.738 2.132 2.505 2.690 2.829 2.912 2.877 2.624 2.401 
6.250 22.320 0.325 0.918 1.647 2.035 2.404 2.590 2.732 2.815 2.779 2.535 2.301 
6.250 27.040 0.259 0.826 1.545 1.926 2.291 2.478 2.624 2.708 2.669 2.437 2.193 
6.250 33.160 0.186 0.725 1.431 1.803 2.162 2.354 2.504 2.588 2.545 2.327 2.077 
6.250 41.050 0.107 0.623 1.315 1.678 2.031 2.227 2.383 2.467 2.419 2.216 1.959 
6.250 51.110 0.027 0.519 1.199 1.554 1.901 2.101 2.261 2.344 2.292 2.103 1.841 
6.250 63.890 -0.049 0.420 1.094 1.449 1.790 1.992 2.148 2.224 2.160 1.988 1.735 
6.250 80.060 -0.128 0.317 0.985 1.342 1.675 1.880 2.031 2.101 2.024 1.869 1.626 
6.250 100.500 -0.212 0.211 0.872 1.230 1.557 1.764 1.910 1.973 1.885 1.746 1.513 
6.250 126.290 -0.278 0.123 0.790 1.153 1.471 1.668 1.798 1.842 1.736 1.614 1.417 
6.250 158.810 -0.345 0.035 0.713 1.083 1.389 1.572 1.683 1.701 1.574 1.470 1.319 
6.250 199.780 -0.410 -0.053 0.636 1.012 1.308 1.476 1.567 1.560 1.413 1.327 1.222 
6.250 251.390 -0.481 -0.146 0.556 0.934 1.215 1.364 1.434 1.400 1.234 1.166 1.113 
6.250 316.390 -0.563 -0.249 0.468 0.841 1.099 1.222 1.267 1.204 1.021 0.972 0.980 
6.250 398.240 -0.646 -0.353 0.380 0.748 0.984 1.079 1.100 1.007 0.808 0.778 0.847 
6.250 501.290 -0.727 -0.456 0.292 0.655 0.868 0.936 0.933 0.810 0.595 0.583 0.714 
6.250 631.040 -0.821 -0.573 0.203 0.578 0.798 0.867 0.863 0.734 0.511 0.500 0.603 
6.250 794.390 -0.917 -0.689 0.114 0.502 0.730 0.802 0.798 0.664 0.433 0.421 0.492 
6.500 10.050 0.904 1.589 2.285 2.639 2.987 3.163 3.297 3.383 3.349 3.062 2.950 
6.500 10.080 0.904 1.589 2.285 2.639 2.987 3.163 3.297 3.383 3.349 3.062 2.949 
6.500 10.120 0.904 1.588 2.284 2.638 2.986 3.162 3.296 3.382 3.348 3.062 2.949 
6.500 10.200 0.903 1.588 2.284 2.638 2.986 3.162 3.296 3.382 3.348 3.061 2.949 
6.500 10.310 0.901 1.586 2.283 2.638 2.986 3.162 3.295 3.381 3.347 3.058 2.946 
6.500 10.490 0.898 1.583 2.281 2.638 2.987 3.162 3.294 3.380 3.345 3.052 2.942 
6.500 10.760 0.895 1.580 2.280 2.638 2.988 3.162 3.293 3.378 3.344 3.047 2.938 
6.500 11.180 0.881 1.566 2.267 2.627 2.977 3.151 3.280 3.365 3.330 3.032 2.921 
6.500 11.820 0.833 1.518 2.220 2.582 2.931 3.103 3.231 3.314 3.278 2.987 2.863 
6.500 12.770 0.785 1.470 2.172 2.536 2.884 3.056 3.181 3.262 3.226 2.941 2.804 
6.500 14.140 0.759 1.421 2.124 2.490 2.837 3.007 3.131 3.210 3.174 2.895 2.746 
6.500 16.080 0.712 1.340 2.038 2.400 2.745 2.915 3.041 3.119 3.081 2.813 2.650 
6.500 18.740 0.657 1.252 1.944 2.302 2.644 2.814 2.944 3.020 2.982 2.724 2.548 
6.500 22.320 0.597 1.164 1.850 2.203 2.543 2.713 2.846 2.921 2.881 2.634 2.445 
6.500 27.040 0.528 1.068 1.746 2.092 2.428 2.600 2.737 2.811 2.769 2.535 2.336 
6.500 33.160 0.449 0.965 1.631 1.968 2.298 2.475 2.617 2.689 2.645 2.428 2.219 
6.500 41.050 0.368 0.859 1.514 1.843 2.167 2.347 2.495 2.567 2.519 2.318 2.101 
6.500 51.110 0.283 0.753 1.396 1.717 2.036 2.220 2.372 2.442 2.391 2.207 1.982 
6.500 63.890 0.203 0.652 1.290 1.611 1.923 2.108 2.257 2.321 2.260 2.093 1.876 
6.500 80.060 0.117 0.548 1.180 1.501 1.806 1.992 2.138 2.196 2.126 1.975 1.766 
6.500 100.500 0.031 0.439 1.065 1.387 1.685 1.873 2.015 2.067 1.987 1.853 1.653 
6.500 126.290 -0.038 0.352 0.983 1.310 1.597 1.775 1.902 1.937 1.841 1.723 1.557 
6.500 158.810 -0.106 0.264 0.906 1.239 1.515 1.677 1.785 1.799 1.684 1.581 1.461 
6.500 199.780 -0.175 0.176 0.829 1.168 1.432 1.579 1.668 1.661 1.527 1.440 1.365 
6.500 251.390 -0.250 0.083 0.748 1.090 1.339 1.467 1.534 1.504 1.352 1.282 1.257 
6.500 316.390 -0.333 -0.019 0.662 0.998 1.224 1.325 1.369 1.311 1.144 1.091 1.127 
6.500 398.240 -0.416 -0.122 0.575 0.906 1.109 1.183 1.202 1.119 0.936 0.901 0.996 
6.500 501.290 -0.501 -0.224 0.488 0.814 0.994 1.040 1.036 0.926 0.728 0.710 0.866 
6.500 631.040 -0.590 -0.332 0.406 0.743 0.929 0.976 0.970 0.855 0.649 0.631 0.760 
6.500 794.390 -0.680 -0.441 0.324 0.673 0.866 0.914 0.908 0.788 0.576 0.557 0.655 
6.750 10.050 1.141 1.774 2.422 2.751 3.079 3.243 3.366 3.444 3.400 3.104 3.040 
6.750 10.080 1.141 1.774 2.422 2.751 3.079 3.243 3.366 3.444 3.400 3.104 3.040 
6.750 10.120 1.141 1.774 2.421 2.750 3.078 3.242 3.365 3.443 3.400 3.104 3.040 
6.750 10.200 1.141 1.773 2.421 2.750 3.078 3.242 3.365 3.443 3.399 3.103 3.039 
6.750 10.310 1.139 1.772 2.420 2.750 3.078 3.242 3.364 3.442 3.399 3.101 3.037 
6.750 10.490 1.137 1.770 2.419 2.750 3.078 3.241 3.363 3.441 3.398 3.097 3.035 
6.750 10.760 1.135 1.768 2.418 2.750 3.078 3.241 3.363 3.440 3.396 3.094 3.032 
6.750 11.180 1.127 1.760 2.410 2.743 3.072 3.234 3.355 3.432 3.388 3.084 3.022 
6.750 11.820 1.099 1.732 2.383 2.717 3.046 3.208 3.327 3.403 3.359 3.057 2.988 
6.750 12.770 1.071 1.704 2.356 2.691 3.019 3.181 3.299 3.373 3.329 3.029 2.954 
6.750 14.140 1.042 1.675 2.329 2.665 2.993 3.154 3.271 3.343 3.299 3.001 2.920 
6.750 16.080 0.969 1.589 2.240 2.574 2.900 3.061 3.179 3.251 3.206 2.920 2.821 
6.750 18.740 0.912 1.494 2.141 2.471 2.795 2.956 3.077 3.147 3.102 2.829 2.712 
6.750 22.320 0.850 1.397 2.041 2.368 2.689 2.850 2.974 3.043 2.998 2.738 2.603 
6.750 27.040 0.772 1.294 1.932 2.253 2.570 2.733 2.860 2.928 2.882 2.638 2.487 
6.750 33.160 0.687 1.184 1.811 2.123 2.437 2.602 2.734 2.802 2.753 2.527 2.366 
6.750 41.050 0.596 1.072 1.689 1.993 2.302 2.469 2.607 2.674 2.623 2.415 2.242 
6.750 51.110 0.503 0.959 1.567 1.862 2.167 2.337 2.479 2.544 2.491 2.301 2.119 
6.750 63.890 0.418 0.854 1.456 1.750 2.048 2.218 2.358 2.420 2.358 2.187 2.010 
6.750 80.060 0.328 0.746 1.342 1.635 1.926 2.095 2.233 2.292 2.222 2.069 1.898 
6.750 100.500 0.234 0.634 1.223 1.515 1.799 1.969 2.105 2.159 2.082 1.947 1.782 
6.750 126.290 0.162 0.546 1.139 1.434 1.706 1.867 1.990 2.031 1.938 1.819 1.686 
6.750 158.810 0.093 0.459 1.060 1.359 1.619 1.766 1.873 1.896 1.786 1.682 1.590 
6.750 199.780 0.021 0.372 0.981 1.285 1.532 1.665 1.756 1.761 1.634 1.545 1.495 
6.750 251.390 -0.054 0.280 0.899 1.205 1.435 1.551 1.623 1.608 1.465 1.391 1.388 
6.750 316.390 -0.140 0.179 0.812 1.113 1.319 1.409 1.459 1.419 1.262 1.205 1.259 
6.750 398.240 -0.223 0.078 0.725 1.021 1.203 1.267 1.295 1.231 1.059 1.018 1.131 
6.750 501.290 -0.309 -0.023 0.638 0.929 1.087 1.125 1.131 1.043 0.856 0.832 1.003 
6.750 631.040 -0.394 -0.124 0.562 0.862 1.024 1.063 1.068 0.976 0.782 0.758 0.902 
6.750 794.390 -0.479 -0.225 0.485 0.796 0.964 1.005 1.010 0.914 0.713 0.688 0.802 
7.000 10.050 1.375 1.960 2.559 2.863 3.171 3.323 3.435 3.505 3.452 3.146 3.130 
7.000 10.080 1.375 1.960 2.559 2.863 3.171 3.323 3.435 3.505 3.452 3.146 3.130 
7.000 10.120 1.374 1.959 2.558 2.862 3.170 3.322 3.434 3.504 3.451 3.146 3.130 
7.000 10.200 1.374 1.959 2.558 2.862 3.170 3.322 3.434 3.504 3.451 3.145 3.130 
7.000 10.310 1.373 1.958 2.557 2.862 3.170 3.321 3.433 3.503 3.451 3.144 3.129 
7.000 10.490 1.372 1.957 2.557 2.861 3.169 3.321 3.433 3.503 3.450 3.143 3.127 
7.000 10.760 1.371 1.956 2.556 2.861 3.169 3.320 3.432 3.502 3.449 3.141 3.126 
7.000 11.180 1.368 1.953 2.554 2.859 3.167 3.318 3.430 3.499 3.446 3.137 3.123 
7.000 11.820 1.361 1.945 2.547 2.853 3.161 3.312 3.424 3.492 3.439 3.127 3.113 
7.000 12.770 1.352 1.937 2.540 2.846 3.155 3.307 3.417 3.485 3.432 3.117 3.104 
7.000 14.140 1.344 1.929 2.533 2.840 3.148 3.300 3.410 3.477 3.424 3.106 3.094 
7.000 16.080 1.254 1.839 2.442 2.747 3.054 3.206 3.318 3.383 3.331 3.027 2.993 
7.000 18.740 1.152 1.735 2.338 2.641 2.946 3.097 3.210 3.275 3.223 2.935 2.877 
7.000 22.320 1.087 1.631 2.233 2.533 2.836 2.987 3.102 3.165 3.114 2.842 2.760 
7.000 27.040 1.009 1.520 2.118 2.413 2.713 2.865 2.983 3.046 2.994 2.740 2.639 
7.000 33.160 0.917 1.403 1.992 2.279 2.576 2.729 2.852 2.914 2.861 2.626 2.512 
7.000 41.050 0.819 1.284 1.864 2.143 2.437 2.591 2.719 2.781 2.727 2.511 2.384 
7.000 51.110 0.719 1.164 1.737 2.007 2.298 2.453 2.585 2.646 2.591 2.395 2.256 
7.000 63.890 0.629 1.056 1.622 1.889 2.174 2.328 2.459 2.518 2.456 2.281 2.144 
7.000 80.060 0.533 0.945 1.504 1.768 2.046 2.199 2.329 2.387 2.318 2.163 2.030 
7.000 100.500 0.432 0.829 1.381 1.642 1.913 2.065 2.195 2.251 2.176 2.041 1.911 
7.000 126.290 0.359 0.741 1.295 1.557 1.816 1.959 2.078 2.124 2.036 1.916 1.815 
7.000 158.810 0.286 0.654 1.213 1.480 1.724 1.855 1.961 1.993 1.889 1.783 1.720 
7.000 199.780 0.213 0.568 1.133 1.403 1.632 1.751 1.843 1.861 1.742 1.649 1.624 
7.000 251.390 0.136 0.477 1.050 1.321 1.531 1.635 1.711 1.711 1.578 1.499 1.519 
7.000 316.390 0.050 0.378 0.962 1.228 1.413 1.493 1.549 1.527 1.379 1.318 1.392 
7.000 398.240 -0.035 0.278 0.875 1.136 1.296 1.351 1.387 1.343 1.181 1.136 1.266 
7.000 501.290 -0.122 0.179 0.788 1.044 1.179 1.210 1.225 1.159 0.983 0.954 1.140 
7.000 631.040 -0.204 0.085 0.717 0.981 1.119 1.151 1.166 1.097 0.914 0.885 1.043 
7.000 794.390 -0.285 -0.008 0.646 0.919 1.063 1.095 1.111 1.039 0.850 0.820 0.949 
7.250 10.050 1.563 2.106 2.663 2.949 3.248 3.392 3.500 3.569 3.515 3.188 3.208 
7.250 10.080 1.563 2.106 2.663 2.949 3.248 3.392 3.500 3.569 3.515 3.188 3.208 
7.250 10.120 1.562 2.105 2.662 2.949 3.247 3.392 3.500 3.569 3.514 3.188 3.207 
7.250 10.200 1.562 2.105 2.662 2.948 3.247 3.391 3.499 3.569 3.514 3.187 3.207 
7.250 10.310 1.561 2.104 2.661 2.948 3.246 3.391 3.499 3.568 3.513 3.186 3.206 
7.250 10.490 1.560 2.103 2.661 2.948 3.246 3.390 3.498 3.567 3.513 3.185 3.205 
7.250 10.760 1.559 2.103 2.660 2.947 3.245 3.389 3.497 3.567 3.512 3.184 3.204 
7.250 11.180 1.557 2.101 2.658 2.945 3.244 3.388 3.496 3.565 3.510 3.181 3.202 
7.250 11.820 1.552 2.095 2.654 2.942 3.241 3.385 3.493 3.560 3.505 3.172 3.196 
7.250 12.770 1.547 2.090 2.650 2.939 3.238 3.382 3.489 3.556 3.500 3.164 3.189 
7.250 14.140 1.541 2.084 2.645 2.935 3.235 3.379 3.486 3.550 3.494 3.154 3.183 
7.250 16.080 1.477 2.020 2.582 2.870 3.169 3.314 3.421 3.485 3.429 3.099 3.112 
7.250 18.740 1.404 1.947 2.509 2.795 3.093 3.237 3.346 3.408 3.354 3.036 3.031 
7.250 22.320 1.329 1.872 2.435 2.719 3.016 3.160 3.270 3.331 3.278 2.973 2.948 
7.250 27.040 1.255 1.768 2.328 2.608 2.903 3.047 3.159 3.220 3.166 2.879 2.836 
7.250 33.160 1.151 1.632 2.186 2.458 2.750 2.895 3.010 3.071 3.015 2.754 2.692 
7.250 41.050 1.035 1.494 2.042 2.307 2.596 2.741 2.860 2.920 2.863 2.626 2.546 
7.250 51.110 0.916 1.356 1.898 2.156 2.442 2.588 2.709 2.770 2.711 2.498 2.401 
7.250 63.890 0.815 1.240 1.775 2.027 2.308 2.453 2.574 2.634 2.570 2.380 2.283 
7.250 80.060 0.709 1.121 1.648 1.895 2.170 2.315 2.436 2.496 2.426 2.258 2.161 
7.250 100.500 0.598 0.997 1.516 1.759 2.028 2.173 2.293 2.353 2.277 2.132 2.035 
7.250 126.290 0.520 0.907 1.425 1.667 1.924 2.063 2.175 2.226 2.139 2.010 1.937 
7.250 158.810 0.447 0.822 1.340 1.584 1.826 1.957 2.060 2.098 1.996 1.881 1.842 
7.250 199.780 0.372 0.736 1.256 1.500 1.728 1.852 1.944 1.970 1.853 1.753 1.746 
7.250 251.390 0.294 0.647 1.170 1.413 1.623 1.734 1.813 1.823 1.693 1.607 1.641 
7.250 316.390 0.206 0.549 1.082 1.318 1.503 1.592 1.654 1.643 1.498 1.430 1.516 
7.250 398.240 0.119 0.451 0.993 1.223 1.382 1.450 1.494 1.462 1.304 1.253 1.391 
7.250 501.290 0.030 0.353 0.905 1.128 1.262 1.308 1.335 1.281 1.109 1.076 1.266 
7.250 631.040 -0.047 0.266 0.837 1.069 1.206 1.253 1.280 1.223 1.044 1.010 1.175 
7.250 794.390 -0.123 0.179 0.770 1.010 1.152 1.201 1.229 1.170 0.985 0.950 1.085 
7.500 10.050 1.745 2.252 2.767 3.036 3.325 3.462 3.566 3.634 3.578 3.230 3.286 
7.500 10.080 1.745 2.251 2.767 3.036 3.325 3.462 3.566 3.634 3.578 3.230 3.285 
7.500 10.120 1.745 2.251 2.766 3.035 3.324 3.461 3.565 3.633 3.577 3.230 3.285 
7.500 10.200 1.744 2.251 2.766 3.035 3.324 3.461 3.565 3.633 3.577 3.229 3.284 
7.500 10.310 1.744 2.250 2.765 3.035 3.323 3.460 3.564 3.632 3.576 3.229 3.284 
7.500 10.490 1.743 2.250 2.765 3.034 3.323 3.460 3.564 3.632 3.576 3.228 3.283 
7.500 10.760 1.742 2.249 2.764 3.033 3.322 3.459 3.563 3.631 3.575 3.227 3.282 
7.500 11.180 1.741 2.248 2.763 3.032 3.321 3.458 3.562 3.630 3.574 3.225 3.281 
7.500 11.820 1.739 2.245 2.762 3.032 3.321 3.458 3.562 3.628 3.571 3.218 3.278 
7.500 12.770 1.736 2.242 2.760 3.031 3.321 3.458 3.562 3.626 3.568 3.210 3.275 
7.500 14.140 1.732 2.239 2.758 3.030 3.321 3.458 3.561 3.624 3.564 3.202 3.272 
7.500 16.080 1.695 2.202 2.722 2.993 3.284 3.421 3.524 3.586 3.527 3.172 3.231 
7.500 18.740 1.651 2.158 2.680 2.950 3.240 3.377 3.481 3.542 3.484 3.138 3.184 
7.500 22.320 1.607 2.113 2.637 2.906 3.196 3.333 3.437 3.496 3.441 3.103 3.136 
7.500 27.040 1.509 2.016 2.539 2.803 3.092 3.229 3.335 3.393 3.337 3.019 3.034 
7.500 33.160 1.366 1.860 2.380 2.638 2.924 3.061 3.168 3.227 3.169 2.881 2.872 
7.500 41.050 1.243 1.704 2.219 2.470 2.754 2.891 3.000 3.060 3.000 2.742 2.709 
7.500 51.110 1.109 1.549 2.060 2.304 2.585 2.722 2.833 2.893 2.830 2.602 2.547 
7.500 63.890 0.998 1.424 1.927 2.165 2.441 2.578 2.689 2.750 2.683 2.479 2.421 
7.500 80.060 0.882 1.297 1.792 2.023 2.294 2.431 2.542 2.604 2.533 2.353 2.292 
7.500 100.500 0.761 1.165 1.651 1.876 2.143 2.280 2.391 2.454 2.379 2.223 2.159 
7.500 126.290 0.678 1.073 1.555 1.777 2.032 2.167 2.273 2.328 2.241 2.103 2.059 
7.500 158.810 0.602 0.989 1.467 1.687 1.929 2.059 2.159 2.203 2.103 1.979 1.964 
7.500 199.780 0.527 0.905 1.380 1.598 1.825 1.952 2.044 2.078 1.964 1.856 1.868 
7.500 251.390 0.446 0.816 1.291 1.506 1.715 1.833 1.915 1.936 1.808 1.715 1.764 
7.500 316.390 0.357 0.720 1.201 1.408 1.592 1.691 1.758 1.758 1.617 1.543 1.640 
7.500 398.240 0.268 0.624 1.111 1.310 1.468 1.549 1.601 1.581 1.426 1.370 1.516 
7.500 501.290 0.179 0.528 1.021 1.213 1.345 1.408 1.444 1.403 1.235 1.197 1.392 
7.500 631.040 0.105 0.446 0.957 1.156 1.291 1.356 1.393 1.349 1.175 1.137 1.306 
7.500 794.390 0.032 0.366 0.895 1.101 1.241 1.308 1.346 1.301 1.121 1.080 1.220 
7.750 10.050 1.880 2.354 2.829 3.086 3.371 3.505 3.612 3.681 3.627 3.266 3.348 
7.750 10.080 1.880 2.354 2.829 3.085 3.371 3.505 3.612 3.681 3.627 3.265 3.348 
7.750 10.120 1.879 2.354 2.829 3.085 3.371 3.505 3.612 3.681 3.626 3.265 3.347 
7.750 10.200 1.879 2.353 2.828 3.085 3.370 3.504 3.611 3.680 3.626 3.265 3.347 
7.750 10.310 1.878 2.353 2.828 3.084 3.370 3.504 3.611 3.680 3.625 3.264 3.347 
7.750 10.490 1.878 2.352 2.827 3.083 3.369 3.503 3.610 3.679 3.625 3.264 3.346 
7.750 10.760 1.877 2.351 2.826 3.082 3.368 3.502 3.609 3.678 3.624 3.263 3.345 
7.750 11.180 1.876 2.350 2.825 3.082 3.368 3.501 3.608 3.677 3.623 3.261 3.344 
7.750 11.820 1.874 2.348 2.824 3.081 3.367 3.501 3.608 3.676 3.621 3.257 3.342 
7.750 12.770 1.872 2.346 2.823 3.079 3.366 3.500 3.607 3.674 3.618 3.252 3.339 
7.750 14.140 1.869 2.343 2.820 3.078 3.365 3.499 3.605 3.672 3.616 3.247 3.337 
7.750 16.080 1.848 2.323 2.801 3.059 3.346 3.480 3.587 3.651 3.595 3.228 3.315 
7.750 18.740 1.824 2.299 2.779 3.036 3.324 3.458 3.565 3.627 3.571 3.207 3.290 
7.750 22.320 1.799 2.274 2.756 3.012 3.300 3.436 3.542 3.601 3.546 3.185 3.264 
7.750 27.040 1.721 2.195 2.678 2.932 3.219 3.355 3.461 3.520 3.465 3.118 3.183 
7.750 33.160 1.585 2.060 2.543 2.792 3.076 3.212 3.319 3.379 3.322 3.005 3.042 
7.750 41.050 1.448 1.922 2.405 2.649 2.931 3.066 3.175 3.235 3.177 2.889 2.899 
7.750 51.110 1.335 1.782 2.264 2.503 2.782 2.917 3.027 3.087 3.027 2.769 2.754 
7.750 63.890 1.201 1.632 2.107 2.340 2.616 2.751 2.860 2.921 2.855 2.626 2.603 
7.750 80.060 1.057 1.479 1.946 2.173 2.446 2.581 2.689 2.752 2.680 2.479 2.449 
7.750 100.500 0.906 1.321 1.781 2.003 2.272 2.406 2.515 2.578 2.500 2.328 2.291 
7.750 126.290 0.814 1.222 1.674 1.892 2.153 2.285 2.390 2.446 2.358 2.207 2.183 
7.750 158.810 0.735 1.138 1.582 1.796 2.047 2.177 2.276 2.324 2.223 2.089 2.087 
7.750 199.780 0.656 1.053 1.489 1.701 1.941 2.069 2.162 2.201 2.087 1.971 1.991 
7.750 251.390 0.573 0.965 1.396 1.603 1.828 1.949 2.034 2.060 1.933 1.836 1.885 
7.750 316.390 0.482 0.870 1.303 1.502 1.703 1.806 1.877 1.883 1.744 1.665 1.762 
7.750 398.240 0.390 0.774 1.210 1.400 1.578 1.664 1.721 1.706 1.554 1.495 1.638 
7.750 501.290 0.300 0.678 1.117 1.299 1.452 1.522 1.564 1.530 1.365 1.324 1.515 
7.750 631.040 0.229 0.602 1.057 1.245 1.403 1.474 1.517 1.481 1.309 1.268 1.432 
7.750 794.390 0.158 0.527 0.998 1.193 1.356 1.430 1.475 1.437 1.259 1.217 1.351 
8.000 10.050 2.009 2.457 2.892 3.135 3.418 3.549 3.659 3.729 3.676 3.301 3.411 
8.000 10.080 2.009 2.457 2.892 3.135 3.418 3.549 3.659 3.729 3.676 3.301 3.410 
8.000 10.120 2.008 2.456 2.891 3.134 3.417 3.548 3.658 3.728 3.675 3.301 3.410 
8.000 10.200 2.008 2.456 2.891 3.134 3.417 3.548 3.658 3.728 3.675 3.300 3.410 
8.000 10.310 2.007 2.455 2.890 3.133 3.416 3.547 3.657 3.727 3.674 3.300 3.409 
8.000 10.490 2.007 2.455 2.890 3.133 3.416 3.547 3.657 3.727 3.674 3.299 3.408 
8.000 10.760 2.006 2.454 2.889 3.132 3.415 3.546 3.656 3.726 3.673 3.298 3.408 
8.000 11.180 2.005 2.453 2.888 3.131 3.414 3.545 3.655 3.725 3.672 3.297 3.407 
8.000 11.820 2.004 2.451 2.887 3.130 3.412 3.544 3.654 3.724 3.671 3.296 3.405 
8.000 12.770 2.002 2.450 2.885 3.128 3.411 3.542 3.652 3.722 3.669 3.294 3.404 
8.000 14.140 2.000 2.448 2.883 3.126 3.409 3.540 3.650 3.720 3.667 3.292 3.401 
8.000 16.080 1.996 2.444 2.881 3.124 3.408 3.540 3.649 3.716 3.663 3.285 3.399 
8.000 18.740 1.992 2.440 2.878 3.122 3.407 3.540 3.648 3.712 3.658 3.276 3.396 
8.000 22.320 1.987 2.435 2.874 3.119 3.405 3.538 3.646 3.707 3.652 3.266 3.392 
8.000 27.040 1.928 2.376 2.818 3.061 3.347 3.481 3.588 3.647 3.592 3.218 3.333 
8.000 33.160 1.811 2.259 2.706 2.946 3.229 3.362 3.470 3.530 3.474 3.129 3.212 
8.000 41.050 1.693 2.140 2.591 2.828 3.109 3.242 3.350 3.410 3.354 3.037 3.090 
8.000 51.110 1.566 2.014 2.469 2.702 2.980 3.113 3.222 3.282 3.224 2.937 2.961 
8.000 63.890 1.403 1.839 2.287 2.515 2.791 2.923 3.031 3.092 3.027 2.773 2.785 
8.000 80.060 1.231 1.660 2.101 2.324 2.598 2.730 2.836 2.899 2.826 2.605 2.606 
8.000 100.500 1.052 1.477 1.911 2.129 2.401 2.532 2.638 2.702 2.622 2.433 2.422 
8.000 126.290 0.950 1.371 1.794 2.007 2.274 2.404 2.506 2.565 2.475 2.311 2.307 
8.000 158.810 0.867 1.287 1.696 1.905 2.165 2.295 2.393 2.444 2.343 2.199 2.210 
8.000 199.780 0.783 1.203 1.598 1.804 2.056 2.186 2.280 2.324 2.210 2.087 2.113 
8.000 251.390 0.698 1.114 1.501 1.701 1.942 2.065 2.153 2.184 2.059 1.956 2.007 
8.000 316.390 0.603 1.019 1.405 1.596 1.814 1.922 1.997 2.008 1.870 1.788 1.884 
8.000 398.240 0.509 0.924 1.310 1.490 1.687 1.779 1.840 1.832 1.682 1.619 1.760 
8.000 501.290 0.416 0.829 1.214 1.385 1.560 1.636 1.684 1.656 1.494 1.451 1.636 
8.000 631.040 0.347 0.758 1.157 1.334 1.514 1.592 1.641 1.611 1.443 1.399 1.558 
8.000 794.390 0.279 0.689 1.102 1.285 1.472 1.552 1.603 1.572 1.398 1.353 1.482 
