CanadaSHM5_AA13_stablecrust_low , distance is rhypo. Log10 ground motion values in cgs units
          15 30 11 : nmag, ndist, nperiod
          10.000 5.000 2.000 1.000 0.500 0.300 0.200 0.100 0.050 PGA PGV 
          0.620 0.620 0.620 0.620 0.580 0.540 0.530 0.530 0.530 0.530 0.620
4.500 10.050 -1.781 -0.412 0.570 1.271 1.905 2.179 2.369 2.555 2.573 2.159 1.711 
4.500 10.080 -1.788 -0.419 0.567 1.266 1.898 2.170 2.361 2.550 2.569 2.159 1.706 
4.500 10.120 -1.792 -0.426 0.563 1.261 1.891 2.161 2.354 2.546 2.566 2.159 1.702 
4.500 10.200 -1.789 -0.433 0.560 1.257 1.884 2.152 2.346 2.541 2.563 2.159 1.697 
4.500 10.310 -1.795 -0.450 0.547 1.242 1.865 2.131 2.326 2.526 2.551 2.151 1.683 
4.500 10.490 -1.791 -0.473 0.530 1.222 1.839 2.101 2.298 2.504 2.532 2.138 1.663 
4.500 10.760 -1.789 -0.496 0.513 1.201 1.814 2.071 2.270 2.483 2.515 2.126 1.643 
4.500 11.180 -1.793 -0.525 0.488 1.173 1.780 2.034 2.234 2.453 2.486 2.105 1.616 
4.500 11.820 -1.808 -0.573 0.436 1.119 1.722 1.975 2.175 2.395 2.423 2.057 1.562 
4.500 12.770 -1.818 -0.622 0.385 1.065 1.665 1.917 2.115 2.337 2.361 2.009 1.508 
4.500 14.140 -1.828 -0.669 0.334 1.012 1.608 1.858 2.057 2.279 2.298 1.962 1.455 
4.500 16.080 -1.874 -0.755 0.239 0.918 1.514 1.767 1.960 2.176 2.176 1.865 1.355 
4.500 18.740 -1.924 -0.845 0.137 0.819 1.414 1.670 1.859 2.065 2.044 1.761 1.248 
4.500 22.320 -1.973 -0.935 0.036 0.720 1.315 1.574 1.758 1.955 1.914 1.658 1.142 
4.500 27.040 -2.035 -1.039 -0.078 0.608 1.203 1.463 1.641 1.828 1.765 1.535 1.020 
4.500 33.160 -2.113 -1.157 -0.206 0.482 1.077 1.337 1.509 1.682 1.596 1.393 0.879 
4.500 41.050 -2.187 -1.274 -0.331 0.358 0.952 1.213 1.378 1.537 1.428 1.252 0.741 
4.500 51.110 -2.257 -1.386 -0.452 0.237 0.831 1.091 1.250 1.396 1.266 1.115 0.606 
4.500 63.890 -2.304 -1.472 -0.543 0.134 0.721 0.973 1.128 1.267 1.129 0.994 0.485 
4.500 80.060 -2.344 -1.554 -0.630 0.035 0.615 0.857 1.010 1.141 0.996 0.876 0.368 
4.500 100.500 -2.380 -1.632 -0.713 -0.061 0.513 0.747 0.896 1.019 0.867 0.761 0.255 
4.500 126.290 -2.450 -1.742 -0.821 -0.188 0.373 0.592 0.734 0.840 0.677 0.586 0.101 
4.500 158.810 -2.522 -1.856 -0.931 -0.320 0.226 0.429 0.561 0.647 0.469 0.394 -0.062 
4.500 199.780 -2.594 -1.970 -1.041 -0.453 0.080 0.267 0.389 0.455 0.262 0.203 -0.225 
4.500 251.390 -2.676 -2.092 -1.158 -0.591 -0.075 0.093 0.202 0.243 0.034 -0.008 -0.398 
4.500 316.390 -2.772 -2.230 -1.287 -0.740 -0.247 -0.102 -0.013 -0.004 -0.236 -0.256 -0.591 
4.500 398.240 -2.870 -2.368 -1.416 -0.890 -0.418 -0.297 -0.228 -0.252 -0.506 -0.505 -0.785 
4.500 501.290 -2.966 -2.507 -1.546 -1.039 -0.590 -0.492 -0.443 -0.499 -0.776 -0.753 -0.978 
4.500 631.040 -3.136 -2.718 -1.722 -1.198 -0.731 -0.627 -0.573 -0.631 -0.920 -0.897 -1.169 
4.500 794.390 -3.309 -2.932 -1.900 -1.357 -0.871 -0.758 -0.700 -0.758 -1.058 -1.037 -1.360 
4.750 10.050 -1.402 -0.125 0.833 1.511 2.100 2.346 2.518 2.680 2.676 2.273 1.881 
4.750 10.080 -1.407 -0.130 0.830 1.507 2.093 2.339 2.512 2.677 2.673 2.274 1.878 
4.750 10.120 -1.412 -0.135 0.828 1.503 2.087 2.331 2.506 2.674 2.671 2.275 1.874 
4.750 10.200 -1.408 -0.141 0.825 1.499 2.080 2.323 2.499 2.672 2.668 2.276 1.871 
4.750 10.310 -1.412 -0.156 0.813 1.483 2.060 2.301 2.479 2.658 2.655 2.269 1.857 
4.750 10.490 -1.411 -0.177 0.794 1.460 2.033 2.271 2.452 2.638 2.636 2.258 1.837 
4.750 10.760 -1.407 -0.198 0.775 1.438 2.005 2.241 2.424 2.619 2.617 2.246 1.818 
4.750 11.180 -1.410 -0.226 0.749 1.407 1.971 2.205 2.388 2.590 2.587 2.227 1.790 
4.750 11.820 -1.430 -0.275 0.696 1.352 1.912 2.146 2.329 2.533 2.525 2.180 1.735 
4.750 12.770 -1.442 -0.324 0.645 1.297 1.854 2.088 2.270 2.476 2.463 2.135 1.682 
4.750 14.140 -1.455 -0.372 0.593 1.243 1.796 2.030 2.212 2.420 2.402 2.089 1.628 
4.750 16.080 -1.504 -0.459 0.499 1.151 1.704 1.941 2.118 2.316 2.283 1.994 1.529 
4.750 18.740 -1.559 -0.553 0.399 1.053 1.607 1.848 2.018 2.206 2.155 1.892 1.423 
4.750 22.320 -1.612 -0.645 0.299 0.957 1.512 1.755 1.919 2.096 2.028 1.790 1.318 
4.750 27.040 -1.678 -0.750 0.188 0.848 1.403 1.648 1.806 1.970 1.883 1.670 1.197 
4.750 33.160 -1.759 -0.868 0.066 0.727 1.282 1.526 1.677 1.826 1.718 1.530 1.059 
4.750 41.050 -1.836 -0.984 -0.055 0.608 1.163 1.406 1.550 1.684 1.556 1.391 0.922 
4.750 51.110 -1.908 -1.095 -0.171 0.492 1.047 1.288 1.426 1.546 1.398 1.256 0.789 
4.750 63.890 -1.950 -1.175 -0.255 0.394 0.942 1.174 1.309 1.423 1.269 1.140 0.673 
4.750 80.060 -1.988 -1.252 -0.336 0.299 0.841 1.064 1.196 1.304 1.143 1.028 0.560 
4.750 100.500 -2.022 -1.325 -0.412 0.208 0.744 0.957 1.087 1.189 1.022 0.919 0.451 
4.750 126.290 -2.082 -1.422 -0.513 0.086 0.609 0.809 0.932 1.021 0.844 0.756 0.305 
4.750 158.810 -2.142 -1.521 -0.614 -0.041 0.468 0.652 0.768 0.841 0.653 0.579 0.152 
4.750 199.780 -2.204 -1.620 -0.716 -0.168 0.327 0.495 0.604 0.661 0.462 0.403 -0.000 
4.750 251.390 -2.271 -1.729 -0.825 -0.301 0.177 0.328 0.426 0.461 0.248 0.206 -0.163 
4.750 316.390 -2.361 -1.855 -0.948 -0.445 0.011 0.139 0.218 0.225 -0.008 -0.029 -0.347 
4.750 398.240 -2.448 -1.982 -1.071 -0.588 -0.155 -0.049 0.011 -0.012 -0.264 -0.264 -0.531 
4.750 501.290 -2.537 -2.108 -1.194 -0.732 -0.321 -0.238 -0.197 -0.248 -0.520 -0.499 -0.714 
4.750 631.040 -2.694 -2.305 -1.357 -0.880 -0.452 -0.363 -0.318 -0.371 -0.654 -0.634 -0.895 
4.750 794.390 -2.855 -2.504 -1.522 -1.027 -0.582 -0.485 -0.435 -0.489 -0.783 -0.764 -1.076 
5.000 10.050 -1.062 0.114 1.033 1.679 2.217 2.441 2.600 2.717 2.684 2.295 1.974 
5.000 10.080 -1.066 0.110 1.031 1.674 2.210 2.433 2.594 2.715 2.681 2.296 1.971 
5.000 10.120 -1.070 0.106 1.028 1.670 2.203 2.426 2.588 2.714 2.678 2.296 1.968 
5.000 10.200 -1.052 0.130 1.062 1.707 2.241 2.461 2.621 2.763 2.730 2.351 2.010 
5.000 10.310 -1.051 0.119 1.051 1.693 2.223 2.442 2.604 2.754 2.720 2.349 1.999 
5.000 10.490 -1.052 0.102 1.035 1.673 2.198 2.416 2.581 2.741 2.705 2.344 1.984 
5.000 10.760 -1.042 0.086 1.019 1.652 2.174 2.390 2.557 2.729 2.690 2.340 1.969 
5.000 11.180 -1.040 0.065 0.998 1.628 2.146 2.361 2.530 2.711 2.671 2.331 1.949 
5.000 11.820 -1.057 0.024 0.957 1.585 2.102 2.317 2.484 2.671 2.627 2.304 1.909 
5.000 12.770 -1.071 -0.026 0.904 1.530 2.043 2.259 2.426 2.616 2.566 2.260 1.855 
5.000 14.140 -1.086 -0.075 0.852 1.474 1.985 2.202 2.368 2.560 2.505 2.216 1.801 
5.000 16.080 -1.141 -0.165 0.759 1.383 1.895 2.116 2.275 2.457 2.390 2.123 1.703 
5.000 18.740 -1.200 -0.260 0.660 1.288 1.801 2.025 2.177 2.346 2.265 2.022 1.597 
5.000 22.320 -1.258 -0.355 0.562 1.193 1.708 1.936 2.080 2.236 2.142 1.923 1.493 
5.000 27.040 -1.329 -0.461 0.455 1.088 1.604 1.833 1.970 2.111 2.001 1.804 1.374 
5.000 33.160 -1.411 -0.578 0.337 0.972 1.488 1.715 1.845 1.970 1.841 1.666 1.238 
5.000 41.050 -1.490 -0.694 0.221 0.857 1.374 1.599 1.722 1.831 1.683 1.530 1.103 
5.000 51.110 -1.567 -0.805 0.110 0.746 1.263 1.486 1.602 1.695 1.530 1.398 0.973 
5.000 63.890 -1.603 -0.879 0.033 0.653 1.163 1.376 1.490 1.580 1.409 1.287 0.861 
5.000 80.060 -1.637 -0.950 -0.042 0.563 1.067 1.270 1.382 1.467 1.290 1.180 0.752 
5.000 100.500 -1.670 -1.017 -0.111 0.477 0.975 1.167 1.278 1.359 1.176 1.077 0.647 
5.000 126.290 -1.718 -1.102 -0.204 0.359 0.845 1.025 1.131 1.202 1.012 0.926 0.509 
5.000 158.810 -1.765 -1.186 -0.298 0.238 0.709 0.874 0.975 1.035 0.837 0.764 0.367 
5.000 199.780 -1.814 -1.271 -0.391 0.117 0.573 0.724 0.820 0.867 0.661 0.603 0.224 
5.000 251.390 -1.876 -1.365 -0.492 -0.010 0.429 0.563 0.649 0.679 0.463 0.420 0.071 
5.000 316.390 -1.954 -1.480 -0.609 -0.149 0.268 0.381 0.450 0.454 0.221 0.198 -0.103 
5.000 398.240 -2.032 -1.595 -0.725 -0.287 0.108 0.198 0.250 0.228 -0.021 -0.024 -0.276 
5.000 501.290 -2.112 -1.710 -0.841 -0.425 -0.052 0.016 0.050 0.002 -0.264 -0.245 -0.450 
5.000 631.040 -2.258 -1.891 -0.992 -0.562 -0.174 -0.099 -0.062 -0.111 -0.388 -0.370 -0.621 
5.000 794.390 -2.407 -2.076 -1.144 -0.698 -0.293 -0.212 -0.170 -0.220 -0.508 -0.491 -0.793 
5.250 10.050 -0.753 0.332 1.215 1.819 2.313 2.520 2.665 2.760 2.709 2.333 2.073 
5.250 10.080 -0.755 0.331 1.214 1.816 2.308 2.515 2.662 2.760 2.708 2.334 2.072 
5.250 10.120 -0.756 0.329 1.213 1.812 2.303 2.510 2.658 2.761 2.707 2.335 2.071 
5.250 10.200 -0.757 0.328 1.212 1.809 2.298 2.504 2.655 2.762 2.706 2.337 2.071 
5.250 10.310 -0.764 0.317 1.201 1.795 2.281 2.487 2.639 2.753 2.695 2.335 2.060 
5.250 10.490 -0.748 0.328 1.220 1.815 2.301 2.504 2.656 2.789 2.734 2.385 2.088 
5.250 10.760 -0.740 0.312 1.203 1.793 2.276 2.479 2.633 2.775 2.718 2.380 2.072 
5.250 11.180 -0.737 0.291 1.182 1.768 2.248 2.451 2.606 2.757 2.697 2.373 2.051 
5.250 11.820 -0.753 0.254 1.146 1.732 2.211 2.414 2.567 2.724 2.662 2.354 2.017 
5.250 12.770 -0.759 0.218 1.110 1.696 2.174 2.378 2.529 2.691 2.627 2.335 1.983 
5.250 14.140 -0.766 0.181 1.073 1.659 2.137 2.341 2.489 2.657 2.591 2.315 1.948 
5.250 16.080 -0.822 0.093 0.984 1.572 2.051 2.258 2.399 2.556 2.478 2.223 1.851 
5.250 18.740 -0.881 -0.001 0.889 1.481 1.961 2.170 2.304 2.447 2.357 2.123 1.746 
5.250 22.320 -0.940 -0.094 0.795 1.391 1.873 2.084 2.210 2.338 2.236 2.024 1.643 
5.250 27.040 -1.010 -0.198 0.691 1.291 1.774 1.983 2.101 2.215 2.098 1.907 1.525 
5.250 33.160 -1.091 -0.314 0.579 1.180 1.663 1.869 1.978 2.076 1.941 1.770 1.391 
5.250 41.050 -1.171 -0.427 0.467 1.071 1.555 1.756 1.856 1.939 1.787 1.634 1.259 
5.250 51.110 -1.246 -0.535 0.361 0.965 1.450 1.645 1.737 1.806 1.637 1.503 1.130 
5.250 63.890 -1.286 -0.608 0.286 0.876 1.354 1.539 1.629 1.694 1.519 1.396 1.022 
5.250 80.060 -1.322 -0.677 0.215 0.790 1.262 1.436 1.524 1.585 1.405 1.292 0.916 
5.250 100.500 -1.354 -0.742 0.147 0.708 1.175 1.337 1.424 1.481 1.295 1.192 0.815 
5.250 126.290 -1.402 -0.823 0.057 0.595 1.050 1.201 1.285 1.334 1.142 1.052 0.684 
5.250 158.810 -1.448 -0.902 -0.033 0.477 0.918 1.058 1.139 1.180 0.980 0.905 0.549 
5.250 199.780 -1.495 -0.982 -0.124 0.360 0.787 0.915 0.993 1.026 0.819 0.757 0.414 
5.250 251.390 -1.551 -1.071 -0.222 0.237 0.648 0.761 0.832 0.851 0.635 0.589 0.269 
5.250 316.390 -1.627 -1.180 -0.334 0.103 0.492 0.585 0.642 0.638 0.407 0.382 0.104 
5.250 398.240 -1.702 -1.288 -0.446 -0.031 0.337 0.410 0.452 0.425 0.179 0.176 -0.061 
5.250 501.290 -1.779 -1.397 -0.558 -0.165 0.182 0.234 0.261 0.213 -0.048 -0.031 -0.226 
5.250 631.040 -1.917 -1.568 -0.699 -0.292 0.069 0.127 0.157 0.107 -0.165 -0.148 -0.389 
5.250 794.390 -2.058 -1.741 -0.841 -0.418 -0.042 0.022 0.057 0.007 -0.276 -0.261 -0.552 
5.500 10.050 -0.449 0.550 1.397 1.959 2.408 2.599 2.731 2.803 2.734 2.370 2.172 
5.500 10.080 -0.448 0.551 1.397 1.957 2.405 2.596 2.730 2.805 2.735 2.372 2.173 
5.500 10.120 -0.447 0.552 1.397 1.955 2.402 2.593 2.729 2.808 2.736 2.374 2.175 
5.500 10.200 -0.446 0.552 1.398 1.953 2.400 2.590 2.729 2.810 2.736 2.376 2.176 
5.500 10.310 -0.456 0.543 1.387 1.938 2.383 2.574 2.714 2.802 2.726 2.374 2.166 
5.500 10.490 -0.468 0.526 1.368 1.915 2.358 2.549 2.691 2.786 2.708 2.371 2.148 
5.500 10.760 -0.449 0.538 1.387 1.934 2.378 2.567 2.708 2.822 2.746 2.421 2.175 
5.500 11.180 -0.443 0.517 1.365 1.908 2.351 2.540 2.682 2.802 2.724 2.414 2.154 
5.500 11.820 -0.458 0.481 1.329 1.872 2.315 2.506 2.645 2.770 2.690 2.396 2.119 
5.500 12.770 -0.467 0.445 1.294 1.837 2.279 2.471 2.609 2.737 2.656 2.378 2.085 
5.500 14.140 -0.473 0.410 1.258 1.802 2.244 2.438 2.572 2.705 2.622 2.360 2.051 
5.500 16.080 -0.510 0.349 1.206 1.758 2.204 2.396 2.521 2.651 2.562 2.319 1.996 
5.500 18.740 -0.568 0.258 1.117 1.674 2.122 2.315 2.431 2.547 2.448 2.224 1.895 
5.500 22.320 -0.629 0.167 1.027 1.589 2.037 2.231 2.339 2.441 2.330 2.126 1.793 
5.500 27.040 -0.697 0.065 0.928 1.493 1.943 2.134 2.232 2.319 2.195 2.009 1.676 
5.500 33.160 -0.779 -0.048 0.820 1.388 1.839 2.022 2.110 2.182 2.042 1.873 1.544 
5.500 41.050 -0.857 -0.160 0.713 1.284 1.736 1.912 1.990 2.047 1.890 1.739 1.414 
5.500 51.110 -0.932 -0.265 0.612 1.184 1.636 1.804 1.872 1.916 1.744 1.609 1.288 
5.500 63.890 -0.973 -0.336 0.540 1.099 1.545 1.702 1.768 1.808 1.630 1.505 1.183 
5.500 80.060 -1.010 -0.404 0.471 1.017 1.458 1.602 1.666 1.703 1.519 1.404 1.081 
5.500 100.500 -1.042 -0.467 0.406 0.939 1.374 1.507 1.569 1.602 1.413 1.307 0.983 
5.500 126.290 -1.089 -0.544 0.319 0.830 1.254 1.377 1.438 1.466 1.271 1.178 0.859 
5.500 158.810 -1.135 -0.618 0.231 0.716 1.128 1.241 1.302 1.326 1.124 1.045 0.732 
5.500 199.780 -1.179 -0.693 0.143 0.603 1.001 1.106 1.166 1.184 0.976 0.912 0.605 
5.500 251.390 -1.232 -0.777 0.048 0.484 0.866 0.959 1.015 1.023 0.806 0.759 0.468 
5.500 316.390 -1.306 -0.880 -0.059 0.355 0.716 0.790 0.834 0.823 0.593 0.566 0.311 
5.500 398.240 -1.379 -0.982 -0.168 0.225 0.565 0.621 0.653 0.623 0.380 0.374 0.155 
5.500 501.290 -1.451 -1.085 -0.275 0.096 0.415 0.453 0.472 0.423 0.167 0.182 -0.002 
5.500 631.040 -1.581 -1.244 -0.406 -0.021 0.311 0.353 0.376 0.326 0.059 0.074 -0.156 
5.500 794.390 -1.713 -1.406 -0.537 -0.138 0.208 0.256 0.284 0.233 -0.045 -0.031 -0.311 
5.750 10.050 -0.178 0.744 1.543 2.065 2.483 2.662 2.783 2.834 2.755 2.403 2.256 
5.750 10.080 -0.177 0.744 1.543 2.063 2.481 2.660 2.782 2.836 2.756 2.405 2.257 
5.750 10.120 -0.176 0.745 1.544 2.062 2.478 2.657 2.781 2.837 2.756 2.407 2.258 
5.750 10.200 -0.175 0.746 1.544 2.060 2.476 2.655 2.781 2.839 2.756 2.409 2.259 
5.750 10.310 -0.182 0.738 1.535 2.048 2.462 2.642 2.769 2.831 2.747 2.408 2.251 
5.750 10.490 -0.195 0.726 1.520 2.029 2.442 2.622 2.751 2.817 2.732 2.406 2.237 
5.750 10.760 -0.202 0.714 1.506 2.010 2.421 2.602 2.732 2.804 2.716 2.404 2.223 
5.750 11.180 -0.180 0.724 1.523 2.030 2.443 2.621 2.750 2.837 2.753 2.453 2.250 
5.750 11.820 -0.189 0.689 1.487 1.994 2.408 2.587 2.714 2.804 2.719 2.436 2.215 
5.750 12.770 -0.201 0.653 1.452 1.959 2.373 2.553 2.678 2.771 2.685 2.418 2.180 
5.750 14.140 -0.206 0.619 1.417 1.924 2.338 2.519 2.642 2.739 2.651 2.401 2.146 
5.750 16.080 -0.242 0.559 1.368 1.883 2.300 2.479 2.592 2.688 2.595 2.361 2.092 
5.750 18.740 -0.281 0.496 1.315 1.840 2.260 2.438 2.539 2.633 2.533 2.317 2.033 
5.750 22.320 -0.340 0.406 1.228 1.758 2.179 2.356 2.449 2.530 2.419 2.222 1.933 
5.750 27.040 -0.410 0.306 1.132 1.666 2.088 2.260 2.343 2.412 2.287 2.107 1.818 
5.750 33.160 -0.491 0.196 1.027 1.564 1.987 2.151 2.223 2.278 2.136 1.972 1.688 
5.750 41.050 -0.571 0.088 0.924 1.465 1.888 2.044 2.104 2.145 1.988 1.839 1.560 
5.750 51.110 -0.645 -0.015 0.826 1.368 1.791 1.938 1.989 2.017 1.844 1.710 1.437 
5.750 63.890 -0.687 -0.085 0.756 1.286 1.704 1.839 1.887 1.912 1.731 1.607 1.334 
5.750 80.060 -0.724 -0.150 0.689 1.208 1.620 1.743 1.789 1.809 1.622 1.507 1.235 
5.750 100.500 -0.759 -0.212 0.626 1.133 1.540 1.651 1.694 1.711 1.517 1.412 1.140 
5.750 126.290 -0.806 -0.287 0.541 1.027 1.424 1.526 1.569 1.579 1.380 1.289 1.020 
5.750 158.810 -0.851 -0.359 0.456 0.917 1.301 1.395 1.439 1.443 1.239 1.164 0.899 
5.750 199.780 -0.896 -0.432 0.370 0.807 1.179 1.265 1.309 1.306 1.098 1.038 0.778 
5.750 251.390 -0.951 -0.513 0.278 0.691 1.049 1.123 1.163 1.151 0.935 0.893 0.647 
5.750 316.390 -1.024 -0.613 0.173 0.565 0.902 0.959 0.988 0.956 0.730 0.710 0.497 
5.750 398.240 -1.095 -0.712 0.068 0.440 0.756 0.795 0.813 0.761 0.525 0.527 0.346 
5.750 501.290 -1.168 -0.812 -0.037 0.314 0.610 0.631 0.638 0.567 0.320 0.344 0.196 
5.750 631.040 -1.290 -0.961 -0.158 0.205 0.512 0.538 0.548 0.475 0.217 0.241 0.049 
5.750 794.390 -1.414 -1.112 -0.281 0.096 0.417 0.448 0.461 0.387 0.119 0.142 -0.099 
6.000 10.050 0.090 0.937 1.690 2.171 2.557 2.724 2.834 2.866 2.776 2.437 2.340 
6.000 10.080 0.091 0.937 1.690 2.170 2.556 2.723 2.834 2.866 2.776 2.438 2.341 
6.000 10.120 0.092 0.938 1.690 2.169 2.554 2.721 2.833 2.866 2.776 2.440 2.341 
6.000 10.200 0.093 0.939 1.690 2.168 2.552 2.720 2.833 2.867 2.777 2.441 2.342 
6.000 10.310 0.089 0.934 1.683 2.158 2.542 2.710 2.824 2.860 2.769 2.441 2.336 
6.000 10.490 0.080 0.925 1.672 2.143 2.526 2.694 2.810 2.848 2.756 2.441 2.326 
6.000 10.760 0.071 0.917 1.661 2.128 2.510 2.679 2.796 2.836 2.743 2.441 2.316 
6.000 11.180 0.060 0.902 1.644 2.108 2.489 2.659 2.777 2.819 2.725 2.437 2.300 
6.000 11.820 0.067 0.896 1.646 2.116 2.500 2.668 2.782 2.838 2.748 2.475 2.310 
6.000 12.770 0.060 0.861 1.611 2.081 2.466 2.634 2.746 2.805 2.714 2.459 2.275 
6.000 14.140 0.053 0.827 1.576 2.046 2.432 2.601 2.711 2.773 2.681 2.443 2.240 
6.000 16.080 0.018 0.769 1.528 2.007 2.395 2.561 2.661 2.723 2.626 2.403 2.186 
6.000 18.740 -0.021 0.707 1.479 1.967 2.358 2.521 2.610 2.671 2.567 2.360 2.130 
6.000 22.320 -0.061 0.645 1.429 1.926 2.320 2.480 2.557 2.619 2.507 2.316 2.072 
6.000 27.040 -0.130 0.548 1.336 1.838 2.233 2.387 2.454 2.504 2.379 2.204 1.960 
6.000 33.160 -0.211 0.441 1.235 1.741 2.135 2.280 2.336 2.373 2.231 2.070 1.832 
6.000 41.050 -0.290 0.335 1.135 1.645 2.040 2.175 2.219 2.244 2.085 1.938 1.707 
6.000 51.110 -0.364 0.235 1.040 1.553 1.947 2.072 2.106 2.119 1.944 1.811 1.585 
6.000 63.890 -0.406 0.167 0.972 1.474 1.863 1.976 2.007 2.015 1.833 1.710 1.485 
6.000 80.060 -0.445 0.103 0.907 1.398 1.782 1.884 1.911 1.915 1.724 1.611 1.389 
6.000 100.500 -0.478 0.042 0.847 1.327 1.705 1.795 1.819 1.820 1.620 1.517 1.297 
6.000 126.290 -0.528 -0.031 0.764 1.224 1.593 1.675 1.699 1.692 1.489 1.400 1.182 
6.000 158.810 -0.573 -0.101 0.681 1.117 1.475 1.549 1.575 1.561 1.354 1.283 1.067 
6.000 199.780 -0.619 -0.171 0.597 1.010 1.357 1.424 1.452 1.429 1.219 1.165 0.951 
6.000 251.390 -0.673 -0.250 0.508 0.898 1.231 1.287 1.312 1.278 1.064 1.028 0.826 
6.000 316.390 -0.744 -0.346 0.406 0.776 1.089 1.128 1.142 1.089 0.867 0.854 0.682 
6.000 398.240 -0.817 -0.442 0.304 0.655 0.946 0.969 0.973 0.900 0.669 0.679 0.538 
6.000 501.290 -0.888 -0.538 0.202 0.533 0.804 0.810 0.803 0.711 0.472 0.505 0.394 
6.000 631.040 -1.003 -0.678 0.089 0.431 0.714 0.724 0.719 0.624 0.376 0.408 0.254 
6.000 794.390 -1.120 -0.819 -0.025 0.330 0.626 0.640 0.639 0.542 0.283 0.316 0.114 
6.250 10.050 0.330 1.112 1.814 2.264 2.631 2.785 2.883 2.888 2.794 2.465 2.414 
6.250 10.080 0.331 1.112 1.814 2.264 2.630 2.784 2.883 2.889 2.794 2.466 2.414 
6.250 10.120 0.332 1.113 1.815 2.263 2.629 2.783 2.883 2.889 2.794 2.467 2.415 
6.250 10.200 0.332 1.113 1.815 2.263 2.628 2.783 2.883 2.889 2.794 2.467 2.415 
6.250 10.310 0.331 1.111 1.811 2.257 2.622 2.777 2.878 2.885 2.790 2.468 2.412 
6.250 10.490 0.327 1.108 1.805 2.248 2.612 2.768 2.871 2.878 2.783 2.469 2.408 
6.250 10.760 0.324 1.104 1.800 2.239 2.603 2.759 2.863 2.872 2.775 2.471 2.404 
6.250 11.180 0.313 1.094 1.787 2.224 2.587 2.744 2.849 2.859 2.762 2.468 2.392 
6.250 11.820 0.278 1.061 1.753 2.190 2.552 2.709 2.814 2.826 2.729 2.455 2.358 
6.250 12.770 0.292 1.056 1.756 2.199 2.563 2.718 2.819 2.844 2.752 2.496 2.370 
6.250 14.140 0.287 1.024 1.723 2.165 2.529 2.684 2.784 2.811 2.719 2.483 2.336 
6.250 16.080 0.256 0.966 1.674 2.124 2.490 2.641 2.732 2.763 2.664 2.445 2.282 
6.250 18.740 0.217 0.904 1.623 2.082 2.449 2.597 2.677 2.711 2.605 2.403 2.224 
6.250 22.320 0.176 0.842 1.572 2.040 2.409 2.553 2.623 2.659 2.546 2.361 2.167 
6.250 27.040 0.127 0.774 1.516 1.993 2.364 2.500 2.558 2.596 2.473 2.302 2.099 
6.250 33.160 0.049 0.668 1.416 1.896 2.267 2.393 2.440 2.467 2.327 2.170 1.973 
6.250 41.050 -0.032 0.563 1.318 1.802 2.171 2.289 2.323 2.340 2.183 2.039 1.848 
6.250 51.110 -0.107 0.464 1.224 1.711 2.079 2.187 2.211 2.217 2.043 1.912 1.728 
6.250 63.890 -0.151 0.397 1.158 1.634 1.998 2.095 2.114 2.116 1.932 1.812 1.630 
6.250 80.060 -0.191 0.334 1.094 1.561 1.920 2.006 2.021 2.019 1.825 1.714 1.536 
6.250 100.500 -0.229 0.274 1.035 1.492 1.847 1.921 1.932 1.925 1.722 1.621 1.446 
6.250 126.290 -0.278 0.203 0.955 1.393 1.739 1.805 1.816 1.801 1.592 1.507 1.336 
6.250 158.810 -0.325 0.135 0.876 1.291 1.626 1.685 1.698 1.673 1.460 1.395 1.227 
6.250 199.780 -0.370 0.067 0.796 1.188 1.513 1.566 1.580 1.546 1.329 1.282 1.117 
6.250 251.390 -0.425 -0.010 0.709 1.080 1.391 1.433 1.446 1.398 1.176 1.150 0.997 
6.250 316.390 -0.497 -0.104 0.611 0.962 1.252 1.278 1.280 1.212 0.982 0.980 0.859 
6.250 398.240 -0.571 -0.198 0.512 0.843 1.113 1.122 1.114 1.025 0.788 0.810 0.720 
6.250 501.290 -0.643 -0.292 0.414 0.725 0.974 0.967 0.948 0.839 0.594 0.641 0.581 
6.250 631.040 -0.751 -0.423 0.308 0.630 0.890 0.886 0.869 0.757 0.502 0.550 0.448 
6.250 794.390 -0.862 -0.555 0.202 0.536 0.808 0.808 0.794 0.680 0.414 0.462 0.315 
6.500 10.050 0.570 1.287 1.939 2.357 2.704 2.845 2.932 2.911 2.812 2.493 2.488 
6.500 10.080 0.570 1.287 1.939 2.358 2.704 2.845 2.933 2.911 2.812 2.494 2.488 
6.500 10.120 0.570 1.287 1.939 2.358 2.704 2.845 2.933 2.911 2.812 2.494 2.488 
6.500 10.200 0.570 1.287 1.940 2.358 2.704 2.845 2.933 2.911 2.812 2.494 2.488 
6.500 10.310 0.572 1.288 1.939 2.356 2.702 2.844 2.932 2.910 2.811 2.495 2.489 
6.500 10.490 0.573 1.290 1.939 2.353 2.699 2.841 2.931 2.909 2.810 2.498 2.490 
6.500 10.760 0.575 1.291 1.938 2.351 2.696 2.839 2.930 2.908 2.808 2.500 2.492 
6.500 11.180 0.569 1.285 1.930 2.340 2.685 2.828 2.921 2.898 2.799 2.500 2.485 
6.500 11.820 0.536 1.254 1.898 2.307 2.650 2.793 2.885 2.865 2.766 2.489 2.452 
6.500 12.770 0.503 1.223 1.865 2.273 2.616 2.759 2.850 2.832 2.733 2.479 2.419 
6.500 14.140 0.493 1.192 1.833 2.240 2.581 2.724 2.816 2.799 2.700 2.468 2.387 
6.500 16.080 0.484 1.162 1.820 2.240 2.584 2.720 2.802 2.801 2.701 2.486 2.377 
6.500 18.740 0.447 1.100 1.768 2.196 2.540 2.673 2.745 2.750 2.643 2.445 2.319 
6.500 22.320 0.407 1.039 1.715 2.152 2.497 2.625 2.688 2.699 2.584 2.404 2.261 
6.500 27.040 0.361 0.975 1.665 2.111 2.457 2.577 2.628 2.644 2.521 2.354 2.200 
6.500 33.160 0.289 0.880 1.579 2.031 2.376 2.486 2.524 2.536 2.396 2.242 2.090 
6.500 41.050 0.220 0.792 1.500 1.958 2.303 2.403 2.428 2.437 2.281 2.139 1.989 
6.500 51.110 0.144 0.694 1.408 1.868 2.211 2.302 2.315 2.316 2.142 2.014 1.870 
6.500 63.890 0.099 0.628 1.343 1.794 2.133 2.213 2.222 2.217 2.032 1.914 1.775 
6.500 80.060 0.055 0.565 1.281 1.723 2.058 2.128 2.131 2.122 1.926 1.817 1.683 
6.500 100.500 0.018 0.506 1.223 1.657 1.988 2.046 2.045 2.030 1.823 1.724 1.596 
6.500 126.290 -0.033 0.437 1.146 1.563 1.885 1.936 1.934 1.910 1.696 1.615 1.490 
6.500 158.810 -0.078 0.371 1.070 1.464 1.777 1.822 1.821 1.786 1.567 1.507 1.386 
6.500 199.780 -0.126 0.305 0.994 1.366 1.669 1.707 1.708 1.662 1.438 1.398 1.283 
6.500 251.390 -0.182 0.231 0.912 1.263 1.551 1.580 1.579 1.518 1.288 1.271 1.169 
6.500 316.390 -0.255 0.139 0.816 1.147 1.415 1.428 1.417 1.334 1.097 1.106 1.035 
6.500 398.240 -0.328 0.047 0.721 1.032 1.280 1.275 1.255 1.151 0.906 0.942 0.902 
6.500 501.290 -0.401 -0.045 0.625 0.916 1.144 1.123 1.093 0.967 0.715 0.777 0.768 
6.500 631.040 -0.505 -0.167 0.527 0.829 1.066 1.048 1.019 0.890 0.628 0.691 0.642 
6.500 794.390 -0.610 -0.290 0.429 0.742 0.990 0.976 0.950 0.817 0.544 0.608 0.516 
6.750 10.050 0.777 1.438 2.031 2.416 2.744 2.879 2.963 2.924 2.825 2.519 2.554 
6.750 10.080 0.777 1.438 2.031 2.416 2.744 2.879 2.963 2.924 2.825 2.519 2.554 
6.750 10.120 0.778 1.438 2.031 2.416 2.744 2.880 2.963 2.924 2.825 2.520 2.555 
6.750 10.200 0.778 1.439 2.032 2.416 2.744 2.880 2.964 2.924 2.825 2.520 2.555 
6.750 10.310 0.779 1.439 2.032 2.416 2.743 2.879 2.963 2.924 2.825 2.521 2.555 
6.750 10.490 0.780 1.440 2.031 2.414 2.741 2.878 2.963 2.923 2.824 2.522 2.556 
6.750 10.760 0.781 1.441 2.031 2.413 2.740 2.876 2.962 2.922 2.823 2.524 2.557 
6.750 11.180 0.778 1.438 2.027 2.407 2.733 2.870 2.957 2.916 2.818 2.524 2.554 
6.750 11.820 0.760 1.421 2.008 2.387 2.712 2.850 2.936 2.897 2.798 2.520 2.535 
6.750 12.770 0.743 1.404 1.989 2.368 2.692 2.829 2.915 2.877 2.777 2.516 2.517 
6.750 14.140 0.725 1.387 1.971 2.348 2.671 2.808 2.895 2.857 2.757 2.512 2.499 
6.750 16.080 0.672 1.327 1.918 2.301 2.623 2.756 2.837 2.805 2.701 2.477 2.441 
6.750 18.740 0.658 1.289 1.896 2.293 2.616 2.742 2.813 2.800 2.695 2.492 2.422 
6.750 22.320 0.618 1.223 1.839 2.242 2.565 2.686 2.749 2.744 2.634 2.453 2.358 
6.750 27.040 0.569 1.155 1.784 2.196 2.519 2.632 2.684 2.686 2.567 2.404 2.293 
6.750 33.160 0.495 1.059 1.697 2.114 2.434 2.539 2.579 2.577 2.440 2.291 2.183 
6.750 41.050 0.439 0.992 1.647 2.075 2.396 2.488 2.514 2.519 2.369 2.232 2.118 
6.750 51.110 0.365 0.900 1.562 1.994 2.312 2.395 2.410 2.410 2.243 2.118 2.008 
6.750 63.890 0.316 0.832 1.497 1.921 2.235 2.308 2.317 2.310 2.130 2.016 1.912 
6.750 80.060 0.269 0.767 1.436 1.853 2.162 2.225 2.227 2.215 2.021 1.917 1.820 
6.750 100.500 0.226 0.706 1.378 1.788 2.093 2.145 2.141 2.123 1.917 1.822 1.732 
6.750 126.290 0.174 0.638 1.305 1.699 1.996 2.040 2.033 2.004 1.790 1.713 1.631 
6.750 158.810 0.127 0.573 1.233 1.607 1.896 1.932 1.925 1.882 1.663 1.608 1.533 
6.750 199.780 0.078 0.508 1.161 1.516 1.796 1.824 1.817 1.761 1.536 1.502 1.435 
6.750 251.390 0.021 0.435 1.083 1.418 1.686 1.703 1.691 1.619 1.388 1.378 1.327 
6.750 316.390 -0.054 0.344 0.991 1.307 1.555 1.554 1.531 1.438 1.200 1.217 1.198 
6.750 398.240 -0.128 0.253 0.899 1.196 1.425 1.405 1.372 1.256 1.012 1.055 1.070 
6.750 501.290 -0.204 0.162 0.807 1.084 1.294 1.257 1.212 1.075 0.824 0.894 0.942 
6.750 631.040 -0.302 0.048 0.716 1.003 1.222 1.187 1.144 1.002 0.740 0.812 0.822 
6.750 794.390 -0.402 -0.067 0.625 0.922 1.152 1.120 1.079 0.933 0.660 0.734 0.703 
7.000 10.050 0.990 1.601 2.139 2.493 2.803 2.932 3.011 2.959 2.862 2.568 2.641 
7.000 10.080 0.990 1.602 2.139 2.493 2.803 2.932 3.011 2.959 2.863 2.569 2.641 
7.000 10.120 0.991 1.602 2.139 2.493 2.804 2.933 3.011 2.959 2.863 2.569 2.641 
7.000 10.200 0.991 1.602 2.140 2.494 2.804 2.933 3.012 2.960 2.863 2.569 2.642 
7.000 10.310 0.992 1.603 2.141 2.494 2.805 2.934 3.012 2.960 2.864 2.571 2.643 
7.000 10.490 0.993 1.604 2.142 2.495 2.805 2.934 3.013 2.961 2.865 2.573 2.644 
7.000 10.760 0.994 1.605 2.143 2.496 2.806 2.935 3.014 2.962 2.866 2.575 2.645 
7.000 11.180 0.994 1.606 2.143 2.496 2.806 2.935 3.013 2.961 2.866 2.577 2.646 
7.000 11.820 0.993 1.604 2.140 2.492 2.801 2.930 3.009 2.957 2.862 2.582 2.644 
7.000 12.770 0.991 1.603 2.137 2.489 2.796 2.926 3.005 2.954 2.857 2.587 2.643 
7.000 14.140 0.990 1.602 2.134 2.486 2.792 2.922 3.002 2.950 2.853 2.593 2.642 
7.000 16.080 0.908 1.520 2.053 2.405 2.708 2.835 2.912 2.861 2.757 2.523 2.550 
7.000 18.740 0.832 1.449 1.988 2.347 2.647 2.769 2.840 2.799 2.691 2.485 2.480 
7.000 22.320 0.814 1.406 1.961 2.332 2.633 2.747 2.810 2.788 2.682 2.501 2.455 
7.000 27.040 0.768 1.336 1.903 2.282 2.581 2.687 2.740 2.727 2.613 2.453 2.387 
7.000 33.160 0.713 1.266 1.851 2.240 2.538 2.634 2.673 2.668 2.540 2.393 2.320 
7.000 41.050 0.635 1.170 1.763 2.156 2.450 2.538 2.567 2.558 2.412 2.279 2.209 
7.000 51.110 0.580 1.104 1.715 2.117 2.410 2.486 2.502 2.501 2.340 2.221 2.144 
7.000 63.890 0.529 1.036 1.652 2.049 2.337 2.403 2.411 2.404 2.228 2.118 2.050 
7.000 80.060 0.478 0.969 1.590 1.982 2.265 2.322 2.322 2.308 2.117 2.016 1.957 
7.000 100.500 0.431 0.907 1.533 1.919 2.198 2.244 2.238 2.216 2.010 1.919 1.869 
7.000 126.290 0.377 0.838 1.463 1.835 2.107 2.144 2.133 2.098 1.884 1.812 1.772 
7.000 158.810 0.327 0.775 1.396 1.750 2.016 2.042 2.029 1.979 1.759 1.709 1.679 
7.000 199.780 0.277 0.712 1.328 1.666 1.924 1.941 1.925 1.860 1.634 1.607 1.587 
7.000 251.390 0.219 0.639 1.254 1.573 1.821 1.825 1.803 1.720 1.488 1.485 1.484 
7.000 316.390 0.142 0.550 1.166 1.466 1.695 1.680 1.646 1.541 1.303 1.327 1.362 
7.000 398.240 0.067 0.460 1.078 1.359 1.570 1.535 1.489 1.362 1.117 1.169 1.239 
7.000 501.290 -0.010 0.370 0.990 1.252 1.444 1.391 1.332 1.182 0.932 1.011 1.116 
7.000 631.040 -0.105 0.264 0.905 1.177 1.377 1.325 1.268 1.113 0.852 0.933 1.002 
7.000 794.390 -0.200 0.156 0.821 1.102 1.313 1.263 1.207 1.048 0.777 0.859 0.889 
7.250 10.050 1.166 1.736 2.217 2.542 2.836 2.966 3.039 2.984 2.884 2.604 2.721 
7.250 10.080 1.166 1.736 2.218 2.542 2.836 2.966 3.039 2.984 2.884 2.604 2.722 
7.250 10.120 1.167 1.736 2.218 2.542 2.837 2.967 3.040 2.984 2.885 2.605 2.722 
7.250 10.200 1.167 1.737 2.218 2.543 2.837 2.967 3.040 2.985 2.885 2.605 2.722 
7.250 10.310 1.168 1.737 2.219 2.543 2.838 2.968 3.040 2.985 2.885 2.606 2.723 
7.250 10.490 1.169 1.738 2.220 2.544 2.838 2.968 3.041 2.986 2.886 2.607 2.724 
7.250 10.760 1.170 1.739 2.221 2.545 2.839 2.969 3.042 2.987 2.887 2.608 2.725 
7.250 11.180 1.171 1.740 2.221 2.545 2.839 2.969 3.042 2.987 2.888 2.611 2.726 
7.250 11.820 1.171 1.741 2.220 2.543 2.837 2.967 3.040 2.986 2.887 2.617 2.727 
7.250 12.770 1.172 1.741 2.220 2.542 2.834 2.965 3.038 2.985 2.886 2.623 2.728 
7.250 14.140 1.173 1.742 2.220 2.541 2.833 2.963 3.037 2.984 2.886 2.630 2.729 
7.250 16.080 1.116 1.685 2.162 2.484 2.771 2.899 2.972 2.920 2.818 2.584 2.663 
7.250 18.740 1.070 1.646 2.131 2.459 2.744 2.867 2.936 2.896 2.793 2.583 2.630 
7.250 22.320 1.016 1.597 2.086 2.417 2.699 2.819 2.883 2.850 2.746 2.559 2.579 
7.250 27.040 0.973 1.532 2.032 2.370 2.649 2.761 2.818 2.794 2.683 2.516 2.514 
7.250 33.160 0.912 1.450 1.968 2.317 2.593 2.693 2.739 2.727 2.603 2.453 2.435 
7.250 41.050 0.842 1.368 1.905 2.264 2.536 2.626 2.660 2.659 2.522 2.388 2.356 
7.250 51.110 0.774 1.292 1.846 2.214 2.484 2.562 2.584 2.594 2.445 2.326 2.280 
7.250 63.890 0.715 1.219 1.782 2.146 2.410 2.477 2.492 2.495 2.330 2.222 2.185 
7.250 80.060 0.656 1.147 1.717 2.078 2.335 2.391 2.399 2.395 2.213 2.115 2.088 
7.250 100.500 0.599 1.078 1.654 2.012 2.263 2.308 2.308 2.296 2.098 2.010 1.993 
7.250 126.290 0.540 1.006 1.587 1.933 2.176 2.208 2.203 2.178 1.971 1.902 1.898 
7.250 158.810 0.488 0.943 1.525 1.857 2.093 2.111 2.100 2.061 1.847 1.800 1.812 
7.250 199.780 0.435 0.879 1.463 1.781 2.010 2.014 1.998 1.944 1.724 1.699 1.725 
7.250 251.390 0.374 0.806 1.394 1.696 1.914 1.902 1.877 1.806 1.580 1.579 1.627 
7.250 316.390 0.294 0.717 1.310 1.595 1.795 1.760 1.721 1.628 1.397 1.423 1.510 
7.250 398.240 0.216 0.627 1.226 1.493 1.675 1.617 1.565 1.451 1.214 1.268 1.392 
7.250 501.290 0.136 0.538 1.142 1.392 1.556 1.475 1.409 1.274 1.031 1.112 1.274 
7.250 631.040 0.045 0.437 1.063 1.322 1.493 1.413 1.347 1.208 0.955 1.038 1.166 
7.250 794.390 -0.046 0.335 0.984 1.253 1.433 1.354 1.290 1.146 0.884 0.968 1.059 
7.500 10.050 1.337 1.870 2.296 2.591 2.869 3.000 3.067 3.009 2.905 2.639 2.802 
7.500 10.080 1.338 1.871 2.296 2.591 2.869 3.000 3.067 3.009 2.906 2.640 2.802 
7.500 10.120 1.338 1.871 2.296 2.591 2.870 3.001 3.067 3.009 2.906 2.640 2.802 
7.500 10.200 1.338 1.871 2.297 2.592 2.870 3.001 3.068 3.010 2.906 2.640 2.803 
7.500 10.310 1.339 1.872 2.297 2.592 2.871 3.002 3.068 3.010 2.907 2.641 2.803 
7.500 10.490 1.339 1.873 2.298 2.593 2.871 3.002 3.069 3.011 2.908 2.642 2.804 
7.500 10.760 1.340 1.873 2.299 2.594 2.872 3.003 3.070 3.012 2.908 2.642 2.805 
7.500 11.180 1.342 1.875 2.300 2.595 2.873 3.004 3.071 3.013 2.910 2.645 2.806 
7.500 11.820 1.344 1.877 2.301 2.595 2.873 3.004 3.071 3.014 2.913 2.652 2.809 
7.500 12.770 1.347 1.880 2.303 2.596 2.873 3.004 3.072 3.016 2.916 2.660 2.813 
7.500 14.140 1.350 1.883 2.305 2.597 2.873 3.004 3.073 3.019 2.919 2.668 2.816 
7.500 16.080 1.320 1.853 2.274 2.566 2.839 2.967 3.036 2.984 2.883 2.650 2.780 
7.500 18.740 1.285 1.818 2.239 2.531 2.799 2.925 2.993 2.944 2.842 2.629 2.737 
7.500 22.320 1.253 1.788 2.210 2.503 2.766 2.890 2.957 2.913 2.809 2.617 2.702 
7.500 27.040 1.187 1.727 2.160 2.459 2.717 2.834 2.895 2.861 2.752 2.580 2.641 
7.500 33.160 1.092 1.633 2.085 2.393 2.647 2.752 2.804 2.785 2.664 2.511 2.549 
7.500 41.050 1.020 1.539 2.010 2.329 2.578 2.672 2.713 2.709 2.577 2.444 2.458 
7.500 51.110 0.941 1.451 1.941 2.269 2.513 2.594 2.627 2.636 2.493 2.377 2.371 
7.500 63.890 0.896 1.401 1.910 2.243 2.482 2.549 2.571 2.585 2.429 2.323 2.317 
7.500 80.060 0.830 1.325 1.844 2.175 2.406 2.461 2.476 2.482 2.309 2.215 2.219 
7.500 100.500 0.764 1.248 1.776 2.105 2.327 2.371 2.379 2.377 2.185 2.102 2.118 
7.500 126.290 0.699 1.174 1.711 2.031 2.245 2.273 2.273 2.258 2.057 1.992 2.025 
7.500 158.810 0.643 1.110 1.655 1.964 2.171 2.180 2.172 2.143 1.935 1.892 1.944 
7.500 199.780 0.588 1.045 1.598 1.896 2.096 2.087 2.071 2.027 1.813 1.791 1.863 
7.500 251.390 0.523 0.973 1.534 1.819 2.008 1.979 1.951 1.891 1.671 1.673 1.771 
7.500 316.390 0.441 0.883 1.454 1.723 1.894 1.839 1.796 1.716 1.491 1.519 1.658 
7.500 398.240 0.359 0.794 1.374 1.628 1.781 1.699 1.641 1.541 1.311 1.366 1.545 
7.500 501.290 0.278 0.705 1.293 1.532 1.667 1.560 1.486 1.365 1.131 1.213 1.433 
7.500 631.040 0.190 0.610 1.220 1.467 1.608 1.500 1.427 1.303 1.058 1.143 1.331 
7.500 794.390 0.102 0.515 1.147 1.403 1.552 1.445 1.372 1.244 0.990 1.076 1.229 
7.750 10.050 1.457 1.958 2.342 2.615 2.883 3.018 3.078 3.021 2.914 2.647 2.854 
7.750 10.080 1.458 1.959 2.342 2.615 2.883 3.018 3.079 3.022 2.915 2.648 2.855 
7.750 10.120 1.458 1.959 2.343 2.616 2.883 3.019 3.079 3.022 2.915 2.648 2.855 
7.750 10.200 1.458 1.959 2.343 2.616 2.884 3.019 3.079 3.022 2.916 2.648 2.855 
7.750 10.310 1.459 1.960 2.344 2.617 2.884 3.020 3.080 3.023 2.916 2.649 2.856 
7.750 10.490 1.460 1.961 2.344 2.617 2.885 3.020 3.080 3.023 2.917 2.650 2.856 
7.750 10.760 1.460 1.961 2.345 2.618 2.886 3.021 3.081 3.024 2.918 2.650 2.857 
7.750 11.180 1.462 1.963 2.346 2.619 2.886 3.022 3.082 3.025 2.919 2.652 2.858 
7.750 11.820 1.464 1.964 2.348 2.620 2.887 3.022 3.083 3.027 2.921 2.656 2.861 
7.750 12.770 1.466 1.967 2.349 2.621 2.888 3.023 3.084 3.028 2.923 2.661 2.863 
7.750 14.140 1.468 1.969 2.351 2.623 2.889 3.025 3.086 3.031 2.926 2.666 2.866 
7.750 16.080 1.455 1.956 2.337 2.609 2.872 3.006 3.068 3.015 2.910 2.661 2.849 
7.750 18.740 1.439 1.940 2.321 2.592 2.853 2.986 3.047 2.998 2.891 2.655 2.829 
7.750 22.320 1.425 1.926 2.306 2.577 2.834 2.966 3.027 2.981 2.874 2.649 2.810 
7.750 27.040 1.368 1.871 2.256 2.528 2.780 2.906 2.965 2.925 2.814 2.608 2.748 
7.750 33.160 1.274 1.787 2.187 2.465 2.709 2.825 2.878 2.854 2.736 2.556 2.661 
7.750 41.050 1.182 1.704 2.119 2.403 2.640 2.745 2.792 2.783 2.658 2.504 2.575 
7.750 51.110 1.121 1.624 2.054 2.343 2.573 2.667 2.709 2.713 2.581 2.452 2.492 
7.750 63.890 1.058 1.556 2.009 2.303 2.525 2.602 2.634 2.648 2.503 2.388 2.425 
7.750 80.060 0.991 1.491 1.965 2.264 2.478 2.538 2.561 2.583 2.425 2.325 2.358 
7.750 100.500 0.900 1.394 1.880 2.176 2.379 2.426 2.442 2.459 2.282 2.199 2.239 
7.750 126.290 0.825 1.312 1.811 2.100 2.291 2.320 2.327 2.334 2.145 2.081 2.141 
7.750 158.810 0.762 1.244 1.759 2.038 2.218 2.228 2.226 2.219 2.022 1.978 2.063 
7.750 199.780 0.701 1.177 1.707 1.976 2.145 2.135 2.125 2.104 1.900 1.875 1.985 
7.750 251.390 0.630 1.102 1.646 1.905 2.060 2.027 2.006 1.970 1.758 1.756 1.896 
7.750 316.390 0.545 1.012 1.570 1.813 1.949 1.889 1.851 1.796 1.580 1.605 1.788 
7.750 398.240 0.459 0.922 1.493 1.722 1.838 1.751 1.697 1.622 1.403 1.454 1.680 
7.750 501.290 0.374 0.832 1.417 1.631 1.727 1.612 1.543 1.449 1.225 1.303 1.573 
7.750 631.040 0.289 0.741 1.348 1.570 1.670 1.555 1.486 1.389 1.156 1.236 1.476 
7.750 794.390 0.202 0.651 1.279 1.510 1.617 1.502 1.433 1.334 1.091 1.173 1.379 
8.000 10.050 1.572 2.046 2.389 2.640 2.896 3.036 3.090 3.034 2.924 2.655 2.907 
8.000 10.080 1.572 2.047 2.389 2.640 2.896 3.036 3.090 3.034 2.924 2.656 2.907 
8.000 10.120 1.573 2.047 2.389 2.640 2.897 3.037 3.090 3.034 2.924 2.656 2.907 
8.000 10.200 1.573 2.047 2.390 2.641 2.897 3.037 3.091 3.035 2.924 2.656 2.908 
8.000 10.310 1.573 2.048 2.390 2.641 2.898 3.038 3.091 3.035 2.925 2.657 2.908 
8.000 10.490 1.574 2.049 2.391 2.642 2.898 3.038 3.092 3.036 2.926 2.658 2.909 
8.000 10.760 1.575 2.049 2.392 2.643 2.899 3.039 3.093 3.037 2.926 2.658 2.910 
8.000 11.180 1.576 2.050 2.393 2.644 2.900 3.040 3.094 3.038 2.928 2.659 2.911 
8.000 11.820 1.577 2.052 2.394 2.645 2.901 3.041 3.095 3.039 2.929 2.661 2.912 
8.000 12.770 1.579 2.053 2.396 2.647 2.903 3.043 3.097 3.040 2.931 2.662 2.914 
8.000 14.140 1.581 2.055 2.398 2.649 2.905 3.045 3.099 3.043 2.932 2.664 2.916 
8.000 16.080 1.584 2.059 2.400 2.651 2.906 3.045 3.100 3.046 2.937 2.672 2.918 
8.000 18.740 1.589 2.063 2.403 2.654 2.907 3.046 3.101 3.051 2.942 2.680 2.921 
8.000 22.320 1.594 2.069 2.407 2.657 2.909 3.047 3.103 3.056 2.947 2.690 2.925 
8.000 27.040 1.550 2.024 2.363 2.612 2.857 2.992 3.048 3.005 2.894 2.654 2.869 
8.000 33.160 1.464 1.942 2.289 2.537 2.772 2.898 2.953 2.922 2.807 2.601 2.773 
8.000 41.050 1.385 1.869 2.227 2.476 2.702 2.818 2.871 2.856 2.739 2.565 2.693 
8.000 51.110 1.305 1.797 2.166 2.417 2.633 2.739 2.790 2.790 2.669 2.526 2.613 
8.000 63.890 1.218 1.711 2.106 2.363 2.568 2.655 2.696 2.710 2.575 2.453 2.531 
8.000 80.060 1.129 1.627 2.048 2.309 2.503 2.571 2.604 2.631 2.482 2.379 2.449 
8.000 100.500 1.036 1.540 1.984 2.248 2.430 2.481 2.505 2.542 2.379 2.296 2.360 
8.000 126.290 0.948 1.449 1.911 2.168 2.336 2.367 2.382 2.409 2.233 2.169 2.257 
8.000 158.810 0.880 1.379 1.863 2.112 2.265 2.275 2.280 2.295 2.109 2.064 2.182 
8.000 199.780 0.810 1.309 1.815 2.057 2.195 2.184 2.179 2.181 1.986 1.959 2.107 
8.000 251.390 0.736 1.232 1.758 1.990 2.112 2.076 2.060 2.048 1.845 1.839 2.022 
8.000 316.390 0.645 1.141 1.686 1.904 2.003 1.939 1.906 1.876 1.669 1.691 1.919 
8.000 398.240 0.555 1.050 1.613 1.817 1.895 1.802 1.753 1.704 1.494 1.542 1.815 
8.000 501.290 0.466 0.959 1.540 1.730 1.787 1.665 1.599 1.532 1.318 1.394 1.712 
8.000 631.040 0.382 0.872 1.476 1.673 1.733 1.610 1.544 1.475 1.253 1.330 1.620 
8.000 794.390 0.297 0.787 1.412 1.616 1.681 1.558 1.494 1.423 1.192 1.270 1.529 
