CanadaSHM5_AA13_stablecrust_central , distance is rhypo. Log10 ground motion values in cgs units
          15 30 11 : nmag, ndist, nperiod
          10.000 5.000 2.000 1.000 0.500 0.300 0.200 0.100 0.050 PGA PGV 
          0.620 0.620 0.620 0.620 0.580 0.540 0.530 0.530 0.530 0.530 0.620
4.500 10.050 -2.064 -0.775 0.319 1.035 1.711 2.070 2.360 2.609 2.581 2.223 1.660 
4.500 10.080 -2.073 -0.784 0.309 1.025 1.700 2.059 2.349 2.597 2.567 2.214 1.647 
4.500 10.120 -2.079 -0.793 0.299 1.015 1.690 2.049 2.338 2.584 2.554 2.206 1.635 
4.500 10.200 -2.078 -0.802 0.290 1.005 1.679 2.039 2.327 2.572 2.540 2.197 1.622 
4.500 10.310 -2.087 -0.822 0.267 0.981 1.655 2.016 2.303 2.545 2.511 2.176 1.594 
4.500 10.490 -2.088 -0.849 0.236 0.949 1.623 1.985 2.270 2.508 2.474 2.146 1.557 
4.500 10.760 -2.090 -0.877 0.205 0.917 1.591 1.953 2.238 2.472 2.436 2.116 1.520 
4.500 11.180 -2.099 -0.911 0.166 0.878 1.552 1.915 2.198 2.429 2.390 2.078 1.475 
4.500 11.820 -2.121 -0.966 0.105 0.817 1.491 1.855 2.135 2.362 2.319 2.016 1.404 
4.500 12.770 -2.139 -1.022 0.044 0.755 1.429 1.794 2.073 2.294 2.248 1.953 1.334 
4.500 14.140 -2.157 -1.077 -0.017 0.694 1.367 1.733 2.011 2.227 2.177 1.891 1.263 
4.500 16.080 -2.206 -1.167 -0.112 0.597 1.270 1.636 1.910 2.120 2.062 1.786 1.154 
4.500 18.740 -2.261 -1.262 -0.213 0.494 1.167 1.533 1.803 2.007 1.940 1.675 1.038 
4.500 22.320 -2.315 -1.357 -0.314 0.391 1.064 1.430 1.696 1.893 1.818 1.564 0.922 
4.500 27.040 -2.382 -1.465 -0.429 0.274 0.945 1.311 1.573 1.762 1.676 1.434 0.790 
4.500 33.160 -2.463 -1.587 -0.559 0.142 0.810 1.174 1.431 1.611 1.512 1.283 0.641 
4.500 41.050 -2.543 -1.710 -0.689 0.009 0.675 1.038 1.289 1.461 1.349 1.132 0.492 
4.500 51.110 -2.622 -1.830 -0.816 -0.121 0.541 0.903 1.149 1.311 1.187 0.983 0.345 
4.500 63.890 -2.681 -1.929 -0.923 -0.233 0.423 0.782 1.023 1.177 1.039 0.847 0.216 
4.500 80.060 -2.738 -2.028 -1.029 -0.345 0.306 0.661 0.896 1.042 0.892 0.712 0.087 
4.500 100.500 -2.794 -2.126 -1.136 -0.458 0.188 0.540 0.769 0.907 0.744 0.576 -0.041 
4.500 126.290 -2.853 -2.225 -1.241 -0.570 0.065 0.409 0.629 0.748 0.570 0.419 -0.178 
4.500 158.810 -2.910 -2.324 -1.344 -0.683 -0.058 0.275 0.483 0.579 0.386 0.253 -0.318 
4.500 199.780 -2.967 -2.423 -1.448 -0.796 -0.182 0.140 0.338 0.410 0.202 0.087 -0.458 
4.500 251.390 -3.034 -2.530 -1.557 -0.917 -0.317 -0.009 0.175 0.221 -0.004 -0.099 -0.611 
4.500 316.390 -3.116 -2.653 -1.678 -1.052 -0.474 -0.187 -0.023 -0.010 -0.251 -0.325 -0.788 
4.500 398.240 -3.199 -2.777 -1.798 -1.187 -0.630 -0.365 -0.221 -0.240 -0.499 -0.550 -0.964 
4.500 501.290 -3.280 -2.900 -1.919 -1.323 -0.787 -0.543 -0.418 -0.471 -0.746 -0.776 -1.141 
4.500 631.040 -3.443 -3.104 -2.088 -1.471 -0.917 -0.666 -0.537 -0.593 -0.879 -0.909 -1.320 
4.500 794.390 -3.610 -3.312 -2.260 -1.620 -1.047 -0.786 -0.653 -0.711 -1.007 -1.038 -1.500 
4.750 10.050 -1.674 -0.477 0.567 1.240 1.871 2.208 2.477 2.703 2.669 2.314 1.803 
4.750 10.080 -1.681 -0.484 0.559 1.231 1.862 2.200 2.468 2.693 2.658 2.307 1.793 
4.750 10.120 -1.689 -0.491 0.551 1.223 1.853 2.191 2.458 2.682 2.646 2.300 1.783 
4.750 10.200 -1.687 -0.499 0.543 1.215 1.844 2.183 2.449 2.672 2.635 2.293 1.772 
4.750 10.310 -1.695 -0.518 0.521 1.193 1.822 2.161 2.427 2.647 2.609 2.273 1.746 
4.750 10.490 -1.699 -0.544 0.491 1.162 1.791 2.131 2.395 2.612 2.573 2.246 1.711 
4.750 10.760 -1.700 -0.571 0.461 1.131 1.760 2.101 2.364 2.578 2.537 2.218 1.675 
4.750 11.180 -1.709 -0.604 0.424 1.094 1.722 2.064 2.326 2.536 2.493 2.182 1.632 
4.750 11.820 -1.733 -0.658 0.365 1.034 1.663 2.005 2.265 2.471 2.425 2.122 1.563 
4.750 12.770 -1.751 -0.713 0.306 0.974 1.603 1.946 2.203 2.406 2.356 2.062 1.495 
4.750 14.140 -1.770 -0.767 0.247 0.914 1.543 1.887 2.143 2.341 2.287 2.002 1.427 
4.750 16.080 -1.819 -0.854 0.154 0.820 1.448 1.792 2.045 2.237 2.175 1.901 1.320 
4.750 18.740 -1.873 -0.947 0.056 0.721 1.348 1.692 1.941 2.126 2.057 1.794 1.208 
4.750 22.320 -1.927 -1.039 -0.042 0.621 1.248 1.591 1.838 2.016 1.938 1.686 1.095 
4.750 27.040 -1.993 -1.144 -0.154 0.508 1.132 1.476 1.718 1.889 1.801 1.560 0.968 
4.750 33.160 -2.074 -1.262 -0.279 0.380 1.002 1.344 1.581 1.744 1.643 1.415 0.824 
4.750 41.050 -2.153 -1.381 -0.404 0.252 0.871 1.212 1.444 1.598 1.485 1.269 0.680 
4.750 51.110 -2.230 -1.497 -0.526 0.126 0.742 1.081 1.308 1.454 1.329 1.126 0.539 
4.750 63.890 -2.288 -1.593 -0.629 0.018 0.629 0.964 1.186 1.324 1.186 0.995 0.415 
4.750 80.060 -2.344 -1.688 -0.732 -0.090 0.515 0.847 1.063 1.194 1.043 0.865 0.291 
4.750 100.500 -2.401 -1.783 -0.834 -0.198 0.402 0.730 0.941 1.063 0.901 0.735 0.168 
4.750 126.290 -2.459 -1.879 -0.934 -0.306 0.284 0.604 0.805 0.910 0.733 0.583 0.036 
4.750 158.810 -2.516 -1.974 -1.034 -0.414 0.165 0.474 0.664 0.747 0.554 0.423 -0.097 
4.750 199.780 -2.573 -2.069 -1.133 -0.523 0.045 0.344 0.524 0.583 0.376 0.263 -0.231 
4.750 251.390 -2.635 -2.172 -1.238 -0.638 -0.085 0.199 0.366 0.400 0.177 0.083 -0.377 
4.750 316.390 -2.717 -2.291 -1.354 -0.769 -0.237 0.026 0.173 0.176 -0.063 -0.135 -0.548 
4.750 398.240 -2.797 -2.410 -1.470 -0.899 -0.388 -0.147 -0.019 -0.048 -0.304 -0.353 -0.718 
4.750 501.290 -2.878 -2.529 -1.586 -1.029 -0.540 -0.320 -0.211 -0.273 -0.544 -0.572 -0.888 
4.750 631.040 -3.030 -2.720 -1.744 -1.167 -0.661 -0.435 -0.323 -0.388 -0.669 -0.697 -1.058 
4.750 794.390 -3.186 -2.914 -1.902 -1.306 -0.781 -0.547 -0.431 -0.498 -0.790 -0.818 -1.228 
5.000 10.050 -1.287 -0.178 0.815 1.445 2.031 2.347 2.594 2.797 2.757 2.405 1.947 
5.000 10.080 -1.293 -0.184 0.808 1.438 2.024 2.340 2.586 2.789 2.748 2.400 1.939 
5.000 10.120 -1.299 -0.190 0.802 1.431 2.016 2.333 2.579 2.780 2.739 2.394 1.931 
5.000 10.200 -1.304 -0.196 0.795 1.425 2.010 2.326 2.572 2.772 2.730 2.389 1.923 
5.000 10.310 -1.309 -0.214 0.775 1.404 1.988 2.306 2.550 2.749 2.706 2.371 1.898 
5.000 10.490 -1.318 -0.239 0.746 1.375 1.959 2.277 2.520 2.716 2.672 2.346 1.864 
5.000 10.760 -1.317 -0.265 0.718 1.345 1.929 2.249 2.491 2.684 2.639 2.320 1.830 
5.000 11.180 -1.324 -0.297 0.682 1.309 1.893 2.213 2.453 2.644 2.597 2.286 1.789 
5.000 11.820 -1.351 -0.350 0.625 1.251 1.835 2.155 2.394 2.580 2.530 2.229 1.722 
5.000 12.770 -1.369 -0.403 0.567 1.193 1.777 2.097 2.334 2.517 2.464 2.171 1.656 
5.000 14.140 -1.389 -0.457 0.510 1.135 1.719 2.040 2.274 2.454 2.397 2.113 1.590 
5.000 16.080 -1.438 -0.542 0.420 1.044 1.627 1.948 2.180 2.353 2.289 2.016 1.487 
5.000 18.740 -1.492 -0.631 0.325 0.948 1.529 1.850 2.079 2.246 2.174 1.912 1.378 
5.000 22.320 -1.545 -0.721 0.229 0.851 1.432 1.753 1.979 2.140 2.059 1.808 1.269 
5.000 27.040 -1.612 -0.823 0.122 0.742 1.320 1.641 1.863 2.017 1.926 1.687 1.146 
5.000 33.160 -1.690 -0.938 0.002 0.618 1.194 1.513 1.731 1.876 1.773 1.547 1.008 
5.000 41.050 -1.768 -1.052 -0.119 0.495 1.068 1.385 1.598 1.735 1.621 1.407 0.869 
5.000 51.110 -1.847 -1.164 -0.237 0.374 0.943 1.258 1.467 1.596 1.470 1.269 0.733 
5.000 63.890 -1.900 -1.256 -0.335 0.270 0.834 1.146 1.349 1.471 1.333 1.143 0.614 
5.000 80.060 -1.956 -1.348 -0.434 0.166 0.725 1.033 1.230 1.346 1.195 1.018 0.495 
5.000 100.500 -2.014 -1.440 -0.532 0.062 0.615 0.920 1.112 1.220 1.058 0.893 0.377 
5.000 126.290 -2.068 -1.532 -0.628 -0.042 0.502 0.799 0.981 1.071 0.895 0.747 0.252 
5.000 158.810 -2.123 -1.623 -0.723 -0.145 0.387 0.673 0.845 0.914 0.723 0.594 0.124 
5.000 199.780 -2.179 -1.715 -0.818 -0.249 0.273 0.548 0.709 0.757 0.551 0.440 -0.004 
5.000 251.390 -2.246 -1.814 -0.919 -0.360 0.147 0.408 0.556 0.579 0.358 0.266 -0.144 
5.000 316.390 -2.324 -1.929 -1.030 -0.485 0.001 0.239 0.369 0.361 0.124 0.055 -0.308 
5.000 398.240 -2.401 -2.044 -1.142 -0.611 -0.146 0.071 0.182 0.143 -0.109 -0.156 -0.471 
5.000 501.290 -2.482 -2.159 -1.254 -0.736 -0.292 -0.097 -0.005 -0.074 -0.342 -0.367 -0.635 
5.000 631.040 -2.623 -2.336 -1.399 -0.863 -0.405 -0.204 -0.109 -0.182 -0.459 -0.485 -0.795 
5.000 794.390 -2.767 -2.516 -1.545 -0.991 -0.516 -0.308 -0.209 -0.285 -0.573 -0.599 -0.956 
5.250 10.050 -0.937 0.087 1.033 1.621 2.167 2.463 2.690 2.871 2.825 2.477 2.071 
5.250 10.080 -0.941 0.084 1.029 1.617 2.164 2.460 2.686 2.867 2.821 2.474 2.067 
5.250 10.120 -0.943 0.081 1.026 1.614 2.160 2.456 2.683 2.863 2.816 2.472 2.063 
5.250 10.200 -0.947 0.078 1.022 1.610 2.156 2.453 2.679 2.859 2.812 2.469 2.059 
5.250 10.310 -0.959 0.061 1.004 1.591 2.137 2.434 2.659 2.837 2.790 2.453 2.036 
5.250 10.490 -0.971 0.036 0.976 1.563 2.109 2.406 2.630 2.806 2.757 2.429 2.004 
5.250 10.760 -0.972 0.011 0.948 1.535 2.080 2.378 2.601 2.774 2.723 2.405 1.971 
5.250 11.180 -0.978 -0.020 0.914 1.500 2.045 2.343 2.565 2.735 2.683 2.374 1.930 
5.250 11.820 -1.005 -0.071 0.859 1.444 1.988 2.287 2.507 2.674 2.619 2.319 1.866 
5.250 12.770 -1.024 -0.123 0.803 1.388 1.932 2.231 2.450 2.613 2.556 2.265 1.802 
5.250 14.140 -1.043 -0.174 0.748 1.332 1.876 2.176 2.392 2.552 2.492 2.210 1.738 
5.250 16.080 -1.092 -0.257 0.661 1.244 1.786 2.086 2.300 2.455 2.387 2.117 1.639 
5.250 18.740 -1.146 -0.345 0.569 1.151 1.691 1.991 2.203 2.351 2.275 2.017 1.533 
5.250 22.320 -1.199 -0.432 0.476 1.057 1.597 1.896 2.105 2.248 2.164 1.917 1.428 
5.250 27.040 -1.263 -0.531 0.373 0.951 1.489 1.787 1.993 2.129 2.035 1.800 1.309 
5.250 33.160 -1.340 -0.642 0.256 0.832 1.367 1.664 1.865 1.993 1.888 1.665 1.176 
5.250 41.050 -1.417 -0.752 0.140 0.713 1.245 1.540 1.736 1.858 1.741 1.531 1.042 
5.250 51.110 -1.492 -0.861 0.026 0.596 1.125 1.417 1.609 1.724 1.595 1.398 0.911 
5.250 63.890 -1.549 -0.950 -0.069 0.496 1.020 1.309 1.495 1.603 1.462 1.277 0.797 
5.250 80.060 -1.604 -1.039 -0.163 0.396 0.914 1.200 1.381 1.482 1.330 1.157 0.684 
5.250 100.500 -1.660 -1.127 -0.258 0.297 0.809 1.091 1.267 1.360 1.197 1.037 0.570 
5.250 126.290 -1.715 -1.215 -0.350 0.198 0.700 0.973 1.141 1.217 1.040 0.897 0.450 
5.250 158.810 -1.769 -1.303 -0.440 0.098 0.590 0.852 1.010 1.066 0.874 0.749 0.328 
5.250 199.780 -1.824 -1.390 -0.531 -0.001 0.480 0.732 0.878 0.914 0.708 0.601 0.206 
5.250 251.390 -1.886 -1.486 -0.627 -0.107 0.359 0.596 0.730 0.742 0.522 0.434 0.072 
5.250 316.390 -1.964 -1.596 -0.734 -0.228 0.217 0.433 0.548 0.530 0.296 0.230 -0.085 
5.250 398.240 -2.041 -1.707 -0.840 -0.348 0.076 0.269 0.367 0.319 0.070 0.025 -0.242 
5.250 501.290 -2.120 -1.818 -0.947 -0.468 -0.066 0.106 0.185 0.107 -0.157 -0.179 -0.399 
5.250 631.040 -2.253 -1.983 -1.081 -0.586 -0.170 0.007 0.088 0.006 -0.267 -0.289 -0.551 
5.250 794.390 -2.388 -2.150 -1.217 -0.703 -0.272 -0.089 -0.005 -0.090 -0.374 -0.396 -0.702 
5.500 10.050 -0.592 0.353 1.250 1.797 2.304 2.580 2.787 2.946 2.894 2.549 2.196 
5.500 10.080 -0.593 0.353 1.250 1.797 2.303 2.580 2.787 2.946 2.894 2.549 2.195 
5.500 10.120 -0.593 0.352 1.249 1.796 2.303 2.579 2.786 2.945 2.893 2.549 2.195 
5.500 10.200 -0.593 0.352 1.249 1.796 2.303 2.579 2.786 2.945 2.893 2.548 2.195 
5.500 10.310 -0.608 0.337 1.232 1.779 2.286 2.562 2.768 2.926 2.873 2.535 2.175 
5.500 10.490 -0.628 0.312 1.206 1.752 2.258 2.534 2.740 2.895 2.841 2.513 2.143 
5.500 10.760 -0.638 0.287 1.179 1.725 2.231 2.507 2.711 2.864 2.808 2.491 2.111 
5.500 11.180 -0.640 0.257 1.146 1.691 2.197 2.473 2.677 2.827 2.769 2.462 2.072 
5.500 11.820 -0.665 0.207 1.093 1.637 2.142 2.419 2.621 2.768 2.708 2.410 2.010 
5.500 12.770 -0.685 0.158 1.039 1.583 2.087 2.365 2.566 2.710 2.647 2.359 1.949 
5.500 14.140 -0.703 0.108 0.985 1.530 2.032 2.311 2.511 2.651 2.587 2.307 1.887 
5.500 16.080 -0.752 0.028 0.901 1.444 1.946 2.224 2.421 2.557 2.485 2.217 1.791 
5.500 18.740 -0.805 -0.058 0.812 1.353 1.854 2.132 2.326 2.456 2.377 2.121 1.689 
5.500 22.320 -0.859 -0.143 0.723 1.263 1.762 2.040 2.231 2.356 2.269 2.025 1.587 
5.500 27.040 -0.921 -0.239 0.623 1.161 1.657 1.934 2.122 2.241 2.145 1.913 1.472 
5.500 33.160 -0.996 -0.346 0.511 1.046 1.540 1.814 1.998 2.111 2.003 1.784 1.344 
5.500 41.050 -1.071 -0.453 0.399 0.931 1.423 1.695 1.874 1.980 1.861 1.655 1.216 
5.500 51.110 -1.145 -0.558 0.289 0.818 1.307 1.576 1.752 1.851 1.720 1.527 1.090 
5.500 63.890 -1.200 -0.643 0.198 0.723 1.206 1.471 1.642 1.734 1.592 1.411 0.981 
5.500 80.060 -1.256 -0.729 0.107 0.627 1.104 1.366 1.532 1.618 1.464 1.296 0.872 
5.500 100.500 -1.310 -0.814 0.017 0.532 1.003 1.261 1.423 1.501 1.336 1.181 0.763 
5.500 126.290 -1.364 -0.898 -0.071 0.437 0.899 1.148 1.301 1.363 1.185 1.046 0.649 
5.500 158.810 -1.419 -0.982 -0.157 0.342 0.793 1.032 1.174 1.217 1.025 0.904 0.533 
5.500 199.780 -1.473 -1.066 -0.243 0.247 0.687 0.916 1.048 1.070 0.865 0.763 0.416 
5.500 251.390 -1.533 -1.157 -0.335 0.145 0.571 0.785 0.904 0.904 0.686 0.602 0.288 
5.500 316.390 -1.610 -1.264 -0.437 0.030 0.434 0.626 0.728 0.699 0.467 0.405 0.138 
5.500 398.240 -1.687 -1.370 -0.539 -0.085 0.298 0.468 0.551 0.494 0.248 0.208 -0.012 
5.500 501.290 -1.763 -1.477 -0.641 -0.200 0.161 0.309 0.375 0.289 0.029 0.010 -0.162 
5.500 631.040 -1.887 -1.630 -0.764 -0.308 0.065 0.218 0.285 0.195 -0.075 -0.094 -0.306 
5.500 794.390 -2.012 -1.785 -0.888 -0.416 -0.029 0.129 0.199 0.105 -0.175 -0.194 -0.449 
5.750 10.050 -0.285 0.588 1.437 1.949 2.423 2.681 2.872 3.011 2.955 2.613 2.306 
5.750 10.080 -0.286 0.588 1.437 1.949 2.423 2.681 2.872 3.011 2.955 2.613 2.306 
5.750 10.120 -0.286 0.588 1.437 1.949 2.423 2.681 2.872 3.011 2.955 2.612 2.306 
5.750 10.200 -0.286 0.587 1.437 1.949 2.422 2.681 2.872 3.011 2.955 2.612 2.306 
5.750 10.310 -0.298 0.576 1.424 1.935 2.409 2.668 2.858 2.996 2.939 2.602 2.291 
5.750 10.490 -0.317 0.557 1.404 1.914 2.388 2.646 2.836 2.972 2.914 2.586 2.266 
5.750 10.760 -0.329 0.538 1.383 1.893 2.366 2.625 2.814 2.948 2.889 2.570 2.242 
5.750 11.180 -0.336 0.511 1.355 1.865 2.338 2.596 2.784 2.916 2.856 2.546 2.209 
5.750 11.820 -0.356 0.462 1.303 1.812 2.284 2.543 2.730 2.859 2.797 2.497 2.148 
5.750 12.770 -0.379 0.413 1.250 1.759 2.230 2.489 2.675 2.802 2.738 2.448 2.088 
5.750 14.140 -0.396 0.364 1.197 1.706 2.176 2.436 2.621 2.745 2.679 2.399 2.027 
5.750 16.080 -0.445 0.284 1.114 1.622 2.090 2.350 2.533 2.652 2.579 2.312 1.933 
5.750 18.740 -0.498 0.199 1.026 1.532 1.999 2.258 2.439 2.553 2.473 2.218 1.832 
5.750 22.320 -0.552 0.115 0.939 1.443 1.908 2.167 2.345 2.454 2.366 2.124 1.732 
5.750 27.040 -0.616 0.021 0.840 1.343 1.806 2.064 2.238 2.342 2.244 2.015 1.620 
5.750 33.160 -0.693 -0.085 0.731 1.230 1.690 1.946 2.116 2.214 2.105 1.889 1.495 
5.750 41.050 -0.769 -0.190 0.621 1.118 1.575 1.828 1.995 2.087 1.967 1.763 1.370 
5.750 51.110 -0.843 -0.293 0.514 1.008 1.462 1.712 1.875 1.961 1.829 1.639 1.247 
5.750 63.890 -0.900 -0.376 0.425 0.915 1.363 1.609 1.767 1.847 1.704 1.527 1.141 
5.750 80.060 -0.955 -0.460 0.337 0.822 1.265 1.507 1.660 1.733 1.580 1.414 1.035 
5.750 100.500 -1.011 -0.544 0.248 0.728 1.166 1.404 1.552 1.619 1.454 1.302 0.929 
5.750 126.290 -1.066 -0.626 0.163 0.636 1.064 1.294 1.434 1.485 1.308 1.172 0.819 
5.750 158.810 -1.120 -0.708 0.080 0.545 0.962 1.181 1.311 1.343 1.153 1.036 0.708 
5.750 199.780 -1.173 -0.789 -0.003 0.453 0.859 1.068 1.188 1.201 0.998 0.899 0.596 
5.750 251.390 -1.236 -0.878 -0.092 0.354 0.746 0.940 1.048 1.039 0.823 0.744 0.473 
5.750 316.390 -1.313 -0.982 -0.190 0.243 0.613 0.785 0.876 0.839 0.610 0.552 0.328 
5.750 398.240 -1.388 -1.085 -0.289 0.131 0.481 0.630 0.703 0.639 0.396 0.360 0.183 
5.750 501.290 -1.465 -1.189 -0.388 0.019 0.348 0.476 0.530 0.439 0.183 0.168 0.038 
5.750 631.040 -1.581 -1.331 -0.501 -0.081 0.258 0.390 0.446 0.351 0.085 0.070 -0.098 
5.750 794.390 -1.698 -1.475 -0.616 -0.180 0.171 0.307 0.365 0.267 -0.009 -0.024 -0.233 
6.000 10.050 0.019 0.823 1.625 2.101 2.542 2.783 2.958 3.076 3.016 2.676 2.418 
6.000 10.080 0.019 0.823 1.625 2.101 2.542 2.783 2.958 3.076 3.016 2.676 2.418 
6.000 10.120 0.019 0.823 1.625 2.101 2.542 2.783 2.958 3.076 3.016 2.676 2.418 
6.000 10.200 0.019 0.823 1.625 2.101 2.542 2.783 2.958 3.076 3.016 2.676 2.418 
6.000 10.310 0.010 0.815 1.616 2.092 2.532 2.773 2.948 3.066 3.005 2.670 2.407 
6.000 10.490 -0.003 0.801 1.602 2.077 2.517 2.758 2.932 3.049 2.987 2.660 2.390 
6.000 10.760 -0.016 0.788 1.588 2.062 2.502 2.743 2.917 3.032 2.969 2.650 2.373 
6.000 11.180 -0.034 0.766 1.564 2.039 2.478 2.719 2.892 3.006 2.942 2.631 2.345 
6.000 11.820 -0.059 0.717 1.513 1.986 2.425 2.666 2.838 2.950 2.885 2.585 2.286 
6.000 12.770 -0.077 0.669 1.461 1.934 2.372 2.613 2.785 2.894 2.828 2.538 2.227 
6.000 14.140 -0.096 0.620 1.409 1.882 2.319 2.560 2.731 2.839 2.771 2.492 2.168 
6.000 16.080 -0.145 0.541 1.327 1.799 2.235 2.475 2.644 2.747 2.673 2.406 2.075 
6.000 18.740 -0.200 0.457 1.241 1.711 2.144 2.385 2.551 2.650 2.568 2.315 1.976 
6.000 22.320 -0.254 0.373 1.154 1.623 2.054 2.295 2.458 2.553 2.463 2.223 1.877 
6.000 27.040 -0.319 0.280 1.058 1.524 1.954 2.192 2.353 2.442 2.344 2.116 1.767 
6.000 33.160 -0.395 0.177 0.950 1.414 1.841 2.077 2.234 2.318 2.208 1.994 1.645 
6.000 41.050 -0.472 0.074 0.843 1.305 1.728 1.962 2.115 2.193 2.073 1.872 1.523 
6.000 51.110 -0.547 -0.027 0.738 1.197 1.617 1.848 1.997 2.070 1.939 1.751 1.403 
6.000 63.890 -0.603 -0.110 0.652 1.106 1.521 1.747 1.892 1.959 1.817 1.642 1.301 
6.000 80.060 -0.660 -0.192 0.566 1.016 1.425 1.647 1.787 1.848 1.695 1.533 1.198 
6.000 100.500 -0.715 -0.274 0.480 0.925 1.329 1.547 1.682 1.737 1.573 1.424 1.095 
6.000 126.290 -0.772 -0.354 0.398 0.836 1.230 1.440 1.567 1.607 1.431 1.298 0.990 
6.000 158.810 -0.826 -0.433 0.318 0.748 1.131 1.329 1.448 1.469 1.281 1.167 0.883 
6.000 199.780 -0.881 -0.513 0.237 0.659 1.031 1.219 1.329 1.332 1.130 1.035 0.776 
6.000 251.390 -0.943 -0.599 0.152 0.564 0.922 1.095 1.192 1.175 0.960 0.885 0.658 
6.000 316.390 -1.019 -0.700 0.056 0.456 0.793 0.944 1.024 0.980 0.753 0.699 0.518 
6.000 398.240 -1.095 -0.800 -0.039 0.347 0.663 0.793 0.855 0.785 0.545 0.513 0.379 
6.000 501.290 -1.171 -0.900 -0.134 0.239 0.534 0.642 0.686 0.590 0.337 0.327 0.239 
6.000 631.040 -1.278 -1.032 -0.239 0.147 0.452 0.562 0.607 0.507 0.245 0.234 0.110 
6.000 794.390 -1.388 -1.166 -0.344 0.056 0.371 0.486 0.532 0.428 0.157 0.146 -0.017 
6.250 10.050 0.288 1.032 1.786 2.230 2.646 2.872 3.035 3.136 3.073 2.737 2.521 
6.250 10.080 0.288 1.032 1.786 2.230 2.646 2.872 3.035 3.136 3.073 2.737 2.521 
6.250 10.120 0.288 1.032 1.786 2.230 2.646 2.872 3.035 3.136 3.073 2.737 2.521 
6.250 10.200 0.288 1.032 1.786 2.230 2.646 2.872 3.035 3.136 3.073 2.737 2.521 
6.250 10.310 0.284 1.028 1.782 2.226 2.642 2.867 3.030 3.131 3.067 2.734 2.515 
6.250 10.490 0.277 1.021 1.774 2.218 2.634 2.860 3.022 3.123 3.059 2.729 2.507 
6.250 10.760 0.271 1.014 1.767 2.211 2.627 2.852 3.014 3.114 3.050 2.723 2.498 
6.250 11.180 0.255 0.998 1.750 2.194 2.609 2.834 2.996 3.095 3.030 2.710 2.478 
6.250 11.820 0.209 0.952 1.702 2.145 2.559 2.785 2.946 3.043 2.977 2.669 2.423 
6.250 12.770 0.192 0.907 1.654 2.097 2.510 2.735 2.896 2.991 2.924 2.629 2.368 
6.250 14.140 0.176 0.861 1.606 2.048 2.460 2.685 2.845 2.939 2.870 2.588 2.313 
6.250 16.080 0.128 0.780 1.523 1.964 2.374 2.599 2.757 2.847 2.772 2.504 2.219 
6.250 18.740 0.072 0.694 1.434 1.874 2.282 2.506 2.662 2.749 2.667 2.412 2.118 
6.250 22.320 0.014 0.608 1.345 1.784 2.190 2.414 2.567 2.650 2.561 2.321 2.018 
6.250 27.040 -0.054 0.513 1.248 1.685 2.088 2.310 2.461 2.539 2.442 2.215 1.907 
6.250 33.160 -0.130 0.410 1.141 1.575 1.975 2.195 2.342 2.415 2.307 2.094 1.786 
6.250 41.050 -0.210 0.306 1.034 1.466 1.862 2.079 2.223 2.291 2.171 1.973 1.665 
6.250 51.110 -0.287 0.205 0.929 1.358 1.751 1.965 2.106 2.168 2.038 1.853 1.545 
6.250 63.890 -0.347 0.121 0.843 1.267 1.655 1.865 2.001 2.057 1.917 1.745 1.444 
6.250 80.060 -0.407 0.038 0.757 1.177 1.559 1.764 1.896 1.947 1.796 1.637 1.342 
6.250 100.500 -0.468 -0.044 0.671 1.086 1.463 1.664 1.791 1.836 1.674 1.529 1.240 
6.250 126.290 -0.525 -0.124 0.590 0.999 1.366 1.558 1.677 1.709 1.535 1.406 1.137 
6.250 158.810 -0.582 -0.202 0.511 0.912 1.269 1.450 1.560 1.574 1.388 1.278 1.034 
6.250 199.780 -0.637 -0.280 0.433 0.826 1.172 1.342 1.443 1.440 1.242 1.150 0.930 
6.250 251.390 -0.700 -0.365 0.349 0.733 1.064 1.220 1.309 1.286 1.076 1.004 0.816 
6.250 316.390 -0.777 -0.463 0.256 0.627 0.937 1.071 1.143 1.095 0.872 0.822 0.680 
6.250 398.240 -0.855 -0.562 0.163 0.521 0.809 0.921 0.976 0.903 0.669 0.640 0.545 
6.250 501.290 -0.932 -0.661 0.070 0.415 0.682 0.772 0.810 0.712 0.465 0.458 0.409 
6.250 631.040 -1.033 -0.784 -0.028 0.329 0.605 0.698 0.736 0.633 0.377 0.371 0.287 
6.250 794.390 -1.136 -0.909 -0.125 0.244 0.530 0.626 0.666 0.559 0.294 0.287 0.165 
6.500 10.050 0.556 1.241 1.947 2.360 2.751 2.961 3.112 3.197 3.130 2.797 2.624 
6.500 10.080 0.556 1.241 1.947 2.360 2.751 2.961 3.112 3.197 3.130 2.797 2.624 
6.500 10.120 0.556 1.241 1.947 2.360 2.751 2.961 3.112 3.197 3.130 2.797 2.624 
6.500 10.200 0.556 1.241 1.947 2.360 2.751 2.961 3.112 3.197 3.130 2.797 2.624 
6.500 10.310 0.556 1.241 1.947 2.360 2.751 2.961 3.112 3.197 3.130 2.797 2.624 
6.500 10.490 0.556 1.241 1.947 2.360 2.751 2.961 3.112 3.197 3.130 2.797 2.624 
6.500 10.760 0.556 1.241 1.947 2.360 2.751 2.961 3.112 3.197 3.130 2.797 2.624 
6.500 11.180 0.546 1.231 1.936 2.349 2.740 2.950 3.101 3.185 3.118 2.789 2.611 
6.500 11.820 0.503 1.188 1.892 2.304 2.694 2.903 3.054 3.137 3.069 2.754 2.560 
6.500 12.770 0.460 1.145 1.847 2.259 2.647 2.857 3.006 3.088 3.019 2.720 2.509 
6.500 14.140 0.440 1.102 1.802 2.214 2.601 2.810 2.959 3.040 2.970 2.685 2.458 
6.500 16.080 0.392 1.020 1.718 2.129 2.514 2.722 2.870 2.947 2.872 2.602 2.363 
6.500 18.740 0.336 0.931 1.627 2.037 2.420 2.628 2.773 2.848 2.765 2.510 2.261 
6.500 22.320 0.276 0.843 1.536 1.946 2.326 2.533 2.676 2.748 2.659 2.419 2.159 
6.500 27.040 0.207 0.747 1.438 1.845 2.223 2.428 2.569 2.636 2.539 2.314 2.048 
6.500 33.160 0.127 0.643 1.331 1.736 2.109 2.312 2.450 2.513 2.405 2.194 1.927 
6.500 41.050 0.047 0.539 1.224 1.626 1.997 2.196 2.332 2.389 2.270 2.074 1.806 
6.500 51.110 -0.034 0.436 1.119 1.519 1.885 2.082 2.214 2.266 2.137 1.955 1.687 
6.500 63.890 -0.096 0.353 1.033 1.428 1.789 1.982 2.109 2.156 2.017 1.848 1.587 
6.500 80.060 -0.161 0.269 0.947 1.338 1.694 1.881 2.004 2.046 1.896 1.741 1.486 
6.500 100.500 -0.223 0.185 0.861 1.247 1.598 1.781 1.899 1.936 1.776 1.634 1.385 
6.500 126.290 -0.283 0.107 0.782 1.161 1.502 1.676 1.787 1.811 1.639 1.514 1.284 
6.500 158.810 -0.339 0.030 0.705 1.077 1.407 1.570 1.672 1.680 1.496 1.390 1.185 
6.500 199.780 -0.398 -0.047 0.629 0.993 1.312 1.464 1.558 1.548 1.353 1.265 1.085 
6.500 251.390 -0.464 -0.130 0.547 0.902 1.206 1.344 1.426 1.398 1.191 1.123 0.974 
6.500 316.390 -0.541 -0.227 0.456 0.798 1.081 1.197 1.262 1.210 0.992 0.945 0.842 
6.500 398.240 -0.619 -0.324 0.365 0.694 0.955 1.050 1.098 1.022 0.792 0.767 0.710 
6.500 501.290 -0.698 -0.421 0.274 0.590 0.830 0.903 0.934 0.833 0.593 0.589 0.579 
6.500 631.040 -0.794 -0.536 0.184 0.511 0.758 0.833 0.865 0.759 0.510 0.507 0.463 
6.500 794.390 -0.892 -0.652 0.093 0.432 0.689 0.766 0.799 0.690 0.431 0.428 0.347 
6.750 10.050 0.785 1.418 2.073 2.458 2.831 3.031 3.174 3.249 3.180 2.848 2.716 
6.750 10.080 0.785 1.418 2.073 2.458 2.831 3.031 3.174 3.249 3.180 2.848 2.716 
6.750 10.120 0.785 1.418 2.073 2.458 2.831 3.031 3.174 3.249 3.180 2.848 2.716 
6.750 10.200 0.785 1.418 2.073 2.458 2.831 3.031 3.174 3.249 3.180 2.848 2.716 
6.750 10.310 0.785 1.418 2.073 2.458 2.831 3.031 3.174 3.249 3.180 2.848 2.716 
6.750 10.490 0.785 1.418 2.073 2.458 2.831 3.031 3.174 3.249 3.180 2.848 2.716 
6.750 10.760 0.785 1.418 2.073 2.458 2.831 3.031 3.174 3.249 3.180 2.848 2.716 
6.750 11.180 0.779 1.412 2.067 2.453 2.825 3.025 3.168 3.243 3.173 2.843 2.709 
6.750 11.820 0.756 1.388 2.042 2.428 2.799 2.999 3.142 3.216 3.145 2.825 2.681 
6.750 12.770 0.732 1.365 2.017 2.403 2.773 2.974 3.116 3.189 3.118 2.806 2.653 
6.750 14.140 0.708 1.341 1.992 2.378 2.747 2.948 3.089 3.162 3.090 2.788 2.625 
6.750 16.080 0.636 1.256 1.906 2.291 2.658 2.858 2.998 3.069 2.993 2.707 2.528 
6.750 18.740 0.580 1.162 1.810 2.194 2.559 2.757 2.896 2.965 2.883 2.617 2.420 
6.750 22.320 0.519 1.067 1.714 2.097 2.459 2.656 2.794 2.861 2.774 2.526 2.312 
6.750 27.040 0.444 0.966 1.611 1.992 2.351 2.546 2.682 2.745 2.651 2.420 2.196 
6.750 33.160 0.361 0.857 1.500 1.879 2.234 2.426 2.559 2.617 2.513 2.298 2.072 
6.750 41.050 0.273 0.749 1.390 1.765 2.116 2.306 2.436 2.490 2.374 2.176 1.947 
6.750 51.110 0.187 0.642 1.281 1.654 2.001 2.187 2.314 2.364 2.237 2.055 1.825 
6.750 63.890 0.120 0.556 1.193 1.561 1.903 2.084 2.207 2.252 2.115 1.947 1.723 
6.750 80.060 0.051 0.469 1.105 1.469 1.805 1.981 2.100 2.140 1.992 1.838 1.620 
6.750 100.500 -0.017 0.383 1.017 1.377 1.707 1.879 1.993 2.028 1.870 1.730 1.518 
6.750 126.290 -0.079 0.304 0.939 1.292 1.612 1.775 1.882 1.905 1.735 1.612 1.420 
6.750 158.810 -0.138 0.229 0.863 1.209 1.519 1.670 1.769 1.776 1.596 1.491 1.323 
6.750 199.780 -0.198 0.153 0.788 1.126 1.425 1.566 1.656 1.648 1.456 1.370 1.226 
6.750 251.390 -0.264 0.070 0.708 1.037 1.321 1.447 1.526 1.501 1.297 1.231 1.118 
6.750 316.390 -0.344 -0.025 0.619 0.935 1.198 1.302 1.365 1.316 1.102 1.057 0.990 
6.750 398.240 -0.423 -0.121 0.529 0.833 1.075 1.157 1.203 1.131 0.906 0.883 0.862 
6.750 501.290 -0.503 -0.217 0.440 0.732 0.951 1.012 1.042 0.946 0.711 0.709 0.734 
6.750 631.040 -0.595 -0.324 0.356 0.657 0.884 0.946 0.976 0.876 0.632 0.631 0.623 
6.750 794.390 -0.688 -0.433 0.272 0.584 0.819 0.883 0.914 0.810 0.558 0.557 0.513 
7.000 10.050 1.010 1.595 2.198 2.557 2.911 3.102 3.237 3.302 3.229 2.898 2.809 
7.000 10.080 1.010 1.595 2.198 2.557 2.911 3.102 3.237 3.302 3.229 2.898 2.809 
7.000 10.120 1.010 1.595 2.198 2.557 2.911 3.102 3.237 3.302 3.229 2.898 2.809 
7.000 10.200 1.010 1.595 2.198 2.557 2.911 3.102 3.237 3.302 3.229 2.898 2.809 
7.000 10.310 1.010 1.595 2.198 2.557 2.911 3.102 3.237 3.302 3.229 2.898 2.809 
7.000 10.490 1.010 1.595 2.198 2.557 2.911 3.102 3.237 3.302 3.229 2.898 2.809 
7.000 10.760 1.010 1.595 2.198 2.557 2.911 3.102 3.237 3.302 3.229 2.898 2.809 
7.000 11.180 1.009 1.594 2.197 2.556 2.910 3.101 3.236 3.301 3.228 2.898 2.807 
7.000 11.820 1.004 1.589 2.192 2.551 2.904 3.096 3.230 3.295 3.222 2.895 2.802 
7.000 12.770 0.999 1.584 2.187 2.546 2.899 3.090 3.225 3.290 3.216 2.893 2.797 
7.000 14.140 0.995 1.580 2.183 2.542 2.894 3.085 3.220 3.285 3.211 2.890 2.791 
7.000 16.080 0.908 1.493 2.095 2.453 2.803 2.993 3.127 3.191 3.114 2.813 2.693 
7.000 18.740 0.809 1.392 1.994 2.351 2.698 2.886 3.019 3.082 3.001 2.723 2.579 
7.000 22.320 0.748 1.292 1.893 2.249 2.592 2.779 2.912 2.973 2.889 2.634 2.466 
7.000 27.040 0.674 1.185 1.785 2.140 2.479 2.664 2.795 2.854 2.763 2.527 2.345 
7.000 33.160 0.586 1.072 1.670 2.022 2.358 2.540 2.667 2.723 2.620 2.402 2.217 
7.000 41.050 0.494 0.959 1.555 1.904 2.236 2.415 2.540 2.591 2.478 2.278 2.088 
7.000 51.110 0.403 0.848 1.443 1.789 2.117 2.292 2.414 2.462 2.337 2.154 1.962 
7.000 63.890 0.332 0.759 1.353 1.694 2.017 2.187 2.305 2.348 2.213 2.045 1.859 
7.000 80.060 0.258 0.670 1.264 1.600 1.917 2.082 2.195 2.234 2.088 1.935 1.755 
7.000 100.500 0.184 0.581 1.174 1.506 1.817 1.976 2.087 2.121 1.964 1.826 1.652 
7.000 126.290 0.121 0.502 1.096 1.422 1.723 1.873 1.976 1.999 1.831 1.710 1.555 
7.000 158.810 0.059 0.427 1.022 1.341 1.631 1.770 1.865 1.873 1.695 1.592 1.461 
7.000 199.780 -0.002 0.352 0.948 1.260 1.539 1.668 1.754 1.748 1.559 1.474 1.367 
7.000 251.390 -0.071 0.271 0.869 1.173 1.437 1.551 1.627 1.603 1.404 1.338 1.263 
7.000 316.390 -0.151 0.177 0.782 1.073 1.315 1.408 1.468 1.422 1.212 1.169 1.138 
7.000 398.240 -0.232 0.082 0.694 0.973 1.194 1.264 1.308 1.240 1.020 0.999 1.014 
7.000 501.290 -0.314 -0.012 0.606 0.873 1.073 1.121 1.149 1.058 0.829 0.829 0.889 
7.000 631.040 -0.401 -0.113 0.528 0.804 1.010 1.058 1.087 0.992 0.754 0.755 0.784 
7.000 794.390 -0.489 -0.213 0.451 0.736 0.949 1.000 1.030 0.931 0.684 0.686 0.680 
7.250 10.050 1.192 1.735 2.289 2.624 2.966 3.153 3.283 3.347 3.272 2.937 2.888 
7.250 10.080 1.192 1.735 2.289 2.624 2.966 3.153 3.283 3.347 3.272 2.937 2.888 
7.250 10.120 1.192 1.735 2.289 2.624 2.966 3.153 3.283 3.347 3.272 2.937 2.888 
7.250 10.200 1.192 1.735 2.289 2.624 2.966 3.153 3.283 3.347 3.272 2.937 2.888 
7.250 10.310 1.192 1.735 2.289 2.624 2.966 3.153 3.283 3.347 3.272 2.937 2.888 
7.250 10.490 1.192 1.735 2.289 2.624 2.966 3.153 3.283 3.347 3.272 2.937 2.888 
7.250 10.760 1.192 1.735 2.289 2.624 2.966 3.153 3.283 3.347 3.272 2.937 2.888 
7.250 11.180 1.191 1.734 2.288 2.624 2.965 3.153 3.283 3.346 3.271 2.936 2.887 
7.250 11.820 1.189 1.732 2.286 2.622 2.963 3.150 3.280 3.344 3.268 2.935 2.885 
7.250 12.770 1.186 1.730 2.284 2.619 2.960 3.148 3.277 3.341 3.265 2.934 2.882 
7.250 14.140 1.184 1.727 2.281 2.617 2.957 3.145 3.275 3.338 3.262 2.933 2.879 
7.250 16.080 1.124 1.667 2.221 2.556 2.894 3.080 3.210 3.273 3.196 2.882 2.811 
7.250 18.740 1.054 1.597 2.151 2.485 2.820 3.006 3.135 3.198 3.118 2.824 2.732 
7.250 22.320 0.984 1.527 2.081 2.414 2.747 2.931 3.059 3.122 3.041 2.765 2.653 
7.250 27.040 0.915 1.428 1.982 2.313 2.642 2.824 2.951 3.012 2.925 2.669 2.541 
7.250 33.160 0.817 1.298 1.851 2.179 2.503 2.682 2.807 2.865 2.767 2.533 2.395 
7.250 41.050 0.709 1.167 1.720 2.045 2.364 2.539 2.662 2.718 2.610 2.397 2.249 
7.250 51.110 0.600 1.040 1.593 1.915 2.229 2.400 2.521 2.574 2.454 2.263 2.106 
7.250 63.890 0.519 0.944 1.496 1.814 2.121 2.287 2.404 2.453 2.322 2.148 1.996 
7.250 80.060 0.436 0.847 1.399 1.712 2.014 2.174 2.288 2.332 2.190 2.032 1.886 
7.250 100.500 0.351 0.750 1.302 1.611 1.906 2.061 2.171 2.212 2.058 1.917 1.776 
7.250 126.290 0.283 0.670 1.223 1.526 1.811 1.957 2.059 2.090 1.925 1.802 1.679 
7.250 158.810 0.220 0.595 1.150 1.446 1.721 1.856 1.950 1.967 1.792 1.687 1.588 
7.250 199.780 0.156 0.520 1.077 1.367 1.630 1.754 1.841 1.844 1.659 1.572 1.497 
7.250 251.390 0.086 0.439 1.000 1.281 1.530 1.639 1.715 1.702 1.507 1.439 1.396 
7.250 316.390 0.003 0.346 0.913 1.182 1.410 1.497 1.557 1.523 1.318 1.273 1.274 
7.250 398.240 -0.080 0.252 0.827 1.084 1.290 1.355 1.400 1.344 1.130 1.106 1.153 
7.250 501.290 -0.164 0.159 0.740 0.985 1.170 1.213 1.242 1.165 0.942 0.940 1.031 
7.250 631.040 -0.248 0.064 0.667 0.920 1.111 1.154 1.184 1.103 0.871 0.870 0.932 
7.250 794.390 -0.331 -0.030 0.594 0.857 1.054 1.098 1.130 1.046 0.806 0.805 0.833 
7.500 10.050 1.368 1.875 2.380 2.692 3.021 3.205 3.330 3.392 3.314 2.975 2.968 
7.500 10.080 1.368 1.875 2.380 2.692 3.021 3.205 3.330 3.392 3.314 2.975 2.968 
7.500 10.120 1.368 1.875 2.380 2.692 3.021 3.205 3.330 3.392 3.314 2.975 2.968 
7.500 10.200 1.368 1.875 2.380 2.692 3.021 3.205 3.330 3.392 3.314 2.975 2.968 
7.500 10.310 1.368 1.875 2.380 2.692 3.021 3.205 3.330 3.392 3.314 2.975 2.968 
7.500 10.490 1.368 1.875 2.380 2.692 3.021 3.205 3.330 3.392 3.314 2.975 2.968 
7.500 10.760 1.368 1.875 2.380 2.692 3.021 3.205 3.330 3.392 3.314 2.975 2.968 
7.500 11.180 1.368 1.875 2.380 2.692 3.021 3.205 3.330 3.392 3.314 2.975 2.968 
7.500 11.820 1.368 1.875 2.380 2.692 3.021 3.205 3.330 3.392 3.314 2.975 2.968 
7.500 12.770 1.368 1.875 2.380 2.692 3.021 3.205 3.330 3.392 3.314 2.975 2.968 
7.500 14.140 1.368 1.875 2.380 2.692 3.021 3.205 3.330 3.392 3.314 2.975 2.968 
7.500 16.080 1.335 1.841 2.347 2.658 2.985 3.168 3.293 3.356 3.278 2.951 2.929 
7.500 18.740 1.295 1.802 2.309 2.619 2.943 3.126 3.250 3.313 3.235 2.924 2.884 
7.500 22.320 1.256 1.762 2.270 2.579 2.902 3.083 3.207 3.271 3.193 2.896 2.840 
7.500 27.040 1.164 1.671 2.180 2.487 2.805 2.984 3.107 3.171 3.088 2.811 2.738 
7.500 33.160 1.029 1.523 2.032 2.337 2.649 2.824 2.946 3.008 2.914 2.664 2.574 
7.500 41.050 0.915 1.376 1.885 2.187 2.492 2.664 2.785 2.845 2.741 2.517 2.410 
7.500 51.110 0.792 1.232 1.743 2.041 2.340 2.508 2.627 2.686 2.571 2.372 2.251 
7.500 63.890 0.702 1.128 1.638 1.933 2.226 2.387 2.504 2.558 2.431 2.251 2.134 
7.500 80.060 0.610 1.024 1.534 1.825 2.111 2.267 2.380 2.431 2.292 2.130 2.017 
7.500 100.500 0.516 0.920 1.430 1.716 1.996 2.147 2.256 2.303 2.152 2.008 1.900 
7.500 126.290 0.442 0.837 1.349 1.629 1.900 2.041 2.143 2.180 2.019 1.893 1.804 
7.500 158.810 0.376 0.763 1.278 1.551 1.811 1.941 2.035 2.060 1.889 1.781 1.715 
7.500 199.780 0.310 0.688 1.206 1.473 1.722 1.841 1.927 1.940 1.759 1.669 1.627 
7.500 251.390 0.237 0.607 1.130 1.388 1.623 1.727 1.803 1.801 1.610 1.540 1.528 
7.500 316.390 0.152 0.515 1.045 1.291 1.504 1.586 1.647 1.625 1.425 1.377 1.410 
7.500 398.240 0.066 0.422 0.960 1.194 1.386 1.445 1.491 1.448 1.239 1.214 1.292 
7.500 501.290 -0.019 0.330 0.874 1.098 1.267 1.305 1.335 1.272 1.054 1.051 1.174 
7.500 631.040 -0.100 0.241 0.806 1.037 1.212 1.249 1.280 1.214 0.988 0.985 1.080 
7.500 794.390 -0.180 0.153 0.738 0.977 1.159 1.197 1.229 1.161 0.927 0.924 0.986 
7.750 10.050 1.496 1.970 2.435 2.729 3.050 3.236 3.359 3.422 3.343 2.997 3.025 
7.750 10.080 1.496 1.970 2.435 2.729 3.050 3.236 3.359 3.422 3.343 2.997 3.025 
7.750 10.120 1.496 1.970 2.435 2.729 3.050 3.236 3.359 3.422 3.343 2.997 3.025 
7.750 10.200 1.496 1.970 2.435 2.729 3.050 3.236 3.359 3.422 3.343 2.997 3.025 
7.750 10.310 1.496 1.970 2.435 2.729 3.050 3.236 3.359 3.422 3.343 2.997 3.025 
7.750 10.490 1.496 1.970 2.435 2.729 3.050 3.236 3.359 3.422 3.343 2.997 3.025 
7.750 10.760 1.496 1.970 2.435 2.729 3.050 3.236 3.359 3.422 3.343 2.997 3.025 
7.750 11.180 1.496 1.970 2.435 2.729 3.050 3.236 3.359 3.422 3.343 2.997 3.025 
7.750 11.820 1.496 1.970 2.435 2.729 3.050 3.236 3.359 3.422 3.343 2.997 3.025 
7.750 12.770 1.496 1.970 2.435 2.729 3.050 3.236 3.359 3.422 3.343 2.997 3.025 
7.750 14.140 1.496 1.970 2.435 2.729 3.050 3.236 3.359 3.422 3.343 2.997 3.025 
7.750 16.080 1.479 1.953 2.418 2.712 3.032 3.218 3.340 3.404 3.325 2.985 3.006 
7.750 18.740 1.459 1.934 2.399 2.692 3.011 3.196 3.319 3.383 3.304 2.972 2.983 
7.750 22.320 1.440 1.914 2.380 2.673 2.991 3.175 3.298 3.361 3.282 2.958 2.961 
7.750 27.040 1.368 1.843 2.310 2.601 2.915 3.097 3.219 3.284 3.202 2.894 2.881 
7.750 33.160 1.241 1.715 2.184 2.472 2.780 2.958 3.080 3.145 3.056 2.778 2.739 
7.750 41.050 1.113 1.588 2.059 2.344 2.645 2.819 2.941 3.007 2.910 2.660 2.597 
7.750 51.110 1.013 1.460 1.933 2.215 2.509 2.679 2.800 2.867 2.762 2.541 2.455 
7.750 63.890 0.899 1.330 1.804 2.082 2.368 2.532 2.650 2.713 2.595 2.397 2.312 
7.750 80.060 0.779 1.200 1.676 1.948 2.227 2.384 2.499 2.559 2.428 2.253 2.169 
7.750 100.500 0.656 1.071 1.547 1.815 2.086 2.237 2.349 2.406 2.261 2.109 2.026 
7.750 126.290 0.572 0.980 1.459 1.721 1.983 2.124 2.229 2.278 2.122 1.990 1.923 
7.750 158.810 0.502 0.904 1.387 1.643 1.893 2.024 2.121 2.159 1.993 1.879 1.836 
7.750 199.780 0.431 0.828 1.315 1.564 1.804 1.923 2.014 2.040 1.864 1.769 1.749 
7.750 251.390 0.355 0.747 1.238 1.480 1.705 1.810 1.889 1.902 1.717 1.642 1.652 
7.750 316.390 0.267 0.654 1.153 1.383 1.587 1.669 1.734 1.727 1.533 1.481 1.536 
7.750 398.240 0.178 0.561 1.069 1.287 1.469 1.529 1.578 1.552 1.349 1.320 1.421 
7.750 501.290 0.090 0.468 0.984 1.191 1.351 1.388 1.423 1.377 1.166 1.159 1.305 
7.750 631.040 0.012 0.385 0.919 1.133 1.298 1.336 1.371 1.322 1.103 1.097 1.216 
7.750 794.390 -0.067 0.302 0.856 1.077 1.248 1.287 1.324 1.273 1.046 1.040 1.127 
8.000 10.050 1.618 2.066 2.490 2.766 3.080 3.267 3.388 3.452 3.372 3.019 3.083 
8.000 10.080 1.618 2.066 2.490 2.766 3.080 3.267 3.388 3.452 3.372 3.019 3.083 
8.000 10.120 1.618 2.066 2.490 2.766 3.080 3.267 3.388 3.452 3.372 3.019 3.083 
8.000 10.200 1.618 2.066 2.490 2.766 3.080 3.267 3.388 3.452 3.372 3.019 3.083 
8.000 10.310 1.618 2.066 2.490 2.766 3.080 3.267 3.388 3.452 3.372 3.019 3.083 
8.000 10.490 1.618 2.066 2.490 2.766 3.080 3.267 3.388 3.452 3.372 3.019 3.083 
8.000 10.760 1.618 2.066 2.490 2.766 3.080 3.267 3.388 3.452 3.372 3.019 3.083 
8.000 11.180 1.618 2.066 2.490 2.766 3.080 3.267 3.388 3.452 3.372 3.019 3.083 
8.000 11.820 1.618 2.066 2.490 2.766 3.080 3.267 3.388 3.452 3.372 3.019 3.083 
8.000 12.770 1.618 2.066 2.490 2.766 3.080 3.267 3.388 3.452 3.372 3.019 3.083 
8.000 14.140 1.618 2.066 2.490 2.766 3.080 3.267 3.388 3.452 3.372 3.019 3.083 
8.000 16.080 1.618 2.066 2.490 2.766 3.080 3.267 3.388 3.452 3.372 3.019 3.083 
8.000 18.740 1.618 2.066 2.490 2.766 3.080 3.267 3.388 3.452 3.372 3.019 3.083 
8.000 22.320 1.618 2.066 2.490 2.766 3.080 3.267 3.388 3.452 3.372 3.019 3.083 
8.000 27.040 1.566 2.014 2.440 2.715 3.025 3.210 3.331 3.397 3.315 2.978 3.025 
8.000 33.160 1.459 1.907 2.336 2.608 2.911 3.092 3.214 3.283 3.197 2.891 2.904 
8.000 41.050 1.352 1.800 2.232 2.501 2.797 2.974 3.096 3.168 3.079 2.804 2.784 
8.000 51.110 1.239 1.687 2.123 2.389 2.678 2.850 2.973 3.047 2.954 2.710 2.659 
8.000 63.890 1.096 1.532 1.970 2.230 2.511 2.676 2.796 2.868 2.759 2.543 2.490 
8.000 80.060 0.947 1.377 1.817 2.072 2.344 2.502 2.619 2.688 2.565 2.377 2.321 
8.000 100.500 0.796 1.221 1.664 1.913 2.177 2.328 2.442 2.509 2.370 2.211 2.152 
8.000 126.290 0.701 1.122 1.569 1.813 2.065 2.207 2.315 2.375 2.224 2.086 2.043 
8.000 158.810 0.626 1.046 1.496 1.734 1.976 2.106 2.207 2.257 2.097 1.977 1.957 
8.000 199.780 0.549 0.969 1.423 1.656 1.887 2.006 2.100 2.140 1.969 1.869 1.871 
8.000 251.390 0.470 0.886 1.346 1.571 1.788 1.892 1.976 2.004 1.823 1.743 1.776 
8.000 316.390 0.377 0.793 1.262 1.475 1.670 1.752 1.821 1.829 1.641 1.585 1.663 
8.000 398.240 0.285 0.700 1.178 1.380 1.552 1.612 1.666 1.655 1.459 1.426 1.549 
8.000 501.290 0.194 0.607 1.093 1.284 1.435 1.471 1.511 1.481 1.277 1.268 1.436 
8.000 631.040 0.117 0.528 1.033 1.229 1.385 1.422 1.462 1.430 1.219 1.210 1.351 
8.000 794.390 0.041 0.451 0.973 1.177 1.338 1.376 1.418 1.385 1.166 1.157 1.268 
