CanadaSHM5_AA13_stablecrust_central , distance is rhypo. Log10 ground motion values in cgs units
          15 30 11 : nmag, ndist, nperiod
          10.000 5.000 2.000 1.000 0.500 0.300 0.200 0.100 0.050 PGA PGV 
          0.620 0.620 0.620 0.620 0.580 0.540 0.530 0.530 0.530 0.530 0.620
4.500 10.050 -1.802 -0.472 0.614 1.318 1.950 2.239 2.474 2.702 2.692 2.360 1.898 
4.500 10.080 -1.811 -0.481 0.604 1.307 1.939 2.229 2.464 2.690 2.678 2.352 1.886 
4.500 10.120 -1.817 -0.490 0.594 1.297 1.929 2.220 2.453 2.678 2.665 2.344 1.874 
4.500 10.200 -1.815 -0.499 0.584 1.287 1.918 2.210 2.443 2.666 2.652 2.336 1.862 
4.500 10.310 -1.825 -0.519 0.561 1.264 1.895 2.188 2.421 2.641 2.624 2.316 1.834 
4.500 10.490 -1.825 -0.547 0.530 1.232 1.864 2.159 2.390 2.606 2.588 2.288 1.798 
4.500 10.760 -1.828 -0.574 0.499 1.200 1.833 2.129 2.361 2.572 2.552 2.259 1.761 
4.500 11.180 -1.837 -0.608 0.461 1.161 1.795 2.094 2.324 2.530 2.507 2.224 1.717 
4.500 11.820 -1.859 -0.663 0.400 1.099 1.735 2.037 2.266 2.467 2.439 2.166 1.648 
4.500 12.770 -1.877 -0.719 0.339 1.038 1.673 1.976 2.205 2.400 2.369 2.103 1.578 
4.500 14.140 -1.895 -0.775 0.278 0.976 1.612 1.916 2.142 2.333 2.298 2.041 1.508 
4.500 16.080 -1.944 -0.864 0.183 0.879 1.514 1.819 2.042 2.226 2.183 1.937 1.398 
4.500 18.740 -1.998 -0.959 0.081 0.777 1.411 1.716 1.935 2.112 2.061 1.825 1.282 
4.500 22.320 -2.053 -1.054 -0.020 0.674 1.308 1.613 1.828 1.998 1.938 1.714 1.166 
4.500 27.040 -2.119 -1.162 -0.135 0.557 1.189 1.494 1.705 1.867 1.796 1.584 1.034 
4.500 33.160 -2.201 -1.285 -0.264 0.424 1.054 1.357 1.563 1.716 1.633 1.433 0.885 
4.500 41.050 -2.281 -1.407 -0.394 0.292 0.919 1.220 1.421 1.566 1.470 1.282 0.736 
4.500 51.110 -2.359 -1.527 -0.521 0.161 0.785 1.085 1.281 1.417 1.308 1.133 0.589 
4.500 63.890 -2.419 -1.626 -0.628 0.049 0.668 0.964 1.154 1.282 1.160 0.997 0.460 
4.500 80.060 -2.476 -1.725 -0.735 -0.063 0.550 0.843 1.028 1.147 1.013 0.862 0.332 
4.500 100.500 -2.532 -1.824 -0.841 -0.175 0.432 0.722 0.901 1.012 0.865 0.726 0.203 
4.500 126.290 -2.591 -1.922 -0.946 -0.288 0.310 0.592 0.761 0.853 0.691 0.569 0.066 
4.500 158.810 -2.648 -2.021 -1.049 -0.401 0.186 0.457 0.615 0.684 0.507 0.403 -0.074 
4.500 199.780 -2.705 -2.120 -1.153 -0.514 0.062 0.323 0.470 0.516 0.323 0.237 -0.214 
4.500 251.390 -2.772 -2.227 -1.262 -0.634 -0.073 0.174 0.306 0.326 0.117 0.051 -0.366 
4.500 316.390 -2.853 -2.351 -1.383 -0.770 -0.230 -0.004 0.109 0.096 -0.131 -0.175 -0.543 
4.500 398.240 -2.936 -2.474 -1.504 -0.905 -0.386 -0.182 -0.089 -0.135 -0.378 -0.400 -0.720 
4.500 501.290 -3.018 -2.597 -1.624 -1.040 -0.543 -0.361 -0.287 -0.365 -0.625 -0.626 -0.897 
4.500 631.040 -3.181 -2.801 -1.794 -1.189 -0.673 -0.483 -0.406 -0.488 -0.758 -0.759 -1.076 
4.500 794.390 -3.347 -3.009 -1.965 -1.338 -0.802 -0.604 -0.521 -0.606 -0.886 -0.888 -1.255 
4.750 10.050 -1.411 -0.174 0.862 1.523 2.107 2.372 2.583 2.791 2.775 2.446 2.039 
4.750 10.080 -1.419 -0.181 0.853 1.514 2.098 2.364 2.575 2.781 2.764 2.439 2.029 
4.750 10.120 -1.426 -0.189 0.845 1.506 2.090 2.356 2.566 2.771 2.753 2.433 2.019 
4.750 10.200 -1.424 -0.196 0.837 1.497 2.081 2.348 2.558 2.761 2.743 2.426 2.009 
4.750 10.310 -1.432 -0.215 0.816 1.475 2.059 2.327 2.536 2.737 2.717 2.407 1.984 
4.750 10.490 -1.437 -0.241 0.786 1.445 2.029 2.299 2.508 2.704 2.683 2.381 1.949 
4.750 10.760 -1.437 -0.268 0.756 1.414 1.999 2.271 2.479 2.672 2.648 2.355 1.914 
4.750 11.180 -1.446 -0.301 0.719 1.376 1.962 2.236 2.443 2.632 2.606 2.322 1.871 
4.750 11.820 -1.471 -0.355 0.660 1.316 1.904 2.181 2.387 2.570 2.540 2.265 1.805 
4.750 12.770 -1.489 -0.410 0.601 1.257 1.846 2.125 2.331 2.508 2.474 2.209 1.738 
4.750 14.140 -1.508 -0.464 0.541 1.197 1.787 2.069 2.274 2.446 2.408 2.152 1.671 
4.750 16.080 -1.557 -0.551 0.449 1.103 1.693 1.975 2.176 2.342 2.296 2.051 1.565 
4.750 18.740 -1.611 -0.644 0.350 1.003 1.592 1.874 2.073 2.232 2.178 1.944 1.452 
4.750 22.320 -1.665 -0.736 0.252 0.904 1.492 1.774 1.969 2.122 2.059 1.836 1.340 
4.750 27.040 -1.731 -0.841 0.141 0.791 1.377 1.658 1.850 1.994 1.922 1.710 1.212 
4.750 33.160 -1.812 -0.960 0.016 0.663 1.246 1.526 1.713 1.849 1.764 1.565 1.069 
4.750 41.050 -1.891 -1.078 -0.109 0.535 1.115 1.394 1.575 1.703 1.606 1.420 0.925 
4.750 51.110 -1.968 -1.194 -0.232 0.409 0.986 1.263 1.440 1.559 1.450 1.276 0.783 
4.750 63.890 -2.026 -1.290 -0.334 0.301 0.873 1.146 1.317 1.429 1.307 1.145 0.659 
4.750 80.060 -2.082 -1.385 -0.437 0.193 0.759 1.029 1.195 1.299 1.164 1.015 0.536 
4.750 100.500 -2.139 -1.481 -0.540 0.085 0.646 0.913 1.072 1.169 1.022 0.885 0.412 
4.750 126.290 -2.196 -1.576 -0.640 -0.023 0.528 0.786 0.937 1.015 0.853 0.733 0.281 
4.750 158.810 -2.253 -1.671 -0.739 -0.132 0.409 0.656 0.796 0.852 0.675 0.573 0.147 
4.750 199.780 -2.310 -1.766 -0.838 -0.240 0.289 0.527 0.655 0.689 0.497 0.413 0.013 
4.750 251.390 -2.373 -1.869 -0.943 -0.356 0.159 0.382 0.497 0.505 0.298 0.233 -0.133 
4.750 316.390 -2.455 -1.988 -1.059 -0.486 0.008 0.209 0.305 0.281 0.057 0.015 -0.303 
4.750 398.240 -2.535 -2.108 -1.176 -0.616 -0.144 0.036 0.113 0.057 -0.183 -0.203 -0.474 
4.750 501.290 -2.616 -2.227 -1.292 -0.747 -0.295 -0.138 -0.080 -0.167 -0.423 -0.421 -0.644 
4.750 631.040 -2.768 -2.417 -1.449 -0.885 -0.417 -0.252 -0.191 -0.282 -0.548 -0.547 -0.814 
4.750 794.390 -2.923 -2.611 -1.608 -1.023 -0.537 -0.364 -0.299 -0.392 -0.669 -0.668 -0.983 
5.000 10.050 -1.025 0.125 1.110 1.728 2.265 2.505 2.693 2.880 2.859 2.531 2.180 
5.000 10.080 -1.031 0.119 1.103 1.721 2.258 2.499 2.686 2.872 2.850 2.526 2.173 
5.000 10.120 -1.037 0.113 1.097 1.714 2.251 2.492 2.679 2.864 2.842 2.521 2.165 
5.000 10.200 -1.042 0.107 1.090 1.707 2.244 2.486 2.672 2.856 2.833 2.516 2.157 
5.000 10.310 -1.047 0.089 1.070 1.686 2.223 2.467 2.652 2.834 2.810 2.499 2.133 
5.000 10.490 -1.056 0.063 1.041 1.657 2.194 2.440 2.624 2.803 2.777 2.475 2.100 
5.000 10.760 -1.055 0.038 1.012 1.628 2.166 2.412 2.597 2.772 2.745 2.451 2.067 
5.000 11.180 -1.062 0.006 0.977 1.592 2.130 2.379 2.562 2.734 2.705 2.420 2.026 
5.000 11.820 -1.089 -0.047 0.919 1.534 2.074 2.324 2.507 2.674 2.641 2.365 1.961 
5.000 12.770 -1.107 -0.101 0.862 1.476 2.017 2.270 2.452 2.613 2.577 2.311 1.896 
5.000 14.140 -1.126 -0.154 0.805 1.418 1.961 2.216 2.397 2.553 2.513 2.257 1.831 
5.000 16.080 -1.176 -0.239 0.715 1.327 1.871 2.130 2.311 2.458 2.409 2.166 1.731 
5.000 18.740 -1.230 -0.329 0.620 1.230 1.774 2.033 2.211 2.352 2.295 2.062 1.622 
5.000 22.320 -1.283 -0.419 0.524 1.134 1.676 1.935 2.111 2.245 2.180 1.958 1.513 
5.000 27.040 -1.350 -0.520 0.417 1.024 1.565 1.823 1.995 2.122 2.047 1.837 1.390 
5.000 33.160 -1.428 -0.635 0.296 0.901 1.438 1.695 1.862 1.981 1.894 1.697 1.252 
5.000 41.050 -1.506 -0.749 0.176 0.778 1.312 1.567 1.730 1.841 1.742 1.557 1.113 
5.000 51.110 -1.585 -0.862 0.058 0.656 1.187 1.441 1.599 1.702 1.591 1.419 0.977 
5.000 63.890 -1.638 -0.954 -0.041 0.552 1.078 1.328 1.480 1.576 1.453 1.294 0.858 
5.000 80.060 -1.693 -1.046 -0.139 0.448 0.969 1.216 1.362 1.451 1.316 1.169 0.740 
5.000 100.500 -1.751 -1.138 -0.238 0.345 0.860 1.103 1.244 1.325 1.179 1.043 0.621 
5.000 126.290 -1.806 -1.229 -0.334 0.241 0.746 0.981 1.113 1.177 1.016 0.898 0.496 
5.000 158.810 -1.861 -1.321 -0.429 0.137 0.632 0.856 0.977 1.020 0.844 0.744 0.368 
5.000 199.780 -1.917 -1.412 -0.524 0.034 0.517 0.730 0.841 0.862 0.671 0.590 0.240 
5.000 251.390 -1.983 -1.511 -0.624 -0.077 0.391 0.590 0.688 0.684 0.479 0.416 0.100 
5.000 316.390 -2.061 -1.626 -0.736 -0.203 0.245 0.422 0.501 0.467 0.245 0.205 -0.063 
5.000 398.240 -2.139 -1.741 -0.847 -0.328 0.098 0.253 0.314 0.249 0.012 -0.006 -0.227 
5.000 501.290 -2.220 -1.856 -0.959 -0.453 -0.048 0.085 0.127 0.031 -0.221 -0.217 -0.391 
5.000 631.040 -2.361 -2.033 -1.104 -0.581 -0.160 -0.021 0.023 -0.077 -0.339 -0.335 -0.551 
5.000 794.390 -2.505 -2.213 -1.251 -0.708 -0.271 -0.125 -0.077 -0.180 -0.452 -0.449 -0.711 
5.250 10.050 -0.675 0.390 1.327 1.904 2.400 2.617 2.783 2.950 2.924 2.599 2.303 
5.250 10.080 -0.678 0.387 1.324 1.900 2.396 2.614 2.780 2.946 2.919 2.596 2.299 
5.250 10.120 -0.681 0.384 1.320 1.896 2.392 2.611 2.776 2.942 2.915 2.594 2.295 
5.250 10.200 -0.684 0.381 1.317 1.893 2.389 2.607 2.773 2.938 2.911 2.591 2.291 
5.250 10.310 -0.697 0.364 1.299 1.874 2.370 2.589 2.754 2.918 2.889 2.576 2.269 
5.250 10.490 -0.709 0.339 1.271 1.846 2.342 2.563 2.727 2.887 2.857 2.554 2.237 
5.250 10.760 -0.710 0.314 1.243 1.817 2.314 2.536 2.700 2.857 2.825 2.531 2.205 
5.250 11.180 -0.716 0.283 1.209 1.783 2.280 2.503 2.667 2.820 2.787 2.502 2.165 
5.250 11.820 -0.743 0.231 1.153 1.727 2.225 2.451 2.614 2.762 2.725 2.451 2.103 
5.250 12.770 -0.761 0.180 1.098 1.671 2.170 2.398 2.561 2.704 2.664 2.400 2.040 
5.250 14.140 -0.780 0.128 1.042 1.615 2.115 2.346 2.507 2.647 2.603 2.348 1.977 
5.250 16.080 -0.830 0.046 0.955 1.527 2.028 2.262 2.423 2.554 2.503 2.260 1.880 
5.250 18.740 -0.883 -0.042 0.863 1.433 1.935 2.173 2.334 2.456 2.396 2.166 1.777 
5.250 22.320 -0.936 -0.129 0.771 1.340 1.841 2.079 2.237 2.353 2.285 2.067 1.672 
5.250 27.040 -1.001 -0.228 0.667 1.234 1.733 1.970 2.125 2.234 2.156 1.950 1.553 
5.250 33.160 -1.078 -0.339 0.551 1.115 1.611 1.846 1.996 2.099 2.009 1.816 1.420 
5.250 41.050 -1.154 -0.450 0.435 0.996 1.489 1.722 1.868 1.963 1.862 1.681 1.287 
5.250 51.110 -1.230 -0.558 0.321 0.879 1.369 1.600 1.741 1.829 1.716 1.548 1.155 
5.250 63.890 -1.286 -0.647 0.226 0.779 1.264 1.491 1.627 1.708 1.583 1.427 1.042 
5.250 80.060 -1.342 -0.736 0.131 0.679 1.159 1.382 1.513 1.587 1.450 1.307 0.928 
5.250 100.500 -1.398 -0.824 0.037 0.579 1.054 1.273 1.399 1.466 1.318 1.187 0.814 
5.250 126.290 -1.452 -0.912 -0.055 0.480 0.945 1.156 1.273 1.323 1.161 1.047 0.694 
5.250 158.810 -1.507 -1.000 -0.146 0.381 0.834 1.035 1.141 1.171 0.995 0.899 0.573 
5.250 199.780 -1.562 -1.088 -0.236 0.282 0.724 0.914 1.010 1.019 0.829 0.751 0.450 
5.250 251.390 -1.624 -1.183 -0.332 0.175 0.603 0.779 0.862 0.847 0.643 0.584 0.316 
5.250 316.390 -1.702 -1.294 -0.439 0.055 0.462 0.615 0.680 0.636 0.416 0.380 0.160 
5.250 398.240 -1.779 -1.404 -0.546 -0.065 0.320 0.452 0.499 0.424 0.191 0.176 0.003 
5.250 501.290 -1.858 -1.515 -0.653 -0.186 0.179 0.289 0.317 0.213 -0.036 -0.029 -0.154 
5.250 631.040 -1.990 -1.680 -0.787 -0.303 0.075 0.189 0.220 0.112 -0.147 -0.139 -0.306 
5.250 794.390 -2.126 -1.847 -0.922 -0.421 -0.028 0.093 0.126 0.016 -0.253 -0.246 -0.458 
5.500 10.050 -0.330 0.656 1.545 2.080 2.534 2.729 2.874 3.021 2.989 2.666 2.426 
5.500 10.080 -0.330 0.655 1.544 2.079 2.534 2.729 2.874 3.021 2.989 2.666 2.425 
5.500 10.120 -0.330 0.655 1.544 2.079 2.533 2.729 2.873 3.020 2.988 2.666 2.425 
5.500 10.200 -0.331 0.655 1.544 2.079 2.533 2.729 2.873 3.020 2.988 2.666 2.425 
5.500 10.310 -0.346 0.640 1.527 2.062 2.516 2.712 2.856 3.002 2.969 2.653 2.405 
5.500 10.490 -0.365 0.615 1.500 2.034 2.489 2.686 2.830 2.972 2.937 2.632 2.374 
5.500 10.760 -0.376 0.590 1.474 2.007 2.463 2.660 2.803 2.943 2.906 2.612 2.343 
5.500 11.180 -0.378 0.560 1.441 1.974 2.429 2.628 2.771 2.907 2.869 2.584 2.304 
5.500 11.820 -0.403 0.510 1.387 1.920 2.376 2.577 2.720 2.851 2.810 2.536 2.244 
5.500 12.770 -0.423 0.460 1.334 1.866 2.322 2.526 2.669 2.795 2.752 2.488 2.184 
5.500 14.140 -0.441 0.411 1.280 1.812 2.269 2.476 2.618 2.740 2.693 2.440 2.124 
5.500 16.080 -0.490 0.330 1.196 1.727 2.185 2.394 2.536 2.650 2.596 2.355 2.030 
5.500 18.740 -0.542 0.245 1.107 1.636 2.095 2.308 2.449 2.556 2.493 2.265 1.930 
5.500 22.320 -0.596 0.160 1.018 1.546 2.006 2.221 2.362 2.461 2.389 2.174 1.830 
5.500 27.040 -0.658 0.064 0.918 1.443 1.902 2.117 2.254 2.347 2.266 2.063 1.716 
5.500 33.160 -0.734 -0.043 0.806 1.329 1.784 1.997 2.130 2.216 2.124 1.934 1.588 
5.500 41.050 -0.809 -0.150 0.694 1.214 1.667 1.877 2.006 2.086 1.982 1.805 1.460 
5.500 51.110 -0.883 -0.255 0.584 1.101 1.551 1.759 1.884 1.957 1.841 1.677 1.334 
5.500 63.890 -0.938 -0.340 0.493 1.005 1.450 1.654 1.774 1.840 1.713 1.561 1.225 
5.500 80.060 -0.993 -0.426 0.402 0.910 1.349 1.549 1.664 1.723 1.585 1.446 1.116 
5.500 100.500 -1.048 -0.512 0.311 0.814 1.248 1.444 1.554 1.606 1.457 1.331 1.007 
5.500 126.290 -1.102 -0.596 0.224 0.719 1.143 1.331 1.432 1.468 1.306 1.196 0.893 
5.500 158.810 -1.157 -0.679 0.138 0.624 1.037 1.214 1.306 1.322 1.146 1.054 0.777 
5.500 199.780 -1.210 -0.763 0.051 0.529 0.931 1.098 1.179 1.176 0.986 0.913 0.661 
5.500 251.390 -1.270 -0.855 -0.040 0.427 0.815 0.967 1.036 1.010 0.806 0.752 0.533 
5.500 316.390 -1.348 -0.961 -0.142 0.312 0.678 0.809 0.859 0.805 0.587 0.555 0.383 
5.500 398.240 -1.425 -1.068 -0.244 0.197 0.542 0.650 0.683 0.600 0.369 0.358 0.232 
5.500 501.290 -1.501 -1.174 -0.346 0.082 0.406 0.492 0.507 0.394 0.149 0.160 0.082 
5.500 631.040 -1.625 -1.327 -0.469 -0.026 0.310 0.400 0.417 0.300 0.046 0.056 -0.061 
5.500 794.390 -1.750 -1.482 -0.593 -0.133 0.215 0.311 0.330 0.211 -0.054 -0.044 -0.204 
5.750 10.050 -0.023 0.891 1.732 2.232 2.651 2.827 2.954 3.082 3.047 2.726 2.535 
5.750 10.080 -0.023 0.890 1.732 2.231 2.651 2.827 2.954 3.082 3.047 2.726 2.535 
5.750 10.120 -0.023 0.890 1.732 2.231 2.651 2.827 2.954 3.082 3.047 2.726 2.535 
5.750 10.200 -0.023 0.890 1.732 2.231 2.651 2.827 2.954 3.082 3.047 2.726 2.535 
5.750 10.310 -0.035 0.878 1.719 2.218 2.638 2.814 2.941 3.068 3.031 2.716 2.520 
5.750 10.490 -0.054 0.859 1.699 2.197 2.617 2.794 2.920 3.045 3.007 2.701 2.495 
5.750 10.760 -0.067 0.841 1.678 2.176 2.596 2.773 2.899 3.022 2.983 2.686 2.471 
5.750 11.180 -0.073 0.814 1.650 2.147 2.568 2.746 2.871 2.991 2.951 2.664 2.439 
5.750 11.820 -0.094 0.765 1.597 2.094 2.515 2.695 2.821 2.937 2.894 2.618 2.380 
5.750 12.770 -0.117 0.716 1.545 2.041 2.463 2.645 2.771 2.883 2.838 2.572 2.321 
5.750 14.140 -0.133 0.667 1.492 1.988 2.410 2.595 2.720 2.828 2.781 2.526 2.261 
5.750 16.080 -0.183 0.587 1.409 1.904 2.327 2.514 2.639 2.740 2.685 2.444 2.169 
5.750 18.740 -0.236 0.502 1.321 1.815 2.238 2.428 2.553 2.647 2.584 2.355 2.071 
5.750 22.320 -0.289 0.418 1.233 1.725 2.149 2.343 2.467 2.553 2.482 2.267 1.973 
5.750 27.040 -0.354 0.323 1.135 1.625 2.050 2.246 2.369 2.447 2.365 2.164 1.864 
5.750 33.160 -0.430 0.218 1.025 1.513 1.935 2.128 2.248 2.320 2.226 2.039 1.739 
5.750 41.050 -0.507 0.113 0.916 1.400 1.820 2.011 2.126 2.192 2.088 1.913 1.614 
5.750 51.110 -0.581 0.010 0.808 1.290 1.706 1.895 2.006 2.066 1.950 1.789 1.491 
5.750 63.890 -0.637 -0.074 0.720 1.197 1.608 1.792 1.899 1.952 1.825 1.677 1.385 
5.750 80.060 -0.693 -0.158 0.631 1.104 1.509 1.689 1.792 1.838 1.700 1.564 1.279 
5.750 100.500 -0.749 -0.241 0.543 1.011 1.410 1.587 1.684 1.724 1.575 1.452 1.173 
5.750 126.290 -0.803 -0.324 0.458 0.919 1.309 1.476 1.565 1.590 1.429 1.322 1.064 
5.750 158.810 -0.858 -0.405 0.375 0.827 1.206 1.363 1.443 1.448 1.274 1.186 0.952 
5.750 199.780 -0.911 -0.486 0.292 0.736 1.103 1.250 1.320 1.306 1.119 1.049 0.841 
5.750 251.390 -0.974 -0.575 0.203 0.637 0.990 1.123 1.180 1.145 0.944 0.894 0.718 
5.750 316.390 -1.051 -0.679 0.104 0.525 0.858 0.968 1.007 0.945 0.731 0.702 0.573 
5.750 398.240 -1.126 -0.782 0.006 0.414 0.725 0.813 0.835 0.745 0.517 0.510 0.428 
5.750 501.290 -1.203 -0.886 -0.093 0.302 0.592 0.658 0.662 0.545 0.304 0.318 0.283 
5.750 631.040 -1.318 -1.028 -0.207 0.202 0.503 0.573 0.578 0.456 0.205 0.220 0.147 
5.750 794.390 -1.435 -1.172 -0.321 0.103 0.416 0.490 0.497 0.372 0.112 0.126 0.011 
6.000 10.050 0.281 1.126 1.920 2.384 2.769 2.925 3.034 3.144 3.105 2.786 2.644 
6.000 10.080 0.281 1.126 1.920 2.384 2.769 2.925 3.034 3.144 3.105 2.786 2.644 
6.000 10.120 0.281 1.126 1.920 2.384 2.769 2.925 3.034 3.144 3.105 2.786 2.644 
6.000 10.200 0.281 1.126 1.920 2.384 2.769 2.925 3.034 3.144 3.105 2.786 2.644 
6.000 10.310 0.273 1.117 1.911 2.374 2.759 2.916 3.025 3.134 3.094 2.780 2.634 
6.000 10.490 0.260 1.104 1.897 2.360 2.745 2.901 3.010 3.117 3.077 2.770 2.617 
6.000 10.760 0.246 1.091 1.882 2.345 2.730 2.887 2.995 3.101 3.060 2.761 2.600 
6.000 11.180 0.228 1.069 1.859 2.321 2.706 2.864 2.972 3.076 3.033 2.743 2.573 
6.000 11.820 0.203 1.020 1.807 2.269 2.654 2.814 2.923 3.023 2.978 2.700 2.515 
6.000 12.770 0.185 0.971 1.756 2.217 2.603 2.764 2.873 2.970 2.924 2.656 2.458 
6.000 14.140 0.166 0.922 1.704 2.165 2.551 2.713 2.823 2.917 2.869 2.612 2.400 
6.000 16.080 0.117 0.843 1.622 2.082 2.469 2.634 2.743 2.830 2.775 2.532 2.309 
6.000 18.740 0.063 0.759 1.535 1.994 2.381 2.549 2.658 2.738 2.674 2.446 2.212 
6.000 22.320 0.008 0.675 1.449 1.905 2.293 2.464 2.572 2.646 2.574 2.360 2.116 
6.000 27.040 -0.056 0.582 1.352 1.807 2.195 2.368 2.476 2.542 2.460 2.260 2.009 
6.000 33.160 -0.133 0.479 1.245 1.697 2.085 2.260 2.366 2.423 2.329 2.144 1.889 
6.000 41.050 -0.210 0.376 1.138 1.587 1.973 2.144 2.246 2.298 2.194 2.022 1.768 
6.000 51.110 -0.284 0.275 1.033 1.480 1.862 2.030 2.129 2.175 2.060 1.901 1.648 
6.000 63.890 -0.340 0.193 0.947 1.389 1.765 1.930 2.024 2.064 1.938 1.792 1.545 
6.000 80.060 -0.397 0.111 0.861 1.298 1.669 1.830 1.919 1.953 1.816 1.683 1.442 
6.000 100.500 -0.453 0.029 0.775 1.208 1.573 1.729 1.814 1.842 1.694 1.574 1.340 
6.000 126.290 -0.510 -0.051 0.693 1.119 1.475 1.622 1.699 1.712 1.552 1.448 1.234 
6.000 158.810 -0.563 -0.131 0.612 1.030 1.375 1.512 1.579 1.575 1.401 1.317 1.127 
6.000 199.780 -0.619 -0.210 0.532 0.942 1.276 1.402 1.460 1.437 1.251 1.185 1.020 
6.000 251.390 -0.681 -0.296 0.446 0.847 1.166 1.278 1.324 1.280 1.081 1.035 0.902 
6.000 316.390 -0.756 -0.397 0.351 0.738 1.037 1.127 1.155 1.085 0.874 0.849 0.763 
6.000 398.240 -0.832 -0.497 0.256 0.630 0.908 0.976 0.986 0.890 0.666 0.663 0.623 
6.000 501.290 -0.908 -0.597 0.160 0.522 0.778 0.824 0.817 0.695 0.458 0.477 0.483 
6.000 631.040 -1.016 -0.729 0.056 0.430 0.696 0.745 0.739 0.612 0.366 0.385 0.355 
6.000 794.390 -1.125 -0.863 -0.049 0.339 0.615 0.668 0.664 0.533 0.278 0.296 0.227 
6.250 10.050 0.550 1.334 2.081 2.513 2.872 3.012 3.109 3.202 3.160 2.844 2.747 
6.250 10.080 0.550 1.334 2.081 2.513 2.872 3.012 3.109 3.202 3.160 2.844 2.747 
6.250 10.120 0.550 1.334 2.081 2.513 2.872 3.012 3.109 3.202 3.160 2.844 2.747 
6.250 10.200 0.550 1.334 2.081 2.513 2.872 3.012 3.109 3.202 3.160 2.844 2.747 
6.250 10.310 0.546 1.330 2.076 2.508 2.868 3.007 3.104 3.197 3.155 2.841 2.741 
6.250 10.490 0.540 1.324 2.069 2.501 2.860 3.000 3.096 3.189 3.146 2.836 2.733 
6.250 10.760 0.533 1.317 2.062 2.494 2.853 2.992 3.088 3.180 3.137 2.831 2.724 
6.250 11.180 0.517 1.301 2.045 2.477 2.835 2.974 3.070 3.161 3.118 2.818 2.704 
6.250 11.820 0.471 1.255 1.997 2.428 2.786 2.927 3.023 3.111 3.066 2.779 2.650 
6.250 12.770 0.454 1.209 1.949 2.379 2.738 2.880 2.976 3.062 3.015 2.741 2.596 
6.250 14.140 0.438 1.164 1.900 2.331 2.689 2.833 2.929 3.012 2.964 2.703 2.542 
6.250 16.080 0.391 1.083 1.817 2.247 2.606 2.751 2.848 2.925 2.869 2.624 2.450 
6.250 18.740 0.334 0.997 1.729 2.157 2.516 2.664 2.760 2.831 2.768 2.538 2.352 
6.250 22.320 0.276 0.911 1.640 2.067 2.426 2.578 2.673 2.738 2.667 2.452 2.254 
6.250 27.040 0.209 0.816 1.542 1.967 2.327 2.480 2.576 2.633 2.553 2.353 2.146 
6.250 33.160 0.133 0.712 1.435 1.858 2.217 2.372 2.467 2.516 2.423 2.239 2.028 
6.250 41.050 0.053 0.609 1.328 1.748 2.107 2.262 2.355 2.396 2.292 2.123 1.909 
6.250 51.110 -0.025 0.507 1.224 1.640 1.996 2.147 2.237 2.273 2.159 2.003 1.790 
6.250 63.890 -0.085 0.424 1.137 1.550 1.900 2.047 2.132 2.163 2.038 1.895 1.688 
6.250 80.060 -0.145 0.341 1.051 1.460 1.804 1.947 2.027 2.052 1.916 1.787 1.586 
6.250 100.500 -0.205 0.258 0.965 1.369 1.708 1.846 1.922 1.942 1.795 1.679 1.484 
6.250 126.290 -0.263 0.179 0.885 1.281 1.611 1.740 1.809 1.814 1.656 1.556 1.381 
6.250 158.810 -0.320 0.101 0.806 1.195 1.513 1.632 1.692 1.680 1.509 1.428 1.278 
6.250 199.780 -0.375 0.023 0.727 1.109 1.416 1.524 1.575 1.545 1.363 1.300 1.175 
6.250 251.390 -0.438 -0.062 0.644 1.016 1.308 1.402 1.441 1.392 1.197 1.154 1.060 
6.250 316.390 -0.515 -0.161 0.551 0.909 1.181 1.253 1.275 1.200 0.993 0.972 0.925 
6.250 398.240 -0.593 -0.259 0.458 0.803 1.054 1.104 1.108 1.009 0.790 0.790 0.789 
6.250 501.290 -0.669 -0.358 0.364 0.697 0.926 0.955 0.942 0.817 0.586 0.608 0.653 
6.250 631.040 -0.771 -0.481 0.267 0.612 0.849 0.880 0.868 0.738 0.498 0.521 0.531 
6.250 794.390 -0.874 -0.606 0.169 0.527 0.774 0.808 0.797 0.664 0.415 0.437 0.409 
6.500 10.050 0.819 1.544 2.242 2.643 2.977 3.101 3.186 3.263 3.217 2.905 2.850 
6.500 10.080 0.819 1.544 2.242 2.643 2.977 3.101 3.186 3.263 3.217 2.905 2.850 
6.500 10.120 0.819 1.544 2.242 2.643 2.977 3.101 3.186 3.263 3.217 2.905 2.850 
6.500 10.200 0.819 1.544 2.242 2.643 2.977 3.101 3.186 3.263 3.217 2.905 2.850 
6.500 10.310 0.819 1.544 2.242 2.643 2.977 3.101 3.186 3.263 3.217 2.905 2.850 
6.500 10.490 0.819 1.544 2.242 2.643 2.977 3.101 3.186 3.263 3.217 2.905 2.850 
6.500 10.760 0.819 1.544 2.242 2.643 2.977 3.101 3.186 3.263 3.217 2.905 2.850 
6.500 11.180 0.808 1.533 2.231 2.632 2.966 3.090 3.175 3.251 3.206 2.897 2.837 
6.500 11.820 0.765 1.490 2.186 2.587 2.920 3.043 3.128 3.203 3.156 2.862 2.786 
6.500 12.770 0.722 1.448 2.142 2.542 2.874 2.997 3.080 3.154 3.107 2.827 2.735 
6.500 14.140 0.702 1.405 2.097 2.497 2.828 2.952 3.035 3.107 3.058 2.794 2.684 
6.500 16.080 0.654 1.323 2.013 2.412 2.743 2.869 2.952 3.019 2.964 2.716 2.592 
6.500 18.740 0.598 1.234 1.922 2.320 2.651 2.780 2.863 2.925 2.862 2.630 2.492 
6.500 22.320 0.538 1.146 1.831 2.228 2.559 2.691 2.774 2.830 2.761 2.544 2.392 
6.500 27.040 0.469 1.050 1.732 2.128 2.459 2.592 2.675 2.725 2.646 2.445 2.284 
6.500 33.160 0.390 0.946 1.626 2.019 2.349 2.484 2.567 2.608 2.517 2.333 2.166 
6.500 41.050 0.309 0.841 1.519 1.909 2.239 2.375 2.458 2.490 2.388 2.220 2.049 
6.500 51.110 0.228 0.739 1.414 1.801 2.130 2.264 2.346 2.371 2.258 2.106 1.932 
6.500 63.890 0.166 0.656 1.328 1.711 2.034 2.164 2.241 2.261 2.137 1.998 1.831 
6.500 80.060 0.101 0.572 1.242 1.620 1.938 2.064 2.136 2.151 2.017 1.891 1.730 
6.500 100.500 0.040 0.488 1.156 1.530 1.842 1.963 2.031 2.041 1.897 1.784 1.629 
6.500 126.290 -0.021 0.410 1.076 1.444 1.747 1.859 1.919 1.916 1.760 1.665 1.529 
6.500 158.810 -0.077 0.333 1.000 1.360 1.651 1.753 1.804 1.785 1.617 1.540 1.429 
6.500 199.780 -0.135 0.256 0.923 1.275 1.556 1.646 1.689 1.654 1.474 1.416 1.329 
6.500 251.390 -0.201 0.173 0.842 1.184 1.450 1.526 1.558 1.503 1.312 1.273 1.218 
6.500 316.390 -0.279 0.076 0.751 1.080 1.325 1.379 1.394 1.315 1.113 1.095 1.086 
6.500 398.240 -0.356 -0.021 0.659 0.977 1.200 1.232 1.230 1.127 0.913 0.917 0.955 
6.500 501.290 -0.435 -0.118 0.568 0.873 1.074 1.085 1.066 0.939 0.714 0.739 0.823 
6.500 631.040 -0.532 -0.233 0.478 0.793 1.002 1.015 0.996 0.865 0.631 0.657 0.707 
6.500 794.390 -0.629 -0.349 0.388 0.715 0.933 0.948 0.931 0.795 0.552 0.578 0.591 
6.750 10.050 1.047 1.721 2.367 2.741 3.057 3.171 3.248 3.315 3.267 2.955 2.942 
6.750 10.080 1.047 1.721 2.367 2.741 3.057 3.171 3.248 3.315 3.267 2.955 2.942 
6.750 10.120 1.047 1.721 2.367 2.741 3.057 3.171 3.248 3.315 3.267 2.955 2.942 
6.750 10.200 1.047 1.721 2.367 2.741 3.057 3.171 3.248 3.315 3.267 2.955 2.942 
6.750 10.310 1.047 1.721 2.367 2.741 3.057 3.171 3.248 3.315 3.267 2.955 2.942 
6.750 10.490 1.047 1.721 2.367 2.741 3.057 3.171 3.248 3.315 3.267 2.955 2.942 
6.750 10.760 1.047 1.721 2.367 2.741 3.057 3.171 3.248 3.315 3.267 2.955 2.942 
6.750 11.180 1.042 1.715 2.361 2.735 3.051 3.165 3.242 3.309 3.260 2.951 2.935 
6.750 11.820 1.018 1.691 2.336 2.710 3.025 3.139 3.216 3.282 3.233 2.932 2.907 
6.750 12.770 0.994 1.667 2.312 2.685 2.999 3.114 3.190 3.255 3.205 2.914 2.879 
6.750 14.140 0.970 1.643 2.287 2.661 2.974 3.088 3.163 3.228 3.178 2.895 2.851 
6.750 16.080 0.898 1.559 2.201 2.574 2.884 2.998 3.072 3.135 3.080 2.815 2.754 
6.750 18.740 0.843 1.465 2.105 2.477 2.787 2.902 2.977 3.036 2.975 2.730 2.648 
6.750 22.320 0.782 1.370 2.009 2.380 2.690 2.807 2.883 2.937 2.870 2.645 2.543 
6.750 27.040 0.706 1.269 1.906 2.275 2.585 2.704 2.780 2.827 2.752 2.546 2.430 
6.750 33.160 0.623 1.160 1.795 2.161 2.471 2.591 2.667 2.707 2.620 2.431 2.309 
6.750 41.050 0.536 1.052 1.684 2.048 2.356 2.478 2.554 2.586 2.487 2.316 2.187 
6.750 51.110 0.449 0.945 1.576 1.936 2.244 2.367 2.442 2.467 2.356 2.202 2.068 
6.750 63.890 0.382 0.859 1.488 1.844 2.147 2.267 2.339 2.357 2.235 2.097 1.967 
6.750 80.060 0.313 0.772 1.400 1.752 2.050 2.164 2.232 2.246 2.113 1.988 1.865 
6.750 100.500 0.245 0.686 1.312 1.659 1.952 2.061 2.125 2.134 1.991 1.880 1.762 
6.750 126.290 0.183 0.607 1.233 1.574 1.857 1.957 2.013 2.010 1.856 1.762 1.664 
6.750 158.810 0.125 0.531 1.158 1.492 1.763 1.853 1.900 1.882 1.716 1.641 1.567 
6.750 199.780 0.064 0.456 1.083 1.409 1.670 1.748 1.788 1.754 1.577 1.520 1.470 
6.750 251.390 -0.002 0.373 1.003 1.320 1.566 1.630 1.658 1.606 1.418 1.381 1.363 
6.750 316.390 -0.082 0.277 0.913 1.218 1.442 1.485 1.497 1.421 1.223 1.207 1.235 
6.750 398.240 -0.160 0.182 0.824 1.116 1.319 1.340 1.335 1.236 1.027 1.033 1.106 
6.750 501.290 -0.241 0.086 0.735 1.014 1.196 1.194 1.173 1.051 0.832 0.859 0.978 
6.750 631.040 -0.333 -0.022 0.651 0.940 1.128 1.128 1.108 0.981 0.753 0.781 0.867 
6.750 794.390 -0.425 -0.130 0.567 0.867 1.063 1.065 1.046 0.916 0.679 0.707 0.758 
7.000 10.050 1.272 1.898 2.493 2.840 3.137 3.242 3.311 3.368 3.316 3.006 3.035 
7.000 10.080 1.272 1.898 2.493 2.840 3.137 3.242 3.311 3.368 3.316 3.006 3.035 
7.000 10.120 1.272 1.898 2.493 2.840 3.137 3.242 3.311 3.368 3.316 3.006 3.035 
7.000 10.200 1.272 1.898 2.493 2.840 3.137 3.242 3.311 3.368 3.316 3.006 3.035 
7.000 10.310 1.272 1.898 2.493 2.840 3.137 3.242 3.311 3.368 3.316 3.006 3.035 
7.000 10.490 1.272 1.898 2.493 2.840 3.137 3.242 3.311 3.368 3.316 3.006 3.035 
7.000 10.760 1.272 1.898 2.493 2.840 3.137 3.242 3.311 3.368 3.316 3.006 3.035 
7.000 11.180 1.271 1.896 2.491 2.838 3.136 3.241 3.310 3.367 3.315 3.005 3.033 
7.000 11.820 1.266 1.892 2.487 2.834 3.130 3.236 3.304 3.361 3.309 3.003 3.028 
7.000 12.770 1.262 1.887 2.482 2.829 3.125 3.230 3.299 3.356 3.304 3.001 3.023 
7.000 14.140 1.257 1.882 2.477 2.824 3.120 3.225 3.294 3.351 3.298 2.998 3.017 
7.000 16.080 1.170 1.795 2.389 2.736 3.029 3.133 3.201 3.257 3.201 2.921 2.919 
7.000 18.740 1.072 1.695 2.288 2.634 2.924 3.026 3.093 3.148 3.089 2.831 2.805 
7.000 22.320 1.011 1.595 2.187 2.532 2.820 2.924 2.992 3.044 2.980 2.746 2.694 
7.000 27.040 0.936 1.488 2.080 2.422 2.710 2.815 2.883 2.930 2.859 2.646 2.576 
7.000 33.160 0.848 1.375 1.965 2.304 2.592 2.698 2.766 2.806 2.722 2.529 2.451 
7.000 41.050 0.756 1.262 1.850 2.187 2.474 2.581 2.649 2.681 2.586 2.411 2.325 
7.000 51.110 0.665 1.151 1.738 2.071 2.357 2.466 2.534 2.559 2.451 2.296 2.203 
7.000 63.890 0.594 1.062 1.648 1.977 2.260 2.367 2.433 2.451 2.332 2.193 2.102 
7.000 80.060 0.521 0.973 1.558 1.883 2.161 2.264 2.327 2.340 2.209 2.085 1.999 
7.000 100.500 0.446 0.884 1.469 1.789 2.061 2.159 2.218 2.226 2.085 1.976 1.896 
7.000 126.290 0.383 0.805 1.391 1.704 1.967 2.055 2.108 2.104 1.952 1.860 1.799 
7.000 158.810 0.321 0.730 1.316 1.624 1.875 1.953 1.997 1.979 1.816 1.742 1.706 
7.000 199.780 0.260 0.655 1.242 1.543 1.783 1.850 1.886 1.853 1.680 1.624 1.612 
7.000 251.390 0.192 0.574 1.164 1.455 1.681 1.734 1.758 1.709 1.525 1.489 1.507 
7.000 316.390 0.111 0.479 1.076 1.356 1.560 1.590 1.599 1.527 1.333 1.319 1.383 
7.000 398.240 0.031 0.385 0.989 1.256 1.438 1.447 1.440 1.345 1.141 1.149 1.258 
7.000 501.290 -0.051 0.290 0.901 1.156 1.317 1.303 1.281 1.164 0.950 0.979 1.133 
7.000 631.040 -0.139 0.190 0.823 1.086 1.254 1.241 1.219 1.098 0.875 0.905 1.028 
7.000 794.390 -0.227 0.089 0.745 1.019 1.194 1.182 1.161 1.037 0.805 0.836 0.924 
7.250 10.050 1.454 2.038 2.584 2.907 3.192 3.293 3.357 3.413 3.359 3.044 3.114 
7.250 10.080 1.454 2.038 2.584 2.907 3.192 3.293 3.357 3.413 3.359 3.044 3.114 
7.250 10.120 1.454 2.038 2.584 2.907 3.192 3.293 3.357 3.413 3.359 3.044 3.114 
7.250 10.200 1.454 2.038 2.584 2.907 3.192 3.293 3.357 3.413 3.359 3.044 3.114 
7.250 10.310 1.454 2.038 2.584 2.907 3.192 3.293 3.357 3.413 3.359 3.044 3.114 
7.250 10.490 1.454 2.038 2.584 2.907 3.192 3.293 3.357 3.413 3.359 3.044 3.114 
7.250 10.760 1.454 2.038 2.584 2.907 3.192 3.293 3.357 3.413 3.359 3.044 3.114 
7.250 11.180 1.454 2.037 2.583 2.907 3.191 3.293 3.357 3.412 3.358 3.044 3.114 
7.250 11.820 1.451 2.035 2.581 2.904 3.189 3.290 3.354 3.410 3.356 3.043 3.111 
7.250 12.770 1.449 2.032 2.578 2.902 3.186 3.288 3.351 3.407 3.353 3.042 3.108 
7.250 14.140 1.447 2.030 2.576 2.899 3.183 3.285 3.349 3.404 3.350 3.041 3.106 
7.250 16.080 1.386 1.970 2.516 2.838 3.120 3.220 3.284 3.339 3.283 2.990 3.037 
7.250 18.740 1.316 1.900 2.446 2.768 3.046 3.146 3.209 3.264 3.206 2.931 2.958 
7.250 22.320 1.247 1.830 2.376 2.697 2.973 3.071 3.133 3.188 3.128 2.873 2.879 
7.250 27.040 1.177 1.731 2.277 2.596 2.869 2.966 3.028 3.080 3.015 2.779 2.768 
7.250 33.160 1.079 1.601 2.146 2.462 2.734 2.832 2.895 2.941 2.863 2.651 2.626 
7.250 41.050 0.971 1.470 2.015 2.328 2.599 2.698 2.762 2.802 2.712 2.524 2.483 
7.250 51.110 0.862 1.343 1.887 2.197 2.466 2.567 2.632 2.665 2.563 2.398 2.344 
7.250 63.890 0.781 1.246 1.791 2.096 2.362 2.461 2.524 2.551 2.436 2.290 2.237 
7.250 80.060 0.698 1.150 1.694 1.995 2.258 2.355 2.417 2.436 2.310 2.181 2.130 
7.250 100.500 0.614 1.053 1.597 1.894 2.151 2.244 2.303 2.317 2.179 2.067 2.020 
7.250 126.290 0.545 0.972 1.517 1.808 2.055 2.139 2.191 2.195 2.046 1.952 1.924 
7.250 158.810 0.482 0.898 1.444 1.729 1.965 2.038 2.082 2.072 1.913 1.837 1.833 
7.250 199.780 0.419 0.823 1.372 1.649 1.874 1.937 1.972 1.949 1.780 1.722 1.742 
7.250 251.390 0.348 0.742 1.294 1.563 1.774 1.822 1.846 1.808 1.628 1.589 1.640 
7.250 316.390 0.265 0.648 1.208 1.465 1.654 1.679 1.689 1.628 1.439 1.423 1.519 
7.250 398.240 0.183 0.555 1.122 1.366 1.534 1.537 1.531 1.450 1.251 1.256 1.397 
7.250 501.290 0.098 0.461 1.035 1.268 1.414 1.395 1.374 1.271 1.062 1.090 1.276 
7.250 631.040 0.014 0.367 0.962 1.203 1.355 1.336 1.315 1.208 0.992 1.020 1.176 
7.250 794.390 -0.069 0.273 0.889 1.139 1.298 1.281 1.261 1.151 0.927 0.955 1.077 
7.500 10.050 1.631 2.178 2.675 2.975 3.247 3.345 3.404 3.458 3.402 3.083 3.194 
7.500 10.080 1.631 2.178 2.675 2.975 3.247 3.345 3.404 3.458 3.402 3.083 3.194 
7.500 10.120 1.631 2.178 2.675 2.975 3.247 3.345 3.404 3.458 3.402 3.083 3.194 
7.500 10.200 1.631 2.178 2.675 2.975 3.247 3.345 3.404 3.458 3.402 3.083 3.194 
7.500 10.310 1.631 2.178 2.675 2.975 3.247 3.345 3.404 3.458 3.402 3.083 3.194 
7.500 10.490 1.631 2.178 2.675 2.975 3.247 3.345 3.404 3.458 3.402 3.083 3.194 
7.500 10.760 1.631 2.178 2.675 2.975 3.247 3.345 3.404 3.458 3.402 3.083 3.194 
7.500 11.180 1.631 2.178 2.675 2.975 3.247 3.345 3.404 3.458 3.402 3.083 3.194 
7.500 11.820 1.631 2.178 2.675 2.975 3.247 3.345 3.404 3.458 3.402 3.083 3.194 
7.500 12.770 1.631 2.178 2.675 2.975 3.247 3.345 3.404 3.458 3.402 3.083 3.194 
7.500 14.140 1.631 2.178 2.675 2.975 3.247 3.345 3.404 3.458 3.402 3.083 3.194 
7.500 16.080 1.597 2.144 2.642 2.941 3.211 3.308 3.367 3.422 3.365 3.059 3.155 
7.500 18.740 1.558 2.104 2.603 2.901 3.169 3.266 3.324 3.379 3.323 3.032 3.111 
7.500 22.320 1.518 2.065 2.565 2.862 3.128 3.223 3.281 3.337 3.281 3.004 3.066 
7.500 27.040 1.427 1.974 2.474 2.770 3.031 3.124 3.181 3.237 3.175 2.919 2.964 
7.500 33.160 1.291 1.826 2.327 2.620 2.876 2.967 3.024 3.076 3.004 2.774 2.801 
7.500 41.050 1.177 1.678 2.180 2.470 2.723 2.816 2.875 2.922 2.838 2.636 2.641 
7.500 51.110 1.055 1.535 2.037 2.324 2.575 2.668 2.729 2.771 2.675 2.500 2.486 
7.500 63.890 0.964 1.431 1.933 2.215 2.464 2.555 2.615 2.650 2.541 2.386 2.372 
7.500 80.060 0.872 1.327 1.829 2.107 2.352 2.442 2.501 2.529 2.407 2.272 2.258 
7.500 100.500 0.778 1.223 1.725 1.999 2.240 2.329 2.387 2.408 2.273 2.158 2.144 
7.500 126.290 0.704 1.140 1.644 1.912 2.144 2.223 2.275 2.286 2.140 2.044 2.048 
7.500 158.810 0.638 1.065 1.572 1.834 2.055 2.123 2.167 2.166 2.010 1.931 1.960 
7.500 199.780 0.573 0.991 1.501 1.755 1.966 2.023 2.059 2.046 1.880 1.819 1.871 
7.500 251.390 0.500 0.910 1.425 1.671 1.867 1.909 1.935 1.906 1.731 1.690 1.773 
7.500 316.390 0.414 0.818 1.340 1.574 1.749 1.769 1.779 1.730 1.546 1.527 1.655 
7.500 398.240 0.329 0.725 1.254 1.477 1.630 1.628 1.623 1.554 1.360 1.364 1.537 
7.500 501.290 0.244 0.632 1.169 1.381 1.512 1.487 1.467 1.377 1.175 1.201 1.419 
7.500 631.040 0.163 0.544 1.101 1.320 1.456 1.432 1.412 1.319 1.109 1.135 1.324 
7.500 794.390 0.082 0.456 1.033 1.260 1.403 1.380 1.361 1.266 1.048 1.074 1.231 
7.750 10.050 1.758 2.273 2.730 3.012 3.276 3.376 3.433 3.488 3.430 3.105 3.251 
7.750 10.080 1.758 2.273 2.730 3.012 3.276 3.376 3.433 3.488 3.430 3.105 3.251 
7.750 10.120 1.758 2.273 2.730 3.012 3.276 3.376 3.433 3.488 3.430 3.105 3.251 
7.750 10.200 1.758 2.273 2.730 3.012 3.276 3.376 3.433 3.488 3.430 3.105 3.251 
7.750 10.310 1.758 2.273 2.730 3.012 3.276 3.376 3.433 3.488 3.430 3.105 3.251 
7.750 10.490 1.758 2.273 2.730 3.012 3.276 3.376 3.433 3.488 3.430 3.105 3.251 
7.750 10.760 1.758 2.273 2.730 3.012 3.276 3.376 3.433 3.488 3.430 3.105 3.251 
7.750 11.180 1.758 2.273 2.730 3.012 3.276 3.376 3.433 3.488 3.430 3.105 3.251 
7.750 11.820 1.758 2.273 2.730 3.012 3.276 3.376 3.433 3.488 3.430 3.105 3.251 
7.750 12.770 1.758 2.273 2.730 3.012 3.276 3.376 3.433 3.488 3.430 3.105 3.251 
7.750 14.140 1.758 2.273 2.730 3.012 3.276 3.376 3.433 3.488 3.430 3.105 3.251 
7.750 16.080 1.741 2.256 2.713 2.995 3.259 3.358 3.414 3.470 3.412 3.093 3.232 
7.750 18.740 1.722 2.237 2.694 2.975 3.238 3.336 3.393 3.449 3.391 3.079 3.210 
7.750 22.320 1.702 2.217 2.675 2.955 3.217 3.315 3.372 3.427 3.370 3.066 3.187 
7.750 27.040 1.631 2.145 2.604 2.883 3.141 3.237 3.293 3.350 3.289 3.002 3.107 
7.750 33.160 1.503 2.018 2.479 2.755 3.006 3.098 3.154 3.211 3.143 2.885 2.965 
7.750 41.050 1.375 1.890 2.353 2.627 2.872 2.962 3.018 3.075 3.000 2.771 2.824 
7.750 51.110 1.276 1.763 2.228 2.498 2.740 2.829 2.888 2.942 2.858 2.659 2.685 
7.750 63.890 1.162 1.633 2.099 2.364 2.603 2.691 2.749 2.797 2.698 2.524 2.546 
7.750 80.060 1.042 1.503 1.970 2.231 2.465 2.552 2.611 2.651 2.538 2.389 2.407 
7.750 100.500 0.918 1.373 1.842 2.097 2.328 2.414 2.472 2.506 2.377 2.253 2.268 
7.750 126.290 0.835 1.283 1.754 2.004 2.227 2.306 2.360 2.383 2.243 2.140 2.168 
7.750 158.810 0.764 1.207 1.682 1.925 2.138 2.206 2.253 2.264 2.114 2.029 2.081 
7.750 199.780 0.694 1.131 1.609 1.847 2.048 2.106 2.145 2.146 1.985 1.919 1.993 
7.750 251.390 0.617 1.050 1.533 1.762 1.950 1.992 2.021 2.008 1.837 1.792 1.897 
7.750 316.390 0.529 0.957 1.448 1.666 1.831 1.852 1.866 1.832 1.654 1.631 1.781 
7.750 398.240 0.440 0.864 1.363 1.570 1.713 1.711 1.710 1.657 1.470 1.470 1.665 
7.750 501.290 0.352 0.771 1.279 1.473 1.595 1.570 1.555 1.482 1.287 1.309 1.550 
7.750 631.040 0.274 0.688 1.214 1.416 1.542 1.518 1.503 1.428 1.224 1.248 1.460 
7.750 794.390 0.195 0.605 1.150 1.360 1.492 1.469 1.455 1.378 1.167 1.190 1.371 
8.000 10.050 1.880 2.369 2.785 3.049 3.306 3.407 3.462 3.518 3.459 3.127 3.309 
8.000 10.080 1.880 2.369 2.785 3.049 3.306 3.407 3.462 3.518 3.459 3.127 3.309 
8.000 10.120 1.880 2.369 2.785 3.049 3.306 3.407 3.462 3.518 3.459 3.127 3.309 
8.000 10.200 1.880 2.369 2.785 3.049 3.306 3.407 3.462 3.518 3.459 3.127 3.309 
8.000 10.310 1.880 2.369 2.785 3.049 3.306 3.407 3.462 3.518 3.459 3.127 3.309 
8.000 10.490 1.880 2.369 2.785 3.049 3.306 3.407 3.462 3.518 3.459 3.127 3.309 
8.000 10.760 1.880 2.369 2.785 3.049 3.306 3.407 3.462 3.518 3.459 3.127 3.309 
8.000 11.180 1.880 2.369 2.785 3.049 3.306 3.407 3.462 3.518 3.459 3.127 3.309 
8.000 11.820 1.880 2.369 2.785 3.049 3.306 3.407 3.462 3.518 3.459 3.127 3.309 
8.000 12.770 1.880 2.369 2.785 3.049 3.306 3.407 3.462 3.518 3.459 3.127 3.309 
8.000 14.140 1.880 2.369 2.785 3.049 3.306 3.407 3.462 3.518 3.459 3.127 3.309 
8.000 16.080 1.880 2.369 2.785 3.049 3.306 3.407 3.462 3.518 3.459 3.127 3.309 
8.000 18.740 1.880 2.369 2.785 3.049 3.306 3.407 3.462 3.518 3.459 3.127 3.309 
8.000 22.320 1.880 2.369 2.785 3.049 3.306 3.407 3.462 3.518 3.459 3.127 3.309 
8.000 27.040 1.829 2.317 2.735 2.997 3.251 3.350 3.405 3.463 3.403 3.085 3.251 
8.000 33.160 1.721 2.210 2.631 2.890 3.137 3.232 3.288 3.349 3.285 2.999 3.130 
8.000 41.050 1.614 2.102 2.527 2.784 3.023 3.114 3.170 3.234 3.167 2.912 3.010 
8.000 51.110 1.502 1.990 2.418 2.672 2.904 2.990 3.047 3.113 3.041 2.817 2.885 
8.000 63.890 1.358 1.835 2.265 2.513 2.741 2.826 2.883 2.943 2.854 2.661 2.720 
8.000 80.060 1.209 1.679 2.112 2.354 2.579 2.662 2.720 2.773 2.668 2.505 2.555 
8.000 100.500 1.058 1.524 1.959 2.196 2.416 2.498 2.557 2.603 2.482 2.349 2.391 
8.000 126.290 0.963 1.425 1.863 2.095 2.308 2.384 2.440 2.476 2.341 2.231 2.285 
8.000 158.810 0.889 1.348 1.790 2.017 2.220 2.289 2.339 2.363 2.217 2.127 2.201 
8.000 199.780 0.811 1.271 1.718 1.938 2.131 2.188 2.232 2.246 2.090 2.019 2.115 
8.000 251.390 0.732 1.189 1.641 1.854 2.032 2.075 2.108 2.109 1.944 1.893 2.020 
8.000 316.390 0.639 1.096 1.557 1.758 1.914 1.934 1.953 1.935 1.762 1.735 1.907 
8.000 398.240 0.547 1.003 1.472 1.662 1.797 1.794 1.798 1.761 1.580 1.576 1.794 
8.000 501.290 0.456 0.909 1.388 1.566 1.679 1.654 1.643 1.586 1.398 1.418 1.680 
8.000 631.040 0.379 0.831 1.327 1.512 1.629 1.604 1.594 1.536 1.340 1.360 1.595 
8.000 794.390 0.303 0.753 1.268 1.459 1.582 1.559 1.550 1.490 1.287 1.307 1.512 
