CanadaSHM5_AA13_stablecrust_high , distance is rhypo. Log10 ground motion values in cgs units
          15 30 11 : nmag, ndist, nperiod
          10.000 5.000 2.000 1.000 0.500 0.300 0.200 0.100 0.050 PGA PGV 
          0.620 0.620 0.620 0.620 0.580 0.540 0.530 0.530 0.530 0.530 0.620
4.500 10.050 -1.866 -0.588 0.601 1.306 1.939 2.265 2.565 2.877 2.886 2.616 2.050 
4.500 10.080 -1.876 -0.598 0.584 1.290 1.925 2.254 2.551 2.857 2.862 2.599 2.031 
4.500 10.120 -1.884 -0.609 0.568 1.275 1.911 2.242 2.537 2.837 2.838 2.582 2.011 
4.500 10.200 -1.884 -0.619 0.552 1.259 1.897 2.230 2.522 2.816 2.813 2.565 1.991 
4.500 10.310 -1.897 -0.643 0.517 1.226 1.868 2.205 2.494 2.777 2.769 2.529 1.950 
4.500 10.490 -1.901 -0.674 0.472 1.184 1.830 2.172 2.457 2.726 2.711 2.481 1.895 
4.500 10.760 -1.908 -0.706 0.427 1.141 1.793 2.140 2.420 2.675 2.653 2.434 1.840 
4.500 11.180 -1.922 -0.745 0.376 1.091 1.748 2.100 2.376 2.618 2.591 2.379 1.778 
4.500 11.820 -1.952 -0.808 0.306 1.022 1.683 2.038 2.310 2.542 2.511 2.302 1.690 
4.500 12.770 -1.977 -0.871 0.235 0.953 1.618 1.976 2.244 2.465 2.431 2.225 1.603 
4.500 14.140 -2.003 -0.935 0.164 0.882 1.552 1.914 2.178 2.388 2.351 2.148 1.515 
4.500 16.080 -2.056 -1.028 0.069 0.782 1.451 1.811 2.074 2.278 2.244 2.036 1.396 
4.500 18.740 -2.114 -1.127 -0.031 0.677 1.344 1.701 1.962 2.161 2.131 1.917 1.270 
4.500 22.320 -2.173 -1.226 -0.132 0.570 1.236 1.591 1.850 2.044 2.018 1.798 1.144 
4.500 27.040 -2.244 -1.339 -0.248 0.448 1.111 1.463 1.720 1.909 1.884 1.660 1.002 
4.500 33.160 -2.330 -1.466 -0.380 0.309 0.967 1.316 1.569 1.754 1.726 1.500 0.845 
4.500 41.050 -2.416 -1.594 -0.513 0.169 0.821 1.168 1.416 1.597 1.567 1.338 0.685 
4.500 51.110 -2.504 -1.723 -0.648 0.028 0.676 1.020 1.264 1.441 1.407 1.177 0.527 
4.500 63.890 -2.576 -1.835 -0.771 -0.094 0.550 0.896 1.132 1.300 1.248 1.028 0.390 
4.500 80.060 -2.649 -1.950 -0.897 -0.219 0.421 0.769 0.997 1.156 1.086 0.875 0.249 
4.500 100.500 -2.726 -2.069 -1.028 -0.348 0.287 0.637 0.857 1.008 0.919 0.718 0.105 
4.500 126.290 -2.774 -2.157 -1.128 -0.446 0.182 0.530 0.738 0.869 0.762 0.579 -0.014 
4.500 158.810 -2.816 -2.241 -1.225 -0.539 0.080 0.424 0.619 0.724 0.599 0.438 -0.131 
4.500 199.780 -2.857 -2.324 -1.322 -0.633 -0.021 0.318 0.501 0.580 0.437 0.297 -0.248 
4.500 251.390 -2.909 -2.416 -1.425 -0.736 -0.137 0.194 0.361 0.412 0.254 0.136 -0.380 
4.500 316.390 -2.976 -2.525 -1.537 -0.857 -0.277 0.033 0.181 0.198 0.029 -0.066 -0.541 
4.500 398.240 -3.044 -2.634 -1.650 -0.978 -0.418 -0.128 0.001 -0.015 -0.196 -0.269 -0.701 
4.500 501.290 -3.111 -2.743 -1.762 -1.099 -0.559 -0.289 -0.180 -0.229 -0.421 -0.471 -0.862 
4.500 631.040 -3.268 -2.940 -1.924 -1.238 -0.679 -0.400 -0.288 -0.342 -0.542 -0.592 -1.030 
4.500 794.390 -3.427 -3.141 -2.088 -1.377 -0.798 -0.509 -0.393 -0.450 -0.660 -0.711 -1.197 
4.750 10.050 -1.463 -0.278 0.833 1.475 2.065 2.375 2.649 2.940 2.959 2.683 2.168 
4.750 10.080 -1.473 -0.287 0.819 1.462 2.054 2.366 2.637 2.922 2.939 2.668 2.151 
4.750 10.120 -1.482 -0.296 0.805 1.449 2.043 2.356 2.625 2.904 2.919 2.653 2.134 
4.750 10.200 -1.483 -0.306 0.792 1.437 2.032 2.347 2.613 2.886 2.898 2.638 2.117 
4.750 10.310 -1.495 -0.329 0.761 1.408 2.006 2.325 2.588 2.849 2.858 2.605 2.079 
4.750 10.490 -1.504 -0.361 0.720 1.370 1.973 2.295 2.553 2.800 2.806 2.561 2.028 
4.750 10.760 -1.510 -0.393 0.678 1.332 1.939 2.265 2.519 2.751 2.754 2.517 1.977 
4.750 11.180 -1.525 -0.431 0.631 1.287 1.899 2.228 2.477 2.696 2.696 2.465 1.918 
4.750 11.820 -1.554 -0.491 0.565 1.223 1.837 2.168 2.414 2.623 2.621 2.392 1.835 
4.750 12.770 -1.578 -0.551 0.499 1.158 1.776 2.108 2.351 2.549 2.545 2.318 1.752 
4.750 14.140 -1.603 -0.611 0.432 1.093 1.714 2.048 2.287 2.475 2.468 2.243 1.669 
4.750 16.080 -1.651 -0.698 0.341 0.997 1.617 1.948 2.187 2.370 2.364 2.136 1.555 
4.750 18.740 -1.704 -0.789 0.245 0.896 1.513 1.841 2.079 2.261 2.255 2.023 1.436 
4.750 22.320 -1.758 -0.881 0.148 0.794 1.408 1.733 1.971 2.150 2.145 1.910 1.316 
4.750 27.040 -1.824 -0.986 0.037 0.676 1.286 1.608 1.845 2.022 2.016 1.779 1.182 
4.750 33.160 -1.906 -1.105 -0.091 0.541 1.145 1.466 1.700 1.874 1.864 1.628 1.033 
4.750 41.050 -1.987 -1.226 -0.220 0.404 1.003 1.321 1.553 1.725 1.711 1.476 0.882 
4.750 51.110 -2.069 -1.347 -0.350 0.268 0.861 1.178 1.406 1.576 1.556 1.323 0.731 
4.750 63.890 -2.142 -1.458 -0.471 0.150 0.739 1.058 1.277 1.438 1.400 1.178 0.600 
4.750 80.060 -2.217 -1.573 -0.596 0.028 0.614 0.935 1.146 1.297 1.241 1.030 0.466 
4.750 100.500 -2.298 -1.691 -0.725 -0.097 0.484 0.808 1.009 1.151 1.077 0.878 0.327 
4.750 126.290 -2.353 -1.784 -0.825 -0.191 0.383 0.704 0.892 1.012 0.918 0.738 0.211 
4.750 158.810 -2.405 -1.875 -0.922 -0.281 0.285 0.600 0.775 0.866 0.752 0.594 0.096 
4.750 199.780 -2.458 -1.966 -1.018 -0.371 0.187 0.497 0.657 0.720 0.587 0.451 -0.018 
4.750 251.390 -2.515 -2.064 -1.119 -0.470 0.076 0.375 0.519 0.552 0.401 0.288 -0.148 
4.750 316.390 -2.590 -2.175 -1.229 -0.586 -0.060 0.218 0.342 0.340 0.177 0.086 -0.305 
4.750 398.240 -2.663 -2.287 -1.338 -0.702 -0.197 0.060 0.165 0.129 -0.047 -0.115 -0.462 
4.750 501.290 -2.737 -2.399 -1.448 -0.819 -0.333 -0.097 -0.013 -0.083 -0.271 -0.316 -0.620 
4.750 631.040 -2.883 -2.584 -1.599 -0.947 -0.445 -0.201 -0.114 -0.190 -0.388 -0.432 -0.778 
4.750 794.390 -3.033 -2.772 -1.751 -1.076 -0.555 -0.303 -0.214 -0.293 -0.499 -0.545 -0.937 
5.000 10.050 -1.065 0.033 1.065 1.644 2.191 2.484 2.733 3.003 3.032 2.749 2.285 
5.000 10.080 -1.074 0.024 1.054 1.634 2.183 2.478 2.724 2.987 3.016 2.737 2.271 
5.000 10.120 -1.082 0.016 1.043 1.624 2.175 2.471 2.714 2.971 3.000 2.725 2.257 
5.000 10.200 -1.090 0.007 1.032 1.615 2.166 2.464 2.705 2.955 2.983 2.712 2.242 
5.000 10.310 -1.099 -0.016 1.004 1.590 2.145 2.445 2.681 2.920 2.948 2.682 2.208 
5.000 10.490 -1.115 -0.048 0.967 1.557 2.115 2.417 2.650 2.874 2.902 2.641 2.160 
5.000 10.760 -1.120 -0.079 0.929 1.523 2.085 2.390 2.618 2.827 2.855 2.600 2.113 
5.000 11.180 -1.133 -0.117 0.886 1.483 2.049 2.356 2.579 2.774 2.802 2.552 2.058 
5.000 11.820 -1.163 -0.174 0.824 1.423 1.992 2.298 2.518 2.703 2.730 2.481 1.980 
5.000 12.770 -1.185 -0.230 0.762 1.363 1.934 2.241 2.458 2.632 2.658 2.410 1.901 
5.000 14.140 -1.208 -0.287 0.700 1.303 1.876 2.182 2.396 2.561 2.585 2.338 1.822 
5.000 16.080 -1.253 -0.367 0.613 1.212 1.782 2.085 2.299 2.463 2.485 2.237 1.715 
5.000 18.740 -1.300 -0.451 0.521 1.115 1.681 1.980 2.196 2.360 2.379 2.129 1.602 
5.000 22.320 -1.349 -0.536 0.429 1.017 1.579 1.875 2.092 2.255 2.273 2.022 1.489 
5.000 27.040 -1.411 -0.634 0.321 0.903 1.461 1.754 1.971 2.135 2.147 1.897 1.362 
5.000 33.160 -1.486 -0.745 0.198 0.772 1.324 1.615 1.831 1.995 2.002 1.756 1.221 
5.000 41.050 -1.562 -0.858 0.073 0.640 1.185 1.475 1.689 1.853 1.855 1.613 1.078 
5.000 51.110 -1.643 -0.972 -0.053 0.508 1.047 1.336 1.548 1.711 1.706 1.469 0.936 
5.000 63.890 -1.715 -1.082 -0.172 0.393 0.928 1.220 1.423 1.576 1.553 1.328 0.811 
5.000 80.060 -1.791 -1.195 -0.295 0.275 0.807 1.101 1.294 1.437 1.396 1.185 0.682 
5.000 100.500 -1.875 -1.313 -0.422 0.153 0.681 0.978 1.161 1.295 1.236 1.037 0.550 
5.000 126.290 -1.936 -1.411 -0.521 0.063 0.584 0.877 1.046 1.155 1.074 0.896 0.437 
5.000 158.810 -1.997 -1.509 -0.617 -0.023 0.490 0.776 0.930 1.008 0.906 0.750 0.324 
5.000 199.780 -2.060 -1.607 -0.714 -0.108 0.396 0.676 0.814 0.860 0.737 0.605 0.211 
5.000 251.390 -2.131 -1.711 -0.814 -0.203 0.289 0.557 0.678 0.692 0.549 0.440 0.084 
5.000 316.390 -2.209 -1.826 -0.921 -0.315 0.157 0.403 0.504 0.482 0.326 0.239 -0.070 
5.000 398.240 -2.287 -1.941 -1.028 -0.427 0.025 0.249 0.329 0.273 0.102 0.039 -0.223 
5.000 501.290 -2.367 -2.055 -1.134 -0.539 -0.107 0.095 0.155 0.063 -0.122 -0.162 -0.377 
5.000 631.040 -2.504 -2.228 -1.274 -0.657 -0.211 -0.002 0.059 -0.039 -0.233 -0.272 -0.526 
5.000 794.390 -2.644 -2.404 -1.415 -0.775 -0.313 -0.097 -0.034 -0.137 -0.339 -0.379 -0.676 
5.250 10.050 -0.692 0.321 1.286 1.819 2.329 2.601 2.826 3.065 3.095 2.809 2.396 
5.250 10.080 -0.698 0.315 1.279 1.814 2.325 2.598 2.821 3.054 3.085 2.800 2.387 
5.250 10.120 -0.704 0.309 1.272 1.809 2.321 2.595 2.815 3.043 3.074 2.791 2.377 
5.250 10.200 -0.710 0.303 1.265 1.803 2.317 2.591 2.810 3.033 3.064 2.782 2.368 
5.250 10.310 -0.727 0.282 1.242 1.783 2.298 2.573 2.788 3.001 3.032 2.755 2.336 
5.250 10.490 -0.745 0.251 1.207 1.752 2.270 2.547 2.757 2.957 2.989 2.717 2.292 
5.250 10.760 -0.752 0.220 1.173 1.722 2.242 2.520 2.726 2.912 2.945 2.679 2.247 
5.250 11.180 -0.762 0.184 1.132 1.685 2.208 2.486 2.688 2.862 2.895 2.634 2.195 
5.250 11.820 -0.793 0.130 1.073 1.628 2.152 2.429 2.629 2.795 2.827 2.568 2.121 
5.250 12.770 -0.814 0.076 1.014 1.570 2.096 2.373 2.570 2.728 2.758 2.501 2.047 
5.250 14.140 -0.836 0.021 0.954 1.513 2.039 2.315 2.510 2.661 2.689 2.433 1.972 
5.250 16.080 -0.880 -0.056 0.869 1.423 1.946 2.220 2.416 2.567 2.593 2.338 1.871 
5.250 18.740 -0.927 -0.137 0.780 1.327 1.846 2.117 2.316 2.469 2.491 2.238 1.764 
5.250 22.320 -0.974 -0.219 0.689 1.230 1.745 2.014 2.215 2.370 2.389 2.137 1.656 
5.250 27.040 -1.033 -0.312 0.585 1.119 1.628 1.896 2.099 2.256 2.270 2.021 1.537 
5.250 33.160 -1.105 -0.418 0.466 0.992 1.494 1.763 1.966 2.124 2.132 1.889 1.404 
5.250 41.050 -1.180 -0.527 0.344 0.863 1.359 1.628 1.832 1.991 1.992 1.756 1.270 
5.250 51.110 -1.256 -0.636 0.222 0.734 1.224 1.494 1.697 1.856 1.849 1.621 1.135 
5.250 63.890 -1.329 -0.741 0.108 0.623 1.109 1.383 1.577 1.725 1.702 1.487 1.016 
5.250 80.060 -1.404 -0.850 -0.010 0.510 0.991 1.268 1.453 1.592 1.551 1.351 0.894 
5.250 100.500 -1.484 -0.962 -0.131 0.392 0.869 1.149 1.326 1.454 1.396 1.210 0.768 
5.250 126.290 -1.545 -1.057 -0.225 0.307 0.776 1.050 1.211 1.314 1.235 1.069 0.660 
5.250 158.810 -1.608 -1.152 -0.315 0.226 0.686 0.952 1.095 1.165 1.065 0.921 0.550 
5.250 199.780 -1.670 -1.248 -0.406 0.145 0.597 0.853 0.978 1.015 0.894 0.773 0.441 
5.250 251.390 -1.738 -1.349 -0.500 0.055 0.494 0.736 0.842 0.846 0.705 0.607 0.319 
5.250 316.390 -1.818 -1.462 -0.601 -0.051 0.366 0.585 0.669 0.636 0.481 0.405 0.170 
5.250 398.240 -1.898 -1.574 -0.703 -0.158 0.239 0.434 0.496 0.426 0.257 0.204 0.020 
5.250 501.290 -1.978 -1.687 -0.805 -0.265 0.112 0.282 0.323 0.216 0.033 0.002 -0.128 
5.250 631.040 -2.105 -1.847 -0.932 -0.373 0.016 0.192 0.233 0.120 -0.073 -0.103 -0.269 
5.250 794.390 -2.235 -2.009 -1.061 -0.482 -0.078 0.104 0.146 0.028 -0.173 -0.203 -0.409 
5.500 10.050 -0.325 0.609 1.508 1.995 2.467 2.718 2.919 3.126 3.158 2.868 2.507 
5.500 10.080 -0.328 0.606 1.505 1.994 2.467 2.718 2.918 3.121 3.154 2.863 2.502 
5.500 10.120 -0.331 0.603 1.502 1.993 2.467 2.718 2.916 3.115 3.149 2.858 2.498 
5.500 10.200 -0.334 0.600 1.499 1.992 2.467 2.718 2.915 3.109 3.144 2.852 2.493 
5.500 10.310 -0.354 0.580 1.479 1.975 2.451 2.702 2.895 3.082 3.117 2.829 2.465 
5.500 10.490 -0.378 0.550 1.448 1.948 2.425 2.676 2.864 3.040 3.075 2.794 2.423 
5.500 10.760 -0.394 0.520 1.416 1.920 2.400 2.650 2.834 2.998 3.034 2.758 2.381 
5.500 11.180 -0.401 0.485 1.378 1.886 2.367 2.616 2.797 2.951 2.987 2.717 2.332 
5.500 11.820 -0.428 0.433 1.322 1.832 2.312 2.561 2.739 2.887 2.923 2.654 2.263 
5.500 12.770 -0.450 0.381 1.265 1.777 2.257 2.504 2.682 2.824 2.858 2.592 2.193 
5.500 14.140 -0.471 0.329 1.208 1.722 2.202 2.448 2.624 2.760 2.793 2.529 2.123 
5.500 16.080 -0.513 0.255 1.126 1.634 2.110 2.354 2.533 2.672 2.701 2.440 2.026 
5.500 18.740 -0.558 0.178 1.039 1.540 2.011 2.254 2.436 2.579 2.604 2.347 1.926 
5.500 22.320 -0.606 0.099 0.950 1.444 1.911 2.153 2.338 2.485 2.506 2.252 1.824 
5.500 27.040 -0.662 0.009 0.849 1.335 1.796 2.039 2.227 2.377 2.392 2.145 1.711 
5.500 33.160 -0.732 -0.092 0.733 1.211 1.665 1.911 2.101 2.253 2.261 2.022 1.587 
5.500 41.050 -0.802 -0.195 0.616 1.085 1.533 1.782 1.974 2.127 2.128 1.899 1.461 
5.500 51.110 -0.876 -0.300 0.498 0.960 1.400 1.653 1.847 2.000 1.992 1.773 1.334 
5.500 63.890 -0.945 -0.400 0.389 0.854 1.290 1.545 1.731 1.875 1.851 1.646 1.222 
5.500 80.060 -1.019 -0.504 0.276 0.744 1.175 1.435 1.613 1.746 1.706 1.516 1.106 
5.500 100.500 -1.096 -0.612 0.160 0.631 1.057 1.320 1.490 1.613 1.556 1.382 0.986 
5.500 126.290 -1.158 -0.703 0.072 0.550 0.968 1.224 1.377 1.473 1.396 1.242 0.882 
5.500 158.810 -1.221 -0.796 -0.013 0.474 0.882 1.127 1.260 1.321 1.224 1.092 0.777 
5.500 199.780 -1.284 -0.889 -0.098 0.398 0.797 1.030 1.142 1.170 1.051 0.942 0.672 
5.500 251.390 -1.352 -0.988 -0.186 0.313 0.699 0.916 1.007 0.999 0.861 0.774 0.553 
5.500 316.390 -1.433 -1.098 -0.282 0.212 0.576 0.767 0.835 0.789 0.636 0.571 0.409 
5.500 398.240 -1.514 -1.208 -0.378 0.111 0.453 0.619 0.663 0.580 0.412 0.369 0.264 
5.500 501.290 -1.594 -1.319 -0.475 0.009 0.330 0.470 0.491 0.370 0.187 0.166 0.120 
5.500 631.040 -1.711 -1.465 -0.590 -0.089 0.243 0.387 0.407 0.279 0.087 0.067 -0.012 
5.500 794.390 -1.830 -1.613 -0.707 -0.188 0.157 0.306 0.326 0.193 -0.008 -0.028 -0.143 
5.750 10.050 0.001 0.863 1.707 2.159 2.595 2.824 3.006 3.185 3.214 2.919 2.608 
5.750 10.080 -0.001 0.861 1.705 2.158 2.595 2.824 3.006 3.181 3.211 2.915 2.605 
5.750 10.120 -0.003 0.859 1.703 2.157 2.595 2.824 3.004 3.177 3.207 2.910 2.601 
5.750 10.200 -0.005 0.857 1.701 2.157 2.595 2.824 3.003 3.173 3.204 2.906 2.598 
5.750 10.310 -0.021 0.841 1.685 2.143 2.583 2.811 2.987 3.152 3.183 2.887 2.576 
5.750 10.490 -0.045 0.817 1.661 2.123 2.563 2.791 2.964 3.120 3.151 2.860 2.543 
5.750 10.760 -0.063 0.793 1.637 2.102 2.543 2.771 2.940 3.088 3.119 2.833 2.510 
5.750 11.180 -0.074 0.762 1.605 2.074 2.515 2.742 2.908 3.050 3.080 2.798 2.469 
5.750 11.820 -0.097 0.710 1.550 2.020 2.461 2.687 2.851 2.989 3.019 2.739 2.401 
5.750 12.770 -0.123 0.658 1.494 1.967 2.406 2.631 2.795 2.927 2.957 2.680 2.334 
5.750 14.140 -0.143 0.606 1.438 1.912 2.352 2.575 2.737 2.866 2.894 2.620 2.266 
5.750 16.080 -0.186 0.531 1.356 1.824 2.260 2.482 2.647 2.778 2.804 2.535 2.171 
5.750 18.740 -0.233 0.453 1.268 1.730 2.161 2.383 2.551 2.685 2.708 2.445 2.073 
5.750 22.320 -0.281 0.374 1.180 1.635 2.062 2.283 2.455 2.592 2.611 2.354 1.973 
5.750 27.040 -0.340 0.286 1.079 1.526 1.948 2.171 2.346 2.485 2.500 2.251 1.864 
5.750 33.160 -0.411 0.185 0.965 1.403 1.818 2.045 2.224 2.364 2.372 2.134 1.744 
5.750 41.050 -0.484 0.084 0.849 1.278 1.687 1.918 2.100 2.242 2.243 2.016 1.622 
5.750 51.110 -0.558 -0.019 0.733 1.154 1.556 1.791 1.975 2.117 2.111 1.896 1.499 
5.750 63.890 -0.630 -0.118 0.626 1.050 1.446 1.685 1.862 1.995 1.974 1.774 1.391 
5.750 80.060 -0.703 -0.220 0.516 0.942 1.333 1.575 1.745 1.870 1.834 1.649 1.278 
5.750 100.500 -0.782 -0.326 0.402 0.830 1.216 1.461 1.625 1.740 1.689 1.520 1.162 
5.750 126.290 -0.843 -0.415 0.317 0.752 1.129 1.366 1.513 1.603 1.533 1.383 1.062 
5.750 158.810 -0.907 -0.506 0.237 0.679 1.046 1.270 1.397 1.456 1.363 1.235 0.960 
5.750 199.780 -0.969 -0.596 0.156 0.606 0.963 1.175 1.281 1.309 1.194 1.087 0.858 
5.750 251.390 -1.039 -0.693 0.071 0.525 0.868 1.062 1.147 1.142 1.008 0.921 0.744 
5.750 316.390 -1.120 -0.800 -0.021 0.427 0.748 0.916 0.977 0.937 0.786 0.721 0.604 
5.750 398.240 -1.199 -0.907 -0.114 0.329 0.629 0.770 0.807 0.731 0.565 0.521 0.464 
5.750 501.290 -1.280 -1.015 -0.206 0.231 0.509 0.624 0.637 0.526 0.344 0.321 0.324 
5.750 631.040 -1.389 -1.150 -0.312 0.141 0.428 0.546 0.559 0.441 0.249 0.228 0.199 
5.750 794.390 -1.498 -1.287 -0.419 0.051 0.349 0.471 0.484 0.360 0.160 0.139 0.076 
6.000 10.050 0.325 1.118 1.907 2.322 2.722 2.930 3.094 3.243 3.270 2.969 2.709 
6.000 10.080 0.324 1.117 1.905 2.322 2.723 2.930 3.093 3.241 3.268 2.966 2.707 
6.000 10.120 0.322 1.115 1.904 2.321 2.723 2.930 3.092 3.239 3.266 2.963 2.705 
6.000 10.200 0.321 1.113 1.903 2.321 2.723 2.929 3.091 3.237 3.264 2.959 2.703 
6.000 10.310 0.309 1.101 1.892 2.312 2.715 2.920 3.080 3.223 3.249 2.946 2.687 
6.000 10.490 0.291 1.083 1.875 2.298 2.701 2.906 3.063 3.201 3.227 2.926 2.664 
6.000 10.760 0.272 1.065 1.858 2.284 2.686 2.892 3.046 3.179 3.205 2.907 2.640 
6.000 11.180 0.250 1.039 1.832 2.261 2.663 2.867 3.019 3.149 3.173 2.878 2.606 
6.000 11.820 0.222 0.987 1.778 2.208 2.609 2.813 2.963 3.090 3.115 2.823 2.540 
6.000 12.770 0.200 0.935 1.723 2.155 2.556 2.757 2.907 3.031 3.055 2.768 2.474 
6.000 14.140 0.177 0.882 1.668 2.102 2.502 2.702 2.851 2.971 2.995 2.712 2.408 
6.000 16.080 0.133 0.808 1.585 2.014 2.410 2.610 2.762 2.884 2.906 2.630 2.316 
6.000 18.740 0.084 0.729 1.498 1.920 2.312 2.512 2.667 2.792 2.811 2.543 2.220 
6.000 22.320 0.035 0.650 1.409 1.825 2.213 2.413 2.572 2.699 2.716 2.456 2.123 
6.000 27.040 -0.025 0.562 1.309 1.717 2.100 2.302 2.465 2.594 2.607 2.357 2.016 
6.000 33.160 -0.097 0.463 1.197 1.595 1.971 2.179 2.346 2.476 2.483 2.246 1.900 
6.000 41.050 -0.171 0.363 1.082 1.471 1.841 2.054 2.225 2.356 2.358 2.134 1.783 
6.000 51.110 -0.247 0.261 0.967 1.348 1.712 1.929 2.103 2.235 2.230 2.019 1.665 
6.000 63.890 -0.317 0.164 0.863 1.246 1.603 1.824 1.992 2.116 2.098 1.902 1.560 
6.000 80.060 -0.392 0.064 0.756 1.140 1.491 1.715 1.878 1.994 1.962 1.782 1.451 
6.000 100.500 -0.470 -0.041 0.644 1.030 1.375 1.602 1.759 1.867 1.822 1.658 1.338 
6.000 126.290 -0.534 -0.128 0.563 0.954 1.290 1.508 1.649 1.734 1.669 1.524 1.241 
6.000 158.810 -0.597 -0.216 0.486 0.884 1.210 1.414 1.535 1.591 1.503 1.378 1.143 
6.000 199.780 -0.661 -0.304 0.409 0.814 1.129 1.320 1.420 1.448 1.338 1.233 1.045 
6.000 251.390 -0.730 -0.398 0.328 0.736 1.037 1.209 1.287 1.285 1.154 1.069 0.934 
6.000 316.390 -0.810 -0.502 0.240 0.642 0.921 1.065 1.119 1.084 0.936 0.872 0.799 
6.000 398.240 -0.890 -0.606 0.151 0.548 0.804 0.922 0.952 0.883 0.718 0.674 0.663 
6.000 501.290 -0.970 -0.711 0.062 0.454 0.688 0.778 0.784 0.683 0.500 0.476 0.528 
6.000 631.040 -1.070 -0.836 -0.034 0.371 0.614 0.706 0.710 0.603 0.411 0.388 0.411 
6.000 794.390 -1.172 -0.961 -0.131 0.290 0.541 0.636 0.641 0.528 0.328 0.305 0.295 
6.250 10.050 0.610 1.342 2.078 2.459 2.828 3.020 3.173 3.307 3.329 3.025 2.812 
6.250 10.080 0.609 1.341 2.078 2.459 2.828 3.020 3.172 3.306 3.328 3.024 2.811 
6.250 10.120 0.608 1.340 2.077 2.459 2.828 3.019 3.171 3.305 3.326 3.022 2.810 
6.250 10.200 0.607 1.339 2.076 2.458 2.828 3.019 3.171 3.304 3.325 3.020 2.808 
6.250 10.310 0.600 1.332 2.070 2.454 2.824 3.015 3.165 3.296 3.317 3.012 2.799 
6.250 10.490 0.589 1.322 2.061 2.447 2.817 3.007 3.156 3.285 3.305 2.999 2.786 
6.250 10.760 0.579 1.311 2.052 2.440 2.810 3.000 3.146 3.273 3.293 2.986 2.772 
6.250 11.180 0.559 1.291 2.032 2.423 2.793 2.982 3.127 3.251 3.271 2.965 2.746 
6.250 11.820 0.509 1.241 1.981 2.374 2.743 2.931 3.074 3.196 3.215 2.914 2.684 
6.250 12.770 0.487 1.191 1.930 2.325 2.693 2.880 3.021 3.141 3.160 2.864 2.622 
6.250 14.140 0.466 1.140 1.879 2.275 2.643 2.828 2.968 3.085 3.104 2.813 2.560 
6.250 16.080 0.422 1.062 1.794 2.186 2.551 2.736 2.879 2.996 3.013 2.731 2.466 
6.250 18.740 0.369 0.979 1.704 2.090 2.451 2.636 2.783 2.900 2.916 2.643 2.367 
6.250 22.320 0.313 0.895 1.612 1.993 2.351 2.536 2.686 2.804 2.818 2.554 2.267 
6.250 27.040 0.248 0.803 1.510 1.884 2.237 2.425 2.578 2.697 2.707 2.456 2.159 
6.250 33.160 0.175 0.702 1.396 1.761 2.108 2.300 2.458 2.577 2.583 2.347 2.042 
6.250 41.050 0.095 0.600 1.281 1.636 1.978 2.174 2.337 2.455 2.458 2.236 1.925 
6.250 51.110 0.015 0.496 1.165 1.512 1.847 2.048 2.215 2.333 2.330 2.122 1.806 
6.250 63.890 -0.060 0.397 1.059 1.407 1.736 1.939 2.102 2.212 2.198 2.007 1.701 
6.250 80.060 -0.139 0.295 0.950 1.300 1.622 1.827 1.985 2.089 2.063 1.888 1.591 
6.250 100.500 -0.224 0.188 0.837 1.188 1.503 1.711 1.864 1.961 1.923 1.765 1.478 
6.250 126.290 -0.290 0.100 0.756 1.111 1.417 1.615 1.753 1.830 1.774 1.633 1.382 
6.250 158.810 -0.357 0.012 0.679 1.041 1.336 1.519 1.637 1.689 1.613 1.490 1.285 
6.250 199.780 -0.422 -0.075 0.602 0.970 1.254 1.423 1.521 1.549 1.451 1.346 1.188 
6.250 251.390 -0.493 -0.169 0.521 0.892 1.161 1.311 1.388 1.389 1.272 1.185 1.078 
6.250 316.390 -0.575 -0.272 0.433 0.799 1.046 1.168 1.221 1.192 1.059 0.991 0.945 
6.250 398.240 -0.657 -0.375 0.346 0.706 0.930 1.025 1.054 0.995 0.846 0.797 0.812 
6.250 501.290 -0.738 -0.479 0.258 0.613 0.814 0.883 0.887 0.798 0.633 0.603 0.679 
6.250 631.040 -0.833 -0.595 0.169 0.536 0.745 0.814 0.817 0.723 0.550 0.519 0.568 
6.250 794.390 -0.928 -0.712 0.079 0.460 0.676 0.748 0.752 0.653 0.471 0.441 0.458 
6.500 10.050 0.893 1.566 2.251 2.597 2.933 3.109 3.251 3.371 3.387 3.081 2.915 
6.500 10.080 0.892 1.566 2.250 2.597 2.933 3.109 3.251 3.371 3.387 3.081 2.915 
6.500 10.120 0.892 1.565 2.250 2.596 2.933 3.109 3.250 3.371 3.387 3.081 2.915 
6.500 10.200 0.892 1.565 2.250 2.596 2.932 3.108 3.250 3.370 3.386 3.080 2.914 
6.500 10.310 0.890 1.563 2.248 2.596 2.933 3.108 3.249 3.370 3.385 3.077 2.912 
6.500 10.490 0.887 1.560 2.247 2.596 2.934 3.109 3.249 3.368 3.384 3.072 2.908 
6.500 10.760 0.883 1.557 2.245 2.596 2.934 3.109 3.247 3.367 3.382 3.066 2.904 
6.500 11.180 0.870 1.543 2.232 2.585 2.924 3.097 3.235 3.353 3.368 3.051 2.887 
6.500 11.820 0.822 1.495 2.185 2.540 2.877 3.050 3.185 3.302 3.317 3.006 2.828 
6.500 12.770 0.774 1.447 2.138 2.494 2.831 3.002 3.136 3.250 3.265 2.960 2.770 
6.500 14.140 0.748 1.398 2.090 2.448 2.784 2.954 3.086 3.199 3.212 2.914 2.711 
6.500 16.080 0.701 1.317 2.003 2.358 2.691 2.861 2.995 3.107 3.120 2.832 2.616 
6.500 18.740 0.645 1.229 1.910 2.260 2.590 2.761 2.898 3.008 3.020 2.743 2.513 
6.500 22.320 0.585 1.141 1.816 2.161 2.489 2.660 2.800 2.909 2.919 2.653 2.411 
6.500 27.040 0.516 1.045 1.711 2.050 2.374 2.547 2.691 2.799 2.808 2.555 2.301 
6.500 33.160 0.438 0.942 1.596 1.926 2.245 2.421 2.571 2.678 2.683 2.447 2.185 
6.500 41.050 0.356 0.836 1.479 1.801 2.114 2.294 2.449 2.555 2.557 2.338 2.066 
6.500 51.110 0.271 0.730 1.362 1.675 1.983 2.166 2.327 2.430 2.429 2.226 1.948 
6.500 63.890 0.192 0.629 1.255 1.569 1.870 2.054 2.211 2.309 2.298 2.112 1.842 
6.500 80.060 0.106 0.525 1.145 1.459 1.753 1.939 2.092 2.185 2.164 1.994 1.732 
6.500 100.500 0.020 0.417 1.031 1.345 1.632 1.819 1.969 2.056 2.025 1.872 1.618 
6.500 126.290 -0.050 0.329 0.949 1.268 1.544 1.721 1.856 1.926 1.879 1.742 1.523 
6.500 158.810 -0.117 0.241 0.872 1.197 1.461 1.623 1.739 1.788 1.722 1.601 1.427 
6.500 199.780 -0.187 0.153 0.795 1.126 1.379 1.526 1.622 1.650 1.565 1.459 1.331 
6.500 251.390 -0.262 0.060 0.714 1.048 1.285 1.413 1.489 1.493 1.391 1.302 1.223 
6.500 316.390 -0.345 -0.042 0.627 0.956 1.171 1.271 1.323 1.300 1.183 1.111 1.092 
6.500 398.240 -0.428 -0.145 0.541 0.864 1.056 1.129 1.157 1.107 0.975 0.920 0.962 
6.500 501.290 -0.512 -0.247 0.454 0.772 0.941 0.987 0.991 0.914 0.767 0.729 0.831 
6.500 631.040 -0.602 -0.355 0.372 0.701 0.876 0.922 0.925 0.843 0.688 0.650 0.725 
6.500 794.390 -0.692 -0.464 0.290 0.631 0.812 0.860 0.863 0.777 0.614 0.576 0.621 
6.750 10.050 1.130 1.751 2.387 2.709 3.025 3.189 3.320 3.432 3.439 3.123 3.006 
6.750 10.080 1.130 1.751 2.387 2.709 3.025 3.189 3.320 3.432 3.438 3.123 3.005 
6.750 10.120 1.129 1.751 2.387 2.708 3.025 3.189 3.320 3.432 3.438 3.123 3.005 
6.750 10.200 1.129 1.750 2.386 2.708 3.024 3.188 3.319 3.431 3.438 3.122 3.005 
6.750 10.310 1.128 1.749 2.386 2.708 3.024 3.188 3.318 3.431 3.437 3.120 3.003 
6.750 10.490 1.126 1.747 2.385 2.708 3.025 3.188 3.318 3.430 3.436 3.117 3.001 
6.750 10.760 1.124 1.745 2.383 2.708 3.025 3.188 3.317 3.429 3.435 3.113 2.998 
6.750 11.180 1.115 1.737 2.376 2.701 3.018 3.181 3.309 3.421 3.427 3.104 2.987 
6.750 11.820 1.088 1.709 2.349 2.675 2.992 3.154 3.282 3.391 3.397 3.076 2.954 
6.750 12.770 1.059 1.681 2.322 2.649 2.966 3.128 3.254 3.362 3.367 3.048 2.920 
6.750 14.140 1.031 1.652 2.294 2.623 2.939 3.100 3.225 3.332 3.337 3.020 2.885 
6.750 16.080 0.958 1.566 2.206 2.532 2.846 3.007 3.134 3.239 3.244 2.939 2.787 
6.750 18.740 0.901 1.471 2.107 2.429 2.741 2.902 3.031 3.136 3.141 2.848 2.678 
6.750 22.320 0.838 1.375 2.007 2.326 2.636 2.797 2.928 3.031 3.036 2.757 2.568 
6.750 27.040 0.761 1.271 1.897 2.211 2.517 2.679 2.814 2.917 2.920 2.657 2.453 
6.750 33.160 0.676 1.161 1.777 2.081 2.384 2.548 2.689 2.790 2.792 2.546 2.331 
6.750 41.050 0.585 1.049 1.655 1.951 2.249 2.416 2.561 2.662 2.661 2.434 2.208 
6.750 51.110 0.492 0.936 1.532 1.820 2.114 2.283 2.433 2.533 2.529 2.320 2.085 
6.750 63.890 0.407 0.831 1.421 1.708 1.995 2.164 2.312 2.408 2.396 2.206 1.976 
6.750 80.060 0.316 0.724 1.307 1.593 1.872 2.042 2.188 2.280 2.260 2.088 1.864 
6.750 100.500 0.223 0.612 1.189 1.473 1.746 1.915 2.059 2.148 2.120 1.966 1.747 
6.750 126.290 0.151 0.523 1.104 1.392 1.653 1.813 1.944 2.019 1.977 1.838 1.652 
6.750 158.810 0.081 0.436 1.025 1.317 1.566 1.713 1.827 1.884 1.825 1.701 1.556 
6.750 199.780 0.009 0.349 0.946 1.243 1.478 1.612 1.710 1.749 1.673 1.564 1.460 
6.750 251.390 -0.066 0.257 0.865 1.163 1.381 1.497 1.577 1.596 1.503 1.410 1.354 
6.750 316.390 -0.151 0.156 0.778 1.071 1.265 1.355 1.413 1.408 1.300 1.224 1.225 
6.750 398.240 -0.235 0.055 0.691 0.979 1.149 1.213 1.249 1.219 1.097 1.038 1.097 
6.750 501.290 -0.321 -0.046 0.604 0.887 1.033 1.072 1.085 1.031 0.894 0.851 0.968 
6.750 631.040 -0.406 -0.146 0.527 0.820 0.971 1.010 1.023 0.964 0.820 0.777 0.867 
6.750 794.390 -0.491 -0.247 0.451 0.754 0.911 0.951 0.964 0.902 0.751 0.708 0.768 
7.000 10.050 1.363 1.937 2.524 2.821 3.117 3.269 3.389 3.493 3.490 3.165 3.096 
7.000 10.080 1.363 1.937 2.524 2.821 3.117 3.269 3.389 3.493 3.490 3.165 3.096 
7.000 10.120 1.363 1.936 2.524 2.820 3.117 3.269 3.388 3.493 3.490 3.165 3.095 
7.000 10.200 1.362 1.936 2.524 2.820 3.116 3.268 3.388 3.493 3.489 3.164 3.095 
7.000 10.310 1.362 1.935 2.523 2.820 3.116 3.268 3.387 3.492 3.489 3.163 3.094 
7.000 10.490 1.361 1.934 2.522 2.819 3.116 3.267 3.387 3.491 3.488 3.162 3.093 
7.000 10.760 1.360 1.933 2.522 2.819 3.115 3.266 3.386 3.490 3.487 3.160 3.092 
7.000 11.180 1.357 1.930 2.519 2.817 3.113 3.264 3.384 3.488 3.485 3.156 3.088 
7.000 11.820 1.349 1.923 2.513 2.811 3.107 3.259 3.378 3.481 3.478 3.146 3.079 
7.000 12.770 1.341 1.914 2.506 2.804 3.101 3.253 3.372 3.473 3.470 3.136 3.069 
7.000 14.140 1.332 1.906 2.498 2.798 3.095 3.247 3.365 3.465 3.462 3.126 3.059 
7.000 16.080 1.243 1.816 2.408 2.705 3.001 3.153 3.272 3.372 3.369 3.046 2.958 
7.000 18.740 1.141 1.713 2.303 2.599 2.892 3.044 3.164 3.263 3.261 2.954 2.843 
7.000 22.320 1.076 1.608 2.198 2.491 2.782 2.933 3.056 3.154 3.153 2.861 2.726 
7.000 27.040 0.998 1.498 2.083 2.371 2.660 2.811 2.937 3.034 3.032 2.759 2.604 
7.000 33.160 0.905 1.380 1.957 2.237 2.523 2.675 2.806 2.903 2.900 2.646 2.478 
7.000 41.050 0.807 1.261 1.830 2.101 2.384 2.538 2.673 2.769 2.765 2.531 2.349 
7.000 51.110 0.708 1.141 1.702 1.965 2.245 2.400 2.540 2.635 2.629 2.414 2.221 
7.000 63.890 0.618 1.033 1.587 1.847 2.120 2.274 2.413 2.507 2.494 2.300 2.110 
7.000 80.060 0.522 0.922 1.469 1.726 1.992 2.145 2.283 2.375 2.357 2.182 1.995 
7.000 100.500 0.421 0.807 1.347 1.600 1.860 2.012 2.149 2.240 2.214 2.060 1.877 
7.000 126.290 0.348 0.718 1.260 1.515 1.762 1.906 2.033 2.113 2.074 1.935 1.781 
7.000 158.810 0.275 0.631 1.179 1.438 1.670 1.802 1.915 1.981 1.927 1.802 1.685 
7.000 199.780 0.202 0.545 1.098 1.361 1.578 1.698 1.798 1.849 1.780 1.668 1.590 
7.000 251.390 0.124 0.454 1.015 1.279 1.477 1.581 1.665 1.700 1.616 1.519 1.484 
7.000 316.390 0.039 0.355 0.928 1.186 1.360 1.439 1.503 1.516 1.418 1.337 1.358 
7.000 398.240 -0.047 0.255 0.841 1.094 1.243 1.298 1.341 1.332 1.220 1.155 1.232 
7.000 501.290 -0.134 0.156 0.754 1.002 1.125 1.156 1.180 1.148 1.021 0.974 1.105 
7.000 631.040 -0.215 0.062 0.682 0.939 1.066 1.097 1.120 1.085 0.952 0.904 1.009 
7.000 794.390 -0.296 -0.031 0.611 0.877 1.009 1.042 1.065 1.028 0.888 0.839 0.915 
7.250 10.050 1.551 2.083 2.629 2.907 3.194 3.339 3.455 3.558 3.553 3.207 3.174 
7.250 10.080 1.551 2.083 2.628 2.907 3.194 3.339 3.454 3.558 3.553 3.207 3.173 
7.250 10.120 1.551 2.082 2.628 2.907 3.194 3.338 3.454 3.557 3.553 3.207 3.173 
7.250 10.200 1.550 2.082 2.628 2.906 3.193 3.338 3.454 3.557 3.552 3.206 3.173 
7.250 10.310 1.550 2.081 2.627 2.906 3.193 3.337 3.453 3.556 3.552 3.205 3.172 
7.250 10.490 1.549 2.080 2.626 2.906 3.192 3.337 3.452 3.556 3.551 3.205 3.171 
7.250 10.760 1.548 2.080 2.626 2.905 3.192 3.336 3.452 3.555 3.550 3.203 3.170 
7.250 11.180 1.546 2.078 2.624 2.903 3.190 3.334 3.450 3.553 3.548 3.200 3.167 
7.250 11.820 1.541 2.072 2.620 2.900 3.188 3.332 3.447 3.549 3.543 3.192 3.162 
7.250 12.770 1.535 2.067 2.616 2.897 3.185 3.329 3.444 3.544 3.538 3.183 3.155 
7.250 14.140 1.529 2.061 2.611 2.893 3.181 3.325 3.440 3.539 3.532 3.173 3.148 
7.250 16.080 1.466 1.997 2.548 2.828 3.115 3.260 3.375 3.473 3.467 3.118 3.078 
7.250 18.740 1.392 1.924 2.475 2.753 3.039 3.184 3.300 3.397 3.392 3.056 2.996 
7.250 22.320 1.317 1.849 2.400 2.677 2.962 3.107 3.224 3.319 3.316 2.992 2.914 
7.250 27.040 1.243 1.745 2.294 2.566 2.849 2.993 3.113 3.208 3.204 2.899 2.802 
7.250 33.160 1.139 1.609 2.151 2.416 2.696 2.841 2.964 3.059 3.054 2.773 2.658 
7.250 41.050 1.024 1.471 2.007 2.265 2.542 2.688 2.814 2.909 2.901 2.646 2.512 
7.250 51.110 0.905 1.334 1.864 2.114 2.388 2.534 2.663 2.758 2.749 2.518 2.367 
7.250 63.890 0.804 1.217 1.740 1.985 2.254 2.400 2.528 2.623 2.608 2.399 2.249 
7.250 80.060 0.698 1.098 1.613 1.853 2.117 2.261 2.390 2.484 2.464 2.277 2.127 
7.250 100.500 0.587 0.974 1.482 1.717 1.975 2.120 2.247 2.341 2.316 2.151 2.001 
7.250 126.290 0.509 0.884 1.390 1.625 1.870 2.009 2.130 2.215 2.177 2.029 1.903 
7.250 158.810 0.435 0.799 1.306 1.542 1.773 1.904 2.014 2.086 2.034 1.900 1.807 
7.250 199.780 0.361 0.713 1.222 1.458 1.675 1.798 1.898 1.958 1.891 1.772 1.712 
7.250 251.390 0.282 0.624 1.136 1.371 1.569 1.680 1.767 1.812 1.731 1.627 1.607 
7.250 316.390 0.194 0.526 1.047 1.276 1.449 1.538 1.608 1.631 1.537 1.449 1.482 
7.250 398.240 0.108 0.428 0.959 1.181 1.329 1.397 1.448 1.450 1.342 1.272 1.357 
7.250 501.290 0.019 0.330 0.870 1.086 1.208 1.255 1.289 1.270 1.147 1.095 1.232 
7.250 631.040 -0.058 0.243 0.803 1.027 1.152 1.200 1.234 1.212 1.083 1.030 1.140 
7.250 794.390 -0.134 0.156 0.736 0.968 1.098 1.148 1.183 1.159 1.024 0.969 1.050 
7.500 10.050 1.734 2.229 2.733 2.994 3.271 3.408 3.520 3.622 3.616 3.249 3.251 
7.500 10.080 1.733 2.229 2.732 2.994 3.271 3.408 3.520 3.622 3.616 3.249 3.251 
7.500 10.120 1.733 2.228 2.732 2.993 3.271 3.408 3.519 3.622 3.616 3.249 3.251 
7.500 10.200 1.733 2.228 2.732 2.993 3.270 3.407 3.519 3.621 3.615 3.248 3.250 
7.500 10.310 1.732 2.227 2.731 2.993 3.270 3.407 3.518 3.621 3.615 3.248 3.250 
7.500 10.490 1.732 2.227 2.730 2.992 3.269 3.406 3.518 3.620 3.614 3.247 3.249 
7.500 10.760 1.731 2.226 2.730 2.991 3.268 3.405 3.517 3.619 3.613 3.246 3.248 
7.500 11.180 1.730 2.225 2.729 2.990 3.268 3.405 3.516 3.618 3.612 3.244 3.247 
7.500 11.820 1.727 2.222 2.727 2.990 3.268 3.405 3.516 3.617 3.609 3.237 3.244 
7.500 12.770 1.724 2.219 2.726 2.989 3.268 3.405 3.516 3.615 3.606 3.229 3.241 
7.500 14.140 1.721 2.216 2.724 2.988 3.267 3.404 3.515 3.613 3.602 3.221 3.237 
7.500 16.080 1.684 2.179 2.688 2.951 3.230 3.367 3.478 3.574 3.566 3.191 3.197 
7.500 18.740 1.640 2.135 2.646 2.908 3.187 3.324 3.435 3.530 3.523 3.157 3.150 
7.500 22.320 1.595 2.090 2.603 2.864 3.142 3.279 3.392 3.485 3.479 3.122 3.102 
7.500 27.040 1.498 1.993 2.504 2.761 3.039 3.176 3.289 3.382 3.376 3.038 2.999 
7.500 33.160 1.354 1.838 2.345 2.596 2.870 3.007 3.123 3.216 3.208 2.900 2.838 
7.500 41.050 1.231 1.681 2.185 2.428 2.700 2.837 2.954 3.048 3.038 2.761 2.674 
7.500 51.110 1.097 1.526 2.025 2.262 2.531 2.668 2.787 2.881 2.869 2.621 2.513 
7.500 63.890 0.986 1.402 1.893 2.123 2.388 2.525 2.643 2.739 2.722 2.498 2.387 
7.500 80.060 0.871 1.274 1.757 1.981 2.241 2.378 2.497 2.593 2.571 2.372 2.258 
7.500 100.500 0.749 1.142 1.617 1.834 2.090 2.227 2.346 2.443 2.417 2.242 2.125 
7.500 126.290 0.666 1.050 1.521 1.735 1.979 2.113 2.227 2.317 2.280 2.122 2.025 
7.500 158.810 0.590 0.966 1.433 1.645 1.875 2.006 2.113 2.192 2.141 1.999 1.929 
7.500 199.780 0.515 0.882 1.345 1.556 1.772 1.898 1.999 2.067 2.003 1.875 1.834 
7.500 251.390 0.435 0.793 1.257 1.464 1.661 1.779 1.870 1.924 1.846 1.735 1.729 
7.500 316.390 0.345 0.697 1.167 1.366 1.538 1.637 1.713 1.747 1.656 1.562 1.605 
7.500 398.240 0.256 0.601 1.076 1.268 1.415 1.496 1.555 1.569 1.465 1.389 1.482 
7.500 501.290 0.168 0.505 0.986 1.171 1.291 1.354 1.398 1.392 1.274 1.216 1.358 
7.500 631.040 0.094 0.423 0.923 1.114 1.238 1.302 1.347 1.338 1.214 1.156 1.271 
7.500 794.390 0.021 0.343 0.860 1.059 1.187 1.254 1.300 1.290 1.159 1.100 1.186 
7.750 10.050 1.868 2.331 2.795 3.044 3.318 3.452 3.567 3.670 3.665 3.285 3.314 
7.750 10.080 1.868 2.331 2.795 3.043 3.318 3.452 3.566 3.670 3.665 3.285 3.313 
7.750 10.120 1.868 2.331 2.794 3.043 3.317 3.451 3.566 3.669 3.665 3.284 3.313 
7.750 10.200 1.867 2.330 2.794 3.043 3.317 3.451 3.566 3.669 3.664 3.284 3.313 
7.750 10.310 1.867 2.330 2.794 3.042 3.316 3.450 3.565 3.668 3.664 3.283 3.312 
7.750 10.490 1.866 2.329 2.793 3.041 3.316 3.450 3.564 3.668 3.663 3.283 3.311 
7.750 10.760 1.866 2.329 2.792 3.040 3.315 3.449 3.564 3.667 3.662 3.282 3.311 
7.750 11.180 1.864 2.327 2.791 3.040 3.314 3.448 3.563 3.666 3.661 3.280 3.310 
7.750 11.820 1.862 2.325 2.790 3.039 3.314 3.447 3.562 3.664 3.659 3.276 3.307 
7.750 12.770 1.860 2.323 2.788 3.037 3.313 3.447 3.561 3.663 3.657 3.271 3.305 
7.750 14.140 1.858 2.321 2.786 3.036 3.311 3.445 3.559 3.660 3.654 3.266 3.302 
7.750 16.080 1.837 2.300 2.767 3.017 3.292 3.427 3.541 3.640 3.633 3.247 3.281 
7.750 18.740 1.813 2.276 2.744 2.994 3.270 3.405 3.519 3.615 3.609 3.226 3.256 
7.750 22.320 1.788 2.251 2.721 2.970 3.247 3.382 3.496 3.590 3.585 3.204 3.230 
7.750 27.040 1.710 2.173 2.644 2.890 3.166 3.301 3.416 3.509 3.503 3.138 3.149 
7.750 33.160 1.574 2.037 2.508 2.750 3.023 3.158 3.273 3.367 3.360 3.024 3.008 
7.750 41.050 1.436 1.899 2.371 2.607 2.878 3.013 3.130 3.223 3.215 2.909 2.865 
7.750 51.110 1.323 1.759 2.230 2.461 2.729 2.864 2.981 3.076 3.066 2.789 2.720 
7.750 63.890 1.189 1.609 2.073 2.298 2.563 2.697 2.814 2.910 2.894 2.645 2.569 
7.750 80.060 1.046 1.456 1.912 2.131 2.393 2.527 2.644 2.740 2.718 2.498 2.415 
7.750 100.500 0.895 1.298 1.747 1.961 2.219 2.353 2.469 2.566 2.538 2.347 2.256 
7.750 126.290 0.803 1.199 1.640 1.850 2.100 2.232 2.344 2.435 2.396 2.226 2.149 
7.750 158.810 0.724 1.115 1.547 1.754 1.993 2.124 2.230 2.312 2.261 2.108 2.053 
7.750 199.780 0.645 1.030 1.455 1.659 1.887 2.015 2.117 2.190 2.126 1.991 1.956 
7.750 251.390 0.562 0.942 1.362 1.561 1.775 1.895 1.988 2.048 1.972 1.855 1.851 
7.750 316.390 0.471 0.847 1.269 1.460 1.649 1.753 1.832 1.872 1.782 1.684 1.727 
7.750 398.240 0.379 0.751 1.176 1.358 1.524 1.611 1.675 1.695 1.592 1.514 1.604 
7.750 501.290 0.288 0.655 1.083 1.257 1.399 1.468 1.518 1.518 1.403 1.343 1.480 
7.750 631.040 0.217 0.579 1.022 1.203 1.349 1.420 1.471 1.469 1.347 1.287 1.398 
7.750 794.390 0.147 0.504 0.964 1.151 1.303 1.376 1.429 1.425 1.298 1.236 1.317 
8.000 10.050 1.998 2.434 2.858 3.093 3.364 3.495 3.613 3.717 3.714 3.320 3.376 
8.000 10.080 1.997 2.434 2.857 3.093 3.364 3.495 3.613 3.717 3.714 3.320 3.376 
8.000 10.120 1.997 2.433 2.857 3.092 3.364 3.495 3.612 3.717 3.714 3.320 3.376 
8.000 10.200 1.997 2.433 2.857 3.092 3.363 3.494 3.612 3.716 3.713 3.319 3.375 
8.000 10.310 1.996 2.432 2.856 3.091 3.363 3.494 3.612 3.716 3.713 3.319 3.375 
8.000 10.490 1.995 2.432 2.855 3.091 3.362 3.493 3.611 3.715 3.712 3.318 3.374 
8.000 10.760 1.995 2.431 2.855 3.090 3.361 3.492 3.610 3.714 3.711 3.317 3.373 
8.000 11.180 1.993 2.430 2.854 3.089 3.360 3.491 3.609 3.713 3.710 3.316 3.372 
8.000 11.820 1.992 2.429 2.852 3.088 3.359 3.490 3.608 3.712 3.709 3.315 3.371 
8.000 12.770 1.991 2.427 2.851 3.086 3.357 3.488 3.606 3.711 3.707 3.313 3.369 
8.000 14.140 1.988 2.425 2.849 3.084 3.355 3.486 3.604 3.708 3.705 3.311 3.367 
8.000 16.080 1.985 2.421 2.846 3.082 3.355 3.486 3.603 3.705 3.701 3.304 3.365 
8.000 18.740 1.980 2.417 2.843 3.080 3.353 3.486 3.602 3.700 3.696 3.295 3.362 
8.000 22.320 1.975 2.412 2.839 3.077 3.351 3.485 3.600 3.695 3.690 3.285 3.358 
8.000 27.040 1.916 2.353 2.784 3.019 3.293 3.427 3.542 3.636 3.630 3.237 3.298 
8.000 33.160 1.800 2.236 2.671 2.904 3.175 3.309 3.424 3.518 3.512 3.148 3.178 
8.000 41.050 1.681 2.117 2.557 2.786 3.055 3.188 3.305 3.399 3.392 3.056 3.056 
8.000 51.110 1.555 1.991 2.434 2.660 2.927 3.060 3.176 3.271 3.263 2.956 2.927 
8.000 63.890 1.391 1.816 2.252 2.473 2.737 2.870 2.985 3.081 3.066 2.792 2.751 
8.000 80.060 1.219 1.637 2.067 2.282 2.545 2.676 2.791 2.888 2.865 2.624 2.571 
8.000 100.500 1.040 1.454 1.877 2.087 2.348 2.479 2.592 2.690 2.660 2.453 2.388 
8.000 126.290 0.938 1.348 1.759 1.965 2.220 2.351 2.461 2.554 2.513 2.330 2.272 
8.000 158.810 0.856 1.264 1.662 1.863 2.112 2.241 2.348 2.433 2.381 2.218 2.176 
8.000 199.780 0.771 1.180 1.564 1.762 2.003 2.132 2.235 2.312 2.249 2.106 2.079 
8.000 251.390 0.686 1.092 1.467 1.659 1.888 2.012 2.107 2.173 2.097 1.975 1.973 
8.000 316.390 0.592 0.996 1.371 1.554 1.761 1.868 1.951 1.997 1.909 1.807 1.849 
8.000 398.240 0.498 0.901 1.275 1.448 1.634 1.725 1.795 1.821 1.720 1.638 1.726 
8.000 501.290 0.404 0.806 1.179 1.343 1.506 1.582 1.638 1.644 1.532 1.470 1.602 
8.000 631.040 0.335 0.735 1.122 1.292 1.460 1.538 1.596 1.600 1.481 1.419 1.524 
8.000 794.390 0.267 0.666 1.067 1.243 1.418 1.499 1.558 1.561 1.436 1.372 1.448 
