CanadaSHM5_AA13_stablecrust_low , distance is rhypo. Log10 ground motion values in cgs units
          15 30 11 : nmag, ndist, nperiod
          10.000 5.000 2.000 1.000 0.500 0.300 0.200 0.100 0.050 PGA PGV 
          0.620 0.620 0.620 0.620 0.580 0.540 0.530 0.530 0.530 0.530 0.620
4.500 10.050 -2.282 -0.999 -0.015 0.699 1.399 1.792 2.084 2.324 2.335 1.861 1.215 
4.500 10.080 -2.289 -1.006 -0.018 0.694 1.391 1.783 2.076 2.319 2.332 1.861 1.210 
4.500 10.120 -2.293 -1.013 -0.022 0.690 1.384 1.774 2.069 2.314 2.328 1.861 1.205 
4.500 10.200 -2.289 -1.020 -0.025 0.685 1.378 1.765 2.061 2.310 2.325 1.861 1.201 
4.500 10.310 -2.296 -1.037 -0.038 0.670 1.359 1.743 2.040 2.295 2.313 1.853 1.187 
4.500 10.490 -2.292 -1.060 -0.055 0.650 1.333 1.713 2.013 2.273 2.295 1.840 1.167 
4.500 10.760 -2.290 -1.083 -0.072 0.629 1.307 1.684 1.985 2.252 2.277 1.828 1.147 
4.500 11.180 -2.294 -1.112 -0.097 0.601 1.273 1.647 1.949 2.221 2.248 1.807 1.119 
4.500 11.820 -2.309 -1.160 -0.149 0.547 1.216 1.588 1.890 2.163 2.186 1.759 1.065 
4.500 12.770 -2.319 -1.208 -0.200 0.493 1.158 1.529 1.830 2.105 2.123 1.711 1.012 
4.500 14.140 -2.329 -1.256 -0.251 0.440 1.101 1.471 1.771 2.048 2.061 1.664 0.958 
4.500 16.080 -2.374 -1.341 -0.346 0.346 1.007 1.379 1.675 1.944 1.938 1.567 0.859 
4.500 18.740 -2.425 -1.432 -0.448 0.247 0.907 1.282 1.573 1.834 1.807 1.463 0.752 
4.500 22.320 -2.474 -1.522 -0.549 0.148 0.808 1.187 1.472 1.724 1.676 1.360 0.646 
4.500 27.040 -2.536 -1.625 -0.663 0.037 0.696 1.076 1.356 1.597 1.527 1.237 0.523 
4.500 33.160 -2.614 -1.744 -0.791 -0.090 0.570 0.950 1.224 1.450 1.358 1.095 0.383 
4.500 41.050 -2.687 -1.860 -0.916 -0.214 0.446 0.826 1.093 1.306 1.191 0.954 0.245 
4.500 51.110 -2.758 -1.972 -1.037 -0.334 0.325 0.704 0.965 1.165 1.028 0.817 0.109 
4.500 63.890 -2.804 -2.058 -1.128 -0.437 0.215 0.585 0.843 1.035 0.892 0.696 -0.011 
4.500 80.060 -2.845 -2.141 -1.215 -0.537 0.108 0.470 0.725 0.909 0.759 0.577 -0.128 
4.500 100.500 -2.881 -2.219 -1.298 -0.633 0.006 0.359 0.611 0.788 0.630 0.463 -0.241 
4.500 126.290 -2.950 -2.329 -1.406 -0.760 -0.134 0.205 0.449 0.609 0.439 0.288 -0.395 
4.500 158.810 -3.023 -2.443 -1.516 -0.892 -0.280 0.042 0.276 0.416 0.232 0.096 -0.558 
4.500 199.780 -3.094 -2.556 -1.626 -1.025 -0.427 -0.121 0.104 0.223 0.025 -0.095 -0.721 
4.500 251.390 -3.176 -2.679 -1.743 -1.163 -0.582 -0.295 -0.083 0.012 -0.204 -0.306 -0.894 
4.500 316.390 -3.273 -2.817 -1.872 -1.312 -0.753 -0.490 -0.298 -0.236 -0.474 -0.554 -1.088 
4.500 398.240 -3.371 -2.955 -2.001 -1.462 -0.925 -0.685 -0.513 -0.483 -0.744 -0.803 -1.281 
4.500 501.290 -3.467 -3.093 -2.131 -1.611 -1.096 -0.880 -0.728 -0.730 -1.013 -1.051 -1.474 
4.500 631.040 -3.637 -3.304 -2.307 -1.770 -1.237 -1.014 -0.858 -0.862 -1.157 -1.195 -1.665 
4.500 794.390 -3.810 -3.518 -2.485 -1.928 -1.377 -1.146 -0.985 -0.990 -1.296 -1.335 -1.856 
4.750 10.050 -1.902 -0.712 0.248 0.940 1.593 1.959 2.233 2.448 2.438 1.975 1.385 
4.750 10.080 -1.908 -0.717 0.245 0.935 1.586 1.951 2.227 2.446 2.436 1.976 1.381 
4.750 10.120 -1.913 -0.722 0.243 0.931 1.580 1.943 2.220 2.443 2.433 1.977 1.378 
4.750 10.200 -1.909 -0.727 0.240 0.927 1.573 1.936 2.214 2.440 2.430 1.978 1.375 
4.750 10.310 -1.913 -0.742 0.228 0.911 1.554 1.914 2.194 2.427 2.417 1.971 1.361 
4.750 10.490 -1.912 -0.763 0.209 0.888 1.526 1.884 2.166 2.407 2.398 1.960 1.341 
4.750 10.760 -1.908 -0.785 0.190 0.866 1.499 1.854 2.139 2.387 2.379 1.948 1.321 
4.750 11.180 -1.911 -0.812 0.164 0.836 1.464 1.817 2.103 2.359 2.350 1.929 1.293 
4.750 11.820 -1.930 -0.861 0.111 0.780 1.405 1.759 2.044 2.302 2.288 1.882 1.239 
4.750 12.770 -1.943 -0.910 0.060 0.725 1.347 1.701 1.985 2.245 2.226 1.836 1.185 
4.750 14.140 -1.955 -0.958 0.008 0.671 1.290 1.643 1.927 2.189 2.164 1.791 1.131 
4.750 16.080 -2.005 -1.046 -0.086 0.579 1.198 1.554 1.832 2.085 2.045 1.696 1.032 
4.750 18.740 -2.060 -1.139 -0.186 0.482 1.101 1.460 1.733 1.974 1.917 1.594 0.927 
4.750 22.320 -2.113 -1.232 -0.286 0.385 1.005 1.368 1.634 1.864 1.790 1.492 0.821 
4.750 27.040 -2.179 -1.336 -0.397 0.276 0.897 1.261 1.521 1.738 1.645 1.372 0.700 
4.750 33.160 -2.260 -1.454 -0.519 0.155 0.776 1.139 1.392 1.595 1.481 1.232 0.562 
4.750 41.050 -2.337 -1.571 -0.640 0.036 0.657 1.019 1.265 1.453 1.318 1.093 0.426 
4.750 51.110 -2.409 -1.682 -0.756 -0.080 0.540 0.901 1.140 1.314 1.160 0.958 0.293 
4.750 63.890 -2.451 -1.762 -0.840 -0.178 0.436 0.787 1.024 1.192 1.031 0.842 0.177 
4.750 80.060 -2.488 -1.839 -0.921 -0.273 0.334 0.676 0.911 1.073 0.906 0.730 0.064 
4.750 100.500 -2.523 -1.911 -0.997 -0.364 0.237 0.570 0.802 0.958 0.784 0.621 -0.045 
4.750 126.290 -2.583 -2.008 -1.098 -0.486 0.103 0.421 0.647 0.790 0.607 0.458 -0.191 
4.750 158.810 -2.643 -2.108 -1.199 -0.613 -0.039 0.265 0.483 0.610 0.415 0.281 -0.344 
4.750 199.780 -2.704 -2.207 -1.301 -0.740 -0.180 0.108 0.319 0.429 0.224 0.105 -0.497 
4.750 251.390 -2.772 -2.315 -1.410 -0.873 -0.330 -0.059 0.140 0.230 0.011 -0.092 -0.660 
4.750 316.390 -2.862 -2.442 -1.533 -1.016 -0.496 -0.248 -0.067 -0.007 -0.245 -0.327 -0.843 
4.750 398.240 -2.949 -2.568 -1.656 -1.160 -0.662 -0.437 -0.274 -0.243 -0.501 -0.562 -1.027 
4.750 501.290 -3.037 -2.695 -1.779 -1.304 -0.828 -0.625 -0.482 -0.480 -0.757 -0.797 -1.210 
4.750 631.040 -3.195 -2.891 -1.942 -1.452 -0.959 -0.750 -0.603 -0.602 -0.892 -0.932 -1.392 
4.750 794.390 -3.356 -3.090 -2.107 -1.599 -1.089 -0.872 -0.720 -0.720 -1.021 -1.062 -1.573 
5.000 10.050 -1.528 -0.425 0.511 1.180 1.788 2.127 2.383 2.573 2.542 2.089 1.555 
5.000 10.080 -1.531 -0.428 0.509 1.176 1.781 2.120 2.377 2.572 2.540 2.091 1.553 
5.000 10.120 -1.534 -0.431 0.508 1.172 1.775 2.113 2.372 2.572 2.538 2.093 1.551 
5.000 10.200 -1.537 -0.434 0.506 1.169 1.769 2.106 2.367 2.571 2.536 2.095 1.549 
5.000 10.310 -1.536 -0.448 0.493 1.152 1.749 2.085 2.348 2.559 2.522 2.089 1.535 
5.000 10.490 -1.540 -0.467 0.473 1.127 1.719 2.055 2.320 2.541 2.501 2.079 1.515 
5.000 10.760 -1.532 -0.486 0.453 1.102 1.690 2.024 2.292 2.523 2.481 2.069 1.495 
5.000 11.180 -1.534 -0.513 0.425 1.070 1.654 1.987 2.257 2.496 2.451 2.050 1.467 
5.000 11.820 -1.557 -0.563 0.372 1.014 1.595 1.930 2.199 2.440 2.389 2.006 1.413 
5.000 12.770 -1.572 -0.612 0.319 0.958 1.536 1.872 2.140 2.384 2.328 1.962 1.358 
5.000 14.140 -1.587 -0.661 0.267 0.902 1.478 1.815 2.082 2.329 2.268 1.918 1.305 
5.000 16.080 -1.642 -0.751 0.174 0.812 1.388 1.729 1.990 2.225 2.152 1.825 1.206 
5.000 18.740 -1.701 -0.847 0.075 0.716 1.295 1.638 1.892 2.115 2.027 1.724 1.101 
5.000 22.320 -1.759 -0.941 -0.023 0.621 1.201 1.548 1.795 2.005 1.904 1.625 0.997 
5.000 27.040 -1.830 -1.047 -0.130 0.516 1.097 1.445 1.685 1.880 1.763 1.506 0.877 
5.000 33.160 -1.911 -1.165 -0.248 0.400 0.981 1.328 1.560 1.739 1.603 1.368 0.741 
5.000 41.050 -1.991 -1.281 -0.364 0.285 0.867 1.212 1.437 1.599 1.445 1.232 0.607 
5.000 51.110 -2.068 -1.391 -0.475 0.175 0.756 1.098 1.316 1.464 1.292 1.099 0.476 
5.000 63.890 -2.104 -1.466 -0.552 0.081 0.657 0.989 1.205 1.348 1.171 0.989 0.364 
5.000 80.060 -2.138 -1.537 -0.627 -0.009 0.560 0.882 1.097 1.236 1.053 0.882 0.255 
5.000 100.500 -2.170 -1.603 -0.696 -0.095 0.468 0.780 0.993 1.128 0.939 0.779 0.151 
5.000 126.290 -2.218 -1.688 -0.789 -0.212 0.339 0.637 0.846 0.971 0.775 0.628 0.013 
5.000 158.810 -2.266 -1.773 -0.883 -0.334 0.203 0.487 0.690 0.803 0.599 0.466 -0.130 
5.000 199.780 -2.315 -1.857 -0.976 -0.455 0.067 0.337 0.535 0.635 0.424 0.304 -0.272 
5.000 251.390 -2.377 -1.952 -1.077 -0.582 -0.078 0.176 0.364 0.448 0.226 0.122 -0.425 
5.000 316.390 -2.455 -2.066 -1.194 -0.720 -0.238 -0.007 0.164 0.222 -0.017 -0.100 -0.599 
5.000 398.240 -2.532 -2.181 -1.310 -0.859 -0.399 -0.189 -0.035 -0.004 -0.259 -0.322 -0.773 
5.000 501.290 -2.613 -2.296 -1.426 -0.997 -0.559 -0.371 -0.235 -0.229 -0.501 -0.543 -0.946 
5.000 631.040 -2.759 -2.478 -1.577 -1.134 -0.680 -0.487 -0.347 -0.342 -0.626 -0.668 -1.118 
5.000 794.390 -2.908 -2.662 -1.729 -1.270 -0.800 -0.600 -0.455 -0.451 -0.746 -0.789 -1.289 
5.250 10.050 -1.200 -0.182 0.725 1.357 1.923 2.243 2.483 2.660 2.616 2.175 1.693 
5.250 10.080 -1.201 -0.182 0.725 1.355 1.919 2.239 2.481 2.662 2.617 2.178 1.694 
5.250 10.120 -1.201 -0.183 0.725 1.353 1.916 2.235 2.479 2.665 2.617 2.181 1.695 
5.250 10.200 -1.202 -0.183 0.726 1.352 1.913 2.232 2.477 2.667 2.618 2.184 1.696 
5.250 10.310 -1.210 -0.195 0.713 1.335 1.893 2.212 2.460 2.656 2.605 2.180 1.683 
5.250 10.490 -1.216 -0.215 0.692 1.309 1.864 2.182 2.432 2.637 2.583 2.170 1.662 
5.250 10.760 -1.211 -0.234 0.671 1.283 1.835 2.153 2.405 2.618 2.561 2.161 1.641 
5.250 11.180 -1.211 -0.260 0.643 1.251 1.799 2.118 2.372 2.590 2.531 2.144 1.613 
5.250 11.820 -1.236 -0.308 0.591 1.196 1.742 2.063 2.315 2.535 2.471 2.101 1.559 
5.250 12.770 -1.251 -0.357 0.539 1.141 1.686 2.008 2.260 2.480 2.412 2.059 1.505 
5.250 14.140 -1.267 -0.405 0.488 1.087 1.630 1.954 2.204 2.426 2.353 2.017 1.452 
5.250 16.080 -1.322 -0.493 0.399 1.000 1.544 1.870 2.114 2.324 2.240 1.925 1.354 
5.250 18.740 -1.382 -0.587 0.304 0.909 1.455 1.783 2.019 2.215 2.119 1.825 1.250 
5.250 22.320 -1.441 -0.681 0.210 0.819 1.366 1.696 1.925 2.107 1.998 1.726 1.147 
5.250 27.040 -1.511 -0.785 0.106 0.719 1.267 1.596 1.816 1.984 1.860 1.609 1.029 
5.250 33.160 -1.592 -0.900 -0.006 0.608 1.157 1.481 1.693 1.845 1.704 1.472 0.895 
5.250 41.050 -1.672 -1.014 -0.118 0.499 1.048 1.368 1.571 1.708 1.549 1.336 0.762 
5.250 51.110 -1.747 -1.122 -0.224 0.393 0.943 1.258 1.452 1.574 1.399 1.205 0.634 
5.250 63.890 -1.787 -1.194 -0.299 0.304 0.848 1.152 1.344 1.462 1.282 1.098 0.525 
5.250 80.060 -1.823 -1.263 -0.370 0.218 0.756 1.049 1.239 1.354 1.167 0.994 0.420 
5.250 100.500 -1.855 -1.328 -0.438 0.136 0.668 0.950 1.138 1.249 1.057 0.894 0.319 
5.250 126.290 -1.902 -1.409 -0.528 0.023 0.543 0.814 0.999 1.103 0.904 0.754 0.188 
5.250 158.810 -1.949 -1.489 -0.618 -0.094 0.412 0.671 0.853 0.949 0.742 0.606 0.053 
5.250 199.780 -1.996 -1.568 -0.709 -0.212 0.280 0.528 0.708 0.794 0.581 0.459 -0.082 
5.250 251.390 -2.052 -1.658 -0.807 -0.335 0.141 0.373 0.547 0.620 0.397 0.291 -0.227 
5.250 316.390 -2.128 -1.766 -0.919 -0.469 -0.014 0.198 0.357 0.407 0.169 0.084 -0.392 
5.250 398.240 -2.203 -1.875 -1.031 -0.603 -0.170 0.023 0.166 0.194 -0.058 -0.123 -0.557 
5.250 501.290 -2.280 -1.984 -1.143 -0.736 -0.325 -0.153 -0.024 -0.019 -0.286 -0.330 -0.722 
5.250 631.040 -2.418 -2.154 -1.284 -0.863 -0.438 -0.260 -0.128 -0.124 -0.402 -0.446 -0.885 
5.250 794.390 -2.559 -2.327 -1.426 -0.990 -0.549 -0.365 -0.228 -0.225 -0.514 -0.559 -1.048 
5.500 10.050 -0.878 0.061 0.939 1.534 2.058 2.360 2.584 2.748 2.690 2.260 1.832 
5.500 10.080 -0.876 0.063 0.941 1.534 2.057 2.359 2.585 2.753 2.693 2.264 1.835 
5.500 10.120 -0.874 0.065 0.943 1.535 2.056 2.358 2.586 2.758 2.697 2.269 1.839 
5.500 10.200 -0.871 0.068 0.945 1.535 2.056 2.357 2.588 2.763 2.701 2.274 1.843 
5.500 10.310 -0.882 0.057 0.933 1.518 2.038 2.339 2.571 2.752 2.688 2.270 1.830 
5.500 10.490 -0.896 0.038 0.911 1.491 2.008 2.310 2.545 2.732 2.665 2.262 1.809 
5.500 10.760 -0.900 0.019 0.890 1.464 1.979 2.282 2.519 2.713 2.642 2.253 1.787 
5.500 11.180 -0.898 -0.007 0.862 1.431 1.944 2.248 2.486 2.684 2.611 2.236 1.758 
5.500 11.820 -0.921 -0.054 0.811 1.377 1.890 2.195 2.432 2.630 2.553 2.196 1.705 
5.500 12.770 -0.939 -0.102 0.760 1.324 1.835 2.144 2.379 2.577 2.496 2.156 1.652 
5.500 14.140 -0.954 -0.149 0.710 1.272 1.781 2.092 2.326 2.523 2.439 2.115 1.599 
5.500 16.080 -1.009 -0.236 0.624 1.189 1.700 2.012 2.239 2.423 2.329 2.024 1.502 
5.500 18.740 -1.069 -0.328 0.532 1.103 1.615 1.928 2.146 2.316 2.210 1.926 1.399 
5.500 22.320 -1.129 -0.420 0.442 1.017 1.531 1.844 2.054 2.209 2.092 1.828 1.296 
5.500 27.040 -1.198 -0.522 0.343 0.921 1.436 1.747 1.947 2.088 1.957 1.711 1.180 
5.500 33.160 -1.280 -0.635 0.235 0.816 1.332 1.635 1.825 1.951 1.804 1.575 1.048 
5.500 41.050 -1.358 -0.746 0.128 0.712 1.229 1.525 1.705 1.816 1.652 1.441 0.918 
5.500 51.110 -1.433 -0.852 0.027 0.612 1.129 1.417 1.587 1.685 1.506 1.311 0.792 
5.500 63.890 -1.473 -0.923 -0.045 0.527 1.038 1.314 1.482 1.576 1.392 1.207 0.687 
5.500 80.060 -1.511 -0.990 -0.114 0.445 0.951 1.215 1.381 1.471 1.282 1.105 0.585 
5.500 100.500 -1.543 -1.053 -0.179 0.368 0.868 1.120 1.284 1.371 1.175 1.009 0.487 
5.500 126.290 -1.590 -1.130 -0.266 0.258 0.747 0.990 1.153 1.235 1.034 0.880 0.362 
5.500 158.810 -1.635 -1.205 -0.354 0.145 0.621 0.854 1.017 1.094 0.886 0.747 0.235 
5.500 199.780 -1.680 -1.279 -0.442 0.031 0.494 0.718 0.881 0.953 0.738 0.613 0.109 
5.500 251.390 -1.733 -1.364 -0.537 -0.088 0.359 0.571 0.729 0.792 0.568 0.460 -0.028 
5.500 316.390 -1.806 -1.466 -0.644 -0.217 0.209 0.403 0.549 0.592 0.356 0.268 -0.185 
5.500 398.240 -1.880 -1.569 -0.753 -0.347 0.059 0.234 0.368 0.392 0.142 0.076 -0.342 
5.500 501.290 -1.952 -1.672 -0.860 -0.476 -0.091 0.065 0.187 0.192 -0.071 -0.116 -0.498 
5.500 631.040 -2.082 -1.831 -0.991 -0.593 -0.196 -0.034 0.091 0.094 -0.179 -0.224 -0.653 
5.500 794.390 -2.214 -1.992 -1.122 -0.710 -0.298 -0.131 -0.001 0.001 -0.282 -0.329 -0.807 
5.750 10.050 -0.590 0.277 1.115 1.674 2.168 2.456 2.667 2.820 2.755 2.336 1.952 
5.750 10.080 -0.588 0.279 1.116 1.674 2.168 2.456 2.668 2.823 2.758 2.340 1.955 
5.750 10.120 -0.586 0.281 1.118 1.675 2.167 2.455 2.669 2.827 2.761 2.344 1.957 
5.750 10.200 -0.584 0.283 1.120 1.675 2.167 2.455 2.671 2.831 2.764 2.348 1.960 
5.750 10.310 -0.592 0.275 1.111 1.662 2.153 2.441 2.658 2.822 2.754 2.347 1.951 
5.750 10.490 -0.606 0.261 1.094 1.641 2.130 2.419 2.638 2.806 2.736 2.342 1.935 
5.750 10.760 -0.614 0.247 1.078 1.620 2.107 2.397 2.618 2.790 2.718 2.338 1.919 
5.750 11.180 -0.615 0.226 1.053 1.591 2.078 2.368 2.590 2.765 2.690 2.325 1.895 
5.750 11.820 -0.633 0.179 1.003 1.539 2.024 2.316 2.538 2.712 2.634 2.286 1.842 
5.750 12.770 -0.654 0.133 0.953 1.486 1.971 2.265 2.486 2.659 2.578 2.247 1.789 
5.750 14.140 -0.667 0.087 0.903 1.435 1.918 2.214 2.434 2.606 2.522 2.208 1.737 
5.750 16.080 -0.722 0.001 0.820 1.354 1.839 2.135 2.347 2.508 2.414 2.118 1.641 
5.750 18.740 -0.781 -0.090 0.731 1.270 1.755 2.052 2.255 2.403 2.297 2.021 1.538 
5.750 22.320 -0.841 -0.180 0.643 1.186 1.673 1.969 2.163 2.299 2.182 1.924 1.437 
5.750 27.040 -0.911 -0.280 0.547 1.094 1.581 1.873 2.058 2.180 2.049 1.808 1.322 
5.750 33.160 -0.992 -0.390 0.442 0.992 1.480 1.764 1.938 2.046 1.899 1.674 1.192 
5.750 41.050 -1.072 -0.499 0.339 0.893 1.381 1.656 1.819 1.914 1.750 1.541 1.064 
5.750 51.110 -1.146 -0.602 0.241 0.797 1.285 1.551 1.704 1.786 1.606 1.412 0.940 
5.750 63.890 -1.188 -0.671 0.171 0.714 1.197 1.452 1.602 1.680 1.494 1.309 0.838 
5.750 80.060 -1.225 -0.737 0.104 0.636 1.113 1.356 1.503 1.578 1.384 1.209 0.739 
5.750 100.500 -1.259 -0.799 0.041 0.561 1.033 1.264 1.409 1.479 1.279 1.114 0.644 
5.750 126.290 -1.307 -0.874 -0.044 0.455 0.917 1.139 1.283 1.348 1.142 0.991 0.524 
5.750 158.810 -1.352 -0.946 -0.129 0.345 0.795 1.008 1.154 1.212 1.001 0.866 0.403 
5.750 199.780 -1.396 -1.018 -0.215 0.235 0.672 0.877 1.024 1.075 0.860 0.740 0.282 
5.750 251.390 -1.451 -1.100 -0.307 0.119 0.542 0.735 0.878 0.919 0.697 0.595 0.151 
5.750 316.390 -1.525 -1.199 -0.412 -0.006 0.396 0.572 0.703 0.725 0.492 0.412 0.001 
5.750 398.240 -1.596 -1.299 -0.517 -0.132 0.249 0.408 0.528 0.530 0.287 0.229 -0.150 
5.750 501.290 -1.669 -1.398 -0.622 -0.257 0.103 0.244 0.352 0.336 0.082 0.046 -0.300 
5.750 631.040 -1.791 -1.547 -0.743 -0.367 0.006 0.151 0.262 0.244 -0.020 -0.057 -0.448 
5.750 794.390 -1.915 -1.699 -0.866 -0.476 -0.090 0.061 0.176 0.156 -0.118 -0.156 -0.595 
6.000 10.050 -0.306 0.492 1.290 1.814 2.279 2.553 2.751 2.892 2.821 2.413 2.072 
6.000 10.080 -0.304 0.494 1.292 1.814 2.278 2.553 2.752 2.894 2.823 2.416 2.074 
6.000 10.120 -0.302 0.496 1.293 1.815 2.278 2.553 2.753 2.896 2.825 2.419 2.076 
6.000 10.200 -0.300 0.498 1.295 1.815 2.278 2.553 2.754 2.898 2.827 2.422 2.078 
6.000 10.310 -0.305 0.493 1.288 1.806 2.268 2.543 2.745 2.891 2.820 2.423 2.072 
6.000 10.490 -0.314 0.484 1.277 1.790 2.251 2.527 2.731 2.879 2.806 2.423 2.062 
6.000 10.760 -0.322 0.475 1.265 1.775 2.235 2.511 2.717 2.867 2.793 2.423 2.052 
6.000 11.180 -0.336 0.458 1.245 1.751 2.211 2.487 2.694 2.846 2.770 2.413 2.032 
6.000 11.820 -0.358 0.412 1.195 1.700 2.158 2.437 2.643 2.793 2.715 2.376 1.979 
6.000 12.770 -0.373 0.367 1.146 1.648 2.107 2.387 2.592 2.740 2.660 2.338 1.926 
6.000 14.140 -0.388 0.322 1.097 1.597 2.055 2.337 2.541 2.688 2.605 2.301 1.874 
6.000 16.080 -0.442 0.238 1.016 1.519 1.977 2.258 2.455 2.593 2.498 2.212 1.779 
6.000 18.740 -0.502 0.148 0.930 1.437 1.896 2.175 2.364 2.490 2.384 2.115 1.678 
6.000 22.320 -0.561 0.060 0.845 1.355 1.815 2.094 2.273 2.389 2.271 2.020 1.577 
6.000 27.040 -0.630 -0.038 0.751 1.266 1.726 1.999 2.169 2.273 2.141 1.906 1.464 
6.000 33.160 -0.711 -0.146 0.650 1.169 1.629 1.893 2.051 2.142 1.993 1.772 1.336 
6.000 41.050 -0.791 -0.251 0.550 1.073 1.533 1.787 1.934 2.012 1.847 1.640 1.210 
6.000 51.110 -0.865 -0.352 0.455 0.981 1.440 1.685 1.821 1.887 1.707 1.513 1.089 
6.000 63.890 -0.907 -0.419 0.387 0.902 1.356 1.589 1.722 1.784 1.595 1.412 0.989 
6.000 80.060 -0.946 -0.484 0.322 0.826 1.275 1.496 1.626 1.684 1.487 1.313 0.892 
6.000 100.500 -0.979 -0.544 0.262 0.755 1.199 1.408 1.534 1.588 1.383 1.219 0.800 
6.000 126.290 -1.029 -0.617 0.179 0.652 1.087 1.287 1.414 1.461 1.251 1.102 0.686 
6.000 158.810 -1.074 -0.687 0.096 0.545 0.969 1.162 1.290 1.329 1.116 0.985 0.570 
6.000 199.780 -1.119 -0.757 0.012 0.439 0.851 1.037 1.167 1.198 0.982 0.867 0.455 
6.000 251.390 -1.174 -0.836 -0.077 0.327 0.724 0.900 1.027 1.046 0.826 0.730 0.330 
6.000 316.390 -1.245 -0.932 -0.179 0.205 0.582 0.741 0.857 0.857 0.629 0.556 0.186 
6.000 398.240 -1.317 -1.029 -0.281 0.083 0.440 0.582 0.687 0.668 0.432 0.381 0.042 
6.000 501.290 -1.389 -1.125 -0.383 -0.039 0.297 0.423 0.518 0.479 0.235 0.207 -0.103 
6.000 631.040 -1.504 -1.264 -0.496 -0.141 0.207 0.337 0.434 0.393 0.138 0.110 -0.243 
6.000 794.390 -1.621 -1.406 -0.610 -0.241 0.119 0.253 0.354 0.310 0.046 0.018 -0.383 
6.250 10.050 -0.051 0.686 1.440 1.936 2.382 2.642 2.827 2.949 2.876 2.478 2.176 
6.250 10.080 -0.050 0.687 1.441 1.936 2.382 2.642 2.827 2.950 2.878 2.479 2.177 
6.250 10.120 -0.049 0.688 1.441 1.937 2.382 2.642 2.828 2.951 2.879 2.481 2.178 
6.250 10.200 -0.048 0.690 1.442 1.937 2.382 2.642 2.829 2.952 2.880 2.483 2.179 
6.250 10.310 -0.049 0.688 1.440 1.932 2.377 2.637 2.825 2.949 2.877 2.485 2.178 
6.250 10.490 -0.052 0.685 1.435 1.924 2.368 2.629 2.818 2.944 2.871 2.488 2.175 
6.250 10.760 -0.055 0.683 1.430 1.917 2.360 2.621 2.812 2.939 2.865 2.490 2.172 
6.250 11.180 -0.067 0.670 1.415 1.899 2.342 2.604 2.795 2.923 2.849 2.485 2.158 
6.250 11.820 -0.109 0.628 1.370 1.851 2.293 2.556 2.747 2.874 2.797 2.454 2.109 
6.250 12.770 -0.122 0.587 1.324 1.804 2.244 2.508 2.699 2.825 2.746 2.423 2.061 
6.250 14.140 -0.134 0.545 1.279 1.756 2.196 2.461 2.652 2.776 2.696 2.393 2.013 
6.250 16.080 -0.184 0.462 1.198 1.677 2.116 2.379 2.564 2.681 2.591 2.306 1.919 
6.250 18.740 -0.243 0.373 1.111 1.593 2.031 2.293 2.471 2.580 2.477 2.211 1.817 
6.250 22.320 -0.304 0.284 1.024 1.510 1.947 2.208 2.378 2.479 2.364 2.117 1.716 
6.250 27.040 -0.374 0.187 0.931 1.421 1.857 2.113 2.273 2.364 2.236 2.004 1.603 
6.250 33.160 -0.452 0.081 0.831 1.325 1.760 2.006 2.155 2.236 2.089 1.871 1.476 
6.250 41.050 -0.533 -0.023 0.733 1.230 1.665 1.902 2.038 2.109 1.945 1.741 1.352 
6.250 51.110 -0.607 -0.122 0.639 1.139 1.572 1.800 1.926 1.986 1.806 1.614 1.231 
6.250 63.890 -0.651 -0.189 0.573 1.062 1.491 1.707 1.829 1.885 1.695 1.513 1.134 
6.250 80.060 -0.692 -0.253 0.509 0.989 1.413 1.618 1.736 1.787 1.587 1.416 1.039 
6.250 100.500 -0.730 -0.312 0.450 0.920 1.340 1.534 1.647 1.694 1.484 1.323 0.950 
6.250 126.290 -0.779 -0.384 0.370 0.821 1.232 1.418 1.531 1.570 1.354 1.209 0.840 
6.250 158.810 -0.826 -0.451 0.291 0.719 1.119 1.298 1.413 1.442 1.223 1.097 0.730 
6.250 199.780 -0.871 -0.519 0.211 0.617 1.006 1.178 1.295 1.314 1.091 0.984 0.621 
6.250 251.390 -0.926 -0.596 0.124 0.509 0.884 1.046 1.160 1.166 0.938 0.852 0.501 
6.250 316.390 -0.998 -0.690 0.026 0.390 0.745 0.891 0.994 0.980 0.744 0.682 0.362 
6.250 398.240 -1.071 -0.784 -0.073 0.272 0.606 0.735 0.828 0.794 0.550 0.512 0.224 
6.250 501.290 -1.143 -0.878 -0.171 0.153 0.467 0.579 0.662 0.608 0.356 0.343 0.085 
6.250 631.040 -1.252 -1.009 -0.277 0.058 0.383 0.499 0.584 0.526 0.264 0.252 -0.048 
6.250 794.390 -1.363 -1.141 -0.383 -0.036 0.301 0.421 0.509 0.448 0.176 0.164 -0.182 
6.500 10.050 0.202 0.880 1.589 2.058 2.486 2.731 2.903 3.006 2.932 2.543 2.280 
6.500 10.080 0.202 0.881 1.589 2.058 2.486 2.731 2.903 3.006 2.932 2.543 2.280 
6.500 10.120 0.202 0.881 1.590 2.059 2.486 2.731 2.903 3.006 2.932 2.543 2.280 
6.500 10.200 0.203 0.881 1.590 2.059 2.487 2.732 2.904 3.007 2.933 2.544 2.281 
6.500 10.310 0.205 0.883 1.591 2.059 2.486 2.732 2.905 3.007 2.934 2.547 2.283 
6.500 10.490 0.208 0.886 1.593 2.058 2.485 2.731 2.905 3.009 2.935 2.552 2.287 
6.500 10.760 0.211 0.890 1.594 2.058 2.485 2.731 2.907 3.010 2.937 2.558 2.291 
6.500 11.180 0.204 0.883 1.586 2.047 2.473 2.720 2.897 3.000 2.927 2.557 2.284 
6.500 11.820 0.166 0.845 1.544 2.003 2.427 2.675 2.852 2.954 2.880 2.532 2.239 
6.500 12.770 0.128 0.806 1.502 1.959 2.382 2.629 2.807 2.909 2.833 2.509 2.196 
6.500 14.140 0.113 0.769 1.461 1.915 2.336 2.584 2.762 2.863 2.787 2.485 2.152 
6.500 16.080 0.065 0.686 1.379 1.835 2.254 2.501 2.673 2.770 2.683 2.401 2.058 
6.500 18.740 0.007 0.597 1.291 1.750 2.167 2.411 2.577 2.669 2.570 2.307 1.956 
6.500 22.320 -0.052 0.508 1.204 1.665 2.080 2.323 2.482 2.569 2.458 2.214 1.854 
6.500 27.040 -0.122 0.412 1.111 1.575 1.988 2.226 2.376 2.456 2.330 2.102 1.742 
6.500 33.160 -0.202 0.308 1.012 1.480 1.891 2.120 2.259 2.330 2.186 1.971 1.616 
6.500 41.050 -0.280 0.205 0.915 1.386 1.796 2.016 2.142 2.205 2.043 1.841 1.493 
6.500 51.110 -0.357 0.108 0.823 1.297 1.705 1.915 2.030 2.085 1.905 1.715 1.374 
6.500 63.890 -0.401 0.041 0.758 1.223 1.627 1.826 1.936 1.986 1.795 1.615 1.279 
6.500 80.060 -0.446 -0.022 0.696 1.152 1.552 1.740 1.846 1.890 1.688 1.519 1.187 
6.500 100.500 -0.483 -0.080 0.638 1.085 1.481 1.659 1.760 1.799 1.585 1.426 1.099 
6.500 126.290 -0.533 -0.150 0.561 0.991 1.378 1.548 1.649 1.679 1.458 1.317 0.994 
6.500 158.810 -0.579 -0.216 0.485 0.893 1.270 1.434 1.536 1.554 1.329 1.208 0.890 
6.500 199.780 -0.626 -0.281 0.409 0.795 1.162 1.320 1.423 1.431 1.200 1.100 0.786 
6.500 251.390 -0.683 -0.356 0.327 0.691 1.044 1.193 1.294 1.286 1.050 0.973 0.672 
6.500 316.390 -0.756 -0.448 0.231 0.575 0.909 1.040 1.132 1.103 0.859 0.808 0.539 
6.500 398.240 -0.828 -0.540 0.136 0.460 0.773 0.888 0.969 0.920 0.668 0.644 0.406 
6.500 501.290 -0.902 -0.632 0.040 0.345 0.637 0.736 0.807 0.736 0.478 0.479 0.272 
6.500 631.040 -1.006 -0.754 -0.058 0.257 0.559 0.661 0.734 0.659 0.390 0.393 0.146 
6.500 794.390 -1.110 -0.877 -0.156 0.170 0.484 0.589 0.665 0.586 0.306 0.310 0.020 
6.750 10.050 0.422 1.049 1.704 2.143 2.553 2.791 2.958 3.050 2.979 2.602 2.374 
6.750 10.080 0.423 1.049 1.704 2.143 2.553 2.791 2.958 3.050 2.980 2.602 2.374 
6.750 10.120 0.423 1.050 1.704 2.143 2.554 2.792 2.958 3.050 2.980 2.602 2.375 
6.750 10.200 0.423 1.050 1.705 2.143 2.554 2.792 2.959 3.051 2.980 2.603 2.375 
6.750 10.310 0.424 1.051 1.706 2.144 2.554 2.792 2.959 3.051 2.981 2.605 2.377 
6.750 10.490 0.427 1.053 1.707 2.144 2.554 2.793 2.960 3.053 2.982 2.609 2.379 
6.750 10.760 0.429 1.055 1.708 2.144 2.554 2.793 2.961 3.054 2.984 2.612 2.382 
6.750 11.180 0.426 1.052 1.704 2.138 2.548 2.787 2.956 3.048 2.979 2.613 2.379 
6.750 11.820 0.406 1.032 1.681 2.114 2.523 2.762 2.931 3.024 2.953 2.603 2.356 
6.750 12.770 0.386 1.013 1.659 2.091 2.498 2.737 2.907 2.999 2.927 2.594 2.333 
6.750 14.140 0.367 0.993 1.637 2.068 2.473 2.713 2.883 2.974 2.902 2.585 2.311 
6.750 16.080 0.296 0.910 1.554 1.985 2.388 2.626 2.792 2.880 2.800 2.506 2.216 
6.750 18.740 0.241 0.817 1.461 1.894 2.293 2.529 2.690 2.776 2.685 2.415 2.109 
6.750 22.320 0.183 0.724 1.369 1.804 2.200 2.433 2.589 2.672 2.571 2.325 2.003 
6.750 27.040 0.109 0.625 1.272 1.709 2.102 2.330 2.479 2.556 2.441 2.214 1.887 
6.750 33.160 0.028 0.518 1.171 1.611 2.000 2.220 2.358 2.428 2.293 2.080 1.759 
6.750 41.050 -0.056 0.413 1.072 1.514 1.901 2.112 2.239 2.301 2.146 1.948 1.633 
6.750 51.110 -0.136 0.313 0.977 1.422 1.805 2.008 2.124 2.178 2.005 1.820 1.512 
6.750 63.890 -0.185 0.245 0.912 1.350 1.728 1.921 2.031 2.079 1.893 1.718 1.416 
6.750 80.060 -0.232 0.180 0.851 1.281 1.655 1.837 1.942 1.983 1.784 1.618 1.324 
6.750 100.500 -0.274 0.120 0.793 1.216 1.586 1.758 1.856 1.892 1.679 1.523 1.236 
6.750 126.290 -0.327 0.051 0.720 1.127 1.489 1.653 1.748 1.773 1.552 1.415 1.135 
6.750 158.810 -0.373 -0.014 0.648 1.035 1.389 1.545 1.640 1.651 1.425 1.310 1.036 
6.750 199.780 -0.423 -0.078 0.576 0.944 1.290 1.437 1.531 1.530 1.298 1.204 0.938 
6.750 251.390 -0.480 -0.152 0.498 0.846 1.179 1.315 1.406 1.388 1.150 1.080 0.830 
6.750 316.390 -0.555 -0.242 0.406 0.735 1.049 1.167 1.246 1.206 0.962 0.919 0.702 
6.750 398.240 -0.629 -0.333 0.314 0.624 0.918 1.018 1.087 1.025 0.774 0.757 0.574 
6.750 501.290 -0.705 -0.424 0.222 0.512 0.787 0.870 0.927 0.843 0.586 0.596 0.446 
6.750 631.040 -0.803 -0.538 0.131 0.431 0.715 0.799 0.858 0.770 0.502 0.514 0.326 
6.750 794.390 -0.902 -0.654 0.040 0.351 0.645 0.732 0.793 0.701 0.423 0.436 0.206 
7.000 10.050 0.639 1.217 1.818 2.227 2.621 2.852 3.013 3.094 3.027 2.661 2.469 
7.000 10.080 0.639 1.218 1.818 2.227 2.621 2.852 3.013 3.094 3.027 2.661 2.469 
7.000 10.120 0.639 1.218 1.819 2.228 2.621 2.852 3.013 3.094 3.027 2.661 2.469 
7.000 10.200 0.640 1.218 1.819 2.228 2.622 2.853 3.014 3.095 3.028 2.662 2.470 
7.000 10.310 0.640 1.219 1.820 2.228 2.622 2.853 3.014 3.095 3.029 2.663 2.471 
7.000 10.490 0.641 1.220 1.821 2.229 2.623 2.854 3.015 3.096 3.029 2.665 2.472 
7.000 10.760 0.642 1.221 1.822 2.230 2.624 2.855 3.016 3.097 3.031 2.667 2.473 
7.000 11.180 0.643 1.222 1.822 2.230 2.623 2.854 3.015 3.097 3.030 2.670 2.474 
7.000 11.820 0.641 1.220 1.819 2.226 2.618 2.850 3.011 3.092 3.026 2.674 2.472 
7.000 12.770 0.640 1.219 1.816 2.223 2.614 2.845 3.007 3.089 3.022 2.680 2.471 
7.000 14.140 0.639 1.218 1.814 2.220 2.610 2.841 3.004 3.085 3.018 2.685 2.470 
7.000 16.080 0.555 1.134 1.729 2.135 2.521 2.751 2.910 2.991 2.916 2.610 2.374 
7.000 18.740 0.460 1.037 1.631 2.039 2.420 2.646 2.802 2.883 2.800 2.523 2.263 
7.000 22.320 0.403 0.940 1.534 1.942 2.319 2.543 2.696 2.775 2.684 2.436 2.152 
7.000 27.040 0.333 0.838 1.433 1.843 2.216 2.434 2.581 2.656 2.551 2.325 2.032 
7.000 33.160 0.249 0.729 1.330 1.742 2.110 2.321 2.457 2.525 2.400 2.189 1.902 
7.000 41.050 0.163 0.621 1.228 1.642 2.005 2.208 2.336 2.396 2.250 2.055 1.774 
7.000 51.110 0.080 0.519 1.132 1.547 1.905 2.101 2.218 2.272 2.105 1.925 1.650 
7.000 63.890 0.028 0.449 1.067 1.477 1.830 2.016 2.126 2.172 1.991 1.820 1.554 
7.000 80.060 -0.023 0.383 1.005 1.410 1.759 1.934 2.037 2.076 1.880 1.718 1.461 
7.000 100.500 -0.070 0.321 0.948 1.347 1.691 1.857 1.952 1.984 1.773 1.621 1.372 
7.000 126.290 -0.124 0.252 0.878 1.263 1.601 1.757 1.848 1.867 1.647 1.514 1.275 
7.000 158.810 -0.174 0.188 0.811 1.178 1.509 1.655 1.744 1.748 1.522 1.411 1.183 
7.000 199.780 -0.223 0.125 0.743 1.094 1.417 1.554 1.640 1.628 1.397 1.308 1.091 
7.000 251.390 -0.282 0.053 0.669 1.002 1.314 1.438 1.518 1.489 1.251 1.187 0.988 
7.000 316.390 -0.358 -0.037 0.581 0.895 1.189 1.293 1.361 1.310 1.065 1.029 0.865 
7.000 398.240 -0.434 -0.126 0.493 0.787 1.063 1.148 1.204 1.130 0.880 0.871 0.742 
7.000 501.290 -0.511 -0.216 0.405 0.680 0.938 1.003 1.047 0.951 0.694 0.713 0.620 
7.000 631.040 -0.606 -0.323 0.320 0.605 0.871 0.938 0.983 0.881 0.614 0.635 0.506 
7.000 794.390 -0.700 -0.431 0.236 0.531 0.806 0.876 0.922 0.817 0.539 0.561 0.393 
7.250 10.050 0.815 1.352 1.897 2.276 2.654 2.886 3.041 3.119 3.048 2.696 2.549 
7.250 10.080 0.815 1.352 1.897 2.276 2.654 2.886 3.041 3.119 3.049 2.696 2.550 
7.250 10.120 0.816 1.352 1.897 2.277 2.654 2.886 3.042 3.119 3.049 2.697 2.550 
7.250 10.200 0.816 1.353 1.898 2.277 2.655 2.887 3.042 3.120 3.049 2.697 2.550 
7.250 10.310 0.817 1.353 1.898 2.278 2.655 2.887 3.042 3.120 3.050 2.698 2.551 
7.250 10.490 0.817 1.354 1.899 2.278 2.656 2.888 3.043 3.121 3.051 2.699 2.552 
7.250 10.760 0.818 1.355 1.900 2.279 2.657 2.889 3.044 3.122 3.052 2.701 2.553 
7.250 11.180 0.819 1.356 1.901 2.279 2.657 2.889 3.044 3.122 3.052 2.703 2.554 
7.250 11.820 0.820 1.357 1.900 2.278 2.654 2.886 3.042 3.121 3.051 2.709 2.555 
7.250 12.770 0.820 1.357 1.899 2.276 2.652 2.884 3.040 3.120 3.051 2.716 2.556 
7.250 14.140 0.822 1.358 1.899 2.275 2.650 2.883 3.039 3.120 3.051 2.722 2.557 
7.250 16.080 0.764 1.301 1.841 2.218 2.589 2.819 2.974 3.055 2.982 2.676 2.491 
7.250 18.740 0.698 1.235 1.775 2.152 2.518 2.745 2.899 2.981 2.903 2.622 2.414 
7.250 22.320 0.633 1.170 1.709 2.087 2.448 2.673 2.824 2.908 2.825 2.569 2.338 
7.250 27.040 0.569 1.076 1.617 1.996 2.352 2.572 2.718 2.800 2.705 2.470 2.227 
7.250 33.160 0.476 0.951 1.498 1.878 2.227 2.439 2.578 2.654 2.539 2.324 2.080 
7.250 41.050 0.376 0.828 1.380 1.761 2.104 2.309 2.440 2.511 2.376 2.179 1.933 
7.250 51.110 0.277 0.711 1.269 1.651 1.986 2.183 2.307 2.373 2.218 2.039 1.793 
7.250 63.890 0.215 0.634 1.199 1.577 1.906 2.092 2.209 2.267 2.095 1.927 1.691 
7.250 80.060 0.155 0.560 1.132 1.507 1.829 2.004 2.114 2.163 1.975 1.817 1.592 
7.250 100.500 0.098 0.491 1.069 1.440 1.756 1.920 2.023 2.065 1.860 1.712 1.497 
7.250 126.290 0.039 0.420 1.002 1.361 1.670 1.821 1.918 1.947 1.733 1.604 1.402 
7.250 158.810 -0.013 0.356 0.940 1.285 1.586 1.724 1.815 1.830 1.609 1.502 1.315 
7.250 199.780 -0.066 0.292 0.878 1.209 1.503 1.627 1.713 1.712 1.486 1.401 1.229 
7.250 251.390 -0.127 0.220 0.809 1.124 1.407 1.514 1.592 1.574 1.342 1.281 1.131 
7.250 316.390 -0.207 0.130 0.725 1.023 1.288 1.372 1.436 1.397 1.159 1.125 1.013 
7.250 398.240 -0.285 0.041 0.641 0.922 1.168 1.230 1.280 1.220 0.976 0.970 0.896 
7.250 501.290 -0.365 -0.049 0.557 0.820 1.049 1.088 1.124 1.042 0.794 0.814 0.778 
7.250 631.040 -0.456 -0.150 0.478 0.750 0.986 1.026 1.062 0.976 0.718 0.740 0.670 
7.250 794.390 -0.546 -0.251 0.399 0.681 0.926 0.967 1.005 0.915 0.646 0.669 0.563 
7.500 10.050 0.986 1.486 1.975 2.325 2.687 2.920 3.069 3.144 3.070 2.732 2.630 
7.500 10.080 0.986 1.487 1.975 2.325 2.687 2.920 3.069 3.144 3.070 2.732 2.630 
7.500 10.120 0.987 1.487 1.976 2.326 2.687 2.920 3.069 3.144 3.070 2.732 2.630 
7.500 10.200 0.987 1.487 1.976 2.326 2.688 2.921 3.070 3.145 3.071 2.733 2.631 
7.500 10.310 0.988 1.488 1.977 2.327 2.688 2.921 3.070 3.145 3.071 2.733 2.631 
7.500 10.490 0.988 1.489 1.977 2.327 2.689 2.922 3.071 3.146 3.072 2.734 2.632 
7.500 10.760 0.989 1.489 1.978 2.328 2.690 2.923 3.072 3.147 3.073 2.735 2.633 
7.500 11.180 0.990 1.491 1.979 2.329 2.690 2.923 3.073 3.148 3.074 2.737 2.634 
7.500 11.820 0.993 1.493 1.980 2.329 2.690 2.923 3.073 3.149 3.077 2.744 2.637 
7.500 12.770 0.995 1.496 1.982 2.330 2.690 2.923 3.074 3.151 3.080 2.752 2.641 
7.500 14.140 0.999 1.499 1.984 2.331 2.691 2.924 3.075 3.154 3.084 2.760 2.644 
7.500 16.080 0.968 1.469 1.954 2.301 2.656 2.887 3.038 3.119 3.048 2.742 2.608 
7.500 18.740 0.933 1.434 1.918 2.265 2.616 2.845 2.995 3.079 3.006 2.721 2.565 
7.500 22.320 0.899 1.399 1.884 2.231 2.577 2.803 2.953 3.040 2.965 2.701 2.524 
7.500 27.040 0.814 1.314 1.801 2.148 2.488 2.709 2.856 2.943 2.858 2.615 2.422 
7.500 33.160 0.685 1.173 1.666 2.014 2.344 2.558 2.699 2.784 2.679 2.459 2.257 
7.500 41.050 0.580 1.035 1.532 1.881 2.202 2.408 2.544 2.626 2.502 2.303 2.093 
7.500 51.110 0.469 0.903 1.406 1.755 2.068 2.266 2.396 2.474 2.332 2.153 1.937 
7.500 63.890 0.398 0.819 1.331 1.678 1.982 2.168 2.292 2.361 2.200 2.033 1.828 
7.500 80.060 0.330 0.738 1.259 1.603 1.899 2.074 2.191 2.251 2.072 1.916 1.723 
7.500 100.500 0.263 0.661 1.191 1.533 1.820 1.983 2.094 2.145 1.947 1.804 1.622 
7.500 126.290 0.199 0.588 1.126 1.459 1.739 1.886 1.988 2.027 1.819 1.694 1.529 
7.500 158.810 0.143 0.523 1.070 1.392 1.664 1.793 1.887 1.911 1.697 1.594 1.448 
7.500 199.780 0.087 0.459 1.013 1.325 1.589 1.700 1.786 1.796 1.575 1.493 1.367 
7.500 251.390 0.022 0.386 0.949 1.247 1.501 1.591 1.666 1.660 1.434 1.374 1.274 
7.500 316.390 -0.060 0.297 0.869 1.152 1.387 1.452 1.511 1.485 1.253 1.221 1.162 
7.500 398.240 -0.142 0.208 0.789 1.056 1.274 1.312 1.356 1.309 1.073 1.068 1.049 
7.500 501.290 -0.223 0.119 0.708 0.960 1.160 1.172 1.201 1.134 0.893 0.915 0.936 
7.500 631.040 -0.311 0.024 0.635 0.895 1.102 1.113 1.142 1.071 0.821 0.845 0.834 
7.500 794.390 -0.399 -0.071 0.562 0.831 1.045 1.057 1.087 1.013 0.753 0.778 0.733 
7.750 10.050 1.106 1.574 2.022 2.350 2.700 2.938 3.080 3.156 3.079 2.740 2.682 
7.750 10.080 1.106 1.575 2.022 2.350 2.700 2.938 3.081 3.157 3.079 2.740 2.683 
7.750 10.120 1.107 1.575 2.022 2.350 2.701 2.938 3.081 3.157 3.079 2.740 2.683 
7.750 10.200 1.107 1.575 2.023 2.351 2.701 2.939 3.081 3.157 3.080 2.741 2.683 
7.750 10.310 1.108 1.576 2.023 2.351 2.702 2.939 3.082 3.158 3.080 2.741 2.684 
7.750 10.490 1.108 1.577 2.024 2.352 2.702 2.940 3.082 3.158 3.081 2.742 2.684 
7.750 10.760 1.109 1.577 2.025 2.353 2.703 2.941 3.083 3.159 3.082 2.743 2.685 
7.750 11.180 1.110 1.579 2.026 2.353 2.704 2.941 3.084 3.160 3.083 2.744 2.686 
7.750 11.820 1.112 1.580 2.027 2.354 2.705 2.942 3.085 3.162 3.085 2.749 2.689 
7.750 12.770 1.114 1.583 2.028 2.355 2.705 2.943 3.086 3.163 3.088 2.753 2.691 
7.750 14.140 1.117 1.585 2.031 2.357 2.707 2.944 3.088 3.166 3.090 2.758 2.694 
7.750 16.080 1.104 1.572 2.017 2.343 2.690 2.926 3.070 3.150 3.074 2.753 2.677 
7.750 18.740 1.088 1.556 2.000 2.327 2.670 2.905 3.049 3.133 3.056 2.747 2.657 
7.750 22.320 1.074 1.542 1.985 2.311 2.652 2.885 3.029 3.116 3.039 2.742 2.638 
7.750 27.040 1.009 1.477 1.922 2.247 2.581 2.810 2.953 3.042 2.958 2.681 2.560 
7.750 33.160 0.890 1.358 1.807 2.131 2.455 2.676 2.816 2.907 2.810 2.561 2.417 
7.750 41.050 0.772 1.240 1.694 2.016 2.329 2.543 2.681 2.773 2.664 2.442 2.276 
7.750 51.110 0.685 1.125 1.584 1.904 2.207 2.413 2.548 2.640 2.518 2.323 2.137 
7.750 63.890 0.591 1.016 1.484 1.801 2.092 2.284 2.414 2.499 2.356 2.179 2.002 
7.750 80.060 0.495 0.910 1.387 1.701 1.980 2.159 2.283 2.361 2.198 2.038 1.870 
7.750 100.500 0.399 0.808 1.295 1.605 1.872 2.039 2.156 2.228 2.044 1.901 1.743 
7.750 126.290 0.324 0.725 1.226 1.528 1.784 1.933 2.042 2.102 1.907 1.783 1.645 
7.750 158.810 0.262 0.658 1.174 1.466 1.711 1.840 1.941 1.988 1.784 1.680 1.567 
7.750 199.780 0.200 0.591 1.122 1.405 1.639 1.748 1.840 1.873 1.662 1.577 1.488 
7.750 251.390 0.130 0.516 1.061 1.333 1.553 1.640 1.720 1.738 1.520 1.458 1.400 
7.750 316.390 0.045 0.426 0.985 1.242 1.442 1.502 1.566 1.565 1.343 1.307 1.292 
7.750 398.240 -0.042 0.335 0.908 1.151 1.331 1.364 1.412 1.391 1.165 1.156 1.184 
7.750 501.290 -0.127 0.246 0.832 1.059 1.220 1.225 1.257 1.217 0.987 1.005 1.076 
7.750 631.040 -0.212 0.155 0.763 0.998 1.164 1.168 1.201 1.158 0.918 0.938 0.979 
7.750 794.390 -0.298 0.064 0.694 0.938 1.110 1.114 1.148 1.102 0.853 0.875 0.883 
8.000 10.050 1.221 1.662 2.068 2.374 2.714 2.956 3.092 3.169 3.088 2.748 2.735 
8.000 10.080 1.221 1.663 2.069 2.374 2.714 2.956 3.092 3.169 3.088 2.748 2.735 
8.000 10.120 1.221 1.663 2.069 2.375 2.714 2.956 3.092 3.169 3.088 2.748 2.735 
8.000 10.200 1.222 1.663 2.069 2.375 2.715 2.957 3.093 3.170 3.089 2.749 2.736 
8.000 10.310 1.222 1.664 2.070 2.376 2.715 2.957 3.093 3.170 3.089 2.749 2.736 
8.000 10.490 1.223 1.665 2.070 2.376 2.716 2.958 3.094 3.171 3.090 2.750 2.737 
8.000 10.760 1.224 1.665 2.071 2.377 2.717 2.959 3.095 3.172 3.091 2.751 2.738 
8.000 11.180 1.225 1.666 2.072 2.378 2.718 2.960 3.096 3.173 3.092 2.752 2.739 
8.000 11.820 1.226 1.668 2.074 2.379 2.719 2.961 3.097 3.174 3.093 2.753 2.740 
8.000 12.770 1.228 1.669 2.075 2.381 2.721 2.963 3.099 3.176 3.095 2.755 2.742 
8.000 14.140 1.230 1.671 2.077 2.383 2.723 2.965 3.101 3.178 3.097 2.757 2.744 
8.000 16.080 1.233 1.675 2.079 2.385 2.723 2.965 3.102 3.181 3.101 2.764 2.746 
8.000 18.740 1.238 1.679 2.083 2.388 2.725 2.966 3.103 3.186 3.106 2.772 2.749 
8.000 22.320 1.243 1.685 2.086 2.391 2.727 2.967 3.105 3.191 3.112 2.782 2.753 
8.000 27.040 1.199 1.640 2.043 2.346 2.675 2.911 3.050 3.140 3.058 2.747 2.697 
8.000 33.160 1.101 1.542 1.948 2.248 2.565 2.794 2.933 3.030 2.941 2.663 2.577 
8.000 41.050 1.004 1.446 1.855 2.151 2.456 2.678 2.818 2.920 2.825 2.581 2.458 
8.000 51.110 0.906 1.348 1.761 2.053 2.346 2.560 2.699 2.807 2.704 2.493 2.336 
8.000 63.890 0.782 1.213 1.636 1.924 2.202 2.401 2.536 2.638 2.512 2.324 2.175 
8.000 80.060 0.658 1.081 1.515 1.798 2.061 2.245 2.375 2.472 2.324 2.159 2.017 
8.000 100.500 0.535 0.954 1.399 1.676 1.924 2.094 2.219 2.311 2.141 1.998 1.864 
8.000 126.290 0.447 0.862 1.326 1.596 1.829 1.980 2.097 2.178 1.995 1.871 1.761 
8.000 158.810 0.379 0.792 1.278 1.540 1.759 1.888 1.995 2.064 1.872 1.766 1.685 
8.000 199.780 0.309 0.722 1.230 1.485 1.688 1.796 1.894 1.950 1.748 1.661 1.610 
8.000 251.390 0.235 0.645 1.173 1.419 1.605 1.689 1.775 1.816 1.607 1.541 1.526 
8.000 316.390 0.144 0.554 1.101 1.332 1.497 1.552 1.621 1.644 1.432 1.393 1.422 
8.000 398.240 0.054 0.463 1.028 1.245 1.388 1.415 1.468 1.472 1.256 1.244 1.319 
8.000 501.290 -0.035 0.372 0.955 1.159 1.280 1.278 1.314 1.301 1.081 1.096 1.216 
8.000 631.040 -0.119 0.286 0.891 1.101 1.226 1.223 1.259 1.244 1.015 1.032 1.124 
8.000 794.390 -0.204 0.200 0.827 1.044 1.174 1.171 1.208 1.192 0.954 0.972 1.033 
