CanadaSHM5_AA13_stablecrust_high , distance is rhypo. Log10 ground motion values in cgs units
          15 30 11 : nmag, ndist, nperiod
          10.000 5.000 2.000 1.000 0.500 0.300 0.200 0.100 0.050 PGA PGV 
          0.620 0.620 0.620 0.620 0.580 0.540 0.530 0.530 0.530 0.530 0.620
4.500 10.050 -1.677 -0.360 0.835 1.539 2.153 2.431 2.685 2.950 2.921 2.688 2.245 
4.500 10.080 -1.687 -0.370 0.818 1.524 2.139 2.420 2.671 2.930 2.897 2.671 2.226 
4.500 10.120 -1.694 -0.381 0.802 1.508 2.125 2.408 2.657 2.910 2.873 2.654 2.206 
4.500 10.200 -1.694 -0.391 0.786 1.492 2.111 2.396 2.643 2.889 2.849 2.637 2.187 
4.500 10.310 -1.707 -0.415 0.751 1.460 2.083 2.372 2.616 2.851 2.804 2.601 2.146 
4.500 10.490 -1.712 -0.446 0.706 1.417 2.045 2.340 2.579 2.801 2.747 2.555 2.091 
4.500 10.760 -1.718 -0.478 0.661 1.374 2.008 2.308 2.543 2.751 2.690 2.508 2.037 
4.500 11.180 -1.733 -0.517 0.610 1.325 1.964 2.269 2.500 2.694 2.628 2.454 1.974 
4.500 11.820 -1.762 -0.580 0.540 1.256 1.899 2.209 2.436 2.619 2.550 2.379 1.888 
4.500 12.770 -1.788 -0.643 0.469 1.186 1.835 2.148 2.372 2.543 2.471 2.303 1.801 
4.500 14.140 -1.814 -0.707 0.398 1.116 1.770 2.087 2.308 2.467 2.392 2.227 1.713 
4.500 16.080 -1.867 -0.800 0.303 1.016 1.669 1.986 2.206 2.358 2.286 2.116 1.594 
4.500 18.740 -1.925 -0.899 0.203 0.910 1.562 1.876 2.094 2.242 2.173 1.998 1.469 
4.500 22.320 -1.984 -0.998 0.102 0.804 1.454 1.766 1.982 2.125 2.060 1.879 1.343 
4.500 27.040 -2.055 -1.111 -0.014 0.682 1.329 1.638 1.852 1.990 1.926 1.740 1.201 
4.500 33.160 -2.141 -1.238 -0.146 0.543 1.185 1.491 1.701 1.835 1.768 1.580 1.044 
4.500 41.050 -2.227 -1.366 -0.279 0.402 1.039 1.343 1.548 1.678 1.609 1.419 0.884 
4.500 51.110 -2.314 -1.495 -0.414 0.261 0.894 1.195 1.396 1.522 1.449 1.257 0.726 
4.500 63.890 -2.387 -1.607 -0.537 0.140 0.768 1.071 1.264 1.381 1.290 1.108 0.589 
4.500 80.060 -2.460 -1.722 -0.663 0.015 0.639 0.944 1.129 1.237 1.128 0.956 0.448 
4.500 100.500 -2.537 -1.841 -0.794 -0.114 0.505 0.812 0.990 1.089 0.961 0.799 0.304 
4.500 126.290 -2.584 -1.929 -0.894 -0.212 0.400 0.705 0.871 0.950 0.804 0.659 0.185 
4.500 158.810 -2.626 -2.013 -0.991 -0.306 0.298 0.599 0.752 0.805 0.641 0.519 0.068 
4.500 199.780 -2.668 -2.096 -1.088 -0.400 0.197 0.493 0.633 0.661 0.479 0.378 -0.049 
4.500 251.390 -2.719 -2.188 -1.191 -0.503 0.081 0.369 0.493 0.493 0.296 0.216 -0.181 
4.500 316.390 -2.786 -2.297 -1.303 -0.624 -0.059 0.208 0.313 0.279 0.071 0.014 -0.342 
4.500 398.240 -2.855 -2.406 -1.416 -0.745 -0.200 0.047 0.133 0.066 -0.154 -0.188 -0.503 
4.500 501.290 -2.922 -2.515 -1.528 -0.866 -0.341 -0.114 -0.048 -0.148 -0.379 -0.390 -0.664 
4.500 631.040 -3.078 -2.712 -1.690 -1.004 -0.461 -0.225 -0.156 -0.261 -0.500 -0.512 -0.831 
4.500 794.390 -3.238 -2.913 -1.854 -1.144 -0.580 -0.334 -0.261 -0.369 -0.618 -0.630 -0.998 
4.750 10.050 -1.274 -0.050 1.067 1.708 2.279 2.540 2.767 3.012 2.993 2.753 2.362 
4.750 10.080 -1.283 -0.059 1.053 1.696 2.268 2.531 2.756 2.994 2.973 2.738 2.345 
4.750 10.120 -1.293 -0.068 1.039 1.683 2.257 2.521 2.744 2.976 2.953 2.724 2.329 
4.750 10.200 -1.293 -0.078 1.026 1.670 2.246 2.512 2.732 2.958 2.933 2.709 2.312 
4.750 10.310 -1.305 -0.101 0.995 1.642 2.220 2.491 2.707 2.921 2.893 2.677 2.274 
4.750 10.490 -1.315 -0.133 0.954 1.603 2.187 2.462 2.674 2.873 2.842 2.633 2.223 
4.750 10.760 -1.321 -0.165 0.912 1.565 2.154 2.432 2.640 2.825 2.790 2.590 2.172 
4.750 11.180 -1.335 -0.203 0.865 1.521 2.114 2.396 2.600 2.771 2.733 2.539 2.114 
4.750 11.820 -1.365 -0.263 0.799 1.456 2.053 2.338 2.539 2.698 2.658 2.466 2.031 
4.750 12.770 -1.389 -0.323 0.733 1.391 1.992 2.279 2.477 2.626 2.583 2.393 1.949 
4.750 14.140 -1.413 -0.383 0.666 1.326 1.931 2.220 2.415 2.552 2.507 2.320 1.866 
4.750 16.080 -1.462 -0.470 0.575 1.230 1.834 2.121 2.316 2.450 2.405 2.215 1.753 
4.750 18.740 -1.515 -0.561 0.479 1.129 1.731 2.016 2.211 2.342 2.297 2.104 1.635 
4.750 22.320 -1.568 -0.653 0.382 1.027 1.626 1.908 2.103 2.231 2.187 1.990 1.515 
4.750 27.040 -1.634 -0.758 0.271 0.909 1.504 1.783 1.977 2.103 2.058 1.859 1.381 
4.750 33.160 -1.717 -0.877 0.143 0.774 1.363 1.641 1.832 1.955 1.906 1.708 1.232 
4.750 41.050 -1.797 -0.998 0.014 0.638 1.221 1.496 1.685 1.806 1.753 1.556 1.081 
4.750 51.110 -1.880 -1.119 -0.116 0.501 1.079 1.353 1.538 1.657 1.598 1.403 0.930 
4.750 63.890 -1.953 -1.230 -0.237 0.383 0.957 1.233 1.410 1.519 1.442 1.259 0.799 
4.750 80.060 -2.028 -1.345 -0.362 0.262 0.832 1.110 1.278 1.378 1.283 1.111 0.665 
4.750 100.500 -2.108 -1.463 -0.491 0.136 0.702 0.983 1.142 1.232 1.119 0.958 0.526 
4.750 126.290 -2.164 -1.556 -0.591 0.042 0.601 0.879 1.025 1.093 0.960 0.818 0.410 
4.750 158.810 -2.216 -1.647 -0.688 -0.048 0.503 0.775 0.907 0.947 0.794 0.675 0.295 
4.750 199.780 -2.269 -1.738 -0.784 -0.137 0.405 0.672 0.789 0.801 0.629 0.532 0.181 
4.750 251.390 -2.326 -1.836 -0.885 -0.236 0.294 0.550 0.652 0.633 0.443 0.368 0.051 
4.750 316.390 -2.401 -1.947 -0.995 -0.353 0.158 0.393 0.474 0.421 0.219 0.167 -0.106 
4.750 398.240 -2.474 -2.059 -1.104 -0.469 0.021 0.235 0.297 0.210 -0.005 -0.034 -0.263 
4.750 501.290 -2.547 -2.171 -1.214 -0.585 -0.115 0.078 0.120 -0.002 -0.229 -0.236 -0.421 
4.750 631.040 -2.694 -2.356 -1.365 -0.714 -0.227 -0.026 0.018 -0.109 -0.346 -0.352 -0.579 
4.750 794.390 -2.843 -2.544 -1.517 -0.843 -0.337 -0.128 -0.081 -0.212 -0.457 -0.465 -0.738 
5.000 10.050 -0.876 0.261 1.299 1.877 2.405 2.648 2.850 3.074 3.066 2.819 2.479 
5.000 10.080 -0.884 0.252 1.288 1.868 2.396 2.642 2.841 3.058 3.049 2.806 2.465 
5.000 10.120 -0.893 0.244 1.277 1.858 2.388 2.635 2.831 3.042 3.033 2.794 2.451 
5.000 10.200 -0.901 0.235 1.266 1.848 2.380 2.628 2.822 3.026 3.017 2.782 2.437 
5.000 10.310 -0.910 0.212 1.238 1.824 2.358 2.609 2.799 2.992 2.982 2.752 2.402 
5.000 10.490 -0.926 0.180 1.201 1.790 2.329 2.583 2.769 2.946 2.936 2.712 2.355 
5.000 10.760 -0.931 0.149 1.163 1.756 2.299 2.556 2.738 2.899 2.890 2.671 2.308 
5.000 11.180 -0.944 0.111 1.120 1.716 2.263 2.523 2.700 2.847 2.838 2.624 2.253 
5.000 11.820 -0.974 0.054 1.058 1.657 2.207 2.466 2.641 2.778 2.767 2.554 2.175 
5.000 12.770 -0.996 -0.002 0.996 1.597 2.150 2.410 2.582 2.708 2.695 2.484 2.097 
5.000 14.140 -1.019 -0.059 0.934 1.537 2.092 2.352 2.522 2.638 2.623 2.414 2.019 
5.000 16.080 -1.063 -0.139 0.847 1.445 1.998 2.256 2.427 2.541 2.524 2.314 1.912 
5.000 18.740 -1.111 -0.223 0.755 1.348 1.898 2.154 2.326 2.439 2.420 2.208 1.801 
5.000 22.320 -1.159 -0.308 0.663 1.250 1.797 2.050 2.224 2.336 2.315 2.102 1.688 
5.000 27.040 -1.222 -0.406 0.555 1.137 1.679 1.929 2.103 2.216 2.189 1.978 1.561 
5.000 33.160 -1.297 -0.517 0.432 1.006 1.542 1.790 1.963 2.076 2.044 1.837 1.420 
5.000 41.050 -1.373 -0.630 0.307 0.873 1.403 1.650 1.822 1.934 1.897 1.693 1.277 
5.000 51.110 -1.454 -0.744 0.181 0.741 1.265 1.511 1.680 1.792 1.748 1.549 1.135 
5.000 63.890 -1.525 -0.854 0.062 0.627 1.146 1.395 1.555 1.657 1.595 1.409 1.010 
5.000 80.060 -1.602 -0.967 -0.061 0.509 1.025 1.276 1.426 1.518 1.438 1.265 0.881 
5.000 100.500 -1.686 -1.085 -0.188 0.387 0.899 1.153 1.294 1.376 1.278 1.117 0.748 
5.000 126.290 -1.746 -1.183 -0.287 0.297 0.802 1.052 1.179 1.236 1.116 0.977 0.636 
5.000 158.810 -1.808 -1.281 -0.383 0.211 0.708 0.951 1.062 1.089 0.948 0.831 0.523 
5.000 199.780 -1.871 -1.379 -0.480 0.125 0.614 0.851 0.946 0.941 0.779 0.685 0.410 
5.000 251.390 -1.942 -1.483 -0.580 0.030 0.507 0.732 0.810 0.773 0.591 0.521 0.283 
5.000 316.390 -2.020 -1.598 -0.687 -0.082 0.375 0.578 0.636 0.563 0.368 0.320 0.129 
5.000 398.240 -2.097 -1.713 -0.794 -0.193 0.243 0.424 0.462 0.354 0.144 0.119 -0.024 
5.000 501.290 -2.178 -1.827 -0.900 -0.305 0.111 0.270 0.287 0.144 -0.080 -0.081 -0.178 
5.000 631.040 -2.315 -2.000 -1.040 -0.423 0.007 0.173 0.191 0.042 -0.191 -0.192 -0.328 
5.000 794.390 -2.455 -2.176 -1.181 -0.542 -0.095 0.078 0.098 -0.056 -0.297 -0.299 -0.477 
5.250 10.050 -0.503 0.549 1.520 2.053 2.543 2.765 2.943 3.136 3.128 2.878 2.590 
5.250 10.080 -0.509 0.543 1.513 2.048 2.539 2.762 2.938 3.125 3.118 2.869 2.581 
5.250 10.120 -0.515 0.537 1.506 2.042 2.534 2.759 2.932 3.114 3.107 2.860 2.571 
5.250 10.200 -0.521 0.531 1.499 2.037 2.530 2.755 2.927 3.103 3.097 2.852 2.562 
5.250 10.310 -0.538 0.510 1.476 2.016 2.511 2.737 2.905 3.072 3.066 2.825 2.530 
5.250 10.490 -0.556 0.479 1.441 1.985 2.484 2.711 2.874 3.028 3.022 2.787 2.486 
5.250 10.760 -0.562 0.448 1.407 1.955 2.456 2.685 2.844 2.984 2.978 2.749 2.441 
5.250 11.180 -0.573 0.412 1.366 1.918 2.422 2.652 2.807 2.934 2.929 2.705 2.389 
5.250 11.820 -0.603 0.358 1.307 1.861 2.366 2.596 2.750 2.868 2.862 2.640 2.316 
5.250 12.770 -0.624 0.304 1.248 1.804 2.310 2.540 2.692 2.802 2.794 2.574 2.242 
5.250 14.140 -0.647 0.249 1.188 1.746 2.254 2.484 2.634 2.736 2.726 2.508 2.168 
5.250 16.080 -0.691 0.172 1.103 1.656 2.162 2.390 2.542 2.644 2.631 2.414 2.067 
5.250 18.740 -0.737 0.091 1.014 1.561 2.062 2.289 2.444 2.547 2.531 2.315 1.961 
5.250 22.320 -0.785 0.009 0.923 1.464 1.962 2.187 2.345 2.450 2.430 2.216 1.855 
5.250 27.040 -0.844 -0.084 0.819 1.353 1.846 2.071 2.231 2.337 2.312 2.102 1.736 
5.250 33.160 -0.916 -0.190 0.700 1.225 1.712 1.938 2.098 2.205 2.174 1.970 1.603 
5.250 41.050 -0.990 -0.299 0.578 1.096 1.577 1.803 1.964 2.072 2.034 1.836 1.468 
5.250 51.110 -1.067 -0.408 0.456 0.967 1.442 1.669 1.829 1.937 1.891 1.701 1.334 
5.250 63.890 -1.140 -0.513 0.342 0.857 1.327 1.558 1.709 1.806 1.744 1.568 1.215 
5.250 80.060 -1.214 -0.622 0.224 0.743 1.209 1.443 1.586 1.673 1.593 1.431 1.093 
5.250 100.500 -1.295 -0.734 0.103 0.626 1.087 1.324 1.458 1.535 1.438 1.290 0.967 
5.250 126.290 -1.356 -0.829 0.009 0.540 0.994 1.225 1.344 1.395 1.277 1.150 0.858 
5.250 158.810 -1.418 -0.924 -0.081 0.459 0.904 1.127 1.227 1.246 1.107 1.002 0.749 
5.250 199.780 -1.481 -1.020 -0.172 0.378 0.815 1.028 1.110 1.096 0.936 0.854 0.640 
5.250 251.390 -1.549 -1.121 -0.266 0.289 0.712 0.911 0.974 0.927 0.747 0.687 0.517 
5.250 316.390 -1.629 -1.234 -0.367 0.182 0.584 0.760 0.801 0.717 0.523 0.486 0.369 
5.250 398.240 -1.708 -1.346 -0.469 0.075 0.457 0.609 0.628 0.507 0.299 0.284 0.219 
5.250 501.290 -1.789 -1.459 -0.571 -0.031 0.330 0.457 0.455 0.297 0.075 0.083 0.070 
5.250 631.040 -1.916 -1.619 -0.698 -0.140 0.234 0.367 0.365 0.201 -0.031 -0.022 -0.070 
5.250 794.390 -2.046 -1.781 -0.827 -0.248 0.140 0.279 0.279 0.109 -0.131 -0.123 -0.211 
5.500 10.050 -0.136 0.837 1.742 2.228 2.681 2.882 3.036 3.197 3.191 2.938 2.701 
5.500 10.080 -0.139 0.834 1.739 2.228 2.681 2.882 3.035 3.192 3.187 2.932 2.697 
5.500 10.120 -0.142 0.831 1.736 2.227 2.681 2.882 3.033 3.186 3.182 2.927 2.692 
5.500 10.200 -0.145 0.828 1.733 2.226 2.681 2.882 3.032 3.180 3.177 2.922 2.687 
5.500 10.310 -0.164 0.808 1.713 2.208 2.665 2.866 3.012 3.152 3.150 2.898 2.659 
5.500 10.490 -0.189 0.778 1.682 2.181 2.639 2.840 2.982 3.110 3.109 2.863 2.617 
5.500 10.760 -0.205 0.748 1.650 2.154 2.613 2.814 2.951 3.069 3.067 2.828 2.575 
5.500 11.180 -0.212 0.713 1.612 2.120 2.580 2.780 2.914 3.021 3.021 2.786 2.526 
5.500 11.820 -0.239 0.661 1.556 2.065 2.526 2.726 2.858 2.959 2.957 2.725 2.457 
5.500 12.770 -0.261 0.609 1.499 2.011 2.471 2.671 2.802 2.897 2.893 2.663 2.388 
5.500 14.140 -0.281 0.557 1.442 1.956 2.416 2.615 2.745 2.834 2.829 2.601 2.318 
5.500 16.080 -0.324 0.483 1.360 1.867 2.325 2.523 2.656 2.747 2.738 2.514 2.223 
5.500 18.740 -0.369 0.406 1.273 1.773 2.227 2.424 2.561 2.655 2.642 2.422 2.123 
5.500 22.320 -0.416 0.327 1.184 1.678 2.128 2.324 2.465 2.563 2.545 2.329 2.021 
5.500 27.040 -0.472 0.237 1.083 1.569 2.014 2.212 2.357 2.456 2.433 2.223 1.910 
5.500 33.160 -0.543 0.136 0.967 1.444 1.883 2.086 2.234 2.334 2.303 2.103 1.786 
5.500 41.050 -0.613 0.033 0.850 1.318 1.751 1.957 2.107 2.208 2.170 1.979 1.659 
5.500 51.110 -0.687 -0.072 0.732 1.193 1.618 1.828 1.979 2.081 2.034 1.853 1.533 
5.500 63.890 -0.756 -0.172 0.623 1.087 1.508 1.720 1.864 1.956 1.893 1.727 1.421 
5.500 80.060 -0.830 -0.276 0.510 0.978 1.393 1.610 1.745 1.827 1.748 1.597 1.305 
5.500 100.500 -0.907 -0.384 0.394 0.864 1.275 1.495 1.622 1.694 1.598 1.463 1.185 
5.500 126.290 -0.968 -0.475 0.306 0.784 1.186 1.399 1.509 1.554 1.438 1.323 1.081 
5.500 158.810 -1.032 -0.568 0.221 0.708 1.100 1.302 1.392 1.402 1.266 1.172 0.976 
5.500 199.780 -1.095 -0.661 0.136 0.631 1.015 1.205 1.275 1.251 1.093 1.022 0.871 
5.500 251.390 -1.163 -0.760 0.048 0.547 0.917 1.091 1.139 1.080 0.903 0.854 0.752 
5.500 316.390 -1.244 -0.870 -0.048 0.445 0.794 0.942 0.967 0.870 0.678 0.652 0.608 
5.500 398.240 -1.325 -0.980 -0.144 0.344 0.671 0.794 0.795 0.661 0.454 0.449 0.463 
5.500 501.290 -1.405 -1.091 -0.241 0.243 0.548 0.645 0.623 0.451 0.229 0.247 0.319 
5.500 631.040 -1.522 -1.237 -0.356 0.144 0.461 0.562 0.539 0.360 0.129 0.148 0.187 
5.500 794.390 -1.641 -1.385 -0.473 0.046 0.375 0.481 0.459 0.274 0.034 0.053 0.056 
5.750 10.050 0.191 1.091 1.941 2.392 2.808 2.988 3.124 3.256 3.248 2.988 2.802 
5.750 10.080 0.188 1.089 1.939 2.391 2.808 2.988 3.123 3.252 3.244 2.984 2.799 
5.750 10.120 0.186 1.087 1.937 2.391 2.808 2.988 3.121 3.248 3.241 2.980 2.796 
5.750 10.200 0.184 1.085 1.935 2.390 2.808 2.988 3.120 3.244 3.237 2.975 2.792 
5.750 10.310 0.168 1.069 1.919 2.377 2.796 2.975 3.105 3.223 3.216 2.957 2.770 
5.750 10.490 0.144 1.045 1.895 2.356 2.776 2.955 3.081 3.191 3.184 2.929 2.737 
5.750 10.760 0.126 1.021 1.871 2.336 2.756 2.935 3.057 3.159 3.153 2.902 2.704 
5.750 11.180 0.115 0.990 1.839 2.307 2.728 2.906 3.025 3.120 3.114 2.867 2.663 
5.750 11.820 0.092 0.938 1.784 2.254 2.674 2.851 2.969 3.060 3.052 2.808 2.596 
5.750 12.770 0.066 0.886 1.728 2.200 2.620 2.796 2.913 2.999 2.990 2.750 2.528 
5.750 14.140 0.047 0.834 1.672 2.146 2.566 2.741 2.857 2.938 2.929 2.692 2.460 
5.750 16.080 0.003 0.759 1.590 2.058 2.474 2.649 2.769 2.852 2.839 2.607 2.367 
5.750 18.740 -0.044 0.681 1.502 1.963 2.376 2.551 2.675 2.760 2.744 2.519 2.269 
5.750 22.320 -0.092 0.602 1.414 1.868 2.278 2.453 2.580 2.668 2.649 2.429 2.170 
5.750 27.040 -0.151 0.514 1.313 1.760 2.165 2.342 2.473 2.563 2.539 2.328 2.061 
5.750 33.160 -0.222 0.413 1.199 1.636 2.036 2.218 2.354 2.444 2.413 2.213 1.942 
5.750 41.050 -0.295 0.312 1.083 1.511 1.905 2.093 2.232 2.323 2.285 2.097 1.821 
5.750 51.110 -0.369 0.209 0.967 1.387 1.774 1.966 2.107 2.198 2.153 1.976 1.698 
5.750 63.890 -0.440 0.110 0.860 1.283 1.664 1.860 1.994 2.076 2.016 1.855 1.589 
5.750 80.060 -0.514 0.008 0.750 1.176 1.551 1.750 1.878 1.951 1.876 1.730 1.477 
5.750 100.500 -0.593 -0.098 0.636 1.064 1.434 1.636 1.757 1.821 1.731 1.601 1.361 
5.750 126.290 -0.654 -0.187 0.551 0.986 1.347 1.541 1.645 1.684 1.575 1.464 1.261 
5.750 158.810 -0.717 -0.278 0.471 0.913 1.264 1.445 1.529 1.537 1.405 1.316 1.159 
5.750 199.780 -0.780 -0.368 0.390 0.840 1.181 1.350 1.413 1.390 1.236 1.168 1.057 
5.750 251.390 -0.850 -0.465 0.305 0.758 1.086 1.237 1.279 1.223 1.050 1.002 0.942 
5.750 316.390 -0.931 -0.572 0.213 0.660 0.966 1.091 1.109 1.018 0.828 0.802 0.803 
5.750 398.240 -1.010 -0.679 0.120 0.563 0.847 0.945 0.939 0.812 0.607 0.602 0.663 
5.750 501.290 -1.091 -0.787 0.028 0.465 0.727 0.799 0.770 0.607 0.386 0.402 0.523 
5.750 631.040 -1.200 -0.922 -0.078 0.374 0.646 0.721 0.691 0.522 0.291 0.308 0.398 
5.750 794.390 -1.309 -1.059 -0.185 0.284 0.567 0.646 0.616 0.441 0.202 0.219 0.275 
6.000 10.050 0.515 1.346 2.141 2.555 2.936 3.094 3.211 3.314 3.304 3.039 2.903 
6.000 10.080 0.513 1.345 2.139 2.555 2.936 3.094 3.210 3.312 3.301 3.036 2.901 
6.000 10.120 0.511 1.343 2.138 2.555 2.936 3.094 3.210 3.310 3.299 3.032 2.899 
6.000 10.200 0.510 1.341 2.137 2.554 2.936 3.093 3.209 3.308 3.297 3.029 2.897 
6.000 10.310 0.498 1.329 2.126 2.546 2.928 3.084 3.197 3.294 3.283 3.016 2.882 
6.000 10.490 0.480 1.311 2.109 2.532 2.914 3.070 3.180 3.272 3.260 2.996 2.858 
6.000 10.760 0.462 1.293 2.092 2.517 2.900 3.056 3.163 3.250 3.238 2.976 2.834 
6.000 11.180 0.439 1.267 2.066 2.494 2.876 3.031 3.136 3.219 3.207 2.948 2.800 
6.000 11.820 0.411 1.215 2.012 2.442 2.823 2.977 3.080 3.161 3.148 2.893 2.734 
6.000 12.770 0.390 1.163 1.957 2.389 2.769 2.921 3.024 3.102 3.089 2.837 2.669 
6.000 14.140 0.367 1.110 1.902 2.336 2.715 2.866 2.968 3.042 3.029 2.782 2.602 
6.000 16.080 0.322 1.036 1.819 2.247 2.624 2.776 2.881 2.956 2.941 2.701 2.511 
6.000 18.740 0.274 0.957 1.732 2.154 2.526 2.679 2.788 2.865 2.847 2.616 2.415 
6.000 22.320 0.224 0.878 1.643 2.059 2.428 2.581 2.695 2.774 2.753 2.530 2.319 
6.000 27.040 0.164 0.790 1.543 1.951 2.316 2.472 2.590 2.670 2.645 2.432 2.213 
6.000 33.160 0.092 0.691 1.431 1.829 2.188 2.350 2.473 2.554 2.523 2.323 2.098 
6.000 41.050 0.018 0.591 1.316 1.705 2.059 2.227 2.355 2.435 2.399 2.212 1.981 
6.000 51.110 -0.057 0.489 1.201 1.581 1.930 2.104 2.235 2.316 2.272 2.099 1.864 
6.000 63.890 -0.128 0.392 1.097 1.479 1.821 1.999 2.124 2.197 2.140 1.983 1.758 
6.000 80.060 -0.203 0.292 0.990 1.373 1.709 1.890 2.010 2.075 2.004 1.863 1.650 
6.000 100.500 -0.281 0.187 0.878 1.263 1.593 1.777 1.892 1.948 1.864 1.739 1.537 
6.000 126.290 -0.345 0.100 0.797 1.188 1.508 1.683 1.782 1.815 1.711 1.605 1.440 
6.000 158.810 -0.408 0.012 0.720 1.118 1.428 1.589 1.667 1.672 1.545 1.459 1.342 
6.000 199.780 -0.472 -0.076 0.643 1.048 1.347 1.495 1.552 1.529 1.380 1.313 1.244 
6.000 251.390 -0.541 -0.170 0.562 0.969 1.255 1.384 1.419 1.366 1.196 1.150 1.133 
6.000 316.390 -0.621 -0.274 0.474 0.875 1.139 1.240 1.251 1.165 0.978 0.952 0.997 
6.000 398.240 -0.701 -0.378 0.385 0.781 1.022 1.097 1.084 0.964 0.760 0.754 0.862 
6.000 501.290 -0.781 -0.483 0.296 0.687 0.906 0.953 0.916 0.764 0.542 0.557 0.726 
6.000 631.040 -0.881 -0.608 0.200 0.605 0.832 0.881 0.843 0.684 0.453 0.469 0.610 
6.000 794.390 -0.983 -0.733 0.103 0.523 0.759 0.811 0.773 0.609 0.370 0.385 0.494 
6.250 10.050 0.799 1.570 2.312 2.693 3.041 3.184 3.290 3.378 3.362 3.095 3.006 
6.250 10.080 0.798 1.569 2.312 2.693 3.041 3.184 3.289 3.377 3.361 3.093 3.005 
6.250 10.120 0.797 1.568 2.311 2.692 3.041 3.183 3.288 3.376 3.360 3.091 3.004 
6.250 10.200 0.796 1.567 2.310 2.692 3.041 3.183 3.288 3.375 3.358 3.089 3.003 
6.250 10.310 0.789 1.560 2.304 2.687 3.037 3.179 3.282 3.367 3.351 3.081 2.994 
6.250 10.490 0.779 1.550 2.295 2.681 3.030 3.171 3.273 3.356 3.339 3.068 2.980 
6.250 10.760 0.768 1.539 2.286 2.674 3.024 3.164 3.264 3.344 3.327 3.056 2.966 
6.250 11.180 0.748 1.519 2.266 2.656 3.006 3.146 3.244 3.322 3.304 3.034 2.940 
6.250 11.820 0.698 1.469 2.215 2.607 2.957 3.095 3.191 3.267 3.249 2.984 2.878 
6.250 12.770 0.676 1.419 2.164 2.558 2.907 3.044 3.139 3.212 3.193 2.933 2.816 
6.250 14.140 0.655 1.368 2.113 2.509 2.856 2.992 3.085 3.156 3.137 2.883 2.754 
6.250 16.080 0.611 1.290 2.028 2.419 2.764 2.900 2.996 3.067 3.046 2.800 2.660 
6.250 18.740 0.558 1.207 1.938 2.324 2.665 2.802 2.902 2.972 2.950 2.714 2.562 
6.250 22.320 0.502 1.123 1.846 2.227 2.565 2.703 2.807 2.877 2.853 2.626 2.462 
6.250 27.040 0.437 1.031 1.744 2.117 2.452 2.593 2.701 2.771 2.744 2.530 2.355 
6.250 33.160 0.364 0.930 1.630 1.994 2.324 2.470 2.584 2.653 2.621 2.422 2.239 
6.250 41.050 0.285 0.828 1.515 1.869 2.194 2.346 2.465 2.533 2.497 2.313 2.122 
6.250 51.110 0.205 0.724 1.399 1.745 2.065 2.221 2.345 2.412 2.371 2.201 2.005 
6.250 63.890 0.129 0.625 1.293 1.641 1.954 2.114 2.234 2.293 2.240 2.087 1.899 
6.250 80.060 0.050 0.523 1.184 1.533 1.840 2.002 2.117 2.170 2.105 1.969 1.790 
6.250 100.500 -0.035 0.416 1.071 1.421 1.721 1.886 1.996 2.042 1.965 1.846 1.677 
6.250 126.290 -0.101 0.328 0.990 1.345 1.635 1.790 1.885 1.911 1.816 1.714 1.581 
6.250 158.810 -0.168 0.240 0.913 1.274 1.554 1.694 1.769 1.770 1.655 1.570 1.484 
6.250 199.780 -0.233 0.153 0.836 1.203 1.472 1.598 1.653 1.630 1.493 1.427 1.387 
6.250 251.390 -0.304 0.059 0.755 1.125 1.379 1.486 1.520 1.470 1.314 1.266 1.277 
6.250 316.390 -0.385 -0.044 0.667 1.032 1.264 1.343 1.353 1.273 1.101 1.072 1.144 
6.250 398.240 -0.468 -0.147 0.580 0.939 1.148 1.200 1.186 1.076 0.888 0.877 1.011 
6.250 501.290 -0.549 -0.251 0.492 0.846 1.032 1.058 1.019 0.879 0.675 0.683 0.878 
6.250 631.040 -0.644 -0.367 0.403 0.769 0.963 0.989 0.950 0.804 0.592 0.600 0.767 
6.250 794.390 -0.739 -0.484 0.313 0.694 0.894 0.923 0.884 0.734 0.513 0.521 0.657 
6.500 10.050 1.082 1.794 2.485 2.830 3.147 3.273 3.368 3.442 3.421 3.151 3.109 
6.500 10.080 1.082 1.794 2.484 2.830 3.146 3.273 3.368 3.442 3.420 3.151 3.109 
6.500 10.120 1.081 1.793 2.484 2.830 3.146 3.273 3.368 3.442 3.420 3.150 3.109 
6.500 10.200 1.081 1.793 2.484 2.829 3.146 3.272 3.367 3.441 3.419 3.150 3.108 
6.500 10.310 1.079 1.791 2.482 2.829 3.146 3.272 3.367 3.440 3.418 3.146 3.106 
6.500 10.490 1.076 1.788 2.481 2.830 3.147 3.273 3.366 3.439 3.417 3.141 3.102 
6.500 10.760 1.073 1.785 2.479 2.830 3.148 3.273 3.364 3.438 3.415 3.135 3.098 
6.500 11.180 1.059 1.771 2.466 2.819 3.137 3.261 3.352 3.424 3.402 3.120 3.081 
6.500 11.820 1.011 1.723 2.419 2.773 3.091 3.214 3.302 3.373 3.350 3.075 3.023 
6.500 12.770 0.963 1.675 2.372 2.728 3.044 3.166 3.253 3.321 3.298 3.030 2.964 
6.500 14.140 0.937 1.626 2.324 2.682 2.997 3.118 3.203 3.269 3.246 2.984 2.905 
6.500 16.080 0.890 1.545 2.237 2.591 2.904 3.025 3.113 3.178 3.153 2.901 2.810 
6.500 18.740 0.834 1.457 2.144 2.493 2.804 2.925 3.015 3.079 3.053 2.812 2.708 
6.500 22.320 0.774 1.369 2.050 2.395 2.703 2.825 2.919 2.981 2.954 2.724 2.605 
6.500 27.040 0.706 1.273 1.945 2.284 2.589 2.714 2.812 2.873 2.843 2.627 2.497 
6.500 33.160 0.627 1.170 1.830 2.160 2.460 2.590 2.694 2.753 2.720 2.521 2.381 
6.500 41.050 0.545 1.064 1.713 2.034 2.330 2.464 2.575 2.632 2.596 2.413 2.263 
6.500 51.110 0.460 0.958 1.596 1.909 2.200 2.338 2.455 2.509 2.469 2.304 2.145 
6.500 63.890 0.381 0.857 1.489 1.802 2.087 2.228 2.341 2.389 2.339 2.191 2.040 
6.500 80.060 0.295 0.753 1.379 1.693 1.971 2.114 2.224 2.266 2.206 2.074 1.931 
6.500 100.500 0.209 0.645 1.265 1.579 1.850 1.994 2.101 2.137 2.067 1.952 1.817 
6.500 126.290 0.140 0.557 1.183 1.501 1.762 1.896 1.988 2.007 1.921 1.822 1.722 
6.500 158.810 0.072 0.469 1.106 1.430 1.679 1.798 1.871 1.869 1.764 1.681 1.626 
6.500 199.780 0.002 0.381 1.029 1.359 1.597 1.701 1.754 1.731 1.607 1.540 1.530 
6.500 251.390 -0.073 0.288 0.948 1.281 1.503 1.588 1.621 1.574 1.433 1.382 1.422 
6.500 316.390 -0.156 0.186 0.861 1.189 1.389 1.446 1.455 1.381 1.225 1.191 1.291 
6.500 398.240 -0.239 0.083 0.775 1.097 1.274 1.304 1.289 1.188 1.017 1.000 1.161 
6.500 501.290 -0.323 -0.019 0.688 1.005 1.159 1.162 1.123 0.995 0.809 0.809 1.030 
6.500 631.040 -0.413 -0.127 0.606 0.934 1.094 1.097 1.057 0.924 0.730 0.731 0.924 
6.500 794.390 -0.503 -0.236 0.524 0.864 1.030 1.035 0.995 0.858 0.656 0.657 0.820 
6.750 10.050 1.319 1.979 2.621 2.942 3.238 3.353 3.437 3.503 3.472 3.193 3.200 
6.750 10.080 1.319 1.979 2.621 2.942 3.238 3.353 3.437 3.503 3.472 3.193 3.199 
6.750 10.120 1.319 1.979 2.621 2.942 3.238 3.353 3.437 3.503 3.471 3.192 3.199 
6.750 10.200 1.318 1.978 2.620 2.941 3.238 3.352 3.436 3.502 3.471 3.192 3.199 
6.750 10.310 1.317 1.977 2.620 2.941 3.238 3.352 3.436 3.502 3.470 3.189 3.197 
6.750 10.490 1.315 1.975 2.619 2.941 3.238 3.352 3.435 3.501 3.469 3.186 3.195 
6.750 10.760 1.313 1.973 2.617 2.941 3.238 3.352 3.434 3.500 3.468 3.183 3.192 
6.750 11.180 1.305 1.965 2.610 2.934 3.232 3.345 3.427 3.492 3.460 3.173 3.182 
6.750 11.820 1.277 1.937 2.583 2.909 3.206 3.318 3.399 3.462 3.430 3.146 3.148 
6.750 12.770 1.249 1.909 2.556 2.883 3.179 3.292 3.371 3.433 3.401 3.118 3.114 
6.750 14.140 1.220 1.880 2.528 2.856 3.153 3.264 3.342 3.403 3.370 3.090 3.079 
6.750 16.080 1.147 1.794 2.440 2.765 3.059 3.171 3.251 3.310 3.278 3.008 2.981 
6.750 18.740 1.090 1.699 2.341 2.663 2.955 3.066 3.149 3.207 3.174 2.918 2.872 
6.750 22.320 1.027 1.603 2.241 2.559 2.849 2.961 3.045 3.102 3.069 2.827 2.762 
6.750 27.040 0.950 1.499 2.131 2.444 2.731 2.844 2.933 2.989 2.954 2.727 2.648 
6.750 33.160 0.865 1.389 2.011 2.315 2.598 2.715 2.810 2.864 2.827 2.619 2.527 
6.750 41.050 0.774 1.277 1.889 2.184 2.464 2.584 2.685 2.737 2.698 2.508 2.404 
6.750 51.110 0.681 1.164 1.766 2.054 2.330 2.454 2.559 2.609 2.568 2.396 2.282 
6.750 63.890 0.596 1.059 1.655 1.942 2.212 2.337 2.440 2.487 2.436 2.283 2.174 
6.750 80.060 0.505 0.952 1.541 1.826 2.090 2.216 2.319 2.360 2.301 2.167 2.062 
6.750 100.500 0.412 0.840 1.423 1.706 1.964 2.090 2.191 2.229 2.162 2.046 1.946 
6.750 126.290 0.340 0.751 1.338 1.625 1.871 1.988 2.076 2.100 2.019 1.919 1.851 
6.750 158.810 0.270 0.664 1.259 1.551 1.784 1.888 1.959 1.965 1.867 1.782 1.755 
6.750 199.780 0.199 0.577 1.180 1.477 1.696 1.787 1.842 1.830 1.715 1.644 1.659 
6.750 251.390 0.123 0.485 1.099 1.397 1.599 1.672 1.709 1.677 1.545 1.491 1.552 
6.750 316.390 0.038 0.384 1.012 1.304 1.483 1.530 1.545 1.489 1.342 1.304 1.424 
6.750 398.240 -0.045 0.283 0.925 1.212 1.367 1.388 1.381 1.300 1.139 1.118 1.296 
6.750 501.290 -0.132 0.182 0.838 1.120 1.251 1.247 1.217 1.112 0.936 0.932 1.167 
6.750 631.040 -0.217 0.082 0.761 1.053 1.189 1.185 1.155 1.045 0.862 0.858 1.066 
6.750 794.390 -0.302 -0.019 0.685 0.987 1.129 1.126 1.096 0.983 0.793 0.788 0.966 
7.000 10.050 1.553 2.165 2.758 3.054 3.331 3.433 3.506 3.564 3.523 3.235 3.290 
7.000 10.080 1.552 2.165 2.758 3.054 3.330 3.433 3.506 3.564 3.523 3.235 3.290 
7.000 10.120 1.552 2.164 2.758 3.054 3.330 3.433 3.506 3.564 3.523 3.234 3.290 
7.000 10.200 1.552 2.164 2.758 3.053 3.330 3.432 3.505 3.563 3.523 3.234 3.289 
7.000 10.310 1.551 2.163 2.757 3.053 3.329 3.432 3.505 3.563 3.522 3.233 3.288 
7.000 10.490 1.550 2.162 2.756 3.053 3.329 3.431 3.504 3.562 3.521 3.231 3.287 
7.000 10.760 1.549 2.161 2.756 3.052 3.328 3.430 3.503 3.561 3.521 3.230 3.286 
7.000 11.180 1.546 2.158 2.753 3.050 3.327 3.428 3.501 3.559 3.518 3.226 3.282 
7.000 11.820 1.538 2.151 2.747 3.044 3.321 3.423 3.495 3.552 3.511 3.216 3.273 
7.000 12.770 1.530 2.142 2.740 3.038 3.315 3.417 3.489 3.544 3.503 3.206 3.264 
7.000 14.140 1.522 2.134 2.732 3.031 3.308 3.411 3.482 3.536 3.495 3.195 3.253 
7.000 16.080 1.432 2.044 2.642 2.939 3.214 3.317 3.389 3.442 3.402 3.115 3.153 
7.000 18.740 1.330 1.941 2.537 2.832 3.105 3.208 3.282 3.334 3.295 3.023 3.037 
7.000 22.320 1.265 1.836 2.432 2.724 2.996 3.097 3.173 3.225 3.186 2.931 2.920 
7.000 27.040 1.187 1.726 2.317 2.604 2.873 2.975 3.054 3.105 3.066 2.828 2.799 
7.000 33.160 1.095 1.608 2.191 2.470 2.736 2.841 2.925 2.975 2.934 2.716 2.672 
7.000 41.050 0.997 1.489 2.064 2.334 2.599 2.705 2.795 2.843 2.801 2.603 2.545 
7.000 51.110 0.897 1.369 1.936 2.199 2.460 2.569 2.664 2.710 2.666 2.489 2.418 
7.000 63.890 0.807 1.261 1.821 2.081 2.336 2.445 2.539 2.584 2.533 2.376 2.307 
7.000 80.060 0.711 1.150 1.703 1.959 2.209 2.318 2.412 2.454 2.397 2.260 2.193 
7.000 100.500 0.610 1.035 1.581 1.834 2.077 2.186 2.280 2.320 2.256 2.140 2.075 
7.000 126.290 0.537 0.946 1.494 1.749 1.980 2.081 2.165 2.194 2.116 2.016 1.979 
7.000 158.810 0.464 0.859 1.413 1.672 1.888 1.977 2.047 2.062 1.969 1.882 1.884 
7.000 199.780 0.391 0.773 1.332 1.594 1.796 1.873 1.930 1.930 1.822 1.749 1.789 
7.000 251.390 0.314 0.682 1.249 1.512 1.695 1.756 1.797 1.781 1.658 1.599 1.683 
7.000 316.390 0.228 0.583 1.162 1.420 1.578 1.614 1.635 1.597 1.460 1.417 1.557 
7.000 398.240 0.142 0.483 1.075 1.327 1.461 1.473 1.474 1.413 1.262 1.236 1.430 
7.000 501.290 0.055 0.384 0.988 1.235 1.343 1.331 1.312 1.229 1.063 1.054 1.304 
7.000 631.040 -0.026 0.290 0.916 1.172 1.284 1.272 1.252 1.166 0.994 0.984 1.208 
7.000 794.390 -0.107 0.197 0.845 1.111 1.227 1.217 1.198 1.109 0.930 0.920 1.113 
7.250 10.050 1.740 2.311 2.863 3.141 3.408 3.503 3.572 3.629 3.586 3.277 3.368 
7.250 10.080 1.740 2.311 2.862 3.141 3.407 3.503 3.571 3.629 3.586 3.277 3.368 
7.250 10.120 1.740 2.310 2.862 3.140 3.407 3.502 3.571 3.628 3.586 3.276 3.367 
7.250 10.200 1.740 2.310 2.862 3.140 3.407 3.502 3.571 3.628 3.586 3.276 3.367 
7.250 10.310 1.739 2.309 2.861 3.139 3.406 3.501 3.570 3.627 3.585 3.275 3.366 
7.250 10.490 1.738 2.308 2.860 3.139 3.406 3.501 3.570 3.627 3.584 3.274 3.365 
7.250 10.760 1.737 2.308 2.860 3.138 3.405 3.500 3.569 3.626 3.584 3.273 3.364 
7.250 11.180 1.735 2.306 2.858 3.137 3.404 3.498 3.567 3.624 3.582 3.269 3.362 
7.250 11.820 1.730 2.300 2.854 3.134 3.401 3.496 3.564 3.620 3.577 3.261 3.356 
7.250 12.770 1.724 2.295 2.850 3.130 3.398 3.493 3.561 3.615 3.571 3.252 3.349 
7.250 14.140 1.718 2.289 2.845 3.126 3.394 3.489 3.557 3.610 3.566 3.243 3.343 
7.250 16.080 1.655 2.225 2.782 3.062 3.329 3.424 3.492 3.544 3.500 3.188 3.272 
7.250 18.740 1.581 2.152 2.709 2.987 3.253 3.348 3.417 3.467 3.425 3.125 3.190 
7.250 22.320 1.507 2.077 2.634 2.911 3.175 3.271 3.341 3.390 3.349 3.061 3.108 
7.250 27.040 1.432 1.973 2.528 2.799 3.062 3.157 3.230 3.279 3.237 2.968 2.996 
7.250 33.160 1.329 1.837 2.385 2.650 2.910 3.005 3.082 3.130 3.087 2.842 2.852 
7.250 41.050 1.213 1.699 2.241 2.498 2.756 2.853 2.933 2.981 2.936 2.716 2.706 
7.250 51.110 1.094 1.562 2.098 2.347 2.603 2.701 2.785 2.832 2.785 2.590 2.563 
7.250 63.890 0.993 1.445 1.974 2.219 2.470 2.569 2.652 2.698 2.645 2.474 2.445 
7.250 80.060 0.887 1.326 1.847 2.087 2.333 2.433 2.517 2.562 2.503 2.354 2.324 
7.250 100.500 0.776 1.202 1.716 1.951 2.192 2.293 2.377 2.421 2.356 2.229 2.199 
7.250 126.290 0.698 1.112 1.624 1.858 2.088 2.184 2.262 2.296 2.219 2.109 2.101 
7.250 158.810 0.624 1.027 1.540 1.775 1.991 2.079 2.146 2.167 2.076 1.981 2.006 
7.250 199.780 0.550 0.941 1.456 1.692 1.893 1.973 2.030 2.039 1.933 1.852 1.911 
7.250 251.390 0.471 0.852 1.370 1.604 1.787 1.855 1.900 1.893 1.773 1.707 1.806 
7.250 316.390 0.383 0.754 1.281 1.510 1.667 1.713 1.740 1.712 1.579 1.530 1.681 
7.250 398.240 0.297 0.656 1.193 1.415 1.547 1.572 1.581 1.531 1.384 1.353 1.556 
7.250 501.290 0.208 0.558 1.104 1.320 1.426 1.430 1.421 1.351 1.189 1.175 1.430 
7.250 631.040 0.131 0.471 1.037 1.260 1.370 1.375 1.366 1.293 1.125 1.110 1.339 
7.250 794.390 0.055 0.384 0.970 1.201 1.316 1.323 1.315 1.240 1.066 1.050 1.249 
7.500 10.050 1.923 2.457 2.967 3.227 3.485 3.572 3.637 3.693 3.650 3.319 3.445 
7.500 10.080 1.923 2.457 2.966 3.227 3.484 3.572 3.637 3.693 3.649 3.318 3.445 
7.500 10.120 1.922 2.456 2.966 3.227 3.484 3.572 3.637 3.693 3.649 3.318 3.445 
7.500 10.200 1.922 2.456 2.966 3.226 3.484 3.571 3.636 3.692 3.649 3.318 3.444 
7.500 10.310 1.921 2.455 2.965 3.226 3.483 3.571 3.636 3.692 3.648 3.317 3.444 
7.500 10.490 1.921 2.455 2.964 3.225 3.482 3.570 3.635 3.691 3.647 3.317 3.443 
7.500 10.760 1.920 2.454 2.964 3.224 3.482 3.569 3.634 3.690 3.647 3.316 3.442 
7.500 11.180 1.919 2.453 2.963 3.224 3.481 3.569 3.634 3.689 3.645 3.313 3.441 
7.500 11.820 1.916 2.450 2.961 3.223 3.481 3.569 3.633 3.688 3.642 3.306 3.438 
7.500 12.770 1.913 2.447 2.960 3.222 3.481 3.569 3.633 3.686 3.639 3.299 3.435 
7.500 14.140 1.910 2.444 2.958 3.221 3.480 3.568 3.632 3.683 3.636 3.291 3.431 
7.500 16.080 1.873 2.407 2.922 3.184 3.443 3.531 3.596 3.645 3.599 3.261 3.391 
7.500 18.740 1.829 2.363 2.880 3.141 3.400 3.488 3.553 3.601 3.556 3.227 3.344 
7.500 22.320 1.784 2.318 2.837 3.097 3.356 3.443 3.509 3.556 3.512 3.192 3.296 
7.500 27.040 1.687 2.221 2.738 2.995 3.252 3.340 3.406 3.453 3.409 3.107 3.194 
7.500 33.160 1.544 2.066 2.579 2.829 3.084 3.171 3.240 3.287 3.241 2.970 3.032 
7.500 41.050 1.421 1.909 2.419 2.662 2.913 3.001 3.072 3.119 3.071 2.830 2.868 
7.500 51.110 1.286 1.754 2.259 2.496 2.745 2.834 2.906 2.954 2.903 2.692 2.708 
7.500 63.890 1.176 1.630 2.127 2.357 2.603 2.692 2.766 2.813 2.758 2.571 2.583 
7.500 80.060 1.060 1.502 1.991 2.214 2.457 2.547 2.622 2.669 2.609 2.447 2.455 
7.500 100.500 0.938 1.370 1.851 2.068 2.307 2.399 2.473 2.521 2.456 2.319 2.322 
7.500 126.290 0.855 1.278 1.755 1.968 2.196 2.287 2.357 2.396 2.320 2.201 2.223 
7.500 158.810 0.780 1.194 1.667 1.879 2.093 2.181 2.245 2.273 2.183 2.079 2.128 
7.500 199.780 0.704 1.110 1.579 1.789 1.990 2.073 2.131 2.148 2.045 1.955 2.033 
7.500 251.390 0.624 1.021 1.491 1.697 1.879 1.954 2.002 2.005 1.888 1.815 1.928 
7.500 316.390 0.535 0.925 1.401 1.600 1.756 1.812 1.845 1.828 1.698 1.642 1.804 
7.500 398.240 0.446 0.829 1.310 1.502 1.633 1.671 1.688 1.650 1.507 1.470 1.681 
7.500 501.290 0.357 0.733 1.220 1.404 1.509 1.529 1.531 1.473 1.316 1.297 1.557 
7.500 631.040 0.283 0.651 1.157 1.347 1.456 1.477 1.479 1.419 1.256 1.236 1.470 
7.500 794.390 0.210 0.571 1.094 1.292 1.405 1.429 1.432 1.371 1.201 1.180 1.385 
7.750 10.050 2.058 2.559 3.029 3.277 3.531 3.616 3.684 3.741 3.699 3.354 3.508 
7.750 10.080 2.057 2.559 3.029 3.277 3.531 3.616 3.684 3.740 3.698 3.354 3.508 
7.750 10.120 2.057 2.559 3.028 3.276 3.531 3.615 3.683 3.740 3.698 3.354 3.507 
7.750 10.200 2.057 2.558 3.028 3.276 3.530 3.615 3.683 3.740 3.698 3.353 3.507 
7.750 10.310 2.056 2.558 3.028 3.275 3.530 3.614 3.682 3.739 3.697 3.353 3.506 
7.750 10.490 2.056 2.557 3.027 3.275 3.529 3.614 3.682 3.739 3.696 3.352 3.506 
7.750 10.760 2.055 2.557 3.026 3.274 3.528 3.613 3.681 3.738 3.696 3.351 3.505 
7.750 11.180 2.054 2.555 3.025 3.273 3.527 3.612 3.680 3.737 3.694 3.350 3.504 
7.750 11.820 2.052 2.553 3.024 3.272 3.527 3.611 3.679 3.735 3.692 3.345 3.502 
7.750 12.770 2.049 2.551 3.022 3.271 3.526 3.611 3.678 3.733 3.690 3.341 3.499 
7.750 14.140 2.047 2.549 3.020 3.269 3.525 3.609 3.677 3.731 3.687 3.336 3.497 
7.750 16.080 2.026 2.528 3.001 3.250 3.506 3.591 3.658 3.710 3.667 3.317 3.475 
7.750 18.740 2.002 2.504 2.978 3.227 3.483 3.569 3.636 3.686 3.643 3.296 3.450 
7.750 22.320 1.977 2.479 2.955 3.203 3.460 3.546 3.613 3.661 3.618 3.273 3.424 
7.750 27.040 1.899 2.401 2.878 3.124 3.379 3.465 3.533 3.580 3.536 3.207 3.343 
7.750 33.160 1.763 2.265 2.742 2.983 3.236 3.322 3.391 3.438 3.393 3.094 3.202 
7.750 41.050 1.625 2.127 2.605 2.841 3.091 3.177 3.247 3.294 3.248 2.978 3.059 
7.750 51.110 1.513 1.987 2.464 2.695 2.942 3.028 3.099 3.147 3.099 2.858 2.914 
7.750 63.890 1.379 1.837 2.307 2.531 2.776 2.862 2.933 2.982 2.928 2.716 2.764 
7.750 80.060 1.235 1.684 2.146 2.365 2.608 2.695 2.766 2.814 2.754 2.571 2.611 
7.750 100.500 1.084 1.526 1.981 2.194 2.435 2.523 2.594 2.643 2.576 2.423 2.453 
7.750 126.290 0.992 1.427 1.874 2.083 2.316 2.404 2.472 2.513 2.436 2.304 2.346 
7.750 158.810 0.913 1.343 1.781 1.988 2.211 2.297 2.361 2.392 2.302 2.187 2.251 
7.750 199.780 0.834 1.258 1.689 1.892 2.105 2.190 2.249 2.271 2.168 2.071 2.155 
7.750 251.390 0.751 1.170 1.596 1.795 1.993 2.070 2.120 2.129 2.014 1.935 2.050 
7.750 316.390 0.660 1.075 1.503 1.693 1.867 1.928 1.964 1.953 1.824 1.765 1.926 
7.750 398.240 0.568 0.979 1.410 1.592 1.742 1.786 1.807 1.776 1.634 1.594 1.803 
7.750 501.290 0.477 0.883 1.317 1.490 1.617 1.643 1.651 1.599 1.445 1.424 1.679 
7.750 631.040 0.407 0.807 1.256 1.436 1.567 1.595 1.604 1.550 1.389 1.367 1.596 
7.750 794.390 0.336 0.732 1.198 1.384 1.521 1.551 1.561 1.506 1.340 1.316 1.516 
8.000 10.050 2.187 2.662 3.092 3.326 3.578 3.659 3.730 3.788 3.748 3.390 3.570 
8.000 10.080 2.186 2.662 3.091 3.326 3.577 3.659 3.730 3.788 3.747 3.390 3.570 
8.000 10.120 2.186 2.661 3.091 3.326 3.577 3.659 3.730 3.788 3.747 3.389 3.570 
8.000 10.200 2.186 2.661 3.091 3.325 3.577 3.658 3.729 3.787 3.747 3.389 3.569 
8.000 10.310 2.185 2.660 3.090 3.325 3.576 3.658 3.729 3.787 3.746 3.388 3.569 
8.000 10.490 2.185 2.660 3.089 3.324 3.575 3.657 3.728 3.786 3.745 3.388 3.568 
8.000 10.760 2.184 2.659 3.089 3.323 3.575 3.656 3.727 3.785 3.745 3.387 3.567 
8.000 11.180 2.183 2.658 3.088 3.322 3.574 3.655 3.726 3.784 3.744 3.386 3.566 
8.000 11.820 2.181 2.657 3.086 3.321 3.572 3.654 3.725 3.783 3.742 3.385 3.565 
8.000 12.770 2.180 2.655 3.085 3.319 3.571 3.652 3.723 3.781 3.741 3.383 3.563 
8.000 14.140 2.178 2.653 3.083 3.317 3.569 3.650 3.721 3.779 3.739 3.381 3.561 
8.000 16.080 2.174 2.649 3.080 3.316 3.568 3.650 3.720 3.776 3.734 3.373 3.559 
8.000 18.740 2.170 2.645 3.077 3.313 3.567 3.650 3.719 3.771 3.729 3.365 3.556 
8.000 22.320 2.164 2.640 3.073 3.310 3.565 3.649 3.717 3.766 3.724 3.355 3.552 
8.000 27.040 2.106 2.581 3.018 3.253 3.507 3.591 3.660 3.707 3.664 3.307 3.493 
8.000 33.160 1.989 2.464 2.905 3.137 3.389 3.473 3.542 3.589 3.545 3.217 3.372 
8.000 41.050 1.870 2.345 2.791 3.020 3.269 3.352 3.422 3.470 3.425 3.126 3.250 
8.000 51.110 1.744 2.219 2.668 2.894 3.140 3.224 3.293 3.341 3.296 3.026 3.121 
8.000 63.890 1.580 2.044 2.486 2.706 2.951 3.034 3.102 3.152 3.099 2.861 2.945 
8.000 80.060 1.408 1.865 2.301 2.515 2.759 2.842 2.910 2.960 2.899 2.695 2.766 
8.000 100.500 1.230 1.682 2.111 2.320 2.563 2.647 2.715 2.765 2.697 2.526 2.584 
8.000 126.290 1.127 1.576 1.993 2.198 2.436 2.521 2.586 2.630 2.551 2.406 2.469 
8.000 158.810 1.045 1.492 1.896 2.097 2.328 2.414 2.476 2.511 2.421 2.296 2.373 
8.000 199.780 0.961 1.408 1.798 1.995 2.220 2.306 2.365 2.392 2.290 2.185 2.277 
8.000 251.390 0.876 1.320 1.701 1.893 2.106 2.187 2.239 2.254 2.139 2.056 2.172 
8.000 316.390 0.781 1.224 1.605 1.787 1.979 2.043 2.083 2.078 1.951 1.887 2.048 
8.000 398.240 0.687 1.129 1.509 1.682 1.852 1.900 1.927 1.902 1.762 1.719 1.925 
8.000 501.290 0.593 1.034 1.413 1.577 1.724 1.757 1.770 1.725 1.574 1.551 1.801 
8.000 631.040 0.525 0.963 1.356 1.525 1.678 1.713 1.728 1.681 1.523 1.499 1.723 
8.000 794.390 0.456 0.894 1.301 1.476 1.636 1.674 1.690 1.642 1.478 1.453 1.646 
