CanadaSHM5_AA13_stablecrust_high , distance is rhypo. Log10 ground motion values in cgs units
          15 30 11 : nmag, ndist, nperiod
          10.000 5.000 2.000 1.000 0.500 0.300 0.200 0.100 0.050 PGA PGV 
          0.620 0.620 0.620 0.620 0.580 0.540 0.530 0.530 0.530 0.530 0.620
4.500 10.050 -1.881 -0.619 0.555 1.250 1.868 2.194 2.504 2.862 2.937 2.642 2.005 
4.500 10.080 -1.892 -0.629 0.539 1.234 1.854 2.182 2.490 2.842 2.913 2.625 1.985 
4.500 10.120 -1.899 -0.639 0.522 1.219 1.840 2.170 2.476 2.821 2.889 2.607 1.965 
4.500 10.200 -1.899 -0.650 0.506 1.203 1.825 2.158 2.461 2.801 2.864 2.590 1.946 
4.500 10.310 -1.912 -0.673 0.472 1.170 1.797 2.134 2.433 2.762 2.820 2.554 1.904 
4.500 10.490 -1.916 -0.704 0.427 1.128 1.759 2.101 2.396 2.711 2.762 2.507 1.850 
4.500 10.760 -1.923 -0.736 0.382 1.085 1.721 2.069 2.359 2.660 2.704 2.459 1.795 
4.500 11.180 -1.937 -0.775 0.330 1.036 1.677 2.029 2.315 2.603 2.642 2.405 1.732 
4.500 11.820 -1.967 -0.838 0.260 0.967 1.612 1.967 2.249 2.527 2.562 2.328 1.645 
4.500 12.770 -1.992 -0.901 0.190 0.897 1.547 1.905 2.183 2.450 2.482 2.251 1.557 
4.500 14.140 -2.018 -0.965 0.119 0.827 1.481 1.843 2.117 2.373 2.402 2.174 1.469 
4.500 16.080 -2.071 -1.058 0.023 0.726 1.380 1.740 2.013 2.262 2.295 2.061 1.350 
4.500 18.740 -2.130 -1.157 -0.077 0.621 1.273 1.630 1.901 2.146 2.182 1.943 1.224 
4.500 22.320 -2.189 -1.257 -0.178 0.514 1.165 1.520 1.789 2.029 2.069 1.824 1.098 
4.500 27.040 -2.260 -1.369 -0.293 0.392 1.040 1.392 1.659 1.894 1.935 1.685 0.957 
4.500 33.160 -2.346 -1.496 -0.425 0.253 0.896 1.245 1.508 1.739 1.777 1.525 0.799 
4.500 41.050 -2.432 -1.625 -0.559 0.113 0.750 1.097 1.355 1.582 1.618 1.364 0.640 
4.500 51.110 -2.519 -1.754 -0.693 -0.028 0.605 0.949 1.203 1.425 1.458 1.202 0.481 
4.500 63.890 -2.591 -1.865 -0.816 -0.149 0.479 0.825 1.071 1.285 1.299 1.053 0.344 
4.500 80.060 -2.665 -1.981 -0.943 -0.274 0.349 0.698 0.936 1.141 1.137 0.901 0.204 
4.500 100.500 -2.742 -2.100 -1.073 -0.404 0.216 0.566 0.796 0.993 0.970 0.744 0.059 
4.500 126.290 -2.789 -2.188 -1.174 -0.501 0.111 0.459 0.677 0.853 0.813 0.604 -0.060 
4.500 158.810 -2.831 -2.271 -1.271 -0.595 0.009 0.353 0.558 0.709 0.650 0.464 -0.177 
4.500 199.780 -2.872 -2.354 -1.368 -0.689 -0.093 0.247 0.439 0.564 0.488 0.323 -0.293 
4.500 251.390 -2.924 -2.447 -1.470 -0.792 -0.208 0.122 0.300 0.396 0.305 0.161 -0.425 
4.500 316.390 -2.991 -2.555 -1.583 -0.913 -0.349 -0.038 0.120 0.183 0.080 -0.041 -0.586 
4.500 398.240 -3.060 -2.664 -1.695 -1.034 -0.489 -0.199 -0.061 -0.031 -0.145 -0.243 -0.747 
4.500 501.290 -3.127 -2.773 -1.808 -1.155 -0.630 -0.360 -0.241 -0.244 -0.370 -0.445 -0.908 
4.500 631.040 -3.283 -2.970 -1.970 -1.294 -0.750 -0.471 -0.349 -0.357 -0.491 -0.567 -1.075 
4.500 794.390 -3.442 -3.171 -2.134 -1.433 -0.869 -0.580 -0.454 -0.465 -0.609 -0.685 -1.243 
4.750 10.050 -1.479 -0.308 0.787 1.419 1.994 2.304 2.588 2.925 3.010 2.708 2.122 
4.750 10.080 -1.488 -0.317 0.773 1.406 1.983 2.294 2.576 2.907 2.990 2.694 2.105 
4.750 10.120 -1.498 -0.327 0.760 1.394 1.972 2.285 2.564 2.889 2.970 2.679 2.088 
4.750 10.200 -1.498 -0.337 0.746 1.381 1.960 2.276 2.552 2.870 2.949 2.664 2.071 
4.750 10.310 -1.510 -0.360 0.715 1.352 1.935 2.254 2.527 2.833 2.909 2.631 2.033 
4.750 10.490 -1.520 -0.391 0.674 1.314 1.902 2.224 2.492 2.784 2.857 2.587 1.982 
4.750 10.760 -1.526 -0.423 0.633 1.276 1.868 2.194 2.458 2.736 2.805 2.542 1.931 
4.750 11.180 -1.540 -0.462 0.585 1.231 1.827 2.157 2.416 2.681 2.747 2.491 1.872 
4.750 11.820 -1.570 -0.521 0.519 1.167 1.766 2.097 2.353 2.607 2.672 2.417 1.789 
4.750 12.770 -1.593 -0.581 0.453 1.102 1.705 2.037 2.290 2.533 2.596 2.343 1.706 
4.750 14.140 -1.618 -0.641 0.386 1.037 1.643 1.977 2.226 2.459 2.519 2.269 1.623 
4.750 16.080 -1.667 -0.728 0.295 0.941 1.545 1.877 2.125 2.355 2.415 2.161 1.509 
4.750 18.740 -1.720 -0.819 0.199 0.840 1.441 1.770 2.018 2.245 2.306 2.049 1.390 
4.750 22.320 -1.773 -0.912 0.103 0.738 1.337 1.662 1.910 2.134 2.196 1.935 1.271 
4.750 27.040 -1.839 -1.017 -0.009 0.620 1.215 1.537 1.784 2.006 2.067 1.804 1.137 
4.750 33.160 -1.921 -1.136 -0.137 0.485 1.074 1.395 1.639 1.859 1.915 1.653 0.987 
4.750 41.050 -2.002 -1.257 -0.266 0.348 0.932 1.250 1.492 1.710 1.762 1.501 0.836 
4.750 51.110 -2.085 -1.378 -0.396 0.212 0.790 1.107 1.345 1.560 1.607 1.348 0.686 
4.750 63.890 -2.158 -1.489 -0.517 0.094 0.668 0.987 1.216 1.423 1.451 1.204 0.555 
4.750 80.060 -2.233 -1.603 -0.642 -0.028 0.542 0.864 1.084 1.281 1.292 1.056 0.420 
4.750 100.500 -2.313 -1.722 -0.770 -0.153 0.413 0.737 0.948 1.136 1.128 0.903 0.282 
4.750 126.290 -2.368 -1.815 -0.870 -0.247 0.312 0.632 0.831 0.996 0.969 0.763 0.166 
4.750 158.810 -2.421 -1.905 -0.967 -0.337 0.214 0.529 0.714 0.850 0.803 0.620 0.051 
4.750 199.780 -2.474 -1.996 -1.064 -0.427 0.116 0.426 0.596 0.705 0.638 0.477 -0.064 
4.750 251.390 -2.531 -2.094 -1.165 -0.526 0.005 0.304 0.458 0.537 0.452 0.313 -0.194 
4.750 316.390 -2.606 -2.206 -1.275 -0.642 -0.131 0.147 0.281 0.325 0.228 0.112 -0.351 
4.750 398.240 -2.678 -2.318 -1.384 -0.758 -0.268 -0.011 0.104 0.113 0.004 -0.089 -0.508 
4.750 501.290 -2.752 -2.430 -1.494 -0.875 -0.404 -0.169 -0.074 -0.099 -0.220 -0.291 -0.665 
4.750 631.040 -2.898 -2.615 -1.644 -1.003 -0.516 -0.273 -0.176 -0.206 -0.337 -0.407 -0.824 
4.750 794.390 -3.048 -2.803 -1.797 -1.132 -0.627 -0.374 -0.275 -0.309 -0.448 -0.520 -0.982 
5.000 10.050 -1.080 0.003 1.019 1.588 2.120 2.413 2.672 2.988 3.083 2.775 2.239 
5.000 10.080 -1.089 -0.006 1.008 1.578 2.112 2.406 2.663 2.972 3.067 2.762 2.225 
5.000 10.120 -1.097 -0.015 0.997 1.569 2.104 2.400 2.653 2.956 3.051 2.750 2.211 
5.000 10.200 -1.105 -0.023 0.986 1.559 2.095 2.393 2.643 2.940 3.034 2.737 2.197 
5.000 10.310 -1.115 -0.046 0.958 1.534 2.074 2.373 2.620 2.905 2.999 2.707 2.162 
5.000 10.490 -1.130 -0.078 0.921 1.501 2.044 2.346 2.588 2.858 2.953 2.667 2.114 
5.000 10.760 -1.136 -0.110 0.884 1.467 2.014 2.319 2.557 2.811 2.906 2.625 2.067 
5.000 11.180 -1.149 -0.148 0.840 1.427 1.978 2.285 2.518 2.758 2.853 2.577 2.012 
5.000 11.820 -1.178 -0.204 0.779 1.367 1.920 2.227 2.457 2.688 2.781 2.506 1.934 
5.000 12.770 -1.200 -0.261 0.717 1.308 1.863 2.169 2.396 2.617 2.709 2.435 1.855 
5.000 14.140 -1.223 -0.318 0.654 1.247 1.805 2.111 2.335 2.546 2.636 2.364 1.776 
5.000 16.080 -1.268 -0.398 0.567 1.156 1.711 2.013 2.238 2.447 2.536 2.262 1.669 
5.000 18.740 -1.316 -0.482 0.475 1.059 1.610 1.909 2.135 2.344 2.430 2.155 1.557 
5.000 22.320 -1.364 -0.567 0.383 0.961 1.508 1.804 2.031 2.240 2.324 2.047 1.443 
5.000 27.040 -1.426 -0.664 0.276 0.847 1.389 1.683 1.910 2.119 2.198 1.923 1.317 
5.000 33.160 -1.501 -0.775 0.152 0.716 1.252 1.544 1.770 1.980 2.053 1.782 1.176 
5.000 41.050 -1.578 -0.888 0.027 0.584 1.114 1.404 1.628 1.838 1.906 1.638 1.033 
5.000 51.110 -1.659 -1.002 -0.099 0.452 0.976 1.265 1.487 1.696 1.757 1.494 0.890 
5.000 63.890 -1.730 -1.112 -0.218 0.337 0.857 1.149 1.361 1.561 1.604 1.354 0.765 
5.000 80.060 -1.807 -1.226 -0.341 0.219 0.736 1.030 1.233 1.422 1.447 1.210 0.637 
5.000 100.500 -1.890 -1.343 -0.467 0.097 0.610 0.907 1.100 1.279 1.287 1.062 0.504 
5.000 126.290 -1.951 -1.441 -0.567 0.007 0.513 0.806 0.985 1.139 1.125 0.922 0.391 
5.000 158.810 -2.013 -1.540 -0.663 -0.078 0.419 0.705 0.869 0.992 0.957 0.776 0.278 
5.000 199.780 -2.075 -1.638 -0.760 -0.164 0.325 0.605 0.753 0.845 0.788 0.630 0.165 
5.000 251.390 -2.147 -1.742 -0.860 -0.259 0.218 0.486 0.617 0.677 0.600 0.466 0.038 
5.000 316.390 -2.224 -1.856 -0.966 -0.371 0.086 0.332 0.442 0.467 0.377 0.265 -0.115 
5.000 398.240 -2.302 -1.971 -1.073 -0.483 -0.046 0.177 0.268 0.257 0.153 0.064 -0.269 
5.000 501.290 -2.383 -2.086 -1.180 -0.594 -0.179 0.023 0.094 0.048 -0.071 -0.136 -0.422 
5.000 631.040 -2.520 -2.259 -1.319 -0.713 -0.282 -0.074 -0.002 -0.055 -0.182 -0.247 -0.572 
5.000 794.390 -2.659 -2.434 -1.460 -0.831 -0.384 -0.169 -0.095 -0.152 -0.288 -0.354 -0.722 
5.250 10.050 -0.708 0.290 1.240 1.764 2.258 2.530 2.765 3.050 3.146 2.834 2.350 
5.250 10.080 -0.714 0.285 1.234 1.758 2.254 2.527 2.760 3.039 3.136 2.826 2.341 
5.250 10.120 -0.719 0.279 1.227 1.753 2.250 2.523 2.754 3.028 3.125 2.817 2.332 
5.250 10.200 -0.725 0.273 1.220 1.747 2.246 2.520 2.748 3.017 3.115 2.808 2.322 
5.250 10.310 -0.742 0.252 1.196 1.727 2.227 2.502 2.727 2.985 3.083 2.781 2.291 
5.250 10.490 -0.760 0.221 1.162 1.696 2.199 2.476 2.696 2.941 3.040 2.743 2.246 
5.250 10.760 -0.767 0.190 1.127 1.666 2.171 2.449 2.665 2.897 2.996 2.705 2.201 
5.250 11.180 -0.778 0.153 1.087 1.629 2.137 2.415 2.627 2.847 2.946 2.660 2.149 
5.250 11.820 -0.808 0.099 1.027 1.572 2.081 2.358 2.568 2.780 2.878 2.593 2.075 
5.250 12.770 -0.829 0.045 0.968 1.515 2.024 2.301 2.509 2.713 2.809 2.526 2.001 
5.250 14.140 -0.851 -0.010 0.908 1.457 1.968 2.244 2.449 2.645 2.740 2.459 1.926 
5.250 16.080 -0.895 -0.086 0.824 1.367 1.874 2.148 2.355 2.552 2.644 2.364 1.825 
5.250 18.740 -0.942 -0.167 0.734 1.271 1.775 2.046 2.255 2.454 2.542 2.263 1.718 
5.250 22.320 -0.989 -0.249 0.644 1.175 1.674 1.943 2.154 2.355 2.440 2.162 1.611 
5.250 27.040 -1.049 -0.343 0.539 1.063 1.557 1.825 2.038 2.240 2.321 2.047 1.491 
5.250 33.160 -1.121 -0.449 0.420 0.936 1.423 1.692 1.905 2.109 2.183 1.915 1.358 
5.250 41.050 -1.195 -0.557 0.299 0.807 1.288 1.557 1.771 1.975 2.043 1.781 1.224 
5.250 51.110 -1.271 -0.666 0.177 0.678 1.152 1.423 1.636 1.840 1.900 1.646 1.089 
5.250 63.890 -1.344 -0.772 0.063 0.568 1.038 1.312 1.516 1.710 1.753 1.513 0.971 
5.250 80.060 -1.419 -0.880 -0.055 0.454 0.920 1.197 1.392 1.576 1.602 1.376 0.848 
5.250 100.500 -1.499 -0.993 -0.177 0.336 0.798 1.078 1.265 1.438 1.447 1.235 0.722 
5.250 126.290 -1.560 -1.087 -0.270 0.251 0.705 0.979 1.150 1.298 1.286 1.095 0.614 
5.250 158.810 -1.623 -1.183 -0.361 0.170 0.615 0.880 1.034 1.149 1.116 0.947 0.505 
5.250 199.780 -1.686 -1.278 -0.451 0.089 0.525 0.782 0.917 1.000 0.945 0.799 0.395 
5.250 251.390 -1.754 -1.380 -0.546 -0.001 0.423 0.665 0.781 0.830 0.756 0.632 0.273 
5.250 316.390 -1.834 -1.492 -0.647 -0.107 0.295 0.514 0.608 0.620 0.532 0.431 0.124 
5.250 398.240 -1.913 -1.605 -0.749 -0.214 0.168 0.363 0.435 0.411 0.308 0.229 -0.025 
5.250 501.290 -1.993 -1.717 -0.850 -0.321 0.040 0.211 0.262 0.201 0.084 0.028 -0.174 
5.250 631.040 -2.121 -1.877 -0.978 -0.429 -0.055 0.121 0.172 0.104 -0.022 -0.077 -0.315 
5.250 794.390 -2.250 -2.039 -1.106 -0.537 -0.149 0.033 0.085 0.012 -0.122 -0.178 -0.455 
5.500 10.050 -0.340 0.578 1.462 1.939 2.396 2.647 2.858 3.111 3.209 2.894 2.461 
5.500 10.080 -0.343 0.576 1.459 1.938 2.396 2.647 2.857 3.105 3.205 2.889 2.457 
5.500 10.120 -0.346 0.573 1.457 1.937 2.396 2.647 2.855 3.100 3.200 2.883 2.452 
5.500 10.200 -0.349 0.569 1.454 1.936 2.396 2.647 2.853 3.094 3.195 2.878 2.447 
5.500 10.310 -0.369 0.550 1.433 1.919 2.380 2.631 2.834 3.066 3.168 2.854 2.419 
5.500 10.490 -0.393 0.520 1.402 1.892 2.354 2.605 2.803 3.024 3.126 2.819 2.377 
5.500 10.760 -0.409 0.490 1.370 1.864 2.328 2.579 2.773 2.983 3.085 2.784 2.335 
5.500 11.180 -0.416 0.454 1.333 1.830 2.295 2.545 2.735 2.935 3.038 2.742 2.286 
5.500 11.820 -0.443 0.403 1.276 1.776 2.241 2.489 2.678 2.872 2.974 2.680 2.217 
5.500 12.770 -0.466 0.351 1.220 1.721 2.186 2.433 2.621 2.809 2.909 2.617 2.147 
5.500 14.140 -0.486 0.298 1.163 1.666 2.131 2.377 2.563 2.745 2.844 2.554 2.077 
5.500 16.080 -0.528 0.225 1.080 1.578 2.038 2.283 2.472 2.656 2.752 2.466 1.981 
5.500 18.740 -0.574 0.147 0.993 1.484 1.940 2.183 2.375 2.563 2.655 2.372 1.880 
5.500 22.320 -0.621 0.068 0.905 1.388 1.840 2.082 2.277 2.470 2.557 2.278 1.778 
5.500 27.040 -0.677 -0.021 0.803 1.279 1.725 1.968 2.166 2.362 2.443 2.170 1.666 
5.500 33.160 -0.747 -0.123 0.688 1.155 1.594 1.840 2.040 2.238 2.312 2.048 1.541 
5.500 41.050 -0.818 -0.226 0.570 1.029 1.461 1.711 1.913 2.112 2.179 1.924 1.415 
5.500 51.110 -0.891 -0.330 0.452 0.904 1.329 1.582 1.786 1.985 2.043 1.798 1.288 
5.500 63.890 -0.961 -0.431 0.343 0.798 1.218 1.474 1.670 1.859 1.902 1.672 1.176 
5.500 80.060 -1.035 -0.534 0.231 0.689 1.104 1.364 1.552 1.731 1.757 1.542 1.060 
5.500 100.500 -1.112 -0.642 0.114 0.575 0.985 1.249 1.429 1.598 1.607 1.408 0.940 
5.500 126.290 -1.173 -0.733 0.026 0.494 0.897 1.153 1.316 1.457 1.447 1.268 0.837 
5.500 158.810 -1.237 -0.826 -0.059 0.418 0.811 1.056 1.199 1.306 1.275 1.117 0.731 
5.500 199.780 -1.300 -0.919 -0.143 0.342 0.726 0.959 1.081 1.155 1.102 0.967 0.626 
5.500 251.390 -1.367 -1.018 -0.232 0.258 0.627 0.845 0.946 0.984 0.912 0.799 0.507 
5.500 316.390 -1.448 -1.128 -0.328 0.156 0.505 0.696 0.774 0.774 0.687 0.597 0.363 
5.500 398.240 -1.529 -1.239 -0.424 0.055 0.382 0.548 0.602 0.564 0.463 0.394 0.219 
5.500 501.290 -1.609 -1.349 -0.520 -0.047 0.259 0.399 0.430 0.355 0.238 0.192 0.074 
5.500 631.040 -1.726 -1.496 -0.636 -0.145 0.172 0.316 0.346 0.263 0.138 0.093 -0.058 
5.500 794.390 -1.845 -1.644 -0.752 -0.244 0.086 0.235 0.265 0.177 0.043 -0.002 -0.189 
5.750 10.050 -0.014 0.833 1.661 2.103 2.524 2.753 2.945 3.170 3.265 2.944 2.562 
5.750 10.080 -0.016 0.831 1.660 2.102 2.524 2.753 2.944 3.166 3.262 2.940 2.559 
5.750 10.120 -0.018 0.829 1.658 2.101 2.524 2.753 2.943 3.162 3.258 2.936 2.556 
5.750 10.200 -0.021 0.826 1.655 2.101 2.524 2.753 2.942 3.158 3.255 2.931 2.552 
5.750 10.310 -0.036 0.810 1.640 2.088 2.512 2.740 2.926 3.137 3.234 2.913 2.530 
5.750 10.490 -0.060 0.786 1.616 2.067 2.492 2.720 2.903 3.105 3.202 2.886 2.498 
5.750 10.760 -0.079 0.762 1.591 2.046 2.472 2.700 2.879 3.073 3.170 2.858 2.464 
5.750 11.180 -0.089 0.731 1.559 2.018 2.443 2.671 2.847 3.034 3.131 2.823 2.423 
5.750 11.820 -0.112 0.680 1.504 1.964 2.390 2.615 2.790 2.973 3.070 2.764 2.356 
5.750 12.770 -0.138 0.628 1.449 1.911 2.335 2.560 2.733 2.912 3.008 2.705 2.288 
5.750 14.140 -0.158 0.575 1.392 1.856 2.280 2.504 2.676 2.850 2.945 2.646 2.220 
5.750 16.080 -0.202 0.501 1.310 1.768 2.189 2.411 2.586 2.763 2.855 2.561 2.126 
5.750 18.740 -0.248 0.423 1.222 1.674 2.090 2.312 2.490 2.670 2.759 2.471 2.027 
5.750 22.320 -0.296 0.344 1.134 1.579 1.991 2.212 2.394 2.577 2.662 2.380 1.928 
5.750 27.040 -0.355 0.255 1.033 1.470 1.877 2.099 2.285 2.470 2.551 2.276 1.818 
5.750 33.160 -0.427 0.155 0.919 1.347 1.747 1.974 2.162 2.349 2.423 2.160 1.698 
5.750 41.050 -0.500 0.053 0.803 1.222 1.616 1.847 2.038 2.226 2.294 2.042 1.576 
5.750 51.110 -0.574 -0.050 0.687 1.098 1.485 1.720 1.914 2.102 2.162 1.921 1.454 
5.750 63.890 -0.645 -0.148 0.580 0.994 1.375 1.613 1.801 1.980 2.025 1.800 1.345 
5.750 80.060 -0.718 -0.250 0.470 0.886 1.262 1.504 1.684 1.854 1.885 1.675 1.233 
5.750 100.500 -0.797 -0.357 0.356 0.775 1.145 1.390 1.563 1.725 1.740 1.546 1.116 
5.750 126.290 -0.859 -0.446 0.272 0.696 1.058 1.295 1.452 1.588 1.584 1.409 1.016 
5.750 158.810 -0.922 -0.536 0.191 0.623 0.975 1.199 1.336 1.441 1.414 1.261 0.914 
5.750 199.780 -0.985 -0.627 0.110 0.550 0.892 1.104 1.220 1.294 1.245 1.113 0.813 
5.750 251.390 -1.054 -0.723 0.025 0.469 0.797 0.991 1.086 1.127 1.059 0.947 0.698 
5.750 316.390 -1.135 -0.831 -0.067 0.371 0.677 0.845 0.916 0.921 0.837 0.747 0.558 
5.750 398.240 -1.215 -0.938 -0.160 0.273 0.557 0.699 0.746 0.716 0.616 0.547 0.418 
5.750 501.290 -1.296 -1.045 -0.252 0.176 0.438 0.553 0.576 0.511 0.395 0.347 0.278 
5.750 631.040 -1.404 -1.181 -0.358 0.085 0.357 0.475 0.498 0.425 0.300 0.253 0.154 
5.750 794.390 -1.514 -1.318 -0.464 -0.005 0.278 0.400 0.423 0.345 0.211 0.164 0.030 
6.000 10.050 0.310 1.088 1.861 2.266 2.651 2.859 3.033 3.228 3.321 2.995 2.663 
6.000 10.080 0.308 1.086 1.860 2.266 2.651 2.859 3.032 3.226 3.319 2.992 2.661 
6.000 10.120 0.307 1.084 1.858 2.265 2.652 2.859 3.031 3.224 3.317 2.988 2.659 
6.000 10.200 0.305 1.083 1.857 2.265 2.652 2.858 3.030 3.222 3.315 2.985 2.657 
6.000 10.310 0.293 1.071 1.846 2.256 2.643 2.849 3.019 3.208 3.300 2.972 2.642 
6.000 10.490 0.275 1.053 1.829 2.242 2.629 2.835 3.002 3.186 3.278 2.952 2.618 
6.000 10.760 0.257 1.035 1.812 2.228 2.615 2.821 2.985 3.164 3.256 2.932 2.594 
6.000 11.180 0.235 1.008 1.786 2.205 2.592 2.796 2.958 3.133 3.224 2.904 2.560 
6.000 11.820 0.207 0.956 1.732 2.152 2.538 2.741 2.902 3.074 3.166 2.849 2.495 
6.000 12.770 0.185 0.904 1.677 2.099 2.485 2.686 2.846 3.016 3.106 2.793 2.429 
6.000 14.140 0.162 0.852 1.622 2.046 2.430 2.631 2.790 2.956 3.046 2.737 2.362 
6.000 16.080 0.118 0.777 1.540 1.958 2.339 2.539 2.701 2.869 2.957 2.656 2.271 
6.000 18.740 0.069 0.699 1.452 1.864 2.241 2.441 2.606 2.777 2.862 2.569 2.174 
6.000 22.320 0.019 0.620 1.364 1.769 2.142 2.342 2.511 2.683 2.767 2.481 2.077 
6.000 27.040 -0.041 0.531 1.264 1.661 2.029 2.231 2.404 2.578 2.658 2.383 1.971 
6.000 33.160 -0.113 0.433 1.151 1.539 1.900 2.108 2.284 2.460 2.534 2.272 1.855 
6.000 41.050 -0.187 0.332 1.037 1.415 1.770 1.982 2.164 2.341 2.409 2.159 1.737 
6.000 51.110 -0.262 0.231 0.922 1.292 1.640 1.858 2.042 2.219 2.281 2.044 1.619 
6.000 63.890 -0.333 0.134 0.818 1.190 1.532 1.753 1.931 2.100 2.149 1.928 1.514 
6.000 80.060 -0.408 0.034 0.710 1.084 1.420 1.644 1.817 1.978 2.013 1.808 1.405 
6.000 100.500 -0.486 -0.071 0.598 0.974 1.304 1.531 1.698 1.852 1.873 1.684 1.292 
6.000 126.290 -0.549 -0.158 0.517 0.899 1.219 1.437 1.588 1.719 1.720 1.550 1.196 
6.000 158.810 -0.612 -0.246 0.441 0.828 1.139 1.343 1.474 1.576 1.554 1.404 1.098 
6.000 199.780 -0.676 -0.334 0.364 0.758 1.058 1.248 1.359 1.433 1.389 1.258 0.999 
6.000 251.390 -0.746 -0.428 0.283 0.680 0.966 1.137 1.226 1.270 1.205 1.095 0.888 
6.000 316.390 -0.825 -0.533 0.194 0.586 0.849 0.994 1.058 1.069 0.987 0.897 0.753 
6.000 398.240 -0.905 -0.637 0.105 0.492 0.733 0.850 0.890 0.868 0.769 0.699 0.617 
6.000 501.290 -0.985 -0.741 0.016 0.398 0.617 0.707 0.723 0.667 0.551 0.502 0.482 
6.000 631.040 -1.086 -0.866 -0.080 0.316 0.542 0.634 0.649 0.587 0.462 0.414 0.365 
6.000 794.390 -1.187 -0.992 -0.176 0.234 0.470 0.565 0.580 0.513 0.379 0.330 0.249 
6.250 10.050 0.594 1.311 2.033 2.404 2.757 2.949 3.111 3.292 3.380 3.051 2.766 
6.250 10.080 0.593 1.311 2.032 2.403 2.757 2.949 3.111 3.291 3.379 3.049 2.765 
6.250 10.120 0.592 1.310 2.031 2.403 2.757 2.948 3.110 3.290 3.377 3.047 2.764 
6.250 10.200 0.592 1.309 2.030 2.403 2.757 2.948 3.110 3.288 3.376 3.045 2.763 
6.250 10.310 0.584 1.302 2.025 2.398 2.752 2.943 3.104 3.281 3.368 3.037 2.754 
6.250 10.490 0.574 1.291 2.015 2.391 2.746 2.936 3.095 3.269 3.356 3.025 2.740 
6.250 10.760 0.563 1.281 2.006 2.384 2.739 2.929 3.085 3.258 3.344 3.012 2.726 
6.250 11.180 0.543 1.260 1.987 2.367 2.722 2.911 3.066 3.236 3.322 2.990 2.700 
6.250 11.820 0.494 1.211 1.936 2.318 2.672 2.860 3.013 3.181 3.266 2.940 2.639 
6.250 12.770 0.472 1.160 1.885 2.269 2.622 2.809 2.960 3.125 3.211 2.890 2.576 
6.250 14.140 0.451 1.110 1.833 2.219 2.571 2.757 2.907 3.070 3.155 2.839 2.514 
6.250 16.080 0.406 1.032 1.749 2.130 2.479 2.665 2.818 2.980 3.064 2.756 2.420 
6.250 18.740 0.353 0.949 1.658 2.034 2.380 2.565 2.722 2.885 2.967 2.669 2.321 
6.250 22.320 0.298 0.865 1.567 1.937 2.280 2.465 2.625 2.788 2.869 2.580 2.221 
6.250 27.040 0.233 0.773 1.465 1.828 2.166 2.353 2.517 2.681 2.758 2.481 2.113 
6.250 33.160 0.159 0.672 1.351 1.705 2.037 2.229 2.397 2.561 2.634 2.372 1.997 
6.250 41.050 0.080 0.569 1.235 1.580 1.907 2.103 2.276 2.440 2.509 2.261 1.879 
6.250 51.110 0.000 0.465 1.119 1.456 1.776 1.977 2.154 2.317 2.381 2.148 1.761 
6.250 63.890 -0.076 0.366 1.014 1.351 1.665 1.868 2.041 2.197 2.249 2.032 1.655 
6.250 80.060 -0.155 0.264 0.905 1.244 1.551 1.756 1.924 2.074 2.114 1.914 1.546 
6.250 100.500 -0.239 0.158 0.792 1.132 1.432 1.639 1.803 1.946 1.974 1.791 1.432 
6.250 126.290 -0.305 0.070 0.710 1.055 1.346 1.544 1.692 1.815 1.825 1.659 1.336 
6.250 158.810 -0.372 -0.018 0.633 0.985 1.264 1.448 1.576 1.674 1.664 1.515 1.239 
6.250 199.780 -0.437 -0.106 0.556 0.914 1.183 1.352 1.460 1.533 1.502 1.372 1.142 
6.250 251.390 -0.508 -0.199 0.476 0.836 1.090 1.240 1.327 1.374 1.323 1.211 1.033 
6.250 316.390 -0.590 -0.303 0.388 0.743 0.974 1.097 1.160 1.177 1.110 1.017 0.900 
6.250 398.240 -0.673 -0.406 0.300 0.650 0.859 0.954 0.993 0.980 0.897 0.822 0.767 
6.250 501.290 -0.754 -0.509 0.212 0.557 0.743 0.811 0.826 0.783 0.684 0.628 0.634 
6.250 631.040 -0.848 -0.626 0.123 0.480 0.673 0.743 0.756 0.708 0.601 0.545 0.522 
6.250 794.390 -0.944 -0.743 0.034 0.404 0.605 0.677 0.691 0.637 0.522 0.466 0.412 
6.500 10.050 0.877 1.536 2.205 2.541 2.862 3.038 3.190 3.356 3.438 3.107 2.869 
6.500 10.080 0.877 1.535 2.205 2.541 2.862 3.038 3.190 3.356 3.438 3.107 2.869 
6.500 10.120 0.877 1.535 2.204 2.540 2.862 3.038 3.189 3.355 3.438 3.106 2.869 
6.500 10.200 0.876 1.534 2.204 2.540 2.861 3.037 3.189 3.355 3.437 3.106 2.868 
6.500 10.310 0.874 1.532 2.203 2.540 2.862 3.037 3.188 3.354 3.436 3.103 2.866 
6.500 10.490 0.871 1.529 2.201 2.540 2.862 3.037 3.187 3.353 3.435 3.097 2.862 
6.500 10.760 0.868 1.526 2.200 2.540 2.863 3.037 3.186 3.351 3.433 3.091 2.858 
6.500 11.180 0.854 1.512 2.187 2.529 2.852 3.026 3.174 3.338 3.419 3.076 2.841 
6.500 11.820 0.806 1.465 2.140 2.484 2.806 2.979 3.124 3.287 3.368 3.031 2.783 
6.500 12.770 0.758 1.416 2.092 2.438 2.759 2.931 3.075 3.235 3.316 2.986 2.724 
6.500 14.140 0.732 1.368 2.044 2.392 2.712 2.882 3.025 3.183 3.263 2.940 2.665 
6.500 16.080 0.685 1.286 1.958 2.302 2.620 2.790 2.934 3.092 3.171 2.857 2.570 
6.500 18.740 0.630 1.199 1.864 2.204 2.519 2.690 2.837 2.993 3.071 2.768 2.468 
6.500 22.320 0.570 1.110 1.770 2.105 2.418 2.589 2.739 2.894 2.970 2.679 2.365 
6.500 27.040 0.501 1.015 1.666 1.994 2.303 2.476 2.630 2.784 2.859 2.580 2.255 
6.500 33.160 0.422 0.911 1.550 1.871 2.174 2.350 2.510 2.663 2.734 2.472 2.139 
6.500 41.050 0.341 0.806 1.434 1.745 2.043 2.223 2.388 2.540 2.608 2.363 2.021 
6.500 51.110 0.256 0.700 1.316 1.620 1.912 2.095 2.265 2.415 2.480 2.252 1.902 
6.500 63.890 0.176 0.599 1.210 1.513 1.798 1.983 2.150 2.294 2.349 2.137 1.796 
6.500 80.060 0.090 0.494 1.099 1.403 1.681 1.868 2.031 2.169 2.215 2.019 1.686 
6.500 100.500 0.004 0.386 0.985 1.289 1.560 1.748 1.908 2.040 2.076 1.897 1.573 
6.500 126.290 -0.065 0.298 0.903 1.212 1.473 1.650 1.795 1.911 1.930 1.767 1.477 
6.500 158.810 -0.133 0.210 0.826 1.141 1.390 1.552 1.678 1.772 1.773 1.626 1.381 
6.500 199.780 -0.202 0.123 0.749 1.070 1.308 1.455 1.561 1.634 1.616 1.485 1.285 
6.500 251.390 -0.277 0.030 0.668 0.992 1.214 1.342 1.427 1.478 1.442 1.327 1.177 
6.500 316.390 -0.360 -0.073 0.582 0.900 1.099 1.200 1.262 1.285 1.234 1.136 1.047 
6.500 398.240 -0.443 -0.175 0.495 0.808 0.984 1.058 1.095 1.092 1.026 0.945 0.916 
6.500 501.290 -0.527 -0.277 0.408 0.716 0.870 0.916 0.930 0.899 0.818 0.754 0.786 
6.500 631.040 -0.617 -0.386 0.326 0.645 0.804 0.851 0.864 0.828 0.739 0.676 0.680 
6.500 794.390 -0.707 -0.494 0.244 0.575 0.741 0.789 0.802 0.762 0.665 0.602 0.575 
6.750 10.050 1.115 1.721 2.342 2.653 2.954 3.118 3.259 3.417 3.490 3.149 2.960 
6.750 10.080 1.114 1.721 2.342 2.653 2.954 3.118 3.259 3.417 3.489 3.149 2.960 
6.750 10.120 1.114 1.720 2.341 2.652 2.954 3.117 3.258 3.416 3.489 3.148 2.960 
6.750 10.200 1.114 1.720 2.341 2.652 2.953 3.117 3.258 3.416 3.489 3.148 2.959 
6.750 10.310 1.112 1.719 2.340 2.652 2.953 3.117 3.257 3.415 3.488 3.146 2.957 
6.750 10.490 1.110 1.717 2.339 2.652 2.954 3.117 3.257 3.414 3.487 3.142 2.955 
6.750 10.760 1.108 1.714 2.338 2.652 2.954 3.116 3.256 3.413 3.486 3.139 2.952 
6.750 11.180 1.100 1.706 2.330 2.645 2.947 3.110 3.248 3.405 3.478 3.129 2.942 
6.750 11.820 1.072 1.678 2.303 2.619 2.921 3.083 3.221 3.376 3.448 3.102 2.908 
6.750 12.770 1.044 1.650 2.276 2.593 2.895 3.056 3.192 3.347 3.418 3.074 2.874 
6.750 14.140 1.015 1.622 2.248 2.567 2.868 3.029 3.164 3.316 3.388 3.046 2.839 
6.750 16.080 0.942 1.536 2.160 2.476 2.775 2.936 3.073 3.224 3.295 2.964 2.741 
6.750 18.740 0.885 1.440 2.061 2.373 2.670 2.831 2.970 3.120 3.192 2.874 2.632 
6.750 22.320 0.823 1.344 1.961 2.270 2.564 2.725 2.867 3.016 3.087 2.783 2.523 
6.750 27.040 0.745 1.241 1.852 2.155 2.446 2.608 2.753 2.901 2.971 2.682 2.407 
6.750 33.160 0.660 1.130 1.731 2.026 2.313 2.477 2.628 2.775 2.843 2.572 2.285 
6.750 41.050 0.569 1.018 1.609 1.895 2.178 2.345 2.500 2.647 2.712 2.460 2.162 
6.750 51.110 0.476 0.905 1.486 1.764 2.043 2.212 2.372 2.517 2.580 2.346 2.039 
6.750 63.890 0.391 0.801 1.376 1.652 1.924 2.093 2.251 2.393 2.447 2.231 1.930 
6.750 80.060 0.301 0.693 1.261 1.537 1.801 1.971 2.126 2.265 2.311 2.113 1.818 
6.750 100.500 0.207 0.581 1.143 1.417 1.674 1.844 1.998 2.132 2.171 1.991 1.702 
6.750 126.290 0.135 0.493 1.059 1.336 1.582 1.742 1.883 2.004 2.028 1.864 1.606 
6.750 158.810 0.066 0.406 0.980 1.262 1.495 1.641 1.766 1.869 1.876 1.727 1.510 
6.750 199.780 -0.006 0.318 0.901 1.187 1.407 1.541 1.649 1.734 1.724 1.589 1.415 
6.750 251.390 -0.081 0.227 0.819 1.107 1.310 1.426 1.516 1.581 1.554 1.436 1.308 
6.750 316.390 -0.167 0.126 0.732 1.015 1.194 1.284 1.352 1.393 1.351 1.249 1.179 
6.750 398.240 -0.250 0.025 0.645 0.923 1.078 1.142 1.188 1.204 1.148 1.063 1.051 
6.750 501.290 -0.336 -0.076 0.558 0.831 0.962 1.000 1.024 1.016 0.945 0.877 0.923 
6.750 631.040 -0.421 -0.177 0.481 0.764 0.900 0.938 0.962 0.949 0.871 0.803 0.822 
6.750 794.390 -0.506 -0.278 0.405 0.698 0.840 0.880 0.903 0.887 0.802 0.733 0.722 
7.000 10.050 1.348 1.906 2.479 2.765 3.046 3.198 3.328 3.478 3.541 3.191 3.050 
7.000 10.080 1.348 1.906 2.479 2.765 3.046 3.198 3.328 3.478 3.541 3.191 3.050 
7.000 10.120 1.348 1.906 2.478 2.764 3.046 3.198 3.327 3.478 3.541 3.190 3.050 
7.000 10.200 1.347 1.905 2.478 2.764 3.045 3.197 3.327 3.477 3.540 3.190 3.049 
7.000 10.310 1.346 1.905 2.477 2.764 3.045 3.197 3.326 3.477 3.540 3.189 3.048 
7.000 10.490 1.346 1.904 2.477 2.763 3.045 3.196 3.326 3.476 3.539 3.187 3.047 
7.000 10.760 1.344 1.903 2.476 2.763 3.044 3.195 3.325 3.475 3.538 3.186 3.046 
7.000 11.180 1.341 1.900 2.474 2.761 3.042 3.193 3.323 3.473 3.536 3.182 3.042 
7.000 11.820 1.334 1.892 2.467 2.755 3.036 3.188 3.317 3.465 3.529 3.172 3.033 
7.000 12.770 1.326 1.884 2.460 2.749 3.030 3.182 3.310 3.458 3.521 3.162 3.024 
7.000 14.140 1.317 1.875 2.453 2.742 3.024 3.176 3.304 3.450 3.513 3.151 3.014 
7.000 16.080 1.227 1.786 2.362 2.649 2.930 3.081 3.211 3.356 3.420 3.071 2.913 
7.000 18.740 1.125 1.682 2.258 2.543 2.821 2.972 3.103 3.248 3.312 2.979 2.797 
7.000 22.320 1.060 1.578 2.153 2.435 2.711 2.862 2.995 3.139 3.204 2.887 2.680 
7.000 27.040 0.982 1.467 2.037 2.315 2.588 2.740 2.876 3.019 3.083 2.785 2.559 
7.000 33.160 0.890 1.350 1.912 2.181 2.451 2.604 2.745 2.887 2.951 2.671 2.432 
7.000 41.050 0.792 1.230 1.784 2.045 2.313 2.467 2.612 2.754 2.816 2.556 2.304 
7.000 51.110 0.692 1.111 1.657 1.909 2.174 2.329 2.479 2.619 2.680 2.440 2.176 
7.000 63.890 0.602 1.003 1.542 1.791 2.049 2.203 2.352 2.491 2.545 2.325 2.064 
7.000 80.060 0.506 0.892 1.424 1.670 1.921 2.074 2.222 2.360 2.408 2.207 1.950 
7.000 100.500 0.405 0.776 1.301 1.544 1.788 1.941 2.088 2.224 2.265 2.085 1.831 
7.000 126.290 0.332 0.687 1.215 1.459 1.691 1.834 1.971 2.097 2.125 1.961 1.735 
7.000 158.810 0.259 0.601 1.133 1.382 1.599 1.731 1.854 1.966 1.978 1.827 1.640 
7.000 199.780 0.186 0.514 1.052 1.305 1.507 1.627 1.736 1.834 1.831 1.694 1.544 
7.000 251.390 0.109 0.424 0.969 1.223 1.406 1.510 1.604 1.685 1.667 1.544 1.438 
7.000 316.390 0.023 0.324 0.882 1.130 1.289 1.368 1.442 1.500 1.469 1.362 1.312 
7.000 398.240 -0.062 0.225 0.795 1.038 1.171 1.227 1.280 1.316 1.271 1.181 1.186 
7.000 501.290 -0.149 0.125 0.708 0.946 1.054 1.085 1.119 1.132 1.072 0.999 1.059 
7.000 631.040 -0.230 0.032 0.637 0.883 0.995 1.026 1.059 1.070 1.003 0.929 0.963 
7.000 794.390 -0.311 -0.062 0.566 0.821 0.938 0.970 1.004 1.012 0.939 0.865 0.869 
7.250 10.050 1.536 2.052 2.583 2.852 3.123 3.268 3.393 3.543 3.604 3.233 3.128 
7.250 10.080 1.536 2.052 2.583 2.851 3.123 3.267 3.393 3.542 3.604 3.233 3.128 
7.250 10.120 1.535 2.052 2.582 2.851 3.123 3.267 3.393 3.542 3.604 3.232 3.127 
7.250 10.200 1.535 2.052 2.582 2.851 3.122 3.267 3.392 3.542 3.603 3.232 3.127 
7.250 10.310 1.534 2.051 2.581 2.850 3.122 3.266 3.392 3.541 3.603 3.231 3.126 
7.250 10.490 1.533 2.050 2.581 2.850 3.121 3.266 3.391 3.540 3.602 3.230 3.125 
7.250 10.760 1.533 2.049 2.580 2.849 3.121 3.265 3.390 3.540 3.601 3.229 3.124 
7.250 11.180 1.531 2.047 2.578 2.848 3.119 3.263 3.389 3.538 3.599 3.226 3.122 
7.250 11.820 1.525 2.042 2.574 2.844 3.116 3.261 3.386 3.533 3.594 3.217 3.116 
7.250 12.770 1.520 2.036 2.570 2.841 3.113 3.258 3.382 3.529 3.589 3.208 3.109 
7.250 14.140 1.514 2.030 2.565 2.837 3.110 3.254 3.379 3.524 3.583 3.199 3.103 
7.250 16.080 1.450 1.967 2.502 2.772 3.044 3.189 3.314 3.458 3.518 3.144 3.032 
7.250 18.740 1.377 1.893 2.429 2.697 2.968 3.112 3.239 3.381 3.443 3.081 2.950 
7.250 22.320 1.302 1.819 2.355 2.621 2.891 3.035 3.163 3.304 3.367 3.017 2.868 
7.250 27.040 1.228 1.715 2.248 2.510 2.778 2.922 3.052 3.193 3.255 2.924 2.756 
7.250 33.160 1.124 1.578 2.106 2.360 2.625 2.770 2.903 3.044 3.105 2.799 2.612 
7.250 41.050 1.009 1.440 1.962 2.209 2.471 2.616 2.753 2.893 2.952 2.671 2.466 
7.250 51.110 0.890 1.303 1.818 2.058 2.317 2.463 2.602 2.743 2.800 2.543 2.321 
7.250 63.890 0.788 1.187 1.695 1.929 2.183 2.328 2.467 2.607 2.659 2.425 2.203 
7.250 80.060 0.683 1.067 1.568 1.797 2.045 2.190 2.329 2.469 2.515 2.303 2.081 
7.250 100.500 0.571 0.944 1.436 1.661 1.904 2.048 2.186 2.326 2.367 2.176 1.955 
7.250 126.290 0.493 0.853 1.345 1.569 1.799 1.938 2.068 2.199 2.228 2.054 1.857 
7.250 158.810 0.420 0.768 1.260 1.486 1.701 1.832 1.953 2.071 2.085 1.926 1.762 
7.250 199.780 0.345 0.683 1.176 1.403 1.604 1.727 1.837 1.943 1.942 1.797 1.666 
7.250 251.390 0.267 0.593 1.090 1.315 1.498 1.609 1.706 1.797 1.782 1.652 1.561 
7.250 316.390 0.179 0.495 1.002 1.220 1.378 1.467 1.547 1.616 1.588 1.475 1.436 
7.250 398.240 0.092 0.398 0.913 1.125 1.257 1.326 1.387 1.435 1.393 1.298 1.311 
7.250 501.290 0.003 0.300 0.824 1.030 1.137 1.184 1.228 1.254 1.198 1.120 1.186 
7.250 631.040 -0.073 0.212 0.757 0.971 1.081 1.128 1.173 1.196 1.134 1.055 1.094 
7.250 794.390 -0.150 0.125 0.690 0.912 1.027 1.077 1.122 1.143 1.075 0.995 1.005 
7.500 10.050 1.718 2.198 2.687 2.938 3.200 3.337 3.459 3.607 3.667 3.275 3.205 
7.500 10.080 1.718 2.198 2.687 2.938 3.200 3.337 3.459 3.607 3.667 3.275 3.205 
7.500 10.120 1.718 2.198 2.686 2.937 3.200 3.336 3.458 3.606 3.667 3.274 3.205 
7.500 10.200 1.717 2.197 2.686 2.937 3.199 3.336 3.458 3.606 3.666 3.274 3.204 
7.500 10.310 1.717 2.197 2.685 2.937 3.199 3.336 3.457 3.606 3.666 3.273 3.204 
7.500 10.490 1.716 2.196 2.685 2.936 3.198 3.335 3.457 3.605 3.665 3.273 3.203 
7.500 10.760 1.715 2.195 2.684 2.935 3.197 3.334 3.456 3.604 3.664 3.272 3.202 
7.500 11.180 1.714 2.194 2.683 2.934 3.197 3.333 3.455 3.603 3.663 3.269 3.201 
7.500 11.820 1.712 2.192 2.682 2.934 3.197 3.334 3.455 3.601 3.660 3.262 3.198 
7.500 12.770 1.709 2.189 2.680 2.933 3.197 3.333 3.455 3.599 3.657 3.255 3.195 
7.500 14.140 1.706 2.185 2.678 2.932 3.196 3.333 3.454 3.597 3.653 3.247 3.192 
7.500 16.080 1.668 2.148 2.642 2.895 3.159 3.296 3.417 3.559 3.617 3.217 3.151 
7.500 18.740 1.624 2.104 2.600 2.852 3.115 3.252 3.374 3.515 3.574 3.183 3.104 
7.500 22.320 1.580 2.060 2.557 2.808 3.071 3.208 3.331 3.469 3.530 3.148 3.056 
7.500 27.040 1.482 1.962 2.459 2.706 2.968 3.104 3.228 3.366 3.427 3.064 2.954 
7.500 33.160 1.339 1.807 2.300 2.540 2.799 2.936 3.061 3.200 3.259 2.926 2.792 
7.500 41.050 1.216 1.650 2.139 2.372 2.629 2.766 2.893 3.033 3.089 2.786 2.628 
7.500 51.110 1.082 1.495 1.980 2.206 2.460 2.597 2.726 2.866 2.920 2.647 2.467 
7.500 63.890 0.971 1.371 1.847 2.067 2.317 2.454 2.582 2.723 2.773 2.524 2.341 
7.500 80.060 0.855 1.243 1.711 1.925 2.170 2.307 2.436 2.577 2.622 2.398 2.212 
7.500 100.500 0.734 1.112 1.571 1.778 2.019 2.156 2.284 2.427 2.468 2.268 2.079 
7.500 126.290 0.651 1.020 1.475 1.679 1.908 2.042 2.166 2.301 2.331 2.148 1.979 
7.500 158.810 0.575 0.935 1.387 1.589 1.804 1.934 2.052 2.176 2.192 2.024 1.884 
7.500 199.780 0.500 0.851 1.300 1.500 1.701 1.827 1.937 2.052 2.054 1.900 1.788 
7.500 251.390 0.419 0.763 1.211 1.408 1.590 1.708 1.809 1.909 1.897 1.760 1.683 
7.500 316.390 0.330 0.667 1.121 1.310 1.467 1.566 1.651 1.731 1.707 1.587 1.560 
7.500 398.240 0.241 0.570 1.031 1.213 1.343 1.425 1.494 1.554 1.516 1.415 1.436 
7.500 501.290 0.152 0.474 0.941 1.115 1.220 1.283 1.337 1.376 1.325 1.242 1.312 
7.500 631.040 0.078 0.393 0.877 1.058 1.167 1.231 1.286 1.323 1.265 1.181 1.226 
7.500 794.390 0.005 0.312 0.815 1.003 1.116 1.183 1.239 1.274 1.210 1.125 1.140 
7.750 10.050 1.853 2.301 2.749 2.988 3.247 3.381 3.505 3.655 3.716 3.310 3.268 
7.750 10.080 1.853 2.301 2.749 2.987 3.246 3.380 3.505 3.654 3.716 3.310 3.268 
7.750 10.120 1.852 2.300 2.749 2.987 3.246 3.380 3.505 3.654 3.716 3.310 3.267 
7.750 10.200 1.852 2.300 2.748 2.987 3.246 3.380 3.504 3.654 3.715 3.309 3.267 
7.750 10.310 1.851 2.299 2.748 2.986 3.245 3.379 3.504 3.653 3.715 3.309 3.267 
7.750 10.490 1.851 2.299 2.747 2.986 3.245 3.379 3.503 3.652 3.714 3.308 3.266 
7.750 10.760 1.850 2.298 2.746 2.984 3.244 3.378 3.502 3.652 3.713 3.307 3.265 
7.750 11.180 1.849 2.297 2.745 2.984 3.243 3.377 3.502 3.650 3.712 3.306 3.264 
7.750 11.820 1.847 2.295 2.744 2.983 3.242 3.376 3.501 3.649 3.710 3.301 3.262 
7.750 12.770 1.845 2.293 2.742 2.982 3.241 3.375 3.500 3.647 3.708 3.297 3.259 
7.750 14.140 1.842 2.290 2.740 2.980 3.240 3.374 3.498 3.645 3.705 3.292 3.257 
7.750 16.080 1.822 2.269 2.721 2.961 3.221 3.356 3.480 3.624 3.684 3.273 3.235 
7.750 18.740 1.797 2.245 2.699 2.938 3.199 3.334 3.458 3.600 3.660 3.252 3.210 
7.750 22.320 1.772 2.220 2.675 2.914 3.176 3.311 3.435 3.575 3.636 3.229 3.184 
7.750 27.040 1.694 2.142 2.598 2.835 3.095 3.230 3.355 3.493 3.554 3.163 3.103 
7.750 33.160 1.558 2.006 2.463 2.694 2.951 3.087 3.212 3.352 3.411 3.050 2.962 
7.750 41.050 1.421 1.869 2.325 2.551 2.807 2.941 3.068 3.208 3.266 2.934 2.819 
7.750 51.110 1.308 1.728 2.184 2.405 2.658 2.793 2.920 3.060 3.117 2.814 2.674 
7.750 63.890 1.174 1.578 2.027 2.242 2.491 2.626 2.753 2.894 2.945 2.671 2.523 
7.750 80.060 1.030 1.425 1.866 2.076 2.322 2.456 2.583 2.725 2.769 2.524 2.369 
7.750 100.500 0.880 1.268 1.701 1.905 2.148 2.282 2.408 2.551 2.589 2.373 2.211 
7.750 126.290 0.788 1.169 1.594 1.794 2.028 2.161 2.283 2.420 2.447 2.252 2.103 
7.750 158.810 0.709 1.084 1.502 1.698 1.922 2.052 2.169 2.297 2.312 2.134 2.007 
7.750 199.780 0.629 1.000 1.409 1.603 1.816 1.944 2.056 2.174 2.177 2.016 1.911 
7.750 251.390 0.546 0.912 1.316 1.506 1.704 1.824 1.927 2.033 2.023 1.880 1.805 
7.750 316.390 0.455 0.816 1.223 1.404 1.578 1.682 1.771 1.856 1.833 1.710 1.682 
7.750 398.240 0.364 0.720 1.130 1.303 1.453 1.539 1.614 1.679 1.643 1.539 1.558 
7.750 501.290 0.273 0.625 1.037 1.201 1.328 1.397 1.457 1.503 1.454 1.369 1.434 
7.750 631.040 0.202 0.549 0.977 1.147 1.278 1.349 1.410 1.454 1.398 1.312 1.352 
7.750 794.390 0.132 0.474 0.918 1.095 1.232 1.305 1.368 1.410 1.349 1.261 1.271 
8.000 10.050 1.982 2.403 2.812 3.037 3.293 3.424 3.552 3.702 3.765 3.346 3.330 
8.000 10.080 1.982 2.403 2.812 3.037 3.293 3.424 3.552 3.702 3.765 3.346 3.330 
8.000 10.120 1.981 2.403 2.811 3.037 3.293 3.424 3.551 3.701 3.765 3.345 3.330 
8.000 10.200 1.981 2.403 2.811 3.036 3.292 3.423 3.551 3.701 3.764 3.345 3.329 
8.000 10.310 1.980 2.402 2.810 3.036 3.292 3.423 3.550 3.701 3.764 3.344 3.329 
8.000 10.490 1.980 2.401 2.810 3.035 3.291 3.422 3.550 3.700 3.763 3.344 3.328 
8.000 10.760 1.979 2.401 2.809 3.034 3.290 3.421 3.549 3.699 3.762 3.343 3.327 
8.000 11.180 1.978 2.399 2.808 3.033 3.289 3.420 3.548 3.698 3.761 3.342 3.326 
8.000 11.820 1.977 2.398 2.807 3.032 3.288 3.419 3.547 3.697 3.760 3.341 3.325 
8.000 12.770 1.975 2.397 2.805 3.030 3.286 3.417 3.545 3.695 3.758 3.339 3.324 
8.000 14.140 1.973 2.394 2.803 3.028 3.284 3.415 3.543 3.693 3.756 3.337 3.321 
8.000 16.080 1.969 2.391 2.800 3.026 3.283 3.415 3.542 3.689 3.752 3.330 3.319 
8.000 18.740 1.965 2.386 2.798 3.024 3.282 3.415 3.541 3.685 3.747 3.321 3.316 
8.000 22.320 1.960 2.381 2.794 3.021 3.280 3.414 3.539 3.680 3.741 3.311 3.312 
8.000 27.040 1.901 2.322 2.738 2.964 3.222 3.356 3.481 3.621 3.681 3.263 3.253 
8.000 33.160 1.784 2.206 2.625 2.848 3.104 3.238 3.363 3.503 3.563 3.173 3.132 
8.000 41.050 1.666 2.087 2.511 2.731 2.984 3.117 3.244 3.383 3.443 3.082 3.010 
8.000 51.110 1.540 1.961 2.389 2.604 2.855 2.988 3.115 3.255 3.314 2.982 2.881 
8.000 63.890 1.376 1.786 2.207 2.417 2.666 2.798 2.924 3.065 3.117 2.817 2.705 
8.000 80.060 1.204 1.607 2.021 2.226 2.473 2.605 2.729 2.872 2.916 2.650 2.526 
8.000 100.500 1.025 1.424 1.831 2.031 2.277 2.408 2.531 2.675 2.711 2.478 2.342 
8.000 126.290 0.923 1.318 1.714 1.909 2.149 2.279 2.400 2.538 2.564 2.355 2.227 
8.000 158.810 0.841 1.233 1.616 1.808 2.040 2.170 2.287 2.417 2.432 2.244 2.130 
8.000 199.780 0.756 1.149 1.518 1.706 1.932 2.061 2.174 2.297 2.300 2.132 2.033 
8.000 251.390 0.671 1.061 1.421 1.603 1.817 1.940 2.046 2.157 2.148 2.001 1.927 
8.000 316.390 0.576 0.966 1.325 1.498 1.690 1.797 1.890 1.981 1.960 1.832 1.804 
8.000 398.240 0.482 0.871 1.229 1.393 1.563 1.654 1.733 1.805 1.771 1.664 1.680 
8.000 501.290 0.389 0.775 1.134 1.287 1.435 1.511 1.577 1.629 1.583 1.496 1.556 
8.000 631.040 0.320 0.705 1.077 1.236 1.389 1.467 1.535 1.585 1.532 1.444 1.478 
8.000 794.390 0.252 0.635 1.022 1.187 1.347 1.427 1.497 1.546 1.487 1.398 1.402 
