CanadaSHM5_AA13_stablecrust_low , distance is rhypo. Log10 ground motion values in cgs units
          15 30 11 : nmag, ndist, nperiod
          10.000 5.000 2.000 1.000 0.500 0.300 0.200 0.100 0.050 PGA PGV 
          0.620 0.620 0.620 0.620 0.580 0.540 0.530 0.530 0.530 0.530 0.620
4.500 10.050 -2.302 -1.039 -0.076 0.624 1.303 1.696 2.002 2.303 2.403 1.895 1.153 
4.500 10.080 -2.309 -1.047 -0.080 0.619 1.296 1.687 1.994 2.298 2.400 1.895 1.149 
4.500 10.120 -2.314 -1.054 -0.083 0.615 1.289 1.678 1.987 2.294 2.397 1.895 1.144 
4.500 10.200 -2.310 -1.061 -0.087 0.610 1.282 1.670 1.979 2.289 2.394 1.895 1.139 
4.500 10.310 -2.317 -1.078 -0.099 0.595 1.263 1.648 1.959 2.274 2.381 1.887 1.125 
4.500 10.490 -2.313 -1.101 -0.116 0.575 1.237 1.618 1.931 2.252 2.363 1.874 1.105 
4.500 10.760 -2.310 -1.124 -0.133 0.554 1.211 1.588 1.903 2.231 2.345 1.862 1.086 
4.500 11.180 -2.314 -1.152 -0.159 0.526 1.178 1.552 1.867 2.201 2.317 1.841 1.058 
4.500 11.820 -2.330 -1.201 -0.210 0.472 1.120 1.493 1.808 2.143 2.254 1.793 1.004 
4.500 12.770 -2.340 -1.249 -0.261 0.418 1.063 1.434 1.748 2.085 2.191 1.745 0.950 
4.500 14.140 -2.350 -1.297 -0.312 0.365 1.005 1.376 1.689 2.027 2.129 1.698 0.897 
4.500 16.080 -2.395 -1.382 -0.407 0.271 0.911 1.284 1.593 1.924 2.007 1.601 0.797 
4.500 18.740 -2.445 -1.473 -0.509 0.172 0.812 1.187 1.491 1.813 1.875 1.497 0.691 
4.500 22.320 -2.494 -1.563 -0.610 0.073 0.713 1.091 1.391 1.703 1.744 1.394 0.585 
4.500 27.040 -2.557 -1.666 -0.724 -0.038 0.601 0.981 1.274 1.576 1.595 1.271 0.462 
4.500 33.160 -2.634 -1.785 -0.852 -0.165 0.475 0.855 1.142 1.430 1.426 1.129 0.322 
4.500 41.050 -2.708 -1.901 -0.978 -0.289 0.350 0.730 1.011 1.285 1.259 0.989 0.183 
4.500 51.110 -2.779 -2.013 -1.098 -0.409 0.229 0.608 0.883 1.144 1.097 0.852 0.048 
4.500 63.890 -2.825 -2.099 -1.189 -0.512 0.119 0.490 0.761 1.014 0.960 0.730 -0.072 
4.500 80.060 -2.866 -2.182 -1.276 -0.612 0.013 0.375 0.643 0.889 0.827 0.612 -0.189 
4.500 100.500 -2.901 -2.260 -1.359 -0.708 -0.089 0.264 0.529 0.767 0.698 0.498 -0.302 
4.500 126.290 -2.971 -2.370 -1.467 -0.835 -0.229 0.110 0.367 0.588 0.507 0.322 -0.457 
4.500 158.810 -3.043 -2.483 -1.577 -0.967 -0.376 -0.053 0.194 0.395 0.300 0.130 -0.619 
4.500 199.780 -3.115 -2.597 -1.687 -1.100 -0.522 -0.216 0.022 0.202 0.093 -0.061 -0.782 
4.500 251.390 -3.197 -2.719 -1.804 -1.238 -0.677 -0.390 -0.165 -0.009 -0.136 -0.272 -0.955 
4.500 316.390 -3.293 -2.858 -1.933 -1.387 -0.849 -0.585 -0.380 -0.256 -0.405 -0.520 -1.149 
4.500 398.240 -3.391 -2.996 -2.063 -1.537 -1.020 -0.780 -0.595 -0.504 -0.675 -0.769 -1.342 
4.500 501.290 -3.488 -3.134 -2.192 -1.686 -1.192 -0.975 -0.810 -0.751 -0.945 -1.017 -1.536 
4.500 631.040 -3.658 -3.345 -2.368 -1.845 -1.333 -1.109 -0.940 -0.883 -1.089 -1.161 -1.727 
4.500 794.390 -3.831 -3.559 -2.547 -2.003 -1.473 -1.241 -1.067 -1.010 -1.228 -1.301 -1.917 
4.750 10.050 -1.923 -0.753 0.187 0.865 1.498 1.864 2.151 2.428 2.507 2.009 1.323 
4.750 10.080 -1.928 -0.758 0.184 0.860 1.491 1.856 2.145 2.425 2.504 2.010 1.320 
4.750 10.120 -1.933 -0.763 0.182 0.856 1.484 1.848 2.138 2.422 2.501 2.011 1.317 
4.750 10.200 -1.930 -0.768 0.179 0.852 1.478 1.840 2.132 2.420 2.499 2.012 1.313 
4.750 10.310 -1.933 -0.783 0.166 0.836 1.458 1.819 2.112 2.406 2.486 2.005 1.300 
4.750 10.490 -1.933 -0.804 0.148 0.813 1.430 1.788 2.084 2.386 2.467 1.994 1.280 
4.750 10.760 -1.928 -0.825 0.129 0.791 1.403 1.759 2.057 2.367 2.447 1.983 1.260 
4.750 11.180 -1.932 -0.853 0.103 0.761 1.368 1.722 2.021 2.338 2.418 1.963 1.232 
4.750 11.820 -1.951 -0.902 0.050 0.705 1.310 1.663 1.962 2.281 2.356 1.917 1.178 
4.750 12.770 -1.964 -0.951 -0.002 0.650 1.252 1.605 1.903 2.224 2.294 1.871 1.124 
4.750 14.140 -1.976 -0.999 -0.053 0.596 1.194 1.548 1.845 2.168 2.233 1.825 1.070 
4.750 16.080 -2.026 -1.087 -0.147 0.504 1.102 1.458 1.751 2.064 2.113 1.730 0.971 
4.750 18.740 -2.080 -1.180 -0.248 0.407 1.005 1.365 1.651 1.954 1.986 1.628 0.865 
4.750 22.320 -2.134 -1.272 -0.347 0.310 0.909 1.272 1.552 1.844 1.858 1.526 0.760 
4.750 27.040 -2.200 -1.377 -0.458 0.201 0.801 1.165 1.439 1.718 1.713 1.406 0.639 
4.750 33.160 -2.281 -1.495 -0.581 0.080 0.680 1.043 1.310 1.574 1.549 1.266 0.501 
4.750 41.050 -2.357 -1.612 -0.702 -0.039 0.561 0.923 1.183 1.432 1.386 1.127 0.364 
4.750 51.110 -2.429 -1.723 -0.817 -0.155 0.445 0.806 1.058 1.294 1.229 0.993 0.232 
4.750 63.890 -2.472 -1.803 -0.901 -0.253 0.340 0.691 0.942 1.171 1.100 0.877 0.115 
4.750 80.060 -2.509 -1.879 -0.982 -0.348 0.239 0.581 0.829 1.052 0.974 0.764 0.002 
4.750 100.500 -2.543 -1.952 -1.059 -0.439 0.142 0.474 0.720 0.937 0.853 0.656 -0.106 
4.750 126.290 -2.603 -2.049 -1.159 -0.561 0.007 0.326 0.565 0.769 0.675 0.492 -0.252 
4.750 158.810 -2.664 -2.149 -1.261 -0.688 -0.134 0.169 0.401 0.589 0.484 0.316 -0.405 
4.750 199.780 -2.725 -2.248 -1.362 -0.815 -0.276 0.013 0.237 0.409 0.293 0.139 -0.558 
4.750 251.390 -2.793 -2.356 -1.471 -0.948 -0.425 -0.155 0.058 0.209 0.079 -0.058 -0.721 
4.750 316.390 -2.882 -2.483 -1.594 -1.091 -0.591 -0.344 -0.149 -0.027 -0.177 -0.293 -0.904 
4.750 398.240 -2.970 -2.609 -1.717 -1.235 -0.757 -0.532 -0.356 -0.264 -0.433 -0.528 -1.088 
4.750 501.290 -3.058 -2.735 -1.840 -1.379 -0.923 -0.721 -0.564 -0.500 -0.689 -0.763 -1.272 
4.750 631.040 -3.216 -2.932 -2.003 -1.527 -1.054 -0.846 -0.685 -0.623 -0.823 -0.897 -1.453 
4.750 794.390 -3.377 -3.131 -2.169 -1.674 -1.184 -0.968 -0.802 -0.741 -0.952 -1.028 -1.634 
5.000 10.050 -1.548 -0.466 0.450 1.105 1.692 2.031 2.301 2.552 2.610 2.124 1.493 
5.000 10.080 -1.552 -0.469 0.448 1.101 1.686 2.024 2.296 2.551 2.608 2.125 1.491 
5.000 10.120 -1.555 -0.472 0.446 1.097 1.680 2.018 2.290 2.551 2.606 2.127 1.489 
5.000 10.200 -1.557 -0.475 0.445 1.094 1.674 2.011 2.285 2.550 2.604 2.129 1.487 
5.000 10.310 -1.557 -0.489 0.431 1.077 1.653 1.989 2.266 2.539 2.591 2.124 1.474 
5.000 10.490 -1.560 -0.508 0.411 1.052 1.624 1.959 2.238 2.521 2.570 2.113 1.454 
5.000 10.760 -1.553 -0.527 0.392 1.027 1.595 1.929 2.211 2.502 2.549 2.103 1.434 
5.000 11.180 -1.555 -0.554 0.364 0.995 1.559 1.892 2.176 2.475 2.519 2.085 1.406 
5.000 11.820 -1.578 -0.604 0.311 0.939 1.500 1.834 2.117 2.419 2.458 2.040 1.351 
5.000 12.770 -1.593 -0.653 0.258 0.883 1.441 1.777 2.058 2.363 2.397 1.996 1.297 
5.000 14.140 -1.608 -0.702 0.205 0.827 1.383 1.719 2.000 2.308 2.336 1.952 1.243 
5.000 16.080 -1.662 -0.792 0.113 0.737 1.293 1.633 1.908 2.205 2.220 1.859 1.145 
5.000 18.740 -1.721 -0.887 0.014 0.641 1.199 1.543 1.810 2.094 2.096 1.759 1.040 
5.000 22.320 -1.780 -0.982 -0.084 0.546 1.106 1.453 1.713 1.984 1.973 1.659 0.936 
5.000 27.040 -1.850 -1.088 -0.192 0.441 1.002 1.350 1.603 1.859 1.832 1.541 0.816 
5.000 33.160 -1.932 -1.206 -0.309 0.325 0.886 1.232 1.478 1.718 1.672 1.402 0.680 
5.000 41.050 -2.011 -1.322 -0.425 0.210 0.772 1.116 1.355 1.579 1.514 1.266 0.546 
5.000 51.110 -2.088 -1.432 -0.536 0.100 0.661 1.003 1.235 1.443 1.361 1.134 0.415 
5.000 63.890 -2.124 -1.507 -0.614 0.006 0.561 0.893 1.123 1.328 1.239 1.023 0.303 
5.000 80.060 -2.158 -1.577 -0.688 -0.084 0.465 0.787 1.015 1.215 1.121 0.916 0.194 
5.000 100.500 -2.191 -1.644 -0.758 -0.170 0.373 0.685 0.911 1.107 1.007 0.813 0.090 
5.000 126.290 -2.239 -1.729 -0.850 -0.287 0.243 0.542 0.764 0.950 0.843 0.662 -0.048 
5.000 158.810 -2.287 -1.814 -0.944 -0.409 0.107 0.392 0.608 0.783 0.667 0.500 -0.191 
5.000 199.780 -2.336 -1.898 -1.038 -0.530 -0.029 0.241 0.453 0.615 0.492 0.339 -0.333 
5.000 251.390 -2.398 -1.992 -1.139 -0.657 -0.173 0.080 0.282 0.427 0.294 0.156 -0.487 
5.000 316.390 -2.475 -2.107 -1.255 -0.795 -0.334 -0.102 0.082 0.201 0.052 -0.066 -0.660 
5.000 398.240 -2.553 -2.222 -1.371 -0.934 -0.494 -0.284 -0.117 -0.024 -0.191 -0.287 -0.834 
5.000 501.290 -2.634 -2.337 -1.488 -1.072 -0.654 -0.467 -0.317 -0.250 -0.433 -0.509 -1.008 
5.000 631.040 -2.780 -2.519 -1.638 -1.209 -0.776 -0.582 -0.429 -0.363 -0.558 -0.634 -1.179 
5.000 794.390 -2.928 -2.703 -1.791 -1.345 -0.896 -0.695 -0.537 -0.472 -0.677 -0.755 -1.350 
5.250 10.050 -1.221 -0.223 0.664 1.282 1.827 2.148 2.401 2.640 2.684 2.209 1.632 
5.250 10.080 -1.221 -0.223 0.664 1.280 1.824 2.144 2.399 2.642 2.685 2.212 1.633 
5.250 10.120 -1.222 -0.224 0.664 1.278 1.820 2.140 2.397 2.644 2.686 2.215 1.633 
5.250 10.200 -1.223 -0.224 0.664 1.277 1.817 2.136 2.395 2.646 2.687 2.219 1.634 
5.250 10.310 -1.231 -0.236 0.652 1.260 1.798 2.116 2.378 2.635 2.673 2.214 1.622 
5.250 10.490 -1.237 -0.256 0.631 1.234 1.768 2.087 2.351 2.616 2.652 2.204 1.601 
5.250 10.760 -1.232 -0.275 0.610 1.208 1.739 2.058 2.324 2.597 2.630 2.195 1.580 
5.250 11.180 -1.232 -0.301 0.582 1.176 1.704 2.022 2.290 2.570 2.599 2.178 1.551 
5.250 11.820 -1.257 -0.349 0.530 1.121 1.647 1.967 2.234 2.515 2.540 2.135 1.497 
5.250 12.770 -1.272 -0.398 0.478 1.066 1.590 1.912 2.178 2.460 2.481 2.093 1.444 
5.250 14.140 -1.288 -0.446 0.427 1.012 1.534 1.858 2.122 2.405 2.422 2.051 1.391 
5.250 16.080 -1.343 -0.534 0.337 0.925 1.449 1.775 2.032 2.304 2.309 1.959 1.293 
5.250 18.740 -1.403 -0.628 0.242 0.834 1.359 1.687 1.937 2.194 2.187 1.859 1.189 
5.250 22.320 -1.462 -0.722 0.149 0.744 1.270 1.601 1.843 2.086 2.067 1.760 1.085 
5.250 27.040 -1.532 -0.825 0.045 0.644 1.171 1.501 1.734 1.963 1.929 1.643 0.967 
5.250 33.160 -1.613 -0.941 -0.068 0.533 1.061 1.386 1.611 1.824 1.772 1.506 0.833 
5.250 41.050 -1.693 -1.055 -0.179 0.424 0.953 1.273 1.489 1.687 1.617 1.370 0.701 
5.250 51.110 -1.767 -1.162 -0.285 0.318 0.847 1.162 1.370 1.554 1.468 1.239 0.573 
5.250 63.890 -1.808 -1.235 -0.360 0.229 0.752 1.056 1.262 1.442 1.350 1.132 0.464 
5.250 80.060 -1.843 -1.304 -0.432 0.143 0.660 0.953 1.157 1.333 1.236 1.028 0.359 
5.250 100.500 -1.875 -1.369 -0.499 0.061 0.572 0.855 1.056 1.229 1.125 0.928 0.258 
5.250 126.290 -1.923 -1.450 -0.589 -0.052 0.448 0.718 0.917 1.082 0.972 0.788 0.126 
5.250 158.810 -1.970 -1.530 -0.680 -0.169 0.316 0.575 0.772 0.928 0.811 0.641 -0.008 
5.250 199.780 -2.017 -1.609 -0.770 -0.287 0.185 0.432 0.626 0.773 0.649 0.493 -0.143 
5.250 251.390 -2.072 -1.698 -0.868 -0.410 0.045 0.278 0.465 0.599 0.465 0.325 -0.288 
5.250 316.390 -2.149 -1.807 -0.980 -0.544 -0.110 0.103 0.275 0.386 0.238 0.119 -0.453 
5.250 398.240 -2.224 -1.916 -1.093 -0.678 -0.265 -0.073 0.084 0.173 0.010 -0.088 -0.618 
5.250 501.290 -2.300 -2.025 -1.205 -0.811 -0.421 -0.248 -0.106 -0.039 -0.218 -0.295 -0.783 
5.250 631.040 -2.439 -2.195 -1.345 -0.938 -0.534 -0.356 -0.210 -0.145 -0.334 -0.412 -0.946 
5.250 794.390 -2.579 -2.368 -1.487 -1.065 -0.645 -0.461 -0.310 -0.245 -0.446 -0.525 -1.109 
5.500 10.050 -0.898 0.021 0.878 1.459 1.962 2.264 2.502 2.727 2.758 2.294 1.770 
5.500 10.080 -0.896 0.022 0.880 1.459 1.962 2.263 2.503 2.732 2.762 2.298 1.774 
5.500 10.120 -0.894 0.025 0.882 1.460 1.961 2.262 2.504 2.737 2.765 2.303 1.778 
5.500 10.200 -0.892 0.027 0.884 1.460 1.960 2.262 2.506 2.742 2.769 2.308 1.781 
5.500 10.310 -0.903 0.016 0.872 1.443 1.942 2.243 2.490 2.732 2.756 2.304 1.769 
5.500 10.490 -0.917 -0.003 0.850 1.416 1.913 2.215 2.463 2.712 2.733 2.296 1.747 
5.500 10.760 -0.921 -0.022 0.829 1.389 1.884 2.186 2.437 2.692 2.710 2.287 1.725 
5.500 11.180 -0.918 -0.048 0.800 1.356 1.849 2.152 2.404 2.664 2.679 2.271 1.696 
5.500 11.820 -0.942 -0.095 0.749 1.302 1.794 2.100 2.350 2.610 2.621 2.230 1.643 
5.500 12.770 -0.959 -0.143 0.699 1.249 1.740 2.048 2.297 2.556 2.564 2.190 1.590 
5.500 14.140 -0.974 -0.190 0.648 1.197 1.686 1.997 2.245 2.503 2.508 2.150 1.538 
5.500 16.080 -1.030 -0.276 0.562 1.114 1.605 1.917 2.157 2.402 2.397 2.059 1.441 
5.500 18.740 -1.090 -0.369 0.471 1.028 1.519 1.832 2.064 2.295 2.278 1.960 1.338 
5.500 22.320 -1.150 -0.461 0.381 0.942 1.435 1.749 1.972 2.188 2.161 1.862 1.235 
5.500 27.040 -1.218 -0.563 0.282 0.846 1.341 1.651 1.865 2.067 2.026 1.746 1.118 
5.500 33.160 -1.300 -0.676 0.174 0.741 1.237 1.540 1.743 1.930 1.872 1.609 0.987 
5.500 41.050 -1.379 -0.787 0.067 0.637 1.134 1.430 1.623 1.795 1.721 1.475 0.857 
5.500 51.110 -1.454 -0.893 -0.034 0.537 1.034 1.322 1.505 1.664 1.575 1.345 0.731 
5.500 63.890 -1.494 -0.964 -0.107 0.452 0.943 1.219 1.401 1.556 1.461 1.241 0.625 
5.500 80.060 -1.532 -1.031 -0.176 0.370 0.856 1.120 1.299 1.451 1.350 1.140 0.523 
5.500 100.500 -1.564 -1.094 -0.240 0.293 0.772 1.025 1.202 1.350 1.244 1.043 0.426 
5.500 126.290 -1.611 -1.171 -0.327 0.183 0.652 0.894 1.071 1.214 1.102 0.914 0.301 
5.500 158.810 -1.656 -1.246 -0.415 0.070 0.525 0.759 0.935 1.073 0.954 0.781 0.174 
5.500 199.780 -1.701 -1.320 -0.503 -0.044 0.399 0.623 0.799 0.932 0.807 0.648 0.047 
5.500 251.390 -1.753 -1.404 -0.598 -0.163 0.264 0.476 0.647 0.771 0.637 0.495 -0.090 
5.500 316.390 -1.827 -1.507 -0.706 -0.292 0.114 0.307 0.467 0.571 0.424 0.303 -0.246 
5.500 398.240 -1.900 -1.610 -0.814 -0.422 -0.037 0.139 0.286 0.371 0.211 0.110 -0.403 
5.500 501.290 -1.973 -1.713 -0.922 -0.551 -0.187 -0.030 0.105 0.171 -0.002 -0.081 -0.559 
5.500 631.040 -2.102 -1.872 -1.052 -0.668 -0.291 -0.130 0.009 0.074 -0.110 -0.190 -0.714 
5.500 794.390 -2.235 -2.033 -1.183 -0.785 -0.394 -0.226 -0.083 -0.019 -0.214 -0.295 -0.869 
5.750 10.050 -0.611 0.236 1.053 1.599 2.073 2.361 2.585 2.799 2.824 2.370 1.890 
5.750 10.080 -0.609 0.238 1.055 1.599 2.072 2.360 2.586 2.803 2.827 2.374 1.893 
5.750 10.120 -0.607 0.240 1.057 1.600 2.072 2.360 2.588 2.806 2.829 2.378 1.896 
5.750 10.200 -0.605 0.242 1.059 1.600 2.071 2.359 2.589 2.810 2.832 2.383 1.899 
5.750 10.310 -0.613 0.234 1.049 1.587 2.057 2.345 2.576 2.801 2.822 2.381 1.890 
5.750 10.490 -0.627 0.220 1.033 1.566 2.034 2.323 2.556 2.785 2.804 2.376 1.874 
5.750 10.760 -0.634 0.207 1.016 1.545 2.012 2.301 2.536 2.769 2.786 2.372 1.858 
5.750 11.180 -0.636 0.185 0.992 1.516 1.982 2.272 2.508 2.744 2.759 2.359 1.833 
5.750 11.820 -0.654 0.138 0.941 1.464 1.929 2.221 2.456 2.691 2.702 2.320 1.780 
5.750 12.770 -0.674 0.092 0.892 1.411 1.876 2.170 2.404 2.638 2.646 2.281 1.728 
5.750 14.140 -0.687 0.046 0.842 1.360 1.823 2.119 2.352 2.585 2.590 2.242 1.676 
5.750 16.080 -0.742 -0.039 0.758 1.279 1.743 2.040 2.265 2.487 2.482 2.152 1.580 
5.750 18.740 -0.802 -0.131 0.670 1.195 1.660 1.956 2.173 2.382 2.365 2.055 1.477 
5.750 22.320 -0.861 -0.221 0.582 1.111 1.577 1.873 2.082 2.278 2.250 1.958 1.375 
5.750 27.040 -0.931 -0.321 0.486 1.019 1.486 1.778 1.976 2.160 2.117 1.843 1.260 
5.750 33.160 -1.013 -0.431 0.381 0.917 1.385 1.668 1.856 2.026 1.967 1.708 1.131 
5.750 41.050 -1.093 -0.540 0.278 0.818 1.286 1.561 1.737 1.893 1.818 1.575 1.003 
5.750 51.110 -1.167 -0.643 0.180 0.722 1.189 1.456 1.622 1.765 1.675 1.446 0.879 
5.750 63.890 -1.209 -0.712 0.110 0.639 1.102 1.356 1.520 1.660 1.562 1.343 0.776 
5.750 80.060 -1.246 -0.778 0.043 0.561 1.018 1.260 1.421 1.557 1.453 1.244 0.677 
5.750 100.500 -1.280 -0.840 -0.020 0.486 0.938 1.169 1.327 1.459 1.347 1.148 0.582 
5.750 126.290 -1.328 -0.915 -0.105 0.380 0.822 1.043 1.202 1.327 1.210 1.025 0.463 
5.750 158.810 -1.373 -0.987 -0.190 0.270 0.699 0.913 1.072 1.191 1.070 0.900 0.342 
5.750 199.780 -1.417 -1.059 -0.276 0.160 0.577 0.782 0.942 1.054 0.928 0.775 0.220 
5.750 251.390 -1.472 -1.141 -0.368 0.044 0.446 0.640 0.796 0.898 0.766 0.630 0.089 
5.750 316.390 -1.545 -1.240 -0.473 -0.081 0.300 0.476 0.621 0.704 0.561 0.446 -0.061 
5.750 398.240 -1.616 -1.340 -0.578 -0.207 0.154 0.312 0.446 0.509 0.355 0.263 -0.211 
5.750 501.290 -1.689 -1.439 -0.683 -0.332 0.007 0.149 0.270 0.315 0.150 0.080 -0.362 
5.750 631.040 -1.811 -1.588 -0.805 -0.442 -0.090 0.056 0.181 0.223 0.048 -0.023 -0.509 
5.750 794.390 -1.936 -1.740 -0.927 -0.551 -0.185 -0.035 0.094 0.135 -0.050 -0.122 -0.656 
6.000 10.050 -0.326 0.451 1.229 1.739 2.183 2.457 2.669 2.871 2.889 2.447 2.010 
6.000 10.080 -0.324 0.453 1.230 1.739 2.183 2.457 2.670 2.873 2.891 2.450 2.013 
6.000 10.120 -0.323 0.455 1.232 1.740 2.183 2.457 2.671 2.875 2.893 2.453 2.015 
6.000 10.200 -0.321 0.457 1.233 1.740 2.182 2.457 2.672 2.877 2.896 2.457 2.017 
6.000 10.310 -0.325 0.452 1.227 1.731 2.172 2.447 2.663 2.871 2.888 2.458 2.011 
6.000 10.490 -0.334 0.443 1.215 1.715 2.156 2.431 2.649 2.859 2.875 2.457 2.001 
6.000 10.760 -0.343 0.435 1.204 1.700 2.140 2.416 2.635 2.847 2.862 2.457 1.991 
6.000 11.180 -0.357 0.417 1.184 1.676 2.115 2.392 2.612 2.825 2.839 2.447 1.971 
6.000 11.820 -0.378 0.371 1.134 1.625 2.063 2.341 2.561 2.772 2.783 2.410 1.917 
6.000 12.770 -0.393 0.326 1.085 1.573 2.011 2.291 2.510 2.720 2.728 2.372 1.865 
6.000 14.140 -0.408 0.281 1.036 1.522 1.960 2.241 2.459 2.668 2.673 2.335 1.813 
6.000 16.080 -0.462 0.197 0.954 1.444 1.882 2.163 2.373 2.572 2.567 2.247 1.718 
6.000 18.740 -0.522 0.108 0.869 1.362 1.800 2.080 2.282 2.469 2.453 2.150 1.616 
6.000 22.320 -0.582 0.019 0.783 1.280 1.719 1.998 2.191 2.368 2.339 2.054 1.516 
6.000 27.040 -0.651 -0.079 0.690 1.191 1.630 1.904 2.087 2.252 2.209 1.940 1.402 
6.000 33.160 -0.732 -0.186 0.589 1.094 1.533 1.797 1.969 2.121 2.062 1.806 1.275 
6.000 41.050 -0.811 -0.292 0.489 0.998 1.437 1.692 1.852 1.992 1.916 1.675 1.149 
6.000 51.110 -0.885 -0.392 0.394 0.906 1.345 1.589 1.739 1.867 1.775 1.548 1.027 
6.000 63.890 -0.927 -0.460 0.326 0.827 1.261 1.494 1.640 1.763 1.663 1.446 0.928 
6.000 80.060 -0.966 -0.525 0.261 0.751 1.180 1.401 1.544 1.663 1.555 1.347 0.831 
6.000 100.500 -1.000 -0.585 0.201 0.680 1.103 1.313 1.452 1.568 1.451 1.253 0.739 
6.000 126.290 -1.049 -0.658 0.118 0.577 0.991 1.192 1.332 1.440 1.319 1.136 0.624 
6.000 158.810 -1.094 -0.728 0.034 0.470 0.873 1.066 1.208 1.309 1.185 1.019 0.509 
6.000 199.780 -1.140 -0.798 -0.049 0.364 0.755 0.941 1.085 1.177 1.050 0.901 0.394 
6.000 251.390 -1.195 -0.877 -0.139 0.252 0.629 0.804 0.945 1.026 0.894 0.765 0.268 
6.000 316.390 -1.266 -0.973 -0.241 0.130 0.486 0.645 0.775 0.837 0.697 0.590 0.124 
6.000 398.240 -1.338 -1.070 -0.342 0.008 0.344 0.486 0.606 0.648 0.500 0.415 -0.020 
6.000 501.290 -1.410 -1.166 -0.444 -0.114 0.202 0.328 0.436 0.459 0.303 0.241 -0.164 
6.000 631.040 -1.525 -1.305 -0.557 -0.216 0.111 0.241 0.352 0.372 0.207 0.145 -0.304 
6.000 794.390 -1.642 -1.446 -0.671 -0.316 0.023 0.158 0.272 0.290 0.114 0.052 -0.444 
6.250 10.050 -0.072 0.645 1.378 1.861 2.287 2.546 2.745 2.928 2.945 2.512 2.114 
6.250 10.080 -0.071 0.646 1.379 1.861 2.287 2.546 2.745 2.929 2.946 2.514 2.116 
6.250 10.120 -0.070 0.647 1.380 1.862 2.287 2.546 2.746 2.930 2.947 2.515 2.117 
6.250 10.200 -0.069 0.649 1.381 1.862 2.287 2.547 2.747 2.932 2.948 2.517 2.118 
6.250 10.310 -0.070 0.647 1.378 1.857 2.282 2.542 2.743 2.929 2.945 2.520 2.117 
6.250 10.490 -0.073 0.644 1.373 1.849 2.273 2.534 2.736 2.923 2.939 2.522 2.113 
6.250 10.760 -0.076 0.642 1.369 1.842 2.265 2.526 2.730 2.918 2.934 2.524 2.110 
6.250 11.180 -0.088 0.630 1.354 1.824 2.247 2.508 2.714 2.902 2.917 2.519 2.096 
6.250 11.820 -0.130 0.588 1.308 1.776 2.197 2.460 2.665 2.853 2.866 2.488 2.048 
6.250 12.770 -0.143 0.546 1.263 1.729 2.149 2.412 2.617 2.804 2.815 2.457 2.000 
6.250 14.140 -0.154 0.505 1.218 1.681 2.100 2.365 2.570 2.755 2.764 2.427 1.952 
6.250 16.080 -0.204 0.421 1.136 1.602 2.020 2.284 2.482 2.660 2.659 2.341 1.857 
6.250 18.740 -0.264 0.332 1.049 1.518 1.935 2.198 2.389 2.559 2.545 2.245 1.755 
6.250 22.320 -0.324 0.243 0.963 1.435 1.852 2.112 2.296 2.458 2.433 2.151 1.654 
6.250 27.040 -0.394 0.146 0.870 1.346 1.762 2.017 2.191 2.344 2.304 2.038 1.541 
6.250 33.160 -0.473 0.040 0.770 1.250 1.665 1.911 2.073 2.215 2.158 1.906 1.415 
6.250 41.050 -0.553 -0.064 0.672 1.155 1.569 1.806 1.956 2.088 2.013 1.775 1.290 
6.250 51.110 -0.628 -0.163 0.578 1.064 1.477 1.704 1.844 1.965 1.874 1.649 1.170 
6.250 63.890 -0.672 -0.230 0.511 0.987 1.396 1.612 1.747 1.864 1.763 1.548 1.073 
6.250 80.060 -0.713 -0.294 0.448 0.914 1.318 1.523 1.654 1.766 1.656 1.450 0.978 
6.250 100.500 -0.750 -0.353 0.389 0.845 1.245 1.438 1.565 1.673 1.552 1.357 0.888 
6.250 126.290 -0.800 -0.424 0.309 0.746 1.137 1.322 1.449 1.549 1.423 1.244 0.779 
6.250 158.810 -0.846 -0.492 0.229 0.644 1.024 1.203 1.331 1.421 1.291 1.131 0.669 
6.250 199.780 -0.892 -0.560 0.150 0.542 0.911 1.083 1.213 1.293 1.159 1.018 0.559 
6.250 251.390 -0.946 -0.637 0.063 0.434 0.789 0.951 1.078 1.146 1.006 0.886 0.440 
6.250 316.390 -1.019 -0.731 -0.035 0.315 0.650 0.795 0.912 0.959 0.812 0.716 0.301 
6.250 398.240 -1.092 -0.825 -0.134 0.197 0.511 0.639 0.747 0.773 0.618 0.547 0.162 
6.250 501.290 -1.164 -0.919 -0.233 0.078 0.372 0.484 0.581 0.587 0.425 0.377 0.023 
6.250 631.040 -1.272 -1.050 -0.338 -0.017 0.288 0.403 0.502 0.505 0.332 0.286 -0.110 
6.250 794.390 -1.383 -1.182 -0.444 -0.111 0.206 0.325 0.427 0.427 0.245 0.198 -0.243 
6.500 10.050 0.181 0.839 1.528 1.983 2.390 2.635 2.821 2.985 3.000 2.577 2.219 
6.500 10.080 0.182 0.840 1.528 1.983 2.390 2.635 2.821 2.985 3.001 2.577 2.219 
6.500 10.120 0.182 0.840 1.528 1.984 2.391 2.636 2.822 2.985 3.001 2.577 2.219 
6.500 10.200 0.182 0.840 1.529 1.984 2.391 2.636 2.822 2.986 3.001 2.578 2.219 
6.500 10.310 0.184 0.842 1.530 1.984 2.391 2.636 2.823 2.987 3.002 2.581 2.222 
6.500 10.490 0.187 0.845 1.531 1.983 2.390 2.636 2.824 2.988 3.004 2.587 2.226 
6.500 10.760 0.190 0.849 1.533 1.983 2.389 2.636 2.825 2.990 3.006 2.592 2.230 
6.500 11.180 0.184 0.842 1.525 1.972 2.378 2.625 2.815 2.980 2.996 2.591 2.223 
6.500 11.820 0.145 0.804 1.483 1.928 2.332 2.579 2.770 2.934 2.948 2.567 2.178 
6.500 12.770 0.107 0.766 1.441 1.884 2.286 2.534 2.725 2.888 2.901 2.543 2.134 
6.500 14.140 0.092 0.728 1.400 1.840 2.241 2.489 2.680 2.843 2.855 2.519 2.091 
6.500 16.080 0.044 0.645 1.318 1.760 2.159 2.405 2.591 2.749 2.751 2.435 1.996 
6.500 18.740 -0.013 0.556 1.230 1.675 2.071 2.316 2.495 2.648 2.638 2.341 1.894 
6.500 22.320 -0.073 0.468 1.142 1.590 1.984 2.227 2.400 2.548 2.527 2.248 1.793 
6.500 27.040 -0.142 0.371 1.050 1.500 1.893 2.130 2.294 2.435 2.399 2.137 1.680 
6.500 33.160 -0.222 0.267 0.951 1.405 1.796 2.024 2.177 2.309 2.254 2.005 1.555 
6.500 41.050 -0.301 0.164 0.854 1.311 1.701 1.920 2.061 2.184 2.111 1.875 1.432 
6.500 51.110 -0.377 0.067 0.762 1.222 1.609 1.819 1.948 2.064 1.973 1.750 1.313 
6.500 63.890 -0.422 0.000 0.697 1.148 1.531 1.730 1.855 1.965 1.863 1.650 1.217 
6.500 80.060 -0.467 -0.063 0.635 1.077 1.456 1.645 1.764 1.870 1.756 1.553 1.125 
6.500 100.500 -0.503 -0.121 0.577 1.010 1.386 1.564 1.678 1.778 1.654 1.460 1.038 
6.500 126.290 -0.554 -0.191 0.500 0.916 1.282 1.453 1.567 1.658 1.526 1.351 0.933 
6.500 158.810 -0.600 -0.256 0.424 0.818 1.174 1.339 1.454 1.534 1.397 1.243 0.829 
6.500 199.780 -0.647 -0.322 0.348 0.720 1.066 1.224 1.341 1.410 1.269 1.134 0.725 
6.500 251.390 -0.704 -0.397 0.265 0.616 0.949 1.097 1.212 1.266 1.118 1.007 0.611 
6.500 316.390 -0.776 -0.489 0.170 0.500 0.813 0.945 1.050 1.082 0.928 0.842 0.478 
6.500 398.240 -0.849 -0.581 0.074 0.385 0.677 0.793 0.888 0.899 0.737 0.678 0.344 
6.500 501.290 -0.923 -0.673 -0.021 0.270 0.542 0.640 0.725 0.715 0.546 0.513 0.211 
6.500 631.040 -1.026 -0.795 -0.119 0.182 0.464 0.565 0.652 0.638 0.458 0.427 0.084 
6.500 794.390 -1.131 -0.918 -0.217 0.095 0.388 0.493 0.583 0.565 0.375 0.344 -0.042 
6.750 10.050 0.402 1.008 1.642 2.068 2.458 2.696 2.876 3.029 3.048 2.636 2.313 
6.750 10.080 0.402 1.008 1.643 2.068 2.458 2.696 2.876 3.029 3.048 2.636 2.313 
6.750 10.120 0.402 1.009 1.643 2.068 2.458 2.696 2.877 3.030 3.048 2.636 2.314 
6.750 10.200 0.403 1.009 1.643 2.068 2.459 2.697 2.877 3.030 3.049 2.637 2.314 
6.750 10.310 0.404 1.010 1.644 2.069 2.459 2.697 2.878 3.031 3.050 2.639 2.316 
6.750 10.490 0.406 1.012 1.645 2.069 2.459 2.697 2.878 3.032 3.051 2.643 2.318 
6.750 10.760 0.408 1.014 1.647 2.069 2.459 2.697 2.879 3.033 3.052 2.647 2.321 
6.750 11.180 0.405 1.011 1.643 2.063 2.453 2.692 2.874 3.028 3.047 2.647 2.318 
6.750 11.820 0.385 0.991 1.620 2.039 2.427 2.667 2.849 3.003 3.021 2.638 2.295 
6.750 12.770 0.365 0.972 1.598 2.016 2.402 2.642 2.825 2.978 2.996 2.628 2.272 
6.750 14.140 0.346 0.952 1.576 1.993 2.377 2.617 2.801 2.954 2.971 2.619 2.250 
6.750 16.080 0.275 0.869 1.493 1.910 2.292 2.530 2.710 2.860 2.868 2.540 2.154 
6.750 18.740 0.221 0.776 1.400 1.819 2.198 2.433 2.608 2.755 2.753 2.449 2.048 
6.750 22.320 0.162 0.684 1.307 1.729 2.104 2.337 2.507 2.651 2.639 2.359 1.942 
6.750 27.040 0.089 0.584 1.211 1.634 2.006 2.234 2.397 2.535 2.509 2.248 1.826 
6.750 33.160 0.007 0.477 1.110 1.536 1.905 2.125 2.276 2.407 2.361 2.114 1.698 
6.750 41.050 -0.077 0.372 1.010 1.439 1.805 2.017 2.157 2.280 2.215 1.982 1.572 
6.750 51.110 -0.156 0.272 0.916 1.347 1.709 1.912 2.042 2.157 2.073 1.854 1.451 
6.750 63.890 -0.205 0.204 0.851 1.275 1.633 1.825 1.949 2.058 1.961 1.752 1.355 
6.750 80.060 -0.253 0.140 0.789 1.206 1.560 1.742 1.860 1.962 1.852 1.653 1.262 
6.750 100.500 -0.295 0.079 0.732 1.141 1.491 1.663 1.774 1.871 1.747 1.558 1.174 
6.750 126.290 -0.347 0.010 0.658 1.052 1.394 1.557 1.666 1.752 1.621 1.449 1.073 
6.750 158.810 -0.394 -0.055 0.587 0.960 1.294 1.449 1.558 1.630 1.494 1.344 0.975 
6.750 199.780 -0.443 -0.119 0.515 0.869 1.194 1.341 1.449 1.509 1.367 1.239 0.877 
6.750 251.390 -0.500 -0.192 0.437 0.771 1.084 1.220 1.324 1.367 1.219 1.114 0.769 
6.750 316.390 -0.576 -0.283 0.345 0.660 0.953 1.071 1.164 1.186 1.031 0.953 0.641 
6.750 398.240 -0.649 -0.374 0.253 0.549 0.822 0.922 1.005 1.004 0.842 0.792 0.513 
6.750 501.290 -0.725 -0.465 0.161 0.437 0.692 0.774 0.845 0.823 0.654 0.630 0.385 
6.750 631.040 -0.824 -0.579 0.070 0.356 0.619 0.704 0.777 0.749 0.571 0.548 0.265 
6.750 794.390 -0.923 -0.695 -0.021 0.276 0.549 0.637 0.712 0.681 0.491 0.470 0.145 
7.000 10.050 0.618 1.176 1.757 2.152 2.525 2.756 2.931 3.073 3.095 2.695 2.407 
7.000 10.080 0.618 1.177 1.757 2.152 2.525 2.756 2.931 3.073 3.096 2.695 2.408 
7.000 10.120 0.619 1.177 1.757 2.153 2.526 2.757 2.932 3.074 3.096 2.695 2.408 
7.000 10.200 0.619 1.177 1.758 2.153 2.526 2.757 2.932 3.074 3.096 2.696 2.408 
7.000 10.310 0.620 1.178 1.759 2.153 2.527 2.758 2.932 3.074 3.097 2.697 2.409 
7.000 10.490 0.621 1.179 1.760 2.154 2.527 2.758 2.933 3.075 3.098 2.699 2.411 
7.000 10.760 0.622 1.180 1.761 2.155 2.528 2.759 2.934 3.076 3.099 2.701 2.412 
7.000 11.180 0.622 1.181 1.761 2.155 2.528 2.759 2.934 3.076 3.099 2.704 2.413 
7.000 11.820 0.621 1.179 1.758 2.151 2.523 2.754 2.929 3.072 3.094 2.709 2.411 
7.000 12.770 0.619 1.178 1.755 2.148 2.518 2.750 2.925 3.068 3.090 2.714 2.410 
7.000 14.140 0.618 1.177 1.752 2.145 2.514 2.746 2.922 3.065 3.086 2.719 2.409 
7.000 16.080 0.534 1.093 1.667 2.060 2.426 2.655 2.828 2.970 2.985 2.644 2.313 
7.000 18.740 0.439 0.996 1.569 1.964 2.324 2.551 2.720 2.862 2.868 2.557 2.201 
7.000 22.320 0.382 0.900 1.472 1.867 2.224 2.447 2.614 2.754 2.752 2.470 2.091 
7.000 27.040 0.312 0.797 1.372 1.768 2.120 2.339 2.499 2.635 2.620 2.360 1.971 
7.000 33.160 0.228 0.688 1.269 1.667 2.014 2.225 2.375 2.505 2.468 2.224 1.841 
7.000 41.050 0.142 0.580 1.167 1.567 1.909 2.113 2.254 2.375 2.318 2.089 1.712 
7.000 51.110 0.060 0.478 1.070 1.472 1.809 2.005 2.136 2.251 2.173 1.959 1.589 
7.000 63.890 0.007 0.408 1.005 1.402 1.735 1.920 2.044 2.151 2.059 1.854 1.492 
7.000 80.060 -0.043 0.342 0.944 1.335 1.663 1.839 1.955 2.055 1.948 1.752 1.400 
7.000 100.500 -0.091 0.280 0.887 1.272 1.596 1.762 1.870 1.964 1.841 1.655 1.311 
7.000 126.290 -0.144 0.211 0.816 1.188 1.505 1.661 1.766 1.846 1.715 1.548 1.214 
7.000 158.810 -0.194 0.148 0.749 1.103 1.413 1.560 1.662 1.727 1.590 1.445 1.122 
7.000 199.780 -0.244 0.084 0.682 1.019 1.322 1.458 1.558 1.608 1.465 1.343 1.029 
7.000 251.390 -0.303 0.012 0.608 0.927 1.219 1.342 1.436 1.468 1.319 1.221 0.927 
7.000 316.390 -0.379 -0.078 0.520 0.820 1.093 1.197 1.279 1.289 1.134 1.063 0.804 
7.000 398.240 -0.454 -0.167 0.432 0.712 0.968 1.053 1.122 1.109 0.948 0.905 0.681 
7.000 501.290 -0.532 -0.257 0.343 0.605 0.842 0.908 0.965 0.930 0.763 0.747 0.558 
7.000 631.040 -0.626 -0.364 0.259 0.530 0.775 0.843 0.901 0.861 0.683 0.670 0.445 
7.000 794.390 -0.721 -0.472 0.174 0.456 0.711 0.781 0.840 0.796 0.608 0.595 0.332 
7.250 10.050 0.794 1.311 1.835 2.201 2.558 2.790 2.959 3.098 3.117 2.730 2.488 
7.250 10.080 0.795 1.311 1.836 2.201 2.558 2.790 2.959 3.098 3.117 2.731 2.488 
7.250 10.120 0.795 1.312 1.836 2.202 2.559 2.791 2.960 3.099 3.117 2.731 2.488 
7.250 10.200 0.795 1.312 1.836 2.202 2.559 2.791 2.960 3.099 3.118 2.731 2.489 
7.250 10.310 0.796 1.312 1.837 2.203 2.560 2.792 2.960 3.100 3.118 2.732 2.490 
7.250 10.490 0.797 1.313 1.838 2.203 2.560 2.792 2.961 3.100 3.119 2.733 2.491 
7.250 10.760 0.798 1.314 1.839 2.204 2.561 2.793 2.962 3.101 3.120 2.735 2.492 
7.250 11.180 0.799 1.315 1.839 2.204 2.561 2.793 2.962 3.101 3.121 2.738 2.493 
7.250 11.820 0.799 1.316 1.838 2.203 2.559 2.791 2.960 3.100 3.120 2.744 2.494 
7.250 12.770 0.800 1.316 1.838 2.201 2.556 2.789 2.959 3.100 3.119 2.750 2.495 
7.250 14.140 0.801 1.318 1.838 2.200 2.555 2.787 2.957 3.099 3.119 2.757 2.496 
7.250 16.080 0.744 1.260 1.780 2.143 2.493 2.723 2.892 3.035 3.050 2.710 2.430 
7.250 18.740 0.678 1.194 1.713 2.077 2.422 2.650 2.817 2.960 2.971 2.656 2.353 
7.250 22.320 0.612 1.129 1.648 2.012 2.353 2.577 2.742 2.887 2.893 2.603 2.277 
7.250 27.040 0.548 1.035 1.556 1.921 2.256 2.476 2.636 2.779 2.773 2.505 2.166 
7.250 33.160 0.456 0.910 1.437 1.803 2.131 2.344 2.496 2.634 2.608 2.358 2.018 
7.250 41.050 0.355 0.787 1.319 1.686 2.008 2.213 2.358 2.490 2.445 2.213 1.872 
7.250 51.110 0.256 0.670 1.208 1.576 1.891 2.088 2.225 2.352 2.287 2.073 1.732 
7.250 63.890 0.195 0.593 1.138 1.502 1.810 1.996 2.127 2.246 2.164 1.961 1.630 
7.250 80.060 0.135 0.520 1.071 1.432 1.733 1.909 2.032 2.143 2.044 1.852 1.531 
7.250 100.500 0.078 0.450 1.008 1.365 1.660 1.825 1.941 2.044 1.928 1.747 1.436 
7.250 126.290 0.019 0.379 0.941 1.286 1.574 1.726 1.836 1.926 1.801 1.638 1.341 
7.250 158.810 -0.033 0.315 0.879 1.210 1.491 1.629 1.733 1.809 1.678 1.536 1.254 
7.250 199.780 -0.086 0.251 0.817 1.134 1.408 1.531 1.631 1.691 1.554 1.435 1.167 
7.250 251.390 -0.148 0.179 0.748 1.049 1.312 1.419 1.510 1.554 1.411 1.315 1.070 
7.250 316.390 -0.228 0.089 0.664 0.948 1.193 1.277 1.354 1.376 1.228 1.159 0.952 
7.250 398.240 -0.305 -0.000 0.579 0.847 1.073 1.135 1.198 1.199 1.045 1.004 0.834 
7.250 501.290 -0.386 -0.089 0.495 0.745 0.954 0.992 1.042 1.021 0.862 0.848 0.717 
7.250 631.040 -0.476 -0.190 0.416 0.675 0.891 0.930 0.980 0.956 0.786 0.774 0.609 
7.250 794.390 -0.567 -0.292 0.337 0.606 0.830 0.871 0.923 0.894 0.714 0.704 0.502 
7.500 10.050 0.965 1.445 1.914 2.250 2.591 2.824 2.987 3.123 3.138 2.766 2.568 
7.500 10.080 0.966 1.446 1.914 2.250 2.591 2.824 2.987 3.123 3.138 2.766 2.569 
7.500 10.120 0.966 1.446 1.914 2.251 2.592 2.825 2.987 3.123 3.139 2.766 2.569 
7.500 10.200 0.966 1.446 1.915 2.251 2.592 2.825 2.988 3.124 3.139 2.767 2.569 
7.500 10.310 0.967 1.447 1.915 2.252 2.593 2.826 2.988 3.124 3.140 2.767 2.570 
7.500 10.490 0.968 1.448 1.916 2.252 2.593 2.826 2.989 3.125 3.140 2.768 2.571 
7.500 10.760 0.968 1.448 1.917 2.253 2.594 2.827 2.990 3.126 3.141 2.769 2.571 
7.500 11.180 0.970 1.450 1.918 2.254 2.595 2.828 2.991 3.127 3.143 2.771 2.573 
7.500 11.820 0.972 1.452 1.919 2.254 2.595 2.828 2.991 3.129 3.145 2.779 2.576 
7.500 12.770 0.975 1.455 1.921 2.255 2.595 2.828 2.992 3.131 3.148 2.786 2.579 
7.500 14.140 0.978 1.458 1.923 2.256 2.595 2.828 2.993 3.133 3.152 2.794 2.583 
7.500 16.080 0.948 1.428 1.892 2.226 2.561 2.792 2.956 3.099 3.116 2.777 2.547 
7.500 18.740 0.913 1.393 1.857 2.190 2.521 2.749 2.913 3.059 3.074 2.756 2.504 
7.500 22.320 0.878 1.358 1.823 2.156 2.482 2.708 2.871 3.020 3.034 2.735 2.462 
7.500 27.040 0.793 1.273 1.740 2.073 2.392 2.614 2.774 2.922 2.926 2.650 2.361 
7.500 33.160 0.665 1.133 1.605 1.939 2.249 2.462 2.617 2.763 2.748 2.493 2.196 
7.500 41.050 0.559 0.994 1.471 1.806 2.107 2.313 2.462 2.605 2.571 2.338 2.032 
7.500 51.110 0.448 0.862 1.345 1.680 1.972 2.170 2.314 2.453 2.400 2.188 1.875 
7.500 63.890 0.378 0.778 1.270 1.603 1.886 2.072 2.210 2.340 2.268 2.068 1.767 
7.500 80.060 0.309 0.697 1.197 1.528 1.803 1.978 2.109 2.230 2.140 1.951 1.661 
7.500 100.500 0.243 0.621 1.130 1.458 1.725 1.888 2.012 2.124 2.016 1.838 1.560 
7.500 126.290 0.178 0.547 1.064 1.384 1.643 1.790 1.906 2.006 1.887 1.728 1.468 
7.500 158.810 0.122 0.483 1.008 1.317 1.568 1.697 1.805 1.891 1.766 1.628 1.387 
7.500 199.780 0.067 0.418 0.952 1.250 1.494 1.604 1.704 1.775 1.644 1.527 1.305 
7.500 251.390 0.002 0.345 0.888 1.172 1.405 1.496 1.584 1.639 1.502 1.409 1.213 
7.500 316.390 -0.080 0.256 0.807 1.077 1.292 1.356 1.429 1.464 1.322 1.255 1.100 
7.500 398.240 -0.162 0.167 0.727 0.981 1.178 1.216 1.274 1.289 1.142 1.102 0.988 
7.500 501.290 -0.244 0.078 0.647 0.885 1.065 1.077 1.119 1.113 0.961 0.949 0.875 
7.500 631.040 -0.332 -0.017 0.574 0.820 1.006 1.018 1.060 1.050 0.889 0.879 0.773 
7.500 794.390 -0.419 -0.112 0.500 0.756 0.950 0.962 1.005 0.992 0.821 0.812 0.671 
7.750 10.050 1.085 1.533 1.960 2.275 2.605 2.842 2.998 3.136 3.147 2.774 2.621 
7.750 10.080 1.086 1.534 1.960 2.275 2.605 2.842 2.999 3.136 3.148 2.774 2.621 
7.750 10.120 1.086 1.534 1.961 2.275 2.605 2.843 2.999 3.136 3.148 2.774 2.622 
7.750 10.200 1.086 1.534 1.961 2.276 2.606 2.843 2.999 3.137 3.148 2.775 2.622 
7.750 10.310 1.087 1.535 1.962 2.276 2.606 2.844 3.000 3.137 3.149 2.775 2.622 
7.750 10.490 1.088 1.536 1.962 2.277 2.607 2.844 3.000 3.138 3.150 2.776 2.623 
7.750 10.760 1.088 1.536 1.963 2.278 2.608 2.845 3.002 3.139 3.150 2.777 2.624 
7.750 11.180 1.090 1.538 1.964 2.278 2.609 2.846 3.002 3.139 3.151 2.779 2.625 
7.750 11.820 1.092 1.540 1.966 2.279 2.609 2.847 3.003 3.141 3.153 2.783 2.627 
7.750 12.770 1.094 1.542 1.967 2.280 2.610 2.847 3.005 3.143 3.156 2.787 2.630 
7.750 14.140 1.096 1.544 1.969 2.282 2.611 2.849 3.006 3.145 3.159 2.792 2.633 
7.750 16.080 1.083 1.531 1.955 2.268 2.594 2.831 2.988 3.130 3.143 2.787 2.616 
7.750 18.740 1.068 1.516 1.939 2.252 2.575 2.810 2.967 3.112 3.124 2.781 2.596 
7.750 22.320 1.053 1.501 1.924 2.236 2.556 2.790 2.947 3.095 3.107 2.776 2.577 
7.750 27.040 0.989 1.436 1.861 2.172 2.486 2.715 2.871 3.021 3.027 2.715 2.498 
7.750 33.160 0.869 1.317 1.746 2.056 2.359 2.580 2.734 2.886 2.879 2.595 2.355 
7.750 41.050 0.752 1.200 1.632 1.941 2.234 2.448 2.599 2.752 2.732 2.477 2.214 
7.750 51.110 0.664 1.084 1.522 1.829 2.111 2.317 2.466 2.620 2.586 2.357 2.075 
7.750 63.890 0.570 0.975 1.422 1.726 1.996 2.189 2.332 2.479 2.425 2.213 1.940 
7.750 80.060 0.474 0.869 1.326 1.626 1.884 2.064 2.201 2.341 2.266 2.072 1.809 
7.750 100.500 0.378 0.767 1.234 1.530 1.777 1.943 2.075 2.207 2.113 1.935 1.681 
7.750 126.290 0.303 0.684 1.164 1.453 1.688 1.837 1.960 2.082 1.975 1.817 1.584 
7.750 158.810 0.241 0.617 1.112 1.391 1.616 1.745 1.859 1.967 1.853 1.714 1.505 
7.750 199.780 0.179 0.550 1.060 1.330 1.543 1.653 1.758 1.852 1.730 1.611 1.427 
7.750 251.390 0.109 0.475 1.000 1.258 1.457 1.545 1.638 1.717 1.589 1.492 1.339 
7.750 316.390 0.024 0.385 0.923 1.167 1.346 1.406 1.484 1.544 1.411 1.341 1.231 
7.750 398.240 -0.062 0.295 0.847 1.076 1.236 1.268 1.330 1.370 1.233 1.190 1.123 
7.750 501.290 -0.147 0.205 0.770 0.984 1.125 1.130 1.176 1.197 1.055 1.039 1.015 
7.750 631.040 -0.233 0.114 0.701 0.923 1.068 1.072 1.119 1.137 0.986 0.972 0.918 
7.750 794.390 -0.319 0.023 0.633 0.863 1.014 1.019 1.066 1.082 0.922 0.909 0.822 
8.000 10.050 1.200 1.621 2.007 2.299 2.618 2.860 3.010 3.148 3.156 2.782 2.673 
8.000 10.080 1.200 1.622 2.007 2.299 2.618 2.860 3.010 3.148 3.157 2.782 2.674 
8.000 10.120 1.201 1.622 2.007 2.300 2.619 2.861 3.011 3.149 3.157 2.782 2.674 
8.000 10.200 1.201 1.622 2.008 2.300 2.619 2.861 3.011 3.149 3.157 2.783 2.674 
8.000 10.310 1.202 1.623 2.008 2.301 2.620 2.862 3.012 3.149 3.158 2.783 2.675 
8.000 10.490 1.202 1.624 2.009 2.301 2.620 2.862 3.012 3.150 3.159 2.784 2.676 
8.000 10.760 1.203 1.624 2.010 2.302 2.621 2.863 3.013 3.151 3.159 2.785 2.676 
8.000 11.180 1.204 1.625 2.011 2.303 2.622 2.864 3.014 3.152 3.160 2.786 2.677 
8.000 11.820 1.205 1.627 2.012 2.304 2.623 2.865 3.015 3.153 3.161 2.787 2.679 
8.000 12.770 1.207 1.628 2.014 2.306 2.625 2.867 3.017 3.155 3.163 2.789 2.680 
8.000 14.140 1.209 1.630 2.016 2.308 2.627 2.869 3.019 3.157 3.165 2.791 2.682 
8.000 16.080 1.213 1.634 2.018 2.310 2.628 2.869 3.020 3.161 3.170 2.798 2.685 
8.000 18.740 1.217 1.639 2.021 2.313 2.629 2.870 3.021 3.165 3.175 2.807 2.688 
8.000 22.320 1.222 1.644 2.025 2.316 2.631 2.871 3.023 3.170 3.180 2.816 2.692 
8.000 27.040 1.178 1.599 1.981 2.271 2.579 2.816 2.968 3.120 3.127 2.781 2.636 
8.000 33.160 1.080 1.502 1.887 2.173 2.469 2.698 2.851 3.009 3.009 2.697 2.515 
8.000 41.050 0.984 1.405 1.794 2.076 2.361 2.583 2.736 2.900 2.894 2.616 2.396 
8.000 51.110 0.885 1.307 1.699 1.978 2.250 2.464 2.617 2.786 2.772 2.527 2.275 
8.000 63.890 0.762 1.172 1.575 1.849 2.106 2.305 2.454 2.617 2.581 2.358 2.114 
8.000 80.060 0.637 1.040 1.454 1.723 1.965 2.150 2.293 2.451 2.393 2.193 1.956 
8.000 100.500 0.514 0.913 1.337 1.601 1.828 1.998 2.137 2.290 2.209 2.032 1.802 
8.000 126.290 0.426 0.821 1.264 1.521 1.733 1.884 2.015 2.157 2.063 1.905 1.699 
8.000 158.810 0.359 0.751 1.217 1.465 1.663 1.792 1.913 2.043 1.940 1.800 1.624 
8.000 199.780 0.288 0.682 1.169 1.410 1.593 1.701 1.812 1.929 1.817 1.695 1.549 
8.000 251.390 0.214 0.604 1.112 1.344 1.509 1.594 1.693 1.796 1.676 1.575 1.464 
8.000 316.390 0.124 0.513 1.039 1.257 1.401 1.457 1.539 1.624 1.500 1.427 1.361 
8.000 398.240 0.034 0.422 0.967 1.170 1.293 1.320 1.386 1.452 1.325 1.278 1.258 
8.000 501.290 -0.055 0.331 0.894 1.084 1.185 1.183 1.232 1.280 1.149 1.130 1.154 
8.000 631.040 -0.140 0.245 0.829 1.026 1.130 1.127 1.177 1.223 1.084 1.066 1.063 
8.000 794.390 -0.224 0.159 0.765 0.969 1.079 1.075 1.126 1.171 1.023 1.006 0.972 
