CanadaSHM5_AA13_stablecrust_low , distance is rhypo. Log10 ground motion values in cgs units
          15 30 11 : nmag, ndist, nperiod
          10.000 5.000 2.000 1.000 0.500 0.300 0.200 0.100 0.050 PGA PGV 
          0.620 0.620 0.620 0.620 0.580 0.540 0.530 0.530 0.530 0.530 0.620
4.500 10.050 -1.908 -0.560 0.424 1.128 1.781 2.087 2.302 2.496 2.504 2.078 1.587 
4.500 10.080 -1.915 -0.567 0.420 1.124 1.774 2.078 2.295 2.491 2.501 2.078 1.582 
4.500 10.120 -1.919 -0.574 0.417 1.119 1.767 2.069 2.287 2.486 2.497 2.078 1.578 
4.500 10.200 -1.916 -0.581 0.413 1.114 1.760 2.060 2.279 2.482 2.494 2.078 1.573 
4.500 10.310 -1.922 -0.598 0.401 1.100 1.741 2.038 2.259 2.466 2.482 2.070 1.559 
4.500 10.490 -1.918 -0.621 0.384 1.079 1.716 2.008 2.231 2.445 2.464 2.058 1.539 
4.500 10.760 -1.916 -0.644 0.366 1.059 1.690 1.979 2.203 2.424 2.446 2.045 1.520 
4.500 11.180 -1.920 -0.673 0.341 1.030 1.656 1.942 2.168 2.393 2.418 2.024 1.492 
4.500 11.820 -1.935 -0.721 0.290 0.976 1.598 1.883 2.108 2.335 2.355 1.976 1.438 
4.500 12.770 -1.945 -0.769 0.239 0.922 1.541 1.824 2.049 2.277 2.292 1.928 1.384 
4.500 14.140 -1.955 -0.817 0.188 0.869 1.484 1.766 1.990 2.220 2.230 1.881 1.331 
4.500 16.080 -2.001 -0.902 0.093 0.776 1.390 1.674 1.894 2.116 2.108 1.784 1.231 
4.500 18.740 -2.051 -0.993 -0.009 0.676 1.290 1.577 1.792 2.006 1.976 1.680 1.124 
4.500 22.320 -2.100 -1.083 -0.111 0.578 1.191 1.481 1.691 1.896 1.845 1.577 1.018 
4.500 27.040 -2.162 -1.187 -0.224 0.466 1.079 1.371 1.575 1.768 1.696 1.455 0.896 
4.500 33.160 -2.240 -1.305 -0.352 0.340 0.953 1.245 1.442 1.622 1.527 1.312 0.756 
4.500 41.050 -2.314 -1.422 -0.478 0.216 0.829 1.121 1.311 1.478 1.360 1.172 0.617 
4.500 51.110 -2.384 -1.534 -0.598 0.095 0.707 0.999 1.183 1.336 1.197 1.035 0.482 
4.500 63.890 -2.431 -1.619 -0.689 -0.008 0.597 0.880 1.061 1.207 1.061 0.913 0.361 
4.500 80.060 -2.471 -1.702 -0.776 -0.108 0.491 0.765 0.943 1.081 0.928 0.795 0.244 
4.500 100.500 -2.507 -1.780 -0.859 -0.203 0.389 0.654 0.829 0.960 0.799 0.681 0.132 
4.500 126.290 -2.577 -1.890 -0.967 -0.331 0.249 0.500 0.667 0.781 0.608 0.505 -0.023 
4.500 158.810 -2.649 -2.004 -1.078 -0.463 0.103 0.337 0.494 0.588 0.401 0.314 -0.186 
4.500 199.780 -2.721 -2.118 -1.188 -0.595 -0.044 0.174 0.322 0.395 0.194 0.122 -0.348 
4.500 251.390 -2.803 -2.240 -1.304 -0.733 -0.199 0.000 0.135 0.184 -0.035 -0.088 -0.522 
4.500 316.390 -2.899 -2.378 -1.434 -0.883 -0.371 -0.195 -0.080 -0.064 -0.305 -0.337 -0.715 
4.500 398.240 -2.997 -2.516 -1.563 -1.032 -0.542 -0.390 -0.295 -0.311 -0.575 -0.586 -0.909 
4.500 501.290 -3.093 -2.654 -1.692 -1.182 -0.714 -0.585 -0.510 -0.558 -0.844 -0.834 -1.102 
4.500 631.040 -3.263 -2.865 -1.868 -1.340 -0.855 -0.719 -0.640 -0.690 -0.988 -0.978 -1.293 
4.500 794.390 -3.436 -3.080 -2.047 -1.499 -0.994 -0.851 -0.767 -0.818 -1.127 -1.118 -1.484 
4.750 10.050 -1.529 -0.273 0.687 1.369 1.976 2.254 2.452 2.620 2.607 2.193 1.757 
4.750 10.080 -1.534 -0.278 0.684 1.365 1.969 2.246 2.445 2.617 2.605 2.193 1.754 
4.750 10.120 -1.539 -0.283 0.681 1.360 1.963 2.238 2.439 2.615 2.602 2.194 1.750 
4.750 10.200 -1.535 -0.288 0.679 1.356 1.956 2.231 2.432 2.612 2.600 2.195 1.747 
4.750 10.310 -1.539 -0.303 0.666 1.340 1.936 2.209 2.413 2.599 2.586 2.189 1.733 
4.750 10.490 -1.538 -0.325 0.648 1.318 1.909 2.179 2.385 2.579 2.567 2.177 1.713 
4.750 10.760 -1.534 -0.346 0.629 1.295 1.881 2.149 2.357 2.559 2.548 2.166 1.694 
4.750 11.180 -1.537 -0.374 0.602 1.265 1.847 2.112 2.322 2.531 2.519 2.146 1.666 
4.750 11.820 -1.557 -0.422 0.550 1.210 1.788 2.054 2.263 2.474 2.457 2.100 1.611 
4.750 12.770 -1.569 -0.471 0.498 1.155 1.730 1.996 2.204 2.417 2.395 2.054 1.558 
4.750 14.140 -1.582 -0.520 0.447 1.100 1.672 1.938 2.145 2.360 2.333 2.008 1.504 
4.750 16.080 -1.631 -0.607 0.353 1.008 1.580 1.849 2.051 2.257 2.214 1.913 1.405 
4.750 18.740 -1.686 -0.700 0.252 0.911 1.483 1.755 1.951 2.146 2.086 1.811 1.299 
4.750 22.320 -1.739 -0.793 0.153 0.814 1.388 1.662 1.852 2.036 1.959 1.709 1.194 
4.750 27.040 -1.805 -0.898 0.042 0.706 1.279 1.556 1.739 1.910 1.814 1.589 1.073 
4.750 33.160 -1.886 -1.016 -0.081 0.585 1.159 1.434 1.610 1.767 1.650 1.449 0.935 
4.750 41.050 -1.963 -1.132 -0.202 0.465 1.039 1.314 1.483 1.625 1.487 1.310 0.798 
4.750 51.110 -2.035 -1.243 -0.317 0.349 0.923 1.196 1.359 1.486 1.330 1.176 0.665 
4.750 63.890 -2.077 -1.323 -0.401 0.251 0.819 1.082 1.242 1.364 1.200 1.060 0.549 
4.750 80.060 -2.115 -1.400 -0.482 0.156 0.717 0.971 1.129 1.244 1.075 0.947 0.436 
4.750 100.500 -2.149 -1.472 -0.559 0.066 0.620 0.865 1.020 1.130 0.953 0.839 0.327 
4.750 126.290 -2.209 -1.570 -0.659 -0.057 0.485 0.716 0.866 0.962 0.776 0.675 0.181 
4.750 158.810 -2.269 -1.669 -0.761 -0.184 0.344 0.560 0.702 0.781 0.584 0.499 0.029 
4.750 199.780 -2.331 -1.768 -0.863 -0.310 0.203 0.403 0.537 0.601 0.393 0.322 -0.124 
4.750 251.390 -2.398 -1.876 -0.972 -0.443 0.053 0.235 0.359 0.402 0.180 0.126 -0.287 
4.750 316.390 -2.488 -2.003 -1.094 -0.587 -0.113 0.047 0.151 0.165 -0.076 -0.110 -0.471 
4.750 398.240 -2.575 -2.129 -1.217 -0.731 -0.279 -0.142 -0.056 -0.071 -0.332 -0.345 -0.654 
4.750 501.290 -2.664 -2.256 -1.340 -0.875 -0.445 -0.330 -0.263 -0.308 -0.588 -0.580 -0.838 
4.750 631.040 -2.821 -2.452 -1.503 -1.022 -0.576 -0.455 -0.384 -0.431 -0.723 -0.714 -1.019 
4.750 794.390 -2.982 -2.652 -1.669 -1.170 -0.706 -0.578 -0.501 -0.548 -0.852 -0.845 -1.200 
5.000 10.050 -1.177 -0.017 0.909 1.562 2.119 2.370 2.552 2.685 2.646 2.243 1.875 
5.000 10.080 -1.181 -0.021 0.906 1.558 2.112 2.363 2.546 2.683 2.643 2.244 1.873 
5.000 10.120 -1.184 -0.024 0.904 1.553 2.105 2.356 2.540 2.682 2.640 2.245 1.870 
5.000 10.200 -1.173 -0.010 0.926 1.576 2.128 2.378 2.563 2.716 2.675 2.284 1.898 
5.000 10.310 -1.172 -0.022 0.914 1.561 2.110 2.358 2.545 2.706 2.664 2.280 1.886 
5.000 10.490 -1.174 -0.040 0.897 1.539 2.084 2.331 2.521 2.692 2.647 2.274 1.869 
5.000 10.760 -1.165 -0.057 0.879 1.517 2.058 2.304 2.496 2.677 2.631 2.267 1.852 
5.000 11.180 -1.165 -0.080 0.856 1.491 2.027 2.273 2.467 2.657 2.608 2.256 1.830 
5.000 11.820 -1.184 -0.124 0.811 1.443 1.978 2.224 2.417 2.612 2.558 2.224 1.785 
5.000 12.770 -1.198 -0.173 0.758 1.387 1.919 2.167 2.359 2.556 2.497 2.179 1.731 
5.000 14.140 -1.213 -0.223 0.705 1.332 1.861 2.110 2.301 2.501 2.437 2.135 1.677 
5.000 16.080 -1.268 -0.312 0.613 1.241 1.771 2.023 2.208 2.397 2.321 2.042 1.579 
5.000 18.740 -1.327 -0.408 0.514 1.145 1.677 1.933 2.110 2.287 2.196 1.942 1.474 
5.000 22.320 -1.385 -0.502 0.416 1.051 1.584 1.843 2.014 2.177 2.073 1.842 1.369 
5.000 27.040 -1.456 -0.608 0.308 0.946 1.480 1.740 1.903 2.052 1.932 1.724 1.250 
5.000 33.160 -1.538 -0.726 0.190 0.829 1.364 1.623 1.778 1.911 1.772 1.586 1.114 
5.000 41.050 -1.617 -0.842 0.074 0.715 1.250 1.507 1.655 1.771 1.614 1.449 0.979 
5.000 51.110 -1.694 -0.952 -0.036 0.604 1.139 1.393 1.535 1.636 1.462 1.317 0.849 
5.000 63.890 -1.730 -1.027 -0.114 0.510 1.040 1.283 1.423 1.520 1.340 1.206 0.737 
5.000 80.060 -1.764 -1.098 -0.188 0.420 0.943 1.177 1.315 1.408 1.222 1.099 0.628 
5.000 100.500 -1.797 -1.164 -0.258 0.334 0.851 1.075 1.211 1.300 1.108 0.997 0.523 
5.000 126.290 -1.845 -1.250 -0.351 0.217 0.722 0.932 1.064 1.143 0.944 0.846 0.385 
5.000 158.810 -1.892 -1.334 -0.444 0.096 0.585 0.782 0.909 0.975 0.768 0.684 0.243 
5.000 199.780 -1.941 -1.418 -0.538 -0.025 0.449 0.632 0.753 0.807 0.593 0.522 0.100 
5.000 251.390 -2.003 -1.513 -0.639 -0.153 0.305 0.470 0.582 0.620 0.395 0.340 -0.053 
5.000 316.390 -2.081 -1.628 -0.755 -0.291 0.145 0.288 0.383 0.394 0.152 0.118 -0.227 
5.000 398.240 -2.159 -1.742 -0.871 -0.429 -0.016 0.106 0.183 0.168 -0.090 -0.104 -0.400 
5.000 501.290 -2.239 -1.857 -0.988 -0.568 -0.176 -0.076 -0.017 -0.057 -0.332 -0.326 -0.574 
5.000 631.040 -2.385 -2.039 -1.138 -0.704 -0.298 -0.192 -0.129 -0.171 -0.457 -0.451 -0.745 
5.000 794.390 -2.534 -2.224 -1.291 -0.841 -0.417 -0.305 -0.237 -0.279 -0.577 -0.572 -0.916 
5.250 10.050 -0.862 0.210 1.102 1.715 2.227 2.461 2.627 2.741 2.686 2.295 1.987 
5.250 10.080 -0.863 0.208 1.101 1.712 2.223 2.456 2.624 2.742 2.686 2.297 1.987 
5.250 10.120 -0.864 0.207 1.100 1.709 2.218 2.451 2.621 2.743 2.686 2.299 1.987 
5.250 10.200 -0.865 0.206 1.100 1.707 2.214 2.446 2.618 2.745 2.685 2.301 1.987 
5.250 10.310 -0.872 0.195 1.088 1.691 2.196 2.428 2.602 2.735 2.674 2.298 1.975 
5.250 10.490 -0.863 0.196 1.094 1.696 2.200 2.431 2.606 2.754 2.693 2.330 1.987 
5.250 10.760 -0.857 0.179 1.075 1.672 2.174 2.405 2.582 2.739 2.675 2.324 1.970 
5.250 11.180 -0.855 0.156 1.051 1.645 2.143 2.375 2.553 2.717 2.651 2.313 1.946 
5.250 11.820 -0.874 0.115 1.010 1.602 2.100 2.333 2.510 2.678 2.609 2.287 1.906 
5.250 12.770 -0.883 0.074 0.968 1.559 2.057 2.290 2.467 2.638 2.566 2.261 1.865 
5.250 14.140 -0.893 0.034 0.927 1.516 2.013 2.248 2.423 2.598 2.522 2.234 1.824 
5.250 16.080 -0.949 -0.054 0.837 1.430 1.927 2.165 2.332 2.496 2.409 2.142 1.727 
5.250 18.740 -1.008 -0.148 0.742 1.339 1.837 2.078 2.237 2.387 2.288 2.042 1.623 
5.250 22.320 -1.067 -0.242 0.648 1.248 1.749 1.991 2.143 2.279 2.167 1.944 1.519 
5.250 27.040 -1.137 -0.346 0.545 1.148 1.650 1.891 2.034 2.156 2.029 1.826 1.401 
5.250 33.160 -1.218 -0.461 0.432 1.037 1.540 1.776 1.911 2.017 1.873 1.689 1.267 
5.250 41.050 -1.298 -0.575 0.321 0.928 1.431 1.663 1.789 1.879 1.718 1.554 1.135 
5.250 51.110 -1.373 -0.683 0.215 0.823 1.326 1.553 1.670 1.746 1.569 1.423 1.007 
5.250 63.890 -1.413 -0.755 0.140 0.733 1.230 1.447 1.562 1.634 1.451 1.315 0.898 
5.250 80.060 -1.449 -0.825 0.068 0.647 1.138 1.344 1.457 1.526 1.336 1.211 0.792 
5.250 100.500 -1.481 -0.889 0.001 0.566 1.051 1.245 1.357 1.421 1.226 1.111 0.691 
5.250 126.290 -1.529 -0.971 -0.089 0.453 0.926 1.109 1.218 1.275 1.073 0.971 0.560 
5.250 158.810 -1.575 -1.050 -0.180 0.335 0.795 0.965 1.072 1.121 0.912 0.824 0.425 
5.250 199.780 -1.622 -1.129 -0.270 0.217 0.663 0.822 0.926 0.966 0.750 0.676 0.291 
5.250 251.390 -1.678 -1.219 -0.368 0.094 0.524 0.668 0.765 0.792 0.566 0.509 0.146 
5.250 316.390 -1.754 -1.328 -0.481 -0.039 0.368 0.493 0.575 0.579 0.338 0.302 -0.020 
5.250 398.240 -1.829 -1.436 -0.593 -0.173 0.213 0.317 0.385 0.366 0.111 0.095 -0.185 
5.250 501.290 -1.906 -1.545 -0.705 -0.307 0.058 0.142 0.195 0.153 -0.117 -0.112 -0.350 
5.250 631.040 -2.044 -1.715 -0.845 -0.434 -0.055 0.034 0.090 0.048 -0.233 -0.229 -0.513 
5.250 794.390 -2.185 -1.889 -0.987 -0.561 -0.166 -0.070 -0.010 -0.053 -0.345 -0.342 -0.676 
5.500 10.050 -0.551 0.437 1.295 1.867 2.336 2.551 2.702 2.798 2.727 2.347 2.099 
5.500 10.080 -0.549 0.438 1.296 1.866 2.334 2.549 2.702 2.801 2.729 2.350 2.101 
5.500 10.120 -0.548 0.439 1.297 1.865 2.331 2.546 2.702 2.805 2.731 2.353 2.103 
5.500 10.200 -0.547 0.440 1.297 1.864 2.329 2.544 2.702 2.808 2.732 2.356 2.106 
5.500 10.310 -0.557 0.430 1.286 1.849 2.312 2.527 2.687 2.799 2.721 2.354 2.095 
5.500 10.490 -0.569 0.413 1.266 1.824 2.286 2.501 2.663 2.782 2.701 2.349 2.076 
5.500 10.760 -0.559 0.414 1.271 1.827 2.290 2.505 2.668 2.800 2.720 2.381 2.087 
5.500 11.180 -0.554 0.391 1.247 1.799 2.260 2.476 2.640 2.778 2.695 2.371 2.063 
5.500 11.820 -0.572 0.351 1.206 1.757 2.218 2.436 2.599 2.739 2.653 2.346 2.022 
5.500 12.770 -0.584 0.311 1.165 1.715 2.176 2.397 2.557 2.700 2.612 2.321 1.982 
5.500 14.140 -0.593 0.272 1.125 1.674 2.135 2.358 2.517 2.661 2.571 2.296 1.942 
5.500 16.080 -0.636 0.202 1.061 1.617 2.081 2.305 2.455 2.593 2.495 2.239 1.873 
5.500 18.740 -0.695 0.111 0.971 1.532 1.998 2.223 2.364 2.488 2.379 2.143 1.771 
5.500 22.320 -0.756 0.019 0.881 1.446 1.913 2.139 2.272 2.381 2.261 2.045 1.669 
5.500 27.040 -0.824 -0.083 0.782 1.351 1.819 2.042 2.166 2.260 2.126 1.929 1.552 
5.500 33.160 -0.906 -0.196 0.674 1.246 1.715 1.930 2.043 2.123 1.973 1.793 1.420 
5.500 41.050 -0.984 -0.307 0.567 1.142 1.612 1.820 1.923 1.988 1.822 1.658 1.290 
5.500 51.110 -1.059 -0.413 0.465 1.042 1.512 1.712 1.806 1.857 1.675 1.528 1.164 
5.500 63.890 -1.100 -0.484 0.393 0.957 1.421 1.609 1.701 1.748 1.561 1.424 1.059 
5.500 80.060 -1.137 -0.551 0.324 0.875 1.334 1.510 1.599 1.643 1.451 1.323 0.957 
5.500 100.500 -1.169 -0.614 0.260 0.797 1.251 1.415 1.502 1.543 1.344 1.226 0.859 
5.500 126.290 -1.216 -0.692 0.172 0.688 1.130 1.285 1.371 1.407 1.203 1.097 0.735 
5.500 158.810 -1.262 -0.766 0.085 0.574 1.004 1.149 1.235 1.266 1.055 0.964 0.608 
5.500 199.780 -1.306 -0.841 -0.003 0.460 0.877 1.013 1.099 1.125 0.907 0.831 0.481 
5.500 251.390 -1.359 -0.925 -0.098 0.342 0.742 0.866 0.948 0.964 0.737 0.678 0.344 
5.500 316.390 -1.433 -1.027 -0.206 0.212 0.592 0.698 0.767 0.764 0.525 0.486 0.187 
5.500 398.240 -1.506 -1.130 -0.314 0.083 0.442 0.529 0.586 0.564 0.312 0.294 0.031 
5.500 501.290 -1.578 -1.233 -0.422 -0.046 0.291 0.360 0.405 0.364 0.098 0.102 -0.126 
5.500 631.040 -1.708 -1.392 -0.552 -0.164 0.187 0.261 0.310 0.266 -0.010 -0.007 -0.280 
5.500 794.390 -1.840 -1.553 -0.684 -0.281 0.085 0.164 0.217 0.173 -0.113 -0.112 -0.435 
5.750 10.050 -0.274 0.638 1.451 1.985 2.422 2.624 2.763 2.842 2.762 2.394 2.195 
5.750 10.080 -0.273 0.639 1.452 1.984 2.420 2.622 2.763 2.844 2.764 2.396 2.197 
5.750 10.120 -0.272 0.640 1.453 1.984 2.419 2.620 2.763 2.846 2.765 2.399 2.198 
5.750 10.200 -0.270 0.641 1.454 1.983 2.417 2.619 2.763 2.848 2.766 2.402 2.200 
5.750 10.310 -0.278 0.633 1.444 1.970 2.403 2.605 2.751 2.840 2.757 2.401 2.191 
5.750 10.490 -0.291 0.620 1.429 1.950 2.382 2.585 2.732 2.826 2.740 2.398 2.177 
5.750 10.760 -0.298 0.608 1.414 1.931 2.361 2.564 2.713 2.812 2.724 2.395 2.163 
5.750 11.180 -0.284 0.607 1.417 1.934 2.365 2.569 2.718 2.827 2.740 2.425 2.172 
5.750 11.820 -0.296 0.568 1.376 1.892 2.324 2.530 2.677 2.788 2.699 2.401 2.132 
5.750 12.770 -0.311 0.529 1.336 1.851 2.283 2.490 2.637 2.749 2.658 2.377 2.091 
5.750 14.140 -0.319 0.490 1.296 1.810 2.243 2.452 2.597 2.710 2.617 2.353 2.051 
5.750 16.080 -0.361 0.422 1.234 1.755 2.191 2.400 2.536 2.644 2.544 2.298 1.983 
5.750 18.740 -0.408 0.348 1.169 1.698 2.137 2.346 2.472 2.574 2.465 2.237 1.910 
5.750 22.320 -0.467 0.259 1.082 1.615 2.055 2.264 2.382 2.471 2.351 2.141 1.809 
5.750 27.040 -0.537 0.159 0.986 1.523 1.964 2.168 2.276 2.352 2.218 2.026 1.694 
5.750 33.160 -0.618 0.049 0.881 1.422 1.863 2.059 2.156 2.218 2.068 1.891 1.564 
5.750 41.050 -0.698 -0.060 0.778 1.322 1.764 1.951 2.038 2.086 1.919 1.758 1.436 
5.750 51.110 -0.772 -0.163 0.680 1.226 1.668 1.846 1.922 1.958 1.776 1.630 1.313 
5.750 63.890 -0.814 -0.232 0.610 1.144 1.580 1.747 1.820 1.852 1.663 1.526 1.210 
5.750 80.060 -0.851 -0.298 0.543 1.065 1.496 1.651 1.722 1.750 1.553 1.427 1.111 
5.750 100.500 -0.886 -0.360 0.480 0.991 1.416 1.559 1.627 1.651 1.448 1.331 1.016 
5.750 126.290 -0.933 -0.435 0.395 0.885 1.300 1.433 1.502 1.520 1.311 1.208 0.896 
5.750 158.810 -0.978 -0.507 0.309 0.774 1.178 1.303 1.372 1.384 1.170 1.083 0.775 
5.750 199.780 -1.023 -0.580 0.224 0.664 1.055 1.172 1.242 1.247 1.029 0.958 0.654 
5.750 251.390 -1.078 -0.661 0.132 0.549 0.925 1.030 1.097 1.091 0.866 0.813 0.523 
5.750 316.390 -1.151 -0.761 0.027 0.423 0.778 0.867 0.921 0.897 0.661 0.629 0.373 
5.750 398.240 -1.222 -0.860 -0.078 0.298 0.632 0.703 0.746 0.702 0.456 0.446 0.222 
5.750 501.290 -1.295 -0.959 -0.183 0.172 0.486 0.539 0.571 0.507 0.251 0.263 0.072 
5.750 631.040 -1.417 -1.109 -0.305 0.062 0.388 0.446 0.481 0.416 0.149 0.161 -0.075 
5.750 794.390 -1.541 -1.260 -0.427 -0.046 0.293 0.356 0.395 0.328 0.051 0.062 -0.223 
6.000 10.050 -0.000 0.838 1.608 2.103 2.508 2.697 2.824 2.886 2.798 2.441 2.291 
6.000 10.080 0.001 0.840 1.608 2.103 2.507 2.695 2.823 2.887 2.798 2.443 2.292 
6.000 10.120 0.002 0.841 1.609 2.102 2.506 2.694 2.823 2.888 2.799 2.445 2.293 
6.000 10.200 0.004 0.842 1.610 2.101 2.505 2.694 2.823 2.889 2.800 2.447 2.294 
6.000 10.310 -0.001 0.837 1.603 2.092 2.494 2.684 2.815 2.882 2.792 2.447 2.288 
6.000 10.490 -0.010 0.828 1.592 2.076 2.478 2.668 2.801 2.870 2.779 2.447 2.279 
6.000 10.760 -0.018 0.820 1.580 2.061 2.462 2.652 2.787 2.858 2.766 2.447 2.268 
6.000 11.180 -0.031 0.804 1.562 2.040 2.440 2.631 2.767 2.840 2.747 2.441 2.251 
6.000 11.820 -0.034 0.784 1.546 2.027 2.430 2.622 2.756 2.836 2.745 2.456 2.240 
6.000 12.770 -0.043 0.746 1.506 1.987 2.390 2.584 2.716 2.797 2.704 2.433 2.200 
6.000 14.140 -0.053 0.708 1.467 1.947 2.351 2.545 2.676 2.759 2.664 2.410 2.159 
6.000 16.080 -0.095 0.641 1.407 1.894 2.300 2.494 2.616 2.695 2.592 2.356 2.092 
6.000 18.740 -0.141 0.569 1.345 1.839 2.249 2.441 2.554 2.628 2.516 2.296 2.020 
6.000 22.320 -0.187 0.498 1.283 1.784 2.197 2.388 2.491 2.560 2.439 2.236 1.949 
6.000 27.040 -0.257 0.401 1.190 1.696 2.109 2.294 2.387 2.445 2.310 2.123 1.836 
6.000 33.160 -0.338 0.293 1.089 1.598 2.011 2.187 2.269 2.314 2.162 1.990 1.708 
6.000 41.050 -0.417 0.187 0.989 1.503 1.916 2.082 2.152 2.184 2.016 1.858 1.583 
6.000 51.110 -0.491 0.087 0.894 1.410 1.823 1.980 2.039 2.059 1.876 1.731 1.461 
6.000 63.890 -0.533 0.019 0.826 1.331 1.739 1.884 1.940 1.956 1.764 1.629 1.361 
6.000 80.060 -0.572 -0.045 0.761 1.256 1.658 1.791 1.844 1.856 1.656 1.530 1.265 
6.000 100.500 -0.605 -0.105 0.701 1.184 1.582 1.703 1.753 1.760 1.552 1.436 1.173 
6.000 126.290 -0.655 -0.178 0.618 1.082 1.469 1.582 1.632 1.633 1.420 1.319 1.058 
6.000 158.810 -0.700 -0.249 0.534 0.975 1.351 1.457 1.509 1.501 1.285 1.202 0.943 
6.000 199.780 -0.746 -0.319 0.451 0.868 1.233 1.332 1.385 1.369 1.151 1.085 0.827 
6.000 251.390 -0.800 -0.397 0.361 0.756 1.107 1.195 1.246 1.218 0.995 0.948 0.702 
6.000 316.390 -0.871 -0.494 0.259 0.634 0.965 1.036 1.076 1.029 0.798 0.773 0.558 
6.000 398.240 -0.944 -0.590 0.158 0.512 0.822 0.877 0.906 0.840 0.601 0.599 0.414 
6.000 501.290 -1.015 -0.686 0.056 0.390 0.680 0.718 0.736 0.651 0.404 0.424 0.270 
6.000 631.040 -1.130 -0.826 -0.057 0.289 0.590 0.631 0.652 0.565 0.307 0.328 0.130 
6.000 794.390 -1.247 -0.967 -0.171 0.188 0.502 0.548 0.572 0.482 0.215 0.235 -0.010 
6.250 10.050 0.245 1.020 1.741 2.206 2.592 2.765 2.880 2.919 2.827 2.481 2.375 
6.250 10.080 0.246 1.021 1.741 2.206 2.591 2.765 2.880 2.920 2.828 2.482 2.375 
6.250 10.120 0.246 1.021 1.742 2.206 2.590 2.765 2.880 2.921 2.828 2.483 2.376 
6.250 10.200 0.247 1.022 1.742 2.206 2.590 2.764 2.880 2.921 2.829 2.484 2.377 
6.250 10.310 0.246 1.020 1.739 2.200 2.584 2.759 2.876 2.917 2.825 2.485 2.375 
6.250 10.490 0.242 1.017 1.734 2.192 2.575 2.750 2.869 2.911 2.818 2.487 2.371 
6.250 10.760 0.239 1.014 1.728 2.183 2.566 2.741 2.861 2.905 2.811 2.488 2.367 
6.250 11.180 0.228 1.003 1.715 2.168 2.549 2.725 2.847 2.891 2.797 2.485 2.355 
6.250 11.820 0.191 0.967 1.677 2.129 2.510 2.687 2.808 2.853 2.758 2.466 2.316 
6.250 12.770 0.195 0.949 1.663 2.118 2.501 2.679 2.798 2.850 2.757 2.485 2.307 
6.250 14.140 0.188 0.914 1.626 2.079 2.462 2.641 2.759 2.813 2.719 2.467 2.269 
6.250 16.080 0.150 0.847 1.566 2.025 2.409 2.586 2.698 2.750 2.648 2.414 2.202 
6.250 18.740 0.104 0.775 1.502 1.968 2.354 2.529 2.632 2.682 2.571 2.355 2.130 
6.250 22.320 0.057 0.704 1.439 1.912 2.300 2.473 2.567 2.616 2.496 2.297 2.058 
6.250 27.040 0.000 0.626 1.370 1.850 2.240 2.408 2.491 2.536 2.405 2.221 1.975 
6.250 33.160 -0.078 0.520 1.270 1.754 2.143 2.301 2.373 2.408 2.259 2.089 1.849 
6.250 41.050 -0.159 0.416 1.171 1.659 2.047 2.196 2.257 2.281 2.114 1.958 1.724 
6.250 51.110 -0.234 0.317 1.078 1.568 1.955 2.095 2.144 2.158 1.975 1.832 1.604 
6.250 63.890 -0.278 0.250 1.011 1.492 1.874 2.002 2.047 2.057 1.864 1.731 1.506 
6.250 80.060 -0.318 0.186 0.948 1.418 1.796 1.913 1.954 1.959 1.756 1.633 1.412 
6.250 100.500 -0.356 0.127 0.889 1.349 1.723 1.829 1.865 1.866 1.653 1.540 1.322 
6.250 126.290 -0.405 0.055 0.809 1.251 1.615 1.713 1.750 1.742 1.524 1.427 1.212 
6.250 158.810 -0.452 -0.013 0.729 1.148 1.502 1.593 1.631 1.614 1.392 1.314 1.103 
6.250 199.780 -0.497 -0.081 0.649 1.046 1.389 1.473 1.513 1.486 1.260 1.201 0.993 
6.250 251.390 -0.552 -0.157 0.563 0.938 1.267 1.341 1.379 1.338 1.107 1.069 0.873 
6.250 316.390 -0.624 -0.251 0.465 0.819 1.128 1.186 1.213 1.152 0.913 0.899 0.735 
6.250 398.240 -0.698 -0.345 0.366 0.701 0.989 1.030 1.047 0.966 0.719 0.730 0.596 
6.250 501.290 -0.770 -0.440 0.267 0.582 0.850 0.874 0.881 0.780 0.525 0.560 0.457 
6.250 631.040 -0.878 -0.570 0.162 0.487 0.766 0.793 0.802 0.698 0.433 0.469 0.324 
6.250 794.390 -0.989 -0.702 0.056 0.394 0.684 0.716 0.728 0.620 0.345 0.381 0.191 
6.500 10.050 0.489 1.202 1.874 2.310 2.675 2.834 2.937 2.953 2.857 2.520 2.458 
6.500 10.080 0.489 1.202 1.875 2.310 2.675 2.835 2.937 2.953 2.858 2.520 2.459 
6.500 10.120 0.489 1.202 1.875 2.310 2.675 2.835 2.937 2.953 2.858 2.521 2.459 
6.500 10.200 0.490 1.202 1.875 2.311 2.675 2.835 2.937 2.953 2.858 2.521 2.459 
6.500 10.310 0.491 1.204 1.875 2.309 2.674 2.834 2.937 2.953 2.858 2.523 2.460 
6.500 10.490 0.493 1.206 1.876 2.307 2.671 2.832 2.936 2.952 2.857 2.526 2.463 
6.500 10.760 0.496 1.208 1.876 2.305 2.669 2.830 2.936 2.952 2.857 2.530 2.465 
6.500 11.180 0.489 1.201 1.868 2.295 2.658 2.820 2.926 2.942 2.847 2.529 2.458 
6.500 11.820 0.454 1.168 1.832 2.257 2.620 2.781 2.888 2.905 2.809 2.514 2.421 
6.500 12.770 0.420 1.134 1.796 2.220 2.581 2.743 2.851 2.868 2.772 2.499 2.385 
6.500 14.140 0.408 1.101 1.761 2.184 2.543 2.706 2.813 2.831 2.735 2.485 2.349 
6.500 16.080 0.385 1.053 1.724 2.156 2.518 2.678 2.779 2.804 2.702 2.471 2.311 
6.500 18.740 0.341 0.982 1.659 2.097 2.460 2.618 2.711 2.737 2.627 2.414 2.239 
6.500 22.320 0.294 0.911 1.594 2.039 2.402 2.558 2.643 2.671 2.551 2.357 2.167 
6.500 27.040 0.241 0.835 1.529 1.981 2.345 2.495 2.570 2.598 2.467 2.288 2.088 
6.500 33.160 0.165 0.737 1.439 1.896 2.259 2.400 2.463 2.484 2.336 2.170 1.974 
6.500 41.050 0.093 0.644 1.354 1.816 2.179 2.310 2.361 2.377 2.212 2.058 1.866 
6.500 51.110 0.017 0.546 1.262 1.726 2.087 2.209 2.249 2.257 2.074 1.933 1.746 
6.500 63.890 -0.028 0.480 1.197 1.652 2.009 2.121 2.155 2.158 1.964 1.833 1.651 
6.500 80.060 -0.072 0.417 1.134 1.581 1.934 2.035 2.064 2.062 1.857 1.736 1.559 
6.500 100.500 -0.109 0.358 1.077 1.515 1.864 1.954 1.978 1.971 1.754 1.644 1.472 
6.500 126.290 -0.160 0.289 1.000 1.420 1.761 1.843 1.867 1.850 1.627 1.534 1.366 
6.500 158.810 -0.205 0.223 0.924 1.322 1.653 1.729 1.754 1.726 1.498 1.426 1.263 
6.500 199.780 -0.253 0.157 0.848 1.224 1.545 1.615 1.642 1.602 1.369 1.318 1.159 
6.500 251.390 -0.309 0.083 0.765 1.120 1.427 1.488 1.512 1.458 1.219 1.190 1.045 
6.500 316.390 -0.382 -0.009 0.670 1.005 1.291 1.335 1.350 1.275 1.028 1.026 0.911 
6.500 398.240 -0.455 -0.101 0.574 0.889 1.156 1.183 1.188 1.091 0.837 0.861 0.778 
6.500 501.290 -0.528 -0.193 0.479 0.774 1.020 1.031 1.026 0.908 0.647 0.697 0.644 
6.500 631.040 -0.632 -0.315 0.381 0.686 0.942 0.955 0.953 0.831 0.559 0.610 0.518 
6.500 794.390 -0.737 -0.438 0.283 0.600 0.866 0.884 0.883 0.758 0.476 0.528 0.392 
6.750 10.050 0.701 1.359 1.974 2.377 2.724 2.877 2.974 2.975 2.882 2.556 2.534 
6.750 10.080 0.701 1.359 1.974 2.378 2.724 2.877 2.974 2.975 2.882 2.557 2.534 
6.750 10.120 0.702 1.359 1.975 2.378 2.724 2.877 2.975 2.976 2.882 2.557 2.535 
6.750 10.200 0.702 1.360 1.975 2.378 2.724 2.877 2.975 2.976 2.882 2.557 2.535 
6.750 10.310 0.703 1.360 1.975 2.378 2.724 2.877 2.975 2.976 2.882 2.559 2.536 
6.750 10.490 0.704 1.362 1.976 2.377 2.722 2.876 2.974 2.976 2.882 2.561 2.537 
6.750 10.760 0.706 1.363 1.976 2.376 2.721 2.875 2.974 2.975 2.882 2.563 2.539 
6.750 11.180 0.703 1.360 1.972 2.370 2.715 2.869 2.969 2.970 2.877 2.563 2.535 
6.750 11.820 0.684 1.342 1.952 2.349 2.693 2.847 2.947 2.948 2.854 2.557 2.516 
6.750 12.770 0.666 1.324 1.932 2.328 2.671 2.825 2.925 2.927 2.833 2.552 2.496 
6.750 14.140 0.648 1.307 1.912 2.307 2.649 2.803 2.904 2.906 2.811 2.546 2.477 
6.750 16.080 0.588 1.238 1.848 2.248 2.588 2.741 2.837 2.841 2.740 2.498 2.406 
6.750 18.740 0.560 1.181 1.802 2.211 2.553 2.702 2.791 2.805 2.699 2.480 2.358 
6.750 22.320 0.514 1.106 1.732 2.146 2.487 2.634 2.717 2.734 2.621 2.425 2.281 
6.750 27.040 0.456 1.027 1.663 2.083 2.424 2.565 2.640 2.658 2.534 2.357 2.199 
6.750 33.160 0.380 0.928 1.571 1.996 2.334 2.467 2.530 2.543 2.400 2.237 2.083 
6.750 41.050 0.314 0.847 1.504 1.936 2.276 2.399 2.450 2.463 2.306 2.155 1.998 
6.750 51.110 0.238 0.752 1.416 1.851 2.188 2.303 2.343 2.350 2.174 2.038 1.884 
6.750 63.890 0.189 0.684 1.351 1.779 2.111 2.216 2.250 2.251 2.062 1.935 1.789 
6.750 80.060 0.142 0.619 1.289 1.710 2.038 2.132 2.160 2.155 1.953 1.836 1.696 
6.750 100.500 0.099 0.559 1.232 1.646 1.969 2.053 2.074 2.064 1.848 1.741 1.608 
6.750 126.290 0.047 0.490 1.158 1.556 1.872 1.947 1.967 1.945 1.721 1.633 1.507 
6.750 158.810 0.000 0.425 1.087 1.465 1.772 1.840 1.858 1.823 1.594 1.527 1.409 
6.750 199.780 -0.049 0.361 1.015 1.374 1.672 1.732 1.750 1.701 1.467 1.422 1.311 
6.750 251.390 -0.106 0.287 0.937 1.276 1.562 1.610 1.624 1.559 1.319 1.297 1.203 
6.750 316.390 -0.181 0.196 0.845 1.164 1.432 1.461 1.465 1.378 1.131 1.136 1.074 
6.750 398.240 -0.255 0.106 0.753 1.053 1.301 1.313 1.305 1.197 0.943 0.975 0.946 
6.750 501.290 -0.331 0.015 0.661 0.942 1.170 1.164 1.146 1.015 0.755 0.814 0.818 
6.750 631.040 -0.429 -0.100 0.570 0.860 1.098 1.094 1.077 0.942 0.671 0.732 0.698 
6.750 794.390 -0.529 -0.215 0.479 0.780 1.028 1.027 1.012 0.873 0.592 0.653 0.579 
7.000 10.050 0.915 1.524 2.084 2.457 2.786 2.932 3.024 3.013 2.922 2.609 2.623 
7.000 10.080 0.915 1.524 2.085 2.457 2.786 2.932 3.024 3.013 2.923 2.609 2.624 
7.000 10.120 0.916 1.525 2.085 2.457 2.786 2.932 3.025 3.014 2.923 2.609 2.624 
7.000 10.200 0.916 1.525 2.085 2.458 2.787 2.933 3.025 3.014 2.923 2.610 2.624 
7.000 10.310 0.917 1.526 2.086 2.458 2.787 2.933 3.025 3.014 2.924 2.611 2.625 
7.000 10.490 0.918 1.527 2.087 2.459 2.788 2.934 3.026 3.015 2.925 2.613 2.626 
7.000 10.760 0.919 1.528 2.088 2.460 2.789 2.935 3.027 3.016 2.926 2.615 2.628 
7.000 11.180 0.919 1.528 2.088 2.460 2.788 2.934 3.027 3.016 2.926 2.618 2.629 
7.000 11.820 0.918 1.527 2.085 2.456 2.783 2.930 3.022 3.012 2.921 2.622 2.627 
7.000 12.770 0.916 1.525 2.082 2.453 2.779 2.925 3.018 3.008 2.917 2.628 2.626 
7.000 14.140 0.915 1.524 2.080 2.450 2.775 2.921 3.015 3.005 2.913 2.633 2.625 
7.000 16.080 0.833 1.442 1.997 2.368 2.689 2.833 2.924 2.914 2.815 2.562 2.531 
7.000 18.740 0.750 1.362 1.921 2.296 2.615 2.756 2.842 2.837 2.733 2.508 2.447 
7.000 22.320 0.718 1.301 1.870 2.253 2.572 2.709 2.790 2.796 2.690 2.493 2.395 
7.000 27.040 0.664 1.219 1.797 2.186 2.503 2.635 2.709 2.718 2.601 2.425 2.310 
7.000 33.160 0.599 1.136 1.727 2.123 2.440 2.563 2.625 2.636 2.503 2.342 2.222 
7.000 41.050 0.518 1.035 1.634 2.034 2.347 2.463 2.515 2.520 2.367 2.221 2.105 
7.000 51.110 0.454 0.957 1.569 1.975 2.286 2.394 2.436 2.442 2.273 2.141 2.021 
7.000 63.890 0.402 0.888 1.505 1.906 2.213 2.311 2.345 2.344 2.160 2.037 1.926 
7.000 80.060 0.351 0.822 1.444 1.839 2.141 2.229 2.255 2.248 2.049 1.936 1.833 
7.000 100.500 0.304 0.759 1.387 1.777 2.074 2.152 2.171 2.156 1.942 1.838 1.745 
7.000 126.290 0.250 0.690 1.316 1.692 1.983 2.052 2.066 2.039 1.816 1.731 1.648 
7.000 158.810 0.200 0.627 1.249 1.608 1.892 1.950 1.962 1.920 1.691 1.628 1.555 
7.000 199.780 0.150 0.564 1.182 1.523 1.800 1.849 1.858 1.800 1.566 1.526 1.463 
7.000 251.390 0.092 0.492 1.108 1.431 1.697 1.732 1.736 1.661 1.420 1.404 1.361 
7.000 316.390 0.015 0.402 1.020 1.324 1.571 1.588 1.579 1.481 1.234 1.246 1.238 
7.000 398.240 -0.060 0.312 0.931 1.217 1.446 1.443 1.422 1.302 1.049 1.088 1.115 
7.000 501.290 -0.137 0.223 0.843 1.110 1.320 1.298 1.265 1.123 0.863 0.930 0.992 
7.000 631.040 -0.232 0.116 0.759 1.034 1.254 1.233 1.201 1.053 0.784 0.853 0.878 
7.000 794.390 -0.327 0.008 0.674 0.960 1.189 1.171 1.141 0.989 0.708 0.779 0.765 
7.250 10.050 1.091 1.659 2.163 2.506 2.819 2.966 3.052 3.038 2.943 2.644 2.704 
7.250 10.080 1.091 1.659 2.163 2.506 2.819 2.966 3.052 3.038 2.944 2.644 2.704 
7.250 10.120 1.092 1.659 2.163 2.506 2.819 2.966 3.053 3.038 2.944 2.645 2.704 
7.250 10.200 1.092 1.660 2.164 2.507 2.820 2.967 3.053 3.039 2.945 2.645 2.705 
7.250 10.310 1.093 1.660 2.164 2.507 2.820 2.967 3.053 3.039 2.945 2.646 2.706 
7.250 10.490 1.094 1.661 2.165 2.508 2.821 2.968 3.054 3.040 2.946 2.647 2.706 
7.250 10.760 1.095 1.662 2.166 2.509 2.822 2.969 3.055 3.041 2.947 2.649 2.708 
7.250 11.180 1.096 1.663 2.167 2.509 2.822 2.969 3.055 3.041 2.948 2.651 2.709 
7.250 11.820 1.096 1.663 2.166 2.507 2.819 2.966 3.053 3.040 2.947 2.657 2.709 
7.250 12.770 1.097 1.664 2.165 2.506 2.817 2.964 3.052 3.039 2.946 2.664 2.710 
7.250 14.140 1.098 1.665 2.165 2.505 2.815 2.963 3.050 3.039 2.946 2.671 2.712 
7.250 16.080 1.041 1.608 2.107 2.448 2.754 2.899 2.985 2.974 2.877 2.624 2.645 
7.250 18.740 0.988 1.560 2.064 2.409 2.712 2.855 2.938 2.934 2.835 2.606 2.598 
7.250 22.320 0.930 1.505 2.012 2.359 2.659 2.799 2.879 2.880 2.778 2.574 2.539 
7.250 27.040 0.879 1.429 1.945 2.296 2.594 2.728 2.803 2.808 2.697 2.514 2.459 
7.250 33.160 0.808 1.332 1.862 2.221 2.515 2.641 2.707 2.717 2.590 2.424 2.358 
7.250 41.050 0.727 1.237 1.780 2.145 2.437 2.555 2.611 2.625 2.483 2.335 2.256 
7.250 51.110 0.648 1.146 1.703 2.075 2.363 2.472 2.520 2.537 2.380 2.249 2.160 
7.250 63.890 0.588 1.072 1.636 2.005 2.287 2.385 2.426 2.436 2.262 2.142 2.062 
7.250 80.060 0.529 0.999 1.571 1.936 2.212 2.299 2.332 2.335 2.145 2.035 1.964 
7.250 100.500 0.472 0.930 1.508 1.870 2.139 2.215 2.241 2.236 2.029 1.930 1.869 
7.250 126.290 0.413 0.859 1.441 1.791 2.053 2.116 2.136 2.119 1.902 1.821 1.775 
7.250 158.810 0.361 0.795 1.379 1.715 1.969 2.019 2.034 2.001 1.778 1.720 1.688 
7.250 199.780 0.308 0.731 1.317 1.639 1.886 1.922 1.931 1.884 1.655 1.618 1.601 
7.250 251.390 0.247 0.658 1.248 1.554 1.790 1.809 1.810 1.746 1.511 1.498 1.504 
7.250 316.390 0.167 0.569 1.163 1.453 1.671 1.667 1.654 1.569 1.329 1.343 1.386 
7.250 398.240 0.089 0.480 1.079 1.351 1.551 1.525 1.498 1.392 1.146 1.187 1.268 
7.250 501.290 0.009 0.390 0.995 1.249 1.432 1.383 1.342 1.214 0.963 1.031 1.150 
7.250 631.040 -0.082 0.289 0.916 1.179 1.369 1.321 1.281 1.148 0.887 0.957 1.043 
7.250 794.390 -0.173 0.188 0.837 1.110 1.309 1.262 1.223 1.087 0.815 0.887 0.935 
7.500 10.050 1.262 1.793 2.241 2.555 2.852 3.000 3.080 3.063 2.965 2.680 2.784 
7.500 10.080 1.263 1.793 2.242 2.555 2.852 3.000 3.080 3.063 2.965 2.680 2.785 
7.500 10.120 1.263 1.794 2.242 2.555 2.852 3.000 3.080 3.063 2.966 2.680 2.785 
7.500 10.200 1.263 1.794 2.242 2.556 2.853 3.001 3.081 3.064 2.966 2.681 2.785 
7.500 10.310 1.264 1.795 2.243 2.556 2.853 3.001 3.081 3.064 2.967 2.681 2.786 
7.500 10.490 1.264 1.795 2.244 2.557 2.854 3.002 3.082 3.065 2.967 2.682 2.787 
7.500 10.760 1.265 1.796 2.244 2.558 2.855 3.003 3.083 3.066 2.968 2.683 2.787 
7.500 11.180 1.267 1.797 2.245 2.559 2.855 3.003 3.084 3.067 2.970 2.685 2.789 
7.500 11.820 1.269 1.800 2.247 2.559 2.855 3.003 3.084 3.069 2.972 2.692 2.792 
7.500 12.770 1.272 1.803 2.248 2.560 2.855 3.003 3.085 3.070 2.975 2.700 2.795 
7.500 14.140 1.275 1.806 2.250 2.561 2.856 3.004 3.086 3.073 2.979 2.708 2.799 
7.500 16.080 1.245 1.775 2.220 2.530 2.821 2.967 3.049 3.038 2.943 2.690 2.763 
7.500 18.740 1.210 1.740 2.185 2.495 2.781 2.925 3.006 2.999 2.901 2.669 2.720 
7.500 22.320 1.177 1.709 2.154 2.465 2.747 2.888 2.968 2.965 2.866 2.655 2.683 
7.500 27.040 1.104 1.640 2.092 2.407 2.684 2.820 2.897 2.899 2.793 2.603 2.609 
7.500 33.160 0.998 1.529 1.996 2.317 2.590 2.718 2.787 2.797 2.676 2.507 2.492 
7.500 41.050 0.914 1.420 1.901 2.229 2.497 2.616 2.679 2.696 2.561 2.412 2.378 
7.500 51.110 0.824 1.316 1.812 2.146 2.409 2.520 2.575 2.598 2.448 2.319 2.268 
7.500 63.890 0.770 1.255 1.766 2.103 2.360 2.458 2.506 2.528 2.363 2.245 2.196 
7.500 80.060 0.703 1.177 1.697 2.033 2.282 2.369 2.409 2.423 2.241 2.134 2.095 
7.500 100.500 0.637 1.100 1.630 1.963 2.203 2.278 2.312 2.317 2.116 2.021 1.994 
7.500 126.290 0.572 1.027 1.564 1.889 2.122 2.181 2.207 2.199 1.988 1.912 1.902 
7.500 158.810 0.516 0.962 1.508 1.821 2.047 2.088 2.105 2.083 1.866 1.811 1.820 
7.500 199.780 0.461 0.898 1.452 1.754 1.972 1.995 2.004 1.968 1.744 1.710 1.739 
7.500 251.390 0.396 0.825 1.387 1.677 1.884 1.886 1.885 1.832 1.603 1.592 1.647 
7.500 316.390 0.314 0.736 1.307 1.581 1.770 1.746 1.730 1.657 1.422 1.439 1.534 
7.500 398.240 0.232 0.647 1.227 1.485 1.657 1.607 1.575 1.481 1.242 1.285 1.421 
7.500 501.290 0.151 0.558 1.147 1.389 1.543 1.467 1.419 1.306 1.062 1.132 1.309 
7.500 631.040 0.063 0.463 1.073 1.324 1.484 1.408 1.361 1.243 0.990 1.062 1.207 
7.500 794.390 -0.025 0.367 1.000 1.260 1.428 1.352 1.306 1.185 0.922 0.995 1.105 
7.750 10.050 1.382 1.881 2.288 2.579 2.865 3.018 3.091 3.076 2.974 2.688 2.837 
7.750 10.080 1.383 1.881 2.288 2.579 2.865 3.018 3.092 3.076 2.975 2.688 2.837 
7.750 10.120 1.383 1.882 2.288 2.580 2.866 3.018 3.092 3.076 2.975 2.688 2.837 
7.750 10.200 1.383 1.882 2.289 2.580 2.866 3.019 3.092 3.076 2.975 2.689 2.838 
7.750 10.310 1.384 1.883 2.290 2.581 2.867 3.019 3.093 3.077 2.976 2.689 2.838 
7.750 10.490 1.385 1.883 2.290 2.581 2.867 3.020 3.093 3.078 2.976 2.690 2.839 
7.750 10.760 1.385 1.884 2.291 2.582 2.868 3.021 3.095 3.078 2.977 2.691 2.840 
7.750 11.180 1.387 1.885 2.292 2.583 2.869 3.021 3.095 3.079 2.978 2.693 2.841 
7.750 11.820 1.389 1.887 2.293 2.584 2.870 3.022 3.096 3.081 2.980 2.697 2.843 
7.750 12.770 1.391 1.889 2.295 2.585 2.870 3.023 3.098 3.083 2.983 2.701 2.846 
7.750 14.140 1.393 1.892 2.297 2.587 2.872 3.024 3.099 3.085 2.985 2.706 2.849 
7.750 16.080 1.380 1.879 2.283 2.573 2.855 3.006 3.081 3.069 2.970 2.701 2.832 
7.750 18.740 1.364 1.863 2.266 2.556 2.835 2.985 3.060 3.052 2.951 2.695 2.812 
7.750 22.320 1.350 1.849 2.251 2.541 2.817 2.965 3.040 3.035 2.934 2.690 2.793 
7.750 27.040 1.290 1.791 2.197 2.487 2.757 2.901 2.974 2.974 2.867 2.643 2.725 
7.750 33.160 1.188 1.694 2.112 2.405 2.668 2.804 2.873 2.882 2.767 2.569 2.620 
7.750 41.050 1.087 1.599 2.028 2.325 2.580 2.708 2.774 2.792 2.667 2.497 2.516 
7.750 51.110 1.016 1.507 1.948 2.247 2.495 2.614 2.676 2.703 2.568 2.424 2.415 
7.750 63.890 0.942 1.424 1.883 2.185 2.425 2.531 2.585 2.614 2.463 2.335 2.325 
7.750 80.060 0.866 1.345 1.821 2.125 2.357 2.448 2.496 2.527 2.360 2.248 2.237 
7.750 100.500 0.773 1.246 1.733 2.034 2.255 2.334 2.375 2.400 2.213 2.118 2.115 
7.750 126.290 0.698 1.164 1.664 1.957 2.167 2.228 2.261 2.274 2.076 2.000 2.017 
7.750 158.810 0.635 1.097 1.612 1.896 2.094 2.135 2.159 2.159 1.954 1.897 1.939 
7.750 199.780 0.574 1.030 1.560 1.834 2.021 2.043 2.058 2.045 1.831 1.794 1.861 
7.750 251.390 0.503 0.955 1.500 1.762 1.936 1.935 1.939 1.910 1.689 1.675 1.772 
7.750 316.390 0.418 0.864 1.423 1.671 1.825 1.797 1.785 1.736 1.512 1.524 1.664 
7.750 398.240 0.332 0.774 1.347 1.580 1.714 1.658 1.630 1.563 1.334 1.374 1.557 
7.750 501.290 0.247 0.684 1.270 1.489 1.603 1.520 1.476 1.389 1.156 1.223 1.449 
7.750 631.040 0.162 0.594 1.201 1.427 1.547 1.463 1.419 1.329 1.087 1.156 1.352 
7.750 794.390 0.075 0.503 1.133 1.367 1.493 1.409 1.366 1.274 1.022 1.092 1.255 
8.000 10.050 1.497 1.969 2.334 2.604 2.879 3.036 3.103 3.088 2.983 2.696 2.889 
8.000 10.080 1.497 1.969 2.335 2.604 2.879 3.036 3.103 3.088 2.984 2.696 2.890 
8.000 10.120 1.498 1.970 2.335 2.604 2.879 3.036 3.104 3.088 2.984 2.696 2.890 
8.000 10.200 1.498 1.970 2.335 2.605 2.880 3.037 3.104 3.089 2.984 2.697 2.890 
8.000 10.310 1.498 1.971 2.336 2.605 2.880 3.037 3.105 3.089 2.985 2.697 2.891 
8.000 10.490 1.499 1.971 2.337 2.606 2.881 3.038 3.105 3.090 2.985 2.698 2.892 
8.000 10.760 1.500 1.972 2.337 2.607 2.882 3.039 3.106 3.091 2.986 2.699 2.892 
8.000 11.180 1.501 1.973 2.338 2.608 2.883 3.040 3.107 3.092 2.987 2.700 2.893 
8.000 11.820 1.502 1.974 2.340 2.609 2.884 3.041 3.108 3.093 2.988 2.701 2.895 
8.000 12.770 1.504 1.976 2.341 2.611 2.886 3.043 3.110 3.095 2.990 2.703 2.896 
8.000 14.140 1.506 1.978 2.343 2.613 2.888 3.045 3.112 3.097 2.992 2.705 2.898 
8.000 16.080 1.509 1.982 2.346 2.615 2.888 3.045 3.113 3.100 2.996 2.712 2.901 
8.000 18.740 1.514 1.986 2.349 2.618 2.890 3.046 3.114 3.105 3.001 2.721 2.904 
8.000 22.320 1.519 1.991 2.353 2.621 2.892 3.047 3.116 3.110 3.007 2.730 2.907 
8.000 27.040 1.475 1.947 2.309 2.576 2.840 2.991 3.061 3.060 2.954 2.695 2.852 
8.000 33.160 1.385 1.859 2.227 2.493 2.746 2.890 2.960 2.968 2.857 2.632 2.748 
8.000 41.050 1.300 1.778 2.155 2.420 2.664 2.800 2.869 2.888 2.774 2.582 2.655 
8.000 51.110 1.214 1.697 2.082 2.347 2.581 2.709 2.777 2.807 2.687 2.527 2.561 
8.000 63.890 1.114 1.594 2.000 2.266 2.490 2.602 2.664 2.700 2.563 2.424 2.453 
8.000 80.060 1.012 1.494 1.920 2.187 2.400 2.497 2.553 2.594 2.439 2.323 2.346 
8.000 100.500 0.909 1.393 1.837 2.105 2.307 2.389 2.438 2.483 2.310 2.215 2.236 
8.000 126.290 0.821 1.301 1.764 2.025 2.212 2.275 2.315 2.350 2.164 2.088 2.133 
8.000 158.810 0.753 1.231 1.716 1.970 2.141 2.183 2.214 2.236 2.041 1.983 2.058 
8.000 199.780 0.683 1.161 1.668 1.914 2.071 2.091 2.112 2.122 1.917 1.878 1.983 
8.000 251.390 0.609 1.084 1.612 1.848 1.988 1.984 1.993 1.988 1.776 1.759 1.898 
8.000 316.390 0.518 0.993 1.539 1.761 1.879 1.847 1.839 1.816 1.601 1.610 1.795 
8.000 398.240 0.428 0.902 1.467 1.675 1.771 1.710 1.686 1.644 1.425 1.462 1.692 
8.000 501.290 0.339 0.811 1.394 1.588 1.663 1.573 1.532 1.473 1.250 1.313 1.588 
8.000 631.040 0.255 0.725 1.329 1.530 1.609 1.518 1.478 1.416 1.184 1.249 1.497 
8.000 794.390 0.170 0.639 1.265 1.474 1.557 1.466 1.427 1.364 1.123 1.189 1.405 
