CanadaSHM5_AA13_stablecrust_central , distance is rhypo. Log10 ground motion values in cgs units
          15 30 11 : nmag, ndist, nperiod
          10.000 5.000 2.000 1.000 0.500 0.300 0.200 0.100 0.050 PGA PGV 
          0.620 0.620 0.620 0.620 0.580 0.540 0.530 0.530 0.530 0.530 0.620
4.500 10.050 -1.670 -0.326 0.743 1.431 2.039 2.297 2.506 2.701 2.692 2.382 1.987 
4.500 10.080 -1.677 -0.333 0.736 1.425 2.032 2.291 2.499 2.693 2.684 2.378 1.979 
4.500 10.120 -1.682 -0.339 0.730 1.419 2.025 2.284 2.491 2.685 2.675 2.375 1.971 
4.500 10.200 -1.678 -0.345 0.723 1.412 2.019 2.277 2.484 2.677 2.666 2.371 1.962 
4.500 10.310 -1.683 -0.359 0.709 1.398 2.005 2.264 2.469 2.662 2.650 2.361 1.944 
4.500 10.490 -1.677 -0.378 0.689 1.379 1.987 2.246 2.448 2.641 2.629 2.348 1.921 
4.500 10.760 -1.673 -0.397 0.669 1.361 1.969 2.228 2.428 2.621 2.609 2.335 1.897 
4.500 11.180 -1.674 -0.420 0.645 1.338 1.947 2.206 2.404 2.597 2.584 2.318 1.870 
4.500 11.820 -1.683 -0.458 0.607 1.303 1.914 2.172 2.366 2.561 2.548 2.290 1.827 
4.500 12.770 -1.699 -0.511 0.549 1.245 1.856 2.115 2.307 2.499 2.482 2.232 1.761 
4.500 14.140 -1.717 -0.567 0.488 1.183 1.794 2.054 2.245 2.431 2.411 2.169 1.690 
4.500 16.080 -1.767 -0.656 0.393 1.087 1.697 1.957 2.144 2.324 2.296 2.065 1.581 
4.500 18.740 -1.821 -0.751 0.291 0.984 1.594 1.854 2.037 2.211 2.174 1.953 1.465 
4.500 22.320 -1.875 -0.846 0.190 0.881 1.490 1.751 1.930 2.097 2.052 1.842 1.349 
4.500 27.040 -1.942 -0.954 0.075 0.764 1.372 1.632 1.807 1.966 1.910 1.712 1.217 
4.500 33.160 -2.023 -1.077 -0.054 0.632 1.237 1.495 1.665 1.815 1.746 1.561 1.068 
4.500 41.050 -2.103 -1.199 -0.184 0.499 1.101 1.359 1.524 1.665 1.583 1.410 0.919 
4.500 51.110 -2.182 -1.319 -0.311 0.369 0.968 1.224 1.383 1.516 1.421 1.261 0.772 
4.500 63.890 -2.242 -1.418 -0.418 0.256 0.850 1.103 1.257 1.381 1.273 1.125 0.643 
4.500 80.060 -2.299 -1.517 -0.525 0.144 0.733 0.982 1.130 1.246 1.126 0.990 0.514 
4.500 100.500 -2.355 -1.616 -0.631 0.032 0.615 0.861 1.003 1.111 0.978 0.854 0.385 
4.500 126.290 -2.414 -1.715 -0.736 -0.081 0.492 0.730 0.863 0.952 0.804 0.697 0.249 
4.500 158.810 -2.471 -1.813 -0.839 -0.194 0.369 0.596 0.718 0.783 0.620 0.531 0.109 
4.500 199.780 -2.528 -1.912 -0.943 -0.307 0.245 0.461 0.572 0.614 0.436 0.365 -0.031 
4.500 251.390 -2.594 -2.019 -1.052 -0.427 0.110 0.312 0.409 0.425 0.230 0.179 -0.184 
4.500 316.390 -2.676 -2.143 -1.173 -0.562 -0.047 0.134 0.211 0.194 -0.017 -0.047 -0.361 
4.500 398.240 -2.759 -2.266 -1.294 -0.698 -0.203 -0.044 0.013 -0.036 -0.265 -0.272 -0.537 
4.500 501.290 -2.841 -2.389 -1.414 -0.833 -0.360 -0.222 -0.184 -0.267 -0.512 -0.498 -0.714 
4.500 631.040 -3.004 -2.594 -1.584 -0.981 -0.490 -0.345 -0.303 -0.389 -0.645 -0.631 -0.893 
4.500 794.390 -3.170 -2.801 -1.755 -1.130 -0.620 -0.465 -0.419 -0.507 -0.773 -0.759 -1.073 
4.750 10.050 -1.299 -0.054 0.956 1.597 2.157 2.396 2.586 2.747 2.728 2.423 2.089 
4.750 10.080 -1.305 -0.059 0.951 1.591 2.151 2.390 2.580 2.741 2.721 2.420 2.082 
4.750 10.120 -1.311 -0.065 0.945 1.586 2.145 2.385 2.573 2.734 2.714 2.416 2.075 
4.750 10.200 -1.308 -0.070 0.940 1.580 2.140 2.379 2.567 2.727 2.706 2.413 2.068 
4.750 10.310 -1.312 -0.084 0.926 1.567 2.126 2.366 2.552 2.713 2.691 2.405 2.051 
4.750 10.490 -1.310 -0.102 0.907 1.549 2.108 2.348 2.533 2.693 2.671 2.392 2.028 
4.750 10.760 -1.305 -0.120 0.887 1.530 2.090 2.331 2.513 2.673 2.652 2.380 2.005 
4.750 11.180 -1.306 -0.143 0.864 1.508 2.069 2.310 2.489 2.650 2.628 2.364 1.978 
4.750 11.820 -1.318 -0.180 0.827 1.474 2.037 2.277 2.452 2.616 2.594 2.337 1.938 
4.750 12.770 -1.323 -0.217 0.791 1.441 2.005 2.244 2.416 2.582 2.559 2.311 1.897 
4.750 14.140 -1.331 -0.256 0.751 1.404 1.970 2.208 2.377 2.545 2.521 2.280 1.853 
4.750 16.080 -1.380 -0.343 0.659 1.310 1.875 2.113 2.279 2.441 2.410 2.179 1.747 
4.750 18.740 -1.434 -0.436 0.560 1.211 1.775 2.013 2.175 2.331 2.291 2.072 1.635 
4.750 22.320 -1.487 -0.528 0.462 1.111 1.674 1.912 2.072 2.220 2.172 1.964 1.522 
4.750 27.040 -1.553 -0.633 0.351 0.998 1.559 1.797 1.952 2.093 2.035 1.839 1.395 
4.750 33.160 -1.635 -0.752 0.226 0.870 1.429 1.665 1.815 1.948 1.877 1.693 1.251 
4.750 41.050 -1.713 -0.870 0.101 0.742 1.298 1.533 1.678 1.802 1.719 1.548 1.107 
4.750 51.110 -1.791 -0.986 -0.022 0.616 1.169 1.402 1.542 1.658 1.563 1.404 0.966 
4.750 63.890 -1.848 -1.082 -0.124 0.508 1.055 1.285 1.420 1.528 1.420 1.274 0.842 
4.750 80.060 -1.904 -1.177 -0.227 0.400 0.942 1.168 1.297 1.398 1.277 1.143 0.718 
4.750 100.500 -1.962 -1.273 -0.330 0.292 0.828 1.051 1.175 1.267 1.135 1.013 0.595 
4.750 126.290 -2.019 -1.368 -0.430 0.184 0.711 0.925 1.039 1.114 0.967 0.861 0.463 
4.750 158.810 -2.076 -1.463 -0.529 0.076 0.591 0.795 0.898 0.951 0.788 0.701 0.330 
4.750 199.780 -2.133 -1.558 -0.628 -0.033 0.472 0.665 0.758 0.788 0.610 0.541 0.196 
4.750 251.390 -2.196 -1.661 -0.733 -0.148 0.342 0.520 0.600 0.604 0.411 0.362 0.050 
4.750 316.390 -2.278 -1.781 -0.849 -0.279 0.190 0.347 0.407 0.380 0.171 0.143 -0.121 
4.750 398.240 -2.358 -1.900 -0.966 -0.409 0.039 0.174 0.215 0.156 -0.070 -0.075 -0.291 
4.750 501.290 -2.439 -2.019 -1.082 -0.539 -0.113 0.001 0.023 -0.068 -0.310 -0.293 -0.461 
4.750 631.040 -2.590 -2.209 -1.239 -0.677 -0.234 -0.114 -0.089 -0.183 -0.435 -0.419 -0.631 
4.750 794.390 -2.746 -2.403 -1.398 -0.816 -0.354 -0.226 -0.197 -0.294 -0.556 -0.540 -0.801 
5.000 10.050 -0.932 0.218 1.170 1.761 2.274 2.494 2.665 2.793 2.763 2.462 2.190 
5.000 10.080 -0.937 0.213 1.165 1.757 2.269 2.489 2.660 2.788 2.757 2.460 2.184 
5.000 10.120 -0.942 0.209 1.161 1.752 2.265 2.485 2.655 2.782 2.752 2.458 2.179 
5.000 10.200 -0.946 0.205 1.156 1.748 2.260 2.480 2.650 2.777 2.746 2.455 2.173 
5.000 10.310 -0.947 0.192 1.143 1.735 2.247 2.468 2.636 2.763 2.732 2.447 2.157 
5.000 10.490 -0.950 0.174 1.124 1.717 2.230 2.451 2.616 2.744 2.713 2.436 2.135 
5.000 10.760 -0.944 0.156 1.105 1.699 2.212 2.433 2.597 2.725 2.694 2.425 2.113 
5.000 11.180 -0.944 0.134 1.082 1.678 2.192 2.413 2.574 2.703 2.672 2.410 2.087 
5.000 11.820 -0.958 0.097 1.047 1.645 2.160 2.380 2.538 2.670 2.639 2.385 2.048 
5.000 12.770 -0.964 0.061 1.011 1.612 2.129 2.348 2.502 2.637 2.605 2.359 2.008 
5.000 14.140 -0.971 0.024 0.975 1.580 2.098 2.315 2.466 2.604 2.572 2.333 1.969 
5.000 16.080 -1.000 -0.033 0.922 1.530 2.050 2.265 2.410 2.553 2.518 2.290 1.910 
5.000 18.740 -1.052 -0.121 0.830 1.437 1.956 2.171 2.313 2.450 2.408 2.190 1.805 
5.000 22.320 -1.106 -0.211 0.734 1.341 1.859 2.074 2.213 2.344 2.293 2.086 1.696 
5.000 27.040 -1.173 -0.312 0.627 1.232 1.747 1.962 2.097 2.221 2.160 1.965 1.573 
5.000 33.160 -1.250 -0.427 0.506 1.108 1.621 1.834 1.965 2.080 2.008 1.825 1.435 
5.000 41.050 -1.328 -0.541 0.386 0.985 1.495 1.706 1.832 1.940 1.855 1.685 1.296 
5.000 51.110 -1.407 -0.654 0.268 0.863 1.370 1.579 1.701 1.801 1.704 1.547 1.160 
5.000 63.890 -1.461 -0.746 0.169 0.760 1.261 1.467 1.583 1.675 1.567 1.422 1.041 
5.000 80.060 -1.516 -0.838 0.071 0.656 1.152 1.354 1.464 1.550 1.429 1.297 0.922 
5.000 100.500 -1.574 -0.930 -0.028 0.552 1.042 1.241 1.346 1.424 1.292 1.171 0.804 
5.000 126.290 -1.629 -1.021 -0.124 0.448 0.929 1.120 1.215 1.276 1.129 1.026 0.679 
5.000 158.810 -1.683 -1.113 -0.219 0.345 0.814 0.994 1.079 1.118 0.957 0.872 0.551 
5.000 199.780 -1.739 -1.204 -0.314 0.241 0.700 0.869 0.944 0.961 0.785 0.718 0.423 
5.000 251.390 -1.806 -1.303 -0.414 0.130 0.574 0.729 0.790 0.783 0.592 0.545 0.283 
5.000 316.390 -1.884 -1.418 -0.526 0.005 0.428 0.560 0.603 0.565 0.359 0.333 0.119 
5.000 398.240 -1.962 -1.533 -0.637 -0.121 0.281 0.392 0.416 0.347 0.126 0.122 -0.044 
5.000 501.290 -2.042 -1.648 -0.749 -0.246 0.135 0.224 0.229 0.130 -0.108 -0.089 -0.208 
5.000 631.040 -2.184 -1.825 -0.894 -0.373 0.022 0.117 0.126 0.022 -0.225 -0.207 -0.369 
5.000 794.390 -2.328 -2.005 -1.041 -0.501 -0.089 0.013 0.025 -0.081 -0.338 -0.321 -0.529 
5.250 10.050 -0.598 0.462 1.360 1.906 2.377 2.578 2.732 2.830 2.790 2.494 2.280 
5.250 10.080 -0.601 0.460 1.357 1.903 2.374 2.576 2.729 2.827 2.787 2.492 2.277 
5.250 10.120 -0.603 0.458 1.355 1.901 2.372 2.574 2.726 2.824 2.784 2.491 2.275 
5.250 10.200 -0.606 0.455 1.353 1.899 2.370 2.572 2.724 2.821 2.781 2.490 2.272 
5.250 10.310 -0.615 0.443 1.340 1.887 2.358 2.560 2.711 2.808 2.768 2.483 2.257 
5.250 10.490 -0.622 0.425 1.322 1.869 2.341 2.542 2.692 2.789 2.749 2.473 2.235 
5.250 10.760 -0.617 0.407 1.303 1.851 2.323 2.525 2.672 2.770 2.730 2.462 2.214 
5.250 11.180 -0.616 0.385 1.281 1.830 2.302 2.504 2.649 2.748 2.707 2.449 2.188 
5.250 11.820 -0.632 0.350 1.246 1.798 2.272 2.472 2.614 2.716 2.675 2.425 2.150 
5.250 12.770 -0.639 0.314 1.211 1.766 2.241 2.440 2.579 2.684 2.643 2.401 2.111 
5.250 14.140 -0.646 0.278 1.177 1.734 2.210 2.409 2.544 2.651 2.611 2.377 2.072 
5.250 16.080 -0.676 0.223 1.125 1.687 2.163 2.360 2.490 2.603 2.559 2.335 2.016 
5.250 18.740 -0.708 0.164 1.070 1.637 2.114 2.308 2.433 2.551 2.504 2.290 1.956 
5.250 22.320 -0.759 0.079 0.981 1.547 2.024 2.217 2.339 2.452 2.398 2.195 1.855 
5.250 27.040 -0.824 -0.020 0.877 1.441 1.916 2.108 2.227 2.333 2.269 2.078 1.736 
5.250 33.160 -0.900 -0.131 0.761 1.322 1.794 1.985 2.099 2.197 2.122 1.944 1.603 
5.250 41.050 -0.977 -0.242 0.645 1.203 1.672 1.861 1.970 2.062 1.975 1.809 1.469 
5.250 51.110 -1.053 -0.350 0.531 1.086 1.552 1.738 1.844 1.928 1.829 1.676 1.338 
5.250 63.890 -1.109 -0.439 0.436 0.986 1.447 1.630 1.729 1.807 1.696 1.556 1.224 
5.250 80.060 -1.164 -0.528 0.341 0.886 1.341 1.521 1.615 1.686 1.564 1.435 1.111 
5.250 100.500 -1.220 -0.617 0.247 0.787 1.236 1.412 1.501 1.564 1.431 1.315 0.997 
5.250 126.290 -1.275 -0.704 0.155 0.687 1.127 1.294 1.375 1.421 1.274 1.175 0.877 
5.250 158.810 -1.330 -0.792 0.064 0.588 1.017 1.173 1.244 1.270 1.108 1.027 0.755 
5.250 199.780 -1.384 -0.880 -0.026 0.489 0.907 1.053 1.113 1.118 0.942 0.880 0.633 
5.250 251.390 -1.447 -0.975 -0.122 0.382 0.786 0.917 0.964 0.946 0.756 0.713 0.499 
5.250 316.390 -1.524 -1.086 -0.229 0.262 0.644 0.754 0.783 0.734 0.530 0.508 0.342 
5.250 398.240 -1.602 -1.196 -0.336 0.142 0.503 0.590 0.601 0.523 0.304 0.304 0.185 
5.250 501.290 -1.680 -1.307 -0.443 0.022 0.361 0.427 0.419 0.312 0.078 0.100 0.028 
5.250 631.040 -1.813 -1.472 -0.577 -0.096 0.257 0.328 0.322 0.211 -0.033 -0.011 -0.124 
5.250 794.390 -1.948 -1.640 -0.712 -0.213 0.155 0.232 0.229 0.114 -0.139 -0.118 -0.275 
5.500 10.050 -0.269 0.707 1.550 2.050 2.480 2.663 2.798 2.866 2.817 2.525 2.371 
5.500 10.080 -0.269 0.707 1.550 2.050 2.479 2.663 2.798 2.866 2.816 2.525 2.371 
5.500 10.120 -0.269 0.706 1.549 2.049 2.479 2.663 2.798 2.866 2.816 2.525 2.371 
5.500 10.200 -0.269 0.706 1.549 2.049 2.479 2.663 2.798 2.866 2.816 2.525 2.371 
5.500 10.310 -0.282 0.695 1.538 2.038 2.468 2.651 2.786 2.854 2.804 2.519 2.357 
5.500 10.490 -0.296 0.677 1.519 2.021 2.451 2.634 2.767 2.835 2.784 2.509 2.336 
5.500 10.760 -0.302 0.658 1.501 2.003 2.434 2.616 2.747 2.815 2.765 2.500 2.314 
5.500 11.180 -0.298 0.636 1.479 1.982 2.413 2.595 2.724 2.793 2.743 2.487 2.288 
5.500 11.820 -0.312 0.602 1.446 1.951 2.383 2.564 2.690 2.762 2.712 2.464 2.251 
5.500 12.770 -0.321 0.567 1.411 1.920 2.352 2.533 2.656 2.731 2.681 2.442 2.214 
5.500 14.140 -0.327 0.532 1.378 1.889 2.321 2.502 2.622 2.699 2.650 2.420 2.176 
5.500 16.080 -0.357 0.478 1.328 1.843 2.276 2.454 2.570 2.652 2.600 2.380 2.121 
5.500 18.740 -0.389 0.421 1.275 1.794 2.229 2.404 2.514 2.602 2.547 2.337 2.064 
5.500 22.320 -0.422 0.363 1.222 1.746 2.181 2.353 2.459 2.551 2.493 2.294 2.006 
5.500 27.040 -0.481 0.272 1.128 1.651 2.084 2.255 2.356 2.445 2.379 2.191 1.899 
5.500 33.160 -0.557 0.165 1.016 1.536 1.967 2.135 2.232 2.315 2.237 2.062 1.771 
5.500 41.050 -0.631 0.058 0.904 1.421 1.850 2.016 2.108 2.184 2.095 1.933 1.643 
5.500 51.110 -0.705 -0.047 0.794 1.308 1.734 1.897 1.986 2.055 1.954 1.805 1.516 
5.500 63.890 -0.760 -0.132 0.703 1.213 1.632 1.792 1.876 1.939 1.826 1.690 1.408 
5.500 80.060 -0.816 -0.218 0.612 1.117 1.531 1.687 1.766 1.822 1.698 1.574 1.299 
5.500 100.500 -0.871 -0.304 0.521 1.022 1.430 1.582 1.657 1.705 1.570 1.459 1.190 
5.500 126.290 -0.925 -0.388 0.434 0.926 1.325 1.469 1.535 1.567 1.419 1.325 1.076 
5.500 158.810 -0.979 -0.472 0.348 0.831 1.220 1.353 1.408 1.421 1.259 1.183 0.959 
5.500 199.780 -1.033 -0.555 0.261 0.737 1.114 1.237 1.282 1.274 1.100 1.041 0.843 
5.500 251.390 -1.093 -0.647 0.170 0.635 0.997 1.106 1.138 1.108 0.920 0.880 0.715 
5.500 316.390 -1.171 -0.753 0.068 0.520 0.861 0.947 0.962 0.903 0.701 0.683 0.565 
5.500 398.240 -1.248 -0.860 -0.034 0.405 0.725 0.789 0.785 0.698 0.482 0.486 0.415 
5.500 501.290 -1.324 -0.966 -0.136 0.289 0.588 0.630 0.609 0.493 0.263 0.288 0.264 
5.500 631.040 -1.447 -1.119 -0.259 0.182 0.492 0.539 0.519 0.399 0.159 0.185 0.121 
5.500 794.390 -1.573 -1.274 -0.383 0.074 0.398 0.450 0.433 0.310 0.059 0.085 -0.022 
5.750 10.050 0.025 0.923 1.713 2.174 2.569 2.736 2.858 2.898 2.841 2.553 2.452 
5.750 10.080 0.024 0.923 1.713 2.174 2.569 2.736 2.857 2.897 2.841 2.553 2.452 
5.750 10.120 0.024 0.923 1.713 2.173 2.569 2.736 2.857 2.897 2.841 2.553 2.452 
5.750 10.200 0.024 0.923 1.713 2.174 2.569 2.736 2.857 2.898 2.841 2.553 2.452 
5.750 10.310 0.015 0.914 1.704 2.165 2.560 2.727 2.848 2.888 2.831 2.548 2.442 
5.750 10.490 -0.001 0.900 1.690 2.151 2.546 2.713 2.832 2.872 2.815 2.541 2.424 
5.750 10.760 -0.010 0.885 1.675 2.137 2.532 2.699 2.817 2.857 2.799 2.534 2.407 
5.750 11.180 -0.011 0.866 1.656 2.119 2.514 2.680 2.797 2.838 2.780 2.524 2.385 
5.750 11.820 -0.021 0.831 1.622 2.087 2.483 2.649 2.763 2.807 2.749 2.502 2.348 
5.750 12.770 -0.034 0.796 1.588 2.056 2.453 2.617 2.729 2.776 2.719 2.481 2.311 
5.750 14.140 -0.040 0.761 1.554 2.025 2.422 2.585 2.695 2.744 2.688 2.460 2.273 
5.750 16.080 -0.070 0.707 1.505 1.979 2.377 2.538 2.643 2.698 2.639 2.422 2.219 
5.750 18.740 -0.103 0.650 1.452 1.931 2.329 2.488 2.587 2.648 2.587 2.380 2.163 
5.750 22.320 -0.137 0.592 1.400 1.883 2.282 2.438 2.532 2.598 2.534 2.338 2.105 
5.750 27.040 -0.178 0.529 1.342 1.829 2.229 2.381 2.469 2.542 2.474 2.289 2.043 
5.750 33.160 -0.253 0.426 1.235 1.720 2.117 2.267 2.350 2.418 2.340 2.167 1.921 
5.750 41.050 -0.329 0.321 1.126 1.608 2.002 2.149 2.229 2.291 2.201 2.042 1.796 
5.750 51.110 -0.404 0.218 1.018 1.498 1.889 2.033 2.109 2.165 2.064 1.917 1.673 
5.750 63.890 -0.460 0.134 0.930 1.405 1.790 1.930 2.001 2.051 1.939 1.805 1.568 
5.750 80.060 -0.515 0.050 0.841 1.311 1.692 1.828 1.894 1.937 1.814 1.693 1.462 
5.750 100.500 -0.572 -0.034 0.753 1.218 1.593 1.725 1.786 1.823 1.689 1.580 1.356 
5.750 126.290 -0.626 -0.116 0.668 1.126 1.491 1.615 1.668 1.689 1.542 1.450 1.246 
5.750 158.810 -0.681 -0.197 0.585 1.035 1.389 1.502 1.545 1.547 1.387 1.314 1.135 
5.750 199.780 -0.734 -0.279 0.502 0.943 1.286 1.389 1.422 1.405 1.232 1.177 1.023 
5.750 251.390 -0.796 -0.368 0.413 0.844 1.173 1.261 1.282 1.243 1.057 1.022 0.900 
5.750 316.390 -0.874 -0.471 0.314 0.733 1.040 1.106 1.110 1.044 0.844 0.830 0.755 
5.750 398.240 -0.949 -0.574 0.216 0.621 0.907 0.951 0.937 0.844 0.630 0.638 0.610 
5.750 501.290 -1.026 -0.678 0.117 0.509 0.774 0.797 0.764 0.644 0.417 0.447 0.465 
5.750 631.040 -1.141 -0.820 0.003 0.409 0.685 0.711 0.680 0.555 0.319 0.348 0.329 
5.750 794.390 -1.258 -0.964 -0.111 0.310 0.598 0.628 0.599 0.471 0.225 0.255 0.194 
6.000 10.050 0.315 1.140 1.876 2.298 2.658 2.810 2.917 2.929 2.865 2.581 2.534 
6.000 10.080 0.315 1.140 1.876 2.298 2.658 2.810 2.917 2.929 2.865 2.581 2.534 
6.000 10.120 0.315 1.140 1.876 2.298 2.658 2.810 2.917 2.929 2.865 2.581 2.534 
6.000 10.200 0.315 1.140 1.876 2.298 2.658 2.810 2.917 2.929 2.865 2.581 2.534 
6.000 10.310 0.308 1.133 1.870 2.291 2.652 2.803 2.910 2.922 2.858 2.578 2.526 
6.000 10.490 0.297 1.123 1.860 2.281 2.641 2.793 2.898 2.910 2.846 2.573 2.514 
6.000 10.760 0.286 1.112 1.849 2.271 2.631 2.782 2.887 2.899 2.834 2.569 2.501 
6.000 11.180 0.272 1.096 1.833 2.255 2.616 2.766 2.870 2.883 2.817 2.561 2.483 
6.000 11.820 0.257 1.061 1.799 2.223 2.584 2.734 2.835 2.851 2.787 2.541 2.445 
6.000 12.770 0.249 1.026 1.765 2.192 2.553 2.701 2.801 2.820 2.757 2.520 2.408 
6.000 14.140 0.240 0.990 1.731 2.160 2.522 2.669 2.767 2.789 2.727 2.500 2.371 
6.000 16.080 0.209 0.936 1.682 2.115 2.477 2.622 2.715 2.743 2.678 2.463 2.317 
6.000 18.740 0.175 0.879 1.630 2.067 2.430 2.572 2.660 2.694 2.627 2.423 2.261 
6.000 22.320 0.140 0.822 1.578 2.019 2.382 2.522 2.605 2.645 2.575 2.382 2.205 
6.000 27.040 0.098 0.759 1.522 1.967 2.331 2.466 2.543 2.590 2.516 2.335 2.144 
6.000 33.160 0.044 0.687 1.455 1.904 2.268 2.398 2.468 2.522 2.442 2.273 2.072 
6.000 41.050 -0.032 0.584 1.348 1.795 2.155 2.283 2.349 2.397 2.307 2.150 1.950 
6.000 51.110 -0.107 0.483 1.243 1.687 2.044 2.169 2.231 2.274 2.173 2.029 1.830 
6.000 63.890 -0.163 0.401 1.157 1.596 1.948 2.068 2.126 2.163 2.051 1.920 1.727 
6.000 80.060 -0.220 0.319 1.071 1.506 1.852 1.968 2.021 2.052 1.929 1.811 1.625 
6.000 100.500 -0.275 0.237 0.985 1.415 1.756 1.868 1.916 1.941 1.807 1.702 1.522 
6.000 126.290 -0.332 0.156 0.903 1.326 1.657 1.761 1.801 1.811 1.665 1.577 1.417 
6.000 158.810 -0.386 0.077 0.822 1.238 1.558 1.650 1.682 1.673 1.515 1.445 1.310 
6.000 199.780 -0.441 -0.002 0.742 1.149 1.458 1.540 1.563 1.536 1.364 1.313 1.203 
6.000 251.390 -0.504 -0.089 0.656 1.054 1.349 1.416 1.427 1.379 1.194 1.163 1.085 
6.000 316.390 -0.579 -0.189 0.561 0.946 1.219 1.265 1.258 1.184 0.987 0.977 0.945 
6.000 398.240 -0.655 -0.289 0.466 0.837 1.090 1.114 1.089 0.989 0.779 0.791 0.806 
6.000 501.290 -0.731 -0.389 0.370 0.729 0.961 0.963 0.920 0.794 0.571 0.605 0.666 
6.000 631.040 -0.839 -0.522 0.266 0.637 0.879 0.883 0.841 0.711 0.479 0.513 0.537 
6.000 794.390 -0.948 -0.655 0.161 0.546 0.798 0.807 0.766 0.632 0.391 0.425 0.409 
6.250 10.050 0.578 1.340 2.026 2.414 2.749 2.886 2.982 2.974 2.905 2.625 2.623 
6.250 10.080 0.578 1.340 2.026 2.414 2.749 2.886 2.982 2.974 2.905 2.625 2.623 
6.250 10.120 0.578 1.340 2.026 2.414 2.749 2.886 2.982 2.974 2.905 2.625 2.623 
6.250 10.200 0.578 1.340 2.026 2.414 2.749 2.886 2.982 2.974 2.905 2.625 2.623 
6.250 10.310 0.574 1.336 2.022 2.410 2.744 2.881 2.977 2.969 2.899 2.622 2.618 
6.250 10.490 0.567 1.329 2.015 2.402 2.737 2.874 2.969 2.961 2.891 2.617 2.609 
6.250 10.760 0.561 1.323 2.008 2.395 2.729 2.866 2.961 2.952 2.882 2.611 2.601 
6.250 11.180 0.545 1.307 1.991 2.378 2.712 2.848 2.943 2.933 2.862 2.598 2.581 
6.250 11.820 0.507 1.271 1.956 2.345 2.679 2.815 2.908 2.900 2.830 2.578 2.543 
6.250 12.770 0.498 1.237 1.923 2.314 2.648 2.783 2.874 2.869 2.800 2.560 2.506 
6.250 14.140 0.491 1.203 1.891 2.284 2.618 2.751 2.841 2.839 2.770 2.542 2.470 
6.250 16.080 0.462 1.147 1.840 2.237 2.571 2.702 2.787 2.791 2.721 2.505 2.415 
6.250 18.740 0.425 1.088 1.786 2.187 2.522 2.650 2.730 2.741 2.669 2.465 2.358 
6.250 22.320 0.387 1.028 1.732 2.138 2.473 2.598 2.673 2.691 2.617 2.425 2.300 
6.250 27.040 0.342 0.965 1.675 2.085 2.420 2.541 2.611 2.636 2.558 2.379 2.239 
6.250 33.160 0.292 0.896 1.613 2.028 2.363 2.478 2.541 2.575 2.492 2.325 2.174 
6.250 41.050 0.230 0.817 1.538 1.956 2.289 2.400 2.457 2.495 2.405 2.251 2.092 
6.250 51.110 0.153 0.715 1.434 1.848 2.178 2.286 2.340 2.372 2.272 2.132 1.972 
6.250 63.890 0.093 0.632 1.347 1.757 2.082 2.186 2.235 2.261 2.151 2.024 1.871 
6.250 80.060 0.033 0.549 1.261 1.667 1.986 2.085 2.130 2.151 2.030 1.915 1.769 
6.250 100.500 -0.028 0.466 1.175 1.576 1.890 1.985 2.025 2.041 1.908 1.807 1.667 
6.250 126.290 -0.086 0.387 1.095 1.489 1.793 1.879 1.911 1.913 1.769 1.685 1.564 
6.250 158.810 -0.143 0.309 1.016 1.402 1.696 1.771 1.794 1.779 1.622 1.557 1.461 
6.250 199.780 -0.198 0.231 0.937 1.316 1.598 1.663 1.677 1.644 1.476 1.429 1.357 
6.250 251.390 -0.261 0.146 0.854 1.223 1.491 1.541 1.543 1.491 1.310 1.282 1.243 
6.250 316.390 -0.338 0.047 0.761 1.117 1.364 1.392 1.377 1.299 1.106 1.100 1.107 
6.250 398.240 -0.416 -0.051 0.668 1.011 1.236 1.242 1.211 1.107 0.903 0.918 0.971 
6.250 501.290 -0.492 -0.150 0.574 0.905 1.109 1.093 1.044 0.916 0.699 0.736 0.836 
6.250 631.040 -0.593 -0.274 0.477 0.819 1.032 1.019 0.970 0.837 0.611 0.649 0.714 
6.250 794.390 -0.697 -0.398 0.379 0.734 0.957 0.947 0.900 0.763 0.528 0.566 0.592 
6.500 10.050 0.846 1.549 2.187 2.544 2.853 2.975 3.059 3.035 2.962 2.685 2.726 
6.500 10.080 0.846 1.549 2.187 2.544 2.853 2.975 3.059 3.035 2.962 2.685 2.726 
6.500 10.120 0.846 1.549 2.187 2.544 2.853 2.975 3.059 3.035 2.962 2.685 2.726 
6.500 10.200 0.846 1.549 2.187 2.544 2.853 2.975 3.059 3.035 2.962 2.685 2.726 
6.500 10.310 0.846 1.549 2.187 2.544 2.853 2.975 3.059 3.035 2.962 2.685 2.726 
6.500 10.490 0.846 1.549 2.187 2.544 2.853 2.975 3.059 3.035 2.962 2.685 2.726 
6.500 10.760 0.846 1.549 2.187 2.544 2.853 2.975 3.059 3.035 2.962 2.685 2.726 
6.500 11.180 0.836 1.539 2.177 2.533 2.842 2.964 3.047 3.023 2.950 2.677 2.714 
6.500 11.820 0.793 1.496 2.132 2.488 2.796 2.917 3.001 2.974 2.901 2.642 2.663 
6.500 12.770 0.750 1.453 2.087 2.443 2.750 2.871 2.953 2.926 2.851 2.608 2.611 
6.500 14.140 0.735 1.416 2.050 2.407 2.713 2.834 2.915 2.888 2.814 2.584 2.570 
6.500 16.080 0.705 1.358 1.998 2.359 2.665 2.783 2.860 2.840 2.764 2.548 2.514 
6.500 18.740 0.668 1.297 1.942 2.307 2.614 2.728 2.801 2.788 2.711 2.508 2.454 
6.500 22.320 0.628 1.235 1.886 2.256 2.562 2.674 2.742 2.737 2.658 2.468 2.395 
6.500 27.040 0.582 1.170 1.828 2.202 2.509 2.616 2.678 2.681 2.599 2.422 2.334 
6.500 33.160 0.527 1.100 1.766 2.145 2.451 2.552 2.609 2.620 2.533 2.369 2.268 
6.500 41.050 0.473 1.031 1.704 2.088 2.393 2.489 2.539 2.559 2.467 2.316 2.203 
6.500 51.110 0.406 0.947 1.624 2.009 2.312 2.403 2.449 2.470 2.371 2.234 2.114 
6.500 63.890 0.344 0.864 1.538 1.918 2.216 2.303 2.344 2.360 2.251 2.127 2.014 
6.500 80.060 0.278 0.780 1.452 1.828 2.120 2.202 2.238 2.250 2.130 2.020 1.913 
6.500 100.500 0.217 0.696 1.366 1.737 2.025 2.102 2.133 2.140 2.010 1.912 1.812 
6.500 126.290 0.157 0.617 1.286 1.651 1.929 1.997 2.021 2.015 1.873 1.793 1.711 
6.500 158.810 0.100 0.541 1.210 1.567 1.834 1.891 1.907 1.884 1.730 1.668 1.612 
6.500 199.780 0.042 0.464 1.133 1.482 1.739 1.785 1.792 1.753 1.587 1.544 1.512 
6.500 251.390 -0.024 0.381 1.052 1.392 1.633 1.665 1.660 1.602 1.425 1.401 1.401 
6.500 316.390 -0.101 0.284 0.961 1.288 1.508 1.518 1.496 1.414 1.226 1.223 1.269 
6.500 398.240 -0.179 0.187 0.869 1.184 1.382 1.371 1.332 1.226 1.026 1.045 1.137 
6.500 501.290 -0.258 0.089 0.778 1.080 1.257 1.224 1.168 1.038 0.827 0.868 1.006 
6.500 631.040 -0.355 -0.026 0.688 1.001 1.185 1.154 1.099 0.963 0.744 0.785 0.890 
6.500 794.390 -0.452 -0.141 0.598 0.922 1.116 1.087 1.033 0.894 0.665 0.707 0.774 
6.750 10.050 1.075 1.726 2.313 2.642 2.933 3.045 3.121 3.087 3.012 2.736 2.819 
6.750 10.080 1.075 1.726 2.313 2.642 2.933 3.045 3.121 3.087 3.012 2.736 2.819 
6.750 10.120 1.075 1.726 2.313 2.642 2.933 3.045 3.121 3.087 3.012 2.736 2.819 
6.750 10.200 1.075 1.726 2.313 2.642 2.933 3.045 3.121 3.087 3.012 2.736 2.819 
6.750 10.310 1.075 1.726 2.313 2.642 2.933 3.045 3.121 3.087 3.012 2.736 2.819 
6.750 10.490 1.075 1.726 2.313 2.642 2.933 3.045 3.121 3.087 3.012 2.736 2.819 
6.750 10.760 1.075 1.726 2.313 2.642 2.933 3.045 3.121 3.087 3.012 2.736 2.819 
6.750 11.180 1.069 1.720 2.307 2.636 2.927 3.039 3.115 3.081 3.005 2.731 2.812 
6.750 11.820 1.046 1.697 2.282 2.611 2.902 3.014 3.089 3.054 2.977 2.713 2.784 
6.750 12.770 1.022 1.673 2.257 2.587 2.876 2.988 3.063 3.027 2.950 2.694 2.755 
6.750 14.140 0.998 1.649 2.233 2.562 2.850 2.962 3.036 3.000 2.922 2.676 2.727 
6.750 16.080 0.926 1.564 2.147 2.475 2.761 2.872 2.945 2.907 2.825 2.595 2.630 
6.750 18.740 0.889 1.496 2.084 2.417 2.703 2.810 2.880 2.849 2.767 2.555 2.564 
6.750 22.320 0.848 1.428 2.023 2.360 2.645 2.750 2.815 2.793 2.710 2.515 2.499 
6.750 27.040 0.796 1.358 1.960 2.302 2.587 2.686 2.747 2.733 2.648 2.469 2.432 
6.750 33.160 0.739 1.285 1.896 2.243 2.527 2.620 2.674 2.670 2.581 2.415 2.365 
6.750 41.050 0.677 1.211 1.832 2.182 2.466 2.554 2.602 2.607 2.513 2.361 2.297 
6.750 51.110 0.617 1.140 1.769 2.124 2.407 2.488 2.529 2.544 2.445 2.308 2.231 
6.750 63.890 0.559 1.066 1.698 2.051 2.330 2.405 2.441 2.456 2.349 2.225 2.149 
6.750 80.060 0.491 0.980 1.610 1.959 2.232 2.302 2.334 2.344 2.226 2.117 2.047 
6.750 100.500 0.422 0.894 1.522 1.867 2.134 2.200 2.227 2.232 2.104 2.008 1.945 
6.750 126.290 0.360 0.815 1.443 1.781 2.039 2.096 2.116 2.109 1.969 1.891 1.847 
6.750 158.810 0.302 0.739 1.368 1.699 1.946 1.991 2.003 1.980 1.830 1.769 1.750 
6.750 199.780 0.242 0.663 1.293 1.616 1.852 1.887 1.890 1.852 1.690 1.648 1.653 
6.750 251.390 0.176 0.581 1.213 1.527 1.748 1.768 1.761 1.705 1.532 1.509 1.545 
6.750 316.390 0.095 0.485 1.123 1.425 1.625 1.623 1.599 1.520 1.336 1.335 1.417 
6.750 398.240 0.017 0.390 1.034 1.323 1.502 1.478 1.438 1.335 1.140 1.161 1.289 
6.750 501.290 -0.064 0.294 0.945 1.221 1.378 1.333 1.276 1.150 0.945 0.987 1.161 
6.750 631.040 -0.156 0.186 0.861 1.147 1.311 1.267 1.210 1.080 0.866 0.909 1.050 
6.750 794.390 -0.248 0.078 0.777 1.074 1.246 1.204 1.149 1.015 0.792 0.835 0.940 
7.000 10.050 1.300 1.903 2.438 2.741 3.013 3.116 3.184 3.140 3.061 2.786 2.911 
7.000 10.080 1.300 1.903 2.438 2.741 3.013 3.116 3.184 3.140 3.061 2.786 2.911 
7.000 10.120 1.300 1.903 2.438 2.741 3.013 3.116 3.184 3.140 3.061 2.786 2.911 
7.000 10.200 1.300 1.903 2.438 2.741 3.013 3.116 3.184 3.140 3.061 2.786 2.911 
7.000 10.310 1.300 1.903 2.438 2.741 3.013 3.116 3.184 3.140 3.061 2.786 2.911 
7.000 10.490 1.300 1.903 2.438 2.741 3.013 3.116 3.184 3.140 3.061 2.786 2.911 
7.000 10.760 1.300 1.903 2.438 2.741 3.013 3.116 3.184 3.140 3.061 2.786 2.911 
7.000 11.180 1.299 1.902 2.437 2.740 3.012 3.115 3.183 3.138 3.060 2.786 2.910 
7.000 11.820 1.294 1.897 2.432 2.735 3.007 3.110 3.177 3.133 3.054 2.783 2.905 
7.000 12.770 1.289 1.893 2.428 2.730 3.002 3.105 3.172 3.128 3.048 2.781 2.899 
7.000 14.140 1.285 1.888 2.423 2.725 2.996 3.100 3.167 3.122 3.043 2.778 2.894 
7.000 16.080 1.198 1.801 2.335 2.637 2.905 3.007 3.074 3.028 2.946 2.701 2.795 
7.000 18.740 1.099 1.701 2.234 2.535 2.800 2.900 2.966 2.920 2.833 2.611 2.682 
7.000 22.320 1.054 1.621 2.160 2.465 2.729 2.825 2.888 2.849 2.763 2.562 2.602 
7.000 27.040 1.003 1.546 2.093 2.402 2.665 2.757 2.815 2.786 2.698 2.515 2.531 
7.000 33.160 0.941 1.469 2.026 2.339 2.602 2.688 2.740 2.720 2.628 2.461 2.461 
7.000 41.050 0.876 1.392 1.959 2.277 2.539 2.618 2.664 2.655 2.558 2.406 2.391 
7.000 51.110 0.812 1.317 1.893 2.215 2.477 2.550 2.589 2.590 2.488 2.352 2.322 
7.000 63.890 0.764 1.259 1.844 2.169 2.427 2.492 2.524 2.533 2.427 2.303 2.269 
7.000 80.060 0.698 1.181 1.768 2.090 2.344 2.403 2.430 2.439 2.323 2.214 2.182 
7.000 100.500 0.624 1.091 1.679 1.996 2.244 2.297 2.321 2.325 2.198 2.104 2.078 
7.000 126.290 0.560 1.013 1.601 1.912 2.149 2.194 2.210 2.203 2.065 1.988 1.982 
7.000 158.810 0.499 0.938 1.526 1.831 2.057 2.091 2.099 2.077 1.929 1.870 1.888 
7.000 199.780 0.437 0.863 1.452 1.750 1.965 1.989 1.988 1.952 1.793 1.752 1.794 
7.000 251.390 0.369 0.781 1.374 1.663 1.864 1.872 1.861 1.807 1.638 1.617 1.690 
7.000 316.390 0.288 0.687 1.286 1.563 1.742 1.729 1.702 1.626 1.446 1.447 1.565 
7.000 398.240 0.208 0.593 1.199 1.463 1.621 1.585 1.543 1.444 1.254 1.277 1.440 
7.000 501.290 0.126 0.498 1.111 1.363 1.500 1.442 1.383 1.262 1.063 1.107 1.315 
7.000 631.040 0.038 0.398 1.033 1.294 1.437 1.379 1.321 1.196 0.988 1.034 1.211 
7.000 794.390 -0.050 0.297 0.955 1.226 1.376 1.321 1.264 1.135 0.919 0.964 1.107 
7.250 10.050 1.482 2.043 2.529 2.808 3.068 3.167 3.230 3.185 3.104 2.825 2.991 
7.250 10.080 1.482 2.043 2.529 2.808 3.068 3.167 3.230 3.185 3.104 2.825 2.991 
7.250 10.120 1.482 2.043 2.529 2.808 3.068 3.167 3.230 3.185 3.104 2.825 2.991 
7.250 10.200 1.482 2.043 2.529 2.808 3.068 3.167 3.230 3.185 3.104 2.825 2.991 
7.250 10.310 1.482 2.043 2.529 2.808 3.068 3.167 3.230 3.185 3.104 2.825 2.991 
7.250 10.490 1.482 2.043 2.529 2.808 3.068 3.167 3.230 3.185 3.104 2.825 2.991 
7.250 10.760 1.482 2.043 2.529 2.808 3.068 3.167 3.230 3.185 3.104 2.825 2.991 
7.250 11.180 1.481 2.043 2.529 2.808 3.068 3.167 3.230 3.184 3.103 2.824 2.990 
7.250 11.820 1.479 2.040 2.526 2.805 3.065 3.164 3.227 3.181 3.100 2.823 2.987 
7.250 12.770 1.477 2.038 2.524 2.803 3.062 3.162 3.224 3.179 3.097 2.822 2.985 
7.250 14.140 1.474 2.035 2.522 2.801 3.060 3.159 3.222 3.176 3.094 2.821 2.982 
7.250 16.080 1.414 1.975 2.461 2.739 2.996 3.095 3.157 3.111 3.028 2.770 2.914 
7.250 18.740 1.344 1.905 2.391 2.669 2.923 3.020 3.082 3.035 2.950 2.712 2.834 
7.250 22.320 1.274 1.836 2.322 2.598 2.850 2.945 3.006 2.960 2.873 2.653 2.755 
7.250 27.040 1.213 1.747 2.236 2.513 2.762 2.854 2.913 2.869 2.778 2.578 2.661 
7.250 33.160 1.144 1.656 2.157 2.439 2.686 2.772 2.825 2.794 2.699 2.518 2.578 
7.250 41.050 1.065 1.565 2.078 2.365 2.611 2.690 2.737 2.719 2.620 2.459 2.496 
7.250 51.110 0.986 1.477 2.002 2.294 2.538 2.610 2.651 2.645 2.543 2.400 2.416 
7.250 63.890 0.929 1.414 1.948 2.243 2.484 2.547 2.581 2.585 2.477 2.349 2.359 
7.250 80.060 0.870 1.351 1.895 2.192 2.430 2.485 2.512 2.524 2.411 2.297 2.302 
7.250 100.500 0.791 1.261 1.807 2.101 2.333 2.382 2.405 2.416 2.292 2.195 2.203 
7.250 126.290 0.723 1.180 1.727 2.016 2.238 2.278 2.294 2.294 2.159 2.080 2.106 
7.250 158.810 0.660 1.106 1.654 1.936 2.148 2.177 2.184 2.171 2.026 1.965 2.015 
7.250 199.780 0.596 1.031 1.582 1.856 2.057 2.075 2.075 2.048 1.893 1.850 1.924 
7.250 251.390 0.526 0.950 1.504 1.770 1.957 1.960 1.949 1.906 1.741 1.717 1.823 
7.250 316.390 0.442 0.856 1.418 1.672 1.837 1.818 1.791 1.727 1.553 1.551 1.701 
7.250 398.240 0.360 0.763 1.332 1.574 1.717 1.676 1.634 1.548 1.364 1.385 1.580 
7.250 501.290 0.275 0.669 1.245 1.475 1.597 1.534 1.476 1.369 1.176 1.218 1.458 
7.250 631.040 0.192 0.575 1.172 1.410 1.538 1.475 1.418 1.307 1.105 1.149 1.359 
7.250 794.390 0.108 0.481 1.099 1.347 1.481 1.419 1.364 1.250 1.040 1.083 1.260 
7.500 10.050 1.658 2.183 2.620 2.876 3.124 3.219 3.277 3.230 3.146 2.863 3.070 
7.500 10.080 1.658 2.183 2.620 2.876 3.124 3.219 3.277 3.230 3.146 2.863 3.070 
7.500 10.120 1.658 2.183 2.620 2.876 3.124 3.219 3.277 3.230 3.146 2.863 3.070 
7.500 10.200 1.658 2.183 2.620 2.876 3.124 3.219 3.277 3.230 3.146 2.863 3.070 
7.500 10.310 1.658 2.183 2.620 2.876 3.124 3.219 3.277 3.230 3.146 2.863 3.070 
7.500 10.490 1.658 2.183 2.620 2.876 3.124 3.219 3.277 3.230 3.146 2.863 3.070 
7.500 10.760 1.658 2.183 2.620 2.876 3.124 3.219 3.277 3.230 3.146 2.863 3.070 
7.500 11.180 1.658 2.183 2.620 2.876 3.124 3.219 3.277 3.230 3.146 2.863 3.070 
7.500 11.820 1.658 2.183 2.620 2.876 3.124 3.219 3.277 3.230 3.146 2.863 3.070 
7.500 12.770 1.658 2.183 2.620 2.876 3.124 3.219 3.277 3.230 3.146 2.863 3.070 
7.500 14.140 1.658 2.183 2.620 2.876 3.124 3.219 3.277 3.230 3.146 2.863 3.070 
7.500 16.080 1.625 2.149 2.587 2.842 3.088 3.182 3.240 3.193 3.110 2.839 3.032 
7.500 18.740 1.585 2.110 2.549 2.803 3.046 3.140 3.197 3.151 3.067 2.812 2.987 
7.500 22.320 1.546 2.071 2.510 2.763 3.004 3.097 3.154 3.109 3.025 2.784 2.942 
7.500 27.040 1.455 1.979 2.420 2.671 2.907 2.998 3.054 3.008 2.920 2.699 2.840 
7.500 33.160 1.328 1.844 2.288 2.539 2.771 2.856 2.910 2.868 2.770 2.575 2.696 
7.500 41.050 1.246 1.739 2.198 2.454 2.683 2.761 2.810 2.783 2.682 2.511 2.601 
7.500 51.110 1.154 1.638 2.110 2.372 2.599 2.670 2.713 2.700 2.596 2.448 2.510 
7.500 63.890 1.090 1.569 2.052 2.317 2.541 2.603 2.639 2.636 2.527 2.395 2.449 
7.500 80.060 1.024 1.500 1.993 2.262 2.482 2.535 2.564 2.572 2.457 2.341 2.388 
7.500 100.500 0.955 1.430 1.934 2.205 2.422 2.467 2.489 2.506 2.385 2.286 2.326 
7.500 126.290 0.881 1.348 1.854 2.119 2.327 2.362 2.377 2.384 2.253 2.172 2.231 
7.500 158.810 0.815 1.273 1.782 2.041 2.238 2.262 2.269 2.264 2.123 2.060 2.142 
7.500 199.780 0.750 1.199 1.711 1.963 2.149 2.162 2.161 2.144 1.993 1.947 2.054 
7.500 251.390 0.677 1.118 1.635 1.878 2.049 2.048 2.037 2.005 1.844 1.818 1.955 
7.500 316.390 0.591 1.025 1.550 1.781 1.931 1.907 1.881 1.829 1.659 1.655 1.837 
7.500 398.240 0.506 0.933 1.464 1.684 1.813 1.766 1.725 1.652 1.474 1.492 1.719 
7.500 501.290 0.421 0.840 1.379 1.588 1.694 1.626 1.569 1.476 1.288 1.329 1.601 
7.500 631.040 0.340 0.752 1.311 1.527 1.639 1.570 1.514 1.418 1.222 1.264 1.507 
7.500 794.390 0.259 0.664 1.243 1.467 1.585 1.518 1.463 1.365 1.161 1.202 1.413 
7.750 10.050 1.786 2.279 2.675 2.913 3.153 3.250 3.306 3.260 3.175 2.885 3.128 
7.750 10.080 1.786 2.279 2.675 2.913 3.153 3.250 3.306 3.260 3.175 2.885 3.128 
7.750 10.120 1.786 2.279 2.675 2.913 3.153 3.250 3.306 3.260 3.175 2.885 3.128 
7.750 10.200 1.786 2.279 2.675 2.913 3.153 3.250 3.306 3.260 3.175 2.885 3.128 
7.750 10.310 1.786 2.279 2.675 2.913 3.153 3.250 3.306 3.260 3.175 2.885 3.128 
7.750 10.490 1.786 2.279 2.675 2.913 3.153 3.250 3.306 3.260 3.175 2.885 3.128 
7.750 10.760 1.786 2.279 2.675 2.913 3.153 3.250 3.306 3.260 3.175 2.885 3.128 
7.750 11.180 1.786 2.279 2.675 2.913 3.153 3.250 3.306 3.260 3.175 2.885 3.128 
7.750 11.820 1.786 2.279 2.675 2.913 3.153 3.250 3.306 3.260 3.175 2.885 3.128 
7.750 12.770 1.786 2.279 2.675 2.913 3.153 3.250 3.306 3.260 3.175 2.885 3.128 
7.750 14.140 1.786 2.279 2.675 2.913 3.153 3.250 3.306 3.260 3.175 2.885 3.128 
7.750 16.080 1.769 2.262 2.659 2.896 3.135 3.232 3.287 3.241 3.157 2.873 3.108 
7.750 18.740 1.749 2.242 2.639 2.876 3.114 3.210 3.266 3.220 3.136 2.860 3.086 
7.750 22.320 1.730 2.222 2.620 2.856 3.093 3.189 3.245 3.199 3.114 2.846 3.064 
7.750 27.040 1.658 2.151 2.550 2.785 3.018 3.111 3.166 3.122 3.034 2.782 2.984 
7.750 33.160 1.531 2.023 2.425 2.656 2.883 2.972 3.027 2.983 2.888 2.666 2.842 
7.750 41.050 1.413 1.909 2.316 2.548 2.768 2.853 2.906 2.868 2.768 2.574 2.721 
7.750 51.110 1.339 1.816 2.236 2.472 2.689 2.766 2.815 2.791 2.690 2.521 2.634 
7.750 63.890 1.256 1.728 2.162 2.402 2.615 2.682 2.724 2.714 2.606 2.459 2.559 
7.750 80.060 1.167 1.641 2.088 2.332 2.541 2.598 2.633 2.636 2.522 2.396 2.483 
7.750 100.500 1.074 1.552 2.014 2.261 2.467 2.514 2.542 2.558 2.438 2.332 2.407 
7.750 126.290 1.012 1.491 1.964 2.211 2.410 2.445 2.463 2.482 2.356 2.268 2.350 
7.750 158.810 0.941 1.415 1.892 2.133 2.320 2.345 2.355 2.363 2.227 2.158 2.263 
7.750 199.780 0.871 1.339 1.819 2.054 2.231 2.244 2.248 2.244 2.098 2.047 2.176 
7.750 251.390 0.794 1.257 1.743 1.970 2.132 2.131 2.124 2.106 1.951 1.920 2.079 
7.750 316.390 0.706 1.165 1.658 1.873 2.014 1.990 1.968 1.931 1.767 1.759 1.963 
7.750 398.240 0.617 1.072 1.573 1.777 1.896 1.850 1.813 1.756 1.584 1.598 1.848 
7.750 501.290 0.529 0.979 1.489 1.681 1.778 1.709 1.657 1.581 1.400 1.437 1.732 
7.750 631.040 0.451 0.896 1.424 1.623 1.725 1.657 1.605 1.526 1.338 1.376 1.642 
7.750 794.390 0.373 0.813 1.360 1.567 1.675 1.608 1.558 1.477 1.281 1.319 1.554 
8.000 10.050 1.908 2.374 2.730 2.950 3.182 3.281 3.335 3.290 3.204 2.907 3.185 
8.000 10.080 1.908 2.374 2.730 2.950 3.182 3.281 3.335 3.290 3.204 2.907 3.185 
8.000 10.120 1.908 2.374 2.730 2.950 3.182 3.281 3.335 3.290 3.204 2.907 3.185 
8.000 10.200 1.908 2.374 2.730 2.950 3.182 3.281 3.335 3.290 3.204 2.907 3.185 
8.000 10.310 1.908 2.374 2.730 2.950 3.182 3.281 3.335 3.290 3.204 2.907 3.185 
8.000 10.490 1.908 2.374 2.730 2.950 3.182 3.281 3.335 3.290 3.204 2.907 3.185 
8.000 10.760 1.908 2.374 2.730 2.950 3.182 3.281 3.335 3.290 3.204 2.907 3.185 
8.000 11.180 1.908 2.374 2.730 2.950 3.182 3.281 3.335 3.290 3.204 2.907 3.185 
8.000 11.820 1.908 2.374 2.730 2.950 3.182 3.281 3.335 3.290 3.204 2.907 3.185 
8.000 12.770 1.908 2.374 2.730 2.950 3.182 3.281 3.335 3.290 3.204 2.907 3.185 
8.000 14.140 1.908 2.374 2.730 2.950 3.182 3.281 3.335 3.290 3.204 2.907 3.185 
8.000 16.080 1.908 2.374 2.730 2.950 3.182 3.281 3.335 3.290 3.204 2.907 3.185 
8.000 18.740 1.908 2.374 2.730 2.950 3.182 3.281 3.335 3.290 3.204 2.907 3.185 
8.000 22.320 1.908 2.374 2.730 2.950 3.182 3.281 3.335 3.290 3.204 2.907 3.185 
8.000 27.040 1.857 2.323 2.680 2.898 3.128 3.224 3.278 3.235 3.147 2.866 3.127 
8.000 33.160 1.749 2.215 2.577 2.792 3.014 3.106 3.161 3.120 3.029 2.779 3.007 
8.000 41.050 1.642 2.108 2.473 2.685 2.900 2.988 3.043 3.006 2.911 2.692 2.887 
8.000 51.110 1.529 1.996 2.364 2.573 2.781 2.865 2.920 2.885 2.786 2.598 2.761 
8.000 63.890 1.421 1.888 2.272 2.486 2.689 2.762 2.810 2.791 2.685 2.522 2.668 
8.000 80.060 1.308 1.781 2.183 2.401 2.600 2.661 2.702 2.700 2.587 2.450 2.577 
8.000 100.500 1.193 1.674 2.092 2.315 2.510 2.560 2.593 2.608 2.489 2.377 2.485 
8.000 126.290 1.124 1.611 2.044 2.269 2.457 2.494 2.517 2.539 2.414 2.321 2.434 
8.000 158.810 1.066 1.556 2.000 2.224 2.403 2.427 2.441 2.461 2.331 2.256 2.384 
8.000 199.780 0.989 1.479 1.928 2.146 2.314 2.327 2.334 2.344 2.203 2.147 2.298 
8.000 251.390 0.909 1.397 1.851 2.061 2.215 2.213 2.210 2.208 2.057 2.022 2.203 
8.000 316.390 0.816 1.304 1.767 1.965 2.097 2.073 2.055 2.034 1.875 1.863 2.090 
8.000 398.240 0.725 1.210 1.682 1.870 1.979 1.933 1.900 1.859 1.693 1.704 1.976 
8.000 501.290 0.633 1.117 1.598 1.774 1.861 1.792 1.745 1.685 1.511 1.546 1.863 
8.000 631.040 0.557 1.039 1.537 1.719 1.811 1.743 1.696 1.634 1.453 1.488 1.778 
8.000 794.390 0.480 0.961 1.478 1.667 1.764 1.697 1.652 1.589 1.400 1.435 1.694 
