CanadaSHM5_AA13_stablecrust_high , distance is rhypo. Log10 ground motion values in cgs units
          15 30 11 : nmag, ndist, nperiod
          10.000 5.000 2.000 1.000 0.500 0.300 0.200 0.100 0.050 PGA PGV 
          0.620 0.620 0.620 0.620 0.580 0.540 0.530 0.530 0.530 0.530 0.620
4.500 10.050 -1.790 -0.491 0.707 1.417 2.045 2.345 2.618 2.898 2.863 2.615 2.137 
4.500 10.080 -1.800 -0.501 0.691 1.402 2.031 2.334 2.604 2.878 2.839 2.599 2.117 
4.500 10.120 -1.808 -0.512 0.675 1.386 2.017 2.322 2.591 2.858 2.815 2.582 2.098 
4.500 10.200 -1.808 -0.522 0.658 1.370 2.003 2.311 2.578 2.838 2.791 2.566 2.078 
4.500 10.310 -1.821 -0.545 0.624 1.338 1.975 2.288 2.551 2.800 2.748 2.531 2.038 
4.500 10.490 -1.825 -0.577 0.579 1.295 1.938 2.257 2.516 2.751 2.691 2.485 1.984 
4.500 10.760 -1.832 -0.608 0.534 1.252 1.901 2.226 2.481 2.701 2.635 2.439 1.929 
4.500 11.180 -1.846 -0.648 0.483 1.203 1.857 2.188 2.440 2.646 2.574 2.386 1.867 
4.500 11.820 -1.876 -0.710 0.412 1.134 1.793 2.129 2.378 2.572 2.496 2.312 1.781 
4.500 12.770 -1.901 -0.774 0.342 1.064 1.729 2.069 2.315 2.498 2.419 2.238 1.695 
4.500 14.140 -1.927 -0.837 0.271 0.994 1.665 2.010 2.253 2.423 2.341 2.163 1.608 
4.500 16.080 -1.980 -0.931 0.175 0.894 1.565 1.911 2.153 2.316 2.236 2.055 1.490 
4.500 18.740 -2.038 -1.029 0.075 0.788 1.458 1.801 2.042 2.200 2.124 1.937 1.365 
4.500 22.320 -2.097 -1.129 -0.025 0.682 1.350 1.691 1.930 2.083 2.011 1.817 1.239 
4.500 27.040 -2.168 -1.242 -0.141 0.560 1.225 1.563 1.800 1.948 1.876 1.679 1.097 
4.500 33.160 -2.254 -1.369 -0.273 0.421 1.081 1.416 1.649 1.793 1.719 1.519 0.940 
4.500 41.050 -2.340 -1.497 -0.407 0.280 0.935 1.268 1.496 1.636 1.560 1.358 0.780 
4.500 51.110 -2.428 -1.626 -0.541 0.139 0.790 1.120 1.344 1.479 1.399 1.196 0.622 
4.500 63.890 -2.500 -1.738 -0.664 0.018 0.664 0.996 1.212 1.339 1.240 1.047 0.485 
4.500 80.060 -2.573 -1.853 -0.790 -0.107 0.535 0.869 1.077 1.195 1.078 0.894 0.344 
4.500 100.500 -2.650 -1.972 -0.921 -0.236 0.401 0.737 0.938 1.047 0.912 0.738 0.200 
4.500 126.290 -2.698 -2.060 -1.022 -0.334 0.296 0.630 0.819 0.907 0.754 0.598 0.081 
4.500 158.810 -2.740 -2.143 -1.119 -0.428 0.194 0.524 0.700 0.763 0.592 0.457 -0.036 
4.500 199.780 -2.781 -2.227 -1.216 -0.522 0.093 0.418 0.581 0.619 0.430 0.316 -0.153 
4.500 251.390 -2.833 -2.319 -1.318 -0.625 -0.022 0.293 0.441 0.451 0.246 0.155 -0.285 
4.500 316.390 -2.900 -2.428 -1.430 -0.746 -0.163 0.133 0.261 0.237 0.022 -0.047 -0.446 
4.500 398.240 -2.969 -2.537 -1.543 -0.867 -0.304 -0.028 0.081 0.023 -0.203 -0.249 -0.606 
4.500 501.290 -3.036 -2.645 -1.655 -0.988 -0.445 -0.189 -0.100 -0.190 -0.428 -0.451 -0.767 
4.500 631.040 -3.192 -2.843 -1.817 -1.126 -0.565 -0.300 -0.208 -0.303 -0.550 -0.573 -0.935 
4.500 794.390 -3.351 -3.043 -1.981 -1.266 -0.684 -0.409 -0.313 -0.411 -0.667 -0.691 -1.102 
4.750 10.050 -1.387 -0.180 0.939 1.586 2.170 2.452 2.699 2.958 2.934 2.680 2.253 
4.750 10.080 -1.397 -0.190 0.926 1.574 2.159 2.443 2.688 2.941 2.914 2.665 2.236 
4.750 10.120 -1.406 -0.199 0.912 1.561 2.148 2.435 2.677 2.923 2.895 2.651 2.220 
4.750 10.200 -1.407 -0.209 0.898 1.548 2.137 2.426 2.665 2.905 2.875 2.637 2.203 
4.750 10.310 -1.419 -0.232 0.868 1.520 2.112 2.405 2.641 2.869 2.835 2.605 2.165 
4.750 10.490 -1.428 -0.264 0.826 1.481 2.079 2.377 2.609 2.822 2.785 2.562 2.115 
4.750 10.760 -1.434 -0.295 0.785 1.443 2.046 2.348 2.576 2.774 2.734 2.519 2.064 
4.750 11.180 -1.449 -0.334 0.738 1.399 2.006 2.313 2.537 2.721 2.677 2.470 2.006 
4.750 11.820 -1.479 -0.393 0.672 1.334 1.946 2.256 2.477 2.650 2.603 2.399 1.925 
4.750 12.770 -1.502 -0.453 0.606 1.269 1.886 2.198 2.418 2.579 2.529 2.327 1.843 
4.750 14.140 -1.527 -0.514 0.539 1.204 1.825 2.140 2.357 2.507 2.455 2.255 1.760 
4.750 16.080 -1.575 -0.600 0.448 1.108 1.729 2.044 2.262 2.406 2.354 2.151 1.648 
4.750 18.740 -1.628 -0.692 0.352 1.007 1.627 1.941 2.159 2.299 2.248 2.042 1.531 
4.750 22.320 -1.682 -0.784 0.255 0.905 1.522 1.833 2.051 2.189 2.138 1.929 1.411 
4.750 27.040 -1.748 -0.889 0.143 0.787 1.400 1.708 1.925 2.061 2.008 1.798 1.277 
4.750 33.160 -1.830 -1.008 0.016 0.652 1.259 1.566 1.780 1.913 1.857 1.647 1.128 
4.750 41.050 -1.911 -1.129 -0.114 0.516 1.117 1.421 1.633 1.764 1.704 1.495 0.977 
4.750 51.110 -1.993 -1.250 -0.244 0.379 0.975 1.278 1.486 1.615 1.549 1.342 0.826 
4.750 63.890 -2.066 -1.361 -0.365 0.261 0.853 1.158 1.358 1.477 1.393 1.197 0.695 
4.750 80.060 -2.141 -1.475 -0.489 0.140 0.728 1.035 1.226 1.336 1.234 1.049 0.561 
4.750 100.500 -2.222 -1.594 -0.618 0.014 0.598 0.908 1.090 1.190 1.070 0.897 0.422 
4.750 126.290 -2.277 -1.687 -0.718 -0.080 0.497 0.803 0.973 1.051 0.911 0.757 0.306 
4.750 158.810 -2.329 -1.778 -0.815 -0.170 0.399 0.700 0.855 0.905 0.745 0.614 0.191 
4.750 199.780 -2.382 -1.869 -0.912 -0.259 0.301 0.597 0.737 0.759 0.580 0.470 0.077 
4.750 251.390 -2.439 -1.966 -1.013 -0.358 0.190 0.475 0.600 0.591 0.394 0.307 -0.053 
4.750 316.390 -2.514 -2.078 -1.122 -0.475 0.054 0.318 0.422 0.379 0.170 0.106 -0.210 
4.750 398.240 -2.587 -2.190 -1.232 -0.591 -0.083 0.160 0.245 0.167 -0.054 -0.096 -0.367 
4.750 501.290 -2.661 -2.302 -1.341 -0.707 -0.219 0.002 0.068 -0.044 -0.279 -0.297 -0.525 
4.750 631.040 -2.807 -2.487 -1.492 -0.836 -0.331 -0.102 -0.034 -0.152 -0.395 -0.413 -0.683 
4.750 794.390 -2.957 -2.675 -1.644 -0.965 -0.441 -0.203 -0.133 -0.255 -0.507 -0.526 -0.842 
5.000 10.050 -0.989 0.130 1.171 1.755 2.295 2.560 2.781 3.020 3.006 2.745 2.370 
5.000 10.080 -0.998 0.121 1.160 1.746 2.287 2.553 2.771 3.004 2.990 2.732 2.356 
5.000 10.120 -1.006 0.113 1.149 1.736 2.279 2.547 2.762 2.988 2.974 2.720 2.341 
5.000 10.200 -1.014 0.104 1.138 1.726 2.270 2.540 2.753 2.972 2.958 2.708 2.327 
5.000 10.310 -1.023 0.081 1.111 1.702 2.249 2.522 2.731 2.938 2.923 2.679 2.293 
5.000 10.490 -1.039 0.050 1.074 1.668 2.220 2.496 2.701 2.893 2.878 2.639 2.246 
5.000 10.760 -1.044 0.018 1.036 1.634 2.191 2.471 2.671 2.847 2.832 2.600 2.199 
5.000 11.180 -1.057 -0.020 0.993 1.594 2.155 2.438 2.635 2.796 2.781 2.553 2.145 
5.000 11.820 -1.087 -0.076 0.931 1.535 2.099 2.383 2.577 2.728 2.711 2.485 2.068 
5.000 12.770 -1.109 -0.133 0.869 1.475 2.043 2.327 2.520 2.659 2.640 2.416 1.990 
5.000 14.140 -1.132 -0.190 0.807 1.415 1.986 2.271 2.462 2.590 2.569 2.347 1.912 
5.000 16.080 -1.177 -0.270 0.720 1.323 1.893 2.177 2.370 2.495 2.472 2.249 1.807 
5.000 18.740 -1.224 -0.354 0.628 1.226 1.794 2.076 2.272 2.395 2.369 2.145 1.696 
5.000 22.320 -1.273 -0.439 0.535 1.128 1.693 1.975 2.172 2.294 2.265 2.041 1.584 
5.000 27.040 -1.335 -0.536 0.428 1.015 1.575 1.854 2.051 2.173 2.140 1.917 1.457 
5.000 33.160 -1.410 -0.648 0.305 0.884 1.438 1.715 1.911 2.034 1.995 1.775 1.316 
5.000 41.050 -1.486 -0.760 0.179 0.751 1.299 1.575 1.770 1.892 1.848 1.632 1.173 
5.000 51.110 -1.567 -0.875 0.054 0.619 1.161 1.436 1.628 1.750 1.699 1.488 1.031 
5.000 63.890 -1.639 -0.985 -0.066 0.505 1.042 1.320 1.503 1.615 1.546 1.348 0.906 
5.000 80.060 -1.715 -1.098 -0.188 0.387 0.921 1.201 1.374 1.476 1.389 1.204 0.777 
5.000 100.500 -1.799 -1.216 -0.315 0.265 0.795 1.078 1.242 1.333 1.228 1.056 0.645 
5.000 126.290 -1.860 -1.314 -0.414 0.175 0.698 0.977 1.127 1.193 1.067 0.916 0.532 
5.000 158.810 -1.921 -1.412 -0.511 0.089 0.604 0.876 1.010 1.046 0.898 0.770 0.419 
5.000 199.780 -1.984 -1.510 -0.607 0.003 0.510 0.776 0.894 0.899 0.729 0.624 0.306 
5.000 251.390 -2.056 -1.614 -0.707 -0.092 0.403 0.657 0.758 0.731 0.542 0.459 0.179 
5.000 316.390 -2.133 -1.729 -0.814 -0.204 0.271 0.503 0.584 0.521 0.318 0.259 0.025 
5.000 398.240 -2.211 -1.843 -0.921 -0.315 0.139 0.348 0.410 0.311 0.095 0.058 -0.128 
5.000 501.290 -2.292 -1.958 -1.027 -0.427 0.007 0.194 0.235 0.102 -0.129 -0.142 -0.282 
5.000 631.040 -2.429 -2.131 -1.167 -0.545 -0.097 0.097 0.139 -0.000 -0.240 -0.253 -0.431 
5.000 794.390 -2.568 -2.307 -1.308 -0.664 -0.199 0.002 0.046 -0.098 -0.346 -0.360 -0.581 
5.250 10.050 -0.616 0.418 1.393 1.931 2.433 2.677 2.874 3.082 3.069 2.804 2.481 
5.250 10.080 -0.622 0.412 1.386 1.926 2.429 2.674 2.868 3.071 3.059 2.795 2.471 
5.250 10.120 -0.628 0.407 1.379 1.920 2.425 2.670 2.863 3.060 3.048 2.786 2.462 
5.250 10.200 -0.634 0.401 1.372 1.915 2.421 2.667 2.857 3.049 3.037 2.777 2.452 
5.250 10.310 -0.651 0.380 1.348 1.894 2.402 2.649 2.836 3.017 3.006 2.750 2.421 
5.250 10.490 -0.669 0.349 1.314 1.863 2.374 2.623 2.805 2.974 2.963 2.713 2.376 
5.250 10.760 -0.676 0.318 1.279 1.833 2.347 2.598 2.776 2.930 2.920 2.676 2.332 
5.250 11.180 -0.687 0.281 1.239 1.796 2.313 2.565 2.740 2.882 2.871 2.633 2.281 
5.250 11.820 -0.717 0.227 1.180 1.739 2.258 2.511 2.684 2.817 2.805 2.568 2.208 
5.250 12.770 -0.738 0.173 1.121 1.682 2.203 2.456 2.628 2.752 2.738 2.504 2.135 
5.250 14.140 -0.760 0.118 1.061 1.624 2.147 2.401 2.572 2.687 2.671 2.439 2.061 
5.250 16.080 -0.804 0.041 0.976 1.534 2.055 2.309 2.482 2.596 2.577 2.347 1.961 
5.250 18.740 -0.851 -0.040 0.886 1.439 1.957 2.210 2.386 2.501 2.478 2.250 1.856 
5.250 22.320 -0.898 -0.121 0.796 1.342 1.858 2.110 2.290 2.406 2.379 2.152 1.750 
5.250 27.040 -0.958 -0.215 0.692 1.231 1.743 1.996 2.179 2.294 2.263 2.040 1.632 
5.250 33.160 -1.030 -0.321 0.572 1.103 1.609 1.863 2.046 2.163 2.124 1.908 1.499 
5.250 41.050 -1.104 -0.429 0.451 0.974 1.473 1.728 1.912 2.029 1.984 1.775 1.365 
5.250 51.110 -1.180 -0.539 0.329 0.845 1.338 1.594 1.777 1.894 1.842 1.640 1.230 
5.250 63.890 -1.253 -0.644 0.215 0.735 1.223 1.483 1.657 1.764 1.694 1.506 1.111 
5.250 80.060 -1.328 -0.752 0.097 0.621 1.105 1.368 1.534 1.631 1.544 1.370 0.989 
5.250 100.500 -1.408 -0.865 -0.024 0.504 0.983 1.249 1.406 1.493 1.389 1.229 0.863 
5.250 126.290 -1.469 -0.960 -0.118 0.418 0.890 1.150 1.292 1.352 1.228 1.089 0.755 
5.250 158.810 -1.532 -1.055 -0.209 0.337 0.800 1.051 1.175 1.203 1.057 0.940 0.645 
5.250 199.780 -1.594 -1.151 -0.299 0.256 0.711 0.953 1.058 1.054 0.886 0.792 0.536 
5.250 251.390 -1.663 -1.252 -0.393 0.167 0.608 0.836 0.922 0.884 0.698 0.626 0.414 
5.250 316.390 -1.742 -1.365 -0.495 0.060 0.481 0.685 0.749 0.675 0.473 0.425 0.265 
5.250 398.240 -1.822 -1.477 -0.596 -0.047 0.353 0.534 0.576 0.465 0.249 0.223 0.115 
5.250 501.290 -1.902 -1.590 -0.698 -0.153 0.226 0.382 0.403 0.255 0.025 0.022 -0.033 
5.250 631.040 -2.029 -1.749 -0.825 -0.262 0.130 0.292 0.313 0.159 -0.080 -0.083 -0.174 
5.250 794.390 -2.159 -1.911 -0.954 -0.370 0.036 0.204 0.227 0.067 -0.181 -0.184 -0.314 
5.500 10.050 -0.249 0.706 1.614 2.106 2.571 2.794 2.967 3.143 3.132 2.864 2.592 
5.500 10.080 -0.252 0.703 1.612 2.106 2.571 2.794 2.965 3.137 3.127 2.858 2.587 
5.500 10.120 -0.255 0.700 1.609 2.105 2.571 2.794 2.964 3.132 3.123 2.853 2.582 
5.500 10.200 -0.258 0.697 1.606 2.104 2.571 2.794 2.962 3.126 3.118 2.848 2.578 
5.500 10.310 -0.278 0.678 1.586 2.086 2.555 2.778 2.943 3.098 3.091 2.824 2.550 
5.500 10.490 -0.302 0.647 1.554 2.059 2.529 2.752 2.912 3.056 3.049 2.789 2.508 
5.500 10.760 -0.318 0.617 1.523 2.032 2.503 2.726 2.881 3.015 3.008 2.754 2.465 
5.500 11.180 -0.325 0.582 1.485 1.998 2.471 2.693 2.845 2.967 2.961 2.712 2.417 
5.500 11.820 -0.352 0.531 1.429 1.943 2.417 2.639 2.790 2.906 2.899 2.652 2.348 
5.500 12.770 -0.375 0.478 1.372 1.889 2.363 2.585 2.736 2.845 2.836 2.592 2.279 
5.500 14.140 -0.395 0.426 1.315 1.834 2.309 2.531 2.681 2.783 2.772 2.531 2.210 
5.500 16.080 -0.437 0.352 1.232 1.745 2.218 2.440 2.594 2.697 2.683 2.445 2.115 
5.500 18.740 -0.482 0.275 1.145 1.651 2.120 2.343 2.501 2.608 2.588 2.355 2.016 
5.500 22.320 -0.530 0.196 1.057 1.556 2.022 2.245 2.408 2.517 2.493 2.264 1.916 
5.500 27.040 -0.586 0.106 0.956 1.447 1.909 2.135 2.302 2.412 2.382 2.160 1.805 
5.500 33.160 -0.656 0.005 0.840 1.322 1.779 2.011 2.182 2.292 2.254 2.042 1.682 
5.500 41.050 -0.726 -0.098 0.723 1.196 1.647 1.882 2.055 2.166 2.120 1.918 1.556 
5.500 51.110 -0.800 -0.203 0.604 1.071 1.515 1.753 1.927 2.039 1.985 1.792 1.429 
5.500 63.890 -0.870 -0.303 0.495 0.965 1.404 1.645 1.812 1.913 1.843 1.666 1.317 
5.500 80.060 -0.944 -0.407 0.383 0.856 1.289 1.535 1.693 1.785 1.698 1.535 1.201 
5.500 100.500 -1.020 -0.514 0.266 0.742 1.171 1.420 1.570 1.652 1.549 1.401 1.081 
5.500 126.290 -1.082 -0.606 0.178 0.662 1.082 1.324 1.457 1.511 1.389 1.261 0.977 
5.500 158.810 -1.145 -0.699 0.094 0.586 0.996 1.227 1.340 1.360 1.216 1.111 0.872 
5.500 199.780 -1.208 -0.792 0.009 0.509 0.911 1.130 1.223 1.209 1.044 0.961 0.767 
5.500 251.390 -1.276 -0.890 -0.079 0.425 0.813 1.016 1.087 1.038 0.853 0.793 0.648 
5.500 316.390 -1.357 -1.001 -0.176 0.323 0.690 0.867 0.915 0.828 0.629 0.590 0.504 
5.500 398.240 -1.438 -1.111 -0.272 0.222 0.567 0.719 0.743 0.618 0.404 0.388 0.359 
5.500 501.290 -1.518 -1.221 -0.368 0.121 0.444 0.570 0.571 0.409 0.180 0.186 0.215 
5.500 631.040 -1.635 -1.368 -0.484 0.022 0.357 0.487 0.487 0.318 0.080 0.087 0.083 
5.500 794.390 -1.754 -1.516 -0.600 -0.076 0.271 0.406 0.407 0.231 -0.015 -0.008 -0.048 
5.750 10.050 0.077 0.961 1.814 2.270 2.699 2.900 3.054 3.202 3.188 2.914 2.693 
5.750 10.080 0.075 0.958 1.812 2.269 2.699 2.900 3.053 3.198 3.185 2.910 2.690 
5.750 10.120 0.073 0.956 1.810 2.269 2.699 2.900 3.052 3.194 3.181 2.906 2.686 
5.750 10.200 0.070 0.954 1.808 2.268 2.699 2.900 3.051 3.190 3.178 2.901 2.683 
5.750 10.310 0.055 0.938 1.792 2.255 2.687 2.887 3.035 3.169 3.157 2.883 2.661 
5.750 10.490 0.031 0.914 1.768 2.234 2.667 2.867 3.012 3.137 3.125 2.855 2.628 
5.750 10.760 0.013 0.890 1.744 2.214 2.647 2.847 2.987 3.105 3.093 2.828 2.595 
5.750 11.180 0.002 0.859 1.712 2.185 2.618 2.818 2.956 3.066 3.054 2.793 2.553 
5.750 11.820 -0.021 0.807 1.656 2.132 2.565 2.762 2.899 3.005 2.992 2.734 2.486 
5.750 12.770 -0.047 0.755 1.601 2.078 2.511 2.708 2.844 2.946 2.932 2.677 2.419 
5.750 14.140 -0.067 0.703 1.545 2.024 2.457 2.654 2.790 2.886 2.871 2.619 2.352 
5.750 16.080 -0.111 0.629 1.462 1.936 2.366 2.565 2.704 2.801 2.783 2.537 2.259 
5.750 18.740 -0.157 0.551 1.375 1.841 2.269 2.468 2.612 2.711 2.689 2.450 2.162 
5.750 22.320 -0.205 0.472 1.287 1.746 2.171 2.372 2.520 2.620 2.595 2.362 2.064 
5.750 27.040 -0.264 0.383 1.186 1.638 2.059 2.263 2.416 2.517 2.486 2.262 1.956 
5.750 33.160 -0.335 0.283 1.072 1.514 1.931 2.141 2.299 2.400 2.362 2.150 1.837 
5.750 41.050 -0.408 0.181 0.956 1.389 1.801 2.018 2.180 2.281 2.236 2.035 1.717 
5.750 51.110 -0.483 0.078 0.839 1.265 1.670 1.891 2.055 2.156 2.104 1.915 1.594 
5.750 63.890 -0.554 -0.021 0.733 1.161 1.560 1.784 1.942 2.034 1.967 1.794 1.486 
5.750 80.060 -0.627 -0.123 0.623 1.054 1.447 1.675 1.826 1.909 1.826 1.669 1.373 
5.750 100.500 -0.706 -0.229 0.508 0.942 1.330 1.561 1.705 1.779 1.682 1.539 1.257 
5.750 126.290 -0.767 -0.318 0.424 0.864 1.243 1.466 1.593 1.642 1.525 1.402 1.157 
5.750 158.810 -0.831 -0.409 0.343 0.791 1.160 1.370 1.477 1.495 1.356 1.254 1.055 
5.750 199.780 -0.893 -0.499 0.263 0.718 1.077 1.275 1.361 1.348 1.187 1.106 0.953 
5.750 251.390 -0.963 -0.595 0.178 0.636 0.982 1.162 1.227 1.181 1.000 0.941 0.839 
5.750 316.390 -1.044 -0.703 0.086 0.538 0.862 1.016 1.057 0.976 0.779 0.741 0.699 
5.750 398.240 -1.123 -0.810 -0.007 0.441 0.743 0.870 0.887 0.770 0.557 0.541 0.559 
5.750 501.290 -1.204 -0.918 -0.100 0.343 0.623 0.724 0.718 0.565 0.336 0.340 0.419 
5.750 631.040 -1.313 -1.053 -0.205 0.252 0.542 0.646 0.639 0.479 0.242 0.247 0.294 
5.750 794.390 -1.422 -1.190 -0.312 0.162 0.463 0.571 0.564 0.399 0.153 0.158 0.171 
6.000 10.050 0.401 1.215 2.013 2.433 2.826 3.006 3.142 3.260 3.244 2.965 2.794 
6.000 10.080 0.400 1.214 2.012 2.433 2.826 3.006 3.141 3.258 3.242 2.961 2.792 
6.000 10.120 0.398 1.212 2.011 2.433 2.827 3.006 3.140 3.256 3.240 2.958 2.790 
6.000 10.200 0.396 1.211 2.010 2.432 2.827 3.005 3.139 3.254 3.238 2.955 2.788 
6.000 10.310 0.385 1.199 1.999 2.424 2.818 2.996 3.128 3.240 3.223 2.941 2.772 
6.000 10.490 0.367 1.181 1.982 2.410 2.804 2.982 3.111 3.218 3.201 2.922 2.748 
6.000 10.760 0.348 1.162 1.965 2.395 2.790 2.968 3.093 3.196 3.178 2.902 2.724 
6.000 11.180 0.326 1.136 1.939 2.372 2.767 2.943 3.067 3.165 3.147 2.874 2.690 
6.000 11.820 0.298 1.084 1.884 2.320 2.713 2.889 3.011 3.106 3.088 2.819 2.625 
6.000 12.770 0.276 1.032 1.830 2.267 2.660 2.833 2.955 3.048 3.029 2.763 2.559 
6.000 14.140 0.253 0.979 1.775 2.214 2.606 2.778 2.899 2.988 2.970 2.708 2.493 
6.000 16.080 0.209 0.905 1.692 2.125 2.515 2.689 2.814 2.904 2.882 2.629 2.403 
6.000 18.740 0.160 0.827 1.605 2.032 2.418 2.594 2.723 2.814 2.790 2.545 2.307 
6.000 22.320 0.111 0.747 1.516 1.937 2.321 2.498 2.632 2.724 2.697 2.460 2.211 
6.000 27.040 0.051 0.659 1.416 1.829 2.209 2.391 2.530 2.622 2.591 2.365 2.107 
6.000 33.160 -0.021 0.560 1.303 1.707 2.082 2.271 2.416 2.508 2.470 2.258 1.992 
6.000 41.050 -0.095 0.460 1.189 1.583 1.954 2.150 2.300 2.391 2.348 2.149 1.876 
6.000 51.110 -0.171 0.359 1.074 1.459 1.826 2.029 2.183 2.274 2.223 2.038 1.760 
6.000 63.890 -0.241 0.262 0.970 1.357 1.717 1.924 2.072 2.155 2.090 1.922 1.655 
6.000 80.060 -0.317 0.161 0.862 1.251 1.605 1.815 1.958 2.032 1.954 1.802 1.546 
6.000 100.500 -0.394 0.057 0.751 1.141 1.489 1.702 1.840 1.906 1.814 1.678 1.433 
6.000 126.290 -0.458 -0.030 0.670 1.066 1.404 1.608 1.730 1.773 1.662 1.544 1.336 
6.000 158.810 -0.521 -0.119 0.593 0.996 1.324 1.514 1.615 1.630 1.496 1.398 1.238 
6.000 199.780 -0.585 -0.207 0.516 0.926 1.243 1.419 1.500 1.487 1.330 1.252 1.140 
6.000 251.390 -0.654 -0.300 0.435 0.847 1.151 1.308 1.367 1.324 1.147 1.089 1.029 
6.000 316.390 -0.734 -0.405 0.346 0.753 1.035 1.165 1.199 1.123 0.929 0.891 0.894 
6.000 398.240 -0.814 -0.509 0.258 0.659 0.918 1.021 1.032 0.922 0.711 0.693 0.758 
6.000 501.290 -0.894 -0.614 0.169 0.565 0.802 0.878 0.864 0.721 0.492 0.496 0.623 
6.000 631.040 -0.994 -0.738 0.073 0.483 0.728 0.805 0.791 0.642 0.404 0.408 0.506 
6.000 794.390 -1.096 -0.864 -0.024 0.401 0.655 0.736 0.721 0.567 0.321 0.324 0.390 
6.250 10.050 0.685 1.439 2.185 2.571 2.932 3.096 3.220 3.324 3.303 3.021 2.897 
6.250 10.080 0.685 1.438 2.185 2.571 2.932 3.096 3.220 3.323 3.301 3.019 2.896 
6.250 10.120 0.684 1.437 2.184 2.570 2.932 3.095 3.219 3.322 3.300 3.017 2.895 
6.250 10.200 0.683 1.436 2.183 2.570 2.932 3.095 3.218 3.320 3.299 3.015 2.893 
6.250 10.310 0.676 1.429 2.177 2.565 2.927 3.090 3.213 3.313 3.291 3.007 2.884 
6.250 10.490 0.665 1.419 2.168 2.559 2.921 3.083 3.203 3.301 3.279 2.994 2.870 
6.250 10.760 0.655 1.408 2.158 2.552 2.914 3.076 3.194 3.290 3.267 2.982 2.856 
6.250 11.180 0.634 1.388 2.139 2.534 2.897 3.058 3.174 3.268 3.245 2.960 2.831 
6.250 11.820 0.585 1.338 2.088 2.485 2.847 3.007 3.122 3.213 3.189 2.910 2.769 
6.250 12.770 0.563 1.288 2.037 2.436 2.797 2.956 3.069 3.157 3.134 2.859 2.707 
6.250 14.140 0.542 1.237 1.986 2.387 2.746 2.904 3.016 3.102 3.078 2.809 2.644 
6.250 16.080 0.498 1.159 1.901 2.297 2.654 2.812 2.926 3.012 2.987 2.726 2.551 
6.250 18.740 0.444 1.076 1.811 2.202 2.556 2.715 2.834 2.919 2.892 2.641 2.453 
6.250 22.320 0.389 0.993 1.719 2.105 2.457 2.618 2.741 2.826 2.796 2.555 2.354 
6.250 27.040 0.324 0.901 1.617 1.995 2.345 2.510 2.638 2.722 2.688 2.460 2.248 
6.250 33.160 0.251 0.800 1.503 1.872 2.218 2.389 2.524 2.606 2.567 2.355 2.133 
6.250 41.050 0.171 0.697 1.388 1.747 2.089 2.266 2.408 2.488 2.445 2.248 2.017 
6.250 51.110 0.091 0.593 1.271 1.623 1.960 2.144 2.291 2.368 2.320 2.138 1.900 
6.250 63.890 0.016 0.494 1.166 1.519 1.850 2.039 2.182 2.251 2.191 2.026 1.796 
6.250 80.060 -0.064 0.392 1.057 1.411 1.736 1.927 2.065 2.128 2.055 1.907 1.686 
6.250 100.500 -0.148 0.285 0.944 1.299 1.617 1.810 1.944 2.000 1.916 1.784 1.573 
6.250 126.290 -0.214 0.198 0.863 1.223 1.531 1.715 1.833 1.869 1.767 1.652 1.477 
6.250 158.810 -0.281 0.110 0.786 1.152 1.450 1.619 1.717 1.728 1.605 1.509 1.380 
6.250 199.780 -0.346 0.022 0.709 1.081 1.368 1.523 1.601 1.588 1.444 1.365 1.283 
6.250 251.390 -0.417 -0.071 0.628 1.003 1.275 1.411 1.468 1.428 1.265 1.204 1.173 
6.250 316.390 -0.499 -0.175 0.540 0.910 1.160 1.268 1.301 1.231 1.052 1.010 1.040 
6.250 398.240 -0.581 -0.278 0.452 0.817 1.044 1.125 1.134 1.034 0.839 0.816 0.907 
6.250 501.290 -0.663 -0.382 0.365 0.724 0.929 0.982 0.967 0.837 0.626 0.622 0.774 
6.250 631.040 -0.757 -0.498 0.276 0.647 0.859 0.914 0.898 0.762 0.542 0.539 0.663 
6.250 794.390 -0.852 -0.615 0.186 0.572 0.791 0.848 0.832 0.691 0.464 0.460 0.553 
6.500 10.050 0.969 1.663 2.357 2.708 3.037 3.185 3.299 3.388 3.361 3.076 3.000 
6.500 10.080 0.968 1.663 2.357 2.708 3.037 3.185 3.298 3.388 3.361 3.076 3.000 
6.500 10.120 0.968 1.663 2.357 2.708 3.037 3.185 3.298 3.387 3.361 3.076 2.999 
6.500 10.200 0.968 1.662 2.356 2.707 3.036 3.184 3.298 3.387 3.360 3.076 2.999 
6.500 10.310 0.966 1.660 2.355 2.707 3.037 3.184 3.297 3.386 3.359 3.072 2.996 
6.500 10.490 0.963 1.657 2.354 2.708 3.037 3.185 3.296 3.385 3.357 3.067 2.992 
6.500 10.760 0.959 1.654 2.352 2.708 3.038 3.185 3.295 3.383 3.356 3.061 2.988 
6.500 11.180 0.945 1.640 2.339 2.697 3.027 3.173 3.282 3.370 3.342 3.046 2.971 
6.500 11.820 0.898 1.592 2.292 2.651 2.981 3.126 3.233 3.319 3.290 3.001 2.913 
6.500 12.770 0.850 1.544 2.245 2.606 2.934 3.078 3.183 3.267 3.238 2.956 2.855 
6.500 14.140 0.824 1.496 2.197 2.560 2.887 3.030 3.133 3.215 3.186 2.910 2.796 
6.500 16.080 0.776 1.414 2.110 2.469 2.795 2.937 3.043 3.124 3.093 2.827 2.700 
6.500 18.740 0.721 1.327 2.017 2.371 2.694 2.837 2.946 3.025 2.994 2.738 2.598 
6.500 22.320 0.661 1.238 1.922 2.273 2.594 2.738 2.851 2.928 2.895 2.651 2.496 
6.500 27.040 0.592 1.142 1.818 2.162 2.481 2.629 2.747 2.821 2.786 2.556 2.388 
6.500 33.160 0.513 1.039 1.703 2.038 2.353 2.507 2.632 2.703 2.665 2.452 2.273 
6.500 41.050 0.432 0.934 1.586 1.912 2.224 2.383 2.515 2.584 2.542 2.346 2.157 
6.500 51.110 0.347 0.827 1.469 1.787 2.094 2.259 2.398 2.463 2.417 2.239 2.040 
6.500 63.890 0.268 0.726 1.362 1.680 1.982 2.151 2.287 2.345 2.289 2.128 1.935 
6.500 80.060 0.182 0.622 1.252 1.571 1.867 2.039 2.172 2.223 2.157 2.013 1.827 
6.500 100.500 0.095 0.514 1.137 1.457 1.746 1.919 2.049 2.095 2.018 1.891 1.713 
6.500 126.290 0.026 0.426 1.056 1.379 1.658 1.821 1.936 1.965 1.872 1.761 1.618 
6.500 158.810 -0.041 0.338 0.978 1.308 1.576 1.723 1.819 1.827 1.715 1.620 1.522 
6.500 199.780 -0.111 0.250 0.901 1.237 1.493 1.626 1.702 1.688 1.558 1.479 1.426 
6.500 251.390 -0.186 0.157 0.821 1.159 1.400 1.513 1.569 1.532 1.383 1.321 1.318 
6.500 316.390 -0.269 0.055 0.734 1.067 1.285 1.371 1.403 1.339 1.175 1.130 1.187 
6.500 398.240 -0.352 -0.047 0.647 0.975 1.170 1.229 1.237 1.146 0.967 0.939 1.057 
6.500 501.290 -0.436 -0.150 0.561 0.883 1.055 1.087 1.071 0.953 0.759 0.748 0.926 
6.500 631.040 -0.526 -0.258 0.478 0.812 0.990 1.022 1.005 0.882 0.680 0.669 0.820 
6.500 794.390 -0.616 -0.366 0.396 0.742 0.926 0.960 0.943 0.816 0.607 0.595 0.716 
6.750 10.050 1.206 1.849 2.494 2.820 3.129 3.265 3.368 3.449 3.413 3.119 3.090 
6.750 10.080 1.206 1.848 2.494 2.820 3.129 3.265 3.367 3.449 3.412 3.118 3.090 
6.750 10.120 1.205 1.848 2.494 2.820 3.129 3.265 3.367 3.448 3.412 3.118 3.090 
6.750 10.200 1.205 1.848 2.493 2.819 3.128 3.264 3.367 3.448 3.412 3.118 3.090 
6.750 10.310 1.204 1.846 2.493 2.819 3.128 3.264 3.366 3.447 3.411 3.115 3.088 
6.750 10.490 1.201 1.844 2.491 2.819 3.129 3.264 3.365 3.446 3.410 3.112 3.085 
6.750 10.760 1.200 1.842 2.490 2.819 3.129 3.264 3.364 3.445 3.408 3.108 3.082 
6.750 11.180 1.191 1.834 2.483 2.812 3.122 3.257 3.357 3.437 3.400 3.099 3.072 
6.750 11.820 1.163 1.806 2.456 2.787 3.096 3.230 3.329 3.408 3.371 3.072 3.038 
6.750 12.770 1.135 1.778 2.428 2.761 3.070 3.204 3.301 3.379 3.341 3.044 3.004 
6.750 14.140 1.107 1.749 2.401 2.734 3.043 3.176 3.273 3.348 3.311 3.016 2.970 
6.750 16.080 1.034 1.664 2.312 2.643 2.950 3.083 3.181 3.256 3.218 2.934 2.872 
6.750 18.740 0.977 1.568 2.213 2.541 2.845 2.978 3.079 3.152 3.114 2.844 2.763 
6.750 22.320 0.914 1.472 2.114 2.437 2.739 2.873 2.976 3.048 3.010 2.752 2.653 
6.750 27.040 0.837 1.369 2.004 2.322 2.622 2.757 2.865 2.936 2.896 2.654 2.539 
6.750 33.160 0.751 1.258 1.884 2.193 2.490 2.630 2.745 2.813 2.770 2.548 2.419 
6.750 41.050 0.661 1.146 1.761 2.062 2.357 2.502 2.623 2.688 2.643 2.439 2.297 
6.750 51.110 0.568 1.033 1.639 1.932 2.224 2.373 2.500 2.562 2.514 2.329 2.175 
6.750 63.890 0.483 0.929 1.528 1.820 2.106 2.258 2.384 2.441 2.384 2.219 2.068 
6.750 80.060 0.392 0.821 1.414 1.704 1.986 2.140 2.265 2.317 2.251 2.105 1.958 
6.750 100.500 0.298 0.709 1.296 1.584 1.860 2.015 2.139 2.187 2.113 1.985 1.842 
6.750 126.290 0.227 0.620 1.211 1.503 1.767 1.913 2.024 2.058 1.969 1.858 1.747 
6.750 158.810 0.157 0.533 1.132 1.429 1.680 1.812 1.907 1.923 1.817 1.720 1.651 
6.750 199.780 0.085 0.446 1.053 1.355 1.593 1.712 1.790 1.788 1.665 1.583 1.555 
6.750 251.390 0.010 0.354 0.971 1.275 1.495 1.597 1.657 1.635 1.496 1.429 1.449 
6.750 316.390 -0.075 0.253 0.884 1.182 1.379 1.455 1.493 1.447 1.293 1.243 1.320 
6.750 398.240 -0.159 0.153 0.798 1.090 1.263 1.313 1.329 1.258 1.090 1.057 1.192 
6.750 501.290 -0.245 0.052 0.711 0.998 1.147 1.171 1.165 1.070 0.886 0.870 1.063 
6.750 631.040 -0.330 -0.049 0.634 0.931 1.085 1.109 1.103 1.003 0.812 0.796 0.962 
6.750 794.390 -0.415 -0.150 0.557 0.865 1.025 1.051 1.044 0.941 0.744 0.727 0.863 
7.000 10.050 1.439 2.034 2.631 2.932 3.221 3.345 3.437 3.510 3.464 3.161 3.181 
7.000 10.080 1.439 2.034 2.631 2.932 3.221 3.345 3.436 3.510 3.464 3.160 3.180 
7.000 10.120 1.439 2.034 2.631 2.932 3.221 3.345 3.436 3.510 3.464 3.160 3.180 
7.000 10.200 1.438 2.033 2.630 2.931 3.220 3.344 3.436 3.509 3.463 3.160 3.180 
7.000 10.310 1.438 2.032 2.630 2.931 3.220 3.344 3.435 3.509 3.463 3.159 3.179 
7.000 10.490 1.437 2.032 2.629 2.931 3.220 3.343 3.435 3.508 3.462 3.157 3.178 
7.000 10.760 1.436 2.030 2.628 2.930 3.219 3.342 3.434 3.507 3.461 3.155 3.176 
7.000 11.180 1.433 2.028 2.626 2.928 3.217 3.340 3.432 3.505 3.459 3.152 3.173 
7.000 11.820 1.425 2.020 2.619 2.922 3.211 3.335 3.426 3.497 3.451 3.142 3.164 
7.000 12.770 1.417 2.012 2.612 2.916 3.205 3.329 3.419 3.490 3.444 3.132 3.154 
7.000 14.140 1.408 2.003 2.605 2.909 3.199 3.323 3.412 3.482 3.436 3.121 3.144 
7.000 16.080 1.319 1.913 2.515 2.817 3.105 3.229 3.320 3.388 3.343 3.041 3.043 
7.000 18.740 1.217 1.810 2.410 2.710 2.996 3.120 3.212 3.280 3.235 2.949 2.927 
7.000 22.320 1.152 1.705 2.305 2.602 2.886 3.009 3.104 3.171 3.126 2.857 2.810 
7.000 27.040 1.073 1.595 2.190 2.482 2.763 2.887 2.985 3.051 3.006 2.754 2.689 
7.000 33.160 0.981 1.477 2.064 2.348 2.628 2.754 2.858 2.922 2.876 2.644 2.564 
7.000 41.050 0.883 1.358 1.937 2.212 2.491 2.620 2.730 2.792 2.744 2.533 2.437 
7.000 51.110 0.784 1.239 1.809 2.077 2.353 2.487 2.602 2.661 2.611 2.420 2.311 
7.000 63.890 0.693 1.131 1.694 1.959 2.230 2.365 2.481 2.537 2.480 2.310 2.201 
7.000 80.060 0.598 1.019 1.576 1.837 2.104 2.240 2.356 2.409 2.345 2.196 2.088 
7.000 100.500 0.497 0.904 1.454 1.712 1.973 2.111 2.228 2.277 2.206 2.078 1.971 
7.000 126.290 0.424 0.815 1.367 1.627 1.876 2.005 2.113 2.151 2.067 1.954 1.876 
7.000 158.810 0.350 0.729 1.286 1.550 1.784 1.902 1.995 2.020 1.920 1.821 1.780 
7.000 199.780 0.277 0.642 1.205 1.472 1.692 1.798 1.878 1.888 1.773 1.688 1.685 
7.000 251.390 0.200 0.551 1.122 1.390 1.592 1.681 1.745 1.739 1.608 1.538 1.579 
7.000 316.390 0.114 0.452 1.035 1.298 1.474 1.539 1.583 1.555 1.410 1.356 1.453 
7.000 398.240 0.029 0.352 0.948 1.205 1.357 1.398 1.422 1.371 1.212 1.174 1.327 
7.000 501.290 -0.058 0.253 0.861 1.113 1.239 1.256 1.260 1.187 1.014 0.993 1.200 
7.000 631.040 -0.139 0.159 0.789 1.050 1.180 1.197 1.200 1.124 0.944 0.923 1.104 
7.000 794.390 -0.220 0.066 0.718 0.989 1.123 1.141 1.146 1.067 0.881 0.858 1.010 
7.250 10.050 1.627 2.180 2.735 3.019 3.298 3.415 3.502 3.575 3.527 3.203 3.258 
7.250 10.080 1.627 2.180 2.735 3.019 3.298 3.414 3.502 3.574 3.527 3.202 3.258 
7.250 10.120 1.627 2.180 2.735 3.018 3.298 3.414 3.502 3.574 3.526 3.202 3.258 
7.250 10.200 1.626 2.179 2.734 3.018 3.297 3.414 3.501 3.574 3.526 3.202 3.257 
7.250 10.310 1.626 2.179 2.734 3.017 3.297 3.413 3.501 3.573 3.526 3.201 3.257 
7.250 10.490 1.625 2.178 2.733 3.017 3.296 3.413 3.500 3.572 3.525 3.200 3.256 
7.250 10.760 1.624 2.177 2.732 3.016 3.296 3.412 3.499 3.572 3.524 3.198 3.255 
7.250 11.180 1.622 2.175 2.731 3.015 3.294 3.410 3.498 3.570 3.522 3.195 3.252 
7.250 11.820 1.617 2.170 2.727 3.012 3.291 3.408 3.495 3.565 3.517 3.187 3.246 
7.250 12.770 1.611 2.164 2.722 3.008 3.288 3.405 3.491 3.561 3.512 3.178 3.240 
7.250 14.140 1.605 2.158 2.718 3.004 3.285 3.401 3.487 3.556 3.506 3.169 3.233 
7.250 16.080 1.542 2.095 2.655 2.940 3.219 3.336 3.423 3.490 3.441 3.114 3.162 
7.250 18.740 1.468 2.021 2.581 2.865 3.143 3.260 3.348 3.413 3.366 3.051 3.081 
7.250 22.320 1.393 1.946 2.507 2.789 3.066 3.182 3.272 3.336 3.290 2.987 2.999 
7.250 27.040 1.319 1.842 2.400 2.677 2.953 3.069 3.161 3.225 3.178 2.894 2.887 
7.250 33.160 1.215 1.706 2.258 2.528 2.800 2.917 3.012 3.076 3.027 2.768 2.742 
7.250 41.050 1.100 1.568 2.114 2.376 2.647 2.766 2.865 2.928 2.877 2.644 2.598 
7.250 51.110 0.981 1.431 1.971 2.225 2.495 2.617 2.721 2.781 2.728 2.520 2.455 
7.250 63.890 0.880 1.315 1.847 2.097 2.363 2.487 2.591 2.650 2.591 2.406 2.338 
7.250 80.060 0.774 1.195 1.720 1.965 2.227 2.353 2.459 2.515 2.450 2.288 2.218 
7.250 100.500 0.663 1.072 1.589 1.829 2.087 2.215 2.322 2.376 2.305 2.166 2.094 
7.250 126.290 0.585 0.981 1.497 1.736 1.984 2.109 2.210 2.253 2.169 2.048 1.997 
7.250 158.810 0.511 0.896 1.413 1.653 1.887 2.003 2.094 2.125 2.027 1.919 1.902 
7.250 199.780 0.437 0.810 1.328 1.570 1.789 1.898 1.978 1.997 1.884 1.791 1.807 
7.250 251.390 0.358 0.721 1.243 1.482 1.683 1.780 1.848 1.851 1.724 1.646 1.702 
7.250 316.390 0.270 0.623 1.154 1.388 1.563 1.638 1.688 1.670 1.529 1.469 1.577 
7.250 398.240 0.184 0.525 1.065 1.293 1.443 1.497 1.529 1.489 1.335 1.291 1.452 
7.250 501.290 0.095 0.427 0.977 1.198 1.322 1.355 1.369 1.309 1.140 1.114 1.327 
7.250 631.040 0.018 0.340 0.909 1.138 1.266 1.299 1.314 1.250 1.075 1.049 1.235 
7.250 794.390 -0.058 0.253 0.843 1.079 1.212 1.248 1.263 1.198 1.016 0.988 1.145 
7.500 10.050 1.810 2.326 2.839 3.105 3.375 3.484 3.568 3.639 3.590 3.245 3.336 
7.500 10.080 1.809 2.326 2.839 3.105 3.375 3.484 3.567 3.639 3.590 3.244 3.336 
7.500 10.120 1.809 2.326 2.839 3.105 3.375 3.484 3.567 3.638 3.589 3.244 3.335 
7.500 10.200 1.809 2.325 2.838 3.104 3.374 3.483 3.567 3.638 3.589 3.244 3.335 
7.500 10.310 1.808 2.325 2.838 3.104 3.374 3.483 3.566 3.638 3.589 3.243 3.334 
7.500 10.490 1.808 2.324 2.837 3.103 3.373 3.482 3.566 3.637 3.588 3.243 3.334 
7.500 10.760 1.807 2.323 2.836 3.102 3.372 3.481 3.565 3.636 3.587 3.242 3.333 
7.500 11.180 1.806 2.322 2.835 3.102 3.372 3.481 3.564 3.635 3.586 3.239 3.331 
7.500 11.820 1.803 2.319 2.834 3.101 3.372 3.481 3.564 3.633 3.583 3.232 3.329 
7.500 12.770 1.800 2.316 2.832 3.100 3.372 3.481 3.563 3.631 3.580 3.224 3.326 
7.500 14.140 1.797 2.313 2.830 3.099 3.371 3.480 3.563 3.629 3.576 3.217 3.322 
7.500 16.080 1.759 2.276 2.794 3.062 3.334 3.443 3.526 3.591 3.539 3.187 3.282 
7.500 18.740 1.716 2.232 2.752 3.019 3.290 3.400 3.483 3.547 3.496 3.153 3.235 
7.500 22.320 1.671 2.187 2.709 2.975 3.246 3.355 3.439 3.501 3.453 3.118 3.187 
7.500 27.040 1.574 2.090 2.611 2.873 3.143 3.251 3.337 3.398 3.349 3.033 3.084 
7.500 33.160 1.430 1.935 2.452 2.707 2.974 3.083 3.170 3.232 3.181 2.896 2.922 
7.500 41.050 1.307 1.778 2.292 2.540 2.804 2.913 3.002 3.065 3.012 2.756 2.759 
7.500 51.110 1.173 1.623 2.132 2.374 2.637 2.748 2.839 2.901 2.845 2.620 2.599 
7.500 63.890 1.062 1.499 2.000 2.235 2.495 2.608 2.702 2.763 2.702 2.502 2.475 
7.500 80.060 0.947 1.371 1.864 2.092 2.350 2.466 2.561 2.621 2.555 2.380 2.348 
7.500 100.500 0.825 1.239 1.724 1.946 2.201 2.319 2.416 2.475 2.404 2.254 2.217 
7.500 126.290 0.742 1.148 1.627 1.846 2.092 2.210 2.303 2.352 2.270 2.138 2.118 
7.500 158.810 0.666 1.063 1.540 1.757 1.989 2.105 2.193 2.231 2.134 2.018 2.024 
7.500 199.780 0.591 0.979 1.452 1.667 1.886 1.998 2.079 2.106 1.995 1.894 1.929 
7.500 251.390 0.511 0.890 1.364 1.575 1.776 1.879 1.950 1.963 1.839 1.754 1.824 
7.500 316.390 0.421 0.794 1.273 1.478 1.652 1.737 1.793 1.785 1.648 1.581 1.700 
7.500 398.240 0.332 0.698 1.183 1.380 1.529 1.596 1.636 1.608 1.457 1.408 1.577 
7.500 501.290 0.244 0.602 1.093 1.282 1.405 1.454 1.479 1.430 1.266 1.236 1.453 
7.500 631.040 0.170 0.521 1.029 1.225 1.352 1.402 1.427 1.377 1.206 1.175 1.366 
7.500 794.390 0.097 0.440 0.967 1.170 1.301 1.354 1.380 1.328 1.152 1.119 1.281 
7.750 10.050 1.944 2.429 2.902 3.155 3.422 3.528 3.614 3.687 3.639 3.280 3.398 
7.750 10.080 1.944 2.428 2.901 3.155 3.421 3.528 3.614 3.686 3.639 3.280 3.398 
7.750 10.120 1.944 2.428 2.901 3.154 3.421 3.527 3.614 3.686 3.638 3.279 3.398 
7.750 10.200 1.943 2.428 2.901 3.154 3.421 3.527 3.613 3.686 3.638 3.279 3.397 
7.750 10.310 1.943 2.427 2.900 3.153 3.420 3.526 3.613 3.685 3.638 3.279 3.397 
7.750 10.490 1.942 2.427 2.900 3.153 3.420 3.526 3.612 3.684 3.637 3.278 3.396 
7.750 10.760 1.941 2.426 2.899 3.152 3.419 3.525 3.611 3.684 3.636 3.277 3.395 
7.750 11.180 1.940 2.425 2.898 3.151 3.418 3.524 3.610 3.682 3.635 3.275 3.394 
7.750 11.820 1.938 2.423 2.896 3.150 3.417 3.523 3.610 3.681 3.633 3.271 3.392 
7.750 12.770 1.936 2.420 2.895 3.149 3.416 3.522 3.609 3.679 3.630 3.267 3.390 
7.750 14.140 1.933 2.418 2.893 3.147 3.415 3.521 3.607 3.677 3.628 3.262 3.387 
7.750 16.080 1.913 2.397 2.874 3.128 3.396 3.503 3.588 3.656 3.607 3.243 3.366 
7.750 18.740 1.889 2.373 2.851 3.105 3.374 3.481 3.566 3.632 3.583 3.221 3.340 
7.750 22.320 1.864 2.348 2.828 3.081 3.351 3.458 3.544 3.607 3.558 3.199 3.315 
7.750 27.040 1.785 2.270 2.751 3.002 3.270 3.377 3.463 3.525 3.477 3.133 3.234 
7.750 33.160 1.650 2.134 2.615 2.861 3.126 3.234 3.321 3.384 3.334 3.019 3.093 
7.750 41.050 1.512 1.996 2.478 2.719 2.982 3.089 3.177 3.240 3.189 2.904 2.950 
7.750 51.110 1.399 1.856 2.337 2.573 2.833 2.940 3.029 3.092 3.039 2.784 2.804 
7.750 63.890 1.265 1.706 2.179 2.409 2.668 2.776 2.866 2.929 2.870 2.643 2.655 
7.750 80.060 1.122 1.553 2.019 2.243 2.500 2.611 2.702 2.764 2.698 2.502 2.503 
7.750 100.500 0.971 1.396 1.854 2.072 2.328 2.442 2.534 2.595 2.522 2.356 2.347 
7.750 126.290 0.879 1.296 1.747 1.961 2.211 2.325 2.415 2.468 2.384 2.239 2.241 
7.750 158.810 0.800 1.212 1.654 1.866 2.106 2.221 2.307 2.349 2.251 2.125 2.146 
7.750 199.780 0.721 1.128 1.561 1.770 2.001 2.115 2.197 2.228 2.118 2.010 2.051 
7.750 251.390 0.637 1.040 1.469 1.673 1.889 1.995 2.068 2.087 1.964 1.874 1.946 
7.750 316.390 0.547 0.944 1.376 1.571 1.764 1.853 1.912 1.910 1.775 1.703 1.822 
7.750 398.240 0.455 0.848 1.283 1.470 1.638 1.710 1.755 1.734 1.585 1.533 1.699 
7.750 501.290 0.364 0.752 1.190 1.368 1.513 1.568 1.599 1.557 1.395 1.362 1.575 
7.750 631.040 0.293 0.677 1.129 1.314 1.463 1.520 1.552 1.508 1.340 1.306 1.493 
7.750 794.390 0.223 0.602 1.070 1.262 1.417 1.476 1.509 1.464 1.290 1.255 1.412 
8.000 10.050 2.073 2.531 2.964 3.204 3.468 3.571 3.661 3.734 3.688 3.316 3.461 
8.000 10.080 2.073 2.531 2.964 3.204 3.468 3.571 3.661 3.734 3.688 3.315 3.461 
8.000 10.120 2.073 2.531 2.964 3.204 3.468 3.571 3.660 3.733 3.687 3.315 3.460 
8.000 10.200 2.073 2.530 2.963 3.203 3.467 3.570 3.660 3.733 3.687 3.315 3.460 
8.000 10.310 2.072 2.530 2.963 3.203 3.467 3.570 3.659 3.733 3.687 3.314 3.459 
8.000 10.490 2.071 2.529 2.962 3.202 3.466 3.569 3.659 3.732 3.686 3.314 3.459 
8.000 10.760 2.070 2.528 2.961 3.201 3.465 3.568 3.658 3.731 3.685 3.313 3.458 
8.000 11.180 2.069 2.527 2.960 3.200 3.464 3.567 3.657 3.730 3.684 3.312 3.457 
8.000 11.820 2.068 2.526 2.959 3.199 3.463 3.566 3.655 3.729 3.683 3.310 3.455 
8.000 12.770 2.067 2.524 2.957 3.197 3.461 3.564 3.654 3.727 3.681 3.309 3.454 
8.000 14.140 2.064 2.522 2.955 3.195 3.459 3.562 3.652 3.725 3.679 3.307 3.452 
8.000 16.080 2.061 2.519 2.953 3.194 3.458 3.562 3.651 3.721 3.675 3.299 3.450 
8.000 18.740 2.056 2.514 2.950 3.191 3.457 3.562 3.650 3.717 3.670 3.290 3.447 
8.000 22.320 2.051 2.509 2.946 3.188 3.455 3.561 3.648 3.712 3.664 3.281 3.443 
8.000 27.040 1.992 2.450 2.890 3.131 3.397 3.503 3.590 3.653 3.604 3.233 3.383 
8.000 33.160 1.875 2.333 2.778 3.015 3.279 3.385 3.472 3.535 3.486 3.143 3.263 
8.000 41.050 1.757 2.215 2.664 2.898 3.159 3.264 3.352 3.415 3.366 3.052 3.140 
8.000 51.110 1.631 2.089 2.541 2.772 3.030 3.136 3.224 3.287 3.237 2.951 3.011 
8.000 63.890 1.467 1.913 2.359 2.584 2.841 2.946 3.033 3.097 3.039 2.787 2.835 
8.000 80.060 1.295 1.735 2.173 2.393 2.650 2.756 2.843 2.907 2.841 2.623 2.658 
8.000 100.500 1.116 1.552 1.984 2.198 2.456 2.564 2.652 2.715 2.641 2.457 2.477 
8.000 126.290 1.014 1.445 1.866 2.076 2.330 2.440 2.527 2.583 2.498 2.339 2.363 
8.000 158.810 0.932 1.361 1.768 1.975 2.223 2.335 2.419 2.466 2.368 2.231 2.268 
8.000 199.780 0.847 1.277 1.671 1.873 2.116 2.230 2.311 2.349 2.239 2.123 2.173 
8.000 251.390 0.762 1.189 1.574 1.771 2.002 2.111 2.187 2.211 2.090 1.994 2.068 
8.000 316.390 0.667 1.094 1.478 1.665 1.875 1.968 2.031 2.035 1.901 1.826 1.944 
8.000 398.240 0.574 0.998 1.382 1.560 1.748 1.825 1.875 1.859 1.713 1.658 1.821 
8.000 501.290 0.480 0.903 1.286 1.455 1.621 1.682 1.718 1.683 1.524 1.489 1.697 
8.000 631.040 0.411 0.832 1.229 1.403 1.575 1.638 1.676 1.639 1.474 1.438 1.619 
8.000 794.390 0.343 0.763 1.174 1.354 1.532 1.598 1.638 1.600 1.429 1.391 1.543 
