CanadaSHM5_AA13_stablecrust_central , distance is rhypo. Log10 ground motion values in cgs units
          15 30 11 : nmag, ndist, nperiod
          10.000 5.000 2.000 1.000 0.500 0.300 0.200 0.100 0.050 PGA PGV 
          0.620 0.620 0.620 0.620 0.580 0.540 0.530 0.530 0.530 0.530 0.620
4.500 10.050 -2.000 -0.701 0.391 1.104 1.768 2.109 2.384 2.629 2.606 2.254 1.717 
4.500 10.080 -2.009 -0.710 0.381 1.094 1.758 2.099 2.374 2.617 2.593 2.246 1.705 
4.500 10.120 -2.015 -0.718 0.372 1.084 1.747 2.089 2.363 2.605 2.579 2.238 1.692 
4.500 10.200 -2.013 -0.727 0.362 1.074 1.737 2.079 2.353 2.593 2.566 2.229 1.680 
4.500 10.310 -2.023 -0.748 0.339 1.051 1.713 2.056 2.329 2.567 2.538 2.208 1.653 
4.500 10.490 -2.023 -0.775 0.308 1.019 1.682 2.026 2.298 2.531 2.501 2.179 1.616 
4.500 10.760 -2.026 -0.802 0.277 0.987 1.650 1.996 2.267 2.496 2.464 2.150 1.579 
4.500 11.180 -2.035 -0.836 0.239 0.948 1.612 1.959 2.229 2.454 2.419 2.114 1.534 
4.500 11.820 -2.057 -0.892 0.178 0.886 1.551 1.901 2.169 2.389 2.350 2.054 1.465 
4.500 12.770 -2.075 -0.947 0.117 0.825 1.490 1.840 2.107 2.322 2.279 1.992 1.394 
4.500 14.140 -2.093 -1.003 0.056 0.763 1.428 1.780 2.045 2.255 2.208 1.929 1.324 
4.500 16.080 -2.142 -1.093 -0.040 0.666 1.331 1.683 1.944 2.147 2.093 1.825 1.214 
4.500 18.740 -2.196 -1.187 -0.141 0.563 1.227 1.580 1.838 2.034 1.971 1.714 1.098 
4.500 22.320 -2.251 -1.282 -0.242 0.461 1.124 1.477 1.731 1.920 1.848 1.602 0.982 
4.500 27.040 -2.317 -1.391 -0.357 0.344 1.006 1.357 1.607 1.789 1.706 1.472 0.851 
4.500 33.160 -2.399 -1.513 -0.487 0.211 0.870 1.221 1.465 1.638 1.543 1.321 0.701 
4.500 41.050 -2.479 -1.636 -0.616 0.079 0.735 1.084 1.324 1.488 1.380 1.170 0.552 
4.500 51.110 -2.557 -1.756 -0.743 -0.052 0.602 0.949 1.183 1.339 1.218 1.021 0.405 
4.500 63.890 -2.617 -1.855 -0.850 -0.164 0.484 0.828 1.057 1.204 1.070 0.886 0.277 
4.500 80.060 -2.674 -1.953 -0.957 -0.276 0.366 0.707 0.930 1.069 0.923 0.750 0.148 
4.500 100.500 -2.730 -2.052 -1.064 -0.388 0.249 0.586 0.804 0.934 0.775 0.615 0.019 
4.500 126.290 -2.789 -2.151 -1.168 -0.501 0.126 0.455 0.663 0.775 0.601 0.457 -0.118 
4.500 158.810 -2.846 -2.250 -1.272 -0.614 0.002 0.321 0.518 0.606 0.417 0.291 -0.258 
4.500 199.780 -2.903 -2.349 -1.375 -0.727 -0.122 0.187 0.372 0.438 0.233 0.125 -0.397 
4.500 251.390 -2.970 -2.456 -1.485 -0.848 -0.257 0.038 0.209 0.248 0.027 -0.061 -0.550 
4.500 316.390 -3.051 -2.579 -1.606 -0.983 -0.413 -0.141 0.011 0.017 -0.221 -0.287 -0.727 
4.500 398.240 -3.134 -2.703 -1.726 -1.118 -0.570 -0.319 -0.186 -0.213 -0.468 -0.512 -0.904 
4.500 501.290 -3.216 -2.826 -1.847 -1.253 -0.726 -0.497 -0.384 -0.444 -0.715 -0.737 -1.081 
4.500 631.040 -3.379 -3.030 -2.016 -1.402 -0.857 -0.619 -0.503 -0.566 -0.848 -0.870 -1.260 
4.500 794.390 -3.545 -3.237 -2.187 -1.551 -0.986 -0.740 -0.619 -0.684 -0.976 -0.999 -1.439 
4.750 10.050 -1.609 -0.402 0.639 1.309 1.927 2.244 2.497 2.721 2.692 2.342 1.859 
4.750 10.080 -1.617 -0.410 0.631 1.301 1.918 2.236 2.488 2.711 2.681 2.335 1.849 
4.750 10.120 -1.624 -0.417 0.623 1.293 1.909 2.228 2.479 2.700 2.670 2.329 1.839 
4.750 10.200 -1.622 -0.425 0.615 1.284 1.901 2.219 2.471 2.690 2.659 2.322 1.829 
4.750 10.310 -1.630 -0.444 0.593 1.262 1.878 2.198 2.449 2.666 2.633 2.303 1.803 
4.750 10.490 -1.635 -0.470 0.563 1.231 1.848 2.169 2.419 2.632 2.598 2.276 1.768 
4.750 10.760 -1.635 -0.496 0.533 1.201 1.818 2.140 2.389 2.599 2.562 2.249 1.733 
4.750 11.180 -1.644 -0.529 0.496 1.163 1.781 2.105 2.352 2.558 2.520 2.215 1.690 
4.750 11.820 -1.669 -0.584 0.437 1.103 1.722 2.047 2.294 2.495 2.453 2.157 1.622 
4.750 12.770 -1.687 -0.638 0.378 1.043 1.663 1.990 2.235 2.431 2.385 2.099 1.555 
4.750 14.140 -1.706 -0.693 0.319 0.984 1.604 1.933 2.177 2.368 2.318 2.040 1.487 
4.750 16.080 -1.755 -0.780 0.226 0.890 1.509 1.838 2.079 2.264 2.206 1.940 1.381 
4.750 18.740 -1.809 -0.872 0.128 0.790 1.409 1.738 1.976 2.154 2.088 1.832 1.269 
4.750 22.320 -1.863 -0.965 0.030 0.691 1.308 1.638 1.872 2.043 1.969 1.724 1.156 
4.750 27.040 -1.929 -1.070 -0.081 0.577 1.193 1.522 1.752 1.916 1.832 1.599 1.029 
4.750 33.160 -2.010 -1.188 -0.206 0.450 1.063 1.390 1.615 1.771 1.674 1.453 0.885 
4.750 41.050 -2.089 -1.307 -0.331 0.321 0.932 1.258 1.478 1.625 1.516 1.308 0.741 
4.750 51.110 -2.166 -1.423 -0.454 0.195 0.803 1.127 1.343 1.481 1.360 1.164 0.599 
4.750 63.890 -2.224 -1.518 -0.557 0.088 0.689 1.010 1.220 1.351 1.217 1.034 0.476 
4.750 80.060 -2.280 -1.614 -0.659 -0.020 0.576 0.893 1.098 1.221 1.074 0.903 0.352 
4.750 100.500 -2.337 -1.709 -0.762 -0.128 0.462 0.776 0.975 1.091 0.932 0.773 0.228 
4.750 126.290 -2.394 -1.804 -0.862 -0.237 0.344 0.650 0.839 0.937 0.763 0.621 0.097 
4.750 158.810 -2.451 -1.899 -0.961 -0.345 0.225 0.520 0.699 0.774 0.585 0.461 -0.037 
4.750 199.780 -2.508 -1.995 -1.061 -0.453 0.106 0.390 0.558 0.611 0.407 0.301 -0.170 
4.750 251.390 -2.571 -2.098 -1.166 -0.569 -0.025 0.246 0.400 0.427 0.208 0.122 -0.317 
4.750 316.390 -2.653 -2.217 -1.282 -0.699 -0.176 0.073 0.207 0.203 -0.033 -0.097 -0.487 
4.750 398.240 -2.733 -2.336 -1.398 -0.830 -0.328 -0.101 0.015 -0.021 -0.273 -0.315 -0.657 
4.750 501.290 -2.814 -2.455 -1.514 -0.960 -0.479 -0.274 -0.177 -0.245 -0.513 -0.533 -0.828 
4.750 631.040 -2.966 -2.646 -1.671 -1.098 -0.600 -0.388 -0.289 -0.360 -0.638 -0.658 -0.997 
4.750 794.390 -3.121 -2.839 -1.830 -1.236 -0.720 -0.501 -0.397 -0.471 -0.759 -0.780 -1.167 
5.000 10.050 -1.223 -0.104 0.887 1.514 2.086 2.379 2.610 2.812 2.777 2.430 2.001 
5.000 10.080 -1.229 -0.110 0.881 1.508 2.079 2.373 2.603 2.804 2.768 2.425 1.993 
5.000 10.120 -1.235 -0.116 0.874 1.501 2.071 2.366 2.596 2.796 2.760 2.420 1.985 
5.000 10.200 -1.240 -0.122 0.868 1.494 2.065 2.360 2.588 2.787 2.751 2.415 1.978 
5.000 10.310 -1.245 -0.140 0.847 1.473 2.044 2.340 2.568 2.765 2.727 2.397 1.954 
5.000 10.490 -1.254 -0.165 0.819 1.444 2.015 2.312 2.539 2.733 2.694 2.372 1.920 
5.000 10.760 -1.253 -0.190 0.790 1.415 1.985 2.284 2.511 2.701 2.661 2.347 1.886 
5.000 11.180 -1.260 -0.223 0.754 1.378 1.949 2.250 2.475 2.662 2.620 2.315 1.845 
5.000 11.820 -1.287 -0.276 0.697 1.321 1.892 2.194 2.418 2.601 2.555 2.259 1.780 
5.000 12.770 -1.305 -0.329 0.640 1.262 1.835 2.138 2.361 2.539 2.490 2.204 1.714 
5.000 14.140 -1.324 -0.382 0.582 1.204 1.778 2.083 2.304 2.478 2.425 2.148 1.649 
5.000 16.080 -1.374 -0.467 0.492 1.113 1.687 1.994 2.214 2.380 2.320 2.054 1.547 
5.000 18.740 -1.428 -0.557 0.397 1.017 1.590 1.897 2.114 2.274 2.205 1.950 1.439 
5.000 22.320 -1.481 -0.647 0.302 0.920 1.492 1.799 2.013 2.167 2.090 1.847 1.330 
5.000 27.040 -1.548 -0.749 0.194 0.811 1.381 1.687 1.898 2.044 1.957 1.725 1.207 
5.000 33.160 -1.626 -0.863 0.074 0.688 1.254 1.559 1.765 1.903 1.804 1.585 1.068 
5.000 41.050 -1.704 -0.978 -0.046 0.564 1.128 1.431 1.632 1.763 1.652 1.445 0.930 
5.000 51.110 -1.783 -1.090 -0.165 0.443 1.004 1.305 1.501 1.624 1.501 1.307 0.793 
5.000 63.890 -1.836 -1.182 -0.263 0.339 0.894 1.192 1.383 1.498 1.363 1.182 0.675 
5.000 80.060 -1.891 -1.274 -0.362 0.235 0.785 1.080 1.265 1.373 1.226 1.057 0.556 
5.000 100.500 -1.949 -1.366 -0.460 0.132 0.676 0.967 1.147 1.247 1.089 0.932 0.437 
5.000 126.290 -2.004 -1.458 -0.556 0.028 0.563 0.845 1.015 1.099 0.926 0.786 0.312 
5.000 158.810 -2.059 -1.549 -0.651 -0.076 0.448 0.719 0.880 0.942 0.754 0.632 0.184 
5.000 199.780 -2.115 -1.641 -0.746 -0.179 0.333 0.594 0.744 0.784 0.581 0.478 0.056 
5.000 251.390 -2.181 -1.740 -0.847 -0.290 0.208 0.454 0.591 0.606 0.389 0.305 -0.083 
5.000 316.390 -2.259 -1.855 -0.958 -0.416 0.061 0.285 0.404 0.388 0.155 0.094 -0.247 
5.000 398.240 -2.337 -1.969 -1.070 -0.541 -0.085 0.117 0.217 0.171 -0.078 -0.118 -0.411 
5.000 501.290 -2.418 -2.084 -1.181 -0.667 -0.232 -0.051 0.030 -0.047 -0.311 -0.329 -0.574 
5.000 631.040 -2.559 -2.262 -1.326 -0.794 -0.344 -0.158 -0.074 -0.155 -0.429 -0.447 -0.735 
5.000 794.390 -2.703 -2.442 -1.473 -0.921 -0.455 -0.261 -0.175 -0.258 -0.542 -0.561 -0.895 
5.250 10.050 -0.873 0.162 1.105 1.690 2.221 2.494 2.703 2.884 2.844 2.499 2.125 
5.250 10.080 -0.876 0.158 1.101 1.687 2.217 2.490 2.699 2.880 2.839 2.497 2.121 
5.250 10.120 -0.879 0.155 1.098 1.683 2.214 2.487 2.696 2.875 2.835 2.494 2.116 
5.250 10.200 -0.882 0.152 1.095 1.680 2.210 2.483 2.692 2.871 2.830 2.491 2.112 
5.250 10.310 -0.895 0.136 1.076 1.661 2.191 2.465 2.673 2.851 2.809 2.476 2.091 
5.250 10.490 -0.907 0.111 1.048 1.633 2.163 2.438 2.645 2.820 2.776 2.453 2.058 
5.250 10.760 -0.908 0.086 1.021 1.604 2.135 2.410 2.617 2.789 2.744 2.430 2.025 
5.250 11.180 -0.914 0.054 0.986 1.569 2.100 2.377 2.582 2.751 2.704 2.400 1.985 
5.250 11.820 -0.941 0.003 0.931 1.514 2.044 2.323 2.527 2.692 2.642 2.347 1.922 
5.250 12.770 -0.959 -0.049 0.876 1.458 1.989 2.269 2.472 2.633 2.580 2.295 1.859 
5.250 14.140 -0.978 -0.100 0.820 1.402 1.933 2.215 2.417 2.573 2.517 2.242 1.796 
5.250 16.080 -1.028 -0.183 0.733 1.313 1.845 2.129 2.330 2.479 2.415 2.151 1.698 
5.250 18.740 -1.081 -0.270 0.641 1.220 1.752 2.037 2.237 2.378 2.306 2.055 1.594 
5.250 22.320 -1.134 -0.358 0.549 1.127 1.657 1.943 2.139 2.275 2.195 1.955 1.488 
5.250 27.040 -1.199 -0.456 0.445 1.021 1.549 1.834 2.027 2.156 2.066 1.838 1.370 
5.250 33.160 -1.276 -0.567 0.329 0.902 1.428 1.710 1.899 2.021 1.919 1.704 1.236 
5.250 41.050 -1.352 -0.678 0.212 0.783 1.306 1.586 1.771 1.885 1.772 1.569 1.103 
5.250 51.110 -1.428 -0.787 0.098 0.665 1.185 1.464 1.644 1.751 1.626 1.436 0.972 
5.250 63.890 -1.484 -0.875 0.004 0.566 1.080 1.355 1.530 1.630 1.493 1.316 0.858 
5.250 80.060 -1.540 -0.964 -0.091 0.466 0.975 1.246 1.416 1.509 1.360 1.195 0.744 
5.250 100.500 -1.596 -1.053 -0.186 0.366 0.870 1.137 1.302 1.388 1.228 1.075 0.630 
5.250 126.290 -1.650 -1.141 -0.277 0.267 0.761 1.020 1.175 1.244 1.071 0.935 0.511 
5.250 158.810 -1.705 -1.228 -0.368 0.168 0.651 0.899 1.044 1.093 0.905 0.787 0.389 
5.250 199.780 -1.760 -1.316 -0.459 0.068 0.540 0.778 0.913 0.941 0.739 0.640 0.267 
5.250 251.390 -1.822 -1.411 -0.555 -0.038 0.419 0.643 0.764 0.769 0.553 0.473 0.133 
5.250 316.390 -1.900 -1.522 -0.661 -0.158 0.278 0.479 0.583 0.557 0.326 0.268 -0.024 
5.250 398.240 -1.977 -1.633 -0.768 -0.279 0.136 0.316 0.401 0.346 0.101 0.064 -0.181 
5.250 501.290 -2.056 -1.743 -0.875 -0.399 -0.005 0.152 0.220 0.135 -0.126 -0.140 -0.338 
5.250 631.040 -2.188 -1.908 -1.009 -0.517 -0.109 0.053 0.123 0.034 -0.237 -0.251 -0.490 
5.250 794.390 -2.324 -2.076 -1.144 -0.634 -0.212 -0.043 0.029 -0.063 -0.343 -0.358 -0.642 
5.500 10.050 -0.528 0.427 1.322 1.866 2.357 2.608 2.796 2.956 2.910 2.569 2.248 
5.500 10.080 -0.528 0.427 1.322 1.866 2.356 2.607 2.796 2.956 2.910 2.569 2.248 
5.500 10.120 -0.528 0.427 1.322 1.866 2.356 2.607 2.796 2.956 2.910 2.568 2.248 
5.500 10.200 -0.529 0.426 1.321 1.865 2.356 2.607 2.795 2.955 2.909 2.568 2.247 
5.500 10.310 -0.544 0.411 1.305 1.848 2.339 2.590 2.778 2.936 2.890 2.555 2.228 
5.500 10.490 -0.563 0.386 1.278 1.821 2.311 2.563 2.751 2.906 2.858 2.534 2.196 
5.500 10.760 -0.574 0.362 1.252 1.794 2.284 2.537 2.723 2.876 2.826 2.513 2.164 
5.500 11.180 -0.576 0.331 1.218 1.760 2.250 2.504 2.690 2.840 2.788 2.485 2.126 
5.500 11.820 -0.601 0.282 1.165 1.707 2.197 2.452 2.637 2.783 2.728 2.435 2.065 
5.500 12.770 -0.621 0.232 1.111 1.653 2.143 2.399 2.584 2.726 2.669 2.385 2.004 
5.500 14.140 -0.639 0.182 1.058 1.599 2.089 2.347 2.531 2.669 2.609 2.336 1.943 
5.500 16.080 -0.688 0.102 0.974 1.514 2.003 2.264 2.446 2.577 2.510 2.249 1.848 
5.500 18.740 -0.740 0.017 0.885 1.423 1.913 2.175 2.355 2.480 2.405 2.156 1.748 
5.500 22.320 -0.794 -0.069 0.796 1.333 1.822 2.085 2.265 2.383 2.299 2.063 1.647 
5.500 27.040 -0.856 -0.164 0.695 1.230 1.718 1.981 2.157 2.269 2.176 1.952 1.533 
5.500 33.160 -0.932 -0.271 0.583 1.115 1.601 1.861 2.033 2.138 2.034 1.822 1.405 
5.500 41.050 -1.007 -0.378 0.471 1.001 1.483 1.741 1.909 2.008 1.892 1.693 1.276 
5.500 51.110 -1.081 -0.483 0.361 0.888 1.367 1.623 1.786 1.879 1.751 1.565 1.150 
5.500 63.890 -1.136 -0.569 0.270 0.792 1.266 1.518 1.677 1.762 1.623 1.450 1.041 
5.500 80.060 -1.191 -0.654 0.179 0.697 1.165 1.413 1.567 1.645 1.495 1.334 0.933 
5.500 100.500 -1.246 -0.740 0.089 0.601 1.064 1.308 1.457 1.528 1.367 1.219 0.824 
5.500 126.290 -1.300 -0.824 0.001 0.506 0.959 1.194 1.335 1.390 1.216 1.085 0.709 
5.500 158.810 -1.355 -0.908 -0.085 0.411 0.853 1.078 1.208 1.244 1.056 0.943 0.593 
5.500 199.780 -1.408 -0.992 -0.171 0.316 0.747 0.962 1.082 1.098 0.896 0.801 0.477 
5.500 251.390 -1.468 -1.083 -0.262 0.214 0.631 0.831 0.938 0.932 0.716 0.641 0.349 
5.500 316.390 -1.546 -1.190 -0.365 0.099 0.495 0.673 0.762 0.726 0.497 0.443 0.199 
5.500 398.240 -1.623 -1.296 -0.467 -0.016 0.358 0.514 0.586 0.522 0.279 0.246 0.048 
5.500 501.290 -1.699 -1.403 -0.569 -0.131 0.222 0.356 0.409 0.316 0.059 0.048 -0.102 
5.500 631.040 -1.823 -1.556 -0.692 -0.239 0.126 0.264 0.319 0.222 -0.044 -0.055 -0.245 
5.500 794.390 -1.948 -1.710 -0.815 -0.347 0.032 0.175 0.233 0.133 -0.144 -0.155 -0.388 
5.750 10.050 -0.221 0.662 1.510 2.018 2.474 2.707 2.879 3.019 2.970 2.630 2.358 
5.750 10.080 -0.221 0.662 1.510 2.018 2.474 2.707 2.878 3.019 2.969 2.630 2.358 
5.750 10.120 -0.221 0.662 1.510 2.018 2.474 2.707 2.878 3.019 2.969 2.630 2.358 
5.750 10.200 -0.221 0.662 1.509 2.018 2.474 2.707 2.878 3.019 2.969 2.630 2.358 
5.750 10.310 -0.233 0.650 1.497 2.005 2.461 2.694 2.865 3.004 2.954 2.620 2.343 
5.750 10.490 -0.252 0.631 1.476 1.984 2.440 2.673 2.844 2.981 2.929 2.605 2.318 
5.750 10.760 -0.265 0.612 1.456 1.963 2.419 2.652 2.822 2.958 2.905 2.589 2.294 
5.750 11.180 -0.271 0.586 1.428 1.934 2.390 2.624 2.794 2.926 2.872 2.566 2.261 
5.750 11.820 -0.292 0.537 1.375 1.881 2.337 2.572 2.742 2.871 2.815 2.519 2.201 
5.750 12.770 -0.315 0.487 1.322 1.828 2.284 2.520 2.689 2.815 2.757 2.472 2.142 
5.750 14.140 -0.331 0.438 1.270 1.775 2.231 2.469 2.637 2.760 2.699 2.424 2.082 
5.750 16.080 -0.381 0.358 1.187 1.691 2.146 2.386 2.553 2.670 2.602 2.340 1.989 
5.750 18.740 -0.434 0.274 1.099 1.602 2.057 2.298 2.463 2.574 2.498 2.249 1.890 
5.750 22.320 -0.487 0.189 1.011 1.512 1.967 2.209 2.374 2.478 2.394 2.159 1.791 
5.750 27.040 -0.552 0.095 0.913 1.412 1.866 2.110 2.272 2.369 2.275 2.053 1.680 
5.750 33.160 -0.628 -0.010 0.803 1.300 1.751 1.992 2.151 2.242 2.136 1.927 1.555 
5.750 41.050 -0.705 -0.115 0.693 1.187 1.636 1.874 2.029 2.114 1.998 1.802 1.430 
5.750 51.110 -0.779 -0.218 0.586 1.077 1.523 1.758 1.909 1.988 1.860 1.677 1.307 
5.750 63.890 -0.835 -0.302 0.497 0.984 1.424 1.656 1.802 1.874 1.735 1.565 1.201 
5.750 80.060 -0.891 -0.386 0.409 0.891 1.325 1.553 1.694 1.760 1.610 1.453 1.096 
5.750 100.500 -0.947 -0.470 0.320 0.798 1.227 1.450 1.587 1.646 1.485 1.340 0.990 
5.750 126.290 -1.001 -0.552 0.236 0.706 1.125 1.340 1.468 1.512 1.339 1.211 0.880 
5.750 158.810 -1.056 -0.634 0.153 0.614 1.022 1.227 1.345 1.370 1.184 1.074 0.768 
5.750 199.780 -1.109 -0.715 0.069 0.522 0.920 1.114 1.222 1.228 1.029 0.937 0.657 
5.750 251.390 -1.172 -0.804 -0.019 0.424 0.807 0.986 1.083 1.067 0.854 0.782 0.534 
5.750 316.390 -1.249 -0.908 -0.118 0.312 0.674 0.832 0.910 0.867 0.641 0.590 0.389 
5.750 398.240 -1.324 -1.011 -0.217 0.201 0.541 0.677 0.737 0.667 0.427 0.398 0.244 
5.750 501.290 -1.401 -1.114 -0.315 0.089 0.408 0.522 0.565 0.467 0.214 0.207 0.099 
5.750 631.040 -1.516 -1.257 -0.429 -0.011 0.319 0.436 0.480 0.378 0.115 0.109 -0.037 
5.750 794.390 -1.633 -1.401 -0.544 -0.111 0.232 0.354 0.400 0.294 0.022 0.015 -0.172 
6.000 10.050 0.083 0.897 1.697 2.170 2.593 2.806 2.961 3.082 3.029 2.692 2.468 
6.000 10.080 0.083 0.897 1.697 2.170 2.593 2.806 2.961 3.082 3.029 2.692 2.468 
6.000 10.120 0.083 0.897 1.697 2.170 2.593 2.806 2.961 3.082 3.029 2.692 2.468 
6.000 10.200 0.083 0.897 1.697 2.170 2.593 2.806 2.961 3.082 3.029 2.692 2.468 
6.000 10.310 0.075 0.889 1.688 2.161 2.583 2.797 2.952 3.072 3.018 2.686 2.458 
6.000 10.490 0.062 0.876 1.674 2.146 2.568 2.782 2.937 3.055 3.001 2.676 2.441 
6.000 10.760 0.048 0.862 1.660 2.132 2.553 2.768 2.921 3.039 2.983 2.666 2.424 
6.000 11.180 0.030 0.840 1.637 2.108 2.530 2.744 2.897 3.013 2.956 2.648 2.397 
6.000 11.820 0.005 0.792 1.585 2.056 2.477 2.693 2.846 2.959 2.901 2.603 2.338 
6.000 12.770 -0.013 0.743 1.533 2.004 2.425 2.641 2.795 2.905 2.845 2.558 2.280 
6.000 14.140 -0.032 0.694 1.482 1.952 2.373 2.590 2.743 2.851 2.789 2.513 2.221 
6.000 16.080 -0.081 0.615 1.400 1.869 2.289 2.508 2.660 2.762 2.693 2.431 2.129 
6.000 18.740 -0.135 0.531 1.313 1.780 2.201 2.421 2.571 2.667 2.591 2.343 2.032 
6.000 22.320 -0.190 0.447 1.226 1.692 2.112 2.334 2.483 2.573 2.489 2.254 1.934 
6.000 27.040 -0.254 0.354 1.130 1.594 2.013 2.235 2.382 2.466 2.372 2.151 1.826 
6.000 33.160 -0.331 0.251 1.023 1.484 1.902 2.124 2.268 2.345 2.239 2.033 1.706 
6.000 41.050 -0.408 0.148 0.916 1.374 1.789 2.008 2.149 2.220 2.104 1.911 1.584 
6.000 51.110 -0.482 0.047 0.811 1.266 1.678 1.894 2.032 2.097 1.970 1.790 1.464 
6.000 63.890 -0.538 -0.035 0.725 1.176 1.582 1.794 1.927 1.986 1.848 1.680 1.361 
6.000 80.060 -0.595 -0.118 0.638 1.085 1.485 1.694 1.822 1.875 1.726 1.571 1.258 
6.000 100.500 -0.651 -0.200 0.552 0.995 1.389 1.593 1.717 1.764 1.604 1.462 1.156 
6.000 126.290 -0.708 -0.280 0.470 0.906 1.291 1.486 1.601 1.634 1.462 1.337 1.050 
6.000 158.810 -0.761 -0.359 0.390 0.817 1.191 1.376 1.482 1.497 1.311 1.205 0.943 
6.000 199.780 -0.817 -0.439 0.309 0.729 1.092 1.266 1.363 1.359 1.161 1.074 0.837 
6.000 251.390 -0.879 -0.525 0.224 0.634 0.983 1.142 1.227 1.202 0.991 0.923 0.719 
6.000 316.390 -0.954 -0.625 0.129 0.525 0.853 0.991 1.058 1.007 0.784 0.737 0.579 
6.000 398.240 -1.030 -0.726 0.033 0.417 0.724 0.839 0.889 0.812 0.576 0.551 0.439 
6.000 501.290 -1.106 -0.826 -0.062 0.309 0.595 0.688 0.720 0.617 0.368 0.365 0.300 
6.000 631.040 -1.214 -0.958 -0.167 0.217 0.512 0.609 0.641 0.534 0.276 0.273 0.171 
6.000 794.390 -1.323 -1.091 -0.272 0.125 0.432 0.532 0.566 0.455 0.188 0.185 0.043 
6.250 10.050 0.352 1.106 1.858 2.300 2.697 2.894 3.037 3.141 3.085 2.751 2.571 
6.250 10.080 0.352 1.106 1.858 2.300 2.697 2.894 3.037 3.141 3.085 2.751 2.571 
6.250 10.120 0.352 1.106 1.858 2.300 2.697 2.894 3.037 3.141 3.085 2.751 2.571 
6.250 10.200 0.352 1.106 1.858 2.300 2.697 2.894 3.037 3.141 3.085 2.751 2.571 
6.250 10.310 0.348 1.102 1.854 2.295 2.692 2.890 3.032 3.136 3.079 2.748 2.565 
6.250 10.490 0.342 1.095 1.847 2.288 2.684 2.882 3.024 3.128 3.071 2.743 2.557 
6.250 10.760 0.335 1.089 1.840 2.280 2.677 2.874 3.016 3.119 3.062 2.738 2.548 
6.250 11.180 0.319 1.073 1.823 2.263 2.659 2.857 2.998 3.101 3.042 2.724 2.529 
6.250 11.820 0.273 1.027 1.774 2.215 2.610 2.808 2.950 3.050 2.990 2.685 2.474 
6.250 12.770 0.256 0.981 1.726 2.166 2.561 2.760 2.901 2.999 2.938 2.646 2.419 
6.250 14.140 0.240 0.935 1.678 2.118 2.512 2.712 2.853 2.948 2.886 2.607 2.365 
6.250 16.080 0.193 0.854 1.595 2.034 2.428 2.628 2.768 2.859 2.790 2.525 2.272 
6.250 18.740 0.136 0.768 1.506 1.944 2.337 2.539 2.678 2.763 2.687 2.437 2.173 
6.250 22.320 0.078 0.682 1.417 1.854 2.246 2.450 2.587 2.668 2.584 2.348 2.074 
6.250 27.040 0.011 0.588 1.320 1.754 2.146 2.350 2.486 2.560 2.467 2.246 1.965 
6.250 33.160 -0.065 0.484 1.213 1.645 2.035 2.238 2.372 2.440 2.335 2.129 1.845 
6.250 41.050 -0.145 0.380 1.106 1.535 1.923 2.125 2.258 2.318 2.202 2.011 1.725 
6.250 51.110 -0.223 0.279 1.001 1.427 1.812 2.011 2.140 2.195 2.069 1.892 1.606 
6.250 63.890 -0.283 0.196 0.915 1.337 1.716 1.911 2.035 2.085 1.948 1.784 1.504 
6.250 80.060 -0.343 0.113 0.829 1.246 1.620 1.811 1.930 1.974 1.826 1.675 1.402 
6.250 100.500 -0.403 0.030 0.743 1.156 1.524 1.710 1.825 1.864 1.705 1.567 1.301 
6.250 126.290 -0.461 -0.049 0.662 1.068 1.427 1.604 1.711 1.736 1.566 1.445 1.198 
6.250 158.810 -0.518 -0.127 0.584 0.982 1.329 1.496 1.595 1.602 1.419 1.317 1.094 
6.250 199.780 -0.573 -0.205 0.505 0.895 1.232 1.388 1.478 1.467 1.273 1.189 0.991 
6.250 251.390 -0.636 -0.290 0.422 0.802 1.125 1.266 1.344 1.314 1.107 1.042 0.877 
6.250 316.390 -0.713 -0.389 0.328 0.696 0.997 1.117 1.177 1.122 0.903 0.860 0.741 
6.250 398.240 -0.791 -0.488 0.235 0.590 0.870 0.968 1.011 0.931 0.700 0.678 0.605 
6.250 501.290 -0.867 -0.586 0.142 0.484 0.743 0.819 0.844 0.739 0.496 0.496 0.470 
6.250 631.040 -0.969 -0.710 0.045 0.398 0.666 0.744 0.770 0.660 0.408 0.409 0.347 
6.250 794.390 -1.072 -0.835 -0.053 0.314 0.591 0.672 0.700 0.586 0.325 0.326 0.226 
6.500 10.050 0.621 1.315 2.019 2.429 2.801 2.983 3.114 3.202 3.142 2.812 2.674 
6.500 10.080 0.621 1.315 2.019 2.429 2.801 2.983 3.114 3.202 3.142 2.812 2.674 
6.500 10.120 0.621 1.315 2.019 2.429 2.801 2.983 3.114 3.202 3.142 2.812 2.674 
6.500 10.200 0.621 1.315 2.019 2.429 2.801 2.983 3.114 3.202 3.142 2.812 2.674 
6.500 10.310 0.621 1.315 2.019 2.429 2.801 2.983 3.114 3.202 3.142 2.812 2.674 
6.500 10.490 0.621 1.315 2.019 2.429 2.801 2.983 3.114 3.202 3.142 2.812 2.674 
6.500 10.760 0.621 1.315 2.019 2.429 2.801 2.983 3.114 3.202 3.142 2.812 2.674 
6.500 11.180 0.610 1.305 2.009 2.419 2.790 2.972 3.102 3.190 3.130 2.803 2.662 
6.500 11.820 0.567 1.262 1.964 2.374 2.744 2.926 3.056 3.142 3.081 2.769 2.610 
6.500 12.770 0.524 1.219 1.919 2.329 2.698 2.879 3.008 3.094 3.032 2.734 2.559 
6.500 14.140 0.504 1.176 1.874 2.284 2.652 2.833 2.962 3.046 2.983 2.700 2.508 
6.500 16.080 0.456 1.094 1.790 2.198 2.566 2.748 2.876 2.956 2.886 2.620 2.415 
6.500 18.740 0.400 1.006 1.699 2.107 2.473 2.657 2.784 2.859 2.783 2.531 2.314 
6.500 22.320 0.340 0.917 1.608 2.015 2.380 2.565 2.692 2.762 2.679 2.443 2.213 
6.500 27.040 0.271 0.821 1.510 1.915 2.279 2.464 2.589 2.654 2.562 2.342 2.104 
6.500 33.160 0.192 0.717 1.403 1.805 2.167 2.352 2.476 2.534 2.431 2.226 1.985 
6.500 41.050 0.111 0.613 1.296 1.696 2.056 2.240 2.363 2.414 2.299 2.110 1.866 
6.500 51.110 0.030 0.511 1.192 1.588 1.946 2.128 2.249 2.293 2.168 1.994 1.748 
6.500 63.890 -0.032 0.427 1.106 1.498 1.850 2.028 2.144 2.183 2.047 1.887 1.647 
6.500 80.060 -0.097 0.343 1.019 1.407 1.754 1.928 2.039 2.073 1.927 1.780 1.546 
6.500 100.500 -0.158 0.260 0.933 1.317 1.658 1.827 1.934 1.963 1.807 1.673 1.445 
6.500 126.290 -0.219 0.181 0.854 1.231 1.563 1.723 1.822 1.838 1.670 1.553 1.345 
6.500 158.810 -0.275 0.104 0.777 1.146 1.468 1.616 1.707 1.707 1.527 1.428 1.245 
6.500 199.780 -0.333 0.028 0.701 1.062 1.372 1.510 1.592 1.576 1.384 1.304 1.145 
6.500 251.390 -0.399 -0.056 0.619 0.971 1.267 1.390 1.461 1.425 1.222 1.161 1.034 
6.500 316.390 -0.477 -0.153 0.528 0.867 1.141 1.243 1.297 1.237 1.023 0.983 0.903 
6.500 398.240 -0.554 -0.250 0.437 0.763 1.016 1.096 1.133 1.049 0.823 0.805 0.771 
6.500 501.290 -0.633 -0.347 0.346 0.660 0.890 0.949 0.969 0.861 0.624 0.628 0.639 
6.500 631.040 -0.730 -0.462 0.256 0.580 0.819 0.879 0.899 0.787 0.541 0.545 0.523 
6.500 794.390 -0.827 -0.578 0.166 0.502 0.749 0.812 0.834 0.717 0.462 0.467 0.408 
6.750 10.050 0.849 1.492 2.145 2.528 2.881 3.054 3.176 3.254 3.192 2.862 2.766 
6.750 10.080 0.849 1.492 2.145 2.528 2.881 3.054 3.176 3.254 3.192 2.862 2.766 
6.750 10.120 0.849 1.492 2.145 2.528 2.881 3.054 3.176 3.254 3.192 2.862 2.766 
6.750 10.200 0.849 1.492 2.145 2.528 2.881 3.054 3.176 3.254 3.192 2.862 2.766 
6.750 10.310 0.849 1.492 2.145 2.528 2.881 3.054 3.176 3.254 3.192 2.862 2.766 
6.750 10.490 0.849 1.492 2.145 2.528 2.881 3.054 3.176 3.254 3.192 2.862 2.766 
6.750 10.760 0.849 1.492 2.145 2.528 2.881 3.054 3.176 3.254 3.192 2.862 2.766 
6.750 11.180 0.844 1.486 2.139 2.522 2.875 3.048 3.170 3.248 3.185 2.858 2.760 
6.750 11.820 0.820 1.463 2.114 2.497 2.849 3.022 3.144 3.221 3.158 2.839 2.731 
6.750 12.770 0.796 1.439 2.089 2.472 2.823 2.996 3.118 3.194 3.130 2.821 2.703 
6.750 14.140 0.772 1.415 2.065 2.447 2.798 2.970 3.091 3.167 3.102 2.802 2.675 
6.750 16.080 0.700 1.330 1.979 2.360 2.709 2.880 3.000 3.074 3.005 2.722 2.578 
6.750 18.740 0.645 1.236 1.883 2.264 2.610 2.782 2.902 2.973 2.898 2.634 2.472 
6.750 22.320 0.584 1.142 1.787 2.167 2.512 2.685 2.804 2.871 2.791 2.547 2.365 
6.750 27.040 0.508 1.040 1.684 2.062 2.406 2.578 2.697 2.759 2.671 2.445 2.251 
6.750 33.160 0.425 0.932 1.573 1.948 2.290 2.462 2.580 2.636 2.536 2.327 2.128 
6.750 41.050 0.338 0.823 1.462 1.835 2.175 2.346 2.462 2.512 2.401 2.208 2.005 
6.750 51.110 0.251 0.717 1.354 1.723 2.061 2.232 2.346 2.390 2.267 2.092 1.885 
6.750 63.890 0.184 0.630 1.266 1.631 1.964 2.131 2.241 2.279 2.145 1.985 1.783 
6.750 80.060 0.115 0.544 1.178 1.538 1.866 2.028 2.134 2.167 2.023 1.877 1.681 
6.750 100.500 0.047 0.457 1.090 1.446 1.768 1.925 2.027 2.055 1.901 1.768 1.579 
6.750 126.290 -0.015 0.379 1.011 1.361 1.673 1.821 1.916 1.932 1.766 1.651 1.480 
6.750 158.810 -0.073 0.303 0.936 1.278 1.579 1.716 1.803 1.804 1.626 1.529 1.384 
6.750 199.780 -0.134 0.227 0.860 1.196 1.486 1.612 1.690 1.675 1.487 1.408 1.287 
6.750 251.390 -0.200 0.145 0.780 1.107 1.382 1.494 1.561 1.528 1.328 1.269 1.179 
6.750 316.390 -0.280 0.049 0.691 1.005 1.259 1.348 1.399 1.343 1.133 1.095 1.051 
6.750 398.240 -0.358 -0.047 0.602 0.903 1.135 1.203 1.238 1.158 0.937 0.921 0.923 
6.750 501.290 -0.439 -0.143 0.512 0.801 1.012 1.058 1.076 0.973 0.742 0.747 0.794 
6.750 631.040 -0.531 -0.250 0.428 0.727 0.945 0.992 1.011 0.903 0.663 0.669 0.684 
6.750 794.390 -0.623 -0.358 0.344 0.654 0.880 0.929 0.949 0.838 0.589 0.595 0.574 
7.000 10.050 1.074 1.669 2.270 2.626 2.961 3.124 3.239 3.307 3.241 2.913 2.859 
7.000 10.080 1.074 1.669 2.270 2.626 2.961 3.124 3.239 3.307 3.241 2.913 2.859 
7.000 10.120 1.074 1.669 2.270 2.626 2.961 3.124 3.239 3.307 3.241 2.913 2.859 
7.000 10.200 1.074 1.669 2.270 2.626 2.961 3.124 3.239 3.307 3.241 2.913 2.859 
7.000 10.310 1.074 1.669 2.270 2.626 2.961 3.124 3.239 3.307 3.241 2.913 2.859 
7.000 10.490 1.074 1.669 2.270 2.626 2.961 3.124 3.239 3.307 3.241 2.913 2.859 
7.000 10.760 1.074 1.669 2.270 2.626 2.961 3.124 3.239 3.307 3.241 2.913 2.859 
7.000 11.180 1.073 1.668 2.269 2.625 2.960 3.123 3.238 3.306 3.240 2.912 2.858 
7.000 11.820 1.068 1.663 2.264 2.620 2.955 3.118 3.232 3.300 3.234 2.910 2.852 
7.000 12.770 1.064 1.659 2.260 2.616 2.949 3.113 3.227 3.295 3.228 2.907 2.847 
7.000 14.140 1.059 1.654 2.255 2.611 2.944 3.108 3.222 3.290 3.223 2.905 2.842 
7.000 16.080 0.972 1.567 2.167 2.523 2.853 3.015 3.129 3.196 3.126 2.828 2.743 
7.000 18.740 0.874 1.467 2.066 2.421 2.748 2.909 3.021 3.087 3.013 2.738 2.630 
7.000 22.320 0.813 1.366 1.965 2.319 2.644 2.804 2.917 2.981 2.903 2.651 2.517 
7.000 27.040 0.738 1.260 1.857 2.209 2.532 2.693 2.805 2.865 2.780 2.548 2.398 
7.000 33.160 0.650 1.146 1.742 2.091 2.413 2.572 2.683 2.737 2.641 2.427 2.271 
7.000 41.050 0.558 1.033 1.628 1.973 2.293 2.452 2.562 2.610 2.502 2.307 2.145 
7.000 51.110 0.467 0.922 1.515 1.858 2.175 2.334 2.442 2.484 2.364 2.188 2.021 
7.000 63.890 0.396 0.833 1.426 1.764 2.077 2.232 2.337 2.374 2.243 2.082 1.919 
7.000 80.060 0.323 0.744 1.336 1.670 1.977 2.128 2.230 2.262 2.119 1.974 1.816 
7.000 100.500 0.248 0.655 1.246 1.576 1.877 2.023 2.121 2.148 1.995 1.864 1.712 
7.000 126.290 0.185 0.576 1.168 1.491 1.783 1.919 2.010 2.026 1.862 1.749 1.616 
7.000 158.810 0.123 0.501 1.094 1.410 1.691 1.817 1.899 1.901 1.726 1.631 1.522 
7.000 199.780 0.062 0.427 1.020 1.330 1.599 1.714 1.788 1.775 1.590 1.512 1.428 
7.000 251.390 -0.006 0.345 0.941 1.242 1.497 1.597 1.661 1.631 1.435 1.377 1.324 
7.000 316.390 -0.087 0.251 0.854 1.142 1.376 1.454 1.502 1.449 1.243 1.207 1.199 
7.000 398.240 -0.167 0.156 0.766 1.042 1.255 1.310 1.343 1.267 1.051 1.037 1.074 
7.000 501.290 -0.249 0.062 0.679 0.942 1.133 1.167 1.183 1.086 0.860 0.867 0.949 
7.000 631.040 -0.337 -0.038 0.601 0.873 1.070 1.105 1.122 1.020 0.785 0.794 0.844 
7.000 794.390 -0.425 -0.139 0.523 0.805 1.010 1.046 1.064 0.958 0.715 0.724 0.740 
7.250 10.050 1.256 1.809 2.361 2.694 3.016 3.176 3.285 3.352 3.284 2.951 2.938 
7.250 10.080 1.256 1.809 2.361 2.694 3.016 3.176 3.285 3.352 3.284 2.951 2.938 
7.250 10.120 1.256 1.809 2.361 2.694 3.016 3.176 3.285 3.352 3.284 2.951 2.938 
7.250 10.200 1.256 1.809 2.361 2.694 3.016 3.176 3.285 3.352 3.284 2.951 2.938 
7.250 10.310 1.256 1.809 2.361 2.694 3.016 3.176 3.285 3.352 3.284 2.951 2.938 
7.250 10.490 1.256 1.809 2.361 2.694 3.016 3.176 3.285 3.352 3.284 2.951 2.938 
7.250 10.760 1.256 1.809 2.361 2.694 3.016 3.176 3.285 3.352 3.284 2.951 2.938 
7.250 11.180 1.256 1.809 2.361 2.693 3.015 3.175 3.285 3.351 3.283 2.951 2.938 
7.250 11.820 1.253 1.806 2.358 2.691 3.013 3.173 3.282 3.349 3.280 2.950 2.935 
7.250 12.770 1.251 1.804 2.356 2.689 3.010 3.170 3.279 3.346 3.277 2.948 2.932 
7.250 14.140 1.249 1.801 2.354 2.686 3.008 3.168 3.277 3.344 3.275 2.947 2.930 
7.250 16.080 1.188 1.741 2.293 2.625 2.944 3.103 3.212 3.278 3.208 2.897 2.861 
7.250 18.740 1.118 1.671 2.223 2.554 2.871 3.028 3.137 3.203 3.130 2.838 2.782 
7.250 22.320 1.049 1.602 2.154 2.484 2.797 2.954 3.061 3.127 3.053 2.780 2.703 
7.250 27.040 0.979 1.502 2.054 2.383 2.693 2.848 2.955 3.019 2.938 2.685 2.592 
7.250 33.160 0.881 1.372 1.924 2.249 2.556 2.710 2.817 2.876 2.784 2.554 2.448 
7.250 41.050 0.773 1.241 1.793 2.115 2.419 2.572 2.679 2.733 2.630 2.422 2.304 
7.250 51.110 0.664 1.114 1.665 1.984 2.285 2.438 2.543 2.593 2.478 2.293 2.163 
7.250 63.890 0.583 1.018 1.568 1.883 2.180 2.329 2.432 2.476 2.349 2.181 2.055 
7.250 80.060 0.500 0.921 1.471 1.782 2.074 2.220 2.321 2.359 2.220 2.070 1.946 
7.250 100.500 0.416 0.825 1.374 1.681 1.967 2.108 2.205 2.239 2.089 1.955 1.836 
7.250 126.290 0.347 0.744 1.295 1.595 1.872 2.003 2.094 2.117 1.956 1.840 1.740 
7.250 158.810 0.284 0.669 1.222 1.515 1.781 1.902 1.984 1.994 1.823 1.725 1.649 
7.250 199.780 0.221 0.595 1.149 1.436 1.691 1.800 1.875 1.871 1.690 1.610 1.558 
7.250 251.390 0.150 0.513 1.072 1.350 1.590 1.685 1.749 1.729 1.538 1.477 1.456 
7.250 316.390 0.067 0.420 0.985 1.251 1.470 1.543 1.592 1.550 1.349 1.311 1.335 
7.250 398.240 -0.015 0.326 0.899 1.153 1.350 1.401 1.434 1.371 1.161 1.145 1.214 
7.250 501.290 -0.100 0.233 0.813 1.055 1.231 1.259 1.277 1.192 0.972 0.978 1.092 
7.250 631.040 -0.184 0.139 0.739 0.990 1.171 1.200 1.218 1.130 0.902 0.909 0.992 
7.250 794.390 -0.267 0.044 0.667 0.926 1.114 1.145 1.164 1.073 0.837 0.843 0.894 
7.500 10.050 1.433 1.949 2.452 2.761 3.071 3.227 3.332 3.397 3.326 2.990 3.018 
7.500 10.080 1.433 1.949 2.452 2.761 3.071 3.227 3.332 3.397 3.326 2.990 3.018 
7.500 10.120 1.433 1.949 2.452 2.761 3.071 3.227 3.332 3.397 3.326 2.990 3.018 
7.500 10.200 1.433 1.949 2.452 2.761 3.071 3.227 3.332 3.397 3.326 2.990 3.018 
7.500 10.310 1.433 1.949 2.452 2.761 3.071 3.227 3.332 3.397 3.326 2.990 3.018 
7.500 10.490 1.433 1.949 2.452 2.761 3.071 3.227 3.332 3.397 3.326 2.990 3.018 
7.500 10.760 1.433 1.949 2.452 2.761 3.071 3.227 3.332 3.397 3.326 2.990 3.018 
7.500 11.180 1.433 1.949 2.452 2.761 3.071 3.227 3.332 3.397 3.326 2.990 3.018 
7.500 11.820 1.433 1.949 2.452 2.761 3.071 3.227 3.332 3.397 3.326 2.990 3.018 
7.500 12.770 1.433 1.949 2.452 2.761 3.071 3.227 3.332 3.397 3.326 2.990 3.018 
7.500 14.140 1.433 1.949 2.452 2.761 3.071 3.227 3.332 3.397 3.326 2.990 3.018 
7.500 16.080 1.399 1.915 2.419 2.728 3.035 3.191 3.295 3.361 3.290 2.966 2.979 
7.500 18.740 1.360 1.876 2.381 2.688 2.994 3.148 3.252 3.318 3.247 2.938 2.935 
7.500 22.320 1.320 1.837 2.342 2.649 2.952 3.105 3.209 3.276 3.205 2.911 2.890 
7.500 27.040 1.229 1.745 2.252 2.556 2.855 3.006 3.109 3.176 3.100 2.826 2.788 
7.500 33.160 1.093 1.598 2.104 2.406 2.700 2.848 2.950 3.015 2.928 2.680 2.625 
7.500 41.050 0.979 1.450 1.958 2.256 2.546 2.693 2.796 2.857 2.758 2.538 2.463 
7.500 51.110 0.857 1.307 1.815 2.110 2.396 2.542 2.645 2.702 2.592 2.398 2.306 
7.500 63.890 0.766 1.203 1.711 2.002 2.283 2.425 2.527 2.578 2.456 2.281 2.191 
7.500 80.060 0.674 1.099 1.607 1.894 2.170 2.309 2.408 2.454 2.319 2.164 2.076 
7.500 100.500 0.580 0.994 1.502 1.786 2.057 2.193 2.290 2.330 2.183 2.047 1.961 
7.500 126.290 0.506 0.911 1.422 1.699 1.960 2.087 2.178 2.208 2.050 1.932 1.864 
7.500 158.810 0.440 0.837 1.350 1.621 1.871 1.987 2.070 2.088 1.920 1.820 1.776 
7.500 199.780 0.375 0.762 1.279 1.542 1.782 1.887 1.962 1.968 1.790 1.708 1.688 
7.500 251.390 0.302 0.682 1.202 1.457 1.683 1.773 1.837 1.828 1.641 1.578 1.589 
7.500 316.390 0.216 0.589 1.117 1.361 1.565 1.632 1.681 1.652 1.456 1.415 1.471 
7.500 398.240 0.131 0.496 1.032 1.264 1.447 1.492 1.525 1.476 1.270 1.252 1.353 
7.500 501.290 0.046 0.404 0.947 1.167 1.328 1.351 1.370 1.299 1.085 1.089 1.235 
7.500 631.040 -0.035 0.316 0.878 1.106 1.272 1.295 1.314 1.241 1.019 1.024 1.141 
7.500 794.390 -0.116 0.228 0.810 1.047 1.219 1.243 1.264 1.188 0.958 0.962 1.047 
7.750 10.050 1.560 2.045 2.507 2.798 3.101 3.258 3.361 3.427 3.355 3.012 3.075 
7.750 10.080 1.560 2.045 2.507 2.798 3.101 3.258 3.361 3.427 3.355 3.012 3.075 
7.750 10.120 1.560 2.045 2.507 2.798 3.101 3.258 3.361 3.427 3.355 3.012 3.075 
7.750 10.200 1.560 2.045 2.507 2.798 3.101 3.258 3.361 3.427 3.355 3.012 3.075 
7.750 10.310 1.560 2.045 2.507 2.798 3.101 3.258 3.361 3.427 3.355 3.012 3.075 
7.750 10.490 1.560 2.045 2.507 2.798 3.101 3.258 3.361 3.427 3.355 3.012 3.075 
7.750 10.760 1.560 2.045 2.507 2.798 3.101 3.258 3.361 3.427 3.355 3.012 3.075 
7.750 11.180 1.560 2.045 2.507 2.798 3.101 3.258 3.361 3.427 3.355 3.012 3.075 
7.750 11.820 1.560 2.045 2.507 2.798 3.101 3.258 3.361 3.427 3.355 3.012 3.075 
7.750 12.770 1.560 2.045 2.507 2.798 3.101 3.258 3.361 3.427 3.355 3.012 3.075 
7.750 14.140 1.560 2.045 2.507 2.798 3.101 3.258 3.361 3.427 3.355 3.012 3.075 
7.750 16.080 1.543 2.028 2.491 2.781 3.083 3.240 3.342 3.409 3.337 3.000 3.056 
7.750 18.740 1.524 2.008 2.471 2.762 3.062 3.219 3.321 3.388 3.316 2.986 3.034 
7.750 22.320 1.504 1.988 2.452 2.742 3.041 3.197 3.300 3.367 3.294 2.972 3.011 
7.750 27.040 1.433 1.917 2.382 2.670 2.965 3.120 3.221 3.289 3.214 2.909 2.932 
7.750 33.160 1.305 1.789 2.257 2.542 2.830 2.980 3.082 3.151 3.068 2.792 2.789 
7.750 41.050 1.177 1.662 2.131 2.413 2.696 2.843 2.945 3.013 2.923 2.676 2.648 
7.750 51.110 1.078 1.534 2.005 2.284 2.562 2.707 2.810 2.877 2.779 2.561 2.507 
7.750 63.890 0.964 1.404 1.877 2.151 2.423 2.565 2.666 2.728 2.616 2.422 2.367 
7.750 80.060 0.844 1.275 1.748 2.018 2.284 2.422 2.522 2.579 2.453 2.283 2.226 
7.750 100.500 0.720 1.145 1.619 1.884 2.145 2.280 2.378 2.430 2.289 2.144 2.085 
7.750 126.290 0.637 1.054 1.531 1.790 2.043 2.170 2.263 2.305 2.153 2.028 1.984 
7.750 158.810 0.566 0.978 1.459 1.712 1.954 2.070 2.155 2.186 2.024 1.918 1.897 
7.750 199.780 0.496 0.903 1.387 1.634 1.865 1.970 2.048 2.067 1.895 1.807 1.810 
7.750 251.390 0.419 0.821 1.311 1.549 1.766 1.856 1.924 1.930 1.747 1.680 1.713 
7.750 316.390 0.331 0.728 1.226 1.453 1.648 1.715 1.768 1.754 1.564 1.519 1.597 
7.750 398.240 0.242 0.635 1.141 1.356 1.530 1.575 1.613 1.579 1.380 1.358 1.481 
7.750 501.290 0.154 0.542 1.056 1.260 1.412 1.434 1.457 1.404 1.197 1.198 1.366 
7.750 631.040 0.076 0.459 0.992 1.203 1.359 1.382 1.406 1.349 1.134 1.136 1.276 
7.750 794.390 -0.003 0.376 0.928 1.146 1.309 1.333 1.358 1.300 1.077 1.079 1.188 
8.000 10.050 1.682 2.140 2.562 2.835 3.130 3.289 3.390 3.457 3.384 3.034 3.133 
8.000 10.080 1.682 2.140 2.562 2.835 3.130 3.289 3.390 3.457 3.384 3.034 3.133 
8.000 10.120 1.682 2.140 2.562 2.835 3.130 3.289 3.390 3.457 3.384 3.034 3.133 
8.000 10.200 1.682 2.140 2.562 2.835 3.130 3.289 3.390 3.457 3.384 3.034 3.133 
8.000 10.310 1.682 2.140 2.562 2.835 3.130 3.289 3.390 3.457 3.384 3.034 3.133 
8.000 10.490 1.682 2.140 2.562 2.835 3.130 3.289 3.390 3.457 3.384 3.034 3.133 
8.000 10.760 1.682 2.140 2.562 2.835 3.130 3.289 3.390 3.457 3.384 3.034 3.133 
8.000 11.180 1.682 2.140 2.562 2.835 3.130 3.289 3.390 3.457 3.384 3.034 3.133 
8.000 11.820 1.682 2.140 2.562 2.835 3.130 3.289 3.390 3.457 3.384 3.034 3.133 
8.000 12.770 1.682 2.140 2.562 2.835 3.130 3.289 3.390 3.457 3.384 3.034 3.133 
8.000 14.140 1.682 2.140 2.562 2.835 3.130 3.289 3.390 3.457 3.384 3.034 3.133 
8.000 16.080 1.682 2.140 2.562 2.835 3.130 3.289 3.390 3.457 3.384 3.034 3.133 
8.000 18.740 1.682 2.140 2.562 2.835 3.130 3.289 3.390 3.457 3.384 3.034 3.133 
8.000 22.320 1.682 2.140 2.562 2.835 3.130 3.289 3.390 3.457 3.384 3.034 3.133 
8.000 27.040 1.631 2.089 2.512 2.784 3.075 3.233 3.333 3.402 3.327 2.992 3.075 
8.000 33.160 1.523 1.981 2.409 2.677 2.962 3.115 3.216 3.288 3.209 2.905 2.955 
8.000 41.050 1.416 1.874 2.305 2.570 2.848 2.996 3.098 3.173 3.091 2.819 2.834 
8.000 51.110 1.304 1.762 2.196 2.459 2.728 2.873 2.975 3.052 2.966 2.724 2.709 
8.000 63.890 1.160 1.606 2.043 2.300 2.564 2.704 2.805 2.878 2.776 2.563 2.542 
8.000 80.060 1.011 1.451 1.889 2.141 2.399 2.536 2.636 2.704 2.586 2.403 2.376 
8.000 100.500 0.860 1.296 1.736 1.983 2.234 2.367 2.467 2.530 2.396 2.242 2.209 
8.000 126.290 0.765 1.197 1.641 1.882 2.125 2.250 2.345 2.399 2.253 2.122 2.102 
8.000 158.810 0.691 1.120 1.568 1.804 2.037 2.153 2.242 2.285 2.127 2.016 2.018 
8.000 199.780 0.613 1.043 1.495 1.725 1.947 2.052 2.134 2.167 2.000 1.907 1.932 
8.000 251.390 0.534 0.960 1.419 1.641 1.848 1.938 2.011 2.031 1.854 1.782 1.837 
8.000 316.390 0.441 0.867 1.334 1.545 1.731 1.798 1.856 1.857 1.672 1.623 1.723 
8.000 398.240 0.349 0.774 1.250 1.449 1.613 1.658 1.700 1.682 1.490 1.464 1.610 
8.000 501.290 0.258 0.681 1.166 1.353 1.495 1.518 1.545 1.508 1.308 1.306 1.497 
8.000 631.040 0.181 0.603 1.105 1.299 1.445 1.468 1.497 1.458 1.250 1.248 1.412 
8.000 794.390 0.105 0.525 1.045 1.246 1.398 1.422 1.452 1.412 1.197 1.195 1.328 
