CanadaSHM5_AA13_stablecrust_low , distance is rhypo. Log10 ground motion values in cgs units
          15 30 11 : nmag, ndist, nperiod
          10.000 5.000 2.000 1.000 0.500 0.300 0.200 0.100 0.050 PGA PGV 
          0.620 0.620 0.620 0.620 0.580 0.540 0.530 0.530 0.530 0.530 0.620
4.500 10.050 -2.013 -0.683 0.299 1.005 1.672 2.003 2.240 2.435 2.435 2.000 1.478 
4.500 10.080 -2.020 -0.690 0.295 1.000 1.665 1.994 2.233 2.431 2.432 2.000 1.473 
4.500 10.120 -2.024 -0.698 0.292 0.995 1.658 1.986 2.225 2.426 2.428 2.000 1.468 
4.500 10.200 -2.021 -0.705 0.288 0.990 1.651 1.977 2.218 2.421 2.425 2.000 1.464 
4.500 10.310 -2.027 -0.722 0.276 0.976 1.632 1.955 2.197 2.406 2.413 1.992 1.450 
4.500 10.490 -2.023 -0.745 0.259 0.955 1.606 1.925 2.169 2.385 2.395 1.980 1.430 
4.500 10.760 -2.021 -0.767 0.241 0.935 1.580 1.896 2.141 2.363 2.377 1.967 1.410 
4.500 11.180 -2.025 -0.796 0.216 0.906 1.547 1.859 2.106 2.333 2.348 1.946 1.383 
4.500 11.820 -2.040 -0.845 0.165 0.852 1.489 1.800 2.046 2.275 2.286 1.898 1.329 
4.500 12.770 -2.050 -0.893 0.114 0.799 1.432 1.741 1.987 2.217 2.223 1.851 1.275 
4.500 14.140 -2.060 -0.940 0.063 0.745 1.374 1.683 1.928 2.160 2.161 1.803 1.222 
4.500 16.080 -2.106 -1.026 -0.032 0.652 1.280 1.591 1.832 2.056 2.038 1.706 1.122 
4.500 18.740 -2.156 -1.117 -0.134 0.553 1.181 1.494 1.730 1.945 1.907 1.602 1.015 
4.500 22.320 -2.205 -1.206 -0.236 0.454 1.082 1.398 1.629 1.836 1.776 1.499 0.909 
4.500 27.040 -2.267 -1.310 -0.350 0.342 0.970 1.288 1.513 1.708 1.627 1.377 0.787 
4.500 33.160 -2.345 -1.429 -0.477 0.216 0.844 1.162 1.380 1.562 1.458 1.234 0.646 
4.500 41.050 -2.419 -1.545 -0.603 0.092 0.719 1.037 1.249 1.418 1.291 1.094 0.508 
4.500 51.110 -2.489 -1.657 -0.724 -0.029 0.598 0.915 1.121 1.276 1.128 0.957 0.373 
4.500 63.890 -2.536 -1.743 -0.814 -0.132 0.488 0.797 1.000 1.147 0.992 0.835 0.252 
4.500 80.060 -2.576 -1.825 -0.901 -0.232 0.382 0.682 0.881 1.021 0.859 0.717 0.135 
4.500 100.500 -2.612 -1.904 -0.984 -0.327 0.280 0.571 0.767 0.899 0.730 0.603 0.022 
4.500 126.290 -2.682 -2.013 -1.093 -0.455 0.140 0.417 0.605 0.720 0.539 0.427 -0.132 
4.500 158.810 -2.754 -2.127 -1.203 -0.587 -0.007 0.254 0.433 0.528 0.332 0.236 -0.295 
4.500 199.780 -2.826 -2.241 -1.313 -0.719 -0.153 0.091 0.260 0.335 0.125 0.045 -0.458 
4.500 251.390 -2.908 -2.363 -1.429 -0.857 -0.308 -0.083 0.073 0.123 -0.104 -0.166 -0.631 
4.500 316.390 -3.004 -2.501 -1.559 -1.007 -0.480 -0.278 -0.142 -0.124 -0.374 -0.415 -0.824 
4.500 398.240 -3.102 -2.640 -1.688 -1.156 -0.651 -0.473 -0.357 -0.371 -0.644 -0.663 -1.018 
4.500 501.290 -3.198 -2.778 -1.817 -1.305 -0.823 -0.668 -0.572 -0.619 -0.913 -0.912 -1.211 
4.500 631.040 -3.368 -2.989 -1.994 -1.464 -0.964 -0.802 -0.702 -0.751 -1.057 -1.056 -1.402 
4.500 794.390 -3.541 -3.203 -2.172 -1.623 -1.104 -0.934 -0.828 -0.878 -1.196 -1.195 -1.593 
4.750 10.050 -1.634 -0.396 0.562 1.245 1.867 2.171 2.390 2.560 2.538 2.115 1.648 
4.750 10.080 -1.639 -0.402 0.559 1.241 1.860 2.163 2.383 2.557 2.536 2.116 1.644 
4.750 10.120 -1.644 -0.407 0.556 1.236 1.853 2.155 2.377 2.555 2.533 2.117 1.641 
4.750 10.200 -1.640 -0.412 0.554 1.232 1.847 2.147 2.371 2.552 2.530 2.118 1.638 
4.750 10.310 -1.644 -0.427 0.541 1.217 1.827 2.126 2.351 2.539 2.517 2.111 1.624 
4.750 10.490 -1.643 -0.448 0.523 1.194 1.799 2.096 2.323 2.519 2.498 2.099 1.604 
4.750 10.760 -1.639 -0.469 0.504 1.171 1.772 2.066 2.295 2.499 2.479 2.088 1.585 
4.750 11.180 -1.642 -0.497 0.477 1.141 1.737 2.029 2.260 2.470 2.450 2.068 1.556 
4.750 11.820 -1.662 -0.546 0.425 1.086 1.679 1.971 2.201 2.413 2.388 2.022 1.502 
4.750 12.770 -1.674 -0.595 0.373 1.031 1.621 1.912 2.142 2.357 2.326 1.976 1.448 
4.750 14.140 -1.687 -0.643 0.322 0.976 1.563 1.855 2.084 2.300 2.264 1.930 1.395 
4.750 16.080 -1.736 -0.731 0.228 0.885 1.471 1.766 1.989 2.196 2.145 1.836 1.295 
4.750 18.740 -1.791 -0.824 0.127 0.787 1.374 1.672 1.889 2.086 2.017 1.733 1.190 
4.750 22.320 -1.844 -0.916 0.028 0.690 1.278 1.579 1.791 1.976 1.890 1.632 1.085 
4.750 27.040 -1.911 -1.021 -0.083 0.582 1.170 1.472 1.677 1.850 1.745 1.511 0.964 
4.750 33.160 -1.992 -1.139 -0.206 0.461 1.049 1.351 1.549 1.706 1.581 1.371 0.825 
4.750 41.050 -2.068 -1.255 -0.327 0.341 0.930 1.230 1.422 1.564 1.418 1.233 0.689 
4.750 51.110 -2.140 -1.367 -0.442 0.226 0.814 1.113 1.297 1.426 1.260 1.098 0.556 
4.750 63.890 -2.182 -1.447 -0.526 0.127 0.709 0.999 1.181 1.303 1.131 0.982 0.440 
4.750 80.060 -2.220 -1.523 -0.607 0.032 0.608 0.888 1.067 1.184 1.006 0.869 0.327 
4.750 100.500 -2.254 -1.596 -0.684 -0.058 0.511 0.781 0.958 1.069 0.884 0.761 0.218 
4.750 126.290 -2.314 -1.693 -0.784 -0.181 0.376 0.633 0.804 0.902 0.707 0.598 0.072 
4.750 158.810 -2.375 -1.792 -0.886 -0.308 0.235 0.476 0.640 0.721 0.515 0.421 -0.081 
4.750 199.780 -2.436 -1.891 -0.988 -0.434 0.093 0.320 0.476 0.541 0.324 0.244 -0.233 
4.750 251.390 -2.503 -2.000 -1.097 -0.567 -0.056 0.152 0.297 0.341 0.111 0.048 -0.397 
4.750 316.390 -2.593 -2.126 -1.219 -0.711 -0.222 -0.036 0.090 0.105 -0.145 -0.187 -0.580 
4.750 398.240 -2.680 -2.253 -1.342 -0.855 -0.388 -0.225 -0.118 -0.132 -0.401 -0.423 -0.764 
4.750 501.290 -2.769 -2.379 -1.465 -0.999 -0.554 -0.414 -0.325 -0.368 -0.657 -0.658 -0.947 
4.750 631.040 -2.926 -2.576 -1.628 -1.146 -0.685 -0.539 -0.446 -0.491 -0.792 -0.792 -1.128 
4.750 794.390 -3.087 -2.775 -1.794 -1.294 -0.815 -0.661 -0.563 -0.609 -0.921 -0.922 -1.309 
5.000 10.050 -1.259 -0.109 0.825 1.486 2.057 2.328 2.526 2.675 2.634 2.219 1.813 
5.000 10.080 -1.262 -0.113 0.823 1.482 2.051 2.321 2.520 2.674 2.632 2.221 1.811 
5.000 10.120 -1.265 -0.116 0.821 1.478 2.044 2.314 2.515 2.674 2.630 2.222 1.809 
5.000 10.200 -1.268 -0.119 0.819 1.474 2.041 2.314 2.517 2.679 2.632 2.230 1.810 
5.000 10.310 -1.268 -0.132 0.806 1.457 2.020 2.292 2.499 2.667 2.619 2.225 1.797 
5.000 10.490 -1.271 -0.152 0.786 1.432 1.991 2.263 2.472 2.650 2.599 2.215 1.777 
5.000 10.760 -1.264 -0.171 0.766 1.408 1.963 2.233 2.445 2.632 2.579 2.206 1.757 
5.000 11.180 -1.265 -0.198 0.739 1.376 1.927 2.197 2.412 2.606 2.549 2.188 1.730 
5.000 11.820 -1.289 -0.248 0.685 1.319 1.869 2.141 2.355 2.551 2.489 2.146 1.676 
5.000 12.770 -1.303 -0.297 0.633 1.263 1.810 2.084 2.297 2.496 2.428 2.101 1.621 
5.000 14.140 -1.319 -0.346 0.580 1.208 1.752 2.027 2.239 2.440 2.368 2.058 1.568 
5.000 16.080 -1.373 -0.436 0.487 1.117 1.662 1.940 2.146 2.337 2.252 1.965 1.469 
5.000 18.740 -1.432 -0.531 0.389 1.022 1.568 1.850 2.049 2.226 2.127 1.864 1.364 
5.000 22.320 -1.490 -0.626 0.291 0.927 1.475 1.760 1.952 2.116 2.004 1.764 1.260 
5.000 27.040 -1.561 -0.732 0.183 0.822 1.371 1.657 1.842 1.992 1.863 1.646 1.141 
5.000 33.160 -1.643 -0.850 0.065 0.705 1.255 1.540 1.717 1.851 1.703 1.508 1.004 
5.000 41.050 -1.722 -0.966 -0.051 0.591 1.141 1.424 1.594 1.711 1.545 1.371 0.870 
5.000 51.110 -1.799 -1.076 -0.161 0.480 1.030 1.310 1.473 1.576 1.392 1.239 0.740 
5.000 63.890 -1.835 -1.150 -0.239 0.386 0.930 1.200 1.362 1.460 1.271 1.129 0.627 
5.000 80.060 -1.869 -1.221 -0.313 0.296 0.834 1.094 1.253 1.347 1.153 1.022 0.518 
5.000 100.500 -1.902 -1.288 -0.383 0.210 0.742 0.992 1.149 1.240 1.039 0.919 0.414 
5.000 126.290 -1.950 -1.373 -0.476 0.093 0.612 0.849 1.002 1.083 0.875 0.768 0.276 
5.000 158.810 -1.998 -1.457 -0.569 -0.028 0.476 0.699 0.847 0.915 0.699 0.606 0.134 
5.000 199.780 -2.046 -1.542 -0.663 -0.149 0.340 0.549 0.691 0.747 0.524 0.444 -0.009 
5.000 251.390 -2.108 -1.636 -0.764 -0.277 0.196 0.387 0.521 0.560 0.326 0.262 -0.162 
5.000 316.390 -2.186 -1.751 -0.880 -0.415 0.035 0.205 0.321 0.334 0.083 0.040 -0.336 
5.000 398.240 -2.264 -1.866 -0.996 -0.553 -0.125 0.023 0.121 0.108 -0.159 -0.182 -0.510 
5.000 501.290 -2.345 -1.981 -1.113 -0.692 -0.285 -0.159 -0.078 -0.118 -0.401 -0.404 -0.683 
5.000 631.040 -2.490 -2.163 -1.263 -0.828 -0.407 -0.275 -0.190 -0.231 -0.526 -0.529 -0.855 
5.000 794.390 -2.639 -2.347 -1.416 -0.964 -0.527 -0.388 -0.298 -0.339 -0.646 -0.649 -1.026 
5.250 10.050 -0.932 0.134 1.039 1.663 2.190 2.440 2.619 2.758 2.704 2.299 1.950 
5.250 10.080 -0.932 0.133 1.039 1.661 2.186 2.435 2.617 2.760 2.704 2.302 1.950 
5.250 10.120 -0.933 0.132 1.039 1.659 2.183 2.431 2.615 2.762 2.705 2.305 1.951 
5.250 10.200 -0.933 0.132 1.039 1.657 2.179 2.427 2.612 2.764 2.706 2.308 1.952 
5.250 10.310 -0.941 0.120 1.026 1.640 2.160 2.408 2.595 2.753 2.693 2.304 1.939 
5.250 10.490 -0.948 0.101 1.006 1.615 2.134 2.385 2.577 2.740 2.676 2.301 1.921 
5.250 10.760 -0.942 0.082 0.985 1.589 2.105 2.356 2.551 2.722 2.655 2.292 1.901 
5.250 11.180 -0.943 0.056 0.957 1.556 2.069 2.322 2.518 2.695 2.625 2.276 1.872 
5.250 11.820 -0.967 0.007 0.905 1.501 2.014 2.269 2.465 2.642 2.567 2.236 1.820 
5.250 12.770 -0.983 -0.042 0.853 1.447 1.958 2.217 2.413 2.590 2.510 2.196 1.767 
5.250 14.140 -0.998 -0.090 0.802 1.392 1.903 2.165 2.361 2.538 2.453 2.156 1.715 
5.250 16.080 -1.054 -0.178 0.712 1.306 1.818 2.082 2.271 2.436 2.340 2.064 1.618 
5.250 18.740 -1.113 -0.272 0.617 1.215 1.728 1.995 2.176 2.327 2.219 1.965 1.513 
5.250 22.320 -1.172 -0.365 0.523 1.125 1.639 1.908 2.081 2.219 2.098 1.866 1.410 
5.250 27.040 -1.242 -0.469 0.420 1.024 1.540 1.808 1.973 2.096 1.960 1.748 1.292 
5.250 33.160 -1.324 -0.585 0.307 0.914 1.430 1.693 1.849 1.957 1.804 1.611 1.158 
5.250 41.050 -1.403 -0.698 0.196 0.804 1.322 1.580 1.727 1.819 1.649 1.476 1.026 
5.250 51.110 -1.478 -0.806 0.089 0.699 1.216 1.469 1.609 1.686 1.499 1.345 0.897 
5.250 63.890 -1.518 -0.879 0.015 0.609 1.121 1.363 1.500 1.574 1.382 1.237 0.789 
5.250 80.060 -1.554 -0.948 -0.057 0.524 1.029 1.260 1.396 1.465 1.267 1.133 0.683 
5.250 100.500 -1.586 -1.013 -0.124 0.442 0.941 1.162 1.295 1.361 1.157 1.033 0.582 
5.250 126.290 -1.634 -1.094 -0.214 0.329 0.817 1.025 1.156 1.215 1.004 0.894 0.451 
5.250 158.810 -1.680 -1.173 -0.305 0.211 0.685 0.882 1.010 1.060 0.842 0.746 0.316 
5.250 199.780 -1.727 -1.253 -0.396 0.094 0.554 0.739 0.864 0.906 0.681 0.599 0.181 
5.250 251.390 -1.783 -1.342 -0.493 -0.029 0.414 0.585 0.703 0.731 0.497 0.431 0.036 
5.250 316.390 -1.859 -1.451 -0.606 -0.163 0.259 0.410 0.513 0.519 0.269 0.224 -0.129 
5.250 398.240 -1.934 -1.560 -0.718 -0.297 0.104 0.234 0.323 0.306 0.042 0.017 -0.294 
5.250 501.290 -2.011 -1.668 -0.830 -0.431 -0.052 0.059 0.133 0.093 -0.186 -0.190 -0.459 
5.250 631.040 -2.149 -1.839 -0.970 -0.558 -0.165 -0.049 0.029 -0.012 -0.302 -0.307 -0.622 
5.250 794.390 -2.290 -2.012 -1.112 -0.684 -0.276 -0.154 -0.071 -0.113 -0.414 -0.420 -0.785 
5.500 10.050 -0.609 0.377 1.253 1.840 2.322 2.551 2.713 2.840 2.774 2.379 2.086 
5.500 10.080 -0.607 0.379 1.255 1.840 2.322 2.550 2.713 2.845 2.777 2.383 2.089 
5.500 10.120 -0.605 0.381 1.257 1.840 2.321 2.549 2.714 2.850 2.780 2.388 2.093 
5.500 10.200 -0.603 0.383 1.259 1.841 2.320 2.548 2.715 2.855 2.784 2.392 2.096 
5.500 10.310 -0.614 0.372 1.246 1.824 2.302 2.530 2.699 2.844 2.771 2.389 2.084 
5.500 10.490 -0.627 0.353 1.225 1.797 2.273 2.501 2.674 2.825 2.748 2.381 2.063 
5.500 10.760 -0.632 0.334 1.204 1.770 2.247 2.479 2.656 2.811 2.731 2.378 2.044 
5.500 11.180 -0.629 0.309 1.175 1.736 2.212 2.446 2.624 2.784 2.700 2.363 2.015 
5.500 11.820 -0.652 0.261 1.124 1.683 2.159 2.396 2.574 2.732 2.645 2.325 1.963 
5.500 12.770 -0.670 0.214 1.073 1.630 2.105 2.347 2.525 2.681 2.589 2.287 1.911 
5.500 14.140 -0.685 0.167 1.023 1.577 2.052 2.298 2.475 2.630 2.535 2.249 1.860 
5.500 16.080 -0.740 0.080 0.937 1.495 1.973 2.223 2.395 2.534 2.428 2.164 1.765 
5.500 18.740 -0.800 -0.013 0.846 1.408 1.888 2.139 2.303 2.427 2.310 2.065 1.662 
5.500 22.320 -0.861 -0.105 0.756 1.322 1.804 2.056 2.210 2.321 2.192 1.967 1.559 
5.500 27.040 -0.929 -0.207 0.657 1.227 1.710 1.959 2.104 2.199 2.057 1.851 1.443 
5.500 33.160 -1.011 -0.320 0.548 1.122 1.606 1.847 1.982 2.063 1.904 1.715 1.311 
5.500 41.050 -1.090 -0.431 0.442 1.018 1.503 1.737 1.861 1.927 1.752 1.580 1.181 
5.500 51.110 -1.164 -0.537 0.340 0.918 1.403 1.629 1.744 1.796 1.606 1.451 1.055 
5.500 63.890 -1.205 -0.607 0.268 0.833 1.312 1.526 1.639 1.688 1.492 1.346 0.950 
5.500 80.060 -1.242 -0.675 0.199 0.751 1.225 1.427 1.538 1.583 1.382 1.245 0.848 
5.500 100.500 -1.274 -0.738 0.135 0.673 1.141 1.332 1.441 1.482 1.275 1.148 0.750 
5.500 126.290 -1.322 -0.815 0.047 0.564 1.021 1.201 1.310 1.347 1.134 1.019 0.626 
5.500 158.810 -1.367 -0.890 -0.041 0.450 0.894 1.066 1.173 1.206 0.986 0.886 0.499 
5.500 199.780 -1.411 -0.964 -0.128 0.336 0.768 0.930 1.037 1.064 0.838 0.753 0.372 
5.500 251.390 -1.464 -1.048 -0.223 0.218 0.633 0.783 0.886 0.903 0.668 0.600 0.235 
5.500 316.390 -1.538 -1.151 -0.331 0.088 0.483 0.614 0.705 0.703 0.456 0.408 0.078 
5.500 398.240 -1.611 -1.254 -0.439 -0.041 0.332 0.446 0.525 0.503 0.242 0.216 -0.078 
5.500 501.290 -1.683 -1.356 -0.547 -0.170 0.182 0.277 0.344 0.303 0.029 0.024 -0.235 
5.500 631.040 -1.813 -1.516 -0.677 -0.288 0.078 0.177 0.248 0.206 -0.079 -0.085 -0.390 
5.500 794.390 -1.945 -1.677 -0.809 -0.405 -0.025 0.081 0.155 0.113 -0.182 -0.189 -0.544 
5.750 10.050 -0.321 0.592 1.428 1.980 2.431 2.643 2.790 2.908 2.836 2.451 2.204 
5.750 10.080 -0.320 0.594 1.430 1.980 2.430 2.642 2.791 2.911 2.838 2.454 2.207 
5.750 10.120 -0.318 0.596 1.432 1.980 2.430 2.641 2.791 2.915 2.841 2.458 2.209 
5.750 10.200 -0.316 0.598 1.434 1.981 2.429 2.641 2.792 2.918 2.843 2.462 2.212 
5.750 10.310 -0.323 0.590 1.424 1.967 2.415 2.627 2.780 2.910 2.833 2.461 2.203 
5.750 10.490 -0.337 0.576 1.408 1.946 2.392 2.605 2.760 2.894 2.815 2.456 2.187 
5.750 10.760 -0.345 0.563 1.391 1.925 2.370 2.583 2.740 2.878 2.798 2.452 2.172 
5.750 11.180 -0.346 0.541 1.367 1.897 2.343 2.561 2.721 2.860 2.776 2.446 2.150 
5.750 11.820 -0.364 0.494 1.316 1.844 2.291 2.512 2.672 2.808 2.721 2.409 2.098 
5.750 12.770 -0.385 0.448 1.266 1.792 2.239 2.463 2.624 2.757 2.667 2.373 2.046 
5.750 14.140 -0.398 0.402 1.217 1.740 2.187 2.415 2.575 2.707 2.613 2.336 1.995 
5.750 16.080 -0.453 0.317 1.133 1.660 2.110 2.341 2.495 2.614 2.509 2.252 1.901 
5.750 18.740 -0.512 0.225 1.045 1.575 2.029 2.263 2.411 2.515 2.397 2.160 1.801 
5.750 22.320 -0.572 0.135 0.957 1.492 1.946 2.180 2.320 2.410 2.282 2.063 1.700 
5.750 27.040 -0.642 0.035 0.861 1.399 1.855 2.085 2.215 2.292 2.149 1.948 1.585 
5.750 33.160 -0.723 -0.075 0.756 1.298 1.754 1.976 2.095 2.158 1.999 1.813 1.455 
5.750 41.050 -0.803 -0.183 0.653 1.198 1.655 1.868 1.976 2.026 1.850 1.680 1.327 
5.750 51.110 -0.878 -0.286 0.554 1.102 1.558 1.763 1.861 1.898 1.706 1.552 1.203 
5.750 63.890 -0.919 -0.356 0.484 1.020 1.471 1.664 1.759 1.792 1.594 1.449 1.101 
5.750 80.060 -0.957 -0.422 0.418 0.941 1.387 1.567 1.660 1.689 1.484 1.349 1.002 
5.750 100.500 -0.991 -0.483 0.355 0.867 1.307 1.476 1.566 1.591 1.379 1.253 0.907 
5.750 126.290 -1.038 -0.558 0.270 0.761 1.191 1.350 1.440 1.460 1.242 1.131 0.787 
5.750 158.810 -1.083 -0.631 0.184 0.650 1.068 1.220 1.310 1.323 1.101 1.005 0.666 
5.750 199.780 -1.128 -0.703 0.099 0.540 0.946 1.089 1.180 1.187 0.960 0.880 0.545 
5.750 251.390 -1.183 -0.785 0.006 0.425 0.815 0.947 1.035 1.031 0.797 0.735 0.414 
5.750 316.390 -1.256 -0.884 -0.098 0.299 0.669 0.783 0.860 0.836 0.592 0.552 0.264 
5.750 398.240 -1.327 -0.983 -0.203 0.174 0.523 0.620 0.684 0.642 0.387 0.368 0.113 
5.750 501.290 -1.400 -1.083 -0.308 0.048 0.376 0.456 0.509 0.447 0.182 0.185 -0.037 
5.750 631.040 -1.522 -1.232 -0.430 -0.061 0.279 0.363 0.419 0.355 0.080 0.083 -0.185 
5.750 794.390 -1.646 -1.383 -0.552 -0.170 0.184 0.273 0.333 0.268 -0.018 -0.016 -0.332 
6.000 10.050 -0.037 0.808 1.604 2.120 2.539 2.734 2.867 2.976 2.897 2.522 2.322 
6.000 10.080 -0.035 0.809 1.605 2.120 2.539 2.734 2.868 2.977 2.899 2.525 2.324 
6.000 10.120 -0.033 0.811 1.607 2.120 2.539 2.734 2.868 2.979 2.901 2.529 2.326 
6.000 10.200 -0.031 0.813 1.608 2.121 2.538 2.734 2.869 2.981 2.903 2.532 2.328 
6.000 10.310 -0.036 0.808 1.602 2.111 2.528 2.724 2.860 2.975 2.896 2.533 2.322 
6.000 10.490 -0.045 0.799 1.590 2.096 2.512 2.708 2.846 2.963 2.882 2.532 2.312 
6.000 10.760 -0.054 0.791 1.579 2.081 2.496 2.692 2.832 2.951 2.869 2.532 2.302 
6.000 11.180 -0.067 0.773 1.559 2.057 2.471 2.669 2.810 2.930 2.847 2.523 2.282 
6.000 11.820 -0.089 0.728 1.509 2.005 2.423 2.627 2.770 2.885 2.798 2.494 2.233 
6.000 12.770 -0.104 0.682 1.460 1.954 2.372 2.579 2.722 2.834 2.744 2.459 2.181 
6.000 14.140 -0.119 0.637 1.411 1.903 2.321 2.531 2.675 2.784 2.691 2.424 2.130 
6.000 16.080 -0.173 0.553 1.329 1.825 2.246 2.458 2.596 2.693 2.589 2.340 2.037 
6.000 18.740 -0.233 0.464 1.243 1.742 2.167 2.381 2.512 2.596 2.480 2.249 1.938 
6.000 22.320 -0.292 0.375 1.158 1.661 2.088 2.305 2.430 2.500 2.371 2.159 1.840 
6.000 27.040 -0.362 0.277 1.065 1.572 1.999 2.211 2.326 2.384 2.241 2.045 1.727 
6.000 33.160 -0.443 0.170 0.963 1.475 1.902 2.104 2.207 2.253 2.093 1.912 1.599 
6.000 41.050 -0.522 0.064 0.864 1.379 1.806 1.999 2.091 2.124 1.947 1.780 1.473 
6.000 51.110 -0.596 -0.036 0.769 1.286 1.714 1.897 1.977 1.999 1.807 1.653 1.352 
6.000 63.890 -0.638 -0.104 0.701 1.207 1.630 1.801 1.878 1.896 1.695 1.551 1.252 
6.000 80.060 -0.677 -0.169 0.636 1.132 1.549 1.708 1.783 1.796 1.587 1.453 1.156 
6.000 100.500 -0.710 -0.229 0.575 1.060 1.472 1.620 1.691 1.700 1.483 1.358 1.063 
6.000 126.290 -0.760 -0.302 0.492 0.958 1.360 1.499 1.571 1.573 1.351 1.242 0.949 
6.000 158.810 -0.805 -0.372 0.409 0.851 1.242 1.374 1.447 1.441 1.216 1.124 0.833 
6.000 199.780 -0.851 -0.442 0.326 0.744 1.124 1.248 1.323 1.309 1.082 1.007 0.718 
6.000 251.390 -0.905 -0.521 0.236 0.632 0.998 1.111 1.184 1.158 0.926 0.870 0.593 
6.000 316.390 -0.977 -0.617 0.134 0.510 0.855 0.952 1.014 0.969 0.729 0.695 0.449 
6.000 398.240 -1.049 -0.713 0.032 0.388 0.713 0.794 0.844 0.780 0.532 0.521 0.305 
6.000 501.290 -1.120 -0.810 -0.069 0.266 0.571 0.635 0.674 0.591 0.335 0.346 0.161 
6.000 631.040 -1.235 -0.949 -0.182 0.165 0.480 0.548 0.591 0.504 0.238 0.250 0.020 
6.000 794.390 -1.352 -1.090 -0.296 0.064 0.392 0.465 0.510 0.422 0.146 0.157 -0.120 
6.250 10.050 0.217 1.002 1.753 2.242 2.641 2.820 2.938 3.029 2.950 2.583 2.424 
6.250 10.080 0.219 1.003 1.754 2.242 2.641 2.820 2.938 3.030 2.951 2.585 2.425 
6.250 10.120 0.220 1.004 1.755 2.242 2.641 2.820 2.939 3.031 2.952 2.587 2.427 
6.250 10.200 0.221 1.005 1.756 2.243 2.641 2.820 2.939 3.032 2.953 2.589 2.428 
6.250 10.310 0.219 1.003 1.753 2.238 2.636 2.815 2.935 3.029 2.950 2.591 2.426 
6.250 10.490 0.216 1.001 1.748 2.230 2.627 2.806 2.928 3.024 2.944 2.593 2.423 
6.250 10.760 0.214 0.998 1.743 2.222 2.619 2.798 2.922 3.018 2.938 2.595 2.420 
6.250 11.180 0.202 0.986 1.729 2.205 2.601 2.781 2.906 3.003 2.922 2.590 2.406 
6.250 11.820 0.160 0.944 1.683 2.157 2.552 2.735 2.860 2.955 2.872 2.561 2.358 
6.250 12.770 0.147 0.902 1.638 2.109 2.507 2.695 2.823 2.913 2.827 2.538 2.313 
6.250 14.140 0.135 0.861 1.593 2.062 2.459 2.650 2.778 2.866 2.778 2.510 2.267 
6.250 16.080 0.085 0.777 1.511 1.983 2.382 2.574 2.697 2.777 2.677 2.429 2.174 
6.250 18.740 0.026 0.688 1.424 1.899 2.299 2.493 2.611 2.680 2.568 2.339 2.075 
6.250 22.320 -0.035 0.599 1.338 1.816 2.218 2.414 2.526 2.585 2.460 2.251 1.976 
6.250 27.040 -0.105 0.502 1.245 1.726 2.131 2.324 2.429 2.476 2.336 2.144 1.866 
6.250 33.160 -0.183 0.396 1.145 1.630 2.034 2.218 2.311 2.347 2.189 2.011 1.739 
6.250 41.050 -0.264 0.292 1.046 1.535 1.938 2.113 2.195 2.220 2.045 1.880 1.615 
6.250 51.110 -0.339 0.193 0.953 1.444 1.846 2.011 2.082 2.098 1.906 1.754 1.494 
6.250 63.890 -0.383 0.126 0.886 1.368 1.765 1.919 1.986 1.996 1.795 1.653 1.397 
6.250 80.060 -0.423 0.063 0.823 1.295 1.687 1.830 1.893 1.899 1.687 1.555 1.303 
6.250 100.500 -0.461 0.003 0.763 1.226 1.614 1.745 1.804 1.805 1.584 1.462 1.213 
6.250 126.290 -0.510 -0.068 0.684 1.127 1.506 1.630 1.688 1.681 1.454 1.349 1.103 
6.250 158.810 -0.557 -0.136 0.604 1.024 1.393 1.510 1.570 1.554 1.323 1.236 0.993 
6.250 199.780 -0.602 -0.204 0.524 0.922 1.280 1.390 1.451 1.426 1.191 1.123 0.884 
6.250 251.390 -0.657 -0.281 0.438 0.814 1.158 1.258 1.317 1.278 1.038 0.991 0.764 
6.250 316.390 -0.729 -0.375 0.340 0.696 1.019 1.102 1.151 1.092 0.844 0.822 0.625 
6.250 398.240 -0.803 -0.469 0.241 0.577 0.880 0.947 0.985 0.906 0.650 0.652 0.487 
6.250 501.290 -0.875 -0.563 0.142 0.458 0.741 0.791 0.819 0.719 0.456 0.482 0.348 
6.250 631.040 -0.983 -0.694 0.037 0.364 0.657 0.710 0.741 0.637 0.364 0.391 0.215 
6.250 794.390 -1.094 -0.826 -0.069 0.270 0.575 0.633 0.666 0.560 0.276 0.303 0.082 
6.500 10.050 0.471 1.196 1.903 2.364 2.743 2.905 3.008 3.082 3.002 2.644 2.527 
6.500 10.080 0.471 1.196 1.903 2.364 2.743 2.905 3.008 3.083 3.002 2.645 2.527 
6.500 10.120 0.471 1.196 1.903 2.364 2.743 2.905 3.009 3.083 3.003 2.645 2.527 
6.500 10.200 0.472 1.197 1.904 2.365 2.744 2.905 3.009 3.083 3.003 2.645 2.527 
6.500 10.310 0.474 1.199 1.905 2.364 2.743 2.905 3.010 3.084 3.004 2.649 2.530 
6.500 10.490 0.476 1.202 1.906 2.364 2.742 2.905 3.010 3.085 3.005 2.654 2.534 
6.500 10.760 0.480 1.205 1.908 2.364 2.742 2.904 3.011 3.086 3.007 2.659 2.538 
6.500 11.180 0.473 1.198 1.899 2.353 2.730 2.893 3.001 3.076 2.997 2.658 2.530 
6.500 11.820 0.435 1.160 1.857 2.308 2.685 2.849 2.958 3.031 2.951 2.635 2.487 
6.500 12.770 0.397 1.122 1.816 2.264 2.640 2.805 2.915 2.987 2.905 2.612 2.444 
6.500 14.140 0.382 1.084 1.775 2.221 2.595 2.762 2.872 2.943 2.860 2.591 2.400 
6.500 16.080 0.334 1.002 1.693 2.141 2.518 2.689 2.798 2.860 2.764 2.517 2.311 
6.500 18.740 0.276 0.912 1.604 2.055 2.433 2.606 2.710 2.764 2.656 2.429 2.211 
6.500 22.320 0.216 0.824 1.517 1.971 2.348 2.523 2.623 2.670 2.549 2.342 2.112 
6.500 27.040 0.147 0.728 1.424 1.881 2.259 2.433 2.526 2.563 2.426 2.237 2.003 
6.500 33.160 0.067 0.623 1.326 1.786 2.164 2.329 2.411 2.439 2.283 2.107 1.878 
6.500 41.050 -0.012 0.520 1.229 1.692 2.070 2.227 2.299 2.317 2.143 1.980 1.756 
6.500 51.110 -0.088 0.423 1.137 1.602 1.978 2.126 2.187 2.196 2.005 1.855 1.637 
6.500 63.890 -0.133 0.356 1.071 1.528 1.900 2.038 2.093 2.097 1.895 1.755 1.542 
6.500 80.060 -0.177 0.294 1.009 1.457 1.825 1.952 2.003 2.002 1.788 1.658 1.450 
6.500 100.500 -0.214 0.235 0.952 1.391 1.755 1.871 1.916 1.911 1.685 1.566 1.362 
6.500 126.290 -0.265 0.165 0.875 1.296 1.651 1.760 1.805 1.790 1.558 1.456 1.257 
6.500 158.810 -0.310 0.100 0.799 1.198 1.543 1.646 1.693 1.666 1.429 1.348 1.153 
6.500 199.780 -0.358 0.034 0.723 1.100 1.435 1.532 1.580 1.542 1.300 1.240 1.049 
6.500 251.390 -0.415 -0.041 0.640 0.996 1.318 1.405 1.450 1.398 1.150 1.112 0.936 
6.500 316.390 -0.487 -0.133 0.545 0.881 1.182 1.252 1.288 1.215 0.959 0.948 0.802 
6.500 398.240 -0.560 -0.225 0.449 0.766 1.046 1.100 1.126 1.031 0.768 0.783 0.669 
6.500 501.290 -0.633 -0.317 0.353 0.650 0.911 0.947 0.964 0.848 0.578 0.619 0.535 
6.500 631.040 -0.737 -0.438 0.256 0.562 0.833 0.872 0.891 0.770 0.490 0.533 0.409 
6.500 794.390 -0.842 -0.562 0.158 0.476 0.757 0.800 0.821 0.698 0.406 0.450 0.283 
6.750 10.050 0.691 1.364 2.017 2.448 2.809 2.961 3.058 3.123 3.047 2.700 2.620 
6.750 10.080 0.691 1.364 2.017 2.448 2.809 2.962 3.059 3.123 3.047 2.700 2.620 
6.750 10.120 0.692 1.365 2.018 2.449 2.809 2.962 3.059 3.123 3.047 2.700 2.620 
6.750 10.200 0.692 1.365 2.018 2.449 2.810 2.962 3.059 3.124 3.048 2.701 2.620 
6.750 10.310 0.693 1.366 2.019 2.449 2.810 2.962 3.060 3.124 3.049 2.703 2.622 
6.750 10.490 0.695 1.369 2.020 2.449 2.810 2.963 3.060 3.125 3.050 2.706 2.625 
6.750 10.760 0.697 1.370 2.022 2.450 2.810 2.963 3.061 3.126 3.051 2.710 2.627 
6.750 11.180 0.694 1.367 2.017 2.444 2.804 2.957 3.056 3.121 3.046 2.711 2.624 
6.750 11.820 0.674 1.348 1.995 2.420 2.778 2.932 3.032 3.097 3.020 2.701 2.601 
6.750 12.770 0.655 1.328 1.973 2.396 2.754 2.908 3.008 3.072 2.995 2.693 2.579 
6.750 14.140 0.636 1.309 1.951 2.373 2.729 2.884 2.985 3.049 2.970 2.684 2.557 
6.750 16.080 0.565 1.225 1.867 2.291 2.646 2.802 2.900 2.959 2.872 2.610 2.464 
6.750 18.740 0.510 1.132 1.774 2.200 2.556 2.716 2.814 2.865 2.766 2.530 2.362 
6.750 22.320 0.451 1.040 1.682 2.109 2.465 2.626 2.720 2.766 2.656 2.446 2.258 
6.750 27.040 0.378 0.940 1.586 2.015 2.370 2.530 2.619 2.657 2.532 2.342 2.145 
6.750 33.160 0.297 0.834 1.485 1.916 2.270 2.422 2.502 2.530 2.385 2.210 2.018 
6.750 41.050 0.213 0.729 1.385 1.820 2.173 2.322 2.394 2.411 2.245 2.086 1.896 
6.750 51.110 0.133 0.629 1.291 1.727 2.078 2.219 2.281 2.290 2.105 1.960 1.775 
6.750 63.890 0.084 0.561 1.226 1.655 2.002 2.133 2.188 2.191 1.993 1.857 1.679 
6.750 80.060 0.037 0.496 1.164 1.586 1.929 2.049 2.098 2.095 1.884 1.758 1.587 
6.750 100.500 -0.006 0.435 1.106 1.522 1.860 1.970 2.013 2.003 1.779 1.663 1.499 
6.750 126.290 -0.058 0.366 1.033 1.432 1.763 1.864 1.905 1.884 1.652 1.555 1.398 
6.750 158.810 -0.105 0.302 0.962 1.341 1.663 1.756 1.797 1.763 1.525 1.449 1.300 
6.750 199.780 -0.154 0.237 0.890 1.250 1.563 1.648 1.688 1.641 1.398 1.344 1.202 
6.750 251.390 -0.211 0.164 0.811 1.152 1.453 1.527 1.562 1.499 1.250 1.220 1.093 
6.750 316.390 -0.286 0.073 0.720 1.040 1.322 1.378 1.403 1.318 1.062 1.058 0.965 
6.750 398.240 -0.360 -0.018 0.628 0.929 1.191 1.230 1.243 1.136 0.874 0.897 0.837 
6.750 501.290 -0.436 -0.109 0.536 0.818 1.061 1.081 1.084 0.955 0.686 0.736 0.709 
6.750 631.040 -0.535 -0.223 0.444 0.736 0.988 1.011 1.015 0.882 0.602 0.654 0.589 
6.750 794.390 -0.634 -0.338 0.353 0.656 0.918 0.944 0.950 0.813 0.523 0.575 0.469 
7.000 10.050 0.907 1.533 2.132 2.532 2.876 3.021 3.112 3.166 3.093 2.758 2.714 
7.000 10.080 0.908 1.533 2.132 2.533 2.876 3.021 3.112 3.166 3.094 2.758 2.714 
7.000 10.120 0.908 1.533 2.132 2.533 2.877 3.021 3.112 3.167 3.094 2.758 2.714 
7.000 10.200 0.908 1.534 2.133 2.533 2.877 3.022 3.113 3.167 3.094 2.759 2.715 
7.000 10.310 0.909 1.534 2.133 2.534 2.877 3.022 3.113 3.167 3.095 2.760 2.716 
7.000 10.490 0.910 1.535 2.134 2.535 2.878 3.023 3.114 3.168 3.096 2.762 2.717 
7.000 10.760 0.911 1.536 2.135 2.536 2.879 3.024 3.115 3.169 3.097 2.764 2.718 
7.000 11.180 0.912 1.537 2.136 2.535 2.878 3.023 3.114 3.169 3.097 2.767 2.719 
7.000 11.820 0.910 1.535 2.132 2.532 2.874 3.019 3.110 3.165 3.093 2.772 2.717 
7.000 12.770 0.909 1.534 2.130 2.528 2.869 3.015 3.106 3.161 3.088 2.777 2.716 
7.000 14.140 0.908 1.533 2.127 2.525 2.865 3.011 3.103 3.158 3.084 2.782 2.715 
7.000 16.080 0.824 1.449 2.042 2.441 2.777 2.920 3.010 3.064 2.983 2.708 2.619 
7.000 18.740 0.728 1.352 1.944 2.344 2.677 2.821 2.909 2.960 2.871 2.626 2.510 
7.000 22.320 0.671 1.256 1.847 2.248 2.582 2.729 2.818 2.863 2.764 2.550 2.405 
7.000 27.040 0.602 1.153 1.747 2.149 2.481 2.627 2.712 2.750 2.637 2.446 2.287 
7.000 33.160 0.517 1.044 1.643 2.047 2.379 2.522 2.600 2.627 2.492 2.319 2.161 
7.000 41.050 0.431 0.937 1.541 1.948 2.275 2.412 2.481 2.500 2.343 2.186 2.033 
7.000 51.110 0.349 0.835 1.445 1.852 2.178 2.312 2.375 2.383 2.205 2.064 1.913 
7.000 63.890 0.297 0.765 1.380 1.782 2.104 2.228 2.283 2.284 2.091 1.959 1.817 
7.000 80.060 0.246 0.698 1.319 1.715 2.032 2.146 2.194 2.188 1.980 1.858 1.724 
7.000 100.500 0.199 0.636 1.261 1.653 1.965 2.069 2.109 2.096 1.873 1.760 1.635 
7.000 126.290 0.145 0.567 1.191 1.569 1.874 1.968 2.005 1.978 1.747 1.653 1.538 
7.000 158.810 0.095 0.504 1.124 1.484 1.782 1.867 1.900 1.859 1.622 1.551 1.446 
7.000 199.780 0.045 0.440 1.057 1.399 1.691 1.765 1.796 1.740 1.497 1.448 1.354 
7.000 251.390 -0.014 0.368 0.983 1.307 1.588 1.649 1.674 1.600 1.351 1.327 1.251 
7.000 316.390 -0.090 0.279 0.895 1.200 1.462 1.505 1.518 1.421 1.165 1.169 1.128 
7.000 398.240 -0.165 0.189 0.806 1.093 1.337 1.360 1.361 1.242 0.980 1.011 1.006 
7.000 501.290 -0.242 0.099 0.718 0.986 1.211 1.215 1.204 1.063 0.794 0.853 0.883 
7.000 631.040 -0.337 -0.008 0.634 0.910 1.144 1.150 1.139 0.993 0.714 0.775 0.769 
7.000 794.390 -0.432 -0.115 0.549 0.836 1.080 1.088 1.079 0.928 0.639 0.701 0.656 
7.250 10.050 1.084 1.667 2.210 2.582 2.909 3.055 3.140 3.191 3.115 2.793 2.794 
7.250 10.080 1.084 1.667 2.210 2.582 2.909 3.055 3.140 3.191 3.115 2.794 2.794 
7.250 10.120 1.084 1.668 2.211 2.582 2.910 3.055 3.141 3.191 3.116 2.794 2.795 
7.250 10.200 1.085 1.668 2.211 2.582 2.910 3.056 3.141 3.192 3.116 2.794 2.795 
7.250 10.310 1.085 1.669 2.212 2.583 2.910 3.056 3.141 3.192 3.116 2.795 2.796 
7.250 10.490 1.086 1.670 2.213 2.584 2.911 3.057 3.142 3.193 3.117 2.796 2.797 
7.250 10.760 1.087 1.671 2.214 2.584 2.912 3.058 3.143 3.194 3.118 2.798 2.798 
7.250 11.180 1.088 1.671 2.214 2.585 2.912 3.058 3.143 3.194 3.119 2.801 2.799 
7.250 11.820 1.088 1.672 2.213 2.583 2.909 3.056 3.141 3.193 3.118 2.807 2.800 
7.250 12.770 1.089 1.673 2.213 2.582 2.907 3.054 3.139 3.192 3.117 2.813 2.801 
7.250 14.140 1.090 1.674 2.212 2.581 2.905 3.052 3.138 3.192 3.117 2.820 2.802 
7.250 16.080 1.033 1.617 2.155 2.524 2.844 2.988 3.073 3.127 3.049 2.773 2.736 
7.250 18.740 0.967 1.550 2.088 2.457 2.776 2.920 3.005 3.058 2.974 2.725 2.661 
7.250 22.320 0.902 1.485 2.022 2.392 2.707 2.851 2.935 2.988 2.898 2.675 2.587 
7.250 27.040 0.837 1.391 1.931 2.301 2.613 2.756 2.838 2.886 2.783 2.583 2.479 
7.250 33.160 0.745 1.266 1.811 2.183 2.492 2.632 2.710 2.749 2.625 2.445 2.335 
7.250 41.050 0.644 1.143 1.694 2.067 2.373 2.511 2.583 2.614 2.469 2.309 2.192 
7.250 51.110 0.546 1.026 1.582 1.956 2.259 2.394 2.462 2.483 2.317 2.178 2.056 
7.250 63.890 0.484 0.949 1.512 1.883 2.179 2.303 2.365 2.378 2.195 2.066 1.954 
7.250 80.060 0.424 0.876 1.445 1.812 2.102 2.216 2.270 2.275 2.075 1.957 1.855 
7.250 100.500 0.367 0.806 1.383 1.746 2.029 2.132 2.180 2.176 1.960 1.852 1.760 
7.250 126.290 0.308 0.735 1.315 1.667 1.943 2.033 2.075 2.058 1.833 1.744 1.665 
7.250 158.810 0.256 0.671 1.254 1.591 1.860 1.936 1.972 1.941 1.709 1.642 1.578 
7.250 199.780 0.203 0.607 1.192 1.515 1.777 1.838 1.869 1.824 1.586 1.540 1.492 
7.250 251.390 0.141 0.535 1.123 1.430 1.681 1.726 1.749 1.686 1.442 1.420 1.394 
7.250 316.390 0.062 0.445 1.038 1.329 1.562 1.584 1.593 1.509 1.259 1.265 1.276 
7.250 398.240 -0.016 0.356 0.954 1.227 1.442 1.442 1.437 1.331 1.076 1.109 1.159 
7.250 501.290 -0.096 0.267 0.870 1.126 1.323 1.300 1.281 1.154 0.894 0.954 1.041 
7.250 631.040 -0.187 0.166 0.791 1.055 1.260 1.237 1.219 1.088 0.818 0.880 0.933 
7.250 794.390 -0.278 0.064 0.712 0.986 1.199 1.178 1.161 1.026 0.746 0.809 0.826 
7.500 10.050 1.255 1.802 2.289 2.630 2.942 3.089 3.168 3.216 3.136 2.829 2.875 
7.500 10.080 1.255 1.802 2.289 2.631 2.942 3.089 3.168 3.216 3.137 2.829 2.875 
7.500 10.120 1.255 1.802 2.289 2.631 2.943 3.089 3.168 3.216 3.137 2.829 2.875 
7.500 10.200 1.256 1.803 2.290 2.632 2.943 3.090 3.169 3.217 3.137 2.830 2.876 
7.500 10.310 1.256 1.803 2.290 2.632 2.943 3.090 3.169 3.217 3.138 2.830 2.876 
7.500 10.490 1.257 1.804 2.291 2.633 2.944 3.091 3.170 3.218 3.139 2.831 2.877 
7.500 10.760 1.258 1.805 2.292 2.634 2.945 3.092 3.171 3.219 3.139 2.832 2.878 
7.500 11.180 1.259 1.806 2.293 2.634 2.946 3.092 3.172 3.220 3.141 2.834 2.879 
7.500 11.820 1.262 1.808 2.294 2.635 2.945 3.092 3.172 3.222 3.144 2.842 2.882 
7.500 12.770 1.264 1.811 2.296 2.636 2.946 3.092 3.173 3.223 3.147 2.849 2.886 
7.500 14.140 1.268 1.815 2.298 2.637 2.946 3.093 3.174 3.226 3.150 2.857 2.889 
7.500 16.080 1.237 1.784 2.267 2.606 2.911 3.056 3.137 3.191 3.114 2.840 2.853 
7.500 18.740 1.202 1.749 2.232 2.571 2.871 3.014 3.094 3.152 3.073 2.819 2.810 
7.500 22.320 1.168 1.715 2.198 2.537 2.833 2.973 3.053 3.113 3.032 2.799 2.769 
7.500 27.040 1.082 1.629 2.115 2.454 2.746 2.885 2.963 3.021 2.929 2.719 2.670 
7.500 33.160 0.954 1.489 1.979 2.319 2.606 2.743 2.820 2.871 2.758 2.571 2.509 
7.500 41.050 0.849 1.350 1.846 2.186 2.468 2.603 2.678 2.722 2.589 2.426 2.349 
7.500 51.110 0.738 1.218 1.720 2.061 2.338 2.469 2.542 2.578 2.425 2.285 2.196 
7.500 63.890 0.667 1.134 1.645 1.983 2.255 2.379 2.447 2.472 2.299 2.172 2.091 
7.500 80.060 0.598 1.053 1.572 1.909 2.172 2.285 2.347 2.363 2.172 2.056 1.986 
7.500 100.500 0.532 0.977 1.504 1.839 2.094 2.195 2.250 2.257 2.047 1.944 1.885 
7.500 126.290 0.467 0.903 1.439 1.765 2.012 2.097 2.145 2.138 1.919 1.834 1.792 
7.500 158.810 0.411 0.839 1.383 1.698 1.937 2.005 2.044 2.023 1.797 1.733 1.711 
7.500 199.780 0.356 0.774 1.327 1.630 1.863 1.912 1.942 1.908 1.675 1.633 1.630 
7.500 251.390 0.291 0.701 1.262 1.553 1.774 1.803 1.823 1.772 1.534 1.514 1.538 
7.500 316.390 0.209 0.612 1.182 1.457 1.661 1.663 1.668 1.596 1.353 1.361 1.425 
7.500 398.240 0.127 0.523 1.102 1.361 1.547 1.524 1.513 1.421 1.173 1.208 1.312 
7.500 501.290 0.045 0.434 1.022 1.265 1.434 1.384 1.358 1.245 0.993 1.054 1.199 
7.500 631.040 -0.042 0.339 0.948 1.200 1.375 1.325 1.299 1.183 0.921 0.984 1.097 
7.500 794.390 -0.130 0.244 0.875 1.136 1.319 1.269 1.244 1.124 0.853 0.917 0.996 
7.750 10.050 1.375 1.890 2.335 2.655 2.955 3.107 3.179 3.229 3.145 2.837 2.927 
7.750 10.080 1.375 1.890 2.335 2.655 2.956 3.107 3.180 3.229 3.146 2.837 2.927 
7.750 10.120 1.375 1.890 2.336 2.656 2.956 3.107 3.180 3.229 3.146 2.837 2.928 
7.750 10.200 1.376 1.891 2.336 2.656 2.956 3.108 3.180 3.229 3.147 2.838 2.928 
7.750 10.310 1.376 1.891 2.337 2.657 2.957 3.108 3.181 3.230 3.147 2.838 2.929 
7.750 10.490 1.377 1.892 2.337 2.657 2.958 3.109 3.181 3.231 3.148 2.839 2.929 
7.750 10.760 1.378 1.893 2.338 2.658 2.958 3.110 3.182 3.231 3.149 2.840 2.930 
7.750 11.180 1.379 1.894 2.339 2.659 2.959 3.111 3.183 3.232 3.150 2.842 2.931 
7.750 11.820 1.381 1.896 2.340 2.660 2.960 3.111 3.184 3.234 3.152 2.846 2.934 
7.750 12.770 1.383 1.898 2.342 2.661 2.961 3.112 3.185 3.236 3.154 2.850 2.936 
7.750 14.140 1.386 1.901 2.344 2.663 2.962 3.113 3.187 3.238 3.157 2.855 2.939 
7.750 16.080 1.372 1.887 2.330 2.648 2.945 3.095 3.169 3.222 3.141 2.850 2.922 
7.750 18.740 1.357 1.872 2.314 2.632 2.926 3.074 3.148 3.205 3.122 2.844 2.902 
7.750 22.320 1.342 1.857 2.299 2.617 2.907 3.054 3.128 3.188 3.105 2.839 2.883 
7.750 27.040 1.278 1.792 2.235 2.553 2.838 2.982 3.055 3.116 3.027 2.780 2.805 
7.750 33.160 1.158 1.673 2.121 2.436 2.714 2.855 2.928 2.988 2.884 2.668 2.666 
7.750 41.050 1.041 1.556 2.007 2.322 2.592 2.729 2.803 2.861 2.744 2.556 2.528 
7.750 51.110 0.954 1.441 1.897 2.210 2.473 2.606 2.679 2.735 2.603 2.444 2.392 
7.750 63.890 0.859 1.331 1.797 2.106 2.361 2.486 2.557 2.602 2.449 2.309 2.261 
7.750 80.060 0.763 1.225 1.701 2.006 2.253 2.370 2.438 2.472 2.297 2.176 2.133 
7.750 100.500 0.668 1.123 1.608 1.910 2.146 2.251 2.313 2.340 2.144 2.040 2.006 
7.750 126.290 0.592 1.040 1.539 1.833 2.057 2.144 2.199 2.214 2.007 1.922 1.908 
7.750 158.810 0.530 0.973 1.487 1.772 1.985 2.052 2.098 2.099 1.884 1.819 1.830 
7.750 199.780 0.468 0.906 1.435 1.710 1.912 1.960 1.996 1.985 1.762 1.717 1.751 
7.750 251.390 0.398 0.831 1.375 1.639 1.826 1.852 1.877 1.850 1.620 1.597 1.663 
7.750 316.390 0.313 0.741 1.298 1.547 1.715 1.714 1.723 1.676 1.443 1.446 1.555 
7.750 398.240 0.227 0.651 1.222 1.456 1.605 1.575 1.569 1.502 1.265 1.296 1.447 
7.750 501.290 0.142 0.561 1.145 1.365 1.494 1.437 1.414 1.329 1.087 1.145 1.339 
7.750 631.040 0.056 0.470 1.076 1.303 1.437 1.380 1.357 1.269 1.018 1.078 1.242 
7.750 794.390 -0.030 0.380 1.008 1.243 1.383 1.326 1.304 1.214 0.953 1.014 1.146 
8.000 10.050 1.490 1.978 2.382 2.680 2.969 3.125 3.191 3.241 3.155 2.845 2.980 
8.000 10.080 1.490 1.978 2.382 2.680 2.969 3.125 3.191 3.241 3.155 2.845 2.980 
8.000 10.120 1.490 1.978 2.382 2.680 2.970 3.125 3.191 3.241 3.155 2.845 2.980 
8.000 10.200 1.490 1.979 2.383 2.680 2.970 3.126 3.192 3.242 3.155 2.846 2.981 
8.000 10.310 1.491 1.979 2.383 2.681 2.970 3.126 3.192 3.242 3.156 2.846 2.981 
8.000 10.490 1.492 1.980 2.384 2.682 2.971 3.127 3.193 3.243 3.157 2.847 2.982 
8.000 10.760 1.492 1.981 2.385 2.683 2.972 3.128 3.194 3.244 3.157 2.848 2.983 
8.000 11.180 1.493 1.982 2.386 2.684 2.973 3.129 3.195 3.245 3.159 2.849 2.984 
8.000 11.820 1.495 1.983 2.387 2.685 2.974 3.130 3.196 3.246 3.160 2.850 2.985 
8.000 12.770 1.496 1.985 2.388 2.687 2.976 3.132 3.198 3.248 3.162 2.852 2.987 
8.000 14.140 1.498 1.987 2.391 2.689 2.978 3.134 3.200 3.250 3.163 2.854 2.989 
8.000 16.080 1.502 1.990 2.393 2.691 2.979 3.134 3.201 3.253 3.168 2.861 2.991 
8.000 18.740 1.506 1.995 2.396 2.693 2.980 3.135 3.202 3.258 3.173 2.870 2.994 
8.000 22.320 1.512 2.000 2.400 2.697 2.982 3.136 3.204 3.263 3.178 2.879 2.998 
8.000 27.040 1.467 1.956 2.356 2.651 2.930 3.080 3.149 3.213 3.125 2.844 2.942 
8.000 33.160 1.370 1.858 2.262 2.553 2.821 2.966 3.036 3.105 3.010 2.764 2.823 
8.000 41.050 1.273 1.761 2.169 2.457 2.715 2.856 2.928 3.000 2.898 2.687 2.706 
8.000 51.110 1.175 1.663 2.074 2.358 2.607 2.742 2.817 2.892 2.781 2.603 2.587 
8.000 63.890 1.051 1.528 1.950 2.229 2.467 2.594 2.667 2.732 2.598 2.445 2.430 
8.000 80.060 0.926 1.396 1.829 2.103 2.330 2.448 2.521 2.576 2.418 2.290 2.277 
8.000 100.500 0.803 1.269 1.712 1.981 2.197 2.306 2.376 2.422 2.241 2.137 2.127 
8.000 126.290 0.716 1.177 1.639 1.902 2.102 2.191 2.253 2.289 2.095 2.011 2.024 
8.000 158.810 0.648 1.108 1.591 1.846 2.032 2.100 2.152 2.175 1.972 1.906 1.949 
8.000 199.780 0.578 1.038 1.543 1.790 1.962 2.008 2.051 2.062 1.848 1.801 1.873 
8.000 251.390 0.503 0.961 1.487 1.724 1.878 1.901 1.931 1.928 1.707 1.681 1.789 
8.000 316.390 0.413 0.870 1.414 1.637 1.770 1.764 1.778 1.756 1.532 1.532 1.685 
8.000 398.240 0.323 0.778 1.342 1.551 1.662 1.627 1.624 1.584 1.356 1.384 1.582 
8.000 501.290 0.234 0.687 1.269 1.464 1.554 1.490 1.471 1.412 1.181 1.235 1.479 
8.000 631.040 0.150 0.601 1.204 1.406 1.499 1.434 1.416 1.356 1.115 1.171 1.387 
8.000 794.390 0.065 0.515 1.140 1.350 1.448 1.383 1.365 1.303 1.054 1.111 1.296 
