CanadaSHM5_AA13_stablecrust_high , distance is rhypo. Log10 ground motion values in cgs units
          15 30 11 : nmag, ndist, nperiod
          10.000 5.000 2.000 1.000 0.500 0.300 0.200 0.100 0.050 PGA PGV 
          0.620 0.620 0.620 0.620 0.580 0.540 0.530 0.530 0.530 0.530 0.620
4.500 10.050 -1.569 -0.250 0.909 1.586 2.163 2.403 2.629 2.841 2.807 2.598 2.254 
4.500 10.080 -1.577 -0.257 0.897 1.575 2.154 2.397 2.620 2.827 2.789 2.587 2.240 
4.500 10.120 -1.582 -0.264 0.885 1.564 2.145 2.390 2.611 2.813 2.772 2.577 2.226 
4.500 10.200 -1.580 -0.272 0.873 1.554 2.136 2.383 2.602 2.799 2.754 2.566 2.212 
4.500 10.310 -1.588 -0.288 0.848 1.531 2.119 2.370 2.584 2.773 2.724 2.544 2.182 
4.500 10.490 -1.585 -0.311 0.815 1.503 2.096 2.352 2.561 2.739 2.685 2.515 2.142 
4.500 10.760 -1.585 -0.333 0.781 1.474 2.073 2.334 2.539 2.706 2.646 2.486 2.102 
4.500 11.180 -1.592 -0.362 0.744 1.440 2.046 2.311 2.511 2.669 2.605 2.453 2.056 
4.500 11.820 -1.611 -0.410 0.693 1.393 2.005 2.273 2.468 2.620 2.556 2.406 1.993 
4.500 12.770 -1.625 -0.459 0.641 1.345 1.964 2.235 2.425 2.571 2.506 2.358 1.930 
4.500 14.140 -1.641 -0.508 0.589 1.297 1.922 2.196 2.382 2.522 2.456 2.311 1.866 
4.500 16.080 -1.678 -0.580 0.521 1.228 1.856 2.128 2.310 2.451 2.392 2.241 1.781 
4.500 18.740 -1.735 -0.677 0.423 1.125 1.751 2.021 2.201 2.339 2.283 2.126 1.658 
4.500 22.320 -1.794 -0.777 0.322 1.019 1.643 1.910 2.089 2.221 2.170 2.007 1.532 
4.500 27.040 -1.865 -0.890 0.206 0.897 1.518 1.782 1.959 2.086 2.035 1.868 1.390 
4.500 33.160 -1.951 -1.017 0.075 0.758 1.374 1.635 1.808 1.931 1.878 1.709 1.233 
4.500 41.050 -2.037 -1.145 -0.059 0.617 1.228 1.487 1.655 1.774 1.719 1.547 1.073 
4.500 51.110 -2.125 -1.274 -0.193 0.476 1.083 1.339 1.503 1.618 1.558 1.385 0.915 
4.500 63.890 -2.197 -1.386 -0.316 0.355 0.957 1.215 1.371 1.477 1.399 1.236 0.778 
4.500 80.060 -2.270 -1.501 -0.443 0.230 0.828 1.088 1.236 1.334 1.237 1.084 0.637 
4.500 100.500 -2.347 -1.620 -0.573 0.101 0.694 0.957 1.097 1.185 1.071 0.927 0.493 
4.500 126.290 -2.395 -1.708 -0.674 0.003 0.589 0.849 0.978 1.046 0.913 0.788 0.374 
4.500 158.810 -2.437 -1.791 -0.771 -0.091 0.487 0.743 0.859 0.901 0.751 0.647 0.257 
4.500 199.780 -2.478 -1.875 -0.868 -0.185 0.386 0.638 0.740 0.757 0.589 0.506 0.140 
4.500 251.390 -2.530 -1.967 -0.970 -0.288 0.271 0.513 0.600 0.589 0.406 0.344 0.008 
4.500 316.390 -2.597 -2.076 -1.083 -0.409 0.130 0.352 0.420 0.375 0.181 0.142 -0.153 
4.500 398.240 -2.665 -2.185 -1.195 -0.530 -0.011 0.191 0.240 0.162 -0.044 -0.060 -0.313 
4.500 501.290 -2.732 -2.293 -1.308 -0.651 -0.152 0.030 0.059 -0.052 -0.269 -0.262 -0.474 
4.500 631.040 -2.889 -2.491 -1.470 -0.789 -0.272 -0.081 -0.049 -0.164 -0.391 -0.384 -0.642 
4.500 794.390 -3.048 -2.691 -1.634 -0.929 -0.391 -0.190 -0.154 -0.273 -0.508 -0.502 -0.809 
4.750 10.050 -1.176 0.048 1.125 1.736 2.268 2.492 2.693 2.880 2.854 2.638 2.351 
4.750 10.080 -1.183 0.041 1.115 1.727 2.261 2.487 2.686 2.867 2.839 2.629 2.339 
4.750 10.120 -1.191 0.034 1.105 1.719 2.255 2.483 2.679 2.855 2.825 2.620 2.326 
4.750 10.200 -1.189 0.028 1.095 1.710 2.248 2.478 2.671 2.842 2.810 2.611 2.314 
4.750 10.310 -1.196 0.011 1.072 1.691 2.233 2.466 2.655 2.817 2.783 2.591 2.286 
4.750 10.490 -1.200 -0.012 1.042 1.666 2.214 2.450 2.634 2.784 2.749 2.564 2.250 
4.750 10.760 -1.200 -0.036 1.012 1.641 2.194 2.434 2.613 2.751 2.714 2.537 2.212 
4.750 11.180 -1.207 -0.065 0.977 1.611 2.169 2.412 2.587 2.715 2.677 2.505 2.169 
4.750 11.820 -1.226 -0.110 0.930 1.567 2.131 2.376 2.546 2.669 2.630 2.460 2.110 
4.750 12.770 -1.239 -0.156 0.882 1.524 2.093 2.339 2.505 2.622 2.583 2.415 2.050 
4.750 14.140 -1.253 -0.202 0.834 1.480 2.055 2.301 2.463 2.574 2.536 2.369 1.990 
4.750 16.080 -1.287 -0.269 0.769 1.415 1.990 2.234 2.394 2.509 2.474 2.303 1.910 
4.750 18.740 -1.325 -0.340 0.699 1.344 1.920 2.160 2.318 2.438 2.407 2.232 1.824 
4.750 22.320 -1.379 -0.432 0.602 1.242 1.815 2.052 2.210 2.327 2.297 2.119 1.704 
4.750 27.040 -1.445 -0.537 0.491 1.124 1.693 1.928 2.084 2.199 2.167 1.987 1.570 
4.750 33.160 -1.527 -0.656 0.363 0.989 1.552 1.785 1.939 2.052 2.016 1.837 1.421 
4.750 41.050 -1.608 -0.777 0.234 0.853 1.410 1.641 1.792 1.903 1.863 1.684 1.270 
4.750 51.110 -1.690 -0.898 0.104 0.716 1.268 1.497 1.645 1.753 1.708 1.531 1.119 
4.750 63.890 -1.763 -1.009 -0.017 0.598 1.146 1.377 1.517 1.615 1.552 1.387 0.988 
4.750 80.060 -1.838 -1.123 -0.142 0.477 1.021 1.254 1.385 1.474 1.393 1.239 0.854 
4.750 100.500 -1.919 -1.242 -0.270 0.351 0.891 1.127 1.249 1.329 1.229 1.086 0.715 
4.750 126.290 -1.974 -1.335 -0.370 0.257 0.790 1.023 1.132 1.189 1.070 0.946 0.599 
4.750 158.810 -2.026 -1.426 -0.467 0.167 0.692 0.919 1.014 1.043 0.904 0.803 0.484 
4.750 199.780 -2.079 -1.517 -0.564 0.078 0.594 0.816 0.896 0.897 0.739 0.660 0.370 
4.750 251.390 -2.136 -1.614 -0.665 -0.021 0.483 0.694 0.759 0.729 0.553 0.497 0.240 
4.750 316.390 -2.211 -1.726 -0.775 -0.137 0.347 0.537 0.581 0.517 0.329 0.295 0.083 
4.750 398.240 -2.284 -1.838 -0.884 -0.254 0.210 0.379 0.404 0.306 0.105 0.094 -0.074 
4.750 501.290 -2.358 -1.950 -0.994 -0.370 0.074 0.222 0.227 0.094 -0.120 -0.107 -0.232 
4.750 631.040 -2.504 -2.135 -1.145 -0.499 -0.038 0.118 0.125 -0.013 -0.236 -0.224 -0.390 
4.750 794.390 -2.654 -2.323 -1.297 -0.628 -0.148 0.016 0.026 -0.116 -0.348 -0.336 -0.549 
5.000 10.050 -0.783 0.350 1.346 1.893 2.381 2.589 2.765 2.928 2.910 2.689 2.455 
5.000 10.080 -0.792 0.341 1.335 1.883 2.372 2.582 2.756 2.912 2.894 2.676 2.441 
5.000 10.120 -0.800 0.333 1.324 1.873 2.364 2.575 2.746 2.896 2.878 2.664 2.427 
5.000 10.200 -0.807 0.327 1.317 1.867 2.360 2.572 2.740 2.885 2.866 2.656 2.417 
5.000 10.310 -0.812 0.310 1.297 1.851 2.347 2.562 2.726 2.860 2.843 2.638 2.391 
5.000 10.490 -0.822 0.285 1.269 1.830 2.331 2.548 2.706 2.829 2.813 2.613 2.357 
5.000 10.760 -0.821 0.261 1.242 1.808 2.314 2.533 2.687 2.797 2.782 2.588 2.322 
5.000 11.180 -0.827 0.233 1.211 1.782 2.292 2.514 2.662 2.761 2.748 2.558 2.282 
5.000 11.820 -0.847 0.190 1.167 1.742 2.258 2.478 2.623 2.717 2.705 2.515 2.226 
5.000 12.770 -0.859 0.147 1.123 1.703 2.222 2.442 2.584 2.672 2.660 2.471 2.170 
5.000 14.140 -0.872 0.103 1.078 1.663 2.187 2.406 2.544 2.627 2.616 2.428 2.114 
5.000 16.080 -0.903 0.043 1.016 1.601 2.124 2.340 2.477 2.565 2.555 2.365 2.038 
5.000 18.740 -0.935 -0.021 0.951 1.535 2.057 2.268 2.405 2.500 2.491 2.299 1.959 
5.000 22.320 -0.970 -0.087 0.883 1.465 1.986 2.194 2.331 2.433 2.424 2.230 1.877 
5.000 27.040 -1.032 -0.184 0.776 1.352 1.868 2.073 2.210 2.312 2.299 2.106 1.750 
5.000 33.160 -1.107 -0.296 0.652 1.221 1.731 1.935 2.070 2.172 2.154 1.965 1.609 
5.000 41.050 -1.183 -0.408 0.527 1.089 1.592 1.794 1.929 2.031 2.007 1.822 1.466 
5.000 51.110 -1.264 -0.523 0.401 0.956 1.454 1.655 1.787 1.888 1.858 1.677 1.324 
5.000 63.890 -1.336 -0.633 0.282 0.842 1.335 1.539 1.662 1.753 1.705 1.537 1.199 
5.000 80.060 -1.412 -0.746 0.159 0.724 1.214 1.421 1.533 1.615 1.548 1.394 1.070 
5.000 100.500 -1.496 -0.864 0.033 0.602 1.088 1.297 1.401 1.472 1.387 1.246 0.938 
5.000 126.290 -1.557 -0.962 -0.067 0.512 0.991 1.196 1.286 1.332 1.226 1.105 0.825 
5.000 158.810 -1.618 -1.060 -0.163 0.426 0.897 1.096 1.169 1.185 1.057 0.959 0.712 
5.000 199.780 -1.681 -1.158 -0.260 0.340 0.803 0.995 1.053 1.038 0.888 0.813 0.599 
5.000 251.390 -1.752 -1.262 -0.360 0.245 0.696 0.876 0.917 0.869 0.701 0.649 0.472 
5.000 316.390 -1.830 -1.377 -0.466 0.134 0.564 0.722 0.743 0.660 0.477 0.448 0.318 
5.000 398.240 -1.908 -1.491 -0.573 0.022 0.432 0.568 0.569 0.450 0.254 0.248 0.165 
5.000 501.290 -1.988 -1.606 -0.680 -0.090 0.300 0.414 0.394 0.240 0.030 0.047 0.011 
5.000 631.040 -2.125 -1.779 -0.819 -0.208 0.196 0.317 0.298 0.138 -0.081 -0.064 -0.138 
5.000 794.390 -2.265 -1.955 -0.960 -0.327 0.094 0.222 0.205 0.040 -0.187 -0.171 -0.288 
5.250 10.050 -0.411 0.638 1.568 2.068 2.519 2.706 2.858 2.990 2.973 2.748 2.566 
5.250 10.080 -0.417 0.632 1.561 2.063 2.515 2.702 2.853 2.979 2.963 2.739 2.557 
5.250 10.120 -0.423 0.626 1.554 2.058 2.510 2.699 2.847 2.968 2.952 2.730 2.547 
5.250 10.200 -0.429 0.621 1.547 2.052 2.506 2.695 2.841 2.957 2.941 2.722 2.538 
5.250 10.310 -0.446 0.599 1.523 2.031 2.487 2.678 2.820 2.925 2.910 2.695 2.506 
5.250 10.490 -0.462 0.570 1.491 2.003 2.462 2.653 2.791 2.884 2.869 2.659 2.464 
5.250 10.760 -0.464 0.546 1.466 1.984 2.446 2.638 2.771 2.853 2.840 2.636 2.431 
5.250 11.180 -0.468 0.518 1.437 1.959 2.426 2.618 2.747 2.820 2.808 2.609 2.393 
5.250 11.820 -0.489 0.477 1.394 1.922 2.390 2.582 2.708 2.777 2.766 2.568 2.340 
5.250 12.770 -0.501 0.435 1.351 1.884 2.355 2.546 2.668 2.734 2.724 2.527 2.287 
5.250 14.140 -0.514 0.393 1.308 1.845 2.320 2.510 2.629 2.691 2.682 2.486 2.234 
5.250 16.080 -0.544 0.335 1.247 1.783 2.256 2.444 2.564 2.633 2.623 2.428 2.162 
5.250 18.740 -0.577 0.273 1.182 1.716 2.188 2.372 2.493 2.571 2.561 2.366 2.087 
5.250 22.320 -0.610 0.210 1.117 1.648 2.119 2.300 2.422 2.508 2.499 2.304 2.011 
5.250 27.040 -0.654 0.137 1.039 1.568 2.036 2.216 2.338 2.433 2.422 2.230 1.925 
5.250 33.160 -0.726 0.031 0.920 1.440 1.902 2.083 2.205 2.301 2.283 2.098 1.792 
5.250 41.050 -0.801 -0.077 0.799 1.311 1.766 1.948 2.071 2.168 2.143 1.965 1.658 
5.250 51.110 -0.877 -0.187 0.676 1.182 1.631 1.814 1.936 2.033 2.001 1.829 1.523 
5.250 63.890 -0.950 -0.292 0.562 1.072 1.516 1.702 1.816 1.903 1.853 1.696 1.404 
5.250 80.060 -1.025 -0.400 0.445 0.958 1.398 1.587 1.693 1.769 1.703 1.559 1.282 
5.250 100.500 -1.105 -0.513 0.323 0.841 1.276 1.468 1.565 1.631 1.548 1.418 1.156 
5.250 126.290 -1.166 -0.608 0.230 0.755 1.183 1.369 1.451 1.491 1.387 1.278 1.048 
5.250 158.810 -1.229 -0.703 0.139 0.674 1.093 1.271 1.334 1.342 1.216 1.130 0.938 
5.250 199.780 -1.291 -0.799 0.049 0.593 1.004 1.172 1.217 1.193 1.046 0.982 0.829 
5.250 251.390 -1.359 -0.900 -0.046 0.504 0.901 1.056 1.081 1.023 0.857 0.816 0.707 
5.250 316.390 -1.439 -1.013 -0.147 0.397 0.774 0.904 0.908 0.813 0.633 0.614 0.558 
5.250 398.240 -1.519 -1.125 -0.249 0.290 0.646 0.753 0.735 0.603 0.408 0.412 0.408 
5.250 501.290 -1.599 -1.238 -0.350 0.184 0.519 0.602 0.562 0.394 0.184 0.211 0.260 
5.250 631.040 -1.726 -1.397 -0.478 0.075 0.423 0.511 0.472 0.297 0.079 0.106 0.119 
5.250 794.390 -1.856 -1.559 -0.606 -0.033 0.329 0.424 0.386 0.205 -0.022 0.005 -0.021 
5.500 10.050 -0.044 0.926 1.789 2.244 2.657 2.823 2.951 3.051 3.036 2.808 2.677 
5.500 10.080 -0.046 0.923 1.787 2.243 2.657 2.823 2.950 3.045 3.031 2.802 2.673 
5.500 10.120 -0.049 0.920 1.784 2.242 2.657 2.823 2.948 3.040 3.027 2.797 2.668 
5.500 10.200 -0.052 0.917 1.781 2.241 2.657 2.823 2.946 3.034 3.022 2.792 2.663 
5.500 10.310 -0.072 0.897 1.761 2.224 2.641 2.806 2.927 3.006 2.995 2.768 2.635 
5.500 10.490 -0.097 0.867 1.729 2.196 2.615 2.780 2.896 2.964 2.953 2.733 2.593 
5.500 10.760 -0.113 0.837 1.698 2.169 2.589 2.754 2.866 2.922 2.912 2.698 2.551 
5.500 11.180 -0.118 0.803 1.662 2.137 2.558 2.723 2.831 2.878 2.868 2.659 2.505 
5.500 11.820 -0.137 0.764 1.621 2.101 2.523 2.687 2.792 2.838 2.828 2.621 2.455 
5.500 12.770 -0.150 0.724 1.580 2.064 2.488 2.650 2.753 2.797 2.788 2.583 2.405 
5.500 14.140 -0.162 0.683 1.539 2.028 2.453 2.613 2.714 2.756 2.748 2.544 2.354 
5.500 16.080 -0.192 0.627 1.478 1.965 2.388 2.547 2.650 2.700 2.691 2.490 2.286 
5.500 18.740 -0.224 0.567 1.414 1.897 2.319 2.476 2.581 2.641 2.631 2.433 2.215 
5.500 22.320 -0.258 0.506 1.349 1.829 2.249 2.403 2.511 2.582 2.570 2.375 2.142 
5.500 27.040 -0.299 0.436 1.275 1.751 2.167 2.322 2.432 2.512 2.498 2.309 2.063 
5.500 33.160 -0.353 0.357 1.188 1.660 2.072 2.230 2.341 2.430 2.413 2.231 1.975 
5.500 41.050 -0.423 0.254 1.070 1.534 1.940 2.101 2.214 2.305 2.280 2.107 1.849 
5.500 51.110 -0.497 0.149 0.952 1.408 1.808 1.972 2.086 2.177 2.144 1.982 1.722 
5.500 63.890 -0.566 0.049 0.843 1.302 1.697 1.865 1.971 2.052 2.002 1.855 1.610 
5.500 80.060 -0.640 -0.055 0.730 1.193 1.582 1.754 1.852 1.923 1.857 1.725 1.494 
5.500 100.500 -0.717 -0.162 0.614 1.079 1.464 1.639 1.729 1.790 1.708 1.591 1.374 
5.500 126.290 -0.779 -0.254 0.526 0.999 1.375 1.543 1.616 1.650 1.548 1.451 1.270 
5.500 158.810 -0.842 -0.347 0.441 0.923 1.289 1.446 1.499 1.499 1.375 1.301 1.165 
5.500 199.780 -0.905 -0.440 0.357 0.847 1.204 1.349 1.382 1.347 1.203 1.150 1.060 
5.500 251.390 -0.973 -0.538 0.268 0.762 1.106 1.235 1.246 1.176 1.013 0.982 0.941 
5.500 316.390 -1.054 -0.649 0.172 0.661 0.983 1.087 1.074 0.967 0.788 0.780 0.797 
5.500 398.240 -1.135 -0.759 0.076 0.559 0.860 0.938 0.902 0.757 0.563 0.578 0.652 
5.500 501.290 -1.215 -0.869 -0.020 0.458 0.737 0.789 0.730 0.547 0.339 0.375 0.508 
5.500 631.040 -1.332 -1.016 -0.136 0.359 0.650 0.706 0.646 0.456 0.239 0.276 0.376 
5.500 794.390 -1.451 -1.164 -0.252 0.261 0.564 0.625 0.566 0.370 0.144 0.181 0.245 
5.750 10.050 0.283 1.181 1.989 2.407 2.784 2.929 3.038 3.109 3.092 2.858 2.778 
5.750 10.080 0.281 1.178 1.987 2.407 2.784 2.929 3.037 3.106 3.089 2.854 2.775 
5.750 10.120 0.279 1.176 1.985 2.406 2.784 2.928 3.036 3.102 3.085 2.850 2.772 
5.750 10.200 0.276 1.174 1.983 2.405 2.784 2.928 3.035 3.098 3.082 2.845 2.768 
5.750 10.310 0.260 1.158 1.967 2.392 2.772 2.916 3.019 3.077 3.061 2.827 2.746 
5.750 10.490 0.236 1.134 1.943 2.372 2.752 2.895 2.996 3.045 3.029 2.799 2.713 
5.750 10.760 0.218 1.110 1.919 2.351 2.732 2.875 2.972 3.013 2.997 2.772 2.680 
5.750 11.180 0.208 1.079 1.887 2.322 2.704 2.846 2.940 2.974 2.958 2.737 2.639 
5.750 11.820 0.185 1.027 1.832 2.269 2.650 2.791 2.883 2.913 2.897 2.678 2.572 
5.750 12.770 0.165 0.984 1.787 2.228 2.610 2.749 2.840 2.868 2.852 2.637 2.518 
5.750 14.140 0.154 0.943 1.746 2.191 2.574 2.711 2.800 2.828 2.813 2.600 2.468 
5.750 16.080 0.122 0.885 1.685 2.128 2.509 2.645 2.736 2.772 2.756 2.548 2.401 
5.750 18.740 0.088 0.824 1.619 2.059 2.438 2.574 2.667 2.712 2.696 2.493 2.331 
5.750 22.320 0.053 0.762 1.554 1.990 2.368 2.502 2.597 2.652 2.635 2.437 2.260 
5.750 27.040 0.008 0.693 1.479 1.911 2.286 2.422 2.519 2.582 2.564 2.374 2.183 
5.750 33.160 -0.047 0.615 1.393 1.821 2.193 2.332 2.431 2.503 2.482 2.302 2.099 
5.750 41.050 -0.105 0.533 1.303 1.727 2.094 2.237 2.339 2.419 2.395 2.225 2.010 
5.750 51.110 -0.179 0.430 1.187 1.602 1.963 2.110 2.214 2.295 2.263 2.105 1.887 
5.750 63.890 -0.251 0.331 1.080 1.498 1.853 2.004 2.101 2.173 2.126 1.983 1.779 
5.750 80.060 -0.324 0.229 0.970 1.391 1.740 1.894 1.985 2.047 1.985 1.858 1.666 
5.750 100.500 -0.403 0.123 0.856 1.279 1.623 1.780 1.864 1.917 1.841 1.729 1.550 
5.750 126.290 -0.464 0.034 0.772 1.201 1.536 1.685 1.752 1.781 1.684 1.592 1.450 
5.750 158.810 -0.528 -0.057 0.691 1.128 1.453 1.590 1.636 1.634 1.515 1.444 1.348 
5.750 199.780 -0.590 -0.147 0.610 1.055 1.370 1.494 1.520 1.486 1.346 1.296 1.246 
5.750 251.390 -0.660 -0.243 0.525 0.973 1.275 1.381 1.386 1.319 1.159 1.130 1.132 
5.750 316.390 -0.741 -0.351 0.433 0.875 1.155 1.235 1.216 1.114 0.938 0.930 0.992 
5.750 398.240 -0.820 -0.458 0.340 0.778 1.036 1.089 1.046 0.909 0.717 0.730 0.852 
5.750 501.290 -0.901 -0.566 0.248 0.680 0.916 0.943 0.877 0.703 0.495 0.530 0.712 
5.750 631.040 -1.010 -0.701 0.142 0.589 0.835 0.865 0.798 0.618 0.401 0.436 0.587 
5.750 794.390 -1.119 -0.838 0.035 0.500 0.756 0.790 0.723 0.537 0.312 0.347 0.464 
6.000 10.050 0.607 1.435 2.188 2.571 2.912 3.035 3.126 3.168 3.148 2.909 2.879 
6.000 10.080 0.605 1.434 2.187 2.571 2.912 3.034 3.125 3.166 3.146 2.906 2.877 
6.000 10.120 0.604 1.432 2.186 2.570 2.912 3.034 3.124 3.164 3.144 2.902 2.875 
6.000 10.200 0.602 1.430 2.185 2.570 2.912 3.034 3.123 3.162 3.142 2.899 2.873 
6.000 10.310 0.590 1.419 2.174 2.561 2.904 3.025 3.112 3.147 3.127 2.886 2.858 
6.000 10.490 0.572 1.401 2.157 2.547 2.890 3.010 3.095 3.126 3.105 2.866 2.834 
6.000 10.760 0.554 1.382 2.140 2.533 2.876 2.996 3.078 3.104 3.083 2.846 2.810 
6.000 11.180 0.531 1.356 2.114 2.510 2.852 2.972 3.051 3.073 3.051 2.818 2.776 
6.000 11.820 0.503 1.304 2.059 2.457 2.799 2.917 2.995 3.014 2.992 2.763 2.710 
6.000 12.770 0.482 1.252 2.005 2.404 2.745 2.862 2.939 2.956 2.933 2.707 2.645 
6.000 14.140 0.461 1.202 1.953 2.355 2.695 2.810 2.886 2.901 2.878 2.656 2.582 
6.000 16.080 0.428 1.143 1.891 2.290 2.629 2.744 2.822 2.843 2.821 2.606 2.516 
6.000 18.740 0.391 1.081 1.825 2.221 2.558 2.672 2.753 2.783 2.761 2.553 2.447 
6.000 22.320 0.354 1.018 1.758 2.151 2.487 2.600 2.684 2.721 2.700 2.500 2.377 
6.000 27.040 0.308 0.949 1.683 2.072 2.405 2.520 2.607 2.652 2.630 2.439 2.302 
6.000 33.160 0.251 0.871 1.597 1.982 2.311 2.431 2.520 2.574 2.550 2.371 2.221 
6.000 41.050 0.193 0.792 1.511 1.890 2.216 2.340 2.433 2.495 2.469 2.302 2.138 
6.000 51.110 0.132 0.711 1.421 1.796 2.119 2.248 2.342 2.412 2.382 2.228 2.053 
6.000 63.890 0.062 0.614 1.317 1.694 2.010 2.143 2.231 2.293 2.250 2.111 1.948 
6.000 80.060 -0.013 0.513 1.210 1.588 1.898 2.034 2.117 2.171 2.114 1.991 1.839 
6.000 100.500 -0.091 0.409 1.098 1.478 1.782 1.921 1.999 2.044 1.973 1.867 1.726 
6.000 126.290 -0.155 0.322 1.017 1.403 1.697 1.828 1.889 1.912 1.821 1.733 1.629 
6.000 158.810 -0.218 0.233 0.940 1.333 1.617 1.733 1.774 1.768 1.655 1.587 1.531 
6.000 199.780 -0.282 0.145 0.863 1.263 1.536 1.639 1.659 1.625 1.489 1.441 1.433 
6.000 251.390 -0.351 0.052 0.783 1.184 1.444 1.528 1.526 1.462 1.306 1.278 1.322 
6.000 316.390 -0.431 -0.053 0.694 1.090 1.328 1.384 1.358 1.262 1.088 1.080 1.187 
6.000 398.240 -0.511 -0.157 0.605 0.996 1.211 1.241 1.191 1.061 0.870 0.883 1.051 
6.000 501.290 -0.591 -0.262 0.516 0.902 1.095 1.097 1.023 0.860 0.652 0.685 0.916 
6.000 631.040 -0.691 -0.386 0.420 0.820 1.021 1.025 0.950 0.780 0.563 0.597 0.799 
6.000 794.390 -0.793 -0.512 0.323 0.738 0.948 0.955 0.880 0.705 0.480 0.514 0.683 
6.250 10.050 0.891 1.659 2.360 2.708 3.017 3.124 3.204 3.232 3.207 2.965 2.982 
6.250 10.080 0.890 1.658 2.360 2.708 3.017 3.124 3.204 3.231 3.206 2.963 2.981 
6.250 10.120 0.889 1.657 2.359 2.708 3.017 3.124 3.203 3.230 3.204 2.961 2.980 
6.250 10.200 0.888 1.656 2.358 2.707 3.017 3.123 3.203 3.228 3.203 2.959 2.979 
6.250 10.310 0.881 1.649 2.352 2.703 3.013 3.119 3.197 3.221 3.195 2.951 2.970 
6.250 10.490 0.871 1.639 2.343 2.696 3.006 3.112 3.188 3.209 3.183 2.938 2.956 
6.250 10.760 0.860 1.628 2.333 2.689 3.000 3.104 3.178 3.198 3.171 2.926 2.942 
6.250 11.180 0.840 1.608 2.314 2.672 2.982 3.086 3.159 3.176 3.149 2.904 2.916 
6.250 11.820 0.790 1.558 2.263 2.623 2.933 3.036 3.106 3.121 3.093 2.854 2.854 
6.250 12.770 0.769 1.508 2.212 2.574 2.883 2.984 3.053 3.065 3.038 2.803 2.792 
6.250 14.140 0.748 1.457 2.161 2.524 2.832 2.932 3.000 3.010 2.982 2.753 2.730 
6.250 16.080 0.703 1.379 2.076 2.435 2.740 2.840 2.911 2.920 2.891 2.670 2.636 
6.250 18.740 0.661 1.312 2.006 2.363 2.666 2.766 2.839 2.854 2.826 2.614 2.563 
6.250 22.320 0.618 1.245 1.937 2.291 2.594 2.693 2.769 2.790 2.763 2.560 2.490 
6.250 27.040 0.567 1.172 1.859 2.210 2.511 2.612 2.690 2.719 2.691 2.500 2.414 
6.250 33.160 0.509 1.092 1.772 2.119 2.417 2.522 2.603 2.639 2.611 2.433 2.332 
6.250 41.050 0.446 1.010 1.684 2.026 2.321 2.429 2.515 2.558 2.529 2.365 2.248 
6.250 51.110 0.381 0.927 1.596 1.933 2.225 2.338 2.426 2.476 2.445 2.295 2.165 
6.250 63.890 0.319 0.846 1.514 1.856 2.143 2.258 2.341 2.390 2.350 2.216 2.089 
6.250 80.060 0.240 0.744 1.405 1.748 2.029 2.146 2.224 2.266 2.214 2.097 1.979 
6.250 100.500 0.155 0.637 1.292 1.636 1.910 2.030 2.103 2.139 2.075 1.974 1.866 
6.250 126.290 0.089 0.550 1.210 1.560 1.824 1.934 1.992 2.007 1.926 1.842 1.770 
6.250 158.810 0.022 0.462 1.133 1.489 1.743 1.838 1.876 1.867 1.764 1.698 1.673 
6.250 199.780 -0.043 0.374 1.056 1.418 1.661 1.742 1.760 1.726 1.603 1.555 1.576 
6.250 251.390 -0.114 0.281 0.975 1.340 1.568 1.630 1.627 1.566 1.424 1.394 1.466 
6.250 316.390 -0.196 0.177 0.888 1.247 1.453 1.487 1.460 1.369 1.211 1.200 1.333 
6.250 398.240 -0.278 0.074 0.800 1.154 1.337 1.344 1.293 1.173 0.998 1.006 1.200 
6.250 501.290 -0.359 -0.030 0.712 1.061 1.222 1.202 1.126 0.976 0.785 0.811 1.067 
6.250 631.040 -0.454 -0.146 0.623 0.985 1.152 1.133 1.057 0.900 0.701 0.728 0.956 
6.250 794.390 -0.549 -0.263 0.534 0.909 1.084 1.068 0.991 0.830 0.623 0.649 0.846 
6.500 10.050 1.174 1.883 2.532 2.846 3.123 3.214 3.283 3.296 3.265 3.021 3.085 
6.500 10.080 1.174 1.883 2.532 2.846 3.122 3.214 3.283 3.296 3.265 3.021 3.085 
6.500 10.120 1.173 1.882 2.532 2.845 3.122 3.213 3.282 3.295 3.265 3.020 3.085 
6.500 10.200 1.173 1.882 2.531 2.845 3.122 3.213 3.282 3.295 3.264 3.020 3.084 
6.500 10.310 1.171 1.880 2.530 2.845 3.122 3.213 3.281 3.294 3.263 3.016 3.082 
6.500 10.490 1.168 1.877 2.529 2.845 3.123 3.213 3.280 3.293 3.262 3.011 3.078 
6.500 10.760 1.165 1.874 2.527 2.845 3.124 3.213 3.279 3.291 3.260 3.005 3.074 
6.500 11.180 1.151 1.860 2.514 2.834 3.113 3.202 3.267 3.278 3.246 2.990 3.057 
6.500 11.820 1.103 1.812 2.467 2.789 3.067 3.154 3.217 3.227 3.194 2.945 2.999 
6.500 12.770 1.055 1.764 2.420 2.743 3.020 3.106 3.168 3.175 3.142 2.900 2.940 
6.500 14.140 1.029 1.715 2.372 2.697 2.973 3.058 3.118 3.123 3.090 2.854 2.881 
6.500 16.080 0.982 1.634 2.285 2.607 2.880 2.966 3.027 3.032 2.997 2.771 2.786 
6.500 18.740 0.927 1.546 2.192 2.509 2.780 2.865 2.930 2.933 2.898 2.682 2.684 
6.500 22.320 0.877 1.472 2.115 2.431 2.701 2.786 2.853 2.860 2.826 2.620 2.603 
6.500 27.040 0.822 1.395 2.035 2.348 2.617 2.704 2.774 2.786 2.753 2.560 2.525 
6.500 33.160 0.758 1.312 1.947 2.255 2.522 2.612 2.686 2.704 2.671 2.494 2.442 
6.500 41.050 0.692 1.227 1.858 2.161 2.425 2.518 2.597 2.621 2.588 2.427 2.358 
6.500 51.110 0.623 1.142 1.768 2.068 2.329 2.425 2.507 2.536 2.504 2.359 2.274 
6.500 63.890 0.559 1.063 1.689 1.994 2.251 2.348 2.426 2.456 2.417 2.288 2.204 
6.500 80.060 0.485 0.974 1.599 1.908 2.160 2.258 2.331 2.362 2.316 2.203 2.120 
6.500 100.500 0.399 0.866 1.485 1.794 2.039 2.138 2.208 2.233 2.177 2.080 2.006 
6.500 126.290 0.329 0.778 1.403 1.716 1.951 2.040 2.095 2.103 2.031 1.950 1.911 
6.500 158.810 0.262 0.690 1.326 1.645 1.869 1.943 1.978 1.965 1.874 1.809 1.815 
6.500 199.780 0.192 0.602 1.249 1.574 1.786 1.845 1.861 1.827 1.717 1.668 1.719 
6.500 251.390 0.117 0.509 1.168 1.496 1.693 1.732 1.728 1.670 1.542 1.510 1.611 
6.500 316.390 0.034 0.407 1.082 1.404 1.578 1.590 1.562 1.477 1.334 1.319 1.480 
6.500 398.240 -0.049 0.305 0.995 1.312 1.463 1.448 1.396 1.284 1.126 1.129 1.350 
6.500 501.290 -0.133 0.202 0.908 1.220 1.348 1.306 1.230 1.091 0.918 0.938 1.219 
6.500 631.040 -0.223 0.094 0.826 1.149 1.283 1.241 1.164 1.020 0.839 0.859 1.113 
6.500 794.390 -0.313 -0.014 0.744 1.079 1.219 1.180 1.102 0.954 0.766 0.785 1.009 
6.750 10.050 1.411 2.069 2.669 2.958 3.214 3.294 3.352 3.357 3.317 3.063 3.176 
6.750 10.080 1.411 2.068 2.669 2.957 3.214 3.293 3.352 3.357 3.316 3.063 3.175 
6.750 10.120 1.411 2.068 2.669 2.957 3.214 3.293 3.351 3.356 3.316 3.062 3.175 
6.750 10.200 1.410 2.068 2.668 2.957 3.214 3.293 3.351 3.356 3.316 3.062 3.175 
6.750 10.310 1.409 2.066 2.668 2.957 3.214 3.292 3.350 3.355 3.315 3.059 3.173 
6.750 10.490 1.407 2.064 2.666 2.957 3.214 3.292 3.350 3.354 3.314 3.056 3.171 
6.750 10.760 1.405 2.062 2.665 2.956 3.214 3.292 3.349 3.353 3.313 3.053 3.168 
6.750 11.180 1.397 2.054 2.658 2.950 3.208 3.285 3.341 3.345 3.304 3.043 3.158 
6.750 11.820 1.369 2.026 2.631 2.924 3.182 3.259 3.314 3.316 3.275 3.016 3.124 
6.750 12.770 1.341 1.998 2.604 2.898 3.155 3.232 3.285 3.286 3.245 2.988 3.090 
6.750 14.140 1.312 1.969 2.576 2.872 3.129 3.205 3.257 3.256 3.215 2.960 3.055 
6.750 16.080 1.239 1.884 2.487 2.780 3.035 3.111 3.166 3.164 3.122 2.878 2.957 
6.750 18.740 1.182 1.788 2.388 2.678 2.931 3.007 3.063 3.060 3.019 2.788 2.848 
6.750 22.320 1.119 1.692 2.289 2.575 2.825 2.901 2.960 2.956 2.914 2.697 2.738 
6.750 27.040 1.052 1.601 2.196 2.479 2.727 2.804 2.866 2.866 2.825 2.623 2.644 
6.750 33.160 0.982 1.512 2.103 2.382 2.629 2.708 2.774 2.780 2.740 2.555 2.557 
6.750 41.050 0.907 1.421 2.009 2.283 2.529 2.610 2.680 2.693 2.654 2.486 2.469 
6.750 51.110 0.830 1.330 1.915 2.186 2.430 2.513 2.586 2.605 2.567 2.417 2.382 
6.750 63.890 0.761 1.247 1.832 2.106 2.347 2.429 2.499 2.521 2.479 2.346 2.309 
6.750 80.060 0.687 1.161 1.747 2.024 2.261 2.343 2.409 2.436 2.389 2.274 2.233 
6.750 100.500 0.602 1.061 1.643 1.921 2.153 2.235 2.298 2.325 2.272 2.174 2.135 
6.750 126.290 0.530 0.972 1.559 1.840 2.060 2.133 2.183 2.197 2.128 2.047 2.040 
6.750 158.810 0.460 0.885 1.480 1.766 1.973 2.032 2.066 2.062 1.976 1.910 1.944 
6.750 199.780 0.388 0.798 1.400 1.692 1.886 1.931 1.949 1.927 1.824 1.773 1.848 
6.750 251.390 0.313 0.706 1.319 1.612 1.788 1.816 1.816 1.774 1.655 1.619 1.742 
6.750 316.390 0.228 0.605 1.232 1.519 1.672 1.674 1.652 1.585 1.452 1.432 1.613 
6.750 398.240 0.144 0.505 1.145 1.427 1.556 1.532 1.488 1.397 1.249 1.246 1.485 
6.750 501.290 0.058 0.404 1.058 1.335 1.440 1.391 1.324 1.208 1.046 1.060 1.356 
6.750 631.040 -0.027 0.303 0.981 1.268 1.378 1.329 1.262 1.141 0.972 0.986 1.255 
6.750 794.390 -0.112 0.202 0.905 1.202 1.318 1.270 1.203 1.080 0.903 0.916 1.156 
7.000 10.050 1.645 2.254 2.806 3.070 3.307 3.374 3.421 3.418 3.368 3.105 3.266 
7.000 10.080 1.645 2.254 2.806 3.069 3.306 3.373 3.421 3.418 3.368 3.105 3.266 
7.000 10.120 1.644 2.253 2.806 3.069 3.306 3.373 3.420 3.417 3.368 3.104 3.266 
7.000 10.200 1.644 2.253 2.805 3.069 3.306 3.373 3.420 3.417 3.367 3.104 3.265 
7.000 10.310 1.643 2.252 2.805 3.068 3.305 3.372 3.419 3.416 3.367 3.103 3.264 
7.000 10.490 1.642 2.251 2.804 3.068 3.305 3.371 3.419 3.416 3.366 3.101 3.263 
7.000 10.760 1.641 2.250 2.803 3.068 3.304 3.371 3.418 3.415 3.365 3.100 3.262 
7.000 11.180 1.638 2.247 2.801 3.066 3.303 3.369 3.416 3.412 3.363 3.096 3.258 
7.000 11.820 1.631 2.240 2.794 3.060 3.297 3.363 3.410 3.405 3.355 3.086 3.249 
7.000 12.770 1.622 2.232 2.787 3.053 3.291 3.358 3.403 3.398 3.348 3.076 3.240 
7.000 14.140 1.614 2.223 2.780 3.046 3.284 3.351 3.397 3.390 3.340 3.065 3.229 
7.000 16.080 1.524 2.133 2.690 2.954 3.190 3.257 3.304 3.296 3.247 2.985 3.129 
7.000 18.740 1.422 2.030 2.585 2.847 3.081 3.148 3.196 3.188 3.139 2.893 3.013 
7.000 22.320 1.357 1.925 2.480 2.740 2.972 3.038 3.088 3.078 3.030 2.801 2.896 
7.000 27.040 1.279 1.815 2.365 2.619 2.849 2.915 2.969 2.959 2.910 2.698 2.775 
7.000 33.160 1.198 1.712 2.259 2.508 2.737 2.804 2.862 2.856 2.809 2.616 2.673 
7.000 41.050 1.116 1.615 2.160 2.406 2.634 2.702 2.763 2.764 2.720 2.545 2.581 
7.000 51.110 1.033 1.518 2.061 2.304 2.532 2.600 2.664 2.673 2.630 2.474 2.489 
7.000 63.890 0.959 1.431 1.975 2.219 2.443 2.510 2.572 2.586 2.540 2.404 2.414 
7.000 80.060 0.879 1.342 1.886 2.131 2.351 2.417 2.477 2.497 2.448 2.332 2.336 
7.000 100.500 0.795 1.250 1.793 2.040 2.257 2.321 2.379 2.405 2.354 2.256 2.255 
7.000 126.290 0.727 1.167 1.714 1.964 2.169 2.225 2.272 2.290 2.226 2.144 2.169 
7.000 158.810 0.654 1.081 1.633 1.887 2.077 2.121 2.154 2.158 2.079 2.011 2.073 
7.000 199.780 0.581 0.994 1.552 1.809 1.985 2.017 2.037 2.027 1.932 1.877 1.978 
7.000 251.390 0.503 0.903 1.469 1.727 1.885 1.900 1.904 1.877 1.768 1.727 1.872 
7.000 316.390 0.418 0.804 1.382 1.635 1.767 1.759 1.742 1.693 1.569 1.546 1.746 
7.000 398.240 0.332 0.704 1.295 1.543 1.650 1.617 1.581 1.509 1.371 1.364 1.620 
7.000 501.290 0.245 0.605 1.208 1.450 1.532 1.475 1.419 1.325 1.173 1.182 1.493 
7.000 631.040 0.164 0.511 1.137 1.387 1.473 1.416 1.359 1.263 1.104 1.113 1.397 
7.000 794.390 0.083 0.418 1.066 1.326 1.416 1.361 1.305 1.205 1.040 1.048 1.303 
7.250 10.050 1.832 2.400 2.910 3.156 3.384 3.443 3.486 3.482 3.431 3.147 3.344 
7.250 10.080 1.832 2.400 2.910 3.156 3.383 3.443 3.486 3.482 3.431 3.147 3.344 
7.250 10.120 1.832 2.400 2.910 3.156 3.383 3.443 3.486 3.482 3.431 3.146 3.343 
7.250 10.200 1.832 2.399 2.909 3.155 3.383 3.442 3.485 3.482 3.430 3.146 3.343 
7.250 10.310 1.831 2.399 2.909 3.155 3.382 3.442 3.485 3.481 3.430 3.145 3.342 
7.250 10.490 1.830 2.398 2.908 3.154 3.382 3.441 3.484 3.480 3.429 3.144 3.341 
7.250 10.760 1.829 2.397 2.907 3.154 3.381 3.440 3.483 3.480 3.428 3.143 3.340 
7.250 11.180 1.827 2.395 2.906 3.152 3.380 3.439 3.482 3.478 3.426 3.139 3.338 
7.250 11.820 1.822 2.390 2.902 3.149 3.377 3.436 3.479 3.473 3.421 3.131 3.332 
7.250 12.770 1.817 2.384 2.897 3.146 3.374 3.433 3.475 3.469 3.416 3.122 3.325 
7.250 14.140 1.811 2.378 2.893 3.142 3.370 3.430 3.472 3.463 3.410 3.113 3.319 
7.250 16.080 1.747 2.314 2.830 3.077 3.305 3.364 3.407 3.398 3.345 3.058 3.248 
7.250 18.740 1.673 2.241 2.756 3.002 3.229 3.288 3.332 3.321 3.270 2.995 3.166 
7.250 22.320 1.599 2.166 2.682 2.926 3.151 3.211 3.256 3.244 3.194 2.931 3.084 
7.250 27.040 1.524 2.062 2.576 2.815 3.038 3.098 3.145 3.133 3.082 2.838 2.972 
7.250 33.160 1.421 1.926 2.433 2.665 2.886 2.946 2.996 2.984 2.932 2.712 2.828 
7.250 41.050 1.316 1.803 2.309 2.536 2.756 2.816 2.869 2.862 2.811 2.616 2.707 
7.250 51.110 1.216 1.690 2.197 2.422 2.642 2.702 2.757 2.758 2.708 2.537 2.602 
7.250 63.890 1.131 1.597 2.103 2.328 2.546 2.605 2.657 2.666 2.615 2.465 2.521 
7.250 80.060 1.042 1.500 2.006 2.231 2.447 2.504 2.556 2.572 2.519 2.390 2.438 
7.250 100.500 0.949 1.400 1.906 2.131 2.344 2.401 2.450 2.474 2.419 2.313 2.350 
7.250 126.290 0.887 1.333 1.844 2.073 2.277 2.328 2.368 2.391 2.328 2.236 2.290 
7.250 158.810 0.814 1.248 1.760 1.990 2.180 2.223 2.253 2.264 2.186 2.109 2.195 
7.250 199.780 0.740 1.162 1.676 1.907 2.082 2.117 2.137 2.135 2.043 1.980 2.100 
7.250 251.390 0.661 1.073 1.590 1.820 1.976 1.999 2.007 1.989 1.883 1.835 1.995 
7.250 316.390 0.573 0.975 1.501 1.725 1.856 1.858 1.847 1.808 1.688 1.658 1.870 
7.250 398.240 0.487 0.877 1.413 1.630 1.736 1.716 1.688 1.628 1.494 1.481 1.745 
7.250 501.290 0.398 0.779 1.324 1.535 1.615 1.574 1.528 1.447 1.299 1.304 1.620 
7.250 631.040 0.321 0.692 1.257 1.475 1.559 1.519 1.473 1.389 1.234 1.238 1.528 
7.250 794.390 0.245 0.605 1.190 1.416 1.505 1.467 1.422 1.336 1.175 1.178 1.438 
7.500 10.050 2.015 2.546 3.014 3.243 3.461 3.513 3.552 3.547 3.494 3.189 3.421 
7.500 10.080 2.015 2.546 3.014 3.243 3.460 3.512 3.552 3.547 3.494 3.188 3.421 
7.500 10.120 2.015 2.545 3.014 3.242 3.460 3.512 3.551 3.546 3.494 3.188 3.421 
7.500 10.200 2.014 2.545 3.013 3.242 3.460 3.512 3.551 3.546 3.493 3.188 3.420 
7.500 10.310 2.014 2.544 3.013 3.241 3.459 3.511 3.550 3.545 3.493 3.187 3.420 
7.500 10.490 2.013 2.544 3.012 3.241 3.458 3.510 3.550 3.545 3.492 3.187 3.419 
7.500 10.760 2.012 2.543 3.011 3.240 3.458 3.510 3.549 3.544 3.491 3.186 3.418 
7.500 11.180 2.011 2.542 3.010 3.239 3.457 3.509 3.548 3.543 3.490 3.183 3.417 
7.500 11.820 2.008 2.539 3.009 3.239 3.457 3.509 3.548 3.541 3.487 3.176 3.414 
7.500 12.770 2.006 2.536 3.007 3.238 3.457 3.509 3.548 3.539 3.484 3.169 3.411 
7.500 14.140 2.002 2.533 3.005 3.237 3.456 3.508 3.547 3.537 3.480 3.161 3.407 
7.500 16.080 1.965 2.496 2.969 3.200 3.419 3.471 3.510 3.499 3.444 3.131 3.367 
7.500 18.740 1.921 2.452 2.927 3.157 3.376 3.428 3.467 3.455 3.401 3.097 3.320 
7.500 22.320 1.877 2.407 2.885 3.113 3.332 3.384 3.424 3.409 3.357 3.062 3.272 
7.500 27.040 1.779 2.310 2.786 3.010 3.228 3.280 3.321 3.306 3.253 2.977 3.170 
7.500 33.160 1.636 2.155 2.627 2.845 3.060 3.111 3.154 3.140 3.086 2.840 3.008 
7.500 41.050 1.513 1.998 2.467 2.677 2.889 2.942 2.986 2.973 2.916 2.700 2.844 
7.500 51.110 1.393 1.863 2.333 2.541 2.753 2.804 2.850 2.844 2.787 2.601 2.715 
7.500 63.890 1.300 1.762 2.231 2.437 2.648 2.699 2.743 2.746 2.689 2.526 2.628 
7.500 80.060 1.202 1.658 2.127 2.331 2.541 2.591 2.634 2.646 2.588 2.449 2.539 
7.500 100.500 1.098 1.551 2.019 2.222 2.431 2.481 2.522 2.543 2.485 2.369 2.446 
7.500 126.290 1.032 1.482 1.952 2.156 2.357 2.403 2.438 2.460 2.394 2.295 2.383 
7.500 158.810 0.969 1.415 1.887 2.094 2.282 2.325 2.352 2.369 2.293 2.207 2.317 
7.500 199.780 0.894 1.331 1.800 2.004 2.179 2.217 2.238 2.244 2.154 2.084 2.222 
7.500 251.390 0.814 1.242 1.711 1.912 2.069 2.098 2.109 2.101 1.998 1.943 2.117 
7.500 316.390 0.724 1.146 1.621 1.815 1.945 1.957 1.952 1.924 1.807 1.771 1.993 
7.500 398.240 0.635 1.050 1.531 1.717 1.822 1.815 1.795 1.746 1.616 1.598 1.870 
7.500 501.290 0.547 0.954 1.441 1.619 1.698 1.673 1.638 1.569 1.425 1.425 1.746 
7.500 631.040 0.473 0.873 1.377 1.562 1.645 1.621 1.586 1.515 1.365 1.364 1.659 
7.500 794.390 0.400 0.792 1.314 1.507 1.594 1.573 1.539 1.467 1.311 1.308 1.574 
7.750 10.050 2.150 2.649 3.077 3.292 3.507 3.556 3.598 3.594 3.543 3.224 3.484 
7.750 10.080 2.150 2.648 3.077 3.292 3.507 3.556 3.598 3.594 3.543 3.224 3.484 
7.750 10.120 2.149 2.648 3.076 3.292 3.507 3.556 3.598 3.594 3.543 3.224 3.483 
7.750 10.200 2.149 2.648 3.076 3.291 3.506 3.555 3.597 3.593 3.542 3.223 3.483 
7.750 10.310 2.148 2.647 3.075 3.291 3.506 3.555 3.597 3.593 3.542 3.223 3.482 
7.750 10.490 2.148 2.646 3.075 3.290 3.505 3.554 3.596 3.592 3.541 3.222 3.482 
7.750 10.760 2.147 2.646 3.074 3.289 3.504 3.553 3.595 3.591 3.540 3.221 3.481 
7.750 11.180 2.146 2.644 3.073 3.288 3.503 3.552 3.595 3.590 3.539 3.220 3.480 
7.750 11.820 2.144 2.643 3.072 3.287 3.503 3.552 3.594 3.589 3.537 3.215 3.478 
7.750 12.770 2.141 2.640 3.070 3.286 3.502 3.551 3.593 3.587 3.535 3.211 3.475 
7.750 14.140 2.139 2.638 3.068 3.285 3.501 3.550 3.591 3.585 3.532 3.206 3.473 
7.750 16.080 2.118 2.617 3.049 3.266 3.482 3.531 3.573 3.564 3.511 3.187 3.451 
7.750 18.740 2.094 2.593 3.026 3.243 3.459 3.509 3.551 3.540 3.487 3.166 3.426 
7.750 22.320 2.069 2.568 3.003 3.219 3.436 3.486 3.528 3.514 3.462 3.143 3.400 
7.750 27.040 1.991 2.490 2.926 3.139 3.355 3.406 3.448 3.433 3.381 3.077 3.319 
7.750 33.160 1.855 2.354 2.790 2.999 3.212 3.262 3.305 3.292 3.238 2.964 3.178 
7.750 41.050 1.718 2.216 2.653 2.856 3.067 3.117 3.161 3.148 3.093 2.848 3.035 
7.750 51.110 1.605 2.076 2.512 2.710 2.918 2.968 3.013 3.000 2.943 2.728 2.890 
7.750 63.890 1.482 1.941 2.374 2.570 2.777 2.826 2.870 2.863 2.803 2.615 2.764 
7.750 80.060 1.359 1.816 2.250 2.445 2.653 2.702 2.743 2.747 2.685 2.526 2.656 
7.750 100.500 1.229 1.687 2.123 2.318 2.527 2.574 2.614 2.629 2.565 2.433 2.545 
7.750 126.290 1.154 1.611 2.045 2.242 2.445 2.490 2.524 2.541 2.471 2.359 2.475 
7.750 158.810 1.092 1.549 1.982 2.180 2.376 2.418 2.446 2.461 2.381 2.286 2.416 
7.750 199.780 1.024 1.480 1.909 2.107 2.294 2.334 2.356 2.367 2.277 2.199 2.344 
7.750 251.390 0.941 1.392 1.816 2.010 2.182 2.215 2.227 2.226 2.123 2.064 2.239 
7.750 316.390 0.850 1.296 1.723 1.908 2.057 2.072 2.071 2.049 1.934 1.893 2.115 
7.750 398.240 0.758 1.200 1.630 1.807 1.931 1.930 1.914 1.872 1.744 1.722 1.992 
7.750 501.290 0.667 1.104 1.537 1.706 1.806 1.787 1.758 1.695 1.555 1.552 1.868 
7.750 631.040 0.596 1.029 1.477 1.651 1.756 1.739 1.711 1.646 1.499 1.496 1.786 
7.750 794.390 0.526 0.954 1.418 1.599 1.710 1.695 1.668 1.602 1.449 1.444 1.705 
8.000 10.050 2.279 2.751 3.139 3.342 3.554 3.600 3.645 3.642 3.592 3.260 3.546 
8.000 10.080 2.279 2.751 3.139 3.342 3.553 3.599 3.645 3.642 3.592 3.260 3.546 
8.000 10.120 2.278 2.750 3.139 3.341 3.553 3.599 3.644 3.641 3.592 3.259 3.546 
8.000 10.200 2.278 2.750 3.138 3.341 3.553 3.599 3.644 3.641 3.591 3.259 3.545 
8.000 10.310 2.277 2.750 3.138 3.340 3.552 3.598 3.643 3.640 3.591 3.258 3.545 
8.000 10.490 2.277 2.749 3.137 3.340 3.551 3.597 3.643 3.640 3.590 3.258 3.544 
8.000 10.760 2.276 2.748 3.136 3.339 3.551 3.597 3.642 3.639 3.589 3.257 3.543 
8.000 11.180 2.275 2.747 3.135 3.338 3.550 3.596 3.641 3.638 3.588 3.256 3.542 
8.000 11.820 2.273 2.746 3.134 3.336 3.548 3.594 3.640 3.637 3.587 3.255 3.541 
8.000 12.770 2.272 2.744 3.132 3.335 3.547 3.593 3.638 3.635 3.585 3.253 3.539 
8.000 14.140 2.270 2.742 3.130 3.333 3.545 3.591 3.636 3.633 3.583 3.251 3.537 
8.000 16.080 2.266 2.738 3.128 3.331 3.544 3.591 3.635 3.629 3.579 3.243 3.535 
8.000 18.740 2.262 2.734 3.125 3.329 3.543 3.590 3.634 3.625 3.574 3.235 3.532 
8.000 22.320 2.257 2.729 3.121 3.325 3.541 3.589 3.632 3.620 3.568 3.225 3.528 
8.000 27.040 2.198 2.670 3.065 3.268 3.483 3.532 3.574 3.560 3.508 3.177 3.469 
8.000 33.160 2.081 2.553 2.953 3.153 3.365 3.413 3.456 3.443 3.390 3.087 3.348 
8.000 41.050 1.962 2.435 2.839 3.035 3.245 3.293 3.337 3.323 3.270 2.996 3.226 
8.000 51.110 1.836 2.309 2.716 2.909 3.116 3.164 3.208 3.195 3.141 2.896 3.097 
8.000 63.890 1.673 2.133 2.534 2.722 2.927 2.974 3.017 3.005 2.943 2.731 2.921 
8.000 80.060 1.515 1.974 2.373 2.560 2.765 2.812 2.852 2.849 2.782 2.603 2.773 
8.000 100.500 1.360 1.823 2.226 2.414 2.623 2.667 2.705 2.714 2.645 2.498 2.644 
8.000 126.290 1.275 1.741 2.139 2.327 2.534 2.577 2.611 2.622 2.547 2.423 2.567 
8.000 158.810 1.209 1.677 2.069 2.258 2.460 2.502 2.531 2.542 2.458 2.354 2.505 
8.000 199.780 1.140 1.614 1.999 2.188 2.386 2.428 2.451 2.461 2.370 2.285 2.443 
8.000 251.390 1.065 1.541 1.921 2.108 2.295 2.331 2.346 2.350 2.249 2.184 2.361 
8.000 316.390 0.971 1.446 1.825 2.002 2.168 2.188 2.190 2.174 2.060 2.015 2.237 
8.000 398.240 0.877 1.350 1.729 1.897 2.041 2.044 2.034 1.998 1.872 1.847 2.114 
8.000 501.290 0.783 1.255 1.634 1.792 1.914 1.901 1.877 1.822 1.684 1.679 1.990 
8.000 631.040 0.714 1.184 1.577 1.741 1.868 1.857 1.835 1.777 1.633 1.627 1.912 
8.000 794.390 0.646 1.115 1.521 1.692 1.825 1.818 1.797 1.738 1.588 1.581 1.836 
