CanadaSHM5_AA13_stablecrust_low , distance is rhypo. Log10 ground motion values in cgs units
          15 30 11 : nmag, ndist, nperiod
          10.000 5.000 2.000 1.000 0.500 0.300 0.200 0.100 0.050 PGA PGV 
          0.620 0.620 0.620 0.620 0.580 0.540 0.530 0.530 0.530 0.530 0.620
4.500 10.050 -2.305 -1.046 -0.086 0.612 1.288 1.681 1.989 2.300 2.414 1.900 1.144 
4.500 10.080 -2.313 -1.053 -0.090 0.607 1.281 1.672 1.981 2.295 2.411 1.900 1.139 
4.500 10.120 -2.317 -1.060 -0.093 0.603 1.274 1.663 1.974 2.290 2.408 1.900 1.134 
4.500 10.200 -2.313 -1.067 -0.097 0.598 1.267 1.654 1.966 2.286 2.404 1.900 1.130 
4.500 10.310 -2.320 -1.084 -0.109 0.583 1.248 1.633 1.946 2.271 2.392 1.892 1.115 
4.500 10.490 -2.316 -1.107 -0.126 0.563 1.222 1.603 1.918 2.249 2.374 1.880 1.096 
4.500 10.760 -2.314 -1.130 -0.143 0.542 1.196 1.573 1.890 2.228 2.356 1.867 1.076 
4.500 11.180 -2.318 -1.159 -0.169 0.514 1.163 1.536 1.854 2.197 2.328 1.846 1.048 
4.500 11.820 -2.333 -1.207 -0.220 0.460 1.105 1.477 1.795 2.140 2.265 1.798 0.994 
4.500 12.770 -2.343 -1.255 -0.271 0.406 1.047 1.419 1.735 2.081 2.202 1.751 0.941 
4.500 14.140 -2.353 -1.303 -0.322 0.353 0.990 1.360 1.676 2.024 2.140 1.703 0.887 
4.500 16.080 -2.398 -1.388 -0.417 0.259 0.896 1.269 1.580 1.920 2.018 1.606 0.788 
4.500 18.740 -2.449 -1.479 -0.519 0.160 0.796 1.172 1.478 1.810 1.886 1.502 0.681 
4.500 22.320 -2.498 -1.569 -0.620 0.061 0.697 1.076 1.378 1.700 1.755 1.399 0.575 
4.500 27.040 -2.560 -1.673 -0.734 -0.050 0.585 0.965 1.261 1.573 1.606 1.277 0.452 
4.500 33.160 -2.637 -1.791 -0.862 -0.177 0.459 0.839 1.129 1.427 1.437 1.134 0.312 
4.500 41.050 -2.711 -1.908 -0.988 -0.301 0.335 0.715 0.998 1.282 1.270 0.994 0.173 
4.500 51.110 -2.782 -2.020 -1.108 -0.421 0.214 0.593 0.870 1.141 1.107 0.857 0.038 
4.500 63.890 -2.828 -2.106 -1.199 -0.524 0.104 0.475 0.748 1.011 0.971 0.735 -0.082 
4.500 80.060 -2.869 -2.188 -1.286 -0.624 -0.002 0.359 0.630 0.885 0.838 0.617 -0.199 
4.500 100.500 -2.905 -2.266 -1.369 -0.720 -0.105 0.249 0.516 0.764 0.709 0.503 -0.312 
4.500 126.290 -2.974 -2.376 -1.477 -0.847 -0.245 0.094 0.354 0.585 0.518 0.327 -0.467 
4.500 158.810 -3.047 -2.490 -1.587 -0.979 -0.391 -0.069 0.181 0.392 0.311 0.136 -0.629 
4.500 199.780 -3.118 -2.604 -1.697 -1.112 -0.537 -0.231 0.009 0.199 0.104 -0.055 -0.792 
4.500 251.390 -3.200 -2.726 -1.814 -1.250 -0.692 -0.405 -0.178 -0.012 -0.125 -0.266 -0.965 
4.500 316.390 -3.297 -2.864 -1.943 -1.399 -0.864 -0.600 -0.393 -0.260 -0.394 -0.515 -1.159 
4.500 398.240 -3.395 -3.002 -2.072 -1.549 -1.036 -0.795 -0.608 -0.507 -0.664 -0.763 -1.352 
4.500 501.290 -3.491 -3.141 -2.202 -1.698 -1.207 -0.990 -0.823 -0.754 -0.934 -1.012 -1.546 
4.500 631.040 -3.661 -3.352 -2.378 -1.857 -1.348 -1.125 -0.953 -0.886 -1.078 -1.156 -1.736 
4.500 794.390 -3.834 -3.566 -2.556 -2.015 -1.488 -1.256 -1.080 -1.014 -1.217 -1.295 -1.927 
4.750 10.050 -1.926 -0.759 0.177 0.853 1.482 1.848 2.138 2.424 2.518 2.015 1.314 
4.750 10.080 -1.932 -0.764 0.174 0.848 1.476 1.841 2.132 2.422 2.515 2.016 1.310 
4.750 10.120 -1.937 -0.769 0.172 0.844 1.469 1.833 2.125 2.419 2.512 2.017 1.307 
4.750 10.200 -1.933 -0.774 0.169 0.840 1.463 1.825 2.119 2.417 2.510 2.018 1.304 
4.750 10.310 -1.937 -0.790 0.157 0.824 1.443 1.803 2.099 2.403 2.497 2.011 1.290 
4.750 10.490 -1.936 -0.811 0.138 0.801 1.415 1.773 2.071 2.383 2.477 1.999 1.270 
4.750 10.760 -1.932 -0.832 0.119 0.779 1.388 1.743 2.044 2.363 2.458 1.988 1.250 
4.750 11.180 -1.935 -0.860 0.093 0.749 1.353 1.707 2.008 2.335 2.429 1.968 1.222 
4.750 11.820 -1.954 -0.909 0.040 0.693 1.295 1.648 1.949 2.278 2.367 1.922 1.168 
4.750 12.770 -1.967 -0.958 -0.011 0.638 1.237 1.590 1.890 2.221 2.305 1.876 1.114 
4.750 14.140 -1.979 -1.006 -0.063 0.584 1.179 1.532 1.832 2.165 2.243 1.830 1.060 
4.750 16.080 -2.029 -1.093 -0.157 0.492 1.087 1.443 1.738 2.061 2.124 1.736 0.961 
4.750 18.740 -2.084 -1.187 -0.258 0.395 0.990 1.350 1.638 1.950 1.996 1.633 0.855 
4.750 22.320 -2.137 -1.279 -0.357 0.298 0.894 1.257 1.539 1.841 1.869 1.532 0.750 
4.750 27.040 -2.203 -1.384 -0.468 0.189 0.786 1.150 1.426 1.714 1.724 1.411 0.629 
4.750 33.160 -2.284 -1.502 -0.590 0.068 0.665 1.028 1.297 1.571 1.560 1.271 0.491 
4.750 41.050 -2.361 -1.618 -0.711 -0.051 0.546 0.908 1.170 1.429 1.397 1.133 0.355 
4.750 51.110 -2.433 -1.729 -0.827 -0.167 0.430 0.790 1.045 1.290 1.240 0.998 0.222 
4.750 63.890 -2.475 -1.809 -0.911 -0.265 0.325 0.676 0.929 1.168 1.110 0.882 0.105 
4.750 80.060 -2.512 -1.886 -0.992 -0.360 0.224 0.566 0.816 1.049 0.985 0.769 -0.007 
4.750 100.500 -2.547 -1.959 -1.068 -0.451 0.126 0.459 0.707 0.934 0.863 0.661 -0.116 
4.750 126.290 -2.606 -2.056 -1.169 -0.573 -0.008 0.311 0.552 0.766 0.686 0.498 -0.262 
4.750 158.810 -2.667 -2.155 -1.270 -0.700 -0.150 0.154 0.388 0.586 0.495 0.321 -0.415 
4.750 199.780 -2.728 -2.254 -1.372 -0.827 -0.291 -0.003 0.224 0.405 0.303 0.144 -0.568 
4.750 251.390 -2.796 -2.363 -1.481 -0.960 -0.440 -0.170 0.045 0.206 0.090 -0.052 -0.731 
4.750 316.390 -2.886 -2.489 -1.604 -1.103 -0.606 -0.359 -0.162 -0.031 -0.166 -0.287 -0.914 
4.750 398.240 -2.973 -2.616 -1.727 -1.247 -0.773 -0.547 -0.369 -0.267 -0.422 -0.523 -1.098 
4.750 501.290 -3.061 -2.742 -1.850 -1.391 -0.938 -0.736 -0.577 -0.504 -0.678 -0.758 -1.282 
4.750 631.040 -3.219 -2.938 -2.013 -1.539 -1.070 -0.861 -0.698 -0.626 -0.812 -0.892 -1.463 
4.750 794.390 -3.380 -3.138 -2.178 -1.686 -1.199 -0.983 -0.815 -0.744 -0.942 -1.022 -1.644 
5.000 10.050 -1.551 -0.472 0.440 1.093 1.677 2.016 2.288 2.549 2.621 2.129 1.484 
5.000 10.080 -1.555 -0.475 0.438 1.089 1.671 2.009 2.283 2.548 2.619 2.131 1.482 
5.000 10.120 -1.558 -0.479 0.437 1.085 1.664 2.002 2.277 2.548 2.617 2.133 1.479 
5.000 10.200 -1.560 -0.482 0.435 1.082 1.658 1.996 2.272 2.547 2.615 2.135 1.478 
5.000 10.310 -1.560 -0.495 0.422 1.065 1.638 1.974 2.253 2.536 2.601 2.129 1.464 
5.000 10.490 -1.564 -0.514 0.402 1.040 1.609 1.944 2.225 2.517 2.581 2.119 1.444 
5.000 10.760 -1.556 -0.534 0.382 1.015 1.580 1.913 2.198 2.499 2.560 2.109 1.424 
5.000 11.180 -1.558 -0.560 0.354 0.983 1.543 1.877 2.163 2.472 2.530 2.090 1.396 
5.000 11.820 -1.581 -0.610 0.301 0.927 1.484 1.819 2.104 2.416 2.469 2.046 1.342 
5.000 12.770 -1.596 -0.660 0.248 0.871 1.426 1.761 2.045 2.360 2.408 2.001 1.287 
5.000 14.140 -1.611 -0.709 0.196 0.815 1.367 1.704 1.987 2.305 2.347 1.958 1.233 
5.000 16.080 -1.666 -0.799 0.103 0.725 1.278 1.618 1.895 2.202 2.231 1.865 1.135 
5.000 18.740 -1.725 -0.894 0.004 0.629 1.184 1.527 1.797 2.091 2.107 1.764 1.030 
5.000 22.320 -1.783 -0.989 -0.094 0.534 1.090 1.438 1.700 1.981 1.983 1.664 0.926 
5.000 27.040 -1.854 -1.095 -0.201 0.429 0.986 1.335 1.590 1.856 1.842 1.546 0.806 
5.000 33.160 -1.935 -1.212 -0.319 0.313 0.871 1.217 1.465 1.715 1.683 1.408 0.670 
5.000 41.050 -2.015 -1.328 -0.435 0.198 0.757 1.101 1.342 1.575 1.525 1.271 0.536 
5.000 51.110 -2.092 -1.439 -0.546 0.088 0.646 0.988 1.222 1.440 1.372 1.139 0.405 
5.000 63.890 -2.127 -1.513 -0.623 -0.006 0.546 0.878 1.110 1.324 1.250 1.029 0.293 
5.000 80.060 -2.162 -1.584 -0.698 -0.096 0.450 0.772 1.002 1.212 1.132 0.922 0.184 
5.000 100.500 -2.194 -1.651 -0.768 -0.182 0.358 0.669 0.898 1.104 1.018 0.819 0.080 
5.000 126.290 -2.242 -1.736 -0.860 -0.299 0.228 0.527 0.751 0.947 0.854 0.668 -0.058 
5.000 158.810 -2.290 -1.820 -0.954 -0.421 0.092 0.376 0.595 0.779 0.678 0.506 -0.201 
5.000 199.780 -2.339 -1.904 -1.047 -0.542 -0.044 0.226 0.440 0.612 0.503 0.344 -0.343 
5.000 251.390 -2.401 -1.999 -1.148 -0.669 -0.189 0.065 0.269 0.424 0.305 0.162 -0.496 
5.000 316.390 -2.479 -2.114 -1.265 -0.807 -0.349 -0.117 0.069 0.198 0.062 -0.060 -0.670 
5.000 398.240 -2.556 -2.229 -1.381 -0.946 -0.509 -0.300 -0.130 -0.028 -0.180 -0.282 -0.844 
5.000 501.290 -2.637 -2.343 -1.497 -1.084 -0.670 -0.482 -0.330 -0.253 -0.422 -0.504 -1.017 
5.000 631.040 -2.783 -2.525 -1.648 -1.221 -0.791 -0.597 -0.442 -0.366 -0.547 -0.629 -1.189 
5.000 794.390 -2.932 -2.710 -1.800 -1.357 -0.911 -0.710 -0.550 -0.475 -0.666 -0.749 -1.360 
5.250 10.050 -1.224 -0.229 0.654 1.270 1.812 2.132 2.388 2.636 2.695 2.214 1.622 
5.250 10.080 -1.225 -0.230 0.654 1.268 1.809 2.129 2.386 2.639 2.696 2.218 1.623 
5.250 10.120 -1.225 -0.230 0.654 1.266 1.805 2.125 2.384 2.641 2.697 2.221 1.624 
5.250 10.200 -1.226 -0.231 0.655 1.265 1.802 2.121 2.382 2.643 2.698 2.224 1.624 
5.250 10.310 -1.234 -0.243 0.642 1.248 1.782 2.101 2.365 2.632 2.684 2.219 1.612 
5.250 10.490 -1.240 -0.262 0.621 1.222 1.753 2.072 2.338 2.613 2.662 2.210 1.591 
5.250 10.760 -1.235 -0.281 0.600 1.196 1.724 2.042 2.311 2.594 2.641 2.200 1.570 
5.250 11.180 -1.235 -0.307 0.572 1.164 1.688 2.007 2.277 2.566 2.610 2.183 1.541 
5.250 11.820 -1.260 -0.356 0.520 1.109 1.632 1.952 2.221 2.511 2.551 2.141 1.488 
5.250 12.770 -1.275 -0.404 0.468 1.054 1.575 1.897 2.165 2.457 2.491 2.098 1.434 
5.250 14.140 -1.291 -0.452 0.417 1.000 1.519 1.843 2.109 2.402 2.433 2.056 1.381 
5.250 16.080 -1.346 -0.541 0.328 0.913 1.434 1.760 2.019 2.300 2.319 1.964 1.283 
5.250 18.740 -1.406 -0.635 0.233 0.822 1.344 1.672 1.924 2.191 2.198 1.865 1.179 
5.250 22.320 -1.465 -0.728 0.139 0.732 1.255 1.586 1.830 2.083 2.077 1.766 1.075 
5.250 27.040 -1.535 -0.832 0.035 0.632 1.156 1.485 1.721 1.960 1.940 1.648 0.957 
5.250 33.160 -1.616 -0.947 -0.078 0.521 1.046 1.371 1.598 1.821 1.783 1.511 0.823 
5.250 41.050 -1.696 -1.061 -0.189 0.412 0.938 1.258 1.476 1.684 1.628 1.376 0.691 
5.250 51.110 -1.771 -1.169 -0.295 0.306 0.832 1.147 1.357 1.550 1.479 1.245 0.563 
5.250 63.890 -1.811 -1.241 -0.370 0.217 0.737 1.041 1.249 1.438 1.361 1.137 0.454 
5.250 80.060 -1.847 -1.311 -0.442 0.131 0.645 0.938 1.144 1.330 1.247 1.033 0.349 
5.250 100.500 -1.879 -1.376 -0.509 0.049 0.557 0.839 1.043 1.225 1.136 0.933 0.248 
5.250 126.290 -1.926 -1.457 -0.599 -0.064 0.432 0.703 0.904 1.079 0.983 0.794 0.116 
5.250 158.810 -1.973 -1.536 -0.689 -0.181 0.301 0.560 0.759 0.925 0.822 0.646 -0.018 
5.250 199.780 -2.020 -1.616 -0.780 -0.299 0.170 0.417 0.613 0.770 0.660 0.499 -0.153 
5.250 251.390 -2.076 -1.705 -0.878 -0.422 0.030 0.263 0.452 0.596 0.476 0.331 -0.298 
5.250 316.390 -2.152 -1.814 -0.990 -0.556 -0.125 0.087 0.262 0.383 0.248 0.124 -0.463 
5.250 398.240 -2.227 -1.922 -1.102 -0.690 -0.280 -0.088 0.071 0.170 0.021 -0.083 -0.628 
5.250 501.290 -2.304 -2.031 -1.214 -0.823 -0.436 -0.264 -0.119 -0.043 -0.207 -0.290 -0.793 
5.250 631.040 -2.442 -2.202 -1.355 -0.950 -0.549 -0.371 -0.223 -0.148 -0.323 -0.407 -0.956 
5.250 794.390 -2.583 -2.375 -1.497 -1.077 -0.660 -0.476 -0.323 -0.249 -0.435 -0.520 -1.119 
5.500 10.050 -0.901 0.014 0.868 1.447 1.947 2.249 2.489 2.724 2.769 2.299 1.761 
5.500 10.080 -0.899 0.016 0.870 1.447 1.946 2.248 2.490 2.729 2.773 2.304 1.764 
5.500 10.120 -0.898 0.018 0.872 1.448 1.946 2.247 2.491 2.734 2.776 2.309 1.768 
5.500 10.200 -0.895 0.020 0.874 1.448 1.945 2.246 2.493 2.739 2.780 2.314 1.771 
5.500 10.310 -0.906 0.009 0.862 1.431 1.927 2.228 2.477 2.729 2.767 2.310 1.759 
5.500 10.490 -0.920 -0.010 0.840 1.404 1.898 2.200 2.450 2.708 2.744 2.301 1.737 
5.500 10.760 -0.924 -0.028 0.819 1.377 1.869 2.171 2.424 2.689 2.721 2.293 1.716 
5.500 11.180 -0.922 -0.054 0.791 1.344 1.834 2.137 2.391 2.661 2.690 2.276 1.687 
5.500 11.820 -0.945 -0.102 0.739 1.290 1.779 2.085 2.337 2.607 2.632 2.236 1.633 
5.500 12.770 -0.963 -0.149 0.689 1.237 1.725 2.033 2.284 2.553 2.575 2.195 1.581 
5.500 14.140 -0.977 -0.196 0.638 1.185 1.671 1.982 2.232 2.500 2.518 2.155 1.528 
5.500 16.080 -1.033 -0.283 0.553 1.102 1.589 1.901 2.144 2.399 2.408 2.064 1.431 
5.500 18.740 -1.093 -0.375 0.461 1.016 1.504 1.817 2.051 2.292 2.289 1.965 1.328 
5.500 22.320 -1.153 -0.467 0.371 0.930 1.420 1.733 1.959 2.185 2.172 1.867 1.225 
5.500 27.040 -1.222 -0.569 0.272 0.834 1.326 1.636 1.852 2.064 2.037 1.751 1.108 
5.500 33.160 -1.304 -0.682 0.164 0.729 1.221 1.524 1.730 1.927 1.883 1.615 0.977 
5.500 41.050 -1.382 -0.794 0.057 0.625 1.119 1.414 1.610 1.792 1.732 1.480 0.847 
5.500 51.110 -1.457 -0.899 -0.044 0.525 1.019 1.306 1.492 1.661 1.586 1.351 0.721 
5.500 63.890 -1.497 -0.970 -0.117 0.440 0.928 1.204 1.388 1.552 1.472 1.246 0.616 
5.500 80.060 -1.535 -1.038 -0.185 0.358 0.840 1.104 1.286 1.448 1.361 1.145 0.514 
5.500 100.500 -1.567 -1.101 -0.250 0.281 0.757 1.009 1.189 1.347 1.255 1.048 0.416 
5.500 126.290 -1.614 -1.178 -0.337 0.171 0.637 0.879 1.058 1.211 1.113 0.919 0.291 
5.500 158.810 -1.659 -1.252 -0.425 0.058 0.510 0.743 0.922 1.070 0.965 0.786 0.164 
5.500 199.780 -1.704 -1.327 -0.513 -0.056 0.384 0.608 0.786 0.929 0.818 0.653 0.037 
5.500 251.390 -1.757 -1.411 -0.608 -0.175 0.249 0.461 0.634 0.768 0.648 0.500 -0.100 
5.500 316.390 -1.830 -1.514 -0.716 -0.304 0.098 0.292 0.454 0.568 0.435 0.308 -0.256 
5.500 398.240 -1.904 -1.616 -0.824 -0.434 -0.052 0.123 0.273 0.368 0.222 0.116 -0.413 
5.500 501.290 -1.976 -1.719 -0.932 -0.563 -0.202 -0.045 0.092 0.168 0.009 -0.076 -0.569 
5.500 631.040 -2.106 -1.878 -1.062 -0.680 -0.306 -0.145 -0.004 0.071 -0.099 -0.185 -0.724 
5.500 794.390 -2.238 -2.040 -1.193 -0.797 -0.409 -0.242 -0.096 -0.022 -0.203 -0.289 -0.879 
5.750 10.050 -0.614 0.230 1.044 1.587 2.058 2.345 2.572 2.796 2.835 2.376 1.881 
5.750 10.080 -0.612 0.231 1.045 1.587 2.057 2.345 2.573 2.799 2.837 2.380 1.883 
5.750 10.120 -0.610 0.233 1.047 1.588 2.057 2.345 2.575 2.803 2.840 2.384 1.886 
5.750 10.200 -0.608 0.235 1.049 1.588 2.056 2.344 2.576 2.807 2.843 2.388 1.889 
5.750 10.310 -0.616 0.228 1.039 1.575 2.042 2.330 2.563 2.798 2.833 2.387 1.880 
5.750 10.490 -0.630 0.214 1.023 1.554 2.019 2.308 2.543 2.782 2.815 2.382 1.864 
5.750 10.760 -0.637 0.200 1.007 1.533 1.997 2.286 2.523 2.766 2.797 2.377 1.848 
5.750 11.180 -0.639 0.178 0.982 1.504 1.967 2.257 2.495 2.741 2.770 2.365 1.824 
5.750 11.820 -0.657 0.132 0.932 1.452 1.913 2.206 2.443 2.688 2.713 2.325 1.771 
5.750 12.770 -0.678 0.085 0.882 1.399 1.860 2.154 2.391 2.635 2.657 2.286 1.718 
5.750 14.140 -0.690 0.039 0.832 1.348 1.808 2.104 2.339 2.582 2.601 2.248 1.666 
5.750 16.080 -0.745 -0.046 0.749 1.267 1.728 2.024 2.252 2.484 2.493 2.158 1.570 
5.750 18.740 -0.805 -0.137 0.660 1.183 1.645 1.941 2.160 2.379 2.376 2.060 1.467 
5.750 22.320 -0.865 -0.228 0.572 1.099 1.562 1.858 2.069 2.275 2.261 1.963 1.366 
5.750 27.040 -0.935 -0.327 0.476 1.007 1.471 1.762 1.963 2.157 2.128 1.848 1.251 
5.750 33.160 -1.016 -0.438 0.371 0.905 1.370 1.653 1.843 2.023 1.978 1.713 1.121 
5.750 41.050 -1.096 -0.546 0.268 0.806 1.270 1.546 1.724 1.890 1.829 1.580 0.993 
5.750 51.110 -1.170 -0.649 0.170 0.710 1.174 1.440 1.609 1.762 1.686 1.452 0.869 
5.750 63.890 -1.212 -0.718 0.100 0.627 1.087 1.341 1.507 1.656 1.573 1.349 0.767 
5.750 80.060 -1.249 -0.784 0.033 0.549 1.002 1.245 1.408 1.554 1.464 1.249 0.667 
5.750 100.500 -1.283 -0.846 -0.030 0.474 0.923 1.153 1.314 1.456 1.358 1.153 0.573 
5.750 126.290 -1.331 -0.921 -0.115 0.368 0.806 1.028 1.189 1.324 1.221 1.031 0.453 
5.750 158.810 -1.376 -0.993 -0.200 0.258 0.684 0.897 1.059 1.188 1.080 0.905 0.332 
5.750 199.780 -1.420 -1.066 -0.286 0.148 0.562 0.767 0.929 1.051 0.939 0.780 0.211 
5.750 251.390 -1.475 -1.147 -0.378 0.032 0.431 0.625 0.783 0.895 0.776 0.635 0.079 
5.750 316.390 -1.548 -1.247 -0.483 -0.093 0.285 0.461 0.608 0.701 0.571 0.452 -0.071 
5.750 398.240 -1.620 -1.346 -0.588 -0.219 0.139 0.297 0.433 0.506 0.366 0.268 -0.221 
5.750 501.290 -1.693 -1.446 -0.693 -0.344 -0.008 0.133 0.257 0.312 0.161 0.085 -0.371 
5.750 631.040 -1.815 -1.595 -0.814 -0.454 -0.105 0.040 0.168 0.220 0.059 -0.017 -0.519 
5.750 794.390 -1.939 -1.746 -0.937 -0.563 -0.200 -0.050 0.081 0.132 -0.039 -0.116 -0.666 
6.000 10.050 -0.329 0.445 1.219 1.727 2.168 2.442 2.656 2.868 2.900 2.452 2.001 
6.000 10.080 -0.328 0.447 1.221 1.727 2.168 2.442 2.657 2.870 2.902 2.455 2.003 
6.000 10.120 -0.326 0.448 1.222 1.728 2.167 2.442 2.658 2.872 2.904 2.459 2.005 
6.000 10.200 -0.324 0.450 1.223 1.728 2.167 2.442 2.659 2.874 2.906 2.462 2.007 
6.000 10.310 -0.329 0.446 1.217 1.719 2.157 2.432 2.650 2.867 2.899 2.463 2.001 
6.000 10.490 -0.338 0.437 1.206 1.703 2.141 2.416 2.636 2.855 2.886 2.463 1.991 
6.000 10.760 -0.346 0.428 1.194 1.688 2.125 2.401 2.622 2.844 2.873 2.462 1.981 
6.000 11.180 -0.360 0.411 1.174 1.664 2.100 2.376 2.599 2.822 2.849 2.453 1.961 
6.000 11.820 -0.382 0.365 1.124 1.613 2.048 2.326 2.548 2.769 2.794 2.415 1.908 
6.000 12.770 -0.397 0.319 1.075 1.561 1.996 2.276 2.497 2.716 2.739 2.378 1.855 
6.000 14.140 -0.412 0.275 1.026 1.510 1.945 2.226 2.446 2.664 2.684 2.341 1.803 
6.000 16.080 -0.466 0.191 0.945 1.432 1.866 2.148 2.360 2.569 2.578 2.252 1.708 
6.000 18.740 -0.526 0.101 0.859 1.350 1.785 2.065 2.269 2.466 2.464 2.155 1.607 
6.000 22.320 -0.585 0.012 0.773 1.268 1.704 1.983 2.178 2.365 2.350 2.059 1.506 
6.000 27.040 -0.654 -0.086 0.680 1.179 1.615 1.889 2.074 2.249 2.220 1.945 1.392 
6.000 33.160 -0.735 -0.193 0.579 1.082 1.518 1.782 1.956 2.118 2.073 1.812 1.265 
6.000 41.050 -0.815 -0.299 0.479 0.986 1.422 1.677 1.839 1.989 1.927 1.680 1.139 
6.000 51.110 -0.889 -0.399 0.384 0.894 1.329 1.574 1.726 1.863 1.786 1.553 1.018 
6.000 63.890 -0.930 -0.467 0.316 0.815 1.245 1.478 1.627 1.760 1.674 1.451 0.918 
6.000 80.060 -0.969 -0.531 0.251 0.739 1.165 1.386 1.531 1.660 1.566 1.353 0.821 
6.000 100.500 -1.003 -0.591 0.191 0.668 1.088 1.297 1.439 1.564 1.462 1.258 0.729 
6.000 126.290 -1.053 -0.665 0.108 0.565 0.976 1.177 1.319 1.437 1.330 1.142 0.615 
6.000 158.810 -1.098 -0.735 0.025 0.458 0.858 1.051 1.195 1.305 1.196 1.024 0.499 
6.000 199.780 -1.143 -0.805 -0.059 0.352 0.740 0.926 1.072 1.174 1.061 0.907 0.384 
6.000 251.390 -1.198 -0.884 -0.149 0.240 0.614 0.789 0.932 1.023 0.905 0.770 0.259 
6.000 316.390 -1.269 -0.980 -0.250 0.118 0.471 0.630 0.762 0.834 0.708 0.595 0.115 
6.000 398.240 -1.341 -1.076 -0.352 -0.004 0.329 0.471 0.593 0.644 0.511 0.421 -0.029 
6.000 501.290 -1.413 -1.172 -0.454 -0.126 0.187 0.312 0.423 0.455 0.314 0.246 -0.174 
6.000 631.040 -1.528 -1.312 -0.567 -0.228 0.096 0.226 0.339 0.369 0.217 0.150 -0.314 
6.000 794.390 -1.645 -1.453 -0.681 -0.328 0.008 0.142 0.259 0.286 0.125 0.057 -0.454 
6.250 10.050 -0.075 0.639 1.369 1.849 2.271 2.531 2.732 2.925 2.956 2.517 2.105 
6.250 10.080 -0.074 0.640 1.369 1.849 2.271 2.531 2.732 2.926 2.957 2.519 2.106 
6.250 10.120 -0.073 0.641 1.370 1.850 2.271 2.531 2.733 2.927 2.958 2.521 2.107 
6.250 10.200 -0.072 0.642 1.371 1.850 2.272 2.531 2.734 2.929 2.959 2.523 2.108 
6.250 10.310 -0.073 0.641 1.369 1.845 2.266 2.527 2.730 2.926 2.956 2.525 2.107 
6.250 10.490 -0.076 0.638 1.364 1.837 2.258 2.518 2.723 2.920 2.950 2.527 2.104 
6.250 10.760 -0.079 0.635 1.359 1.830 2.249 2.511 2.717 2.915 2.945 2.530 2.101 
6.250 11.180 -0.091 0.623 1.344 1.812 2.231 2.493 2.701 2.899 2.928 2.524 2.087 
6.250 11.820 -0.133 0.581 1.299 1.764 2.182 2.445 2.652 2.850 2.877 2.494 2.038 
6.250 12.770 -0.146 0.539 1.253 1.717 2.133 2.397 2.604 2.801 2.826 2.463 1.990 
6.250 14.140 -0.158 0.498 1.208 1.669 2.085 2.350 2.557 2.752 2.775 2.433 1.942 
6.250 16.080 -0.207 0.415 1.126 1.590 2.005 2.269 2.469 2.657 2.670 2.346 1.847 
6.250 18.740 -0.267 0.325 1.039 1.506 1.920 2.183 2.376 2.556 2.556 2.251 1.746 
6.250 22.320 -0.328 0.237 0.953 1.423 1.837 2.097 2.283 2.455 2.444 2.156 1.645 
6.250 27.040 -0.397 0.140 0.860 1.334 1.746 2.002 2.178 2.341 2.315 2.044 1.531 
6.250 33.160 -0.476 0.034 0.760 1.238 1.649 1.895 2.060 2.212 2.169 1.911 1.405 
6.250 41.050 -0.557 -0.071 0.662 1.143 1.554 1.791 1.943 2.085 2.024 1.780 1.281 
6.250 51.110 -0.631 -0.169 0.568 1.052 1.462 1.689 1.831 1.962 1.885 1.654 1.160 
6.250 63.890 -0.675 -0.237 0.501 0.975 1.381 1.597 1.734 1.861 1.774 1.553 1.063 
6.250 80.060 -0.716 -0.300 0.438 0.902 1.303 1.508 1.641 1.763 1.667 1.455 0.968 
6.250 100.500 -0.753 -0.360 0.379 0.833 1.229 1.423 1.552 1.670 1.563 1.362 0.879 
6.250 126.290 -0.803 -0.431 0.299 0.734 1.122 1.307 1.436 1.546 1.434 1.249 0.769 
6.250 158.810 -0.850 -0.499 0.219 0.632 1.009 1.187 1.318 1.418 1.302 1.136 0.659 
6.250 199.780 -0.895 -0.567 0.140 0.530 0.895 1.068 1.200 1.290 1.170 1.023 0.550 
6.250 251.390 -0.950 -0.644 0.053 0.422 0.774 0.935 1.065 1.142 1.017 0.891 0.430 
6.250 316.390 -1.022 -0.738 -0.045 0.303 0.635 0.780 0.899 0.956 0.823 0.722 0.291 
6.250 398.240 -1.095 -0.832 -0.144 0.185 0.496 0.624 0.734 0.770 0.629 0.552 0.153 
6.250 501.290 -1.167 -0.926 -0.243 0.066 0.356 0.469 0.568 0.584 0.435 0.382 0.014 
6.250 631.040 -1.276 -1.057 -0.348 -0.029 0.272 0.388 0.489 0.502 0.343 0.291 -0.120 
6.250 794.390 -1.386 -1.189 -0.454 -0.123 0.191 0.310 0.414 0.424 0.255 0.203 -0.253 
6.500 10.050 0.178 0.833 1.518 1.971 2.375 2.620 2.808 2.982 3.011 2.582 2.209 
6.500 10.080 0.178 0.833 1.518 1.971 2.375 2.620 2.808 2.982 3.011 2.582 2.209 
6.500 10.120 0.179 0.834 1.519 1.972 2.376 2.621 2.809 2.982 3.012 2.583 2.209 
6.500 10.200 0.179 0.834 1.519 1.972 2.376 2.621 2.809 2.983 3.012 2.583 2.210 
6.500 10.310 0.181 0.836 1.520 1.972 2.376 2.621 2.810 2.984 3.013 2.587 2.212 
6.500 10.490 0.184 0.839 1.522 1.971 2.375 2.621 2.811 2.985 3.015 2.592 2.216 
6.500 10.760 0.187 0.842 1.523 1.971 2.374 2.621 2.812 2.986 3.016 2.598 2.220 
6.500 11.180 0.180 0.835 1.515 1.960 2.363 2.610 2.802 2.976 3.007 2.596 2.213 
6.500 11.820 0.142 0.797 1.473 1.916 2.317 2.564 2.757 2.930 2.959 2.572 2.168 
6.500 12.770 0.104 0.759 1.431 1.872 2.271 2.519 2.712 2.885 2.912 2.548 2.125 
6.500 14.140 0.089 0.721 1.390 1.828 2.226 2.474 2.667 2.839 2.866 2.525 2.081 
6.500 16.080 0.041 0.639 1.308 1.748 2.143 2.390 2.578 2.746 2.762 2.440 1.987 
6.500 18.740 -0.016 0.550 1.220 1.663 2.056 2.301 2.482 2.645 2.649 2.347 1.885 
6.500 22.320 -0.076 0.461 1.133 1.578 1.969 2.212 2.387 2.545 2.537 2.254 1.783 
6.500 27.040 -0.146 0.365 1.040 1.488 1.877 2.115 2.281 2.432 2.410 2.142 1.671 
6.500 33.160 -0.226 0.260 0.941 1.393 1.781 2.009 2.164 2.306 2.265 2.010 1.545 
6.500 41.050 -0.304 0.158 0.844 1.299 1.686 1.905 2.048 2.181 2.122 1.880 1.422 
6.500 51.110 -0.381 0.060 0.752 1.210 1.594 1.804 1.935 2.061 1.984 1.755 1.303 
6.500 63.890 -0.425 -0.006 0.687 1.136 1.516 1.715 1.842 1.962 1.874 1.655 1.208 
6.500 80.060 -0.470 -0.069 0.625 1.065 1.441 1.630 1.751 1.866 1.767 1.558 1.116 
6.500 100.500 -0.506 -0.128 0.567 0.998 1.370 1.548 1.665 1.775 1.665 1.466 1.028 
6.500 126.290 -0.557 -0.197 0.490 0.904 1.267 1.438 1.554 1.655 1.537 1.356 0.923 
6.500 158.810 -0.603 -0.263 0.414 0.806 1.159 1.324 1.441 1.531 1.408 1.248 0.819 
6.500 199.780 -0.650 -0.329 0.338 0.708 1.051 1.209 1.328 1.407 1.279 1.140 0.715 
6.500 251.390 -0.707 -0.403 0.256 0.604 0.934 1.082 1.199 1.263 1.129 1.012 0.601 
6.500 316.390 -0.780 -0.495 0.160 0.488 0.798 0.930 1.037 1.079 0.938 0.848 0.468 
6.500 398.240 -0.852 -0.587 0.064 0.373 0.662 0.777 0.875 0.896 0.748 0.683 0.334 
6.500 501.290 -0.926 -0.679 -0.031 0.258 0.526 0.625 0.712 0.712 0.557 0.519 0.201 
6.500 631.040 -1.030 -0.801 -0.129 0.170 0.448 0.550 0.639 0.635 0.469 0.433 0.075 
6.500 794.390 -1.134 -0.924 -0.227 0.083 0.373 0.478 0.570 0.562 0.386 0.350 -0.051 
6.750 10.050 0.398 1.001 1.633 2.056 2.442 2.680 2.863 3.026 3.059 2.641 2.303 
6.750 10.080 0.399 1.002 1.633 2.056 2.443 2.681 2.863 3.026 3.059 2.642 2.303 
6.750 10.120 0.399 1.002 1.633 2.056 2.443 2.681 2.864 3.026 3.059 2.642 2.304 
6.750 10.200 0.399 1.003 1.634 2.056 2.443 2.681 2.864 3.027 3.060 2.642 2.304 
6.750 10.310 0.401 1.004 1.634 2.057 2.443 2.682 2.865 3.028 3.061 2.645 2.306 
6.750 10.490 0.403 1.006 1.636 2.057 2.443 2.682 2.865 3.029 3.062 2.648 2.308 
6.750 10.760 0.405 1.008 1.637 2.057 2.443 2.682 2.866 3.030 3.063 2.652 2.311 
6.750 11.180 0.402 1.005 1.633 2.051 2.438 2.677 2.861 3.024 3.058 2.653 2.308 
6.750 11.820 0.382 0.985 1.610 2.027 2.412 2.651 2.836 3.000 3.032 2.643 2.285 
6.750 12.770 0.362 0.965 1.588 2.004 2.387 2.627 2.812 2.975 3.007 2.634 2.262 
6.750 14.140 0.343 0.946 1.566 1.981 2.362 2.602 2.788 2.951 2.981 2.625 2.240 
6.750 16.080 0.272 0.863 1.483 1.898 2.277 2.515 2.697 2.857 2.879 2.545 2.145 
6.750 18.740 0.218 0.769 1.390 1.807 2.182 2.418 2.595 2.752 2.764 2.454 2.038 
6.750 22.320 0.159 0.677 1.298 1.717 2.089 2.322 2.494 2.648 2.650 2.365 1.932 
6.750 27.040 0.085 0.578 1.201 1.622 1.991 2.219 2.384 2.532 2.520 2.254 1.816 
6.750 33.160 0.004 0.471 1.100 1.524 1.890 2.109 2.263 2.404 2.372 2.120 1.688 
6.750 41.050 -0.080 0.366 1.001 1.427 1.790 2.001 2.144 2.277 2.226 1.987 1.562 
6.750 51.110 -0.160 0.266 0.906 1.335 1.694 1.897 2.029 2.154 2.084 1.860 1.441 
6.750 63.890 -0.208 0.198 0.841 1.263 1.618 1.810 1.936 2.055 1.972 1.757 1.345 
6.750 80.060 -0.256 0.133 0.779 1.194 1.544 1.727 1.847 1.959 1.863 1.658 1.253 
6.750 100.500 -0.298 0.073 0.722 1.129 1.475 1.647 1.761 1.868 1.758 1.563 1.165 
6.750 126.290 -0.350 0.004 0.649 1.040 1.379 1.542 1.653 1.749 1.632 1.455 1.064 
6.750 158.810 -0.397 -0.061 0.577 0.948 1.279 1.434 1.545 1.627 1.505 1.349 0.965 
6.750 199.780 -0.447 -0.126 0.505 0.857 1.179 1.326 1.436 1.506 1.378 1.244 0.867 
6.750 251.390 -0.503 -0.199 0.427 0.759 1.069 1.205 1.311 1.364 1.230 1.120 0.759 
6.750 316.390 -0.579 -0.290 0.335 0.648 0.938 1.056 1.151 1.182 1.042 0.958 0.631 
6.750 398.240 -0.652 -0.381 0.243 0.537 0.807 0.907 0.992 1.001 0.853 0.797 0.503 
6.750 501.290 -0.728 -0.471 0.151 0.425 0.677 0.759 0.832 0.820 0.665 0.636 0.375 
6.750 631.040 -0.827 -0.586 0.060 0.344 0.604 0.689 0.764 0.746 0.581 0.554 0.255 
6.750 794.390 -0.926 -0.701 -0.031 0.264 0.534 0.622 0.699 0.677 0.502 0.475 0.135 
7.000 10.050 0.615 1.170 1.747 2.140 2.510 2.741 2.918 3.070 3.106 2.700 2.398 
7.000 10.080 0.615 1.170 1.747 2.140 2.510 2.741 2.918 3.070 3.107 2.701 2.398 
7.000 10.120 0.615 1.171 1.748 2.141 2.511 2.742 2.919 3.071 3.107 2.701 2.398 
7.000 10.200 0.616 1.171 1.748 2.141 2.511 2.742 2.919 3.071 3.107 2.701 2.399 
7.000 10.310 0.616 1.172 1.749 2.141 2.511 2.742 2.919 3.071 3.108 2.702 2.400 
7.000 10.490 0.618 1.173 1.750 2.142 2.512 2.743 2.920 3.072 3.109 2.704 2.401 
7.000 10.760 0.619 1.174 1.751 2.143 2.513 2.744 2.921 3.073 3.110 2.706 2.402 
7.000 11.180 0.619 1.174 1.751 2.143 2.512 2.744 2.921 3.073 3.110 2.709 2.403 
7.000 11.820 0.618 1.173 1.748 2.139 2.508 2.739 2.916 3.068 3.105 2.714 2.401 
7.000 12.770 0.616 1.171 1.745 2.136 2.503 2.735 2.912 3.065 3.101 2.719 2.400 
7.000 14.140 0.615 1.170 1.743 2.133 2.499 2.731 2.909 3.062 3.097 2.725 2.399 
7.000 16.080 0.531 1.086 1.658 2.048 2.410 2.640 2.815 2.967 2.996 2.650 2.303 
7.000 18.740 0.436 0.989 1.560 1.952 2.309 2.535 2.707 2.859 2.879 2.562 2.191 
7.000 22.320 0.379 0.893 1.463 1.855 2.208 2.432 2.601 2.751 2.763 2.475 2.081 
7.000 27.040 0.309 0.791 1.362 1.756 2.105 2.323 2.486 2.632 2.630 2.365 1.961 
7.000 33.160 0.225 0.681 1.259 1.655 1.999 2.210 2.362 2.501 2.479 2.229 1.831 
7.000 41.050 0.139 0.574 1.157 1.555 1.894 2.098 2.241 2.372 2.329 2.094 1.703 
7.000 51.110 0.057 0.472 1.060 1.460 1.794 1.990 2.123 2.248 2.184 1.965 1.579 
7.000 63.890 0.004 0.402 0.996 1.390 1.719 1.905 2.031 2.148 2.070 1.859 1.483 
7.000 80.060 -0.046 0.335 0.934 1.323 1.648 1.824 1.942 2.052 1.959 1.758 1.390 
7.000 100.500 -0.094 0.273 0.877 1.260 1.581 1.746 1.857 1.960 1.852 1.660 1.301 
7.000 126.290 -0.148 0.204 0.807 1.176 1.490 1.646 1.753 1.843 1.726 1.553 1.204 
7.000 158.810 -0.197 0.141 0.740 1.091 1.398 1.544 1.649 1.724 1.601 1.451 1.112 
7.000 199.780 -0.247 0.078 0.672 1.007 1.306 1.443 1.545 1.605 1.476 1.348 1.020 
7.000 251.390 -0.306 0.006 0.598 0.915 1.203 1.327 1.423 1.465 1.330 1.227 0.917 
7.000 316.390 -0.382 -0.084 0.510 0.808 1.078 1.182 1.266 1.286 1.145 1.069 0.794 
7.000 398.240 -0.458 -0.174 0.422 0.700 0.952 1.037 1.109 1.106 0.959 0.911 0.671 
7.000 501.290 -0.535 -0.263 0.334 0.593 0.827 0.893 0.952 0.927 0.774 0.753 0.549 
7.000 631.040 -0.629 -0.370 0.249 0.518 0.760 0.827 0.888 0.858 0.694 0.675 0.435 
7.000 794.390 -0.724 -0.478 0.165 0.444 0.696 0.765 0.827 0.793 0.618 0.601 0.322 
7.250 10.050 0.791 1.305 1.826 2.189 2.543 2.775 2.946 3.095 3.127 2.736 2.478 
7.250 10.080 0.791 1.305 1.826 2.189 2.543 2.775 2.946 3.095 3.128 2.736 2.478 
7.250 10.120 0.792 1.305 1.826 2.190 2.544 2.776 2.947 3.095 3.128 2.736 2.479 
7.250 10.200 0.792 1.305 1.827 2.190 2.544 2.776 2.947 3.096 3.129 2.737 2.479 
7.250 10.310 0.793 1.306 1.827 2.191 2.544 2.776 2.947 3.096 3.129 2.738 2.480 
7.250 10.490 0.794 1.307 1.828 2.191 2.545 2.777 2.948 3.097 3.130 2.739 2.481 
7.250 10.760 0.794 1.308 1.829 2.192 2.546 2.778 2.949 3.098 3.131 2.740 2.482 
7.250 11.180 0.795 1.309 1.830 2.192 2.546 2.778 2.949 3.098 3.132 2.743 2.483 
7.250 11.820 0.796 1.309 1.829 2.191 2.543 2.776 2.947 3.097 3.131 2.749 2.484 
7.250 12.770 0.797 1.310 1.828 2.189 2.541 2.774 2.946 3.096 3.130 2.755 2.485 
7.250 14.140 0.798 1.311 1.828 2.188 2.539 2.772 2.944 3.096 3.130 2.762 2.486 
7.250 16.080 0.740 1.254 1.770 2.131 2.478 2.708 2.879 3.031 3.061 2.716 2.420 
7.250 18.740 0.674 1.188 1.704 2.065 2.407 2.635 2.804 2.957 2.982 2.662 2.343 
7.250 22.320 0.609 1.122 1.638 2.000 2.337 2.562 2.729 2.884 2.904 2.608 2.267 
7.250 27.040 0.545 1.028 1.546 1.909 2.241 2.461 2.623 2.776 2.784 2.510 2.156 
7.250 33.160 0.452 0.904 1.427 1.791 2.116 2.328 2.483 2.631 2.619 2.363 2.009 
7.250 41.050 0.352 0.780 1.309 1.674 1.993 2.198 2.345 2.487 2.455 2.219 1.862 
7.250 51.110 0.253 0.664 1.198 1.564 1.876 2.073 2.212 2.349 2.298 2.079 1.722 
7.250 63.890 0.191 0.587 1.128 1.490 1.795 1.981 2.114 2.243 2.175 1.966 1.620 
7.250 80.060 0.132 0.513 1.061 1.420 1.718 1.893 2.019 2.140 2.055 1.857 1.521 
7.250 100.500 0.074 0.444 0.998 1.353 1.645 1.810 1.928 2.041 1.939 1.752 1.426 
7.250 126.290 0.016 0.372 0.931 1.274 1.559 1.710 1.823 1.923 1.812 1.644 1.331 
7.250 158.810 -0.037 0.309 0.869 1.198 1.476 1.613 1.720 1.806 1.689 1.542 1.244 
7.250 199.780 -0.090 0.245 0.807 1.122 1.392 1.516 1.618 1.688 1.565 1.440 1.157 
7.250 251.390 -0.151 0.172 0.738 1.037 1.297 1.404 1.497 1.551 1.422 1.320 1.060 
7.250 316.390 -0.231 0.083 0.654 0.936 1.177 1.262 1.341 1.373 1.239 1.165 0.942 
7.250 398.240 -0.309 -0.007 0.570 0.835 1.058 1.119 1.185 1.196 1.056 1.009 0.825 
7.250 501.290 -0.389 -0.096 0.485 0.733 0.938 0.977 1.029 1.018 0.873 0.854 0.707 
7.250 631.040 -0.480 -0.197 0.406 0.663 0.876 0.915 0.967 0.952 0.797 0.780 0.599 
7.250 794.390 -0.570 -0.298 0.328 0.594 0.815 0.856 0.910 0.891 0.725 0.709 0.492 
7.500 10.050 0.962 1.439 1.904 2.238 2.576 2.809 2.974 3.120 3.149 2.771 2.559 
7.500 10.080 0.962 1.439 1.904 2.238 2.576 2.809 2.974 3.120 3.149 2.771 2.559 
7.500 10.120 0.963 1.439 1.905 2.239 2.577 2.810 2.974 3.120 3.150 2.772 2.559 
7.500 10.200 0.963 1.440 1.905 2.239 2.577 2.810 2.975 3.121 3.150 2.772 2.560 
7.500 10.310 0.964 1.440 1.906 2.240 2.577 2.810 2.975 3.121 3.151 2.773 2.560 
7.500 10.490 0.964 1.441 1.906 2.240 2.578 2.811 2.976 3.122 3.151 2.773 2.561 
7.500 10.760 0.965 1.442 1.907 2.241 2.579 2.812 2.977 3.123 3.152 2.774 2.562 
7.500 11.180 0.966 1.443 1.908 2.242 2.580 2.813 2.978 3.124 3.154 2.777 2.563 
7.500 11.820 0.969 1.446 1.909 2.242 2.579 2.812 2.978 3.125 3.156 2.784 2.566 
7.500 12.770 0.972 1.448 1.911 2.243 2.580 2.813 2.979 3.127 3.159 2.791 2.570 
7.500 14.140 0.975 1.452 1.913 2.244 2.580 2.813 2.980 3.130 3.163 2.799 2.573 
7.500 16.080 0.945 1.421 1.883 2.214 2.545 2.776 2.943 3.095 3.127 2.782 2.537 
7.500 18.740 0.910 1.386 1.847 2.178 2.505 2.734 2.900 3.055 3.085 2.761 2.494 
7.500 22.320 0.875 1.352 1.813 2.144 2.466 2.693 2.858 3.016 3.044 2.741 2.452 
7.500 27.040 0.790 1.266 1.730 2.061 2.377 2.598 2.761 2.919 2.937 2.655 2.351 
7.500 33.160 0.661 1.126 1.595 1.927 2.234 2.447 2.604 2.760 2.759 2.498 2.186 
7.500 41.050 0.556 0.987 1.461 1.794 2.092 2.298 2.449 2.602 2.582 2.343 2.022 
7.500 51.110 0.445 0.855 1.335 1.668 1.957 2.155 2.301 2.450 2.411 2.193 1.866 
7.500 63.890 0.375 0.771 1.260 1.591 1.871 2.057 2.197 2.337 2.279 2.073 1.757 
7.500 80.060 0.306 0.691 1.188 1.516 1.788 1.963 2.096 2.227 2.151 1.956 1.652 
7.500 100.500 0.239 0.614 1.120 1.446 1.710 1.873 1.999 2.121 2.027 1.844 1.551 
7.500 126.290 0.175 0.540 1.055 1.372 1.628 1.775 1.893 2.003 1.898 1.734 1.458 
7.500 158.810 0.119 0.476 0.999 1.305 1.553 1.682 1.792 1.887 1.776 1.633 1.377 
7.500 199.780 0.063 0.412 0.942 1.238 1.478 1.589 1.691 1.772 1.655 1.533 1.295 
7.500 251.390 -0.002 0.339 0.878 1.160 1.390 1.481 1.571 1.636 1.513 1.414 1.203 
7.500 316.390 -0.084 0.250 0.798 1.065 1.277 1.341 1.416 1.461 1.333 1.261 1.091 
7.500 398.240 -0.166 0.161 0.717 0.969 1.163 1.201 1.261 1.285 1.152 1.108 0.978 
7.500 501.290 -0.247 0.072 0.637 0.873 1.049 1.062 1.106 1.110 0.972 0.954 0.865 
7.500 631.040 -0.335 -0.023 0.564 0.808 0.991 1.002 1.047 1.047 0.900 0.884 0.763 
7.500 794.390 -0.423 -0.119 0.491 0.744 0.935 0.947 0.992 0.989 0.832 0.817 0.662 
7.750 10.050 1.082 1.527 1.951 2.263 2.589 2.827 2.985 3.132 3.158 2.779 2.611 
7.750 10.080 1.082 1.527 1.951 2.263 2.590 2.827 2.986 3.133 3.159 2.779 2.611 
7.750 10.120 1.083 1.528 1.951 2.263 2.590 2.828 2.986 3.133 3.159 2.780 2.612 
7.750 10.200 1.083 1.528 1.951 2.264 2.590 2.828 2.986 3.133 3.159 2.780 2.612 
7.750 10.310 1.084 1.528 1.952 2.264 2.591 2.828 2.987 3.134 3.160 2.781 2.613 
7.750 10.490 1.084 1.529 1.953 2.265 2.592 2.829 2.987 3.135 3.160 2.781 2.613 
7.750 10.760 1.085 1.530 1.953 2.266 2.592 2.830 2.989 3.135 3.161 2.782 2.614 
7.750 11.180 1.086 1.531 1.955 2.266 2.593 2.831 2.989 3.136 3.162 2.784 2.615 
7.750 11.820 1.088 1.533 1.956 2.267 2.594 2.831 2.990 3.138 3.164 2.788 2.618 
7.750 12.770 1.090 1.535 1.957 2.268 2.595 2.832 2.992 3.140 3.167 2.793 2.620 
7.750 14.140 1.093 1.538 1.960 2.270 2.596 2.834 2.993 3.142 3.169 2.798 2.623 
7.750 16.080 1.080 1.525 1.945 2.256 2.579 2.815 2.975 3.126 3.154 2.793 2.606 
7.750 18.740 1.064 1.509 1.929 2.240 2.560 2.794 2.954 3.109 3.135 2.786 2.586 
7.750 22.320 1.050 1.495 1.914 2.224 2.541 2.774 2.934 3.092 3.118 2.781 2.567 
7.750 27.040 0.985 1.430 1.851 2.160 2.471 2.699 2.858 3.018 3.038 2.721 2.489 
7.750 33.160 0.866 1.310 1.736 2.044 2.344 2.565 2.721 2.883 2.890 2.600 2.346 
7.750 41.050 0.748 1.193 1.623 1.929 2.219 2.432 2.586 2.749 2.743 2.482 2.204 
7.750 51.110 0.661 1.078 1.512 1.817 2.096 2.302 2.453 2.617 2.597 2.363 2.065 
7.750 63.890 0.567 0.968 1.412 1.714 1.981 2.174 2.319 2.475 2.435 2.218 1.931 
7.750 80.060 0.471 0.862 1.316 1.614 1.869 2.049 2.188 2.338 2.277 2.077 1.799 
7.750 100.500 0.375 0.760 1.224 1.518 1.761 1.928 2.062 2.204 2.123 1.940 1.672 
7.750 126.290 0.300 0.678 1.155 1.441 1.673 1.822 1.947 2.078 1.986 1.822 1.574 
7.750 158.810 0.238 0.610 1.103 1.379 1.601 1.730 1.846 1.964 1.864 1.719 1.496 
7.750 199.780 0.176 0.543 1.051 1.318 1.528 1.637 1.745 1.849 1.741 1.617 1.417 
7.750 251.390 0.106 0.468 0.990 1.246 1.442 1.529 1.625 1.714 1.600 1.497 1.329 
7.750 316.390 0.021 0.378 0.914 1.155 1.331 1.391 1.471 1.541 1.422 1.346 1.221 
7.750 398.240 -0.066 0.288 0.837 1.064 1.220 1.253 1.317 1.367 1.244 1.196 1.113 
7.750 501.290 -0.150 0.198 0.761 0.972 1.109 1.114 1.163 1.193 1.066 1.045 1.005 
7.750 631.040 -0.236 0.108 0.692 0.911 1.053 1.057 1.106 1.134 0.997 0.978 0.908 
7.750 794.390 -0.322 0.017 0.623 0.851 0.999 1.004 1.053 1.078 0.933 0.914 0.812 
8.000 10.050 1.197 1.615 1.997 2.287 2.603 2.845 2.997 3.145 3.167 2.787 2.664 
8.000 10.080 1.197 1.615 1.997 2.287 2.603 2.845 2.997 3.145 3.168 2.788 2.664 
8.000 10.120 1.197 1.616 1.997 2.288 2.604 2.846 2.998 3.145 3.168 2.788 2.664 
8.000 10.200 1.198 1.616 1.998 2.288 2.604 2.846 2.998 3.146 3.168 2.788 2.665 
8.000 10.310 1.198 1.616 1.999 2.289 2.604 2.846 2.999 3.146 3.169 2.789 2.665 
8.000 10.490 1.199 1.617 1.999 2.289 2.605 2.847 2.999 3.147 3.169 2.789 2.666 
8.000 10.760 1.200 1.618 2.000 2.290 2.606 2.848 3.000 3.148 3.170 2.790 2.667 
8.000 11.180 1.201 1.619 2.001 2.291 2.607 2.849 3.001 3.149 3.171 2.791 2.668 
8.000 11.820 1.202 1.620 2.002 2.292 2.608 2.850 3.002 3.150 3.172 2.793 2.669 
8.000 12.770 1.204 1.622 2.004 2.294 2.610 2.852 3.004 3.152 3.174 2.794 2.671 
8.000 14.140 1.206 1.624 2.006 2.296 2.612 2.854 3.006 3.154 3.176 2.796 2.673 
8.000 16.080 1.209 1.628 2.008 2.298 2.613 2.854 3.007 3.157 3.180 2.803 2.675 
8.000 18.740 1.214 1.632 2.011 2.301 2.614 2.855 3.008 3.162 3.185 2.812 2.678 
8.000 22.320 1.219 1.637 2.015 2.304 2.616 2.856 3.010 3.167 3.191 2.821 2.682 
8.000 27.040 1.175 1.593 1.972 2.259 2.564 2.801 2.955 3.117 3.138 2.786 2.626 
8.000 33.160 1.077 1.495 1.877 2.161 2.454 2.683 2.838 3.006 3.020 2.703 2.505 
8.000 41.050 0.981 1.399 1.784 2.064 2.346 2.567 2.723 2.896 2.905 2.621 2.387 
8.000 51.110 0.882 1.300 1.689 1.966 2.235 2.449 2.604 2.783 2.783 2.532 2.265 
8.000 63.890 0.759 1.165 1.565 1.837 2.091 2.290 2.441 2.614 2.592 2.363 2.104 
8.000 80.060 0.634 1.034 1.444 1.711 1.950 2.134 2.280 2.448 2.404 2.198 1.946 
8.000 100.500 0.511 0.906 1.328 1.589 1.813 1.983 2.124 2.287 2.220 2.037 1.792 
8.000 126.290 0.423 0.815 1.255 1.509 1.718 1.869 2.002 2.154 2.074 1.911 1.690 
8.000 158.810 0.355 0.745 1.207 1.453 1.648 1.777 1.900 2.040 1.951 1.806 1.614 
8.000 199.780 0.285 0.675 1.159 1.398 1.577 1.686 1.799 1.926 1.828 1.701 1.539 
8.000 251.390 0.211 0.598 1.102 1.332 1.494 1.578 1.680 1.792 1.687 1.581 1.455 
8.000 316.390 0.120 0.507 1.030 1.245 1.386 1.441 1.526 1.621 1.511 1.432 1.351 
8.000 398.240 0.031 0.416 0.957 1.158 1.278 1.304 1.373 1.449 1.336 1.284 1.248 
8.000 501.290 -0.059 0.325 0.884 1.072 1.169 1.167 1.219 1.277 1.160 1.135 1.145 
8.000 631.040 -0.143 0.239 0.819 1.014 1.115 1.112 1.164 1.220 1.095 1.071 1.053 
8.000 794.390 -0.228 0.153 0.755 0.957 1.064 1.060 1.113 1.168 1.033 1.011 0.962 
